EGM722_Project_Data/DTM_asc/TL4358.asc
ncols         200
nrows         200
xllcorner     543000.000
yllcorner     258000.000
cellsize      5
NODATA_value  -9999.0
[rows 128 to 159 of 200, columns 0 to 73 of 200]
15.058 15.02 14.983 14.947 14.91 14.867 14.807 14.738 14.673 14.61 14.537 14.455 14.38 14.315 14.247 14.17 14.082 13.985 13.9 13.83 13.765 13.707 13.628 13.535 13.47 13.42 13.33 13.2 13.075 12.955 12.845 12.745 12.645 12.55 12.458 12.373 12.295 12.212 12.107 11.983 11.865 11.773 11.728 11.72 11.72 11.715 11.71 11.687 11.605 11.483 11.385 11.312 11.23 11.128 11.04 10.983 10.943 10.94 10.945 10.915 10.863 10.818 10.77 10.71 10.63 10.528 10.46 10.435 10.402 10.347 10.3 10.288 10.293 10.298
14.952 14.917 14.88 14.842 14.807 14.765 14.702 14.63 14.56 14.49 14.41 14.325 14.243 14.165 14.093 14.018 13.937 13.85 13.77 13.7 13.628 13.558 13.488 13.425 13.375 13.325 13.24 13.112 12.98 12.853 12.743 12.648 12.55 12.453 12.365 12.285 12.203 12.115 12.01 11.893 11.783 11.71 11.685 11.682 11.697 11.707 11.687 11.61 11.49 11.368 11.27 11.2 11.13 11.053 10.98 10.92 10.863 10.823 10.788 10.738 10.68 10.625 10.57 10.513 10.453 10.385 10.335 10.308 10.28 10.245 10.225 10.233 10.248 10.26
14.812 14.777 14.74 14.702 14.667 14.625 14.562 14.49 14.422 14.352 14.27 14.185 14.103 14.033 13.96 13.873 13.79 13.71 13.635 13.565 13.5 13.443 13.388 13.335 13.285 13.225 13.13 12.997 12.858 12.743 12.655 12.567 12.473 12.38 12.293 12.208 12.12 12.033 11.943 11.845 11.748 11.675 11.633 11.605 11.602 11.612 11.58 11.48 11.355 11.248 11.173 11.11 11.043 10.978 10.915 10.855 10.797 10.74 10.673 10.605 10.545 10.485 10.425 10.37 10.318 10.275 10.245 10.215 10.19 10.193 10.205 10.21 10.225 10.245
14.635 14.6 14.562 14.527 14.49 14.447 14.387 14.318 14.258 14.197 14.12 14.035 13.973 13.937 13.87 13.765 13.668 13.575 13.503 13.45 13.405 13.362 13.312 13.255 13.182 13.09 12.977 12.843 12.718 12.635 12.57 12.49 12.4 12.31 12.22 12.135 12.05 11.965 11.902 11.832 11.74 11.668 11.612 11.547 11.48 11.455 11.427 11.33 11.218 11.135 11.08 11.035 10.977 10.91 10.848 10.79 10.73 10.665 10.593 10.52 10.453 10.39 10.333 10.283 10.24 10.21 10.185 10.16 10.168 10.217 10.242 10.23 10.225 10.235
14.425 14.402 14.38 14.35 14.31 14.27 14.213 14.15 14.1 14.045 13.97 13.903 13.875 13.86 13.795 13.685 13.578 13.478 13.41 13.37 13.33 13.285 13.22 13.135 13.03 12.915 12.803 12.69 12.605 12.545 12.48 12.405 12.325 12.24 12.15 12.062 11.975 11.89 11.84 11.802 11.732 11.655 11.58 11.49 11.393 11.325 11.272 11.188 11.103 11.035 10.983 10.947 10.902 10.842 10.782 10.722 10.657 10.59 10.517 10.443 10.368 10.298 10.243 10.205 10.175 10.15 10.13 10.138 10.193 10.262 10.287 10.273 10.255 10.245
14.208 14.193 14.175 14.15 14.12 14.09 14.045 13.993 13.945 13.893 13.838 13.805 13.795 13.782 13.72 13.61 13.508 13.413 13.345 13.302 13.258 13.207 13.127 13.018 12.903 12.788 12.673 12.573 12.505 12.452 12.387 12.312 12.24 12.162 12.075 11.987 11.9 11.815 11.763 11.74 11.695 11.612 11.515 11.415 11.318 11.225 11.143 11.07 11.003 10.938 10.888 10.85 10.813 10.77 10.712 10.648 10.583 10.515 10.443 10.368 10.293 10.223 10.175 10.148 10.12 10.098 10.108 10.165 10.24 10.307 10.332 10.317 10.302 10.285
14.035 14.015 13.993 13.975 13.97 13.968 13.938 13.885 13.833 13.778 13.74 13.725 13.715 13.705 13.647 13.543 13.443 13.348 13.278 13.235 13.19 13.132 13.05 12.945 12.833 12.718 12.6 12.485 12.405 12.35 12.28 12.205 12.135 12.06 11.982 11.905 11.82 11.735 11.683 11.652 11.6 11.525 11.435 11.337 11.24 11.143 11.063 10.998 10.933 10.868 10.813 10.77 10.733 10.697 10.645 10.578 10.51 10.443 10.38 10.315 10.248 10.185 10.143 10.115 10.088 10.073 10.11 10.19 10.27 10.34 10.37 10.36 10.345 10.33
13.893 13.888 13.883 13.885 13.898 13.91 13.887 13.835 13.775 13.708 13.668 13.653 13.64 13.627 13.572 13.477 13.38 13.285 13.213 13.165 13.115 13.05 12.967 12.87 12.765 12.655 12.537 12.403 12.305 12.242 12.165 12.088 12.015 11.943 11.875 11.81 11.73 11.645 11.592 11.547 11.475 11.41 11.342 11.252 11.155 11.073 11.015 10.955 10.888 10.82 10.763 10.718 10.673 10.633 10.582 10.518 10.453 10.39 10.338 10.287 10.23 10.17 10.125 10.098 10.08 10.075 10.115 10.195 10.275 10.347 10.39 10.395 10.385 10.37
13.8 13.81 13.823 13.837 13.852 13.865 13.845 13.787 13.715 13.64 13.6 13.585 13.565 13.542 13.49 13.407 13.317 13.223 13.145 13.09 13.032 12.965 12.885 12.79 12.69 12.59 12.475 12.328 12.21 12.135 12.055 11.975 11.898 11.825 11.76 11.7 11.632 11.558 11.495 11.43 11.35 11.288 11.237 11.165 11.075 11.013 10.972 10.915 10.845 10.775 10.718 10.673 10.625 10.58 10.53 10.47 10.41 10.35 10.3 10.257 10.207 10.15 10.108 10.09 10.085 10.083 10.12 10.2 10.275 10.345 10.395 10.417 10.422 10.41
13.752 13.765 13.777 13.79 13.802 13.817 13.797 13.73 13.65 13.573 13.528 13.507 13.48 13.447 13.397 13.325 13.242 13.155 13.075 13.01 12.95 12.885 12.802 12.708 12.61 12.515 12.407 12.26 12.12 12.025 11.945 11.865 11.783 11.705 11.64 11.58 11.523 11.46 11.387 11.31 11.23 11.16 11.11 11.063 11.005 10.96 10.927 10.875 10.805 10.735 10.675 10.63 10.588 10.545 10.495 10.435 10.375 10.32 10.273 10.228 10.183 10.133 10.1 10.093 10.09 10.088 10.123 10.197 10.27 10.342 10.395 10.425 10.447 10.482
13.647 13.662 13.675 13.685 13.695 13.707 13.682 13.615 13.545 13.48 13.432 13.397 13.362 13.325 13.272 13.202 13.125 13.047 12.972 12.905 12.845 12.792 12.727 12.64 12.548 12.455 12.345 12.198 12.048 11.94 11.858 11.775 11.693 11.613 11.54 11.475 11.418 11.355 11.28 11.2 11.13 11.073 11.025 10.988 10.95 10.915 10.887 10.837 10.765 10.695 10.638 10.595 10.555 10.515 10.465 10.405 10.348 10.3 10.26 10.215 10.168 10.123 10.1 10.095 10.09 10.09 10.12 10.188 10.26 10.325 10.332 10.287 10.24 10.25
13.477 13.495 13.51 13.52 13.53 13.54 13.51 13.45 13.4 13.355 13.307 13.258 13.215 13.175 13.12 13.048 12.973 12.903 12.835 12.77 12.72 12.693 12.655 12.587 12.505 12.415 12.295 12.145 12 11.885 11.795 11.71 11.63 11.55 11.465 11.388 11.323 11.253 11.185 11.125 11.075 11.035 10.995 10.955 10.915 10.878 10.85 10.802 10.73 10.66 10.605 10.565 10.525 10.485 10.435 10.378 10.328 10.285 10.248 10.21 10.165 10.12 10.1 10.095 10.09 10.09 10.113 10.175 10.242 10.285 10.242 10.123 10.003 9.933
13.295 13.315 13.333 13.348 13.363 13.375 13.352 13.305 13.265 13.225 13.175 13.12 13.073 13.028 12.97 12.898 12.825 12.758 12.693 12.64 12.615 12.602 12.57 12.517 12.455 12.372 12.247 12.1 11.96 11.835 11.735 11.65 11.57 11.49 11.4 11.308 11.235 11.175 11.125 11.085 11.045 11.005 10.965 10.925 10.885 10.845 10.812 10.767 10.7 10.628 10.573 10.535 10.495 10.455 10.407 10.358 10.315 10.275 10.235 10.2 10.162 10.12 10.1 10.097 10.092 10.09 10.108 10.157 10.205 10.232 10.187 10.08 9.99 9.92
13.135 13.153 13.17 13.19 13.21 13.225 13.212 13.175 13.135 13.095 13.047 12.993 12.943 12.893 12.83 12.76 12.69 12.62 12.56 12.53 12.525 12.515 12.48 12.43 12.38 12.312 12.197 12.055 11.915 11.78 11.673 11.59 11.512 11.435 11.345 11.248 11.178 11.135 11.095 11.055 11.015 10.975 10.935 10.895 10.855 10.815 10.777 10.735 10.672 10.595 10.538 10.5 10.46 10.42 10.38 10.342 10.305 10.265 10.225 10.188 10.153 10.118 10.1 10.097 10.092 10.09 10.103 10.135 10.165 10.188 10.155 10.078 10.015 9.955
13 13.017 13.035 13.053 13.07 13.085 13.075 13.04 13 12.955 12.915 12.872 12.823 12.772 12.708 12.635 12.565 12.495 12.443 12.428 12.43 12.407 12.357 12.302 12.247 12.192 12.11 11.985 11.845 11.708 11.6 11.52 11.445 11.38 11.3 11.208 11.145 11.105 11.065 11.025 10.985 10.945 10.905 10.865 10.822 10.78 10.74 10.702 10.645 10.553 10.485 10.45 10.41 10.37 10.335 10.305 10.272 10.237 10.21 10.18 10.143 10.11 10.095 10.092 10.088 10.1 10.14 10.183 10.21 10.23 10.198 10.123 10.058 9.995
12.863 12.88 12.9 12.917 12.935 12.947 12.935 12.9 12.855 12.798 12.763 12.747 12.71 12.66 12.595 12.52 12.448 12.375 12.33 12.32 12.305 12.257 12.195 12.135 12.08 12.035 11.975 11.88 11.755 11.62 11.518 11.443 11.38 11.335 11.265 11.173 11.11 11.07 11.032 10.995 10.955 10.912 10.87 10.83 10.787 10.745 10.705 10.667 10.607 10.495 10.415 10.387 10.35 10.31 10.275 10.245 10.215 10.185 10.172 10.165 10.137 10.103 10.085 10.085 10.103 10.155 10.23 10.292 10.327 10.35 10.302 10.198 10.115 10.05
12.748 12.755 12.765 12.78 12.8 12.812 12.797 12.752 12.695 12.63 12.595 12.597 12.585 12.545 12.482 12.407 12.333 12.26 12.218 12.192 12.142 12.08 12.02 11.965 11.923 11.885 11.825 11.745 11.65 11.533 11.44 11.383 11.34 11.305 11.237 11.148 11.08 11.028 10.975 10.928 10.887 10.847 10.805 10.767 10.73 10.692 10.655 10.617 10.552 10.43 10.345 10.32 10.287 10.25 10.215 10.185 10.155 10.125 10.113 10.117 10.115 10.095 10.083 10.105 10.168 10.252 10.33 10.392 10.44 10.47 10.42 10.3 10.193 10.113
12.65 12.652 12.655 12.66 12.67 12.675 12.653 12.598 12.538 12.478 12.443 12.44 12.435 12.417 12.367 12.293 12.22 12.153 12.098 12.043 11.975 11.908 11.848 11.8 11.765 11.73 11.673 11.595 11.523 11.443 11.373 11.335 11.305 11.272 11.215 11.138 11.068 11 10.93 10.868 10.815 10.763 10.71 10.67 10.635 10.6 10.565 10.53 10.467 10.355 10.278 10.25 10.223 10.195 10.165 10.133 10.1 10.068 10.055 10.068 10.08 10.085 10.11 10.178 10.265 10.355 10.43 10.49 10.545 10.582 10.535 10.415 10.295 10.187
12.53 12.532 12.538 12.545 12.555 12.56 12.543 12.498 12.443 12.388 12.355 12.345 12.333 12.315 12.272 12.205 12.138 12.073 12.005 11.935 11.865 11.798 11.743 11.698 11.658 11.618 11.563 11.498 11.438 11.375 11.31 11.255 11.21 11.175 11.157 11.125 11.06 10.99 10.923 10.858 10.79 10.72 10.653 10.598 10.548 10.498 10.455 10.42 10.36 10.288 10.248 10.223 10.2 10.188 10.17 10.138 10.103 10.068 10.058 10.075 10.093 10.108 10.16 10.252 10.345 10.422 10.472 10.52 10.58 10.627 10.58 10.45 10.322 10.22
12.395 12.405 12.418 12.435 12.455 12.47 12.467 12.442 12.397 12.345 12.315 12.302 12.28 12.242 12.195 12.14 12.08 12.015 11.945 11.875 11.808 11.75 11.703 11.658 11.612 11.563 11.508 11.455 11.4 11.337 11.265 11.185 11.11 11.048 11.063 11.09 11.052 10.995 10.925 10.855 10.785 10.715 10.648 10.583 10.515 10.448 10.388 10.335 10.29 10.27 10.26 10.24 10.228 10.23 10.22 10.19 10.157 10.123 10.113 10.128 10.145 10.163 10.215 10.307 10.382 10.427 10.45 10.473 10.522 10.575 10.525 10.393 10.288 10.225
12.285 12.305 12.325 12.345 12.365 12.38 12.38 12.367 12.345 12.302 12.27 12.247 12.21 12.165 12.115 12.065 12.01 11.95 11.885 11.818 11.76 11.713 11.667 11.62 11.57 11.517 11.465 11.415 11.362 11.302 11.23 11.15 11.073 11 11.003 11.032 11.017 10.99 10.935 10.865 10.795 10.725 10.655 10.585 10.515 10.448 10.38 10.31 10.283 10.29 10.283 10.273 10.273 10.28 10.27 10.24 10.21 10.178 10.168 10.183 10.198 10.218 10.27 10.337 10.375 10.4 10.42 10.43 10.453 10.487 10.445 10.348 10.29 10.25
12.2 12.22 12.238 12.255 12.275 12.292 12.293 12.28 12.27 12.247 12.215 12.175 12.13 12.085 12.035 11.985 11.933 11.88 11.825 11.77 11.722 11.677 11.63 11.577 11.525 11.472 11.42 11.372 11.325 11.267 11.197 11.125 11.055 10.99 10.968 10.967 10.953 10.94 10.917 10.875 10.815 10.745 10.67 10.595 10.525 10.458 10.388 10.318 10.295 10.31 10.315 10.32 10.325 10.33 10.32 10.29 10.26 10.233 10.225 10.24 10.255 10.273 10.308 10.338 10.355 10.375 10.393 10.408 10.423 10.435 10.405 10.35 10.31 10.27
12.13 12.15 12.165 12.18 12.2 12.22 12.225 12.215 12.205 12.192 12.16 12.11 12.065 12.02 11.97 11.92 11.87 11.818 11.768 11.725 11.68 11.635 11.582 11.525 11.472 11.417 11.365 11.32 11.272 11.212 11.142 11.072 11.005 10.95 10.923 10.908 10.89 10.873 10.86 10.845 10.815 10.762 10.692 10.618 10.545 10.475 10.403 10.34 10.325 10.345 10.36 10.37 10.378 10.382 10.377 10.358 10.33 10.303 10.293 10.305 10.323 10.338 10.355 10.37 10.385 10.403 10.418 10.435 10.45 10.44 10.405 10.367 10.33 10.29
12.07 12.09 12.105 12.12 12.14 12.16 12.172 12.172 12.165 12.147 12.11 12.063 12.017 11.97 11.92 11.87 11.817 11.758 11.705 11.67 11.63 11.585 11.53 11.468 11.41 11.355 11.305 11.255 11.197 11.127 11.053 10.983 10.928 10.895 10.875 10.855 10.835 10.815 10.798 10.783 10.77 10.747 10.705 10.64 10.565 10.495 10.425 10.38 10.38 10.4 10.415 10.425 10.432 10.435 10.437 10.435 10.417 10.39 10.375 10.38 10.395 10.412 10.427 10.443 10.458 10.475 10.492 10.507 10.5 10.46 10.418 10.382 10.345 10.305
12.015 12.033 12.048 12.063 12.08 12.1 12.115 12.122 12.122 12.102 12.062 12.017 11.97 11.92 11.872 11.82 11.757 11.693 11.64 11.608 11.575 11.535 11.48 11.415 11.353 11.293 11.238 11.177 11.108 11.033 10.96 10.905 10.87 10.845 10.825 10.805 10.785 10.765 10.745 10.725 10.71 10.697 10.677 10.642 10.585 10.515 10.448 10.42 10.435 10.457 10.472 10.477 10.48 10.48 10.485 10.492 10.492 10.477 10.465 10.465 10.47 10.485 10.5 10.515 10.532 10.548 10.565 10.565 10.525 10.47 10.43 10.392 10.35 10.31
11.965 11.98 11.993 12.008 12.023 12.04 12.055 12.065 12.075 12.057 12.012 11.965 11.915 11.865 11.82 11.765 11.695 11.628 11.578 11.545 11.515 11.482 11.43 11.365 11.303 11.24 11.178 11.108 11.033 10.958 10.89 10.85 10.825 10.803 10.788 10.768 10.745 10.723 10.7 10.68 10.663 10.645 10.625 10.608 10.577 10.528 10.48 10.47 10.49 10.513 10.525 10.525 10.525 10.525 10.53 10.54 10.55 10.552 10.55 10.553 10.555 10.56 10.573 10.59 10.608 10.622 10.625 10.592 10.538 10.485 10.44 10.398 10.355 10.315
11.922 11.935 11.945 11.955 11.962 11.972 11.985 11.995 12.005 11.987 11.94 11.89 11.84 11.79 11.747 11.7 11.637 11.57 11.52 11.49 11.46 11.43 11.385 11.325 11.265 11.205 11.14 11.068 10.995 10.92 10.853 10.813 10.785 10.77 10.767 10.76 10.752 10.74 10.718 10.693 10.67 10.648 10.623 10.598 10.573 10.545 10.528 10.535 10.558 10.58 10.59 10.588 10.585 10.585 10.59 10.6 10.61 10.625 10.637 10.643 10.645 10.655 10.673 10.69 10.707 10.705 10.667 10.608 10.55 10.5 10.46 10.425 10.383 10.34
11.875 11.882 11.887 11.89 11.89 11.895 11.905 11.912 11.912 11.892 11.85 11.8 11.75 11.7 11.66 11.625 11.577 11.518 11.47 11.44 11.41 11.382 11.345 11.292 11.235 11.175 11.11 11.042 10.972 10.898 10.83 10.78 10.748 10.74 10.747 10.752 10.76 10.765 10.757 10.745 10.735 10.715 10.685 10.655 10.628 10.603 10.593 10.608 10.632 10.657 10.67 10.665 10.66 10.658 10.66 10.673 10.69 10.713 10.732 10.74 10.748 10.773 10.797 10.815 10.812 10.77 10.702 10.628 10.563 10.51 10.48 10.46 10.425 10.385
11.805 11.81 11.81 11.81 11.81 11.815 11.822 11.822 11.815 11.795 11.755 11.707 11.66 11.61 11.57 11.542 11.51 11.463 11.42 11.39 11.363 11.337 11.3 11.252 11.202 11.145 11.08 11.015 10.947 10.875 10.81 10.753 10.718 10.713 10.72 10.725 10.73 10.74 10.745 10.75 10.757 10.752 10.74 10.727 10.71 10.685 10.67 10.683 10.707 10.732 10.745 10.742 10.737 10.733 10.735 10.753 10.78 10.807 10.83 10.843 10.863 10.897 10.922 10.917 10.872 10.807 10.735 10.658 10.585 10.525 10.493 10.477 10.457 10.43
11.733 11.735 11.735 11.735 11.735 11.738 11.735 11.725 11.715 11.698 11.66 11.613 11.568 11.523 11.488 11.463 11.438 11.405 11.37 11.34 11.315 11.29 11.253 11.208 11.163 11.115 11.055 10.988 10.92 10.853 10.79 10.733 10.695 10.688 10.695 10.7 10.705 10.715 10.72 10.725 10.735 10.74 10.745 10.752 10.75 10.74 10.737 10.752 10.78 10.807 10.82 10.817 10.812 10.807 10.815 10.84 10.87 10.9 10.925 10.945 10.97 11.002 11.01 10.967 10.905 10.842 10.77 10.692 10.615 10.545 10.505 10.49 10.477 10.46
11.688 11.685 11.685 11.688 11.693 11.698 11.693 11.678 11.663 11.645 11.62 11.58 11.535 11.495 11.463 11.438 11.413 11.385 11.355 11.325 11.298 11.268 11.235 11.198 11.155 11.113 11.058 10.99 10.92 10.86 10.8 10.74 10.703 10.688 10.688 10.693 10.7 10.71 10.715 10.72 10.728 10.733 10.74 10.748 10.753 10.76 10.77 10.79 10.817 10.845 10.862 10.862 10.86 10.865 10.885 10.915 10.942 10.97 10.99 10.997 11.012 11.04 11.03 10.975 10.915 10.86 10.795 10.715 10.638 10.568 10.523 10.505 10.493 10.478
11.663 11.663 11.668 11.675 11.688 11.697 11.695 11.68 11.66 11.64 11.625 11.602 11.565 11.525 11.49 11.465 11.437 11.402 11.37 11.34 11.307 11.27 11.24 11.215 11.18 11.137 11.082 11.018 10.958 10.91 10.848 10.778 10.74 10.718 10.7 10.698 10.705 10.715 10.722 10.73 10.735 10.74 10.75 10.755 10.76 10.768 10.778 10.798 10.823 10.85 10.867 10.87 10.88 10.908 10.94 10.967 10.992 11.017 11.03 11.018 11.01 11.027 11.015 10.96 10.908 10.865 10.805 10.728 10.66 10.6 10.555 10.53 10.51 10.495
