EGM722_Project_Data/DTM_asc/TL4358.asc
ncols         200
nrows         200
xllcorner     543000.000
yllcorner     258000.000
cellsize      5
NODATA_value  -9999.0
[rows 32 to 63 of 200, columns 0 to 73 of 200]
14.38 14.28 14.218 14.195 14.215 14.265 14.285 14.255 14.21 14.185 14.203 14.25 14.3 14.335 14.337 14.33 14.322 14.27 14.162 13.952 13.6 13.318 13.255 13.323 13.427 13.505 13.547 13.562 13.555 13.548 13.545 13.535 13.485 13.435 13.713 14.237 14.455 14.402 14.338 14.29 14.275 14.277 14.227 14.082 13.908 13.78 13.705 13.66 13.627 13.592 13.527 13.443 13.403 13.39 13.37 13.337 13.282 13.215 13.16 13.135 13.11 13.05 13 12.983 12.978 12.98 12.972 12.955 12.925 12.885 12.84 12.788 12.74 12.7
14.31 14.218 14.168 14.173 14.215 14.262 14.292 14.275 14.233 14.215 14.238 14.285 14.327 14.337 14.323 14.315 14.29 14.217 14.102 13.847 13.51 13.34 13.323 13.375 13.477 13.55 13.58 13.585 13.578 13.57 13.563 13.56 13.525 13.448 13.478 13.953 14.337 14.3 14.258 14.235 14.238 14.242 14.187 14.04 13.858 13.728 13.697 13.69 13.66 13.625 13.562 13.463 13.395 13.373 13.35 13.327 13.292 13.235 13.18 13.155 13.14 13.1 13.065 13.06 13.062 13.06 13.04 13.007 12.972 12.935 12.89 12.835 12.783 12.737
14.243 14.155 14.133 14.165 14.215 14.26 14.3 14.297 14.263 14.25 14.273 14.32 14.342 14.327 14.308 14.292 14.247 14.162 14.022 13.743 13.498 13.42 13.388 13.428 13.525 13.59 13.61 13.608 13.602 13.595 13.585 13.58 13.557 13.495 13.548 13.932 14.212 14.195 14.193 14.2 14.208 14.212 14.152 14 13.823 13.68 13.63 13.645 13.665 13.657 13.6 13.498 13.41 13.368 13.335 13.31 13.285 13.245 13.2 13.167 13.125 13.06 13.015 13.01 13.022 13.03 13.027 13.022 13.012 12.985 12.937 12.882 12.827 12.77
14.175 14.105 14.118 14.165 14.212 14.258 14.305 14.315 14.293 14.285 14.307 14.34 14.335 14.31 14.292 14.257 14.192 14.107 13.922 13.673 13.54 13.5 13.46 13.488 13.575 13.627 13.637 13.632 13.625 13.615 13.608 13.602 13.592 13.545 13.65 13.972 14.135 14.13 14.15 14.168 14.18 14.175 14.107 13.96 13.788 13.645 13.545 13.518 13.565 13.61 13.617 13.562 13.47 13.408 13.365 13.33 13.295 13.257 13.202 13.13 13.045 12.955 12.895 12.868 12.863 12.875 12.9 12.93 12.955 12.965 12.937 12.885 12.832 12.772
14.108 14.075 14.115 14.165 14.21 14.255 14.305 14.327 14.32 14.315 14.332 14.34 14.315 14.29 14.265 14.212 14.14 14.055 13.863 13.683 13.623 13.58 13.54 13.553 13.622 13.662 13.662 13.655 13.645 13.638 13.632 13.625 13.617 13.61 13.74 14.04 14.225 14.238 14.22 14.203 14.175 14.12 14.04 13.912 13.753 13.615 13.5 13.413 13.403 13.457 13.522 13.547 13.53 13.49 13.44 13.387 13.322 13.255 13.16 13.04 12.93 12.843 12.785 12.75 12.725 12.715 12.735 12.773 12.813 12.852 12.847 12.802 12.757 12.707
14.068 14.053 14.083 14.127 14.177 14.227 14.28 14.32 14.335 14.337 14.337 14.322 14.295 14.267 14.225 14.16 14.09 13.985 13.843 13.75 13.707 13.663 13.62 13.618 13.665 13.692 13.685 13.675 13.668 13.662 13.655 13.645 13.632 13.648 13.763 14.075 14.42 14.517 14.463 14.407 14.252 14.065 13.96 13.852 13.717 13.588 13.473 13.36 13.28 13.283 13.345 13.418 13.487 13.505 13.46 13.387 13.305 13.21 13.087 12.953 12.825 12.73 12.678 12.648 12.625 12.608 12.623 12.668 12.715 12.74 12.725 12.688 12.645 12.603
14.06 14.048 14.05 14.068 14.1 14.148 14.202 14.255 14.292 14.31 14.3 14.275 14.25 14.212 14.157 14.095 14.032 13.945 13.87 13.83 13.79 13.747 13.705 13.685 13.702 13.715 13.707 13.7 13.69 13.68 13.67 13.647 13.62 13.62 13.743 14.1 14.562 14.787 14.767 14.655 14.332 14.02 13.888 13.785 13.677 13.56 13.445 13.33 13.228 13.198 13.258 13.343 13.407 13.432 13.397 13.32 13.237 13.132 13.002 12.87 12.738 12.643 12.598 12.57 12.555 12.545 12.56 12.605 12.637 12.63 12.607 12.58 12.54 12.5
14.065 14.062 14.058 14.05 14.053 14.07 14.105 14.155 14.205 14.235 14.227 14.205 14.172 14.12 14.06 14.005 13.965 13.937 13.895 13.85 13.822 13.795 13.765 13.742 13.737 13.735 13.725 13.715 13.702 13.68 13.647 13.61 13.585 13.583 13.745 14.15 14.637 14.99 15.07 14.802 14.313 13.968 13.813 13.71 13.622 13.522 13.415 13.318 13.243 13.21 13.252 13.315 13.337 13.34 13.307 13.237 13.147 13.035 12.91 12.778 12.648 12.588 12.565 12.523 12.498 12.485 12.5 12.532 12.532 12.503 12.48 12.462 12.435 12.398
14.08 14.077 14.072 14.065 14.058 14.053 14.058 14.078 14.113 14.15 14.155 14.127 14.08 14.02 13.96 13.92 13.918 13.927 13.89 13.825 13.785 13.76 13.742 13.74 13.747 13.745 13.732 13.715 13.685 13.637 13.59 13.565 13.568 13.598 13.803 14.223 14.698 15.14 15.235 14.762 14.185 13.878 13.728 13.633 13.558 13.477 13.395 13.327 13.27 13.223 13.225 13.245 13.245 13.242 13.215 13.15 13.05 12.932 12.812 12.683 12.58 12.57 12.565 12.505 12.455 12.428 12.432 12.435 12.41 12.378 12.353 12.338 12.32 12.29
14.095 14.092 14.087 14.082 14.075 14.068 14.063 14.058 14.063 14.08 14.078 14.038 13.98 13.92 13.878 13.875 13.9 13.927 13.905 13.83 13.758 13.703 13.683 13.7 13.728 13.74 13.722 13.68 13.623 13.57 13.558 13.588 13.64 13.713 13.935 14.348 14.818 15.295 15.205 14.488 13.955 13.758 13.66 13.578 13.505 13.435 13.37 13.315 13.26 13.21 13.183 13.168 13.155 13.148 13.127 13.06 12.95 12.83 12.71 12.585 12.535 12.575 12.567 12.5 12.435 12.385 12.363 12.34 12.305 12.273 12.245 12.225 12.205 12.18
14.11 14.107 14.102 14.097 14.092 14.085 14.078 14.073 14.068 14.063 14.035 13.975 13.91 13.85 13.808 13.805 13.83 13.86 13.877 13.857 13.795 13.72 13.698 13.723 13.74 13.737 13.692 13.615 13.568 13.58 13.635 13.712 13.8 13.888 14.1 14.518 15.02 15.395 15.045 14.2 13.765 13.68 13.617 13.543 13.468 13.395 13.333 13.278 13.225 13.188 13.158 13.125 13.098 13.075 13.043 12.965 12.85 12.73 12.61 12.495 12.48 12.547 12.54 12.47 12.405 12.353 12.32 12.295 12.263 12.228 12.198 12.173 12.148 12.115
14.125 14.122 14.118 14.113 14.107 14.1 14.093 14.087 14.083 14.077 14.04 13.955 13.873 13.81 13.75 13.708 13.703 13.725 13.775 13.825 13.832 13.79 13.767 13.775 13.757 13.725 13.662 13.575 13.533 13.59 13.695 13.795 13.895 14.008 14.313 14.808 15.315 15.445 14.867 14.078 13.71 13.65 13.582 13.507 13.432 13.358 13.295 13.245 13.203 13.172 13.142 13.11 13.078 13.05 13.007 12.898 12.76 12.643 12.525 12.435 12.433 12.49 12.487 12.42 12.363 12.325 12.3 12.28 12.255 12.222 12.193 12.167 12.132 12.085
14.14 14.137 14.132 14.128 14.122 14.115 14.108 14.102 14.097 14.092 14.052 13.955 13.85 13.773 13.71 13.65 13.605 13.598 13.638 13.705 13.77 13.802 13.802 13.78 13.737 13.695 13.635 13.55 13.488 13.528 13.643 13.773 13.915 14.07 14.573 15.27 15.672 15.452 14.725 14.055 13.715 13.623 13.547 13.472 13.397 13.323 13.26 13.218 13.185 13.157 13.128 13.1 13.08 13.07 13.027 12.887 12.71 12.57 12.463 12.408 12.405 12.437 12.435 12.378 12.335 12.305 12.28 12.26 12.24 12.215 12.185 12.15 12.102 12.042
14.155 14.153 14.148 14.142 14.137 14.132 14.125 14.117 14.112 14.09 14.035 13.942 13.832 13.74 13.67 13.607 13.545 13.498 13.52 13.598 13.675 13.752 13.77 13.735 13.702 13.665 13.605 13.52 13.44 13.478 13.625 13.787 13.96 14.135 14.832 15.644 15.795 15.297 14.498 13.96 13.708 13.59 13.508 13.435 13.36 13.285 13.23 13.197 13.17 13.142 13.12 13.105 13.1 13.097 13.045 12.9 12.705 12.525 12.42 12.395 12.392 12.4 12.387 12.348 12.315 12.285 12.26 12.24 12.223 12.207 12.172 12.118 12.065 11.992
14.17 14.17 14.165 14.158 14.153 14.147 14.14 14.117 14.06 14.012 13.97 13.882 13.78 13.69 13.62 13.557 13.492 13.418 13.433 13.533 13.62 13.697 13.707 13.665 13.635 13.61 13.572 13.507 13.425 13.433 13.57 13.75 13.92 14.108 14.762 15.49 15.597 15.08 14.29 13.84 13.673 13.56 13.465 13.385 13.312 13.24 13.19 13.162 13.137 13.12 13.102 13.087 13.082 13.077 13.027 12.895 12.712 12.518 12.4 12.375 12.37 12.367 12.357 12.335 12.305 12.275 12.248 12.228 12.213 12.2 12.162 12.1 12.042 11.947
14.185 14.185 14.18 14.173 14.167 14.157 14.11 14.015 13.92 13.905 13.89 13.8 13.708 13.63 13.565 13.502 13.425 13.333 13.365 13.485 13.567 13.637 13.65 13.605 13.555 13.525 13.517 13.497 13.445 13.357 13.405 13.58 13.708 13.898 14.44 15.2 15.455 14.907 14.17 13.788 13.638 13.535 13.433 13.338 13.258 13.185 13.135 13.11 13.098 13.1 13.077 13.04 13.028 13.022 12.972 12.86 12.707 12.523 12.4 12.358 12.335 12.33 12.33 12.322 12.302 12.275 12.248 12.228 12.21 12.195 12.16 12.1 12.025 11.9
14.2 14.2 14.195 14.187 14.152 14.075 13.952 13.828 13.793 13.827 13.81 13.728 13.65 13.578 13.51 13.435 13.335 13.24 13.295 13.43 13.512 13.577 13.592 13.555 13.492 13.24 13.242 13.43 13.197 12.94 12.945 13.275 13.588 13.778 14.36 15.235 15.447 14.757 14.058 13.745 13.613 13.51 13.41 13.31 13.213 13.128 13.083 13.075 13.08 13.087 13.062 13.013 12.983 12.97 12.912 12.805 12.682 12.523 12.408 12.36 12.32 12.298 12.29 12.292 12.29 12.272 12.25 12.23 12.21 12.192 12.157 12.087 11.982 11.842
14.215 14.215 14.192 14.127 14.015 13.865 13.73 13.678 13.705 13.75 13.735 13.665 13.595 13.522 13.443 13.345 13.235 13.15 13.213 13.372 13.472 13.522 13.537 13.505 13.237 12.785 12.788 12.972 12.755 12.57 12.575 13.073 13.64 13.843 14.428 15.332 15.425 14.603 13.94 13.683 13.57 13.47 13.37 13.27 13.167 13.08 13.048 13.055 13.067 13.075 13.05 12.997 12.95 12.917 12.85 12.74 12.63 12.505 12.413 12.367 12.322 12.283 12.26 12.26 12.265 12.26 12.245 12.227 12.21 12.19 12.145 12.05 11.923 11.785
14.275 14.242 14.16 14.033 13.885 13.74 13.633 13.59 13.608 13.652 13.652 13.595 13.525 13.473 13.423 13.33 13.213 13.145 13.205 13.34 13.432 13.467 13.287 13.055 12.79 12.57 12.57 12.57 12.57 12.57 12.61 13.115 13.672 13.903 14.503 15.407 15.365 14.453 13.838 13.603 13.505 13.405 13.305 13.202 13.103 13.035 13.023 13.038 13.052 13.055 13.025 12.972 12.92 12.872 12.795 12.688 12.58 12.475 12.405 12.362 12.317 12.273 12.243 12.235 12.238 12.24 12.23 12.212 12.195 12.175 12.142 12.063 11.938 11.808
14.355 14.27 14.145 14.01 13.88 13.76 13.658 13.575 13.533 13.543 13.547 13.507 13.462 13.445 13.44 13.39 13.3 13.275 13.112 12.95 12.988 13.005 12.823 12.605 12.57 12.57 12.57 12.57 12.57 12.57 12.715 13.22 13.667 13.945 14.608 15.439 15.24 14.303 13.748 13.525 13.43 13.33 13.23 13.128 13.04 12.998 13 13.02 13.035 13.027 12.99 12.94 12.89 12.84 12.762 12.658 12.55 12.448 12.385 12.347 12.305 12.26 12.23 12.218 12.213 12.217 12.207 12.185 12.165 12.145 12.137 12.117 12.035 11.915
14.385 14.28 14.157 14.025 13.905 13.8 13.7 13.61 13.533 13.482 13.248 13.015 13.01 13.158 13.285 13.14 12.98 12.968 12.778 12.571 12.57 12.57 12.575 12.575 12.57 12.57 12.57 12.57 12.57 12.57 12.85 13.267 13.448 13.828 14.655 15.365 15.04 14.133 13.633 13.448 13.35 13.25 13.15 13.06 12.998 12.97 12.975 12.995 13.012 13 12.957 12.91 12.86 12.81 12.737 12.635 12.525 12.423 12.36 12.327 12.29 12.248 12.22 12.205 12.193 12.192 12.182 12.16 12.138 12.115 12.11 12.12 12.1 12.022
14.395 14.29 14.17 14.048 13.94 13.843 13.745 13.653 13.57 13.49 13.185 12.913 12.905 13.023 13.105 12.948 12.823 12.843 12.935 13.005 12.818 12.6 12.57 12.57 12.57 12.57 12.57 12.57 12.57 12.57 12.962 13.29 13.188 13.653 14.645 15.215 14.817 13.948 13.485 13.367 13.272 13.175 13.078 13.008 12.965 12.94 12.945 12.965 12.985 12.972 12.925 12.875 12.827 12.78 12.712 12.615 12.503 12.4 12.338 12.303 12.268 12.233 12.21 12.195 12.18 12.173 12.16 12.14 12.118 12.095 12.088 12.095 12.105 12.087
14.38 14.295 14.192 14.085 13.985 13.887 13.79 13.695 13.608 13.535 13.455 13.392 13.375 13.345 13.3 13.267 13.262 13.292 13.387 13.457 13.252 13.023 12.997 12.97 12.82 12.635 12.57 12.57 12.57 12.57 13 13.345 13.188 13.595 14.632 15.13 14.532 13.67 13.315 13.247 13.172 13.092 13.018 12.97 12.935 12.91 12.915 12.935 12.952 12.947 12.905 12.848 12.795 12.745 12.685 12.595 12.488 12.405 12.355 12.315 12.278 12.238 12.205 12.188 12.175 12.165 12.15 12.13 12.11 12.09 12.078 12.08 12.09 12.095
14.33 14.28 14.205 14.107 14.012 13.917 13.822 13.733 13.66 13.618 13.597 13.58 13.567 13.565 13.56 13.537 13.505 13.49 13.492 13.48 13.43 13.397 13.405 13.392 13.257 13.075 13.01 13.018 13.023 13.023 13.217 13.36 13.255 13.468 14.49 15.079 14.2 13.328 13.14 13.08 13.02 12.98 12.957 12.93 12.897 12.878 12.885 12.902 12.917 12.925 12.895 12.835 12.773 12.713 12.657 12.58 12.498 12.445 12.405 12.362 12.315 12.263 12.218 12.19 12.173 12.16 12.147 12.132 12.115 12.095 12.08 12.075 12.078 12.08
14.29 14.26 14.195 14.098 14.005 13.915 13.828 13.768 13.743 13.722 13.7 13.68 13.663 13.652 13.635 13.6 13.56 13.533 13.52 13.485 13.415 13.368 13.37 13.405 13.442 13.457 13.465 13.49 13.512 13.51 13.46 13.37 13.283 13.278 13.807 14.204 13.628 13.068 12.958 12.903 12.873 12.88 12.89 12.872 12.848 12.835 12.845 12.865 12.885 12.9 12.877 12.82 12.758 12.695 12.64 12.583 12.53 12.49 12.447 12.397 12.34 12.285 12.24 12.203 12.173 12.155 12.145 12.135 12.12 12.1 12.085 12.075 12.068 12.065
14.278 14.255 14.19 14.09 13.99 13.898 13.838 13.825 13.83 13.82 13.8 13.78 13.757 13.732 13.7 13.66 13.62 13.58 13.538 13.478 13.403 13.343 13.34 13.385 13.43 13.465 13.495 13.537 13.582 13.572 13.495 13.395 13.297 13.205 13.188 13.183 13.04 12.868 12.785 12.765 12.78 12.81 12.817 12.803 12.8 12.813 12.828 12.845 12.863 12.875 12.86 12.813 12.755 12.698 12.645 12.598 12.555 12.507 12.452 12.405 12.36 12.308 12.26 12.22 12.183 12.155 12.14 12.13 12.118 12.103 12.09 12.08 12.07 12.063
14.28 14.26 14.195 14.095 13.99 13.878 13.83 13.852 13.872 13.887 13.887 13.865 13.832 13.795 13.755 13.715 13.675 13.632 13.575 13.5 13.423 13.365 13.37 13.42 13.465 13.493 13.525 13.577 13.617 13.59 13.5 13.402 13.305 13.217 13.118 12.983 12.845 12.73 12.678 12.685 12.71 12.74 12.753 12.76 12.795 12.835 12.855 12.868 12.878 12.883 12.867 12.823 12.768 12.713 12.66 12.613 12.567 12.502 12.428 12.385 12.36 12.327 12.29 12.253 12.218 12.185 12.158 12.138 12.128 12.12 12.11 12.1 12.09 12.078
14.287 14.272 14.21 14.107 13.987 13.84 13.775 13.807 13.845 13.895 13.927 13.917 13.887 13.85 13.808 13.765 13.728 13.69 13.635 13.56 13.493 13.455 13.47 13.517 13.542 13.538 13.558 13.6 13.607 13.562 13.477 13.383 13.3 13.24 13.15 13.013 12.86 12.743 12.705 12.708 12.707 12.688 12.703 12.767 12.827 12.875 12.9 12.91 12.915 12.915 12.895 12.842 12.783 12.728 12.673 12.625 12.572 12.492 12.405 12.355 12.335 12.315 12.312 12.312 12.287 12.255 12.223 12.19 12.168 12.152 12.14 12.13 12.12 12.105
14.295 14.285 14.225 14.107 13.957 13.79 13.718 13.75 13.803 13.877 13.93 13.94 13.932 13.905 13.862 13.82 13.783 13.747 13.695 13.63 13.588 13.565 13.575 13.597 13.587 13.57 13.582 13.595 13.575 13.53 13.455 13.375 13.32 13.28 13.2 13.075 12.935 12.837 12.802 12.76 12.692 12.608 12.615 12.725 12.825 12.905 12.942 12.945 12.945 12.945 12.922 12.867 12.805 12.745 12.687 12.635 12.565 12.475 12.383 12.325 12.302 12.275 12.295 12.345 12.357 12.34 12.307 12.272 12.23 12.18 12.157 12.157 12.147 12.132
14.305 14.297 14.225 14.077 13.91 13.74 13.668 13.713 13.788 13.872 13.925 13.94 13.947 13.942 13.915 13.877 13.84 13.802 13.76 13.715 13.68 13.652 13.642 13.632 13.61 13.595 13.585 13.565 13.535 13.5 13.447 13.392 13.35 13.31 13.232 13.115 12.985 12.875 12.792 12.692 12.58 12.485 12.488 12.6 12.735 12.88 12.932 12.905 12.902 12.9 12.872 12.822 12.78 12.735 12.692 12.637 12.552 12.458 12.363 12.3 12.268 12.233 12.248 12.312 12.367 12.392 12.36 12.292 12.222 12.165 12.153 12.162 12.16 12.155
14.282 14.28 14.197 14.03 13.86 13.698 13.64 13.7 13.783 13.867 13.917 13.93 13.94 13.947 13.932 13.897 13.862 13.825 13.785 13.745 13.705 13.667 13.64 13.622 13.605 13.577 13.545 13.515 13.485 13.455 13.427 13.392 13.35 13.307 13.23 13.115 12.972 12.81 12.67 12.557 12.448 12.36 12.36 12.455 12.623 12.842 12.89 12.793 12.765 12.765 12.735 12.677 12.637 12.612 12.61 12.595 12.537 12.45 12.348 12.275 12.24 12.215 12.187 12.21 12.28 12.34 12.317 12.22 12.145 12.128 12.14 12.15 12.158 12.17
14.223 14.23 14.15 13.98 13.818 13.678 13.643 13.703 13.778 13.862 13.912 13.925 13.932 13.935 13.92 13.885 13.848 13.812 13.767 13.718 13.675 13.635 13.605 13.587 13.56 13.512 13.475 13.452 13.425 13.393 13.37 13.352 13.322 13.282 13.205 13.077 12.907 12.713 12.543 12.415 12.307 12.225 12.212 12.32 12.583 12.857 12.875 12.72 12.628 12.608 12.587 12.515 12.442 12.422 12.467 12.51 12.49 12.427 12.315 12.135 12.028 12.02 11.96 11.953 12.087 12.207 12.2 12.135 12.095 12.105 12.13 12.138 12.153 12.182
