EGM722_Project_Data/DTM_asc/TL4361.asc
ncols         200
nrows         200
xllcorner     543000.000
yllcorner     261000.000
cellsize      5
NODATA_value  -9999.0
[rows 96 to 127 of 200, columns 73 to 145 of 200]
13.855 13.817 13.73 13.65 13.588 13.588 13.64 13.69 13.72 13.695 13.64 13.595 13.552 13.492 13.418 13.348 13.283 13.223 13.17 13.128 13.098 13.07 13.045 13.028 13.015 13.018 13.042 13.067 13.067 13.047 13.02 12.982 12.94 12.93 12.952 12.97 12.983 13.003 13.05 13.1 13.095 13.037 12.962 12.887 12.825 12.808 12.835 12.878 12.93 13.05 13.19 13.267 13.302 13.242 13.113 12.995 12.903 12.833 12.79 12.79 12.805 12.805 12.795 12.783 12.77 12.755 12.725 12.675 12.615 12.583 12.575 12.565 12.557
13.86 13.825 13.74 13.653 13.593 13.6 13.65 13.702 13.745 13.737 13.697 13.662 13.625 13.562 13.48 13.397 13.313 13.243 13.188 13.135 13.095 13.07 13.055 13.045 13.035 13.043 13.075 13.11 13.122 13.1 13.057 13.015 12.975 12.965 12.982 12.998 13.01 13.023 13.063 13.117 13.12 13.065 12.992 12.917 12.863 12.865 12.91 12.957 13.015 13.102 13.18 13.235 13.277 13.225 13.095 12.963 12.848 12.79 12.788 12.805 12.822 12.825 12.812 12.797 12.782 12.757 12.71 12.65 12.593 12.563 12.558 12.55 12.54
13.87 13.83 13.745 13.658 13.595 13.598 13.645 13.695 13.74 13.747 13.72 13.69 13.655 13.595 13.512 13.425 13.335 13.265 13.212 13.16 13.113 13.088 13.08 13.07 13.055 13.063 13.1 13.137 13.157 13.137 13.093 13.048 13.005 12.995 13.013 13.03 13.048 13.06 13.07 13.09 13.095 13.05 12.98 12.918 12.888 12.91 12.96 13.012 13.067 13.12 13.165 13.208 13.252 13.21 13.085 12.963 12.843 12.788 12.798 12.815 12.815 12.807 12.807 12.797 12.782 12.747 12.693 12.635 12.58 12.553 12.55 12.545 12.535
13.875 13.83 13.745 13.663 13.6 13.593 13.63 13.675 13.72 13.73 13.707 13.68 13.645 13.59 13.52 13.442 13.355 13.285 13.235 13.188 13.14 13.113 13.107 13.092 13.065 13.07 13.115 13.162 13.19 13.172 13.128 13.085 13.05 13.045 13.065 13.083 13.097 13.107 13.085 13.06 13.06 13.025 12.958 12.915 12.91 12.94 12.993 13.052 13.11 13.155 13.19 13.22 13.22 13.172 13.092 12.985 12.87 12.805 12.802 12.805 12.765 12.743 12.767 12.777 12.767 12.732 12.678 12.623 12.57 12.545 12.547 12.545 12.538
13.875 13.83 13.75 13.675 13.61 13.595 13.625 13.66 13.697 13.707 13.69 13.667 13.635 13.58 13.515 13.447 13.37 13.308 13.26 13.215 13.17 13.14 13.127 13.1 13.065 13.073 13.125 13.18 13.217 13.21 13.172 13.14 13.115 13.112 13.127 13.14 13.147 13.152 13.122 13.063 13.035 13.002 12.953 12.935 12.937 12.968 13.028 13.095 13.157 13.205 13.222 13.195 13.11 13.05 13.03 12.98 12.897 12.823 12.795 12.76 12.69 12.665 12.7 12.735 12.747 12.72 12.668 12.613 12.56 12.535 12.54 12.542 12.54
13.875 13.835 13.762 13.69 13.62 13.598 13.625 13.655 13.682 13.687 13.67 13.653 13.625 13.573 13.51 13.448 13.38 13.323 13.28 13.24 13.197 13.165 13.137 13.103 13.068 13.075 13.127 13.18 13.227 13.23 13.2 13.175 13.15 13.145 13.162 13.182 13.192 13.2 13.167 13.09 13.03 12.987 12.957 12.942 12.94 12.982 13.06 13.137 13.205 13.22 13.162 13.058 12.94 12.885 12.883 12.88 12.855 12.81 12.762 12.693 12.61 12.588 12.628 12.675 12.715 12.712 12.67 12.615 12.558 12.53 12.533 12.538 12.54
13.88 13.845 13.775 13.7 13.63 13.608 13.635 13.662 13.68 13.677 13.663 13.65 13.627 13.58 13.52 13.457 13.39 13.33 13.288 13.25 13.212 13.182 13.153 13.12 13.085 13.075 13.11 13.162 13.21 13.205 13.167 13.14 13.115 13.105 13.122 13.152 13.177 13.197 13.162 13.075 12.987 12.92 12.882 12.855 12.863 12.933 13.033 13.15 13.232 13.2 13.09 12.973 12.865 12.81 12.803 12.798 12.795 12.787 12.747 12.673 12.588 12.55 12.58 12.63 12.68 12.71 12.697 12.653 12.595 12.565 12.565 12.568 12.555
13.885 13.85 13.782 13.71 13.643 13.625 13.652 13.672 13.68 13.675 13.665 13.655 13.64 13.597 13.532 13.465 13.395 13.335 13.29 13.253 13.22 13.195 13.175 13.15 13.115 13.088 13.093 13.135 13.177 13.16 13.105 13.068 13.045 13.033 13.035 13.058 13.092 13.11 13.067 12.98 12.882 12.798 12.743 12.713 12.77 12.905 13.043 13.165 13.225 13.182 13.082 12.975 12.87 12.813 12.8 12.793 12.788 12.78 12.755 12.7 12.623 12.568 12.565 12.6 12.65 12.695 12.722 12.712 12.665 12.633 12.63 12.612 12.565
13.887 13.852 13.787 13.72 13.658 13.643 13.662 13.675 13.68 13.675 13.665 13.655 13.645 13.61 13.543 13.47 13.4 13.338 13.29 13.258 13.233 13.21 13.192 13.172 13.142 13.115 13.103 13.118 13.145 13.122 13.055 13.003 12.975 12.965 12.963 12.97 12.995 12.992 12.935 12.855 12.765 12.685 12.668 12.708 12.825 12.992 13.115 13.18 13.207 13.17 13.077 12.977 12.875 12.818 12.803 12.79 12.783 12.772 12.75 12.712 12.652 12.6 12.578 12.585 12.623 12.668 12.712 12.74 12.725 12.7 12.675 12.617 12.553
13.887 13.857 13.792 13.725 13.668 13.653 13.665 13.673 13.677 13.675 13.665 13.658 13.65 13.632 13.58 13.503 13.428 13.355 13.3 13.268 13.245 13.225 13.205 13.185 13.162 13.142 13.13 13.125 13.122 13.085 13.018 12.955 12.915 12.903 12.898 12.895 12.9 12.875 12.813 12.745 12.673 12.645 12.715 12.835 12.96 13.067 13.125 13.16 13.19 13.155 13.065 12.972 12.88 12.825 12.808 12.793 12.782 12.765 12.737 12.71 12.672 12.635 12.608 12.593 12.605 12.643 12.685 12.727 12.755 12.742 12.685 12.603 12.54
13.895 13.867 13.8 13.73 13.675 13.658 13.665 13.673 13.683 13.682 13.67 13.663 13.657 13.652 13.627 13.565 13.485 13.405 13.34 13.298 13.268 13.235 13.205 13.185 13.165 13.147 13.135 13.125 13.105 13.057 12.993 12.938 12.905 12.89 12.88 12.873 12.868 12.835 12.778 12.72 12.663 12.68 12.785 12.91 13.02 13.082 13.118 13.152 13.167 13.12 13.027 12.933 12.87 12.845 12.828 12.812 12.787 12.75 12.72 12.698 12.68 12.662 12.635 12.61 12.605 12.633 12.675 12.718 12.757 12.745 12.672 12.59 12.54
13.91 13.88 13.81 13.74 13.683 13.66 13.668 13.683 13.7 13.7 13.683 13.67 13.663 13.658 13.652 13.622 13.552 13.473 13.403 13.348 13.31 13.26 13.203 13.17 13.15 13.132 13.118 13.102 13.082 13.043 12.99 12.955 12.935 12.918 12.908 12.9 12.895 12.872 12.82 12.763 12.71 12.725 12.813 12.923 13.03 13.09 13.125 13.14 13.117 13.055 12.96 12.888 12.875 12.877 12.862 12.832 12.777 12.728 12.7 12.688 12.688 12.68 12.655 12.628 12.615 12.638 12.68 12.717 12.75 12.732 12.658 12.593 12.563
13.922 13.892 13.82 13.75 13.688 13.665 13.68 13.703 13.725 13.722 13.7 13.683 13.67 13.665 13.662 13.652 13.61 13.54 13.47 13.408 13.36 13.3 13.22 13.163 13.133 13.115 13.1 13.083 13.068 13.043 13.013 12.987 12.965 12.945 12.935 12.932 12.93 12.912 12.865 12.808 12.758 12.775 12.855 12.945 13.04 13.095 13.105 13.082 13.04 12.973 12.903 12.888 12.905 12.91 12.882 12.825 12.755 12.705 12.688 12.693 12.705 12.697 12.672 12.645 12.625 12.64 12.677 12.71 12.74 12.72 12.658 12.62 12.598
13.927 13.907 13.84 13.773 13.71 13.69 13.708 13.73 13.755 13.75 13.725 13.702 13.683 13.672 13.667 13.662 13.647 13.602 13.537 13.472 13.412 13.342 13.257 13.18 13.125 13.1 13.088 13.075 13.065 13.05 13.032 13.012 12.992 12.975 12.965 12.965 12.965 12.957 12.92 12.858 12.805 12.825 12.905 12.985 13.052 13.072 13.043 13 12.96 12.915 12.898 12.915 12.935 12.927 12.875 12.803 12.73 12.69 12.693 12.707 12.722 12.715 12.69 12.668 12.645 12.65 12.68 12.708 12.732 12.722 12.685 12.66 12.635
13.885 13.9 13.877 13.825 13.763 13.74 13.755 13.772 13.785 13.77 13.742 13.717 13.692 13.663 13.645 13.64 13.635 13.605 13.545 13.482 13.43 13.365 13.28 13.197 13.128 13.095 13.085 13.075 13.065 13.05 13.035 13.02 13.005 12.995 12.99 12.99 12.99 12.992 12.982 12.935 12.873 12.885 12.967 13.04 13.067 13.045 13 12.955 12.928 12.91 12.908 12.925 12.942 12.935 12.885 12.813 12.74 12.7 12.703 12.715 12.73 12.735 12.72 12.7 12.68 12.68 12.703 12.725 12.73 12.712 12.687 12.665 12.652
13.805 13.845 13.875 13.872 13.83 13.803 13.812 13.812 13.8 13.775 13.745 13.723 13.7 13.655 13.61 13.59 13.585 13.555 13.495 13.45 13.425 13.37 13.283 13.2 13.13 13.095 13.085 13.075 13.065 13.05 13.035 13.023 13.013 13.013 13.015 13.015 13.015 13.02 13.03 13.017 12.965 12.965 13.037 13.08 13.07 13.032 12.988 12.958 12.958 12.945 12.918 12.915 12.927 12.932 12.91 12.855 12.785 12.738 12.72 12.718 12.728 12.742 12.747 12.737 12.72 12.718 12.735 12.74 12.715 12.68 12.655 12.645 12.658
13.725 13.763 13.807 13.85 13.862 13.855 13.847 13.825 13.8 13.775 13.75 13.732 13.71 13.665 13.605 13.555 13.535 13.505 13.46 13.445 13.435 13.38 13.29 13.203 13.13 13.095 13.085 13.075 13.065 13.05 13.035 13.03 13.033 13.037 13.04 13.04 13.043 13.05 13.06 13.067 13.05 13.052 13.085 13.085 13.06 13.02 12.99 12.993 13.007 12.995 12.955 12.925 12.92 12.92 12.91 12.882 12.828 12.783 12.755 12.735 12.73 12.738 12.752 12.76 12.752 12.752 12.752 12.725 12.683 12.648 12.638 12.653 12.677
13.653 13.683 13.73 13.78 13.827 13.845 13.827 13.802 13.785 13.767 13.75 13.737 13.717 13.675 13.615 13.55 13.5 13.47 13.455 13.455 13.445 13.39 13.3 13.21 13.138 13.103 13.09 13.078 13.065 13.053 13.045 13.05 13.057 13.062 13.065 13.065 13.07 13.08 13.09 13.1 13.102 13.105 13.097 13.073 13.048 13.025 13.025 13.045 13.057 13.04 13 12.96 12.928 12.91 12.9 12.887 12.862 12.83 12.8 12.775 12.755 12.745 12.753 12.768 12.775 12.775 12.75 12.705 12.663 12.638 12.65 12.678 12.7
13.645 13.645 13.668 13.715 13.765 13.785 13.767 13.75 13.747 13.742 13.73 13.717 13.705 13.67 13.607 13.545 13.493 13.468 13.465 13.465 13.455 13.4 13.308 13.22 13.158 13.128 13.113 13.098 13.085 13.075 13.07 13.075 13.082 13.087 13.09 13.093 13.1 13.11 13.12 13.125 13.122 13.115 13.097 13.073 13.048 13.043 13.06 13.08 13.085 13.065 13.027 12.985 12.943 12.91 12.895 12.885 12.877 12.875 12.86 12.833 12.808 12.785 12.775 12.785 12.8 12.797 12.77 12.73 12.69 12.675 12.695 12.715 12.715
13.69 13.665 13.638 13.658 13.705 13.722 13.705 13.698 13.705 13.705 13.695 13.685 13.68 13.65 13.588 13.535 13.5 13.483 13.48 13.475 13.46 13.405 13.315 13.243 13.195 13.168 13.15 13.135 13.128 13.12 13.11 13.105 13.108 13.112 13.115 13.12 13.13 13.135 13.135 13.13 13.122 13.115 13.102 13.085 13.063 13.06 13.077 13.085 13.077 13.062 13.037 12.997 12.955 12.92 12.898 12.883 12.875 12.895 12.915 12.9 12.873 12.845 12.82 12.818 12.83 12.83 12.815 12.787 12.75 12.735 12.75 12.747 12.715
13.735 13.71 13.66 13.633 13.648 13.657 13.65 13.655 13.665 13.667 13.663 13.66 13.66 13.632 13.583 13.545 13.515 13.498 13.49 13.475 13.455 13.405 13.333 13.28 13.24 13.21 13.193 13.18 13.172 13.165 13.155 13.145 13.138 13.137 13.142 13.147 13.15 13.145 13.135 13.125 13.118 13.11 13.102 13.092 13.075 13.073 13.08 13.07 13.055 13.045 13.032 13.007 12.967 12.933 12.908 12.883 12.87 12.893 12.935 12.952 12.937 12.91 12.88 12.86 12.86 12.86 12.85 12.835 12.807 12.792 12.785 12.747 12.7
13.78 13.75 13.7 13.65 13.615 13.605 13.61 13.62 13.63 13.635 13.635 13.635 13.635 13.617 13.585 13.557 13.53 13.507 13.49 13.47 13.45 13.412 13.363 13.32 13.28 13.25 13.238 13.23 13.217 13.205 13.192 13.18 13.167 13.157 13.165 13.173 13.165 13.155 13.145 13.135 13.123 13.11 13.103 13.095 13.085 13.078 13.068 13.053 13.04 13.028 13.013 12.998 12.975 12.948 12.923 12.898 12.883 12.898 12.938 12.975 12.99 12.975 12.945 12.917 12.9 12.89 12.88 12.867 12.85 12.827 12.79 12.735 12.683
13.795 13.765 13.715 13.662 13.603 13.575 13.583 13.59 13.6 13.602 13.6 13.602 13.602 13.59 13.567 13.542 13.52 13.507 13.497 13.48 13.46 13.43 13.39 13.35 13.318 13.298 13.288 13.277 13.242 13.207 13.192 13.177 13.162 13.163 13.2 13.227 13.22 13.21 13.2 13.188 13.165 13.14 13.123 13.11 13.105 13.095 13.075 13.06 13.048 13.04 13.03 13.015 13.003 12.983 12.958 12.935 12.92 12.93 12.965 13.002 13.02 13.012 12.99 12.962 12.935 12.91 12.895 12.882 12.867 12.837 12.788 12.73 12.675
13.787 13.765 13.712 13.652 13.585 13.553 13.558 13.565 13.572 13.572 13.568 13.568 13.567 13.552 13.53 13.508 13.49 13.49 13.495 13.49 13.475 13.445 13.41 13.383 13.363 13.35 13.342 13.31 13.233 13.175 13.16 13.145 13.13 13.155 13.23 13.295 13.31 13.297 13.285 13.265 13.232 13.198 13.168 13.145 13.135 13.125 13.105 13.088 13.073 13.073 13.08 13.072 13.057 13.037 13.013 12.99 12.973 12.983 13.017 13.035 13.022 13.012 13.007 12.985 12.955 12.925 12.9 12.885 12.872 12.842 12.79 12.733 12.68
13.782 13.76 13.702 13.635 13.565 13.53 13.533 13.54 13.545 13.545 13.54 13.533 13.53 13.517 13.495 13.478 13.463 13.46 13.47 13.48 13.482 13.467 13.447 13.432 13.417 13.405 13.38 13.312 13.215 13.15 13.13 13.115 13.108 13.153 13.243 13.332 13.382 13.382 13.362 13.332 13.3 13.265 13.228 13.193 13.17 13.155 13.135 13.115 13.1 13.1 13.115 13.122 13.115 13.095 13.07 13.047 13.025 13.035 13.055 13.037 13.008 12.998 13.002 12.997 12.975 12.945 12.915 12.893 12.877 12.845 12.793 12.74 12.69
13.775 13.747 13.685 13.615 13.545 13.508 13.505 13.51 13.517 13.517 13.51 13.5 13.495 13.488 13.47 13.455 13.44 13.433 13.44 13.452 13.465 13.47 13.47 13.467 13.465 13.45 13.39 13.298 13.2 13.13 13.103 13.13 13.148 13.175 13.27 13.365 13.435 13.45 13.425 13.395 13.365 13.33 13.287 13.245 13.207 13.18 13.162 13.145 13.13 13.13 13.142 13.157 13.165 13.152 13.127 13.102 13.08 13.072 13.057 13.023 12.993 12.983 12.99 12.997 12.99 12.965 12.935 12.91 12.887 12.85 12.8 12.75 12.7
13.752 13.725 13.66 13.59 13.52 13.478 13.473 13.48 13.492 13.495 13.488 13.48 13.475 13.473 13.463 13.45 13.435 13.415 13.41 13.42 13.43 13.44 13.45 13.457 13.455 13.472 13.447 13.345 13.233 13.22 13.337 13.362 13.253 13.238 13.333 13.417 13.472 13.477 13.452 13.427 13.4 13.367 13.325 13.28 13.235 13.2 13.182 13.167 13.155 13.155 13.165 13.177 13.19 13.185 13.162 13.14 13.132 13.108 13.063 13.028 12.995 12.983 12.99 12.997 12.997 12.98 12.95 12.922 12.895 12.86 12.817 12.77 12.718
13.717 13.69 13.625 13.555 13.485 13.443 13.44 13.453 13.472 13.48 13.473 13.468 13.468 13.47 13.467 13.46 13.445 13.415 13.388 13.385 13.395 13.405 13.41 13.402 13.38 13.435 13.527 13.487 13.365 13.433 13.645 13.595 13.368 13.323 13.41 13.467 13.487 13.48 13.457 13.432 13.405 13.375 13.337 13.295 13.253 13.218 13.195 13.183 13.18 13.18 13.183 13.19 13.2 13.195 13.175 13.168 13.19 13.167 13.098 13.05 13.015 13 13 13.003 13.005 12.99 12.96 12.927 12.895 12.865 12.835 12.797 12.745
13.68 13.65 13.585 13.515 13.445 13.405 13.41 13.433 13.457 13.467 13.463 13.46 13.462 13.465 13.465 13.462 13.452 13.425 13.385 13.36 13.36 13.36 13.345 13.317 13.285 13.345 13.527 13.617 13.558 13.607 13.7 13.64 13.47 13.4 13.46 13.485 13.492 13.485 13.462 13.435 13.405 13.375 13.342 13.305 13.265 13.23 13.205 13.203 13.217 13.22 13.21 13.208 13.215 13.208 13.2 13.225 13.267 13.242 13.153 13.08 13.035 13.02 13.015 13.013 13.015 13 12.967 12.93 12.895 12.865 12.84 12.815 12.772
13.635 13.61 13.545 13.478 13.41 13.375 13.39 13.418 13.442 13.455 13.455 13.455 13.455 13.455 13.458 13.46 13.457 13.435 13.395 13.355 13.33 13.305 13.268 13.23 13.19 13.253 13.462 13.667 13.7 13.67 13.705 13.67 13.523 13.45 13.475 13.485 13.495 13.49 13.465 13.437 13.41 13.377 13.345 13.312 13.275 13.24 13.225 13.24 13.265 13.27 13.255 13.24 13.235 13.238 13.263 13.307 13.347 13.317 13.225 13.135 13.065 13.04 13.035 13.03 13.025 13.005 12.97 12.93 12.895 12.868 12.843 12.82 12.792
13.607 13.587 13.523 13.458 13.39 13.363 13.383 13.408 13.432 13.445 13.445 13.45 13.458 13.458 13.46 13.465 13.465 13.445 13.405 13.365 13.328 13.285 13.24 13.2 13.155 13.185 13.355 13.595 13.63 13.598 13.707 13.68 13.535 13.475 13.483 13.49 13.497 13.49 13.465 13.438 13.412 13.373 13.328 13.295 13.26 13.228 13.227 13.252 13.277 13.282 13.267 13.25 13.245 13.272 13.317 13.362 13.382 13.335 13.247 13.157 13.088 13.058 13.048 13.042 13.032 13.007 12.97 12.93 12.903 12.885 12.863 12.84 12.812
13.602 13.58 13.515 13.45 13.385 13.363 13.38 13.403 13.425 13.435 13.443 13.46 13.48 13.482 13.475 13.475 13.475 13.455 13.418 13.385 13.35 13.307 13.262 13.217 13.17 13.173 13.275 13.465 13.495 13.475 13.625 13.652 13.54 13.49 13.495 13.497 13.497 13.485 13.463 13.443 13.425 13.375 13.303 13.253 13.218 13.19 13.195 13.222 13.247 13.255 13.243 13.235 13.25 13.29 13.335 13.362 13.35 13.285 13.198 13.133 13.105 13.083 13.058 13.045 13.035 13.012 12.975 12.943 12.93 12.92 12.9 12.872 12.827
