EGM722_Project_Data/DTM_asc/TL4358.asc
ncols         200
nrows         200
xllcorner     543000.000
yllcorner     258000.000
cellsize      5
NODATA_value  -9999.0
[rows 64 to 95 of 200, columns 74 to 147 of 200]
12.21 12.183 12.155 12.135 12.11 12.09 12.115 12.177 12.21 12.19 12.16 12.14 12.115 12.088 12.068 12.058 12.062 12.065 12.04 11.995 11.965 11.955 11.945 11.938 11.925 11.915 11.915 11.913 11.908 11.915 11.945 11.99 12.057 12.105 12.115 12.12 12.097 12.058 12.06 12.097 12.1 12.08 12.065 12.05 12.04 12.02 11.988 11.955 11.94 11.942 11.922 11.878 11.84 11.823 11.827 11.712 11.692 11.825 11.82 11.755 11.687 11.577 11.443 11.328 11.228 11.138 11.048 10.96 10.88 10.83 10.843 10.872 10.86 10.815
12.23 12.21 12.185 12.168 12.15 12.16 12.215 12.282 12.33 12.332 12.312 12.295 12.275 12.26 12.25 12.245 12.25 12.265 12.27 12.257 12.25 12.25 12.247 12.242 12.227 12.195 12.157 12.117 12.088 12.1 12.14 12.17 12.185 12.188 12.188 12.188 12.178 12.175 12.192 12.212 12.187 12.143 12.12 12.105 12.093 12.087 12.07 12.03 12.008 12.013 12.01 11.995 11.992 12.007 12.032 12.037 12.052 12.045 11.98 11.915 11.85 11.737 11.578 11.443 11.335 11.228 11.123 11.023 10.928 10.855 10.85 10.895 10.902 10.825
12.22 12.237 12.217 12.208 12.205 12.233 12.292 12.355 12.405 12.425 12.42 12.415 12.425 12.435 12.432 12.43 12.427 12.427 12.427 12.427 12.44 12.455 12.46 12.46 12.455 12.422 12.367 12.313 12.283 12.3 12.33 12.332 12.315 12.3 12.293 12.29 12.283 12.285 12.305 12.317 12.285 12.223 12.183 12.163 12.148 12.152 12.16 12.13 12.1 12.103 12.092 12.07 12.075 12.095 12.127 12.185 12.212 12.177 12.117 12.052 11.98 11.87 11.715 11.568 11.45 11.343 11.237 11.13 11.02 10.933 10.928 10.98 10.99 10.91
11.72 11.8 12.07 12.295 12.32 12.335 12.35 12.395 12.44 12.462 12.465 12.483 12.532 12.58 12.595 12.595 12.575 12.548 12.535 12.533 12.547 12.567 12.577 12.585 12.595 12.59 12.552 12.498 12.473 12.49 12.495 12.47 12.443 12.425 12.42 12.435 12.425 12.403 12.415 12.422 12.385 12.315 12.255 12.22 12.205 12.21 12.235 12.232 12.213 12.205 12.162 12.095 12.07 12.103 12.17 12.255 12.3 12.285 12.24 12.177 12.095 11.98 11.845 11.698 11.565 11.458 11.35 11.24 11.13 11.05 11.063 11.125 11.132 11.065
11.24 11.295 11.81 12.362 12.49 12.512 12.48 12.46 12.48 12.5 12.5 12.53 12.6 12.675 12.73 12.747 12.715 12.663 12.635 12.635 12.65 12.67 12.69 12.705 12.715 12.725 12.717 12.68 12.66 12.66 12.635 12.6 12.57 12.553 12.565 12.597 12.577 12.528 12.525 12.525 12.482 12.415 12.345 12.29 12.263 12.265 12.295 12.322 12.322 12.285 12.212 12.13 12.1 12.155 12.245 12.335 12.377 12.372 12.352 12.302 12.21 12.085 11.955 11.817 11.69 11.575 11.458 11.345 11.235 11.165 11.193 11.265 11.27 11.205
11.24 11.265 11.755 12.412 12.65 12.71 12.69 12.618 12.593 12.618 12.615 12.62 12.68 12.758 12.835 12.887 12.865 12.798 12.75 12.738 12.753 12.775 12.8 12.822 12.835 12.845 12.852 12.845 12.83 12.805 12.765 12.727 12.698 12.7 12.737 12.757 12.715 12.648 12.63 12.625 12.577 12.512 12.445 12.378 12.328 12.318 12.348 12.395 12.4 12.337 12.252 12.168 12.153 12.23 12.325 12.415 12.455 12.447 12.44 12.407 12.312 12.177 12.045 11.912 11.792 11.68 11.562 11.45 11.34 11.278 11.315 11.397 11.405 11.335
11.31 11.513 11.98 12.495 12.74 12.83 12.898 12.93 12.93 12.908 12.835 12.78 12.805 12.88 12.948 13.007 13.012 12.958 12.893 12.853 12.86 12.888 12.915 12.942 12.96 12.97 12.977 12.982 12.965 12.925 12.885 12.845 12.82 12.85 12.915 12.917 12.85 12.773 12.74 12.727 12.675 12.61 12.545 12.475 12.413 12.38 12.408 12.475 12.47 12.378 12.285 12.203 12.2 12.295 12.4 12.492 12.53 12.512 12.487 12.455 12.38 12.257 12.122 11.985 11.865 11.76 11.65 11.54 11.417 11.35 11.392 11.475 11.49 11.427
11.873 12.153 12.403 12.61 12.863 13.113 13.343 13.528 13.585 13.52 13.238 12.985 12.968 13.022 13.067 13.115 13.157 13.132 13.047 12.97 12.963 13.002 13.035 13.065 13.087 13.097 13.102 13.107 13.085 13.038 12.995 12.955 12.94 12.985 13.055 13.057 12.99 12.908 12.86 12.832 12.775 12.708 12.643 12.575 12.53 12.485 12.493 12.57 12.547 12.433 12.325 12.238 12.25 12.355 12.46 12.545 12.567 12.535 12.497 12.46 12.4 12.31 12.192 12.058 11.938 11.83 11.712 11.582 11.435 11.373 11.428 11.505 11.532 11.485
12.588 12.82 13.038 13.23 13.533 13.872 14.127 14.235 14.22 14.202 13.977 13.57 13.25 13.143 13.17 13.22 13.29 13.295 13.192 13.07 13.05 13.105 13.15 13.185 13.21 13.222 13.227 13.232 13.207 13.155 13.108 13.065 13.06 13.105 13.155 13.172 13.13 13.045 12.983 12.938 12.875 12.82 12.793 12.775 12.757 12.68 12.63 12.66 12.612 12.498 12.383 12.288 12.295 12.385 12.473 12.55 12.565 12.528 12.495 12.46 12.402 12.327 12.237 12.125 12.01 11.887 11.742 11.582 11.435 11.403 11.468 11.537 11.577 11.55
13.49 13.63 13.832 13.982 14.187 14.492 14.627 14.507 14.407 14.45 14.452 14.202 13.76 13.388 13.27 13.33 13.395 13.402 13.302 13.16 13.125 13.185 13.242 13.292 13.33 13.347 13.352 13.357 13.33 13.275 13.225 13.175 13.168 13.205 13.245 13.28 13.262 13.185 13.105 13.057 13.03 13.015 13.027 13.05 13.027 12.91 12.798 12.752 12.68 12.57 12.465 12.388 12.38 12.433 12.5 12.568 12.57 12.525 12.495 12.462 12.407 12.33 12.25 12.175 12.063 11.903 11.738 11.57 11.45 11.448 11.513 11.578 11.627 11.625
13.967 14.025 14.11 14.09 14.065 14.262 14.427 14.375 14.345 14.437 14.487 14.425 14.257 13.82 13.433 13.395 13.432 13.41 13.33 13.225 13.198 13.252 13.307 13.362 13.415 13.45 13.465 13.47 13.442 13.387 13.335 13.295 13.295 13.328 13.363 13.387 13.357 13.272 13.185 13.14 13.14 13.15 13.162 13.177 13.145 13.042 12.935 12.852 12.765 12.668 12.58 12.53 12.52 12.543 12.595 12.647 12.627 12.558 12.505 12.465 12.41 12.338 12.29 12.27 12.167 11.968 11.763 11.565 11.465 11.495 11.568 11.64 11.705 11.72
13.725 13.778 13.862 13.877 13.773 13.78 13.938 14.08 14.19 14.34 14.472 14.5 14.455 14.225 13.708 13.413 13.41 13.368 13.33 13.298 13.285 13.31 13.355 13.405 13.46 13.515 13.555 13.57 13.545 13.493 13.453 13.438 13.45 13.48 13.495 13.475 13.405 13.31 13.233 13.183 13.163 13.163 13.17 13.182 13.15 13.07 13.007 12.952 12.875 12.785 12.713 12.68 12.67 12.67 12.705 12.752 12.725 12.638 12.558 12.493 12.445 12.415 12.415 12.43 12.345 12.132 11.885 11.67 11.595 11.638 11.695 11.755 11.812 11.825
13.645 13.645 13.653 13.675 13.63 13.585 13.62 13.718 13.893 14.128 14.362 14.452 14.432 14.422 14.04 13.558 13.433 13.418 13.42 13.425 13.41 13.393 13.403 13.443 13.5 13.56 13.617 13.657 13.647 13.613 13.597 13.592 13.602 13.61 13.58 13.517 13.435 13.355 13.288 13.235 13.205 13.19 13.185 13.187 13.152 13.09 13.06 13.04 12.987 12.908 12.853 12.835 12.825 12.815 12.828 12.855 12.822 12.735 12.655 12.588 12.558 12.568 12.582 12.597 12.522 12.323 12.1 11.938 11.9 11.937 11.952 11.942 11.93 11.91
13.573 13.555 13.53 13.523 13.508 13.495 13.505 13.533 13.69 13.96 14.222 14.358 14.393 14.455 14.29 13.783 13.493 13.525 13.552 13.57 13.56 13.525 13.498 13.498 13.535 13.597 13.66 13.717 13.737 13.73 13.73 13.73 13.717 13.675 13.61 13.537 13.467 13.405 13.343 13.285 13.25 13.23 13.213 13.2 13.175 13.145 13.13 13.115 13.085 13.035 13 12.992 12.985 12.975 12.97 12.965 12.925 12.852 12.783 12.73 12.717 12.732 12.747 12.757 12.697 12.54 12.365 12.242 12.192 12.177 12.14 12.075 12.017 11.98
13.55 13.528 13.503 13.478 13.455 13.45 13.465 13.493 13.635 13.885 14.125 14.365 14.497 14.515 14.435 13.948 13.545 13.565 13.61 13.645 13.652 13.627 13.595 13.563 13.57 13.628 13.69 13.75 13.782 13.782 13.782 13.787 13.75 13.667 13.585 13.508 13.462 13.442 13.397 13.335 13.295 13.275 13.252 13.228 13.212 13.202 13.19 13.175 13.157 13.137 13.12 13.11 13.1 13.09 13.077 13.057 13.017 12.962 12.905 12.852 12.832 12.832 12.832 12.837 12.795 12.675 12.522 12.402 12.325 12.255 12.185 12.12 12.075 12.045
13.57 13.552 13.53 13.505 13.473 13.44 13.438 13.458 13.593 13.835 14.055 14.31 14.615 14.747 14.582 14.058 13.64 13.593 13.608 13.65 13.672 13.667 13.645 13.613 13.615 13.658 13.71 13.77 13.8 13.79 13.78 13.777 13.73 13.638 13.545 13.468 13.433 13.428 13.42 13.387 13.347 13.32 13.287 13.258 13.245 13.242 13.235 13.222 13.207 13.195 13.185 13.172 13.16 13.147 13.13 13.11 13.077 13.025 12.96 12.892 12.852 12.84 12.838 12.845 12.805 12.697 12.558 12.44 12.365 12.295 12.225 12.17 12.135 12.105
13.59 13.572 13.555 13.532 13.497 13.455 13.428 13.428 13.553 13.775 13.972 14.163 14.542 14.917 14.717 14.123 13.775 13.688 13.635 13.645 13.67 13.677 13.675 13.658 13.665 13.7 13.74 13.792 13.82 13.805 13.785 13.765 13.708 13.63 13.56 13.503 13.465 13.44 13.438 13.427 13.39 13.35 13.308 13.28 13.275 13.275 13.272 13.265 13.252 13.24 13.23 13.22 13.207 13.19 13.17 13.15 13.115 13.05 12.965 12.883 12.838 12.835 12.848 12.85 12.8 12.705 12.585 12.475 12.403 12.335 12.27 12.228 12.205 12.183
13.61 13.59 13.572 13.552 13.52 13.48 13.44 13.413 13.505 13.7 13.888 14.075 14.39 14.907 14.815 14.19 13.91 13.82 13.73 13.673 13.665 13.678 13.69 13.695 13.713 13.747 13.782 13.822 13.842 13.827 13.802 13.775 13.727 13.67 13.618 13.575 13.545 13.52 13.495 13.468 13.43 13.38 13.328 13.3 13.3 13.3 13.3 13.297 13.29 13.28 13.267 13.252 13.232 13.207 13.182 13.157 13.112 13.035 12.945 12.863 12.835 12.855 12.87 12.862 12.802 12.708 12.603 12.508 12.443 12.385 12.328 12.295 12.287 12.277
13.62 13.6 13.58 13.56 13.532 13.497 13.46 13.42 13.483 13.655 13.835 14.015 14.315 14.907 14.945 14.313 13.965 13.86 13.78 13.715 13.685 13.693 13.708 13.723 13.748 13.785 13.82 13.855 13.867 13.85 13.82 13.78 13.755 13.73 13.685 13.65 13.622 13.59 13.555 13.517 13.475 13.42 13.36 13.328 13.325 13.325 13.325 13.32 13.302 13.285 13.272 13.252 13.22 13.185 13.155 13.125 13.075 12.995 12.908 12.838 12.835 12.877 12.9 12.895 12.835 12.735 12.643 12.573 12.52 12.47 12.405 12.35 12.332 12.327
13.62 13.6 13.58 13.56 13.537 13.51 13.475 13.443 13.513 13.68 13.845 14.003 14.308 14.915 15.05 14.475 14.005 13.835 13.788 13.755 13.733 13.725 13.735 13.75 13.775 13.812 13.848 13.885 13.892 13.865 13.825 13.77 13.738 13.74 13.737 13.715 13.68 13.64 13.6 13.562 13.52 13.462 13.4 13.36 13.35 13.35 13.345 13.325 13.29 13.265 13.255 13.237 13.2 13.155 13.118 13.085 13.035 12.957 12.875 12.82 12.833 12.885 12.922 12.935 12.885 12.788 12.715 12.673 12.63 12.58 12.497 12.41 12.363 12.338
13.625 13.605 13.583 13.56 13.54 13.515 13.485 13.473 13.555 13.712 13.862 14.005 14.283 14.897 15.075 14.562 14.065 13.845 13.832 13.81 13.788 13.773 13.77 13.78 13.805 13.84 13.875 13.912 13.915 13.875 13.822 13.765 13.713 13.705 13.75 13.762 13.725 13.685 13.645 13.607 13.565 13.505 13.44 13.39 13.37 13.365 13.345 13.31 13.27 13.245 13.235 13.222 13.19 13.138 13.088 13.048 12.995 12.922 12.845 12.803 12.828 12.882 12.932 12.965 12.93 12.853 12.805 12.775 12.737 12.685 12.59 12.493 12.43 12.378
13.63 13.61 13.587 13.565 13.543 13.518 13.495 13.5 13.585 13.723 13.86 14 14.26 14.887 15.09 14.587 14.085 13.855 13.857 13.85 13.84 13.827 13.815 13.813 13.835 13.87 13.905 13.937 13.927 13.877 13.82 13.76 13.705 13.68 13.73 13.785 13.77 13.727 13.68 13.63 13.58 13.525 13.47 13.42 13.385 13.362 13.33 13.29 13.25 13.225 13.215 13.205 13.175 13.123 13.07 13.025 12.965 12.89 12.818 12.79 12.825 12.88 12.935 12.98 12.98 12.94 12.902 12.867 12.83 12.767 12.662 12.567 12.502 12.44
13.625 13.605 13.585 13.57 13.553 13.53 13.513 13.523 13.61 13.745 13.878 14.01 14.283 14.91 15.072 14.55 14.073 13.86 13.86 13.865 13.865 13.855 13.842 13.835 13.853 13.887 13.922 13.947 13.93 13.88 13.827 13.77 13.713 13.693 13.74 13.792 13.785 13.735 13.675 13.615 13.562 13.515 13.47 13.43 13.387 13.348 13.31 13.27 13.23 13.205 13.195 13.18 13.16 13.127 13.083 13.037 12.968 12.878 12.795 12.783 12.84 12.903 12.965 12.997 12.987 12.957 12.92 12.88 12.84 12.762 12.662 12.59 12.527 12.462
13.615 13.595 13.58 13.578 13.57 13.55 13.54 13.55 13.635 13.777 13.915 14.045 14.35 14.905 14.952 14.435 14.018 13.86 13.863 13.865 13.865 13.855 13.848 13.845 13.86 13.892 13.922 13.937 13.92 13.88 13.837 13.787 13.73 13.725 13.757 13.757 13.737 13.7 13.642 13.585 13.54 13.497 13.457 13.422 13.382 13.34 13.3 13.258 13.22 13.217 13.202 13.15 13.13 13.13 13.11 13.067 12.99 12.913 12.86 12.853 12.905 12.975 13.017 12.992 12.928 12.888 12.86 12.82 12.78 12.703 12.623 12.57 12.51 12.448
13.605 13.59 13.588 13.592 13.587 13.575 13.573 13.58 13.658 13.802 13.947 14.09 14.46 14.862 14.745 14.3 13.953 13.86 13.877 13.868 13.865 13.858 13.858 13.86 13.87 13.892 13.912 13.922 13.905 13.867 13.83 13.787 13.737 13.715 13.7 13.665 13.647 13.635 13.6 13.552 13.507 13.462 13.42 13.377 13.352 13.332 13.3 13.267 13.237 13.225 13.18 13.105 13.08 13.095 13.102 13.087 13.052 13.027 13.022 13.012 13.022 13.047 13.02 12.94 12.853 12.808 12.792 12.762 12.715 12.653 12.6 12.552 12.493 12.438
13.6 13.597 13.602 13.607 13.607 13.607 13.61 13.615 13.675 13.795 13.922 14.055 14.357 14.607 14.435 14.065 13.873 13.892 13.905 13.878 13.868 13.868 13.872 13.875 13.878 13.888 13.9 13.907 13.887 13.837 13.782 13.727 13.677 13.637 13.6 13.565 13.55 13.55 13.507 13.427 13.365 13.315 13.265 13.23 13.262 13.29 13.265 13.242 13.21 13.16 13.098 13.045 13.033 13.05 13.068 13.08 13.09 13.095 13.097 13.095 13.085 13.047 12.967 12.875 12.783 12.725 12.71 12.697 12.66 12.613 12.575 12.532 12.48 12.438
13.583 13.572 13.577 13.585 13.59 13.595 13.6 13.602 13.645 13.735 13.835 13.945 14.07 14.182 14.095 13.895 13.875 13.932 13.927 13.893 13.878 13.882 13.885 13.882 13.883 13.893 13.902 13.892 13.842 13.77 13.7 13.63 13.573 13.533 13.495 13.468 13.465 13.447 13.355 13.225 13.133 13.075 13.025 13.04 13.157 13.22 13.195 13.162 13.115 13.065 13.028 13 12.998 13.02 13.037 13.05 13.06 13.065 13.07 13.075 13.057 12.995 12.905 12.812 12.718 12.66 12.645 12.632 12.605 12.567 12.532 12.497 12.462 12.43
13.56 13.523 13.515 13.522 13.527 13.532 13.537 13.54 13.58 13.665 13.753 13.845 13.893 13.913 13.905 13.893 13.925 13.94 13.932 13.908 13.893 13.895 13.892 13.885 13.883 13.902 13.92 13.885 13.798 13.7 13.62 13.548 13.485 13.44 13.403 13.388 13.385 13.32 13.19 13.05 12.925 12.84 12.815 12.9 13.065 13.143 13.118 13.083 13.053 13.03 13.015 12.985 12.973 12.995 13.01 13.02 13.03 13.035 13.04 13.037 13.002 12.93 12.842 12.75 12.66 12.615 12.597 12.567 12.53 12.495 12.465 12.427 12.397 12.387
13.547 13.495 13.463 13.458 13.462 13.468 13.473 13.478 13.518 13.598 13.68 13.76 13.798 13.81 13.85 13.892 13.922 13.93 13.925 13.915 13.902 13.897 13.89 13.88 13.878 13.91 13.932 13.875 13.77 13.663 13.565 13.478 13.408 13.363 13.333 13.322 13.282 13.17 13.03 12.89 12.75 12.62 12.653 12.833 13.04 13.16 13.113 13.063 13.06 13.062 13.045 12.983 12.95 12.967 12.98 12.99 13 13.005 13.005 12.985 12.935 12.862 12.777 12.688 12.61 12.567 12.532 12.49 12.45 12.415 12.38 12.328 12.283 12.287
13.533 13.48 13.43 13.4 13.398 13.408 13.418 13.428 13.468 13.535 13.608 13.683 13.732 13.77 13.822 13.87 13.902 13.907 13.895 13.882 13.875 13.872 13.87 13.867 13.873 13.915 13.93 13.855 13.745 13.637 13.53 13.425 13.343 13.295 13.27 13.235 13.135 12.985 12.833 12.678 12.525 12.365 12.433 12.777 13.065 13.16 13.125 13.09 13.09 13.092 13.06 12.973 12.925 12.935 12.945 12.957 12.97 12.975 12.962 12.922 12.867 12.797 12.71 12.622 12.552 12.505 12.46 12.413 12.373 12.333 12.283 12.22 12.16 12.153
13.545 13.493 13.44 13.398 13.385 13.398 13.413 13.43 13.47 13.53 13.593 13.637 13.655 13.685 13.732 13.775 13.817 13.837 13.825 13.807 13.802 13.805 13.81 13.823 13.855 13.91 13.897 13.8 13.687 13.575 13.465 13.355 13.275 13.238 13.215 13.152 13.015 12.85 12.685 12.518 12.363 12.228 12.295 12.72 13.067 13.108 13.083 13.063 13.055 13.055 13.025 12.95 12.903 12.9 12.903 12.915 12.932 12.935 12.907 12.855 12.795 12.717 12.622 12.532 12.465 12.42 12.377 12.332 12.297 12.263 12.215 12.165 12.115 12.108
13.585 13.535 13.49 13.453 13.435 13.438 13.45 13.47 13.51 13.57 13.607 13.6 13.573 13.565 13.588 13.625 13.675 13.725 13.735 13.72 13.715 13.718 13.73 13.77 13.842 13.885 13.825 13.707 13.592 13.478 13.365 13.26 13.2 13.185 13.167 13.097 12.957 12.793 12.633 12.495 12.383 12.288 12.348 12.72 13.08 13.145 13.095 13.05 13.018 12.993 12.962 12.92 12.89 12.88 12.872 12.872 12.877 12.867 12.83 12.78 12.717 12.622 12.508 12.408 12.345 12.302 12.257 12.212 12.195 12.22 12.23 12.203 12.168 12.168
