EGM722_Project_Data/DTM_asc/TL4358.asc
ncols         200
nrows         200
xllcorner     543000.000
yllcorner     258000.000
cellsize      5
NODATA_value  -9999.0
[rows 96 to 127 of 200, columns 74 to 147 of 200]
13.632 13.592 13.555 13.518 13.495 13.49 13.495 13.51 13.547 13.582 13.572 13.538 13.507 13.48 13.465 13.48 13.525 13.59 13.632 13.632 13.625 13.64 13.685 13.76 13.84 13.832 13.73 13.61 13.495 13.382 13.273 13.175 13.128 13.125 13.117 13.045 12.903 12.763 12.645 12.548 12.465 12.383 12.445 12.758 13.1 13.21 13.158 13.105 13.055 12.987 12.902 12.837 12.805 12.787 12.775 12.762 12.752 12.752 12.74 12.702 12.64 12.535 12.41 12.298 12.213 12.155 12.105 12.055 12.055 12.135 12.217 12.252 12.242 12.243
13.647 13.625 13.605 13.58 13.555 13.547 13.55 13.552 13.56 13.55 13.515 13.475 13.44 13.41 13.38 13.365 13.385 13.44 13.502 13.532 13.55 13.6 13.68 13.77 13.815 13.755 13.635 13.515 13.398 13.285 13.185 13.1 13.06 13.06 13.06 13.012 12.908 12.808 12.725 12.642 12.558 12.475 12.553 12.823 13.137 13.275 13.222 13.157 13.052 12.902 12.788 12.728 12.668 12.615 12.588 12.573 12.568 12.59 12.615 12.612 12.56 12.463 12.365 12.25 12.108 12.003 11.948 11.9 11.905 11.99 12.102 12.205 12.267 12.3
13.615 13.605 13.597 13.587 13.572 13.567 13.567 13.56 13.54 13.51 13.472 13.41 13.353 13.32 13.292 13.265 13.238 13.253 13.317 13.382 13.45 13.535 13.627 13.727 13.755 13.67 13.553 13.435 13.315 13.203 13.105 13.027 12.987 12.97 12.952 12.94 12.932 12.895 12.817 12.735 12.652 12.57 12.66 12.925 13.212 13.33 13.23 13.085 12.897 12.688 12.625 12.642 12.57 12.477 12.408 12.375 12.38 12.41 12.445 12.47 12.47 12.425 12.352 12.235 12.058 11.89 11.795 11.745 11.755 11.845 11.957 12.067 12.17 12.24
13.573 13.565 13.555 13.548 13.545 13.545 13.54 13.53 13.512 13.48 13.415 13.323 13.25 13.213 13.187 13.15 13.088 13.043 13.08 13.165 13.252 13.347 13.445 13.575 13.662 13.602 13.478 13.362 13.245 13.135 13.02 12.912 12.857 12.827 12.793 12.785 12.83 12.87 12.872 12.827 12.745 12.675 12.78 13.05 13.205 13.145 12.962 12.752 12.542 12.4 12.41 12.452 12.402 12.317 12.235 12.183 12.183 12.21 12.237 12.26 12.302 12.342 12.327 12.217 12.032 11.837 11.675 11.585 11.603 11.7 11.805 11.902 11.997 12.085
13.528 13.52 13.515 13.515 13.512 13.51 13.507 13.5 13.485 13.427 13.322 13.223 13.15 13.108 13.077 13.027 12.955 12.88 12.86 12.915 13 13.095 13.213 13.385 13.562 13.56 13.415 13.29 13.175 13.047 12.88 12.73 12.67 12.65 12.623 12.605 12.64 12.713 12.787 12.82 12.805 12.782 12.85 12.932 12.822 12.587 12.357 12.145 12.055 12.088 12.125 12.155 12.132 12.07 12.012 11.975 11.973 11.988 12.003 12.02 12.067 12.135 12.062 11.862 11.73 11.662 11.575 11.463 11.448 11.54 11.635 11.725 11.82 11.92
13.485 13.478 13.478 13.48 13.478 13.475 13.472 13.467 13.442 13.345 13.22 13.128 13.05 13 12.96 12.9 12.825 12.75 12.688 12.683 12.75 12.853 13.008 13.215 13.432 13.492 13.37 13.23 13.085 12.905 12.69 12.535 12.488 12.475 12.458 12.443 12.478 12.555 12.633 12.707 12.765 12.745 12.652 12.467 12.208 11.948 11.698 11.573 11.68 11.807 11.833 11.86 11.847 11.798 11.76 11.748 11.755 11.765 11.775 11.79 11.755 11.62 11.333 10.985 10.858 10.978 11.15 11.257 11.325 11.398 11.473 11.553 11.645 11.745
13.453 13.445 13.445 13.445 13.445 13.442 13.438 13.435 13.395 13.278 13.143 13.038 12.95 12.893 12.84 12.77 12.695 12.618 12.543 12.488 12.508 12.633 12.83 13.05 13.255 13.327 13.235 13.097 12.962 12.82 12.638 12.473 12.408 12.395 12.38 12.373 12.415 12.495 12.557 12.572 12.545 12.455 12.252 11.988 11.723 11.485 11.323 11.325 11.45 11.525 11.545 11.568 11.568 11.545 11.528 11.525 11.538 11.555 11.58 11.63 11.597 11.365 11.005 10.615 10.376 10.47 10.773 11.08 11.255 11.318 11.385 11.458 11.533 11.608
13.448 13.43 13.425 13.425 13.42 13.41 13.405 13.402 13.35 13.23 13.098 12.975 12.863 12.783 12.715 12.64 12.568 12.493 12.42 12.348 12.323 12.448 12.67 12.89 13.045 13.07 12.992 12.888 12.802 12.73 12.625 12.495 12.42 12.397 12.38 12.38 12.405 12.41 12.375 12.292 12.175 12.055 11.86 11.593 11.38 11.263 11.225 11.233 11.25 11.273 11.298 11.323 11.33 11.318 11.315 11.33 11.355 11.393 11.468 11.565 11.605 11.527 11.29 10.933 10.643 10.57 10.76 11.052 11.21 11.278 11.358 11.437 11.503 11.555
13.462 13.44 13.427 13.42 13.405 13.388 13.378 13.37 13.307 13.187 13.062 12.93 12.788 12.678 12.613 12.55 12.48 12.41 12.343 12.293 12.268 12.33 12.51 12.71 12.797 12.782 12.747 12.69 12.617 12.542 12.47 12.405 12.365 12.35 12.337 12.325 12.277 12.158 12.013 11.885 11.765 11.65 11.47 11.278 11.193 11.17 11.157 11.135 11.103 11.083 11.095 11.12 11.125 11.123 11.14 11.173 11.223 11.308 11.44 11.535 11.545 11.53 11.447 11.222 10.982 10.82 10.828 11.023 11.17 11.25 11.34 11.427 11.497 11.542
13.452 13.42 13.392 13.382 13.377 13.362 13.35 13.34 13.272 13.14 13 12.852 12.695 12.568 12.507 12.48 12.43 12.368 12.325 12.31 12.298 12.29 12.378 12.497 12.525 12.51 12.517 12.497 12.427 12.352 12.28 12.24 12.235 12.235 12.237 12.21 12.118 11.983 11.823 11.66 11.508 11.355 11.215 11.145 11.128 11.103 11.077 11.048 11 10.948 10.92 10.923 10.94 10.97 11.008 11.053 11.14 11.278 11.427 11.497 11.49 11.478 11.46 11.382 11.247 11.11 11.015 11.043 11.14 11.232 11.327 11.42 11.485 11.51
13.38 13.335 13.31 13.32 13.332 13.325 13.315 13.297 13.21 13.055 12.9 12.745 12.585 12.45 12.365 12.345 12.347 12.342 12.347 12.35 12.335 12.287 12.26 12.262 12.253 12.258 12.292 12.295 12.235 12.16 12.1 12.09 12.105 12.105 12.127 12.107 12.01 11.905 11.782 11.635 11.465 11.288 11.19 11.165 11.125 11.062 11 10.993 11.005 10.965 10.885 10.818 10.823 10.868 10.918 10.985 11.1 11.255 11.38 11.432 11.445 11.445 11.432 11.397 11.32 11.215 11.092 11.022 11.072 11.172 11.27 11.37 11.437 11.455
13.273 13.243 13.248 13.272 13.287 13.285 13.272 13.235 13.12 12.955 12.795 12.635 12.475 12.34 12.235 12.178 12.19 12.225 12.242 12.247 12.225 12.15 12.062 12.013 11.998 12.02 12.065 12.085 12.045 11.97 11.935 11.953 11.972 11.985 12.027 12.005 11.89 11.778 11.675 11.57 11.442 11.312 11.222 11.16 11.085 10.99 10.903 10.938 11.057 11.09 10.955 10.78 10.748 10.798 10.865 10.95 11.07 11.21 11.295 11.335 11.375 11.405 11.412 11.37 11.28 11.155 10.985 10.89 10.945 11.05 11.152 11.26 11.34 11.375
13.177 13.175 13.2 13.227 13.245 13.242 13.222 13.16 13.027 12.862 12.697 12.525 12.35 12.217 12.117 12.023 11.985 11.99 11.985 11.978 11.955 11.888 11.808 11.758 11.755 11.793 11.835 11.87 11.85 11.795 11.79 11.82 11.843 11.878 11.93 11.895 11.775 11.658 11.55 11.45 11.352 11.257 11.16 11.06 10.965 10.87 10.803 10.868 11.03 11.12 10.965 10.725 10.678 10.745 10.83 10.92 11.037 11.142 11.19 11.225 11.267 11.31 11.34 11.32 11.215 11.04 10.835 10.74 10.805 10.912 11.02 11.13 11.215 11.27
13.04 13.062 13.11 13.157 13.195 13.182 13.125 13.015 12.845 12.662 12.48 12.292 12.132 12.052 11.98 11.868 11.8 11.785 11.77 11.753 11.745 11.715 11.645 11.578 11.563 11.588 11.613 11.648 11.65 11.638 11.66 11.69 11.727 11.785 11.83 11.78 11.66 11.54 11.427 11.328 11.24 11.147 11.043 10.94 10.845 10.75 10.71 10.803 10.962 11.027 10.86 10.648 10.63 10.713 10.8 10.89 10.985 11.042 11.052 11.062 11.087 11.122 11.16 11.172 11.07 10.87 10.665 10.578 10.643 10.752 10.867 10.982 11.057 11.12
12.823 12.842 12.9 12.965 13.017 12.997 12.91 12.76 12.547 12.337 12.135 11.945 11.843 11.837 11.81 11.715 11.645 11.628 11.613 11.608 11.615 11.61 11.562 11.488 11.45 11.453 11.46 11.478 11.498 11.528 11.568 11.582 11.58 11.62 11.667 11.62 11.51 11.397 11.292 11.208 11.135 11.045 10.933 10.823 10.723 10.628 10.62 10.738 10.882 10.885 10.7 10.573 10.608 10.693 10.777 10.84 10.865 10.865 10.852 10.84 10.845 10.875 10.912 10.922 10.847 10.675 10.498 10.435 10.478 10.56 10.67 10.787 10.835 10.843
12.585 12.578 12.613 12.675 12.72 12.702 12.617 12.452 12.228 12.005 11.79 11.625 11.575 11.595 11.602 11.555 11.495 11.473 11.468 11.483 11.495 11.49 11.47 11.413 11.37 11.37 11.375 11.393 11.43 11.48 11.502 11.472 11.405 11.388 11.43 11.4 11.3 11.2 11.13 11.09 11.035 10.942 10.825 10.708 10.6 10.505 10.528 10.662 10.787 10.735 10.578 10.54 10.593 10.68 10.735 10.727 10.687 10.65 10.625 10.61 10.605 10.625 10.652 10.645 10.6 10.47 10.34 10.323 10.348 10.388 10.463 10.557 10.58 10.53
12.357 12.338 12.34 12.387 12.422 12.405 12.32 12.14 11.913 11.713 11.55 11.445 11.408 11.393 11.383 11.37 11.343 11.328 11.343 11.365 11.372 11.365 11.357 11.325 11.29 11.29 11.31 11.35 11.4 11.427 11.397 11.327 11.25 11.185 11.188 11.162 11.065 10.995 10.97 10.965 10.93 10.84 10.72 10.6 10.485 10.4 10.44 10.57 10.667 10.615 10.525 10.53 10.58 10.632 10.615 10.56 10.503 10.455 10.418 10.39 10.37 10.375 10.382 10.363 10.335 10.255 10.193 10.208 10.232 10.258 10.295 10.343 10.35 10.32
12.132 12.11 12.088 12.103 12.12 12.103 12.015 11.86 11.7 11.568 11.473 11.408 11.363 11.315 11.273 11.25 11.23 11.218 11.23 11.245 11.247 11.24 11.232 11.22 11.213 11.23 11.27 11.32 11.35 11.325 11.255 11.175 11.097 11.013 10.97 10.928 10.86 10.838 10.832 10.83 10.812 10.735 10.615 10.495 10.375 10.298 10.343 10.465 10.547 10.545 10.52 10.517 10.522 10.5 10.44 10.377 10.315 10.268 10.23 10.192 10.158 10.143 10.135 10.118 10.1 10.078 10.073 10.09 10.11 10.127 10.145 10.173 10.195 10.208
11.908 11.895 11.898 11.92 11.935 11.915 11.833 11.72 11.623 11.53 11.45 11.4 11.365 11.323 11.28 11.235 11.195 11.175 11.168 11.145 11.12 11.11 11.103 11.118 11.14 11.17 11.222 11.272 11.25 11.175 11.105 11.025 10.945 10.86 10.78 10.715 10.683 10.677 10.67 10.662 10.657 10.61 10.505 10.385 10.265 10.175 10.19 10.297 10.382 10.392 10.375 10.36 10.327 10.285 10.242 10.19 10.13 10.082 10.04 9.99 9.955 9.96 9.97 9.96 9.953 9.945 9.935 9.937 9.95 9.96 9.983 10.03 10.075 10.11
11.735 11.778 11.845 11.902 11.91 11.872 11.802 11.702 11.593 11.488 11.425 11.41 11.385 11.345 11.3 11.245 11.198 11.177 11.135 11.043 10.985 10.978 10.995 11.04 11.06 11.085 11.153 11.225 11.165 11 10.885 10.81 10.75 10.695 10.62 10.538 10.495 10.477 10.465 10.46 10.465 10.457 10.39 10.275 10.155 10.058 10.018 10.075 10.155 10.14 10.088 10.06 10.035 10.01 9.985 9.952 9.917 9.875 9.82 9.763 9.758 9.82 9.857 9.847 9.83 9.8 9.765 9.755 9.765 9.78 9.823 9.887 9.935 9.965
11.61 11.69 11.767 11.82 11.812 11.777 11.755 11.685 11.56 11.455 11.423 11.432 11.415 11.37 11.315 11.255 11.205 11.157 11.057 10.918 10.853 10.878 10.945 10.98 10.968 10.995 11.098 11.215 11.145 10.91 10.708 10.555 10.465 10.455 10.447 10.385 10.313 10.27 10.25 10.253 10.265 10.275 10.252 10.165 10.045 9.953 9.89 9.883 9.922 9.897 9.82 9.768 9.738 9.718 9.708 9.705 9.687 9.637 9.575 9.548 9.595 9.682 9.72 9.707 9.68 9.64 9.602 9.583 9.585 9.615 9.675 9.745 9.795 9.8
11.463 11.515 11.563 11.605 11.62 11.623 11.65 11.647 11.567 11.493 11.472 11.465 11.435 11.38 11.32 11.262 11.205 11.11 10.97 10.818 10.765 10.835 10.925 10.92 10.873 10.93 11.09 11.23 11.147 10.91 10.675 10.44 10.26 10.208 10.22 10.21 10.155 10.085 10.048 10.05 10.065 10.075 10.08 10.037 9.935 9.845 9.787 9.74 9.71 9.66 9.578 9.503 9.468 9.47 9.485 9.495 9.462 9.395 9.345 9.363 9.432 9.5 9.505 9.46 9.427 9.417 9.425 9.415 9.412 9.462 9.535 9.605 9.637 9.613
11.31 11.338 11.375 11.415 11.443 11.467 11.502 11.537 11.547 11.522 11.485 11.447 11.41 11.37 11.32 11.262 11.2 11.09 10.94 10.778 10.715 10.792 10.882 10.847 10.795 10.91 11.112 11.245 11.15 10.913 10.677 10.43 10.203 10.095 10.075 10.058 9.997 9.903 9.843 9.838 9.857 9.872 9.885 9.882 9.822 9.74 9.672 9.592 9.51 9.433 9.355 9.275 9.24 9.26 9.282 9.267 9.207 9.143 9.125 9.168 9.232 9.27 9.235 9.16 9.103 9.073 9.087 9.112 9.147 9.222 9.312 9.422 9.515 9.543
11.17 11.193 11.225 11.26 11.278 11.29 11.315 11.35 11.397 11.43 11.412 11.37 11.34 11.322 11.297 11.255 11.2 11.1 10.945 10.763 10.663 10.72 10.8 10.765 10.763 10.923 11.137 11.257 11.15 10.915 10.667 10.395 10.163 10.053 10.007 9.945 9.837 9.713 9.628 9.608 9.632 9.655 9.672 9.69 9.667 9.595 9.5 9.39 9.293 9.215 9.14 9.06 9.028 9.045 9.042 8.995 8.923 8.885 8.908 8.958 9.017 9.027 8.965 8.888 8.813 8.735 8.688 8.685 8.758 8.89 9.03 9.195 9.392 9.56
11.035 11.053 11.078 11.107 11.12 11.123 11.133 11.155 11.2 11.26 11.295 11.285 11.26 11.245 11.235 11.215 11.182 11.097 10.935 10.74 10.613 10.622 10.662 10.643 10.737 10.955 11.162 11.27 11.15 10.902 10.632 10.33 10.083 9.963 9.89 9.81 9.69 9.538 9.42 9.38 9.4 9.425 9.445 9.417 9.373 9.318 9.243 9.16 9.068 8.993 8.918 8.84 8.805 8.798 8.755 8.693 8.65 8.66 8.703 8.75 8.79 8.77 8.7 8.638 8.585 8.53 8.475 8.44 8.49 8.623 8.785 8.963 9.188 9.45
10.9 10.918 10.938 10.958 10.968 10.975 10.983 10.993 11.028 11.085 11.148 11.197 11.21 11.203 11.198 11.19 11.16 11.055 10.882 10.695 10.548 10.488 10.473 10.458 10.6 10.892 11.165 11.282 11.13 10.822 10.487 10.175 9.965 9.845 9.75 9.67 9.547 9.38 9.233 9.163 9.168 9.192 9.187 9.145 9.118 9.07 9.008 8.94 8.855 8.783 8.71 8.65 8.615 8.583 8.535 8.493 8.5 8.545 8.583 8.623 8.648 8.61 8.548 8.508 8.475 8.443 8.41 8.393 8.408 8.475 8.593 8.738 8.955 9.235
10.775 10.795 10.828 10.858 10.87 10.88 10.89 10.898 10.928 10.988 11.053 11.138 11.207 11.223 11.22 11.22 11.137 10.965 10.785 10.613 10.473 10.383 10.33 10.295 10.398 10.708 11.055 11.177 10.967 10.595 10.223 9.975 9.863 9.75 9.625 9.527 9.4 9.233 9.07 8.958 8.935 8.953 8.955 8.983 9 8.942 8.855 8.765 8.685 8.615 8.57 8.565 8.54 8.493 8.458 8.435 8.48 8.55 8.588 8.66 8.707 8.643 8.538 8.473 8.44 8.407 8.375 8.365 8.375 8.41 8.483 8.6 8.825 9.117
10.67 10.703 10.76 10.802 10.815 10.825 10.835 10.843 10.875 10.94 11.005 11.103 11.22 11.267 11.265 11.222 11.062 10.855 10.678 10.528 10.415 10.33 10.265 10.233 10.315 10.528 10.757 10.857 10.66 10.27 9.975 9.845 9.777 9.67 9.528 9.403 9.273 9.118 8.963 8.823 8.753 8.763 8.813 8.877 8.882 8.812 8.72 8.625 8.545 8.508 8.54 8.585 8.55 8.478 8.435 8.413 8.475 8.577 8.638 8.765 8.845 8.777 8.643 8.498 8.415 8.373 8.343 8.34 8.355 8.373 8.42 8.568 8.8 9.032
10.583 10.64 10.707 10.745 10.755 10.768 10.78 10.79 10.823 10.888 10.958 11.073 11.23 11.31 11.292 11.167 10.95 10.748 10.59 10.47 10.37 10.28 10.223 10.243 10.317 10.362 10.37 10.412 10.297 10 9.823 9.755 9.69 9.585 9.45 9.335 9.248 9.173 9.1 9.012 8.915 8.818 8.753 8.773 8.762 8.673 8.575 8.483 8.443 8.488 8.585 8.63 8.565 8.475 8.42 8.39 8.455 8.59 8.738 8.9 8.955 8.912 8.815 8.64 8.473 8.363 8.315 8.318 8.333 8.35 8.378 8.495 8.675 8.837
10.515 10.587 10.655 10.69 10.7 10.713 10.725 10.735 10.768 10.835 10.917 11.05 11.227 11.335 11.272 11.07 10.84 10.655 10.528 10.425 10.325 10.228 10.185 10.22 10.252 10.205 10.105 10.05 9.965 9.825 9.73 9.665 9.6 9.51 9.405 9.315 9.267 9.26 9.247 9.202 9.105 8.94 8.78 8.713 8.65 8.545 8.445 8.388 8.432 8.54 8.64 8.662 8.577 8.48 8.415 8.37 8.43 8.633 8.895 9.057 9.065 9.025 8.965 8.832 8.64 8.455 8.343 8.325 8.348 8.375 8.39 8.408 8.478 8.613
10.453 10.525 10.615 10.67 10.68 10.69 10.7 10.685 10.685 10.747 10.832 10.967 11.15 11.245 11.152 10.942 10.738 10.585 10.472 10.367 10.262 10.165 10.12 10.127 10.125 10.06 9.955 9.863 9.78 9.7 9.625 9.557 9.492 9.427 9.362 9.297 9.25 9.222 9.185 9.125 9.025 8.9 8.787 8.692 8.583 8.465 8.365 8.305 8.348 8.532 8.692 8.692 8.595 8.49 8.42 8.363 8.415 8.633 8.892 9.065 9.112 9.095 9.075 9.002 8.832 8.623 8.463 8.398 8.405 8.432 8.44 8.415 8.398 8.433
10.388 10.465 10.587 10.677 10.697 10.705 10.677 10.587 10.548 10.605 10.678 10.793 10.947 10.972 10.855 10.73 10.617 10.507 10.4 10.29 10.18 10.09 10.033 10.018 9.995 9.915 9.828 9.76 9.69 9.603 9.513 9.435 9.37 9.318 9.272 9.227 9.187 9.15 9.107 9.047 8.95 8.84 8.75 8.67 8.565 8.433 8.315 8.22 8.172 8.16 8.13 8.358 8.595 8.57 8.527 8.445 8.455 8.6 8.76 8.928 9.05 9.085 9.087 9.07 8.962 8.777 8.62 8.515 8.473 8.487 8.492 8.462 8.42 8.383
