EGM722_Project_Data/DTM_asc/TL4359.asc
ncols         200
nrows         200
xllcorner     543000.000
yllcorner     259000.000
cellsize      5
NODATA_value  -9999.0
[rows 64 to 95 of 200, columns 0 to 72 of 200]
24.193 24.508 24.785 25.008 25.22 25.402 25.5 25.522 25.52 25.507 25.527 25.555 25.517 25.372 25.095 24.772 24.48 24.19 23.94 23.685 23.433 23.288 23.235 23.275 23.36 23.433 23.543 23.878 24.413 24.955 25.252 25.292 25.295 25.237 25.11 24.983 24.885 24.805 24.84 24.97 25.067 25.13 25.2 25.285 25.342 25.36 25.298 25.213 25.225 25.197 25.128 25.135 25.162 25.2 25.255 25.292 25.29 25.257 25.202 25.13 25.05 24.972 24.895 24.787 24.655 24.595 24.592 24.572 24.55 24.527 24.5 24.472 24.44
24.183 24.598 24.845 24.988 25.148 25.285 25.36 25.405 25.435 25.455 25.452 25.385 25.247 25.075 24.827 24.52 24.228 23.985 23.81 23.66 23.475 23.33 23.333 23.415 23.502 23.585 23.722 23.987 24.325 24.72 24.975 24.997 24.985 24.96 24.885 24.79 24.707 24.625 24.648 24.747 24.81 24.86 24.93 25.015 25.1 25.167 25.187 25.215 25.282 25.302 25.287 25.295 25.302 25.31 25.322 25.337 25.33 25.29 25.225 25.145 25.067 24.992 24.915 24.832 24.747 24.695 24.667 24.637 24.61 24.577 24.545 24.515 24.49
24.347 24.937 25.212 25.192 25.11 25.108 25.163 25.218 25.272 25.327 25.292 25.138 24.963 24.795 24.562 24.265 24.018 23.863 23.74 23.6 23.453 23.35 23.365 23.455 23.542 23.625 23.725 23.897 24.165 24.452 24.637 24.7 24.705 24.69 24.645 24.575 24.502 24.425 24.428 24.495 24.545 24.595 24.665 24.75 24.835 24.94 25.062 25.167 25.25 25.31 25.325 25.315 25.305 25.295 25.287 25.3 25.31 25.287 25.232 25.155 25.078 25.002 24.925 24.863 24.795 24.73 24.69 24.652 24.615 24.575 24.54 24.513 24.5
24.362 25.08 25.427 25.33 25.125 25.018 25.01 25.045 25.105 25.162 25.11 24.918 24.715 24.535 24.293 24.038 23.885 23.785 23.685 23.575 23.44 23.323 23.325 23.412 23.495 23.572 23.635 23.708 23.865 24.083 24.255 24.37 24.43 24.427 24.38 24.312 24.24 24.165 24.165 24.23 24.285 24.335 24.405 24.498 24.605 24.745 24.895 25.025 25.127 25.197 25.232 25.235 25.225 25.215 25.215 25.238 25.267 25.272 25.232 25.162 25.085 25.008 24.948 24.917 24.832 24.733 24.69 24.65 24.61 24.57 24.533 24.507 24.492
24.278 25.02 25.39 25.327 25.187 25.06 24.978 24.938 24.95 25 24.937 24.72 24.485 24.273 24.06 23.898 23.795 23.698 23.603 23.51 23.405 23.293 23.283 23.362 23.44 23.515 23.575 23.62 23.68 23.778 23.89 24.003 24.108 24.15 24.105 24.025 23.94 23.863 23.87 23.945 24.013 24.073 24.155 24.275 24.418 24.575 24.722 24.86 24.987 25.08 25.127 25.145 25.145 25.135 25.143 25.17 25.205 25.232 25.222 25.167 25.093 25.033 25.005 24.997 24.877 24.738 24.695 24.653 24.61 24.57 24.525 24.487 24.46
24.395 24.953 25.302 25.292 25.167 25.072 25 24.93 24.882 24.867 24.762 24.538 24.293 24.063 23.908 23.81 23.71 23.613 23.517 23.423 23.33 23.238 23.23 23.305 23.38 23.455 23.517 23.567 23.593 23.61 23.66 23.74 23.843 23.91 23.87 23.768 23.665 23.59 23.61 23.698 23.788 23.86 23.953 24.093 24.245 24.403 24.548 24.685 24.825 24.947 25.012 25.04 25.057 25.058 25.07 25.103 25.138 25.173 25.195 25.17 25.12 25.095 25.088 25.082 24.92 24.74 24.7 24.657 24.61 24.557 24.5 24.448 24.407
24.885 25.13 25.215 25.117 24.985 24.91 24.86 24.81 24.752 24.705 24.597 24.385 24.145 23.92 23.768 23.685 23.612 23.525 23.43 23.34 23.253 23.17 23.168 23.24 23.315 23.397 23.47 23.52 23.522 23.51 23.54 23.6 23.68 23.752 23.722 23.608 23.505 23.453 23.495 23.598 23.685 23.735 23.818 23.955 24.098 24.24 24.388 24.54 24.688 24.83 24.912 24.938 24.96 24.985 25.018 25.055 25.093 25.128 25.162 25.162 25.155 25.17 25.172 25.155 24.96 24.75 24.7 24.65 24.587 24.52 24.458 24.405 24.357
25.305 25.225 25.025 24.858 24.73 24.643 24.59 24.538 24.5 24.497 24.422 24.237 24.017 23.793 23.613 23.508 23.45 23.382 23.325 23.27 23.19 23.113 23.105 23.17 23.25 23.35 23.435 23.465 23.44 23.413 23.435 23.485 23.545 23.62 23.61 23.518 23.453 23.435 23.49 23.577 23.622 23.638 23.71 23.845 23.975 24.085 24.238 24.432 24.602 24.75 24.83 24.853 24.888 24.94 24.995 25.043 25.085 25.122 25.145 25.137 25.13 25.15 25.18 25.177 24.985 24.76 24.682 24.615 24.54 24.47 24.413 24.362 24.302
25.535 25.098 24.75 24.615 24.485 24.383 24.318 24.28 24.283 24.302 24.225 24.055 23.87 23.665 23.478 23.33 23.233 23.155 23.115 23.122 23.107 23.055 23.043 23.108 23.203 23.312 23.392 23.395 23.35 23.315 23.333 23.385 23.435 23.492 23.505 23.468 23.44 23.433 23.47 23.515 23.527 23.533 23.6 23.73 23.837 23.915 24.068 24.3 24.515 24.68 24.76 24.798 24.855 24.92 24.982 25.042 25.095 25.127 25.125 25.102 25.075 25.06 25.082 25.09 24.93 24.715 24.62 24.56 24.49 24.423 24.365 24.305 24.23
25.692 24.958 24.488 24.362 24.237 24.125 24.065 24.065 24.088 24.107 24.035 23.875 23.715 23.543 23.355 23.163 23.008 22.888 22.81 22.84 22.91 22.94 22.975 23.058 23.168 23.28 23.335 23.31 23.258 23.215 23.228 23.28 23.33 23.385 23.43 23.44 23.427 23.417 23.42 23.423 23.423 23.425 23.488 23.597 23.685 23.768 23.925 24.16 24.397 24.635 24.765 24.793 24.84 24.903 24.965 25.02 25.065 25.077 25.062 25.042 25.017 24.995 24.985 24.96 24.83 24.64 24.525 24.472 24.425 24.367 24.3 24.225 24.145
25.62 24.748 24.228 24.1 23.98 23.908 23.895 23.905 23.928 23.942 23.895 23.773 23.625 23.468 23.278 23.073 22.913 22.78 22.68 22.695 22.785 22.87 22.948 23.038 23.148 23.26 23.29 23.233 23.168 23.118 23.125 23.178 23.233 23.295 23.36 23.397 23.4 23.387 23.373 23.358 23.345 23.338 23.383 23.473 23.565 23.668 23.833 24.057 24.262 24.512 24.83 24.995 24.995 24.965 24.94 24.955 24.975 24.972 24.957 24.94 24.922 24.907 24.902 24.867 24.75 24.583 24.43 24.35 24.322 24.28 24.215 24.14 24.06
25.152 24.522 23.98 23.84 23.77 23.788 23.797 23.783 23.8 23.805 23.77 23.695 23.577 23.43 23.245 23.073 22.953 22.835 22.738 22.75 22.837 22.912 22.978 23.053 23.145 23.25 23.267 23.19 23.11 23.038 23.03 23.085 23.148 23.212 23.275 23.33 23.357 23.352 23.337 23.32 23.305 23.303 23.338 23.41 23.49 23.583 23.735 23.925 24.082 24.278 24.782 25.142 25.087 24.987 24.89 24.857 24.86 24.855 24.84 24.82 24.808 24.81 24.83 24.787 24.66 24.51 24.353 24.24 24.198 24.165 24.11 24.045 23.972
24.26 24.12 23.74 23.63 23.66 23.72 23.717 23.683 23.678 23.665 23.618 23.563 23.492 23.382 23.233 23.1 22.997 22.888 22.803 22.818 22.895 22.96 23.023 23.09 23.165 23.25 23.252 23.165 23.075 22.983 22.953 23 23.065 23.13 23.19 23.25 23.3 23.317 23.305 23.29 23.29 23.305 23.345 23.405 23.465 23.523 23.578 23.65 23.753 23.895 24.322 24.625 24.572 24.597 24.652 24.69 24.725 24.735 24.72 24.713 24.725 24.755 24.772 24.697 24.555 24.413 24.27 24.14 24.075 24.045 23.988 23.923 23.855
23.485 23.578 23.515 23.52 23.6 23.655 23.653 23.618 23.59 23.555 23.505 23.455 23.405 23.335 23.242 23.142 23.04 22.935 22.86 22.875 22.943 23.005 23.068 23.135 23.208 23.287 23.26 23.133 23.028 22.933 22.895 22.928 22.983 23.047 23.11 23.17 23.23 23.27 23.28 23.283 23.295 23.315 23.355 23.412 23.45 23.467 23.448 23.408 23.398 23.423 23.62 23.835 23.94 24.123 24.307 24.42 24.505 24.567 24.608 24.645 24.685 24.725 24.705 24.593 24.453 24.33 24.22 24.085 23.985 23.942 23.883 23.81 23.745
23.225 23.308 23.39 23.47 23.553 23.62 23.627 23.595 23.56 23.518 23.473 23.423 23.363 23.295 23.24 23.177 23.082 22.978 22.918 22.94 23 23.06 23.12 23.188 23.27 23.362 23.317 23.143 22.993 22.88 22.845 22.87 22.908 22.963 23.025 23.085 23.145 23.2 23.245 23.28 23.302 23.322 23.355 23.382 23.39 23.397 23.392 23.335 23.245 23.163 23.198 23.39 23.625 23.85 24.012 24.11 24.213 24.348 24.495 24.595 24.65 24.682 24.632 24.52 24.413 24.32 24.225 24.072 23.923 23.853 23.797 23.723 23.668
23.178 23.265 23.35 23.433 23.523 23.61 23.63 23.595 23.56 23.52 23.47 23.405 23.33 23.255 23.21 23.18 23.117 23.023 22.98 23.02 23.078 23.135 23.195 23.265 23.353 23.447 23.402 23.213 23.025 22.865 22.8 22.823 22.855 22.893 22.943 23 23.06 23.12 23.18 23.235 23.275 23.3 23.307 23.305 23.315 23.33 23.337 23.295 23.192 23.068 23.01 23.135 23.365 23.567 23.705 23.815 23.96 24.15 24.355 24.505 24.603 24.653 24.608 24.52 24.44 24.355 24.227 24.045 23.863 23.763 23.71 23.643 23.598
23.135 23.225 23.313 23.403 23.5 23.6 23.632 23.598 23.562 23.51 23.44 23.367 23.29 23.215 23.17 23.15 23.12 23.058 23.043 23.1 23.162 23.222 23.283 23.355 23.438 23.53 23.487 23.3 23.115 22.943 22.848 22.833 22.848 22.88 22.905 22.933 22.98 23.043 23.102 23.152 23.185 23.208 23.248 23.283 23.28 23.268 23.275 23.24 23.103 22.958 22.88 22.92 23.103 23.282 23.413 23.573 23.77 23.998 24.243 24.443 24.6 24.717 24.677 24.56 24.48 24.372 24.21 24.015 23.82 23.69 23.62 23.565 23.533
23.092 23.18 23.275 23.377 23.48 23.585 23.632 23.607 23.567 23.482 23.385 23.315 23.245 23.178 23.133 23.11 23.09 23.063 23.085 23.16 23.232 23.302 23.372 23.45 23.53 23.617 23.575 23.4 23.238 23.093 23 22.95 22.923 22.92 22.918 22.918 22.933 22.973 23.02 23.06 23.088 23.115 23.208 23.34 23.377 23.335 23.305 23.243 23.098 22.95 22.835 22.765 22.845 23.01 23.2 23.44 23.688 23.95 24.23 24.44 24.607 24.787 24.792 24.637 24.507 24.365 24.18 23.985 23.79 23.63 23.535 23.493 23.468
23 23.097 23.205 23.312 23.417 23.54 23.625 23.625 23.562 23.44 23.328 23.255 23.188 23.13 23.088 23.06 23.04 23.03 23.073 23.155 23.235 23.32 23.41 23.502 23.597 23.695 23.675 23.533 23.39 23.255 23.165 23.12 23.08 23.01 22.96 22.958 22.953 22.95 22.955 22.98 23.02 23.06 23.158 23.35 23.515 23.537 23.48 23.39 23.27 23.143 22.98 22.818 22.77 22.898 23.148 23.433 23.715 23.995 24.26 24.437 24.583 24.767 24.802 24.662 24.538 24.393 24.188 23.98 23.773 23.58 23.465 23.433 23.413
22.875 22.99 23.102 23.208 23.333 23.492 23.62 23.632 23.537 23.395 23.273 23.193 23.13 23.08 23.04 23.005 22.98 22.978 23.025 23.105 23.19 23.283 23.38 23.485 23.595 23.717 23.755 23.667 23.542 23.425 23.358 23.325 23.272 23.135 23.028 23.015 23.002 22.972 22.935 22.93 22.96 23 23.105 23.305 23.535 23.687 23.697 23.607 23.505 23.415 23.27 23.09 23 23.058 23.228 23.478 23.76 24.042 24.28 24.43 24.562 24.687 24.685 24.62 24.602 24.515 24.32 24.08 23.815 23.573 23.438 23.403 23.388
22.765 22.885 22.998 23.123 23.288 23.47 23.62 23.625 23.497 23.35 23.218 23.13 23.078 23.035 22.995 22.955 22.923 22.923 22.978 23.063 23.153 23.245 23.34 23.445 23.568 23.717 23.787 23.742 23.675 23.62 23.59 23.555 23.442 23.24 23.103 23.067 23.035 22.99 22.94 22.903 22.905 22.94 23.053 23.26 23.49 23.712 23.852 23.83 23.748 23.685 23.557 23.413 23.373 23.395 23.448 23.578 23.805 24.087 24.3 24.423 24.537 24.61 24.613 24.62 24.645 24.602 24.412 24.12 23.805 23.565 23.45 23.403 23.385
22.653 22.778 22.913 23.075 23.257 23.44 23.592 23.587 23.445 23.297 23.163 23.075 23.03 22.99 22.95 22.91 22.873 22.873 22.938 23.03 23.12 23.213 23.308 23.415 23.555 23.715 23.772 23.722 23.69 23.71 23.76 23.725 23.552 23.325 23.168 23.102 23.055 23.005 22.955 22.905 22.873 22.883 23 23.215 23.445 23.675 23.907 24.037 24.013 23.945 23.84 23.755 23.757 23.782 23.805 23.838 23.935 24.13 24.31 24.43 24.52 24.555 24.57 24.587 24.602 24.56 24.347 24.025 23.733 23.56 23.478 23.41 23.38
22.535 22.665 22.837 23.03 23.21 23.39 23.52 23.502 23.372 23.23 23.105 23.028 22.985 22.945 22.905 22.865 22.835 22.853 22.925 23.015 23.105 23.2 23.29 23.375 23.498 23.652 23.697 23.638 23.605 23.653 23.752 23.742 23.575 23.352 23.188 23.11 23.062 23.015 22.967 22.92 22.873 22.848 22.958 23.208 23.483 23.758 24.045 24.305 24.362 24.245 24.127 24.08 24.092 24.11 24.127 24.142 24.158 24.228 24.358 24.495 24.525 24.48 24.485 24.502 24.517 24.47 24.255 23.935 23.698 23.585 23.51 23.433 23.383
22.438 22.545 22.733 22.952 23.145 23.325 23.427 23.397 23.287 23.148 23.043 22.985 22.94 22.9 22.86 22.823 22.818 22.863 22.938 23.023 23.11 23.202 23.282 23.34 23.418 23.55 23.597 23.553 23.533 23.568 23.632 23.627 23.52 23.328 23.173 23.103 23.052 23.007 22.962 22.917 22.875 22.848 23.013 23.35 23.675 23.995 24.31 24.565 24.607 24.452 24.32 24.287 24.295 24.305 24.315 24.325 24.335 24.363 24.46 24.575 24.517 24.405 24.398 24.415 24.432 24.382 24.165 23.868 23.688 23.608 23.535 23.462 23.395
22.385 22.495 22.663 22.855 23.068 23.26 23.335 23.285 23.192 23.073 22.99 22.945 22.9 22.858 22.815 22.798 22.823 22.875 22.95 23.037 23.123 23.21 23.28 23.328 23.378 23.465 23.505 23.48 23.465 23.483 23.507 23.48 23.417 23.287 23.163 23.098 23.038 22.99 22.945 22.905 22.878 22.89 23.14 23.562 23.932 24.265 24.547 24.692 24.665 24.518 24.405 24.4 24.415 24.425 24.432 24.44 24.455 24.483 24.572 24.61 24.465 24.33 24.313 24.328 24.345 24.295 24.072 23.825 23.705 23.632 23.557 23.485 23.385
22.45 22.62 22.797 22.955 23.103 23.217 23.237 23.167 23.087 23.005 22.945 22.902 22.86 22.815 22.783 22.795 22.838 22.89 22.963 23.05 23.138 23.227 23.295 23.335 23.378 23.43 23.448 23.428 23.408 23.398 23.385 23.348 23.305 23.24 23.163 23.098 23.033 22.975 22.935 22.913 22.903 22.97 23.263 23.705 24.127 24.5 24.712 24.75 24.712 24.583 24.488 24.505 24.527 24.54 24.548 24.558 24.58 24.61 24.662 24.605 24.4 24.255 24.228 24.243 24.26 24.205 23.998 23.81 23.727 23.655 23.56 23.437 23.295
22.385 22.615 22.842 23.05 23.17 23.182 23.135 23.06 22.983 22.912 22.86 22.817 22.775 22.758 22.775 22.81 22.855 22.908 22.978 23.065 23.155 23.25 23.32 23.36 23.4 23.442 23.45 23.425 23.4 23.368 23.335 23.3 23.263 23.228 23.177 23.113 23.048 22.983 22.945 22.935 22.975 23.148 23.495 23.93 24.365 24.687 24.787 24.78 24.76 24.658 24.583 24.61 24.637 24.655 24.665 24.682 24.71 24.737 24.71 24.56 24.34 24.185 24.145 24.158 24.177 24.117 23.953 23.825 23.735 23.617 23.47 23.295 23.143
22.055 22.335 22.587 22.835 23.005 23.062 23.035 22.96 22.878 22.795 22.735 22.698 22.688 22.73 22.788 22.83 22.875 22.925 22.993 23.083 23.178 23.275 23.345 23.385 23.425 23.47 23.48 23.455 23.427 23.39 23.353 23.317 23.28 23.242 23.197 23.137 23.072 23.005 22.963 23 23.173 23.46 23.83 24.257 24.65 24.82 24.813 24.807 24.8 24.733 24.685 24.715 24.745 24.77 24.787 24.8 24.805 24.8 24.71 24.51 24.283 24.115 24.063 24.073 24.092 24.045 23.922 23.797 23.655 23.485 23.302 23.12 22.985
21.675 22.017 22.272 22.51 22.682 22.802 22.872 22.852 22.775 22.682 22.625 22.628 22.678 22.752 22.812 22.855 22.898 22.943 23.01 23.105 23.203 23.3 23.372 23.415 23.458 23.502 23.51 23.48 23.447 23.41 23.37 23.333 23.295 23.257 23.217 23.162 23.095 23.025 23.033 23.205 23.498 23.82 24.173 24.585 24.86 24.88 24.84 24.832 24.825 24.795 24.785 24.815 24.84 24.86 24.867 24.852 24.822 24.787 24.682 24.493 24.288 24.113 24.03 24.025 24.032 23.975 23.84 23.675 23.492 23.31 23.128 22.953 22.848
21.257 21.67 21.957 22.185 22.347 22.472 22.595 22.67 22.632 22.535 22.523 22.607 22.702 22.78 22.838 22.883 22.935 22.99 23.06 23.15 23.238 23.325 23.398 23.445 23.49 23.535 23.537 23.5 23.462 23.425 23.387 23.35 23.31 23.272 23.235 23.185 23.143 23.128 23.21 23.475 23.835 24.18 24.52 24.847 24.972 24.908 24.86 24.842 24.825 24.817 24.835 24.86 24.875 24.887 24.877 24.842 24.805 24.77 24.68 24.525 24.36 24.195 24.068 24 23.95 23.85 23.69 23.508 23.32 23.135 22.953 22.805 22.76
20.81 21.287 21.64 21.862 22.015 22.137 22.26 22.375 22.387 22.343 22.405 22.54 22.673 22.8 22.895 22.955 23.023 23.09 23.16 23.24 23.32 23.393 23.453 23.503 23.55 23.575 23.555 23.515 23.477 23.437 23.39 23.357 23.33 23.29 23.253 23.265 23.315 23.365 23.468 23.7 24.06 24.445 24.81 25.015 25.005 24.927 24.85 24.802 24.777 24.78 24.812 24.842 24.86 24.872 24.862 24.828 24.795 24.77 24.697 24.557 24.402 24.247 24.08 23.938 23.823 23.698 23.553 23.385 23.215 23.048 22.878 22.738 22.72
20.36 20.87 21.29 21.537 21.68 21.8 21.918 22.03 22.105 22.193 22.34 22.505 22.678 22.863 23.002 23.08 23.147 23.21 23.28 23.36 23.432 23.49 23.54 23.59 23.62 23.605 23.568 23.53 23.485 23.43 23.365 23.343 23.345 23.315 23.293 23.398 23.565 23.655 23.75 23.935 24.228 24.6 24.957 25.087 25.025 24.942 24.825 24.735 24.705 24.718 24.76 24.802 24.837 24.857 24.847 24.818 24.798 24.785 24.71 24.562 24.4 24.225 24.032 23.863 23.728 23.623 23.543 23.43 23.285 23.135 22.973 22.788 22.705
