EGM722_Project_Data/DTM_asc/TL4360.asc
ncols         200
nrows         200
xllcorner     543000.000
yllcorner     260000.000
cellsize      5
NODATA_value  -9999.0
[rows 160 to 191 of 200, columns 73 to 145 of 200]
21.4 21.305 21.197 21.055 20.945 20.923 20.932 20.927 20.91 20.895 20.865 20.802 20.725 20.645 20.568 20.533 20.56 20.55 20.485 20.42 20.355 20.305 20.257 20.202 20.15 20.102 20.045 19.97 19.887 19.798 19.705 19.607 19.502 19.385 19.25 19.123 19.018 18.92 18.823 18.755 18.74 18.77 18.817 18.855 18.87 18.822 18.725 18.625 18.55 18.513 18.658 19.19 19.595 19.447 18.835 18.358 18.35 18.405 18.405 18.378 18.395 18.327 18.135 17.975 17.865 17.775 17.71 17.67 17.64 17.625 17.622 17.62 17.615
21.4 21.305 21.215 21.117 21.012 20.958 20.947 20.93 20.91 20.882 20.828 20.75 20.673 20.595 20.515 20.495 20.537 20.53 20.47 20.407 20.345 20.292 20.247 20.202 20.152 20.092 20.017 19.933 19.85 19.76 19.665 19.573 19.477 19.365 19.23 19.093 18.97 18.863 18.758 18.665 18.64 18.678 18.723 18.77 18.8 18.755 18.655 18.555 18.455 18.51 19.03 19.54 19.545 19.007 18.418 18.298 18.347 18.367 18.338 18.295 18.27 18.213 18.093 17.975 17.875 17.79 17.738 17.702 17.67 17.655 17.65 17.645 17.64
21.397 21.302 21.207 21.112 21.028 20.978 20.955 20.932 20.907 20.875 20.828 20.76 20.685 20.61 20.528 20.478 20.49 20.482 20.427 20.372 20.32 20.272 20.227 20.18 20.12 20.057 19.99 19.905 19.818 19.728 19.633 19.54 19.45 19.34 19.205 19.068 18.94 18.825 18.715 18.618 18.595 18.638 18.688 18.74 18.762 18.692 18.575 18.475 18.39 18.79 19.435 19.642 19.18 18.478 18.258 18.302 18.347 18.347 18.303 18.258 18.215 18.163 18.08 17.98 17.883 17.808 17.765 17.732 17.7 17.682 17.677 17.672 17.665
21.382 21.28 21.18 21.09 21.025 20.988 20.96 20.93 20.898 20.872 20.85 20.807 20.745 20.67 20.583 20.493 20.448 20.417 20.37 20.328 20.285 20.245 20.197 20.132 20.055 20 19.957 19.887 19.8 19.708 19.61 19.515 19.425 19.312 19.178 19.045 18.92 18.805 18.703 18.633 18.625 18.668 18.72 18.757 18.757 18.642 18.488 18.385 18.63 19.275 19.667 19.365 18.608 18.22 18.265 18.305 18.345 18.342 18.3 18.258 18.215 18.162 18.08 17.983 17.893 17.82 17.775 17.745 17.715 17.695 17.687 17.682 17.675
21.353 21.238 21.148 21.088 21.05 21.002 20.952 20.917 20.883 20.858 20.842 20.822 20.79 20.73 20.64 20.535 20.435 20.368 20.33 20.295 20.257 20.215 20.152 20.07 19.983 19.925 19.895 19.852 19.785 19.695 19.595 19.495 19.4 19.287 19.155 19.028 18.903 18.79 18.715 18.68 18.675 18.707 18.742 18.75 18.74 18.612 18.42 18.56 19.165 19.635 19.5 18.79 18.248 18.223 18.265 18.302 18.34 18.34 18.3 18.263 18.227 18.17 18.083 17.993 17.908 17.828 17.775 17.745 17.715 17.693 17.683 17.677 17.672
21.318 21.223 21.173 21.142 21.085 20.987 20.923 20.895 20.865 20.842 20.827 20.812 20.797 20.76 20.672 20.552 20.425 20.33 20.285 20.255 20.222 20.167 20.085 19.998 19.91 19.848 19.815 19.785 19.745 19.672 19.575 19.475 19.377 19.265 19.135 19.01 18.888 18.798 18.76 18.74 18.725 18.73 18.738 18.733 18.722 18.597 18.375 18.84 19.537 19.577 18.982 18.318 18.18 18.22 18.26 18.303 18.34 18.337 18.302 18.27 18.237 18.177 18.092 18.01 17.925 17.84 17.78 17.745 17.715 17.69 17.68 17.675 17.67
21.33 21.28 21.26 21.207 21.082 20.945 20.88 20.86 20.835 20.812 20.795 20.777 20.76 20.73 20.655 20.535 20.403 20.295 20.235 20.202 20.17 20.105 20.015 19.928 19.84 19.775 19.74 19.71 19.68 19.62 19.527 19.433 19.35 19.267 19.155 19.03 18.915 18.853 18.835 18.815 18.795 18.778 18.765 18.753 18.74 18.607 18.348 18.807 19.527 19.155 18.388 18.143 18.19 18.24 18.293 18.342 18.345 18.312 18.285 18.257 18.232 18.175 18.09 18.01 17.925 17.84 17.778 17.74 17.713 17.698 17.693 17.688 17.683
21.405 21.38 21.33 21.21 21.043 20.903 20.838 20.812 20.788 20.763 20.743 20.725 20.705 20.672 20.605 20.502 20.378 20.265 20.193 20.148 20.11 20.042 19.95 19.868 19.795 19.733 19.68 19.64 19.61 19.552 19.465 19.383 19.328 19.285 19.205 19.09 18.988 18.94 18.927 18.91 18.89 18.87 18.85 18.835 18.825 18.695 18.443 18.52 18.787 18.48 18.133 18.185 18.245 18.305 18.367 18.387 18.327 18.268 18.245 18.23 18.222 18.17 18.073 17.985 17.903 17.82 17.763 17.735 17.72 17.718 17.717 17.715 17.71
21.495 21.457 21.352 21.18 21 20.858 20.79 20.763 20.74 20.713 20.688 20.67 20.65 20.612 20.542 20.455 20.35 20.238 20.155 20.1 20.05 19.983 19.903 19.838 19.782 19.72 19.65 19.59 19.545 19.487 19.415 19.36 19.322 19.285 19.232 19.145 19.063 19.03 19.02 19.005 18.987 18.97 18.955 18.95 18.947 18.847 18.658 18.483 18.348 18.295 18.283 18.288 18.335 18.395 18.422 18.372 18.283 18.233 18.223 18.22 18.22 18.167 18.063 17.965 17.88 17.803 17.755 17.743 17.74 17.74 17.74 17.74 17.737
21.547 21.485 21.355 21.168 20.99 20.858 20.798 20.775 20.753 20.718 20.678 20.64 20.603 20.553 20.478 20.395 20.307 20.205 20.12 20.06 20 19.938 19.877 19.825 19.77 19.705 19.635 19.565 19.498 19.435 19.383 19.345 19.31 19.272 19.235 19.18 19.127 19.102 19.087 19.067 19.055 19.052 19.05 19.05 19.05 18.997 18.885 18.78 18.687 18.61 18.542 18.48 18.455 18.457 18.422 18.338 18.255 18.22 18.22 18.22 18.217 18.162 18.06 17.96 17.863 17.79 17.763 17.76 17.76 17.76 17.762 17.765 17.755
21.557 21.487 21.357 21.178 21.025 20.918 20.865 20.845 20.817 20.772 20.72 20.665 20.603 20.53 20.445 20.355 20.268 20.17 20.08 20.01 19.947 19.89 19.835 19.795 19.76 19.685 19.595 19.525 19.452 19.39 19.345 19.307 19.25 19.22 19.212 19.175 19.14 19.115 19.095 19.077 19.077 19.092 19.102 19.105 19.105 19.077 19.01 18.93 18.84 18.73 18.645 18.582 18.525 18.48 18.412 18.328 18.253 18.22 18.22 18.22 18.225 18.175 18.07 17.97 17.865 17.79 17.76 17.74 17.733 17.737 17.745 17.75 17.717
21.562 21.495 21.365 21.208 21.09 20.993 20.935 20.915 20.88 20.827 20.772 20.71 20.632 20.545 20.455 20.365 20.273 20.16 20.04 19.948 19.885 19.833 19.793 19.775 19.762 19.685 19.56 19.468 19.395 19.338 19.292 19.232 19.135 19.11 19.155 19.147 19.115 19.088 19.07 19.07 19.085 19.105 19.122 19.132 19.135 19.105 19.035 18.94 18.817 18.675 18.57 18.523 18.502 18.472 18.41 18.335 18.26 18.225 18.225 18.23 18.247 18.202 18.093 17.99 17.893 17.818 17.768 17.725 17.698 17.683 17.668 17.663 17.625
21.557 21.497 21.39 21.27 21.167 21.065 21.005 20.98 20.937 20.88 20.815 20.74 20.655 20.565 20.475 20.388 20.3 20.17 20 19.883 19.83 19.795 19.778 19.77 19.76 19.702 19.573 19.435 19.34 19.282 19.217 19.12 19.005 18.98 19.05 19.095 19.09 19.065 19.06 19.075 19.095 19.115 19.137 19.157 19.165 19.132 19.042 18.912 18.765 18.615 18.51 18.475 18.472 18.447 18.392 18.332 18.265 18.23 18.235 18.253 18.275 18.235 18.125 18.013 17.925 17.86 17.803 17.755 17.715 17.675 17.635 17.605 17.563
21.54 21.497 21.432 21.347 21.245 21.14 21.078 21.042 20.99 20.922 20.842 20.76 20.675 20.585 20.495 20.41 20.332 20.2 19.985 19.835 19.795 19.783 19.775 19.765 19.755 19.72 19.61 19.45 19.313 19.21 19.105 18.99 18.875 18.85 18.923 18.995 19.037 19.047 19.06 19.08 19.1 19.12 19.145 19.17 19.182 19.137 19.017 18.87 18.723 18.575 18.48 18.458 18.45 18.42 18.368 18.315 18.263 18.24 18.258 18.283 18.307 18.27 18.157 18.04 17.957 17.9 17.842 17.79 17.745 17.705 17.662 17.612 17.553
21.53 21.5 21.452 21.39 21.312 21.22 21.15 21.097 21.027 20.95 20.865 20.78 20.695 20.605 20.523 20.45 20.382 20.252 20.02 19.853 19.8 19.778 19.77 19.76 19.75 19.732 19.65 19.5 19.348 19.228 19.1 18.943 18.783 18.735 18.81 18.888 18.955 18.992 19.012 19.035 19.055 19.075 19.097 19.12 19.127 19.09 18.987 18.848 18.705 18.565 18.483 18.465 18.458 18.433 18.385 18.338 18.295 18.285 18.308 18.332 18.337 18.275 18.157 18.043 17.96 17.905 17.86 17.815 17.77 17.728 17.68 17.625 17.562
21.53 21.497 21.445 21.39 21.335 21.27 21.202 21.13 21.05 20.97 20.885 20.798 20.715 20.638 20.57 20.505 20.44 20.31 20.093 19.938 19.865 19.808 19.77 19.75 19.74 19.727 19.68 19.565 19.425 19.342 19.247 19.073 18.853 18.705 18.723 18.805 18.867 18.897 18.917 18.94 18.96 18.98 19 19.01 19 18.98 18.932 18.83 18.695 18.568 18.5 18.493 18.502 18.49 18.448 18.405 18.365 18.355 18.375 18.38 18.34 18.25 18.135 18.025 17.933 17.87 17.833 17.805 17.797 17.762 17.693 17.633 17.575
21.532 21.493 21.438 21.393 21.355 21.32 21.257 21.163 21.073 20.99 20.908 20.825 20.753 20.69 20.63 20.565 20.5 20.37 20.175 20.043 19.968 19.893 19.823 19.77 19.738 19.712 19.68 19.612 19.503 19.435 19.397 19.277 19.04 18.768 18.668 18.73 18.782 18.803 18.82 18.84 18.86 18.88 18.892 18.885 18.863 18.84 18.82 18.775 18.677 18.573 18.528 18.535 18.555 18.547 18.512 18.475 18.435 18.422 18.422 18.385 18.315 18.22 18.113 18.013 17.915 17.835 17.8 17.808 17.845 17.825 17.735 17.655 17.59
21.532 21.502 21.47 21.445 21.425 21.4 21.33 21.218 21.11 21.02 20.945 20.875 20.81 20.75 20.687 20.623 20.56 20.43 20.258 20.148 20.073 19.997 19.922 19.847 19.76 19.693 19.655 19.615 19.557 19.51 19.49 19.41 19.19 18.883 18.678 18.675 18.725 18.73 18.735 18.748 18.765 18.775 18.768 18.75 18.728 18.705 18.685 18.665 18.622 18.578 18.57 18.585 18.602 18.6 18.572 18.537 18.502 18.472 18.43 18.363 18.285 18.195 18.098 18.005 17.913 17.823 17.798 17.837 17.885 17.872 17.787 17.695 17.618
21.492 21.475 21.465 21.452 21.43 21.397 21.36 21.282 21.168 21.07 21 20.935 20.87 20.81 20.745 20.68 20.62 20.49 20.34 20.253 20.177 20.102 20.01 19.895 19.752 19.65 19.613 19.588 19.575 19.555 19.522 19.45 19.255 18.97 18.738 18.715 18.78 18.775 18.77 18.768 18.755 18.718 18.68 18.663 18.645 18.625 18.605 18.585 18.573 18.588 18.615 18.635 18.65 18.652 18.63 18.595 18.545 18.502 18.46 18.385 18.308 18.215 18.113 18.02 17.93 17.84 17.815 17.857 17.902 17.887 17.805 17.718 17.658
21.42 21.395 21.38 21.36 21.307 21.268 21.29 21.302 21.232 21.135 21.063 20.995 20.93 20.87 20.805 20.74 20.68 20.56 20.433 20.357 20.27 20.16 20.022 19.862 19.698 19.595 19.573 19.575 19.585 19.57 19.522 19.452 19.27 19.008 18.838 18.855 18.92 18.915 18.9 18.87 18.822 18.745 18.668 18.633 18.615 18.597 18.58 18.565 18.565 18.595 18.64 18.677 18.7 18.705 18.687 18.64 18.543 18.498 18.512 18.465 18.385 18.282 18.163 18.055 17.96 17.87 17.835 17.87 17.915 17.892 17.805 17.74 17.72
21.35 21.317 21.28 21.22 21.125 21.09 21.147 21.217 21.242 21.2 21.127 21.055 20.99 20.927 20.862 20.8 20.74 20.642 20.532 20.427 20.292 20.137 19.973 19.808 19.645 19.56 19.565 19.587 19.602 19.575 19.515 19.452 19.285 19.088 19.01 19.027 19.055 19.035 18.995 18.942 18.887 18.805 18.703 18.628 18.59 18.573 18.56 18.558 18.565 18.595 18.645 18.697 18.74 18.757 18.732 18.642 18.508 18.463 18.515 18.527 18.465 18.355 18.23 18.108 17.998 17.9 17.855 17.88 17.922 17.895 17.825 17.8 17.8
21.235 21.192 21.13 21.035 20.933 20.918 20.99 21.078 21.172 21.195 21.142 21.087 21.037 20.98 20.915 20.852 20.79 20.702 20.582 20.437 20.275 20.115 19.955 19.795 19.645 19.57 19.575 19.6 19.615 19.58 19.513 19.447 19.338 19.24 19.202 19.18 19.157 19.115 19.06 19.005 18.95 18.867 18.762 18.663 18.585 18.55 18.548 18.555 18.565 18.593 18.64 18.692 18.745 18.782 18.737 18.602 18.465 18.428 18.475 18.517 18.52 18.44 18.31 18.18 18.055 17.94 17.875 17.89 17.927 17.912 17.883 17.88 17.88
21.055 21 20.925 20.83 20.75 20.765 20.86 20.973 21.09 21.125 21.087 21.055 21.032 20.99 20.925 20.862 20.805 20.73 20.607 20.453 20.295 20.14 19.985 19.83 19.698 19.625 19.6 19.608 19.625 19.595 19.525 19.453 19.385 19.332 19.29 19.252 19.207 19.155 19.1 19.045 18.99 18.91 18.807 18.705 18.608 18.55 18.543 18.548 18.558 18.58 18.618 18.665 18.715 18.755 18.695 18.548 18.433 18.388 18.408 18.45 18.497 18.507 18.425 18.29 18.155 18.025 17.915 17.89 17.925 17.937 17.935 17.935 17.937
20.852 20.788 20.705 20.638 20.615 20.665 20.775 20.897 21.015 21.05 21.015 20.998 20.995 20.962 20.9 20.845 20.8 20.74 20.645 20.51 20.345 20.18 20.025 19.87 19.755 19.7 19.66 19.635 19.64 19.615 19.542 19.462 19.385 19.328 19.293 19.27 19.232 19.177 19.122 19.067 19.007 18.925 18.828 18.735 18.65 18.59 18.563 18.545 18.545 18.565 18.593 18.63 18.675 18.705 18.635 18.51 18.433 18.378 18.35 18.37 18.418 18.48 18.5 18.422 18.29 18.153 18.01 17.908 17.903 17.927 17.93 17.935 17.947
20.65 20.608 20.57 20.553 20.573 20.633 20.725 20.828 20.935 20.977 20.96 20.958 20.962 20.937 20.885 20.84 20.8 20.74 20.66 20.562 20.415 20.238 20.07 19.915 19.818 19.775 19.735 19.695 19.67 19.63 19.553 19.468 19.385 19.328 19.303 19.285 19.252 19.202 19.147 19.09 19.025 18.945 18.858 18.775 18.7 18.645 18.61 18.578 18.558 18.558 18.575 18.605 18.64 18.652 18.593 18.513 18.458 18.403 18.348 18.315 18.333 18.39 18.46 18.485 18.417 18.287 18.14 17.993 17.905 17.893 17.903 17.92 17.943
20.555 20.538 20.545 20.555 20.578 20.635 20.715 20.798 20.877 20.912 20.91 20.91 20.912 20.9 20.872 20.84 20.797 20.738 20.66 20.58 20.477 20.322 20.14 19.985 19.903 19.868 19.83 19.792 19.735 19.658 19.575 19.488 19.4 19.343 19.318 19.295 19.27 19.227 19.17 19.11 19.052 18.985 18.905 18.828 18.753 18.698 18.663 18.64 18.618 18.58 18.563 18.58 18.61 18.62 18.587 18.535 18.482 18.427 18.37 18.313 18.283 18.31 18.375 18.445 18.47 18.382 18.227 18.07 17.943 17.898 17.908 17.925 17.948
20.583 20.56 20.56 20.563 20.583 20.637 20.707 20.772 20.825 20.845 20.842 20.842 20.845 20.837 20.825 20.807 20.792 20.76 20.69 20.61 20.53 20.42 20.265 20.113 20.03 20 19.96 19.897 19.802 19.703 19.615 19.525 19.438 19.38 19.35 19.323 19.3 19.25 19.18 19.117 19.065 19.02 18.957 18.882 18.805 18.75 18.72 18.713 18.702 18.65 18.593 18.568 18.58 18.595 18.58 18.547 18.505 18.453 18.4 18.35 18.303 18.288 18.318 18.375 18.44 18.39 18.227 18.083 17.99 17.96 17.963 17.97 17.968
20.633 20.6 20.593 20.588 20.595 20.62 20.658 20.705 20.752 20.772 20.768 20.768 20.77 20.763 20.755 20.76 20.782 20.797 20.775 20.715 20.635 20.542 20.422 20.283 20.188 20.137 20.065 19.96 19.845 19.745 19.657 19.57 19.483 19.425 19.397 19.37 19.345 19.282 19.188 19.113 19.055 19.025 18.997 18.935 18.858 18.805 18.788 18.795 18.79 18.737 18.665 18.603 18.568 18.558 18.555 18.55 18.533 18.495 18.45 18.405 18.36 18.33 18.318 18.333 18.387 18.345 18.203 18.11 18.06 18.04 18.045 18.037 17.997
20.685 20.64 20.625 20.625 20.633 20.63 20.618 20.635 20.68 20.7 20.695 20.693 20.69 20.698 20.715 20.74 20.77 20.805 20.832 20.83 20.78 20.685 20.57 20.442 20.325 20.227 20.12 20 19.885 19.788 19.702 19.615 19.528 19.47 19.445 19.423 19.4 19.335 19.223 19.12 19.045 19.015 19.007 18.972 18.91 18.865 18.863 18.882 18.877 18.822 18.75 18.667 18.608 18.593 18.59 18.59 18.587 18.557 18.508 18.463 18.42 18.388 18.363 18.343 18.35 18.313 18.23 18.18 18.14 18.12 18.112 18.077 18.023
20.74 20.685 20.66 20.668 20.687 20.687 20.653 20.625 20.625 20.628 20.628 20.628 20.625 20.63 20.662 20.717 20.76 20.792 20.827 20.862 20.862 20.795 20.68 20.547 20.412 20.283 20.16 20.04 19.925 19.83 19.745 19.658 19.575 19.52 19.495 19.475 19.455 19.392 19.277 19.155 19.05 19.003 18.998 18.987 18.955 18.933 18.945 18.967 18.962 18.902 18.807 18.688 18.663 18.702 18.695 18.687 18.657 18.615 18.572 18.523 18.48 18.445 18.42 18.4 18.385 18.355 18.308 18.263 18.22 18.19 18.157 18.105 18.048
20.8 20.737 20.702 20.707 20.725 20.72 20.68 20.632 20.59 20.568 20.568 20.572 20.572 20.563 20.57 20.62 20.695 20.762 20.802 20.822 20.835 20.825 20.747 20.615 20.478 20.343 20.213 20.085 19.97 19.883 19.805 19.73 19.66 19.59 19.543 19.52 19.5 19.437 19.322 19.203 19.095 19.035 19.023 19.018 19.003 19.003 19.027 19.05 19.027 18.932 18.8 18.703 18.748 18.817 18.81 18.78 18.7 18.648 18.635 18.592 18.548 18.52 18.505 18.498 18.493 18.465 18.415 18.365 18.307 18.245 18.188 18.132 18.075
20.855 20.727 20.685 20.72 20.73 20.712 20.658 20.6 20.553 20.523 20.515 20.517 20.517 20.507 20.493 20.495 20.548 20.642 20.72 20.747 20.755 20.775 20.767 20.677 20.542 20.408 20.275 20.155 20.073 20.01 19.94 19.878 19.823 19.745 19.658 19.588 19.54 19.47 19.365 19.268 19.18 19.12 19.095 19.083 19.063 19.065 19.092 19.1 19.037 18.907 18.763 18.758 18.88 18.932 18.91 18.835 18.718 18.653 18.662 18.657 18.625 18.615 18.622 18.622 18.617 18.59 18.54 18.477 18.392 18.3 18.22 18.16 18.105
