EGM722_Project_Data/DTM_asc/TL4359.asc
ncols         200
nrows         200
xllcorner     543000.000
yllcorner     259000.000
cellsize      5
NODATA_value  -9999.0
[rows 160 to 191 of 200, columns 0 to 72 of 200]
17.558 17.563 17.618 17.69 17.74 17.527 17.235 17.3 17.472 17.505 17.705 17.73 17.275 17.01 17.01 17.007 17.005 17.018 17.07 17.188 17.368 17.562 17.645 17.615 17.57 17.56 17.582 17.575 17.507 17.4 17.323 17.298 17.34 17.445 17.573 17.722 17.775 17.81 17.968 18.155 18.345 18.502 18.59 18.63 18.645 18.63 18.615 18.613 18.608 18.6 18.593 18.595 18.603 18.735 19.385 20.41 20.869 20.885 20.96 20.837 20.622 20.19 19.435 18.965 18.83 18.782 18.785 18.725 18.615 18.488 18.37 18.29 18.24
17.568 17.55 17.57 17.615 17.63 17.352 16.905 16.863 17.12 17.297 17.604 17.312 16.708 16.648 16.645 16.643 16.653 16.68 16.728 16.84 17.018 17.218 17.312 17.293 17.263 17.24 17.205 17.122 17.015 16.905 16.828 16.84 16.935 17.052 17.17 17.305 17.375 17.458 17.64 17.817 17.977 18.115 18.225 18.32 18.395 18.437 18.462 18.475 18.475 18.49 18.507 18.517 18.53 18.553 18.95 19.757 20.187 20.317 20.65 20.802 20.597 20.207 19.632 19.18 18.985 18.877 18.787 18.662 18.535 18.41 18.288 18.2 18.15
17.582 17.543 17.528 17.55 17.505 17.175 16.725 16.628 16.795 16.908 17.005 16.715 16.368 16.39 16.413 16.438 16.475 16.528 16.588 16.675 16.808 16.965 17.043 17.033 17.005 16.933 16.815 16.683 16.55 16.42 16.36 16.423 16.54 16.658 16.773 16.895 16.995 17.115 17.275 17.415 17.54 17.655 17.76 17.855 17.945 18.025 18.08 18.105 18.135 18.235 18.352 18.407 18.425 18.438 18.555 18.838 19.138 19.418 19.752 19.977 19.932 19.775 19.702 19.5 19.08 18.803 18.69 18.575 18.455 18.332 18.205 18.115 18.065
17.585 17.53 17.503 17.495 17.385 17.033 16.698 16.648 16.708 16.675 16.49 16.3 16.255 16.303 16.355 16.405 16.452 16.5 16.563 16.65 16.758 16.87 16.923 16.913 16.878 16.778 16.628 16.473 16.318 16.198 16.183 16.255 16.348 16.443 16.535 16.613 16.668 16.74 16.845 16.96 17.077 17.192 17.297 17.392 17.472 17.53 17.565 17.603 17.715 17.908 18.095 18.222 18.282 18.302 18.29 18.25 18.335 18.598 18.843 19.003 19.088 19.165 19.377 19.444 19.112 18.728 18.545 18.442 18.335 18.223 18.113 18.033 17.983
17.57 17.51 17.47 17.39 17.21 16.89 16.678 16.7 16.745 16.715 16.562 16.373 16.268 16.278 16.33 16.38 16.427 16.473 16.538 16.63 16.73 16.835 16.885 16.862 16.82 16.732 16.593 16.445 16.33 16.275 16.293 16.355 16.415 16.455 16.485 16.498 16.48 16.47 16.495 16.538 16.615 16.73 16.835 16.917 16.975 17.018 17.068 17.183 17.393 17.617 17.8 17.96 18.09 18.157 18.157 18.148 18.165 18.193 18.263 18.365 18.448 18.55 18.663 18.747 18.702 18.512 18.38 18.305 18.212 18.122 18.04 17.965 17.905
17.583 17.518 17.43 17.26 17.033 16.793 16.69 16.735 16.777 16.767 16.647 16.475 16.323 16.268 16.303 16.35 16.4 16.448 16.518 16.612 16.705 16.8 16.837 16.8 16.75 16.68 16.575 16.475 16.425 16.402 16.4 16.425 16.445 16.442 16.43 16.415 16.39 16.363 16.335 16.303 16.305 16.348 16.393 16.43 16.465 16.525 16.653 16.863 17.105 17.325 17.505 17.665 17.825 17.96 18.022 18.04 18.05 18.052 18.062 18.08 18.08 18.07 18.08 18.1 18.115 18.123 18.117 18.087 18.042 18 17.957 17.905 17.84
17.65 17.56 17.415 17.215 16.99 16.79 16.725 16.765 16.792 16.767 16.67 16.52 16.35 16.255 16.27 16.322 16.372 16.425 16.502 16.595 16.685 16.765 16.775 16.722 16.67 16.612 16.545 16.487 16.455 16.447 16.422 16.385 16.37 16.358 16.345 16.327 16.305 16.293 16.278 16.248 16.215 16.185 16.17 16.175 16.19 16.24 16.375 16.585 16.82 17.037 17.213 17.378 17.56 17.75 17.88 17.915 17.915 17.89 17.82 17.765 17.745 17.733 17.74 17.76 17.77 17.762 17.75 17.74 17.73 17.722 17.712 17.665 17.612
17.717 17.59 17.425 17.237 17.032 16.83 16.755 16.78 16.757 16.685 16.595 16.485 16.337 16.225 16.225 16.285 16.34 16.397 16.47 16.552 16.64 16.705 16.69 16.623 16.565 16.51 16.455 16.415 16.405 16.427 16.4 16.325 16.288 16.273 16.26 16.245 16.235 16.24 16.237 16.22 16.195 16.165 16.15 16.153 16.158 16.17 16.245 16.4 16.583 16.773 16.963 17.158 17.37 17.587 17.737 17.78 17.757 17.682 17.565 17.46 17.41 17.395 17.4 17.415 17.412 17.397 17.385 17.375 17.365 17.355 17.342 17.278 17.193
17.747 17.602 17.437 17.25 17.058 16.863 16.768 16.742 16.67 16.58 16.49 16.4 16.292 16.185 16.17 16.227 16.28 16.335 16.403 16.483 16.572 16.625 16.592 16.52 16.455 16.393 16.355 16.36 16.393 16.425 16.39 16.303 16.233 16.193 16.175 16.173 16.183 16.192 16.19 16.18 16.165 16.143 16.13 16.13 16.135 16.14 16.195 16.32 16.45 16.588 16.775 17 17.225 17.442 17.597 17.625 17.555 17.45 17.337 17.208 17.098 17.055 17.057 17.06 17.045 17.03 17.02 17.01 17 16.985 16.97 16.915 16.795
17.763 17.618 17.455 17.273 17.09 16.908 16.768 16.665 16.565 16.478 16.393 16.308 16.225 16.145 16.125 16.165 16.203 16.253 16.328 16.415 16.507 16.545 16.5 16.43 16.36 16.318 16.325 16.36 16.402 16.427 16.385 16.297 16.21 16.138 16.108 16.115 16.135 16.145 16.14 16.13 16.123 16.118 16.113 16.11 16.115 16.12 16.155 16.253 16.37 16.48 16.62 16.825 17.06 17.287 17.437 17.427 17.327 17.22 17.11 16.982 16.84 16.74 16.708 16.697 16.68 16.663 16.65 16.64 16.63 16.615 16.597 16.552 16.445
17.82 17.675 17.52 17.353 17.178 17.003 16.833 16.668 16.53 16.435 16.358 16.28 16.205 16.14 16.123 16.148 16.17 16.198 16.263 16.355 16.445 16.467 16.41 16.34 16.293 16.308 16.352 16.388 16.42 16.43 16.38 16.29 16.2 16.128 16.093 16.09 16.098 16.103 16.11 16.12 16.133 16.143 16.128 16.108 16.108 16.11 16.125 16.185 16.283 16.39 16.503 16.658 16.875 17.11 17.23 17.182 17.08 16.977 16.875 16.76 16.625 16.493 16.385 16.333 16.315 16.295 16.283 16.272 16.257 16.242 16.225 16.187 16.095
17.92 17.775 17.625 17.472 17.305 17.13 16.96 16.763 16.57 16.45 16.373 16.298 16.225 16.16 16.145 16.172 16.182 16.175 16.208 16.292 16.38 16.387 16.32 16.268 16.273 16.33 16.385 16.42 16.432 16.417 16.365 16.28 16.203 16.155 16.128 16.108 16.095 16.098 16.133 16.175 16.205 16.217 16.185 16.138 16.115 16.11 16.118 16.153 16.225 16.318 16.415 16.53 16.7 16.915 16.992 16.91 16.813 16.718 16.627 16.537 16.435 16.312 16.14 15.995 15.945 15.928 15.917 15.905 15.885 15.868 15.852 15.825 15.763
18.015 17.872 17.725 17.58 17.427 17.257 17.075 16.855 16.62 16.47 16.39 16.315 16.248 16.185 16.17 16.192 16.187 16.165 16.168 16.23 16.307 16.3 16.245 16.24 16.29 16.36 16.415 16.435 16.42 16.392 16.35 16.283 16.228 16.197 16.172 16.145 16.123 16.12 16.165 16.232 16.28 16.292 16.255 16.195 16.145 16.12 16.125 16.15 16.2 16.275 16.358 16.448 16.563 16.707 16.735 16.64 16.553 16.468 16.383 16.305 16.237 16.145 15.96 15.738 15.603 15.56 15.548 15.533 15.515 15.495 15.485 15.488 15.488
18.102 17.965 17.822 17.68 17.535 17.375 17.175 16.935 16.685 16.505 16.41 16.338 16.273 16.21 16.193 16.2 16.182 16.16 16.145 16.178 16.23 16.22 16.21 16.255 16.32 16.39 16.432 16.425 16.395 16.368 16.335 16.295 16.26 16.232 16.207 16.18 16.152 16.138 16.175 16.255 16.33 16.357 16.317 16.255 16.192 16.138 16.128 16.153 16.188 16.25 16.33 16.407 16.482 16.525 16.475 16.383 16.305 16.227 16.147 16.067 16.01 15.95 15.795 15.555 15.335 15.223 15.21 15.223 15.235 15.245 15.263 15.298 15.343
18.18 18.037 17.89 17.747 17.605 17.462 17.265 17.015 16.765 16.553 16.43 16.363 16.298 16.235 16.208 16.2 16.18 16.16 16.14 16.14 16.158 16.175 16.22 16.29 16.362 16.402 16.412 16.407 16.383 16.355 16.325 16.297 16.27 16.24 16.215 16.19 16.163 16.148 16.185 16.265 16.332 16.352 16.32 16.265 16.202 16.135 16.118 16.152 16.185 16.233 16.305 16.367 16.407 16.38 16.263 16.13 16.03 15.955 15.88 15.805 15.755 15.717 15.58 15.338 15.13 15.028 15.025 15.065 15.105 15.145 15.188 15.235 15.285
18.245 18.082 17.925 17.785 17.653 17.525 17.335 17.088 16.863 16.71 16.618 16.53 16.433 16.333 16.275 16.255 16.233 16.21 16.188 16.165 16.155 16.193 16.268 16.345 16.4 16.37 16.34 16.37 16.375 16.35 16.32 16.29 16.26 16.23 16.203 16.178 16.16 16.155 16.195 16.26 16.287 16.282 16.26 16.22 16.17 16.113 16.098 16.135 16.172 16.207 16.247 16.277 16.29 16.242 16.105 15.935 15.785 15.67 15.58 15.515 15.487 15.462 15.315 15.113 15.01 14.968 14.963 14.995 15.035 15.075 15.123 15.175 15.227
18.292 18.118 17.963 17.833 17.71 17.587 17.4 17.203 17.078 17.002 16.932 16.822 16.685 16.553 16.478 16.448 16.423 16.398 16.37 16.32 16.253 16.258 16.335 16.397 16.387 16.295 16.243 16.29 16.345 16.345 16.315 16.282 16.25 16.22 16.19 16.17 16.165 16.168 16.19 16.212 16.212 16.205 16.185 16.152 16.115 16.075 16.06 16.078 16.102 16.122 16.137 16.15 16.162 16.107 15.96 15.79 15.618 15.455 15.318 15.23 15.21 15.195 15.1 15.005 14.968 14.933 14.91 14.925 14.965 15.008 15.06 15.115 15.17
18.32 18.147 18.002 17.88 17.76 17.642 17.5 17.378 17.302 17.215 17.125 17.03 16.915 16.817 16.762 16.73 16.702 16.672 16.62 16.527 16.413 16.36 16.397 16.402 16.317 16.2 16.143 16.185 16.265 16.315 16.31 16.278 16.243 16.21 16.185 16.175 16.175 16.177 16.175 16.16 16.143 16.128 16.108 16.085 16.065 16.048 16.03 16.018 16.013 16.008 16.01 16.023 16.037 15.97 15.81 15.64 15.47 15.303 15.135 15.018 14.988 14.98 14.958 14.937 14.922 14.9 14.867 14.863 14.898 14.945 15 15.055 15.107
18.317 18.15 18.01 17.89 17.773 17.68 17.61 17.527 17.427 17.328 17.238 17.155 17.082 17.022 16.975 16.94 16.91 16.852 16.727 16.602 16.517 16.45 16.422 16.365 16.253 16.14 16.095 16.143 16.22 16.295 16.327 16.31 16.275 16.238 16.2 16.18 16.18 16.18 16.17 16.145 16.115 16.085 16.065 16.058 16.053 16.045 16.022 15.995 15.975 15.953 15.93 15.913 15.907 15.827 15.663 15.498 15.33 15.165 15.005 14.883 14.84 14.832 14.815 14.802 14.802 14.8 14.787 14.8 14.837 14.87 14.902 14.937 14.962
18.295 18.125 17.985 17.87 17.778 17.725 17.685 17.625 17.54 17.443 17.353 17.278 17.23 17.192 17.133 17.075 17.04 16.937 16.733 16.545 16.45 16.432 16.417 16.343 16.238 16.143 16.125 16.183 16.253 16.325 16.382 16.387 16.352 16.3 16.223 16.18 16.18 16.18 16.167 16.14 16.11 16.075 16.055 16.057 16.055 16.042 16.015 15.985 15.965 15.937 15.9 15.855 15.812 15.702 15.528 15.365 15.202 15.038 14.885 14.765 14.705 14.685 14.66 14.633 14.62 14.625 14.632 14.662 14.697 14.71 14.717 14.72 14.712
18.278 18.098 17.96 17.873 17.823 17.79 17.75 17.7 17.637 17.552 17.473 17.425 17.4 17.377 17.317 17.232 17.16 17.007 16.768 16.53 16.375 16.375 16.41 16.35 16.245 16.175 16.185 16.245 16.308 16.373 16.44 16.465 16.432 16.355 16.248 16.183 16.175 16.18 16.165 16.132 16.1 16.065 16.048 16.055 16.057 16.042 16.01 15.978 15.952 15.92 15.87 15.81 15.745 15.605 15.408 15.235 15.075 14.913 14.77 14.658 14.578 14.54 14.512 14.475 14.448 14.443 14.453 14.465 14.473 14.475 14.47 14.455 14.437
18.265 18.083 17.968 17.92 17.89 17.86 17.82 17.77 17.717 17.65 17.595 17.575 17.562 17.547 17.487 17.372 17.252 17.075 16.835 16.598 16.4 16.353 16.397 16.357 16.255 16.213 16.25 16.31 16.37 16.43 16.492 16.535 16.502 16.402 16.288 16.19 16.145 16.145 16.14 16.112 16.082 16.052 16.04 16.05 16.057 16.045 16.01 15.972 15.93 15.877 15.81 15.735 15.665 15.525 15.313 15.115 14.945 14.788 14.658 14.552 14.458 14.4 14.365 14.325 14.288 14.268 14.273 14.285 14.275 14.235 14.203 14.185 14.163
18.25 18.085 18 17.97 17.94 17.917 17.897 17.86 17.807 17.735 17.685 17.675 17.657 17.635 17.562 17.43 17.31 17.15 16.922 16.685 16.455 16.353 16.387 16.365 16.273 16.255 16.31 16.37 16.43 16.49 16.545 16.575 16.54 16.445 16.332 16.218 16.123 16.085 16.082 16.065 16.04 16.012 16.002 16.015 16.022 16.01 15.975 15.93 15.857 15.77 15.695 15.627 15.562 15.442 15.242 15.02 14.823 14.665 14.545 14.435 14.348 14.305 14.27 14.23 14.19 14.153 14.145 14.165 14.132 14.043 13.968 13.923 13.903
18.24 18.1 18.03 18 17.978 17.973 17.977 17.96 17.895 17.797 17.735 17.712 17.682 17.647 17.562 17.443 17.347 17.215 17.01 16.775 16.535 16.383 16.38 16.367 16.305 16.315 16.375 16.435 16.485 16.512 16.522 16.522 16.51 16.457 16.365 16.26 16.148 16.058 16.023 16.005 15.98 15.95 15.938 15.947 15.947 15.935 15.902 15.845 15.75 15.638 15.543 15.47 15.412 15.315 15.14 14.922 14.713 14.53 14.4 14.32 14.28 14.267 14.24 14.2 14.15 14.093 14.082 14.08 14.005 13.9 13.82 13.775 13.775
18.245 18.12 18.06 18.04 18.037 18.042 18.022 17.952 17.822 17.757 17.757 17.722 17.688 17.652 17.572 17.468 17.38 17.275 17.097 16.86 16.62 16.428 16.373 16.363 16.343 16.38 16.43 16.457 16.462 16.445 16.418 16.413 16.425 16.417 16.365 16.277 16.175 16.07 15.99 15.948 15.92 15.888 15.873 15.872 15.865 15.855 15.827 15.757 15.65 15.528 15.408 15.305 15.238 15.157 14.997 14.79 14.585 14.4 14.29 14.26 14.25 14.24 14.215 14.167 14.1 14.035 14.01 13.962 13.88 13.818 13.783 13.768 13.773
18.255 18.14 18.1 18.072 18.022 17.962 17.872 17.732 17.585 17.65 17.762 17.727 17.693 17.66 17.597 17.505 17.415 17.325 17.172 16.945 16.705 16.48 16.378 16.372 16.377 16.397 16.402 16.385 16.355 16.325 16.305 16.308 16.322 16.335 16.325 16.267 16.177 16.082 15.985 15.91 15.868 15.838 15.82 15.803 15.783 15.77 15.745 15.667 15.55 15.43 15.313 15.198 15.098 15.005 14.853 14.663 14.493 14.35 14.28 14.258 14.238 14.22 14.182 14.118 14.04 13.973 13.925 13.875 13.835 13.82 13.807 13.792 13.785
18.25 18.108 18.01 17.925 17.807 17.68 17.552 17.4 17.36 17.582 17.752 17.732 17.7 17.675 17.637 17.567 17.48 17.39 17.225 17.005 16.785 16.545 16.4 16.372 16.357 16.327 16.293 16.26 16.23 16.203 16.193 16.203 16.218 16.232 16.245 16.232 16.17 16.077 15.983 15.898 15.845 15.818 15.803 15.785 15.755 15.728 15.678 15.583 15.468 15.358 15.25 15.137 15.015 14.898 14.763 14.613 14.48 14.363 14.298 14.273 14.247 14.217 14.16 14.08 13.998 13.925 13.88 13.858 13.845 13.835 13.822 13.807 13.795
18.215 18.043 17.848 17.655 17.488 17.353 17.228 17.115 17.215 17.535 17.73 17.737 17.71 17.698 17.682 17.637 17.565 17.467 17.262 17.003 16.792 16.597 16.43 16.345 16.3 16.248 16.2 16.155 16.113 16.085 16.085 16.1 16.115 16.128 16.142 16.155 16.137 16.07 15.978 15.895 15.843 15.81 15.8 15.802 15.782 15.745 15.665 15.538 15.413 15.303 15.195 15.077 14.955 14.848 14.74 14.615 14.488 14.375 14.313 14.287 14.257 14.217 14.15 14.065 13.98 13.905 13.873 13.86 13.843 13.83 13.82 13.805 13.79
18.162 18 17.792 17.54 17.305 17.108 16.925 16.903 17.143 17.487 17.71 17.745 17.728 17.725 17.715 17.682 17.632 17.525 17.295 16.998 16.743 16.56 16.418 16.335 16.295 16.245 16.193 16.143 16.093 16.045 16.023 16.023 16.025 16.028 16.038 16.053 16.062 16.04 15.97 15.895 15.843 15.805 15.795 15.805 15.805 15.78 15.687 15.535 15.383 15.25 15.135 15.02 14.913 14.825 14.735 14.62 14.495 14.388 14.328 14.295 14.255 14.21 14.14 14.055 13.97 13.898 13.87 13.86 13.843 13.828 13.813 13.795 13.78
18.107 17.95 17.77 17.54 17.28 17.025 16.795 16.833 17.135 17.455 17.69 17.76 17.755 17.755 17.747 17.72 17.67 17.555 17.32 17.02 16.725 16.48 16.37 16.368 16.352 16.305 16.258 16.213 16.162 16.095 16.033 16 15.985 15.978 15.975 15.978 15.98 15.978 15.947 15.895 15.845 15.803 15.79 15.8 15.81 15.8 15.705 15.542 15.378 15.223 15.088 14.975 14.885 14.805 14.72 14.615 14.497 14.397 14.335 14.292 14.247 14.2 14.13 14.045 13.96 13.89 13.865 13.86 13.847 13.83 13.81 13.79 13.775
18.05 17.892 17.732 17.53 17.28 17.023 16.835 16.92 17.213 17.5 17.707 17.775 17.777 17.78 17.78 17.75 17.677 17.562 17.34 17.04 16.74 16.473 16.368 16.41 16.425 16.387 16.343 16.297 16.24 16.167 16.093 16.028 15.99 15.975 15.965 15.955 15.945 15.94 15.927 15.892 15.845 15.798 15.78 15.79 15.795 15.777 15.685 15.527 15.365 15.205 15.053 14.935 14.85 14.767 14.682 14.585 14.475 14.37 14.297 14.252 14.207 14.17 14.117 14.037 13.95 13.88 13.855 13.855 13.847 13.83 13.81 13.793 13.775
17.985 17.837 17.68 17.505 17.28 17.02 16.895 17.048 17.335 17.59 17.74 17.777 17.782 17.787 17.782 17.742 17.665 17.565 17.36 17.06 16.78 16.545 16.435 16.448 16.48 16.472 16.427 16.38 16.315 16.24 16.165 16.085 16.02 15.983 15.965 15.955 15.945 15.937 15.917 15.88 15.837 15.793 15.768 15.765 15.76 15.727 15.632 15.49 15.335 15.173 15.018 14.898 14.808 14.722 14.637 14.542 14.432 14.31 14.223 14.178 14.14 14.122 14.095 14.027 13.94 13.87 13.845 13.845 13.842 13.832 13.815 13.797 13.775
