EGM722_Project_Data/DTM_asc/TL4361.asc
ncols         200
nrows         200
xllcorner     543000.000
yllcorner     261000.000
cellsize      5
NODATA_value  -9999.0
[rows 128 to 159 of 200, columns 0 to 72 of 200]
16.455 16.45 16.437 16.412 16.385 16.355 16.32 16.283 16.253 16.233 16.21 16.18 16.153 16.133 16.128 16.133 16.145 16.16 16.175 16.195 16.218 16.248 16.267 16.262 16.245 16.225 16.192 16.137 16.06 15.968 15.898 15.857 15.81 15.737 15.653 15.568 15.495 15.458 15.445 15.42 15.377 15.322 15.243 15.16 15.108 15.075 15.032 14.977 14.92 14.863 14.82 14.79 14.757 14.722 14.672 14.607 14.54 14.47 14.415 14.388 14.365 14.315 14.215 14.087 13.957 13.825 13.7 13.59 13.485 13.445 13.485 13.53 13.567
16.53 16.515 16.495 16.467 16.44 16.41 16.375 16.337 16.303 16.272 16.243 16.21 16.18 16.153 16.145 16.157 16.175 16.19 16.205 16.225 16.245 16.267 16.272 16.255 16.235 16.217 16.182 16.11 16.018 15.925 15.855 15.815 15.783 15.735 15.66 15.575 15.49 15.42 15.378 15.34 15.295 15.248 15.19 15.138 15.105 15.075 15.03 14.972 14.917 14.86 14.815 14.782 14.75 14.715 14.662 14.595 14.525 14.455 14.393 14.353 14.325 14.285 14.195 14.065 13.935 13.805 13.678 13.558 13.443 13.405 13.45 13.5 13.548
16.6 16.58 16.552 16.518 16.485 16.455 16.422 16.387 16.35 16.312 16.277 16.243 16.213 16.188 16.168 16.168 16.185 16.202 16.225 16.25 16.27 16.29 16.282 16.253 16.23 16.212 16.17 16.088 15.993 15.9 15.84 15.813 15.785 15.753 15.69 15.605 15.52 15.423 15.345 15.3 15.255 15.208 15.165 15.13 15.1 15.07 15.02 14.955 14.9 14.845 14.8 14.767 14.732 14.7 14.65 14.58 14.51 14.44 14.37 14.32 14.29 14.257 14.177 14.05 13.92 13.785 13.655 13.55 13.445 13.408 13.455 13.505 13.553
16.66 16.64 16.61 16.568 16.53 16.5 16.467 16.43 16.39 16.348 16.31 16.278 16.253 16.235 16.205 16.18 16.18 16.195 16.225 16.262 16.29 16.31 16.3 16.265 16.235 16.21 16.165 16.082 15.99 15.9 15.84 15.835 15.832 15.802 15.742 15.655 15.555 15.435 15.345 15.3 15.252 15.198 15.153 15.12 15.09 15.057 15.002 14.933 14.873 14.818 14.773 14.74 14.708 14.68 14.635 14.565 14.495 14.42 14.343 14.29 14.26 14.227 14.155 14.035 13.902 13.747 13.62 13.562 13.49 13.45 13.49 13.54 13.585
16.728 16.705 16.672 16.625 16.583 16.547 16.51 16.47 16.427 16.383 16.345 16.318 16.3 16.285 16.255 16.22 16.195 16.19 16.218 16.262 16.302 16.33 16.32 16.285 16.25 16.215 16.165 16.082 15.992 15.905 15.825 15.823 15.865 15.855 15.792 15.692 15.567 15.435 15.345 15.297 15.245 15.185 15.138 15.108 15.08 15.045 14.99 14.918 14.848 14.79 14.748 14.715 14.688 14.662 14.617 14.545 14.467 14.387 14.308 14.255 14.225 14.192 14.13 14.017 13.867 13.685 13.57 13.552 13.515 13.49 13.523 13.567 13.612
16.79 16.762 16.727 16.68 16.635 16.592 16.55 16.507 16.463 16.418 16.383 16.363 16.35 16.335 16.305 16.267 16.233 16.205 16.218 16.26 16.303 16.342 16.337 16.295 16.252 16.205 16.145 16.07 15.99 15.907 15.82 15.8 15.855 15.885 15.827 15.705 15.572 15.44 15.345 15.288 15.233 15.175 15.125 15.093 15.065 15.032 14.98 14.908 14.833 14.765 14.723 14.695 14.67 14.645 14.597 14.52 14.435 14.353 14.273 14.22 14.187 14.155 14.105 13.987 13.807 13.623 13.533 13.527 13.515 13.517 13.55 13.59 13.635
16.82 16.79 16.752 16.707 16.662 16.62 16.585 16.547 16.502 16.455 16.423 16.407 16.395 16.377 16.345 16.307 16.273 16.243 16.25 16.29 16.33 16.355 16.327 16.27 16.22 16.165 16.1 16.03 15.96 15.885 15.813 15.78 15.81 15.86 15.825 15.705 15.572 15.44 15.345 15.288 15.233 15.175 15.123 15.085 15.055 15.022 14.972 14.905 14.83 14.755 14.703 14.67 14.645 14.62 14.567 14.488 14.405 14.32 14.24 14.185 14.145 14.11 14.055 13.92 13.728 13.57 13.51 13.505 13.5 13.51 13.542 13.585 13.63
16.83 16.8 16.76 16.715 16.673 16.633 16.605 16.58 16.542 16.495 16.465 16.45 16.432 16.41 16.377 16.343 16.313 16.298 16.313 16.35 16.372 16.355 16.297 16.228 16.17 16.115 16.05 15.98 15.91 15.855 15.82 15.773 15.758 15.8 15.785 15.69 15.567 15.435 15.345 15.297 15.245 15.188 15.133 15.085 15.052 15.017 14.965 14.902 14.83 14.755 14.695 14.65 14.618 14.592 14.54 14.458 14.373 14.288 14.21 14.148 14.098 14.06 13.985 13.83 13.66 13.538 13.49 13.487 13.485 13.488 13.51 13.553 13.623
16.843 16.807 16.767 16.725 16.685 16.645 16.615 16.597 16.575 16.537 16.508 16.487 16.465 16.44 16.41 16.383 16.365 16.36 16.375 16.395 16.377 16.33 16.27 16.198 16.128 16.065 16 15.943 15.9 15.878 15.86 15.795 15.725 15.735 15.727 15.647 15.55 15.43 15.34 15.295 15.25 15.2 15.147 15.093 15.05 15.01 14.955 14.895 14.827 14.755 14.695 14.645 14.6 14.567 14.515 14.43 14.34 14.255 14.18 14.115 14.058 14.012 13.917 13.765 13.638 13.533 13.475 13.47 13.47 13.47 13.483 13.538 13.66
16.858 16.815 16.775 16.735 16.695 16.658 16.63 16.613 16.595 16.57 16.545 16.52 16.495 16.47 16.445 16.432 16.427 16.422 16.42 16.402 16.357 16.302 16.243 16.175 16.103 16.033 15.975 15.948 15.94 15.932 15.902 15.825 15.73 15.69 15.662 15.59 15.508 15.41 15.333 15.29 15.253 15.213 15.163 15.108 15.058 15.007 14.948 14.885 14.82 14.753 14.695 14.645 14.595 14.55 14.49 14.405 14.315 14.228 14.153 14.088 14.025 13.967 13.87 13.748 13.643 13.538 13.47 13.455 13.455 13.455 13.468 13.56 13.73
16.88 16.833 16.79 16.753 16.715 16.678 16.65 16.63 16.61 16.59 16.57 16.547 16.522 16.498 16.48 16.475 16.472 16.467 16.435 16.38 16.327 16.273 16.227 16.175 16.105 16.035 15.97 15.938 15.937 15.942 15.92 15.847 15.755 15.678 15.615 15.55 15.48 15.408 15.35 15.31 15.273 15.237 15.185 15.125 15.072 15.015 14.953 14.89 14.825 14.758 14.695 14.64 14.59 14.54 14.475 14.39 14.3 14.21 14.135 14.072 14.002 13.917 13.832 13.755 13.662 13.558 13.483 13.46 13.46 13.455 13.478 13.603 13.792
16.91 16.86 16.815 16.778 16.74 16.7 16.67 16.65 16.63 16.612 16.593 16.57 16.545 16.52 16.505 16.5 16.495 16.487 16.44 16.358 16.293 16.24 16.21 16.18 16.122 16.052 15.973 15.903 15.878 15.887 15.882 15.84 15.762 15.67 15.603 15.558 15.505 15.445 15.393 15.35 15.31 15.272 15.217 15.15 15.09 15.03 14.97 14.907 14.84 14.77 14.7 14.638 14.583 14.53 14.465 14.38 14.29 14.203 14.127 14.057 13.96 13.84 13.763 13.722 13.665 13.585 13.51 13.48 13.472 13.453 13.495 13.645 13.797
16.937 16.885 16.84 16.8 16.76 16.72 16.69 16.67 16.65 16.635 16.615 16.59 16.567 16.543 16.528 16.522 16.515 16.505 16.452 16.355 16.268 16.208 16.18 16.165 16.13 16.067 15.987 15.903 15.835 15.815 15.81 15.787 15.742 15.668 15.61 15.58 15.542 15.49 15.438 15.393 15.35 15.31 15.255 15.183 15.113 15.05 14.987 14.92 14.85 14.78 14.712 14.648 14.583 14.525 14.457 14.373 14.285 14.198 14.112 14.01 13.878 13.745 13.67 13.637 13.602 13.56 13.512 13.485 13.465 13.438 13.508 13.647 13.722
16.962 16.91 16.863 16.82 16.78 16.74 16.71 16.69 16.67 16.655 16.635 16.61 16.59 16.568 16.553 16.542 16.53 16.52 16.467 16.367 16.263 16.183 16.15 16.14 16.122 16.075 15.995 15.91 15.828 15.765 15.735 15.718 15.698 15.663 15.625 15.595 15.565 15.525 15.48 15.437 15.395 15.352 15.295 15.22 15.145 15.073 15 14.93 14.86 14.79 14.722 14.657 14.59 14.525 14.455 14.373 14.288 14.202 14.095 13.953 13.8 13.658 13.575 13.543 13.51 13.477 13.45 13.44 13.435 13.435 13.497 13.572 13.605
16.987 16.935 16.888 16.845 16.805 16.765 16.73 16.705 16.688 16.672 16.652 16.628 16.605 16.588 16.575 16.563 16.548 16.535 16.482 16.38 16.27 16.178 16.123 16.098 16.085 16.05 15.977 15.892 15.812 15.743 15.7 15.683 15.673 15.673 15.66 15.628 15.595 15.555 15.51 15.47 15.43 15.387 15.332 15.26 15.185 15.102 15.013 14.935 14.865 14.795 14.723 14.655 14.59 14.52 14.455 14.387 14.31 14.227 14.107 13.95 13.785 13.62 13.508 13.453 13.415 13.383 13.355 13.355 13.373 13.42 13.475 13.503 13.528
17.013 16.96 16.915 16.875 16.835 16.798 16.76 16.725 16.703 16.685 16.665 16.642 16.62 16.605 16.595 16.585 16.57 16.555 16.5 16.395 16.285 16.193 16.12 16.063 16.033 16.002 15.94 15.86 15.788 15.73 15.695 15.68 15.685 15.707 15.705 15.67 15.63 15.58 15.53 15.49 15.45 15.412 15.367 15.3 15.225 15.14 15.04 14.948 14.87 14.8 14.725 14.65 14.58 14.51 14.45 14.4 14.34 14.262 14.145 13.982 13.797 13.618 13.488 13.4 13.333 13.288 13.263 13.263 13.315 13.43 13.522 13.555 13.575
17.045 16.99 16.945 16.905 16.868 16.835 16.8 16.76 16.725 16.698 16.675 16.658 16.64 16.625 16.615 16.602 16.587 16.572 16.515 16.41 16.305 16.22 16.145 16.068 16.008 15.963 15.903 15.835 15.778 15.723 15.688 15.688 15.713 15.745 15.745 15.705 15.655 15.6 15.55 15.51 15.473 15.437 15.395 15.337 15.265 15.175 15.075 14.975 14.883 14.805 14.73 14.65 14.573 14.5 14.443 14.397 14.35 14.292 14.177 13.995 13.79 13.605 13.48 13.388 13.295 13.218 13.173 13.203 13.325 13.485 13.617 13.68 13.7
17.085 17.023 16.975 16.938 16.905 16.875 16.84 16.8 16.758 16.72 16.695 16.678 16.663 16.647 16.632 16.618 16.603 16.587 16.527 16.423 16.328 16.248 16.173 16.095 16.02 15.95 15.883 15.825 15.773 15.718 15.693 15.713 15.75 15.785 15.78 15.73 15.675 15.62 15.573 15.535 15.5 15.465 15.42 15.37 15.302 15.21 15.11 15.01 14.907 14.813 14.73 14.65 14.57 14.493 14.435 14.39 14.345 14.3 14.182 13.982 13.773 13.598 13.48 13.388 13.293 13.2 13.14 13.203 13.365 13.532 13.69 13.79 13.822
17.12 17.058 17.008 16.968 16.935 16.905 16.87 16.83 16.788 16.753 16.73 16.71 16.692 16.667 16.645 16.635 16.62 16.602 16.54 16.44 16.355 16.275 16.2 16.122 16.037 15.95 15.878 15.825 15.77 15.72 15.71 15.74 15.777 15.805 15.792 15.742 15.69 15.635 15.592 15.56 15.525 15.49 15.445 15.392 15.32 15.222 15.12 15.02 14.915 14.81 14.725 14.65 14.57 14.49 14.428 14.38 14.335 14.29 14.165 13.958 13.76 13.605 13.493 13.395 13.3 13.213 13.17 13.225 13.37 13.547 13.72 13.857 13.905
17.153 17.095 17.045 16.998 16.96 16.927 16.89 16.85 16.815 16.788 16.767 16.75 16.72 16.673 16.648 16.647 16.637 16.617 16.552 16.46 16.382 16.302 16.22 16.135 16.04 15.945 15.875 15.825 15.775 15.735 15.733 15.762 15.787 15.797 15.782 15.745 15.697 15.643 15.605 15.577 15.545 15.51 15.465 15.407 15.325 15.218 15.105 15 14.898 14.795 14.713 14.645 14.57 14.49 14.425 14.373 14.325 14.277 14.142 13.943 13.773 13.625 13.505 13.408 13.313 13.238 13.223 13.26 13.363 13.53 13.71 13.852 13.902
17.193 17.138 17.085 17.035 16.99 16.953 16.915 16.878 16.85 16.825 16.802 16.777 16.727 16.668 16.643 16.647 16.647 16.632 16.572 16.485 16.402 16.315 16.225 16.132 16.038 15.945 15.875 15.83 15.79 15.755 15.753 15.772 15.782 15.785 15.77 15.74 15.7 15.653 15.618 15.59 15.56 15.527 15.48 15.415 15.33 15.22 15.1 14.985 14.88 14.78 14.695 14.63 14.562 14.485 14.42 14.368 14.317 14.26 14.125 13.948 13.795 13.645 13.52 13.423 13.325 13.275 13.29 13.32 13.38 13.513 13.677 13.795 13.86
17.235 17.18 17.125 17.075 17.025 16.98 16.943 16.913 16.887 16.862 16.832 16.785 16.723 16.665 16.64 16.645 16.65 16.642 16.59 16.502 16.41 16.315 16.222 16.128 16.035 15.948 15.885 15.848 15.813 15.778 15.765 15.77 15.773 15.775 15.76 15.73 15.695 15.66 15.63 15.6 15.57 15.54 15.49 15.42 15.332 15.22 15.1 14.983 14.87 14.763 14.675 14.61 14.548 14.478 14.415 14.365 14.315 14.247 14.123 13.965 13.818 13.67 13.543 13.443 13.355 13.33 13.36 13.39 13.425 13.51 13.627 13.72 13.8
17.275 17.225 17.173 17.12 17.07 17.02 16.978 16.945 16.917 16.892 16.855 16.798 16.735 16.678 16.653 16.658 16.662 16.647 16.587 16.5 16.405 16.31 16.215 16.12 16.033 15.963 15.915 15.878 15.845 15.81 15.79 15.79 15.79 15.78 15.75 15.712 15.677 15.65 15.63 15.605 15.575 15.545 15.495 15.427 15.353 15.253 15.135 15.018 14.9 14.778 14.678 14.61 14.55 14.488 14.425 14.37 14.32 14.26 14.175 14.05 13.903 13.758 13.638 13.535 13.423 13.38 13.41 13.442 13.475 13.518 13.585 13.663 13.74
17.323 17.287 17.235 17.173 17.12 17.07 17.025 16.983 16.945 16.917 16.877 16.82 16.763 16.705 16.678 16.682 16.675 16.632 16.562 16.482 16.392 16.3 16.205 16.113 16.045 16.003 15.96 15.918 15.883 15.848 15.83 15.83 15.817 15.785 15.74 15.693 15.653 15.625 15.612 15.6 15.577 15.55 15.5 15.443 15.397 15.32 15.207 15.09 14.965 14.828 14.715 14.638 14.57 14.51 14.448 14.385 14.33 14.28 14.235 14.172 14.057 13.92 13.8 13.672 13.518 13.433 13.445 13.477 13.502 13.515 13.56 13.637 13.702
17.388 17.362 17.31 17.235 17.173 17.123 17.077 17.03 16.983 16.945 16.902 16.845 16.79 16.738 16.708 16.697 16.662 16.6 16.53 16.457 16.377 16.29 16.198 16.125 16.09 16.057 16.01 15.965 15.923 15.885 15.867 15.855 15.82 15.775 15.73 15.678 15.63 15.6 15.588 15.582 15.572 15.552 15.51 15.468 15.44 15.382 15.282 15.16 15.022 14.878 14.763 14.678 14.6 14.535 14.472 14.407 14.347 14.293 14.25 14.222 14.17 14.07 13.935 13.78 13.62 13.503 13.48 13.502 13.51 13.51 13.548 13.61 13.642
17.462 17.437 17.387 17.312 17.24 17.18 17.13 17.08 17.03 16.98 16.933 16.88 16.823 16.77 16.733 16.693 16.633 16.565 16.495 16.425 16.353 16.273 16.203 16.165 16.145 16.11 16.06 16.012 15.967 15.925 15.89 15.855 15.81 15.762 15.715 15.662 15.612 15.577 15.56 15.552 15.547 15.537 15.512 15.487 15.47 15.437 15.352 15.217 15.067 14.923 14.81 14.722 14.64 14.565 14.492 14.422 14.357 14.293 14.248 14.22 14.197 14.142 14.017 13.862 13.707 13.568 13.51 13.515 13.513 13.51 13.528 13.55 13.558
17.512 17.485 17.435 17.365 17.292 17.227 17.172 17.12 17.07 17.038 17.025 17.003 16.953 16.888 16.83 16.778 16.718 16.61 16.498 16.428 16.36 16.285 16.238 16.22 16.19 16.145 16.095 16.045 15.997 15.945 15.882 15.828 15.78 15.732 15.682 15.63 15.577 15.535 15.515 15.507 15.502 15.495 15.477 15.455 15.44 15.425 15.347 15.202 15.058 14.948 14.85 14.75 14.662 14.58 14.497 14.418 14.345 14.278 14.233 14.21 14.2 14.172 14.07 13.92 13.773 13.66 13.61 13.598 13.593 13.588 13.583 13.58 13.585
17.535 17.505 17.455 17.385 17.32 17.263 17.208 17.155 17.125 17.135 17.16 17.175 17.167 17.115 17.048 16.98 16.87 16.687 16.535 16.467 16.407 16.338 16.293 16.267 16.217 16.16 16.11 16.06 16.007 15.945 15.87 15.795 15.735 15.688 15.635 15.578 15.523 15.478 15.458 15.452 15.445 15.437 15.417 15.383 15.355 15.34 15.265 15.135 15.038 14.977 14.89 14.77 14.67 14.585 14.497 14.408 14.328 14.26 14.22 14.21 14.212 14.202 14.115 13.968 13.855 13.808 13.785 13.76 13.748 13.74 13.73 13.725 13.728
17.56 17.522 17.472 17.408 17.35 17.298 17.248 17.218 17.225 17.255 17.28 17.305 17.33 17.327 17.265 17.127 16.93 16.71 16.56 16.495 16.445 16.39 16.342 16.297 16.235 16.175 16.125 16.072 16.015 15.95 15.872 15.785 15.708 15.648 15.59 15.53 15.473 15.425 15.403 15.395 15.385 15.38 15.36 15.323 15.288 15.257 15.2 15.125 15.075 15.03 14.94 14.81 14.69 14.593 14.5 14.405 14.315 14.245 14.218 14.22 14.225 14.225 14.157 14.05 14 13.982 13.962 13.935 13.91 13.892 13.882 13.877 13.872
17.6 17.548 17.495 17.438 17.385 17.337 17.307 17.307 17.325 17.345 17.362 17.38 17.395 17.41 17.35 17.17 16.95 16.73 16.58 16.515 16.47 16.425 16.372 16.315 16.252 16.192 16.137 16.08 16.02 15.952 15.867 15.775 15.685 15.613 15.553 15.49 15.43 15.375 15.345 15.338 15.33 15.322 15.3 15.265 15.23 15.193 15.162 15.137 15.112 15.077 14.99 14.86 14.73 14.61 14.51 14.42 14.33 14.263 14.24 14.243 14.248 14.25 14.215 14.172 14.155 14.137 14.115 14.082 14.045 14.012 14 13.997 13.992
17.645 17.583 17.528 17.472 17.417 17.36 17.335 17.345 17.355 17.362 17.37 17.38 17.385 17.39 17.327 17.165 16.96 16.74 16.593 16.53 16.482 16.437 16.385 16.325 16.265 16.197 16.13 16.07 16.005 15.925 15.832 15.737 15.65 15.585 15.528 15.463 15.4 15.343 15.3 15.283 15.277 15.267 15.242 15.208 15.173 15.138 15.115 15.107 15.1 15.082 15.022 14.91 14.78 14.65 14.548 14.468 14.385 14.315 14.288 14.29 14.287 14.27 14.25 14.242 14.23 14.215 14.187 14.145 14.102 14.065 14.05 14.05 14.052
17.685 17.618 17.56 17.505 17.432 17.35 17.313 17.32 17.33 17.337 17.343 17.35 17.355 17.36 17.29 17.135 16.955 16.745 16.603 16.543 16.49 16.445 16.395 16.335 16.267 16.185 16.11 16.047 15.967 15.87 15.775 15.688 15.618 15.565 15.51 15.448 15.388 15.333 15.28 15.24 15.225 15.215 15.187 15.153 15.118 15.083 15.06 15.053 15.05 15.045 15.015 14.942 14.83 14.7 14.6 14.527 14.45 14.375 14.343 14.34 14.315 14.27 14.245 14.25 14.247 14.232 14.202 14.16 14.123 14.088 14.07 14.07 14.088
