EGM722_Project_Data/DTM_asc/TL4360.asc
ncols         200
nrows         200
xllcorner     543000.000
yllcorner     260000.000
cellsize      5
NODATA_value  -9999.0
[rows 32 to 63 of 200, columns 0 to 72 of 200]
18.53 18.548 18.6 18.695 18.81 18.928 19.02 19.088 19.165 19.242 19.257 19.23 19.215 19.21 19.212 19.217 19.22 19.21 19.197 19.185 19.165 19.145 19.13 19.122 19.11 19.085 18.937 18.685 18.495 18.39 18.368 18.415 18.485 18.55 18.582 18.542 18.45 18.368 18.31 18.255 18.197 18.14 18.09 18.08 18.087 18.08 18.04 17.965 17.885 17.813 17.76 17.725 17.7 17.693 17.675 17.622 17.542 17.438 17.385 17.395 17.39 17.352 17.29 17.22 17.142 17.04 16.965 16.955 16.98 17.015 16.998 16.955 16.938
18.635 18.65 18.705 18.8 18.908 19.007 19.083 19.145 19.205 19.27 19.297 19.285 19.275 19.27 19.272 19.275 19.275 19.275 19.27 19.257 19.245 19.233 19.22 19.21 19.195 19.18 19.082 18.832 18.568 18.46 18.495 18.567 18.64 18.712 18.73 18.655 18.55 18.463 18.4 18.345 18.29 18.235 18.188 18.17 18.165 18.15 18.102 18.022 17.938 17.865 17.818 17.783 17.748 17.723 17.685 17.625 17.563 17.488 17.448 17.453 17.455 17.442 17.387 17.297 17.192 17.078 17.015 17.015 17.02 17.032 17 16.933 16.918
18.755 18.775 18.84 18.94 19.032 19.105 19.165 19.225 19.283 19.332 19.355 19.35 19.343 19.338 19.33 19.325 19.325 19.325 19.32 19.31 19.308 19.325 19.33 19.315 19.303 19.287 19.2 18.965 18.718 18.615 18.635 18.702 18.775 18.83 18.82 18.745 18.65 18.558 18.488 18.433 18.38 18.333 18.303 18.288 18.272 18.237 18.167 18.08 17.993 17.92 17.875 17.843 17.81 17.778 17.73 17.67 17.608 17.548 17.52 17.52 17.52 17.505 17.44 17.335 17.223 17.118 17.07 17.072 17.075 17.07 17.017 16.925 16.89
18.875 18.905 18.978 19.067 19.14 19.2 19.26 19.32 19.372 19.41 19.427 19.425 19.422 19.417 19.4 19.385 19.378 19.375 19.37 19.368 19.39 19.445 19.467 19.443 19.425 19.412 19.312 19.093 18.92 18.84 18.803 18.83 18.895 18.92 18.88 18.817 18.742 18.653 18.575 18.52 18.475 18.448 18.44 18.43 18.397 18.335 18.25 18.155 18.063 17.988 17.94 17.91 17.882 17.847 17.797 17.742 17.682 17.623 17.595 17.595 17.58 17.537 17.457 17.35 17.253 17.18 17.138 17.123 17.12 17.105 17.04 16.945 16.888
18.98 19.032 19.102 19.172 19.235 19.297 19.36 19.412 19.447 19.475 19.497 19.505 19.507 19.502 19.485 19.463 19.443 19.43 19.433 19.463 19.52 19.59 19.615 19.585 19.553 19.535 19.427 19.26 19.16 19.09 19.025 18.99 19.002 18.995 18.94 18.88 18.817 18.742 18.668 18.615 18.59 18.585 18.582 18.557 18.5 18.425 18.337 18.243 18.155 18.08 18.025 17.988 17.957 17.917 17.863 17.81 17.755 17.698 17.667 17.65 17.607 17.552 17.47 17.375 17.31 17.265 17.22 17.18 17.165 17.137 17.068 16.993 16.93
19.065 19.142 19.207 19.27 19.33 19.392 19.447 19.482 19.505 19.53 19.557 19.575 19.585 19.585 19.57 19.55 19.533 19.518 19.53 19.588 19.662 19.737 19.765 19.735 19.695 19.662 19.577 19.473 19.402 19.33 19.26 19.187 19.128 19.075 19.015 18.953 18.888 18.823 18.765 18.733 18.727 18.73 18.712 18.657 18.585 18.512 18.425 18.335 18.26 18.193 18.133 18.08 18.033 17.983 17.93 17.878 17.823 17.77 17.727 17.68 17.623 17.568 17.5 17.438 17.395 17.355 17.31 17.262 17.227 17.182 17.115 17.05 16.985
19.155 19.237 19.302 19.365 19.425 19.482 19.525 19.54 19.553 19.58 19.607 19.627 19.642 19.66 19.67 19.663 19.65 19.64 19.653 19.71 19.787 19.862 19.887 19.855 19.817 19.78 19.732 19.67 19.597 19.525 19.45 19.37 19.285 19.2 19.128 19.063 18.995 18.928 18.87 18.843 18.84 18.842 18.812 18.742 18.67 18.597 18.515 18.438 18.373 18.31 18.25 18.19 18.12 18.055 18.003 17.948 17.895 17.842 17.785 17.725 17.665 17.61 17.553 17.5 17.46 17.417 17.372 17.33 17.285 17.23 17.167 17.102 17.037
19.25 19.327 19.395 19.455 19.515 19.567 19.602 19.608 19.608 19.63 19.655 19.673 19.695 19.733 19.767 19.782 19.78 19.77 19.775 19.825 19.9 19.967 19.982 19.945 19.907 19.872 19.837 19.795 19.735 19.665 19.592 19.505 19.42 19.347 19.27 19.198 19.132 19.065 18.993 18.935 18.915 18.92 18.89 18.82 18.752 18.685 18.615 18.55 18.49 18.43 18.37 18.305 18.218 18.135 18.078 18.025 17.972 17.915 17.855 17.795 17.738 17.687 17.623 17.55 17.5 17.455 17.41 17.367 17.322 17.27 17.21 17.145 17.072
19.34 19.415 19.487 19.547 19.602 19.65 19.68 19.682 19.673 19.68 19.7 19.723 19.76 19.807 19.845 19.872 19.89 19.897 19.9 19.94 20.01 20.07 20.08 20.038 19.995 19.958 19.923 19.89 19.847 19.785 19.707 19.605 19.505 19.442 19.392 19.332 19.267 19.2 19.127 19.053 19 18.987 18.96 18.895 18.833 18.783 18.73 18.67 18.61 18.55 18.49 18.412 18.313 18.22 18.155 18.102 18.045 17.985 17.925 17.87 17.82 17.775 17.71 17.623 17.55 17.495 17.45 17.405 17.358 17.31 17.252 17.178 17.09
19.427 19.502 19.575 19.635 19.685 19.73 19.757 19.757 19.743 19.735 19.75 19.788 19.835 19.882 19.92 19.948 19.975 20.002 20.02 20.055 20.112 20.17 20.177 20.132 20.087 20.045 20.01 19.978 19.942 19.89 19.802 19.692 19.578 19.493 19.452 19.42 19.375 19.317 19.255 19.187 19.115 19.068 19.03 18.978 18.93 18.892 18.845 18.787 18.73 18.67 18.602 18.512 18.41 18.313 18.235 18.175 18.112 18.05 17.995 17.95 17.907 17.862 17.797 17.71 17.622 17.545 17.49 17.445 17.395 17.348 17.302 17.25 17.188
19.487 19.562 19.632 19.692 19.745 19.795 19.832 19.842 19.833 19.82 19.828 19.863 19.91 19.957 19.995 20.022 20.05 20.08 20.118 20.153 20.193 20.25 20.26 20.217 20.173 20.133 20.1 20.067 20.025 19.957 19.862 19.755 19.645 19.548 19.488 19.463 19.442 19.4 19.342 19.285 19.22 19.157 19.11 19.07 19.032 18.995 18.947 18.892 18.835 18.772 18.7 18.61 18.51 18.41 18.31 18.228 18.162 18.1 18.05 18.01 17.97 17.922 17.855 17.77 17.677 17.588 17.528 17.485 17.438 17.39 17.35 17.327 17.307
19.53 19.6 19.67 19.727 19.78 19.832 19.885 19.927 19.942 19.935 19.933 19.948 19.985 20.032 20.07 20.098 20.128 20.168 20.217 20.247 20.265 20.31 20.327 20.292 20.253 20.22 20.19 20.152 20.09 20 19.898 19.798 19.708 19.625 19.558 19.518 19.495 19.457 19.4 19.342 19.28 19.207 19.157 19.135 19.11 19.077 19.032 18.977 18.915 18.84 18.767 18.697 18.61 18.51 18.398 18.285 18.203 18.14 18.09 18.05 18.005 17.95 17.88 17.795 17.703 17.615 17.56 17.525 17.482 17.438 17.395 17.365 17.35
19.59 19.642 19.705 19.76 19.81 19.86 19.915 19.98 20.03 20.047 20.05 20.053 20.07 20.108 20.145 20.18 20.225 20.28 20.33 20.35 20.353 20.378 20.395 20.37 20.335 20.307 20.275 20.217 20.135 20.043 19.95 19.868 19.798 19.73 19.66 19.598 19.553 19.51 19.452 19.382 19.302 19.215 19.16 19.15 19.148 19.137 19.102 19.042 18.967 18.883 18.81 18.755 18.692 18.607 18.5 18.375 18.263 18.183 18.128 18.08 18.025 17.965 17.895 17.813 17.728 17.645 17.59 17.56 17.525 17.483 17.442 17.408 17.382
19.65 19.677 19.725 19.782 19.835 19.885 19.943 20.01 20.077 20.13 20.155 20.162 20.17 20.19 20.23 20.283 20.34 20.4 20.442 20.455 20.455 20.462 20.47 20.45 20.412 20.38 20.337 20.265 20.175 20.098 20.03 19.962 19.897 19.832 19.765 19.695 19.628 19.563 19.49 19.405 19.313 19.22 19.175 19.183 19.2 19.212 19.177 19.095 19.005 18.92 18.85 18.795 18.742 18.68 18.587 18.467 18.345 18.238 18.16 18.1 18.04 17.98 17.91 17.83 17.75 17.673 17.62 17.59 17.56 17.522 17.482 17.442 17.407
19.657 19.673 19.715 19.775 19.848 19.918 19.98 20.05 20.123 20.19 20.227 20.24 20.252 20.273 20.32 20.385 20.447 20.51 20.537 20.532 20.527 20.52 20.515 20.502 20.467 20.425 20.377 20.305 20.213 20.148 20.102 20.042 19.977 19.912 19.845 19.775 19.705 19.632 19.548 19.455 19.36 19.283 19.273 19.305 19.335 19.325 19.25 19.153 19.06 18.97 18.89 18.83 18.775 18.72 18.64 18.525 18.405 18.288 18.193 18.125 18.065 18.005 17.937 17.863 17.785 17.708 17.655 17.625 17.59 17.542 17.495 17.452 17.417
19.613 19.653 19.738 19.83 19.923 19.982 20.03 20.103 20.177 20.245 20.28 20.293 20.313 20.345 20.4 20.467 20.527 20.58 20.585 20.552 20.53 20.512 20.505 20.505 20.492 20.46 20.412 20.34 20.248 20.183 20.145 20.1 20.042 19.977 19.91 19.84 19.775 19.712 19.63 19.535 19.445 19.41 19.443 19.482 19.487 19.415 19.308 19.217 19.13 19.035 18.943 18.868 18.805 18.747 18.667 18.557 18.44 18.325 18.233 18.16 18.095 18.035 17.97 17.902 17.83 17.75 17.695 17.662 17.612 17.545 17.488 17.45 17.425
19.63 19.73 19.86 19.975 20.04 20.05 20.08 20.155 20.232 20.297 20.333 20.353 20.38 20.418 20.472 20.532 20.58 20.617 20.61 20.565 20.525 20.493 20.478 20.48 20.485 20.477 20.445 20.375 20.283 20.213 20.173 20.14 20.097 20.04 19.978 19.91 19.845 19.785 19.71 19.618 19.553 19.565 19.617 19.64 19.587 19.47 19.363 19.277 19.192 19.102 19.01 18.923 18.843 18.775 18.692 18.587 18.475 18.365 18.278 18.203 18.13 18.065 18 17.935 17.867 17.793 17.735 17.685 17.617 17.543 17.485 17.455 17.435
19.748 19.885 20.017 20.097 20.11 20.1 20.133 20.21 20.29 20.357 20.398 20.425 20.455 20.49 20.535 20.58 20.617 20.647 20.637 20.592 20.548 20.503 20.48 20.483 20.485 20.488 20.472 20.41 20.318 20.243 20.2 20.17 20.143 20.11 20.055 19.985 19.918 19.855 19.787 19.713 19.693 19.737 19.78 19.757 19.655 19.525 19.42 19.335 19.25 19.168 19.08 18.99 18.9 18.815 18.72 18.613 18.505 18.405 18.323 18.248 18.17 18.098 18.03 17.965 17.9 17.83 17.765 17.693 17.613 17.538 17.488 17.465 17.445
19.87 20.01 20.135 20.187 20.18 20.173 20.21 20.29 20.365 20.43 20.475 20.505 20.532 20.55 20.575 20.615 20.652 20.677 20.662 20.618 20.573 20.528 20.513 20.522 20.525 20.525 20.507 20.445 20.353 20.285 20.258 20.243 20.23 20.215 20.165 20.088 20.013 19.94 19.868 19.82 19.827 19.86 19.865 19.807 19.702 19.583 19.478 19.393 19.315 19.243 19.16 19.07 18.98 18.878 18.768 18.66 18.553 18.455 18.375 18.3 18.22 18.138 18.058 17.987 17.92 17.852 17.79 17.718 17.635 17.56 17.515 17.495 17.475
19.983 20.11 20.222 20.267 20.267 20.268 20.31 20.385 20.45 20.507 20.552 20.582 20.597 20.595 20.608 20.648 20.687 20.707 20.687 20.642 20.595 20.553 20.545 20.562 20.572 20.572 20.547 20.48 20.393 20.338 20.335 20.355 20.36 20.347 20.3 20.217 20.132 20.042 19.948 19.898 19.9 19.905 19.872 19.802 19.72 19.627 19.54 19.463 19.395 19.33 19.25 19.16 19.062 18.947 18.833 18.725 18.618 18.518 18.435 18.357 18.27 18.177 18.088 18.008 17.935 17.87 17.815 17.757 17.685 17.61 17.565 17.545 17.525
20.143 20.22 20.307 20.34 20.347 20.36 20.405 20.467 20.525 20.582 20.627 20.647 20.645 20.638 20.648 20.683 20.722 20.737 20.712 20.665 20.615 20.578 20.575 20.595 20.612 20.617 20.587 20.52 20.448 20.395 20.395 20.432 20.457 20.47 20.427 20.33 20.227 20.12 20.013 19.943 19.93 19.917 19.86 19.785 19.713 19.642 19.585 19.535 19.48 19.417 19.342 19.247 19.135 19.015 18.897 18.787 18.685 18.585 18.495 18.407 18.31 18.215 18.125 18.038 17.958 17.89 17.835 17.785 17.727 17.66 17.615 17.595 17.575
20.34 20.357 20.395 20.415 20.425 20.445 20.493 20.553 20.608 20.665 20.705 20.713 20.708 20.705 20.713 20.735 20.765 20.77 20.737 20.69 20.64 20.605 20.605 20.625 20.645 20.657 20.635 20.578 20.515 20.458 20.44 20.465 20.497 20.527 20.482 20.375 20.27 20.165 20.067 19.988 19.952 19.915 19.845 19.775 19.705 19.64 19.595 19.565 19.527 19.482 19.422 19.322 19.2 19.077 18.955 18.842 18.737 18.632 18.532 18.437 18.34 18.247 18.16 18.073 17.988 17.915 17.86 17.81 17.76 17.705 17.665 17.645 17.625
20.467 20.472 20.485 20.495 20.505 20.525 20.58 20.652 20.71 20.765 20.797 20.798 20.795 20.795 20.8 20.815 20.827 20.807 20.763 20.715 20.665 20.633 20.635 20.655 20.68 20.705 20.697 20.652 20.595 20.535 20.488 20.48 20.505 20.532 20.48 20.363 20.262 20.17 20.09 20.023 19.975 19.928 19.865 19.805 19.745 19.67 19.605 19.568 19.535 19.505 19.455 19.355 19.23 19.105 18.98 18.865 18.755 18.645 18.54 18.443 18.353 18.273 18.192 18.108 18.028 17.965 17.915 17.865 17.813 17.75 17.705 17.685 17.667
20.53 20.555 20.575 20.58 20.59 20.605 20.66 20.745 20.815 20.875 20.902 20.893 20.883 20.88 20.888 20.9 20.89 20.845 20.79 20.74 20.688 20.663 20.678 20.705 20.738 20.772 20.772 20.732 20.682 20.625 20.56 20.508 20.503 20.53 20.477 20.348 20.233 20.138 20.075 20.045 20.028 19.995 19.943 19.89 19.82 19.715 19.63 19.583 19.543 19.51 19.457 19.355 19.23 19.105 18.983 18.868 18.755 18.645 18.54 18.445 18.368 18.302 18.227 18.145 18.083 18.04 17.995 17.942 17.875 17.793 17.74 17.72 17.697
20.61 20.647 20.665 20.668 20.675 20.685 20.735 20.825 20.91 20.982 21.01 20.995 20.978 20.968 20.972 20.967 20.93 20.878 20.825 20.778 20.733 20.72 20.745 20.778 20.813 20.845 20.842 20.805 20.762 20.71 20.645 20.573 20.523 20.525 20.477 20.348 20.215 20.118 20.08 20.083 20.095 20.085 20.045 19.977 19.87 19.748 19.663 19.61 19.563 19.522 19.462 19.357 19.233 19.105 18.985 18.87 18.755 18.643 18.54 18.46 18.395 18.335 18.265 18.198 18.153 18.117 18.072 18.005 17.917 17.828 17.775 17.75 17.717
20.705 20.742 20.755 20.755 20.76 20.77 20.815 20.9 20.99 21.072 21.105 21.092 21.075 21.06 21.047 21.017 20.973 20.928 20.88 20.835 20.803 20.8 20.825 20.855 20.89 20.917 20.91 20.875 20.838 20.793 20.73 20.66 20.59 20.547 20.48 20.355 20.223 20.135 20.115 20.125 20.145 20.157 20.127 20.032 19.903 19.778 19.693 19.64 19.59 19.54 19.47 19.362 19.238 19.11 18.988 18.87 18.755 18.643 18.553 18.49 18.43 18.37 18.315 18.27 18.23 18.192 18.137 18.05 17.952 17.86 17.803 17.77 17.733
20.8 20.835 20.845 20.845 20.85 20.858 20.895 20.973 21.057 21.135 21.162 21.15 21.137 21.125 21.107 21.075 21.035 20.993 20.948 20.908 20.883 20.885 20.91 20.94 20.973 21.01 21.018 20.99 20.955 20.895 20.803 20.715 20.645 20.58 20.492 20.373 20.265 20.208 20.175 20.158 20.173 20.195 20.175 20.08 19.948 19.82 19.723 19.66 19.61 19.555 19.482 19.377 19.253 19.128 19 18.875 18.758 18.648 18.583 18.545 18.49 18.43 18.383 18.347 18.307 18.25 18.167 18.072 17.975 17.89 17.838 17.8 17.76
20.865 20.907 20.937 20.95 20.953 20.958 20.983 21.043 21.12 21.182 21.197 21.185 21.178 21.167 21.152 21.132 21.102 21.06 21.015 20.985 20.968 20.97 20.995 21.028 21.078 21.152 21.182 21.15 21.1 21.012 20.885 20.763 20.67 20.597 20.515 20.4 20.328 20.312 20.268 20.21 20.195 20.21 20.197 20.122 20.002 19.875 19.768 19.683 19.62 19.565 19.492 19.397 19.28 19.152 19.02 18.885 18.76 18.653 18.603 18.59 18.557 18.507 18.46 18.417 18.36 18.275 18.175 18.08 17.995 17.93 17.885 17.845 17.795
20.91 20.96 21.01 21.047 21.067 21.077 21.093 21.13 21.188 21.23 21.235 21.228 21.222 21.207 21.188 21.172 21.155 21.125 21.09 21.068 21.053 21.055 21.083 21.135 21.215 21.295 21.327 21.295 21.227 21.125 20.992 20.855 20.728 20.625 20.538 20.445 20.408 20.417 20.375 20.298 20.243 20.23 20.207 20.14 20.042 19.925 19.82 19.728 19.643 19.575 19.5 19.407 19.302 19.18 19.045 18.903 18.768 18.658 18.608 18.605 18.597 18.572 18.53 18.465 18.377 18.282 18.188 18.103 18.035 17.978 17.93 17.882 17.815
20.96 21.005 21.055 21.105 21.15 21.185 21.212 21.24 21.27 21.285 21.28 21.275 21.267 21.243 21.22 21.208 21.195 21.18 21.165 21.152 21.138 21.145 21.182 21.24 21.302 21.35 21.387 21.397 21.347 21.235 21.097 20.962 20.825 20.693 20.575 20.505 20.505 20.52 20.482 20.405 20.328 20.273 20.22 20.145 20.062 19.97 19.872 19.777 19.68 19.595 19.513 19.415 19.315 19.202 19.07 18.927 18.788 18.668 18.613 18.607 18.602 18.592 18.55 18.467 18.375 18.285 18.202 18.135 18.077 18.02 17.962 17.9 17.825
21.023 21.063 21.118 21.17 21.223 21.277 21.317 21.342 21.352 21.342 21.33 21.325 21.31 21.278 21.255 21.243 21.233 21.23 21.227 21.22 21.215 21.22 21.243 21.28 21.317 21.353 21.395 21.44 21.427 21.325 21.185 21.045 20.905 20.765 20.633 20.58 20.605 20.622 20.587 20.505 20.415 20.325 20.24 20.163 20.082 19.992 19.895 19.795 19.7 19.622 19.542 19.445 19.345 19.23 19.09 18.945 18.805 18.68 18.605 18.58 18.57 18.56 18.515 18.43 18.345 18.262 18.192 18.135 18.077 18.027 17.977 17.915 17.84
21.108 21.145 21.205 21.262 21.317 21.372 21.415 21.43 21.42 21.398 21.38 21.37 21.347 21.313 21.29 21.278 21.275 21.282 21.28 21.28 21.298 21.308 21.298 21.295 21.32 21.355 21.395 21.427 21.412 21.342 21.23 21.092 20.95 20.81 20.695 20.665 20.695 20.697 20.65 20.565 20.462 20.358 20.265 20.187 20.097 19.99 19.885 19.788 19.708 19.65 19.585 19.495 19.395 19.285 19.128 18.958 18.815 18.695 18.61 18.555 18.525 18.51 18.462 18.378 18.298 18.223 18.158 18.1 18.048 18.01 17.975 17.927 17.86
