EGM722_Project_Data/DTM_asc/TL4361.asc
ncols         200
nrows         200
xllcorner     543000.000
yllcorner     261000.000
cellsize      5
NODATA_value  -9999.0
[rows 0 to 31 of 200, columns 73 to 145 of 200]
12.752 12.712 12.685 12.67 12.655 12.635 12.61 12.6 12.625 12.657 12.66 12.627 12.575 12.543 12.545 12.552 12.555 12.552 12.553 12.557 12.562 12.542 12.495 12.448 12.42 12.43 12.46 12.482 12.49 12.48 12.462 12.442 12.417 12.402 12.397 12.387 12.372 12.33 12.278 12.268 12.28 12.24 12.12 11.967 11.808 11.71 11.698 11.713 11.735 11.755 11.775 11.798 11.82 11.837 11.845 11.842 11.837 11.827 11.813 11.805 11.813 11.84 11.88 11.912 11.937 11.962 11.988 12.015 12.045 12.07 12.087 12.102 12.115
12.782 12.78 12.77 12.76 12.745 12.725 12.702 12.677 12.665 12.655 12.617 12.563 12.505 12.47 12.47 12.48 12.493 12.507 12.522 12.532 12.542 12.522 12.47 12.418 12.375 12.375 12.408 12.44 12.465 12.46 12.43 12.4 12.365 12.345 12.347 12.345 12.337 12.315 12.3 12.315 12.33 12.3 12.187 12.03 11.87 11.77 11.748 11.75 11.765 11.785 11.805 11.825 11.845 11.86 11.862 11.857 11.85 11.837 11.82 11.802 11.793 11.813 11.855 11.892 11.927 11.957 11.985 12.015 12.045 12.07 12.085 12.1 12.115
12.795 12.815 12.822 12.822 12.802 12.77 12.737 12.702 12.665 12.622 12.573 12.518 12.46 12.418 12.408 12.415 12.43 12.45 12.47 12.485 12.502 12.497 12.455 12.405 12.355 12.335 12.358 12.393 12.425 12.415 12.368 12.328 12.293 12.275 12.278 12.283 12.293 12.302 12.312 12.327 12.342 12.332 12.247 12.1 11.94 11.845 11.828 11.805 11.785 11.795 11.815 11.837 11.86 11.867 11.862 11.855 11.845 11.83 11.81 11.79 11.77 11.78 11.82 11.86 11.905 11.947 11.98 12.01 12.04 12.065 12.082 12.097 12.11
12.82 12.837 12.84 12.83 12.797 12.75 12.702 12.658 12.615 12.58 12.542 12.495 12.44 12.39 12.36 12.355 12.37 12.39 12.41 12.428 12.45 12.462 12.445 12.405 12.353 12.323 12.328 12.35 12.382 12.37 12.31 12.258 12.22 12.205 12.208 12.223 12.25 12.275 12.29 12.303 12.317 12.317 12.277 12.175 12.025 11.94 11.917 11.86 11.798 11.788 11.81 11.835 11.862 11.867 11.853 11.84 11.83 11.812 11.788 11.765 11.745 11.75 11.785 11.83 11.885 11.932 11.965 11.995 12.025 12.052 12.075 12.092 12.105
12.85 12.855 12.837 12.802 12.76 12.712 12.663 12.615 12.57 12.535 12.505 12.467 12.418 12.37 12.33 12.305 12.31 12.33 12.353 12.378 12.402 12.415 12.41 12.39 12.348 12.32 12.32 12.323 12.34 12.327 12.265 12.2 12.153 12.138 12.153 12.185 12.222 12.247 12.263 12.277 12.29 12.282 12.26 12.215 12.112 12.03 11.975 11.895 11.815 11.785 11.808 11.835 11.865 11.87 11.85 11.83 11.815 11.797 11.77 11.743 11.718 11.718 11.755 11.81 11.87 11.915 11.948 11.98 12.01 12.038 12.062 12.085 12.1
12.88 12.855 12.812 12.768 12.723 12.678 12.628 12.575 12.528 12.49 12.46 12.43 12.395 12.355 12.315 12.278 12.26 12.273 12.3 12.33 12.355 12.365 12.36 12.35 12.332 12.32 12.317 12.313 12.315 12.297 12.24 12.17 12.11 12.093 12.118 12.155 12.195 12.222 12.238 12.25 12.258 12.248 12.228 12.21 12.172 12.112 12.035 11.95 11.868 11.808 11.805 11.835 11.865 11.87 11.85 11.825 11.803 11.785 11.76 11.73 11.7 11.695 11.735 11.795 11.853 11.898 11.933 11.967 12 12.025 12.047 12.07 12.09
12.9 12.85 12.788 12.74 12.695 12.653 12.61 12.563 12.518 12.483 12.458 12.433 12.408 12.373 12.33 12.288 12.255 12.263 12.298 12.328 12.335 12.33 12.325 12.318 12.313 12.31 12.307 12.305 12.302 12.29 12.25 12.185 12.12 12.103 12.13 12.163 12.188 12.205 12.223 12.235 12.243 12.235 12.218 12.205 12.205 12.197 12.142 12.06 11.978 11.878 11.82 11.838 11.865 11.867 11.85 11.828 11.805 11.788 11.765 11.738 11.71 11.708 11.75 11.805 11.85 11.887 11.92 11.955 11.987 12.01 12.03 12.052 12.072
12.91 12.855 12.78 12.723 12.675 12.64 12.617 12.585 12.545 12.518 12.5 12.477 12.452 12.417 12.375 12.335 12.305 12.315 12.35 12.36 12.335 12.313 12.307 12.302 12.298 12.295 12.295 12.292 12.288 12.282 12.267 12.222 12.16 12.145 12.175 12.192 12.187 12.193 12.217 12.237 12.25 12.245 12.228 12.225 12.24 12.262 12.257 12.197 12.107 11.985 11.865 11.84 11.865 11.865 11.85 11.83 11.81 11.795 11.782 11.762 11.735 11.74 11.785 11.825 11.852 11.88 11.912 11.945 11.97 11.99 12.012 12.03 12.035
12.917 12.867 12.79 12.715 12.66 12.635 12.625 12.607 12.575 12.55 12.535 12.517 12.497 12.465 12.43 12.403 12.38 12.382 12.387 12.36 12.32 12.295 12.29 12.285 12.28 12.28 12.28 12.277 12.273 12.268 12.262 12.245 12.203 12.188 12.202 12.192 12.17 12.175 12.205 12.232 12.252 12.252 12.245 12.255 12.275 12.3 12.327 12.315 12.237 12.107 11.955 11.87 11.865 11.862 11.847 11.832 11.813 11.798 11.792 11.78 11.758 11.768 11.805 11.827 11.845 11.87 11.902 11.93 11.95 11.972 11.99 11.992 11.99
12.91 12.88 12.805 12.723 12.66 12.635 12.625 12.617 12.602 12.583 12.568 12.553 12.538 12.518 12.495 12.472 12.447 12.425 12.39 12.345 12.303 12.278 12.273 12.268 12.263 12.26 12.26 12.26 12.258 12.255 12.25 12.242 12.225 12.21 12.197 12.173 12.153 12.16 12.19 12.22 12.247 12.263 12.273 12.29 12.31 12.335 12.367 12.39 12.347 12.225 12.075 11.943 11.875 11.858 11.845 11.833 11.815 11.803 11.797 11.79 11.78 11.788 11.808 11.823 11.838 11.86 11.887 11.91 11.93 11.947 11.952 11.95 11.95
12.9 12.887 12.815 12.738 12.673 12.643 12.635 12.628 12.627 12.62 12.605 12.593 12.583 12.575 12.557 12.532 12.492 12.44 12.39 12.345 12.298 12.265 12.258 12.253 12.248 12.245 12.245 12.248 12.248 12.245 12.24 12.23 12.22 12.202 12.178 12.155 12.143 12.155 12.185 12.215 12.25 12.287 12.312 12.33 12.345 12.365 12.395 12.422 12.395 12.285 12.142 12 11.9 11.863 11.85 11.838 11.82 11.808 11.802 11.798 11.798 11.805 11.815 11.828 11.835 11.843 11.862 11.885 11.902 11.91 11.91 11.91 11.915
12.9 12.895 12.83 12.755 12.69 12.658 12.65 12.648 12.66 12.66 12.645 12.64 12.64 12.632 12.612 12.577 12.517 12.453 12.403 12.355 12.303 12.263 12.248 12.24 12.235 12.235 12.238 12.242 12.242 12.237 12.23 12.22 12.207 12.188 12.165 12.15 12.145 12.16 12.19 12.223 12.265 12.317 12.352 12.367 12.375 12.39 12.417 12.435 12.402 12.295 12.158 12.028 11.925 11.878 11.865 11.85 11.828 11.813 11.808 11.808 11.815 11.825 11.835 11.84 11.832 11.823 11.828 11.845 11.862 11.87 11.87 11.875 11.89
12.905 12.902 12.847 12.775 12.71 12.673 12.668 12.68 12.7 12.7 12.69 12.693 12.697 12.69 12.66 12.602 12.53 12.465 12.412 12.36 12.305 12.268 12.245 12.23 12.225 12.225 12.23 12.235 12.235 12.23 12.22 12.21 12.195 12.175 12.16 12.153 12.15 12.165 12.2 12.242 12.29 12.342 12.387 12.402 12.4 12.412 12.432 12.44 12.407 12.307 12.18 12.06 11.95 11.893 11.877 11.857 11.835 11.82 11.818 11.825 11.833 11.84 11.845 11.837 11.82 11.808 11.803 11.805 11.82 11.83 11.835 11.85 11.872
12.928 12.915 12.865 12.795 12.73 12.693 12.695 12.715 12.735 12.742 12.745 12.75 12.755 12.742 12.69 12.617 12.543 12.475 12.418 12.363 12.31 12.273 12.248 12.225 12.213 12.213 12.217 12.222 12.225 12.22 12.207 12.195 12.182 12.17 12.162 12.157 12.155 12.173 12.212 12.257 12.305 12.352 12.397 12.417 12.417 12.425 12.435 12.44 12.417 12.333 12.213 12.098 11.983 11.91 11.885 11.865 11.845 11.833 11.835 11.845 11.85 11.848 11.84 11.825 11.805 11.795 11.79 11.785 11.788 11.798 11.815 11.835 11.858
12.967 12.94 12.885 12.815 12.75 12.72 12.73 12.75 12.77 12.785 12.792 12.797 12.792 12.762 12.702 12.627 12.553 12.488 12.433 12.378 12.325 12.288 12.263 12.235 12.21 12.198 12.198 12.202 12.205 12.2 12.187 12.173 12.162 12.157 12.152 12.15 12.15 12.167 12.207 12.25 12.295 12.347 12.39 12.407 12.415 12.42 12.422 12.43 12.437 12.392 12.288 12.173 12.058 11.965 11.915 11.89 11.868 11.855 11.858 11.865 11.872 11.863 11.843 11.825 11.805 11.793 11.788 11.783 11.778 11.788 11.81 11.83 11.847
13.002 12.962 12.902 12.835 12.77 12.748 12.765 12.785 12.805 12.82 12.827 12.817 12.782 12.74 12.695 12.632 12.558 12.498 12.452 12.402 12.348 12.31 12.285 12.255 12.223 12.193 12.178 12.175 12.175 12.17 12.16 12.148 12.138 12.133 12.128 12.125 12.125 12.143 12.183 12.23 12.285 12.347 12.385 12.39 12.395 12.4 12.403 12.425 12.467 12.462 12.39 12.285 12.17 12.065 11.98 11.93 11.903 11.888 11.885 11.89 11.897 11.885 11.858 11.835 11.815 11.8 11.795 11.79 11.785 11.795 11.815 11.83 11.84
13.025 12.98 12.917 12.853 12.795 12.78 12.8 12.818 12.835 12.85 12.842 12.8 12.745 12.7 12.665 12.625 12.562 12.505 12.465 12.422 12.373 12.333 12.302 12.27 12.235 12.2 12.173 12.153 12.145 12.14 12.133 12.125 12.115 12.11 12.105 12.1 12.098 12.115 12.163 12.223 12.287 12.345 12.37 12.37 12.375 12.38 12.398 12.443 12.497 12.507 12.465 12.39 12.285 12.18 12.08 11.995 11.945 11.925 11.92 11.92 11.92 11.905 11.875 11.848 11.825 11.81 11.803 11.798 11.793 11.8 11.817 11.825 11.83
13.047 13.002 12.935 12.87 12.823 12.815 12.835 12.853 12.867 12.865 12.825 12.765 12.708 12.663 12.628 12.595 12.555 12.51 12.472 12.435 12.392 12.352 12.317 12.282 12.245 12.21 12.18 12.148 12.125 12.115 12.108 12.102 12.095 12.088 12.083 12.08 12.078 12.1 12.16 12.227 12.292 12.337 12.35 12.35 12.355 12.373 12.415 12.47 12.525 12.542 12.515 12.47 12.392 12.295 12.195 12.095 12.01 11.965 11.955 11.95 11.942 11.925 11.895 11.865 11.835 11.818 11.81 11.805 11.8 11.803 11.812 11.815 11.82
13.067 13.032 12.973 12.908 12.86 12.855 12.875 12.892 12.895 12.865 12.81 12.75 12.698 12.663 12.633 12.6 12.565 12.515 12.468 12.432 12.395 12.355 12.32 12.285 12.247 12.212 12.177 12.142 12.113 12.095 12.085 12.08 12.075 12.068 12.065 12.065 12.065 12.095 12.162 12.232 12.295 12.327 12.335 12.345 12.355 12.38 12.427 12.482 12.537 12.557 12.535 12.502 12.452 12.37 12.27 12.167 12.065 11.993 11.965 11.957 11.95 11.932 11.905 11.875 11.843 11.823 11.817 11.812 11.808 11.807 11.81 11.813 11.818
13.09 13.065 13.02 12.962 12.913 12.905 12.92 12.922 12.905 12.865 12.81 12.76 12.728 12.702 12.675 12.642 12.6 12.535 12.465 12.418 12.382 12.345 12.31 12.275 12.237 12.2 12.16 12.125 12.095 12.075 12.068 12.063 12.058 12.055 12.057 12.058 12.055 12.088 12.158 12.232 12.3 12.337 12.353 12.37 12.388 12.405 12.433 12.478 12.532 12.555 12.535 12.51 12.477 12.405 12.305 12.197 12.095 12.018 11.965 11.943 11.937 11.925 11.905 11.88 11.85 11.83 11.823 11.818 11.813 11.81 11.813 11.817 11.822
13.117 13.09 13.052 13.01 12.963 12.945 12.945 12.93 12.905 12.865 12.82 12.79 12.77 12.745 12.715 12.677 12.63 12.565 12.485 12.415 12.368 12.333 12.298 12.262 12.225 12.185 12.145 12.108 12.075 12.058 12.055 12.05 12.045 12.045 12.05 12.052 12.05 12.083 12.155 12.237 12.312 12.362 12.392 12.415 12.435 12.45 12.463 12.485 12.528 12.552 12.54 12.525 12.502 12.435 12.33 12.218 12.125 12.055 11.99 11.943 11.923 11.912 11.9 11.882 11.855 11.838 11.83 11.823 11.818 11.815 11.818 11.82 11.825
13.145 13.115 13.077 13.04 12.997 12.967 12.95 12.93 12.905 12.873 12.845 12.825 12.805 12.782 12.752 12.712 12.665 12.6 12.52 12.438 12.368 12.323 12.288 12.253 12.215 12.175 12.135 12.095 12.06 12.045 12.043 12.038 12.035 12.035 12.038 12.042 12.045 12.075 12.142 12.22 12.29 12.342 12.387 12.427 12.465 12.49 12.502 12.515 12.538 12.557 12.555 12.545 12.527 12.462 12.35 12.24 12.158 12.092 12.028 11.965 11.92 11.9 11.888 11.872 11.855 11.842 11.835 11.827 11.823 11.82 11.823 11.825 11.828
13.157 13.13 13.09 13.05 13.01 12.975 12.95 12.93 12.907 12.877 12.85 12.83 12.81 12.8 12.787 12.755 12.707 12.64 12.56 12.475 12.388 12.33 12.3 12.265 12.225 12.185 12.145 12.103 12.063 12.043 12.035 12.03 12.03 12.03 12.03 12.033 12.035 12.055 12.103 12.163 12.227 12.285 12.335 12.395 12.46 12.497 12.515 12.53 12.55 12.57 12.57 12.56 12.547 12.482 12.365 12.265 12.193 12.127 12.063 12.003 11.958 11.915 11.88 11.863 11.85 11.84 11.833 11.827 11.825 11.825 11.83 11.835 11.832
13.155 13.135 13.092 13.05 13.008 12.973 12.95 12.93 12.91 12.877 12.838 12.81 12.79 12.793 12.81 12.8 12.755 12.685 12.602 12.51 12.41 12.35 12.325 12.292 12.255 12.215 12.172 12.122 12.073 12.045 12.038 12.033 12.03 12.03 12.027 12.025 12.028 12.038 12.06 12.103 12.163 12.223 12.283 12.363 12.442 12.485 12.508 12.53 12.56 12.582 12.582 12.575 12.565 12.5 12.388 12.295 12.225 12.16 12.1 12.06 12.037 11.985 11.913 11.868 11.843 11.833 11.828 11.825 11.83 11.835 11.84 11.842 11.835
13.155 13.14 13.095 13.05 13.005 12.97 12.95 12.93 12.912 12.882 12.838 12.798 12.775 12.785 12.815 12.832 12.805 12.732 12.64 12.535 12.43 12.368 12.342 12.317 12.285 12.242 12.195 12.14 12.083 12.05 12.043 12.035 12.03 12.027 12.023 12.02 12.023 12.03 12.043 12.065 12.105 12.165 12.245 12.34 12.427 12.48 12.51 12.543 12.577 12.595 12.592 12.587 12.58 12.52 12.423 12.337 12.26 12.2 12.163 12.145 12.132 12.082 11.995 11.915 11.855 11.828 11.825 11.83 11.84 11.845 11.847 11.845 11.835
13.155 13.14 13.095 13.05 13.005 12.973 12.955 12.935 12.918 12.887 12.843 12.798 12.775 12.788 12.815 12.845 12.837 12.767 12.665 12.555 12.45 12.385 12.36 12.34 12.315 12.272 12.218 12.16 12.1 12.063 12.05 12.04 12.032 12.025 12.02 12.017 12.015 12.023 12.038 12.053 12.075 12.135 12.23 12.33 12.417 12.477 12.517 12.557 12.592 12.605 12.6 12.595 12.592 12.545 12.457 12.372 12.29 12.248 12.245 12.24 12.227 12.182 12.1 12.007 11.91 11.845 11.833 11.84 11.85 11.853 11.85 11.845 11.835
13.15 13.137 13.097 13.053 13.008 12.983 12.972 12.955 12.935 12.905 12.86 12.818 12.8 12.813 12.84 12.865 12.852 12.777 12.67 12.563 12.473 12.418 12.39 12.37 12.347 12.305 12.245 12.185 12.118 12.07 12.055 12.045 12.035 12.025 12.02 12.015 12.01 12.02 12.038 12.053 12.073 12.133 12.23 12.325 12.405 12.465 12.512 12.56 12.6 12.615 12.612 12.607 12.595 12.552 12.475 12.385 12.31 12.29 12.307 12.315 12.315 12.282 12.197 12.09 11.973 11.885 11.855 11.855 11.865 11.868 11.865 11.86 11.853
13.145 13.132 13.097 13.057 13.013 12.99 12.99 12.982 12.965 12.932 12.89 12.858 12.843 12.855 12.885 12.892 12.855 12.77 12.665 12.578 12.515 12.47 12.435 12.408 12.382 12.34 12.277 12.21 12.13 12.075 12.058 12.045 12.035 12.028 12.023 12.018 12.015 12.023 12.04 12.055 12.075 12.138 12.23 12.312 12.387 12.45 12.498 12.55 12.602 12.625 12.625 12.612 12.577 12.532 12.472 12.39 12.335 12.333 12.35 12.365 12.372 12.347 12.26 12.137 12.013 11.925 11.888 11.878 11.885 11.89 11.892 11.892 11.888
13.14 13.127 13.092 13.057 13.018 12.993 12.995 12.997 12.99 12.965 12.933 12.908 12.89 12.9 12.915 12.892 12.842 12.765 12.68 12.62 12.57 12.525 12.485 12.448 12.417 12.372 12.302 12.222 12.14 12.088 12.065 12.048 12.035 12.03 12.025 12.02 12.02 12.028 12.043 12.058 12.08 12.138 12.22 12.295 12.37 12.437 12.49 12.55 12.61 12.635 12.625 12.595 12.55 12.505 12.457 12.395 12.363 12.367 12.377 12.387 12.39 12.362 12.285 12.172 12.048 11.965 11.93 11.908 11.905 11.91 11.915 11.922 11.922
13.132 13.12 13.087 13.052 13.017 12.995 12.995 13.003 13.007 12.997 12.977 12.957 12.937 12.935 12.92 12.878 12.833 12.775 12.715 12.667 12.62 12.575 12.535 12.495 12.457 12.4 12.318 12.23 12.15 12.1 12.075 12.055 12.038 12.03 12.028 12.03 12.038 12.048 12.063 12.083 12.108 12.145 12.208 12.28 12.353 12.423 12.488 12.555 12.62 12.64 12.607 12.565 12.52 12.475 12.432 12.383 12.357 12.36 12.365 12.37 12.36 12.332 12.28 12.195 12.085 12.01 11.977 11.945 11.927 11.925 11.927 11.932 11.937
13.125 13.105 13.072 13.037 13.005 12.993 13 13.01 13.02 13.012 12.992 12.977 12.965 12.952 12.922 12.88 12.84 12.795 12.745 12.7 12.662 12.622 12.58 12.54 12.497 12.43 12.343 12.258 12.19 12.155 12.133 12.11 12.088 12.073 12.073 12.085 12.1 12.108 12.118 12.138 12.16 12.183 12.218 12.275 12.345 12.415 12.485 12.558 12.627 12.637 12.59 12.545 12.5 12.455 12.412 12.36 12.323 12.315 12.317 12.315 12.277 12.247 12.23 12.172 12.097 12.04 11.997 11.955 11.92 11.902 11.9 11.902 11.907
13.11 13.085 13.05 13.015 12.983 12.98 13.005 13.02 13.03 13.02 12.993 12.975 12.967 12.955 12.932 12.9 12.86 12.815 12.765 12.725 12.702 12.67 12.623 12.577 12.532 12.465 12.383 12.315 12.27 12.25 12.235 12.215 12.19 12.17 12.165 12.175 12.19 12.195 12.198 12.208 12.225 12.245 12.265 12.295 12.35 12.42 12.49 12.562 12.63 12.632 12.58 12.535 12.49 12.445 12.397 12.338 12.285 12.265 12.265 12.235 12.16 12.125 12.14 12.112 12.062 12.027 11.985 11.935 11.89 11.855 11.843 11.847 11.845
