EGM722_Project_Data/DTM_asc/TL4359.asc
ncols         200
nrows         200
xllcorner     543000.000
yllcorner     259000.000
cellsize      5
NODATA_value  -9999.0
[rows 160 to 191 of 200, columns 73 to 145 of 200]
18.193 18.153 18.105 18.035 17.953 17.885 17.838 17.795 17.758 17.745 17.763 17.785 17.805 17.825 17.847 17.867 17.87 17.812 17.675 17.412 17.015 16.583 16.228 16.01 15.855 15.755 15.697 15.6 15.485 15.405 15.37 15.37 15.39 15.41 15.432 15.45 15.447 15.435 15.427 15.42 15.412 15.32 15.125 14.93 14.765 14.628 14.51 14.373 14.28 14.3 14.362 14.427 14.49 14.525 14.475 14.305 14.113 13.99 13.92 13.672 13.435 13.41 13.395 13.375 13.325 13.255 13.2 13.157 13.112 13.06 13.005 12.958 12.913
18.103 18.048 17.975 17.9 17.825 17.755 17.7 17.65 17.598 17.565 17.573 17.595 17.618 17.64 17.663 17.685 17.687 17.597 17.375 17.027 16.638 16.328 16.123 15.967 15.812 15.693 15.595 15.48 15.365 15.298 15.29 15.305 15.325 15.347 15.37 15.395 15.412 15.41 15.402 15.395 15.387 15.297 15.105 14.898 14.71 14.568 14.458 14.35 14.308 14.35 14.41 14.472 14.535 14.595 14.612 14.495 14.29 14.11 13.917 13.558 13.305 13.293 13.28 13.27 13.257 13.232 13.2 13.167 13.14 13.105 13.06 13.017 12.975
18.02 17.965 17.887 17.81 17.735 17.665 17.61 17.56 17.495 17.435 17.415 17.428 17.452 17.475 17.497 17.502 17.435 17.242 16.925 16.595 16.36 16.187 16.025 15.868 15.733 15.615 15.495 15.375 15.263 15.213 15.223 15.24 15.26 15.283 15.307 15.33 15.342 15.34 15.332 15.327 15.315 15.262 15.115 14.91 14.715 14.568 14.465 14.385 14.368 14.405 14.458 14.51 14.565 14.62 14.647 14.565 14.37 14.15 13.807 13.398 13.205 13.188 13.18 13.17 13.16 13.15 13.135 13.128 13.16 13.152 13.095 13.052 13.01
17.94 17.882 17.802 17.723 17.645 17.575 17.52 17.462 17.385 17.318 17.278 17.268 17.285 17.307 17.317 17.255 17.1 16.855 16.56 16.333 16.18 16.03 15.878 15.748 15.648 15.545 15.42 15.295 15.193 15.155 15.17 15.187 15.2 15.215 15.235 15.245 15.237 15.225 15.217 15.21 15.187 15.17 15.112 14.952 14.758 14.615 14.525 14.468 14.455 14.48 14.525 14.57 14.602 14.602 14.58 14.502 14.307 14.025 13.64 13.298 13.16 13.12 13.095 13.08 13.07 13.06 13.06 13.105 13.207 13.212 13.12 13.065 13.028
17.86 17.8 17.72 17.64 17.56 17.488 17.425 17.352 17.268 17.203 17.158 17.123 17.12 17.13 17.072 16.92 16.73 16.503 16.288 16.148 16.022 15.883 15.758 15.665 15.58 15.472 15.347 15.223 15.135 15.115 15.125 15.13 15.13 15.14 15.147 15.14 15.125 15.11 15.102 15.085 15.048 15.025 15.022 14.955 14.8 14.668 14.603 14.563 14.543 14.563 14.607 14.62 14.575 14.495 14.425 14.355 14.182 13.86 13.518 13.275 13.153 13.095 13.045 13.008 12.985 12.99 13.043 13.15 13.282 13.292 13.18 13.093 13.048
17.782 17.72 17.64 17.557 17.475 17.397 17.322 17.24 17.152 17.085 17.04 16.995 16.96 16.9 16.76 16.58 16.4 16.23 16.093 15.977 15.865 15.758 15.665 15.585 15.502 15.395 15.265 15.14 15.07 15.06 15.06 15.057 15.053 15.052 15.045 15.027 15.012 14.997 14.98 14.95 14.908 14.885 14.888 14.877 14.812 14.735 14.692 14.657 14.632 14.642 14.637 14.56 14.443 14.33 14.25 14.19 14.027 13.738 13.475 13.273 13.148 13.09 13.033 12.975 12.935 12.968 13.082 13.222 13.357 13.372 13.26 13.148 13.075
17.612 17.587 17.502 17.405 17.307 17.222 17.157 17.082 16.987 16.917 16.872 16.825 16.76 16.65 16.498 16.33 16.16 16.018 15.905 15.8 15.715 15.632 15.542 15.46 15.38 15.275 15.14 15.038 14.998 14.988 14.983 14.98 14.972 14.95 14.923 14.9 14.882 14.867 14.855 14.83 14.79 14.77 14.77 14.77 14.76 14.74 14.717 14.697 14.692 14.685 14.623 14.513 14.393 14.24 14.115 14.042 13.897 13.687 13.48 13.273 13.143 13.085 13.078 13.067 12.988 12.968 13.075 13.232 13.397 13.442 13.342 13.225 13.128
17.187 17.225 17.212 17.13 17.017 16.935 16.9 16.857 16.777 16.705 16.655 16.592 16.507 16.405 16.282 16.132 15.968 15.825 15.715 15.635 15.582 15.505 15.398 15.303 15.22 15.115 15.003 14.945 14.923 14.91 14.905 14.897 14.885 14.85 14.803 14.765 14.74 14.725 14.727 14.722 14.69 14.67 14.67 14.667 14.66 14.65 14.64 14.65 14.69 14.707 14.665 14.585 14.45 14.23 14.045 13.935 13.788 13.605 13.428 13.26 13.195 13.233 13.267 13.22 13.078 12.983 13.03 13.173 13.39 13.5 13.422 13.31 13.205
16.69 16.693 16.75 16.755 16.688 16.625 16.608 16.587 16.55 16.492 16.422 16.337 16.242 16.142 16.035 15.912 15.767 15.635 15.55 15.5 15.46 15.382 15.268 15.16 15.065 14.973 14.905 14.875 14.85 14.833 14.825 14.812 14.795 14.76 14.705 14.65 14.605 14.585 14.592 14.6 14.587 14.572 14.567 14.56 14.55 14.538 14.545 14.61 14.685 14.722 14.727 14.665 14.485 14.223 13.998 13.84 13.79 13.89 13.878 13.67 13.535 13.518 13.453 13.3 13.133 13.025 13.015 13.12 13.38 13.535 13.487 13.395 13.288
16.33 16.293 16.325 16.368 16.365 16.34 16.325 16.308 16.295 16.255 16.17 16.073 15.977 15.88 15.775 15.665 15.55 15.458 15.407 15.372 15.337 15.26 15.14 15.023 14.93 14.87 14.833 14.807 14.782 14.752 14.727 14.71 14.69 14.665 14.62 14.558 14.495 14.453 14.448 14.462 14.47 14.465 14.452 14.437 14.422 14.413 14.493 14.627 14.68 14.672 14.66 14.63 14.467 14.193 13.968 13.838 13.865 14.217 14.507 14.387 14.157 14.003 13.838 13.58 13.293 13.128 13.118 13.188 13.408 13.555 13.525 13.467 13.372
16.02 16.018 16.045 16.088 16.115 16.103 16.078 16.065 16.052 16.007 15.917 15.813 15.713 15.617 15.515 15.405 15.328 15.287 15.252 15.217 15.177 15.095 14.97 14.863 14.825 14.805 14.768 14.74 14.712 14.662 14.608 14.58 14.56 14.547 14.525 14.472 14.41 14.34 14.293 14.295 14.31 14.31 14.295 14.275 14.258 14.293 14.425 14.517 14.5 14.457 14.415 14.45 14.385 14.13 13.948 13.877 13.835 14.083 14.547 14.672 14.63 14.702 14.662 14.418 14.093 13.943 13.983 13.938 13.853 13.745 13.59 13.51 13.445
15.735 15.773 15.828 15.895 15.935 15.91 15.865 15.843 15.827 15.777 15.677 15.563 15.453 15.353 15.25 15.165 15.133 15.11 15.07 15.027 14.977 14.887 14.775 14.728 14.758 14.785 14.735 14.673 14.632 14.56 14.483 14.44 14.423 14.415 14.41 14.38 14.325 14.248 14.163 14.123 14.12 14.117 14.105 14.088 14.083 14.157 14.242 14.225 14.17 14.123 14.108 14.21 14.25 14.06 13.908 13.857 13.795 13.89 14.165 14.353 14.592 14.977 15.27 15.392 15.355 15.379 15.344 14.89 14.397 14.172 14.052 13.95 13.775
15.515 15.578 15.645 15.715 15.757 15.735 15.678 15.63 15.605 15.55 15.44 15.323 15.208 15.098 15.005 14.968 14.96 14.923 14.87 14.82 14.77 14.69 14.63 14.655 14.712 14.767 14.732 14.625 14.537 14.45 14.363 14.305 14.285 14.28 14.28 14.27 14.235 14.165 14.07 13.983 13.938 13.925 13.915 13.903 13.917 13.96 13.952 13.898 13.843 13.79 13.813 13.958 14.09 14.012 13.88 13.833 13.783 13.793 13.86 13.993 14.33 14.815 15.302 15.609 15.627 15.624 15.599 15.127 14.573 14.427 14.455 14.432 14.432
15.393 15.445 15.498 15.553 15.585 15.56 15.5 15.44 15.393 15.323 15.218 15.113 15.008 14.905 14.828 14.805 14.802 14.76 14.695 14.633 14.573 14.535 14.553 14.608 14.665 14.722 14.72 14.587 14.43 14.332 14.247 14.175 14.143 14.14 14.14 14.14 14.13 14.07 13.965 13.853 13.78 13.755 13.738 13.72 13.723 13.718 13.68 13.643 13.603 13.568 13.615 13.755 13.907 13.937 13.87 13.823 13.778 13.783 13.842 13.915 14.18 14.65 15.01 14.975 14.66 14.555 14.71 14.725 14.55 14.452 14.46 14.545 14.975
15.33 15.37 15.41 15.44 15.437 15.392 15.33 15.27 15.218 15.148 15.053 14.958 14.863 14.778 14.71 14.665 14.655 14.627 14.56 14.488 14.438 14.453 14.507 14.562 14.615 14.637 14.607 14.5 14.33 14.2 14.117 14.038 13.995 13.99 13.987 13.985 13.987 13.942 13.835 13.718 13.64 13.61 13.585 13.573 13.575 13.565 13.545 13.525 13.5 13.495 13.563 13.678 13.798 13.872 13.862 13.82 13.773 13.765 13.815 13.87 14.075 14.377 14.385 14.108 13.83 13.788 13.923 14.075 14.192 14.24 14.327 14.432 14.697
15.275 15.315 15.342 15.335 15.295 15.237 15.175 15.118 15.077 15.022 14.93 14.835 14.745 14.67 14.61 14.55 14.515 14.487 14.43 14.373 14.363 14.405 14.46 14.497 14.502 14.46 14.392 14.325 14.215 14.078 13.973 13.893 13.84 13.823 13.818 13.825 13.832 13.79 13.697 13.585 13.503 13.47 13.455 13.465 13.492 13.505 13.495 13.475 13.45 13.468 13.558 13.672 13.787 13.867 13.867 13.827 13.757 13.72 13.767 13.827 13.92 13.937 13.783 13.658 13.633 13.58 13.548 13.595 13.723 13.918 14.082 14.11 14.028
15.22 15.247 15.237 15.192 15.137 15.08 15.02 14.973 14.945 14.9 14.812 14.715 14.635 14.57 14.51 14.45 14.395 14.353 14.308 14.283 14.308 14.357 14.38 14.355 14.302 14.235 14.168 14.1 14.032 13.94 13.833 13.748 13.683 13.653 13.658 13.683 13.685 13.63 13.547 13.45 13.368 13.338 13.345 13.368 13.395 13.422 13.435 13.425 13.405 13.445 13.552 13.667 13.777 13.85 13.872 13.83 13.708 13.645 13.685 13.697 13.668 13.623 13.593 13.595 13.605 13.533 13.435 13.413 13.533 13.74 13.812 13.782 13.665
15.142 15.135 15.092 15.037 14.982 14.925 14.87 14.835 14.807 14.757 14.68 14.595 14.525 14.465 14.402 14.34 14.277 14.222 14.2 14.217 14.245 14.252 14.217 14.153 14.09 14.028 13.963 13.898 13.835 13.773 13.698 13.62 13.55 13.515 13.533 13.562 13.552 13.485 13.395 13.305 13.235 13.22 13.245 13.272 13.297 13.325 13.352 13.365 13.37 13.433 13.54 13.64 13.735 13.787 13.817 13.767 13.623 13.548 13.547 13.518 13.473 13.518 13.615 13.647 13.62 13.545 13.462 13.415 13.448 13.493 13.47 13.438 13.363
14.96 14.93 14.892 14.855 14.817 14.77 14.717 14.672 14.62 14.555 14.485 14.415 14.347 14.285 14.22 14.155 14.097 14.06 14.07 14.112 14.142 14.127 14.075 14.015 13.955 13.895 13.835 13.775 13.715 13.658 13.6 13.53 13.455 13.425 13.445 13.462 13.447 13.38 13.283 13.19 13.123 13.113 13.137 13.165 13.192 13.22 13.25 13.28 13.322 13.4 13.492 13.577 13.652 13.675 13.665 13.612 13.498 13.425 13.408 13.388 13.365 13.428 13.6 13.745 13.692 13.53 13.44 13.403 13.378 13.343 13.3 13.26 13.198
14.687 14.655 14.625 14.6 14.58 14.547 14.5 14.445 14.38 14.31 14.24 14.17 14.1 14.035 13.97 13.913 13.883 13.883 13.913 13.965 14.015 14.03 14 13.945 13.885 13.825 13.765 13.705 13.645 13.593 13.542 13.467 13.38 13.35 13.362 13.36 13.347 13.297 13.208 13.113 13.038 13.013 13.023 13.045 13.075 13.102 13.128 13.158 13.213 13.312 13.417 13.5 13.552 13.537 13.483 13.427 13.348 13.295 13.292 13.28 13.26 13.315 13.49 13.657 13.65 13.49 13.383 13.383 13.395 13.37 13.32 13.26 13.175
14.41 14.375 14.34 14.308 14.285 14.255 14.213 14.165 14.113 14.055 13.99 13.92 13.85 13.785 13.733 13.705 13.705 13.723 13.763 13.825 13.882 13.91 13.905 13.87 13.815 13.755 13.695 13.635 13.58 13.535 13.487 13.41 13.318 13.275 13.27 13.258 13.245 13.212 13.137 13.043 12.963 12.925 12.92 12.928 12.95 12.975 13 13.033 13.083 13.185 13.317 13.42 13.442 13.39 13.32 13.26 13.203 13.17 13.17 13.167 13.155 13.2 13.33 13.377 13.357 13.342 13.342 13.385 13.415 13.4 13.34 13.257 13.163
14.133 14.098 14.068 14.06 14.065 14.035 13.978 13.918 13.855 13.795 13.728 13.66 13.598 13.55 13.533 13.535 13.543 13.568 13.623 13.69 13.75 13.78 13.785 13.777 13.742 13.685 13.625 13.568 13.52 13.48 13.432 13.358 13.273 13.228 13.213 13.198 13.17 13.12 13.057 12.977 12.89 12.845 12.835 12.833 12.855 12.89 12.925 12.965 13.018 13.105 13.23 13.325 13.317 13.248 13.173 13.1 13.055 13.045 13.045 13.045 13.04 13.062 13.08 13.01 12.953 13.03 13.17 13.287 13.39 13.41 13.335 13.242 13.15
13.905 13.91 13.92 13.948 13.975 13.968 13.915 13.84 13.76 13.685 13.61 13.538 13.488 13.47 13.475 13.483 13.473 13.458 13.488 13.555 13.617 13.65 13.655 13.66 13.652 13.612 13.558 13.508 13.465 13.428 13.385 13.32 13.245 13.203 13.187 13.157 13.08 12.995 12.95 12.9 12.82 12.768 12.758 12.768 12.805 12.852 12.895 12.935 12.99 13.082 13.17 13.2 13.18 13.135 13.07 12.99 12.95 12.95 12.947 12.94 12.922 12.892 12.818 12.718 12.693 12.798 12.97 13.14 13.295 13.327 13.247 13.16 13.07
13.813 13.855 13.897 13.927 13.945 13.957 13.94 13.88 13.8 13.725 13.65 13.585 13.558 13.558 13.56 13.542 13.497 13.435 13.4 13.428 13.485 13.52 13.525 13.53 13.535 13.525 13.495 13.458 13.423 13.39 13.347 13.287 13.22 13.177 13.147 13.067 12.938 12.85 12.825 12.797 12.742 12.693 12.69 12.72 12.763 12.812 12.862 12.905 12.962 13.032 13.062 13.05 13.027 13.01 12.985 12.93 12.892 12.877 12.85 12.815 12.77 12.702 12.613 12.568 12.598 12.708 12.875 13.04 13.162 13.167 13.09 13.007 12.92
13.805 13.845 13.88 13.902 13.92 13.935 13.935 13.905 13.84 13.765 13.703 13.67 13.667 13.662 13.635 13.582 13.517 13.452 13.388 13.35 13.365 13.388 13.395 13.41 13.43 13.445 13.44 13.417 13.39 13.357 13.31 13.25 13.19 13.135 13.055 12.925 12.788 12.715 12.695 12.675 12.645 12.623 12.64 12.68 12.72 12.768 12.822 12.872 12.912 12.925 12.91 12.888 12.863 12.845 12.84 12.817 12.78 12.74 12.69 12.637 12.582 12.51 12.458 12.478 12.533 12.625 12.775 12.922 13.01 13 12.927 12.85 12.768
13.8 13.83 13.855 13.875 13.895 13.912 13.915 13.905 13.87 13.815 13.775 13.745 13.717 13.682 13.632 13.58 13.527 13.467 13.402 13.338 13.295 13.29 13.308 13.335 13.37 13.39 13.385 13.372 13.355 13.317 13.262 13.205 13.137 13.04 12.91 12.765 12.64 12.583 12.568 12.56 12.56 12.57 12.6 12.638 12.678 12.725 12.777 12.822 12.83 12.803 12.77 12.74 12.71 12.683 12.663 12.635 12.59 12.543 12.495 12.445 12.393 12.353 12.365 12.415 12.468 12.545 12.667 12.785 12.85 12.832 12.76 12.688 12.61
13.795 13.81 13.83 13.85 13.873 13.892 13.895 13.89 13.867 13.825 13.782 13.73 13.67 13.617 13.575 13.535 13.497 13.46 13.407 13.342 13.28 13.26 13.285 13.313 13.34 13.347 13.335 13.325 13.312 13.262 13.195 13.14 13.055 12.922 12.77 12.618 12.51 12.48 12.483 12.495 12.515 12.538 12.565 12.595 12.635 12.685 12.727 12.752 12.74 12.698 12.658 12.623 12.588 12.553 12.535 12.523 12.485 12.438 12.393 12.345 12.288 12.265 12.3 12.352 12.405 12.465 12.55 12.64 12.697 12.683 12.618 12.555 12.49
13.788 13.798 13.815 13.835 13.857 13.875 13.875 13.855 13.807 13.755 13.71 13.655 13.595 13.543 13.5 13.463 13.433 13.415 13.39 13.337 13.278 13.26 13.283 13.308 13.332 13.323 13.295 13.285 13.265 13.2 13.12 13.057 12.96 12.82 12.665 12.503 12.42 12.428 12.445 12.465 12.485 12.51 12.537 12.562 12.595 12.632 12.66 12.672 12.65 12.6 12.555 12.518 12.483 12.448 12.453 12.492 12.492 12.45 12.403 12.355 12.283 12.235 12.248 12.285 12.337 12.39 12.455 12.535 12.597 12.592 12.538 12.483 12.425
13.78 13.79 13.805 13.825 13.845 13.857 13.837 13.78 13.708 13.653 13.615 13.572 13.52 13.468 13.428 13.395 13.37 13.355 13.345 13.32 13.275 13.26 13.283 13.31 13.34 13.32 13.268 13.245 13.217 13.142 13.05 12.97 12.857 12.715 12.567 12.418 12.36 12.387 12.413 12.435 12.457 12.477 12.485 12.482 12.48 12.507 12.562 12.585 12.558 12.51 12.46 12.415 12.378 12.35 12.373 12.44 12.485 12.472 12.427 12.367 12.278 12.225 12.225 12.235 12.27 12.32 12.385 12.462 12.535 12.542 12.49 12.432 12.37
13.773 13.783 13.797 13.815 13.832 13.82 13.76 13.677 13.6 13.548 13.51 13.473 13.435 13.395 13.363 13.335 13.308 13.293 13.285 13.277 13.263 13.263 13.29 13.32 13.35 13.33 13.265 13.218 13.17 13.088 12.985 12.88 12.753 12.61 12.465 12.345 12.315 12.345 12.383 12.413 12.408 12.375 12.338 12.305 12.275 12.303 12.438 12.52 12.483 12.423 12.365 12.315 12.273 12.26 12.3 12.37 12.435 12.47 12.452 12.367 12.263 12.218 12.215 12.215 12.225 12.255 12.315 12.39 12.462 12.482 12.437 12.377 12.315
13.763 13.77 13.785 13.8 13.795 13.74 13.658 13.57 13.495 13.455 13.433 13.405 13.383 13.353 13.315 13.28 13.245 13.23 13.23 13.233 13.238 13.255 13.285 13.315 13.35 13.345 13.288 13.223 13.153 13.068 12.973 12.875 12.745 12.588 12.428 12.323 12.323 12.368 12.413 12.435 12.413 12.348 12.275 12.218 12.163 12.235 12.42 12.487 12.45 12.398 12.328 12.255 12.188 12.175 12.23 12.3 12.368 12.432 12.442 12.335 12.228 12.202 12.197 12.195 12.192 12.2 12.25 12.328 12.4 12.417 12.37 12.307 12.242
13.75 13.75 13.765 13.762 13.717 13.642 13.56 13.47 13.413 13.403 13.398 13.383 13.37 13.34 13.293 13.248 13.213 13.195 13.195 13.205 13.215 13.235 13.268 13.305 13.35 13.367 13.327 13.26 13.183 13.098 13.015 12.94 12.835 12.68 12.505 12.398 12.405 12.457 12.49 12.49 12.48 12.447 12.38 12.3 12.253 12.365 12.485 12.455 12.422 12.405 12.357 12.28 12.188 12.165 12.225 12.295 12.35 12.357 12.3 12.182 12.128 12.152 12.157 12.152 12.147 12.15 12.198 12.28 12.357 12.365 12.292 12.215 12.145
