EGM722_Project_Data/DTM_asc/TL4360.asc
ncols         200
nrows         200
xllcorner     543000.000
yllcorner     260000.000
cellsize      5
NODATA_value  -9999.0
[rows 160 to 191 of 200, columns 0 to 72 of 200]
24.27 24.335 24.402 24.437 24.42 24.38 24.343 24.333 24.345 24.355 24.385 24.435 24.488 24.548 24.62 24.7 24.783 24.867 24.872 24.77 24.663 24.567 24.415 24.205 24.018 23.915 23.852 23.77 23.68 23.588 23.505 23.435 23.37 23.313 23.28 23.27 23.27 23.28 23.265 23.228 23.19 23.155 23.125 23.1 23.078 23.055 23.035 23.015 23.005 23.013 23.023 23.02 23.028 23.05 23.027 22.952 22.842 22.71 22.595 22.498 22.397 22.283 22.165 22.078 22.025 21.982 21.935 21.885 21.843 21.81 21.735 21.618 21.505
24.353 24.41 24.435 24.417 24.38 24.34 24.3 24.273 24.278 24.3 24.337 24.39 24.448 24.518 24.598 24.683 24.767 24.852 24.877 24.797 24.695 24.58 24.415 24.212 24.03 23.93 23.852 23.763 23.683 23.61 23.548 23.49 23.43 23.375 23.338 23.32 23.31 23.298 23.27 23.228 23.183 23.133 23.09 23.065 23.045 23.022 23 22.98 22.96 22.943 22.935 22.943 22.965 22.99 22.965 22.9 22.825 22.717 22.61 22.525 22.445 22.347 22.23 22.118 22.038 21.988 21.94 21.89 21.843 21.792 21.708 21.6 21.5
24.452 24.475 24.417 24.348 24.305 24.267 24.23 24.2 24.198 24.218 24.26 24.318 24.403 24.51 24.595 24.67 24.753 24.837 24.88 24.825 24.697 24.525 24.36 24.2 24.04 23.938 23.86 23.785 23.72 23.665 23.61 23.55 23.492 23.437 23.393 23.368 23.355 23.34 23.312 23.27 23.212 23.127 23.058 23.03 23.01 22.987 22.963 22.94 22.92 22.9 22.885 22.888 22.905 22.927 22.905 22.84 22.767 22.692 22.632 22.57 22.495 22.412 22.305 22.178 22.068 21.998 21.95 21.9 21.85 21.787 21.7 21.6 21.497
24.542 24.51 24.403 24.288 24.21 24.163 24.128 24.108 24.108 24.123 24.163 24.238 24.37 24.52 24.617 24.683 24.753 24.828 24.882 24.827 24.64 24.43 24.275 24.148 24.033 23.95 23.885 23.825 23.765 23.707 23.65 23.59 23.535 23.488 23.448 23.42 23.4 23.38 23.357 23.312 23.227 23.108 23.018 22.988 22.97 22.95 22.927 22.905 22.882 22.86 22.848 22.85 22.858 22.867 22.827 22.735 22.642 22.595 22.592 22.575 22.532 22.47 22.377 22.255 22.128 22.023 21.955 21.905 21.855 21.787 21.695 21.595 21.49
24.592 24.52 24.41 24.278 24.158 24.07 24.028 24.02 24.02 24.03 24.075 24.188 24.357 24.532 24.65 24.715 24.775 24.837 24.88 24.777 24.54 24.33 24.193 24.095 24.02 23.96 23.9 23.84 23.78 23.72 23.663 23.615 23.575 23.54 23.513 23.487 23.46 23.435 23.41 23.34 23.213 23.07 22.975 22.943 22.927 22.91 22.89 22.87 22.845 22.82 22.81 22.815 22.815 22.802 22.722 22.578 22.48 22.46 22.475 22.49 22.492 22.475 22.43 22.332 22.19 22.043 21.95 21.905 21.855 21.785 21.69 21.587 21.475
24.61 24.522 24.405 24.262 24.12 23.99 23.933 23.935 23.935 23.938 24 24.147 24.325 24.525 24.67 24.732 24.787 24.842 24.845 24.69 24.433 24.245 24.148 24.08 24.02 23.96 23.9 23.84 23.785 23.738 23.695 23.665 23.64 23.61 23.585 23.56 23.53 23.5 23.462 23.38 23.233 23.063 22.945 22.9 22.883 22.868 22.85 22.83 22.808 22.783 22.768 22.76 22.743 22.718 22.655 22.503 22.38 22.368 22.385 22.405 22.425 22.443 22.437 22.36 22.21 22.04 21.94 21.902 21.855 21.785 21.687 21.575 21.448
24.552 24.46 24.34 24.195 24.045 23.9 23.835 23.84 23.837 23.818 23.865 24.015 24.198 24.473 24.677 24.727 24.777 24.83 24.79 24.593 24.368 24.235 24.165 24.103 24.038 23.973 23.908 23.855 23.82 23.79 23.76 23.735 23.71 23.68 23.652 23.622 23.587 23.55 23.505 23.435 23.3 23.115 22.968 22.903 22.88 22.86 22.84 22.818 22.795 22.77 22.74 22.713 22.688 22.665 22.637 22.552 22.418 22.36 22.383 22.408 22.425 22.427 22.4 22.32 22.19 22.03 21.928 21.895 21.855 21.782 21.675 21.555 21.433
24.453 24.343 24.227 24.087 23.94 23.798 23.735 23.735 23.71 23.655 23.665 23.8 24.15 24.535 24.677 24.715 24.763 24.817 24.737 24.528 24.378 24.29 24.218 24.15 24.083 24.015 23.935 23.878 23.857 23.84 23.817 23.792 23.767 23.74 23.71 23.675 23.635 23.592 23.545 23.48 23.367 23.205 23.055 22.965 22.925 22.9 22.875 22.85 22.825 22.8 22.745 22.695 22.675 22.652 22.62 22.585 22.507 22.43 22.427 22.437 22.427 22.402 22.345 22.255 22.147 22.013 21.91 21.875 21.847 21.78 21.673 21.56 21.463
24.393 24.233 24.11 23.972 23.832 23.695 23.628 23.602 23.545 23.478 23.468 23.75 24.312 24.637 24.675 24.71 24.752 24.785 24.69 24.528 24.43 24.35 24.275 24.205 24.137 24.052 23.953 23.888 23.865 23.857 23.847 23.83 23.81 23.787 23.757 23.72 23.68 23.637 23.587 23.52 23.43 23.3 23.16 23.048 22.98 22.95 22.925 22.9 22.872 22.847 22.778 22.698 22.663 22.635 22.6 22.565 22.53 22.48 22.447 22.427 22.392 22.352 22.282 22.185 22.085 21.975 21.888 21.848 21.825 21.782 21.697 21.598 21.53
24.365 24.148 23.99 23.855 23.72 23.593 23.52 23.47 23.4 23.338 23.463 24.005 24.507 24.637 24.672 24.71 24.747 24.752 24.68 24.575 24.49 24.41 24.335 24.265 24.172 24.058 23.96 23.895 23.865 23.858 23.852 23.845 23.835 23.822 23.797 23.76 23.72 23.68 23.63 23.563 23.487 23.385 23.262 23.145 23.05 23 22.975 22.95 22.917 22.887 22.817 22.715 22.65 22.612 22.575 22.54 22.505 22.455 22.407 22.375 22.342 22.297 22.223 22.128 22.033 21.938 21.868 21.83 21.803 21.775 21.722 21.65 21.595
24.282 24.04 23.873 23.758 23.648 23.543 23.47 23.418 23.363 23.38 23.765 24.34 24.595 24.63 24.66 24.692 24.725 24.75 24.725 24.643 24.553 24.47 24.392 24.305 24.177 24.058 23.978 23.908 23.868 23.855 23.85 23.845 23.84 23.837 23.817 23.78 23.742 23.71 23.675 23.622 23.555 23.467 23.357 23.24 23.125 23.038 22.99 22.96 22.927 22.895 22.825 22.718 22.633 22.583 22.545 22.507 22.465 22.395 22.33 22.3 22.283 22.255 22.188 22.095 22.008 21.92 21.858 21.825 21.795 21.76 21.72 21.675 21.62
24.107 23.868 23.75 23.687 23.63 23.552 23.473 23.415 23.375 23.603 24.157 24.51 24.567 24.595 24.62 24.645 24.695 24.772 24.787 24.72 24.635 24.548 24.452 24.315 24.17 24.07 23.995 23.923 23.87 23.853 23.848 23.843 23.84 23.84 23.82 23.783 23.755 23.74 23.722 23.685 23.627 23.547 23.442 23.322 23.2 23.088 22.998 22.94 22.905 22.872 22.802 22.7 22.61 22.55 22.512 22.472 22.412 22.325 22.253 22.225 22.233 22.237 22.18 22.083 21.993 21.91 21.855 21.82 21.782 21.74 21.695 21.657 21.615
23.895 23.688 23.608 23.582 23.56 23.522 23.467 23.408 23.49 23.96 24.432 24.517 24.505 24.535 24.56 24.59 24.68 24.807 24.84 24.787 24.725 24.642 24.522 24.37 24.235 24.13 24.03 23.94 23.875 23.85 23.848 23.845 23.845 23.842 23.825 23.8 23.788 23.785 23.767 23.732 23.69 23.625 23.527 23.405 23.28 23.165 23.055 22.96 22.895 22.85 22.78 22.683 22.593 22.523 22.477 22.427 22.347 22.25 22.178 22.168 22.208 22.232 22.18 22.08 21.983 21.9 21.845 21.802 21.757 21.712 21.67 21.633 21.597
23.693 23.538 23.473 23.458 23.445 23.435 23.42 23.448 23.775 24.292 24.485 24.443 24.448 24.475 24.5 24.548 24.677 24.842 24.89 24.835 24.775 24.71 24.617 24.505 24.387 24.263 24.135 24.018 23.915 23.863 23.86 23.86 23.86 23.853 23.84 23.835 23.835 23.832 23.812 23.777 23.737 23.682 23.6 23.485 23.36 23.245 23.135 23.023 22.92 22.843 22.762 22.67 22.58 22.5 22.437 22.365 22.273 22.175 22.118 22.138 22.192 22.225 22.18 22.08 21.97 21.873 21.815 21.775 21.73 21.685 21.645 21.608 21.573
23.533 23.428 23.4 23.405 23.395 23.385 23.378 23.59 24.105 24.435 24.407 24.365 24.39 24.407 24.385 24.443 24.635 24.822 24.885 24.832 24.77 24.727 24.682 24.605 24.515 24.402 24.262 24.12 23.983 23.905 23.895 23.895 23.892 23.87 23.85 23.855 23.86 23.855 23.835 23.797 23.75 23.697 23.63 23.537 23.432 23.322 23.21 23.095 22.977 22.86 22.755 22.665 22.575 22.488 22.4 22.31 22.22 22.128 22.09 22.128 22.18 22.217 22.175 22.06 21.932 21.823 21.765 21.735 21.7 21.657 21.615 21.58 21.553
23.425 23.35 23.365 23.4 23.39 23.383 23.44 23.858 24.347 24.405 24.31 24.305 24.312 24.215 24.148 24.295 24.537 24.74 24.817 24.785 24.745 24.727 24.692 24.627 24.565 24.475 24.335 24.185 24.053 23.968 23.945 23.945 23.925 23.875 23.848 23.852 23.852 23.845 23.825 23.79 23.745 23.695 23.63 23.55 23.467 23.375 23.267 23.147 23.02 22.88 22.76 22.67 22.577 22.485 22.385 22.285 22.193 22.1 22.075 22.12 22.17 22.212 22.155 22.013 21.878 21.765 21.705 21.68 21.655 21.623 21.59 21.565 21.548
23.35 23.28 23.313 23.38 23.385 23.378 23.608 24.137 24.4 24.285 24.218 24.215 24.097 23.905 23.935 24.162 24.365 24.517 24.577 24.6 24.655 24.71 24.697 24.635 24.575 24.505 24.39 24.253 24.13 24.035 24 23.982 23.932 23.87 23.843 23.842 23.835 23.825 23.805 23.775 23.74 23.695 23.63 23.553 23.478 23.402 23.305 23.175 23.032 22.888 22.77 22.677 22.58 22.485 22.388 22.283 22.18 22.088 22.065 22.11 22.16 22.207 22.142 21.978 21.828 21.708 21.648 21.625 21.605 21.588 21.575 21.565 21.552
23.273 23.21 23.248 23.345 23.383 23.45 23.885 24.325 24.305 24.175 24.147 24.055 23.785 23.585 23.62 23.762 23.905 23.992 24.055 24.17 24.332 24.487 24.602 24.65 24.617 24.553 24.455 24.33 24.21 24.103 24.043 23.997 23.935 23.878 23.845 23.833 23.818 23.803 23.78 23.753 23.725 23.69 23.632 23.56 23.492 23.425 23.327 23.19 23.04 22.895 22.778 22.68 22.583 22.49 22.4 22.308 22.213 22.123 22.078 22.098 22.145 22.195 22.145 21.978 21.803 21.663 21.6 21.588 21.575 21.568 21.562 21.557 21.55
23.193 23.165 23.205 23.297 23.36 23.658 24.172 24.335 24.168 24.068 24.045 23.857 23.575 23.4 23.313 23.29 23.308 23.375 23.518 23.7 23.893 24.088 24.305 24.507 24.632 24.63 24.527 24.41 24.29 24.173 24.085 24.025 23.965 23.91 23.875 23.855 23.835 23.798 23.758 23.733 23.705 23.675 23.627 23.56 23.493 23.435 23.342 23.2 23.05 22.91 22.798 22.7 22.605 22.515 22.433 22.357 22.275 22.188 22.123 22.103 22.13 22.18 22.145 21.992 21.81 21.648 21.573 21.565 21.558 21.552 21.547 21.537 21.517
23.16 23.16 23.2 23.275 23.458 23.942 24.277 24.182 24.038 23.958 23.89 23.705 23.493 23.358 23.238 23.128 23.04 23.053 23.153 23.303 23.498 23.695 23.908 24.152 24.432 24.62 24.605 24.49 24.37 24.25 24.153 24.08 24.018 23.965 23.93 23.905 23.865 23.795 23.74 23.717 23.69 23.66 23.612 23.548 23.488 23.442 23.355 23.21 23.068 22.94 22.835 22.743 22.648 22.558 22.48 22.412 22.337 22.253 22.185 22.143 22.135 22.17 22.145 22.005 21.82 21.643 21.555 21.548 21.542 21.532 21.515 21.49 21.455
23.175 23.173 23.21 23.33 23.752 24.17 24.167 24.01 23.905 23.84 23.758 23.62 23.455 23.315 23.198 23.098 23.02 22.993 23 23.053 23.153 23.303 23.508 23.758 24.088 24.445 24.622 24.57 24.45 24.33 24.23 24.15 24.078 24.02 23.98 23.932 23.857 23.773 23.72 23.698 23.672 23.647 23.6 23.54 23.498 23.46 23.37 23.23 23.1 22.98 22.875 22.785 22.69 22.603 22.53 22.465 22.4 22.32 22.248 22.2 22.165 22.165 22.145 22.017 21.823 21.63 21.538 21.53 21.512 21.487 21.455 21.42 21.385
23.192 23.188 23.22 23.533 24.02 24.142 23.995 23.895 23.84 23.807 23.732 23.592 23.43 23.28 23.165 23.078 23.005 22.98 22.987 22.993 23 23.053 23.158 23.393 23.77 24.173 24.512 24.612 24.507 24.382 24.29 24.215 24.137 24.067 24.002 23.925 23.838 23.753 23.7 23.678 23.653 23.63 23.592 23.547 23.512 23.475 23.39 23.26 23.132 23.012 22.91 22.82 22.728 22.647 22.58 22.515 22.455 22.385 22.313 22.26 22.218 22.185 22.15 22.025 21.82 21.62 21.505 21.467 21.43 21.392 21.352 21.312 21.275
23.205 23.2 23.363 23.85 24.107 23.983 23.875 23.833 23.827 23.81 23.725 23.567 23.405 23.26 23.153 23.065 22.993 22.97 22.975 22.99 23.018 23.043 23.08 23.253 23.588 23.975 24.377 24.547 24.45 24.36 24.305 24.235 24.16 24.092 24.015 23.928 23.843 23.76 23.703 23.673 23.648 23.625 23.587 23.54 23.5 23.462 23.382 23.255 23.133 23.028 22.935 22.845 22.755 22.68 22.617 22.557 22.5 22.437 22.372 22.32 22.277 22.227 22.162 22.02 21.81 21.615 21.49 21.393 21.29 21.23 21.185 21.14 21.1
23.215 23.27 23.702 24.112 24.042 23.875 23.763 23.743 23.775 23.767 23.672 23.52 23.385 23.265 23.163 23.068 23.005 23.003 23.028 23.063 23.108 23.153 23.225 23.373 23.605 23.91 24.275 24.417 24.34 24.32 24.292 24.223 24.158 24.105 24.037 23.952 23.87 23.795 23.735 23.69 23.655 23.63 23.585 23.52 23.465 23.425 23.345 23.223 23.123 23.04 22.955 22.865 22.778 22.703 22.64 22.585 22.53 22.472 22.405 22.34 22.287 22.227 22.137 21.99 21.795 21.615 21.51 21.41 21.26 21.118 21.008 20.94 20.9
23.208 23.453 24.002 24.155 23.923 23.76 23.64 23.62 23.682 23.705 23.63 23.503 23.392 23.285 23.183 23.115 23.098 23.115 23.153 23.197 23.243 23.288 23.38 23.548 23.74 23.953 24.205 24.315 24.298 24.31 24.28 24.218 24.167 24.12 24.057 23.978 23.9 23.833 23.775 23.725 23.675 23.638 23.59 23.52 23.45 23.392 23.315 23.215 23.133 23.057 22.975 22.888 22.803 22.725 22.663 22.607 22.547 22.487 22.405 22.313 22.245 22.175 22.067 21.93 21.765 21.615 21.528 21.46 21.352 21.178 20.988 20.84 20.728
23.27 23.752 24.152 24.017 23.77 23.6 23.508 23.495 23.555 23.602 23.567 23.47 23.375 23.287 23.225 23.21 23.222 23.24 23.27 23.322 23.377 23.422 23.535 23.705 23.847 23.975 24.125 24.235 24.27 24.29 24.272 24.222 24.177 24.13 24.075 24.007 23.935 23.87 23.812 23.76 23.708 23.657 23.595 23.52 23.447 23.378 23.302 23.222 23.145 23.07 22.992 22.91 22.825 22.745 22.68 22.62 22.557 22.495 22.4 22.283 22.197 22.112 21.99 21.855 21.718 21.608 21.537 21.475 21.407 21.297 21.11 20.88 20.67
23.483 24.05 24.14 23.825 23.553 23.443 23.405 23.393 23.42 23.467 23.442 23.358 23.288 23.24 23.225 23.235 23.245 23.257 23.282 23.345 23.425 23.492 23.577 23.675 23.75 23.838 23.985 24.14 24.22 24.247 24.24 24.195 24.15 24.112 24.072 24.015 23.945 23.88 23.832 23.787 23.735 23.682 23.605 23.515 23.44 23.37 23.295 23.22 23.148 23.077 23.005 22.922 22.84 22.763 22.685 22.615 22.555 22.495 22.395 22.255 22.145 22.043 21.93 21.83 21.698 21.588 21.53 21.47 21.407 21.322 21.142 20.882 20.678
23.807 24.175 23.947 23.58 23.38 23.355 23.35 23.325 23.308 23.32 23.295 23.233 23.193 23.17 23.163 23.17 23.18 23.19 23.208 23.27 23.365 23.45 23.495 23.515 23.57 23.68 23.838 24.01 24.137 24.19 24.18 24.138 24.1 24.08 24.055 23.997 23.925 23.86 23.825 23.802 23.76 23.707 23.625 23.523 23.435 23.36 23.288 23.215 23.148 23.085 23.012 22.928 22.853 22.78 22.693 22.61 22.545 22.485 22.382 22.233 22.118 22.033 21.953 21.857 21.692 21.563 21.505 21.437 21.362 21.265 21.072 20.835 20.695
24.127 24.072 23.675 23.368 23.305 23.305 23.3 23.275 23.235 23.21 23.185 23.153 23.13 23.108 23.098 23.105 23.115 23.125 23.138 23.19 23.277 23.357 23.403 23.44 23.523 23.625 23.74 23.875 24.022 24.122 24.122 24.088 24.07 24.065 24.045 23.985 23.91 23.843 23.803 23.792 23.775 23.73 23.647 23.542 23.44 23.353 23.28 23.213 23.15 23.09 23.018 22.94 22.872 22.802 22.715 22.62 22.54 22.472 22.365 22.238 22.158 22.1 22.027 21.865 21.655 21.533 21.462 21.38 21.295 21.192 21.008 20.833 20.748
24.18 23.845 23.448 23.268 23.26 23.258 23.25 23.225 23.188 23.153 23.12 23.093 23.07 23.045 23.035 23.045 23.052 23.06 23.07 23.11 23.19 23.278 23.353 23.44 23.547 23.642 23.73 23.823 23.938 24.047 24.075 24.058 24.055 24.055 24.032 23.972 23.898 23.825 23.783 23.773 23.765 23.74 23.667 23.56 23.45 23.358 23.285 23.22 23.158 23.095 23.028 22.96 22.895 22.825 22.74 22.64 22.545 22.46 22.365 22.283 22.23 22.172 22.055 21.823 21.603 21.488 21.4 21.313 21.228 21.12 20.975 20.865 20.803
24.105 23.79 23.52 23.35 23.278 23.257 23.218 23.18 23.143 23.108 23.073 23.04 23.01 22.983 22.973 22.98 22.988 22.998 23.013 23.068 23.165 23.26 23.36 23.47 23.57 23.66 23.747 23.833 23.92 24.018 24.057 24.045 24.045 24.045 24.02 23.96 23.888 23.823 23.79 23.78 23.767 23.74 23.665 23.557 23.455 23.378 23.315 23.25 23.188 23.12 23.053 22.988 22.92 22.85 22.765 22.665 22.565 22.465 22.375 22.305 22.247 22.185 22.02 21.775 21.608 21.503 21.4 21.3 21.2 21.093 20.995 20.925 20.863
23.937 23.8 23.57 23.365 23.282 23.265 23.195 23.143 23.1 23.063 23.028 22.992 22.955 22.923 22.91 22.918 22.933 22.948 22.98 23.07 23.19 23.29 23.39 23.495 23.585 23.667 23.753 23.843 23.94 24.042 24.077 24.05 24.04 24.04 24.012 23.95 23.888 23.843 23.818 23.805 23.78 23.732 23.65 23.548 23.468 23.413 23.357 23.292 23.227 23.157 23.087 23.02 22.95 22.877 22.79 22.69 22.587 22.483 22.38 22.285 22.208 22.137 21.973 21.783 21.683 21.59 21.48 21.368 21.255 21.15 21.07 21.007 20.942
