EGM722_Project_Data/DTM_asc/TL4360.asc
ncols         200
nrows         200
xllcorner     543000.000
yllcorner     260000.000
cellsize      5
NODATA_value  -9999.0
[rows 128 to 159 of 200, columns 0 to 72 of 200]
23.888 23.932 23.985 24.035 24.093 24.157 24.197 24.212 24.215 24.202 24.162 24.105 24.057 24.01 23.96 23.92 23.893 23.873 23.895 23.927 23.887 23.78 23.655 23.535 23.415 23.298 23.193 23.11 23.06 23.028 22.993 22.955 22.923 22.923 22.95 22.99 23.035 23.068 23.097 23.112 23.087 23.037 22.98 22.915 22.85 22.803 22.768 22.737 22.71 22.682 22.662 22.647 22.617 22.567 22.5 22.387 22.268 22.228 22.175 22.052 21.927 21.802 21.677 21.55 21.42 21.31 21.22 21.125 21.005 20.85 20.748 20.717 20.687
23.927 23.95 23.995 24.047 24.102 24.16 24.197 24.215 24.233 24.242 24.225 24.185 24.142 24.095 24.053 24.025 24.007 23.99 23.995 23.977 23.9 23.792 23.668 23.548 23.445 23.358 23.278 23.205 23.153 23.12 23.085 23.025 22.945 22.89 22.883 22.915 22.968 23.043 23.1 23.123 23.132 23.11 23.052 22.97 22.887 22.82 22.76 22.713 22.683 22.66 22.647 22.64 22.625 22.602 22.535 22.402 22.255 22.178 22.107 21.985 21.863 21.738 21.618 21.498 21.388 21.293 21.198 21.105 21.01 20.885 20.798 20.77 20.742
23.93 23.938 23.975 24.03 24.09 24.145 24.195 24.232 24.255 24.272 24.267 24.24 24.205 24.165 24.137 24.12 24.105 24.095 24.067 24 23.91 23.805 23.695 23.603 23.528 23.458 23.38 23.303 23.245 23.21 23.17 23.1 23.013 22.928 22.865 22.875 22.958 23.075 23.147 23.16 23.165 23.14 23.067 22.967 22.883 22.83 22.77 22.7 22.658 22.635 22.62 22.61 22.6 22.59 22.525 22.395 22.255 22.145 22.043 21.923 21.808 21.688 21.57 21.473 21.405 21.33 21.228 21.128 21.03 20.928 20.85 20.81 20.782
23.9 23.903 23.938 23.992 24.048 24.103 24.17 24.237 24.28 24.305 24.3 24.27 24.237 24.202 24.18 24.167 24.157 24.16 24.117 24.023 23.935 23.85 23.773 23.71 23.642 23.565 23.485 23.405 23.34 23.3 23.25 23.17 23.08 22.995 22.923 22.928 23.025 23.145 23.212 23.207 23.175 23.117 23.03 22.945 22.89 22.85 22.79 22.708 22.643 22.608 22.593 22.582 22.567 22.547 22.475 22.352 22.23 22.115 22 21.885 21.773 21.658 21.548 21.483 21.462 21.405 21.302 21.198 21.1 21.02 20.928 20.843 20.8
23.873 23.865 23.898 23.952 24.005 24.06 24.128 24.205 24.277 24.327 24.33 24.297 24.257 24.218 24.195 24.19 24.195 24.207 24.165 24.065 23.993 23.943 23.885 23.822 23.75 23.67 23.59 23.51 23.438 23.387 23.327 23.24 23.15 23.065 23.018 23.053 23.14 23.222 23.247 23.205 23.143 23.078 23.008 22.95 22.91 22.87 22.812 22.73 22.648 22.59 22.565 22.55 22.527 22.5 22.422 22.305 22.198 22.097 21.987 21.868 21.75 21.635 21.545 21.51 21.51 21.47 21.38 21.283 21.205 21.145 21.04 20.908 20.825
23.86 23.835 23.855 23.91 23.965 24.018 24.083 24.16 24.242 24.315 24.337 24.315 24.275 24.235 24.22 24.228 24.247 24.262 24.215 24.125 24.078 24.05 23.997 23.927 23.85 23.77 23.69 23.61 23.535 23.472 23.4 23.31 23.223 23.143 23.115 23.165 23.245 23.297 23.277 23.215 23.153 23.088 23.03 22.983 22.938 22.892 22.835 22.755 22.665 22.588 22.543 22.518 22.49 22.455 22.38 22.28 22.185 22.09 21.983 21.858 21.735 21.623 21.56 21.55 21.55 21.53 21.467 21.387 21.32 21.255 21.147 21.002 20.878
23.865 23.83 23.833 23.875 23.925 23.978 24.043 24.12 24.197 24.265 24.292 24.282 24.257 24.243 24.257 24.28 24.302 24.312 24.263 24.198 24.175 24.155 24.11 24.04 23.958 23.875 23.793 23.71 23.633 23.558 23.48 23.398 23.318 23.245 23.213 23.245 23.312 23.36 23.335 23.268 23.205 23.143 23.085 23.033 22.98 22.925 22.86 22.782 22.695 22.608 22.55 22.52 22.49 22.44 22.36 22.267 22.173 22.088 22 21.888 21.765 21.66 21.613 21.61 21.607 21.587 21.535 21.465 21.392 21.317 21.21 21.07 20.925
23.872 23.84 23.833 23.855 23.89 23.94 24.007 24.08 24.145 24.2 24.22 24.208 24.203 24.23 24.282 24.327 24.357 24.362 24.323 24.283 24.262 24.235 24.21 24.175 24.105 24.018 23.933 23.848 23.765 23.68 23.593 23.51 23.435 23.365 23.328 23.338 23.383 23.422 23.395 23.325 23.258 23.195 23.14 23.087 23.025 22.95 22.875 22.807 22.73 22.643 22.58 22.545 22.507 22.44 22.35 22.258 22.175 22.11 22.045 21.95 21.833 21.738 21.698 21.692 21.672 21.625 21.562 21.497 21.427 21.352 21.247 21.105 20.95
23.862 23.847 23.84 23.853 23.873 23.908 23.965 24.027 24.08 24.127 24.147 24.145 24.165 24.215 24.28 24.345 24.4 24.417 24.392 24.36 24.325 24.29 24.28 24.282 24.26 24.195 24.11 24.027 23.945 23.857 23.755 23.65 23.56 23.485 23.45 23.45 23.465 23.485 23.455 23.385 23.315 23.248 23.187 23.125 23.045 22.955 22.878 22.817 22.752 22.675 22.61 22.565 22.51 22.43 22.343 22.265 22.205 22.152 22.095 22.007 21.903 21.82 21.78 21.757 21.707 21.642 21.58 21.52 21.457 21.387 21.28 21.13 20.97
23.825 23.835 23.843 23.857 23.873 23.893 23.928 23.97 24.01 24.053 24.083 24.108 24.15 24.203 24.268 24.34 24.412 24.452 24.437 24.4 24.36 24.33 24.325 24.335 24.347 24.33 24.267 24.192 24.117 24.04 23.94 23.82 23.707 23.61 23.565 23.565 23.565 23.557 23.515 23.445 23.373 23.303 23.228 23.138 23.045 22.955 22.88 22.82 22.763 22.7 22.638 22.577 22.505 22.427 22.355 22.295 22.245 22.195 22.14 22.065 21.98 21.9 21.84 21.787 21.722 21.657 21.595 21.532 21.47 21.405 21.295 21.14 20.98
23.795 23.825 23.845 23.858 23.872 23.888 23.91 23.943 23.975 24.008 24.045 24.09 24.14 24.193 24.26 24.335 24.402 24.45 24.445 24.405 24.368 24.353 24.36 24.37 24.377 24.372 24.332 24.265 24.195 24.127 24.047 23.94 23.82 23.703 23.645 23.645 23.642 23.622 23.57 23.5 23.433 23.382 23.308 23.198 23.095 22.99 22.903 22.84 22.785 22.73 22.665 22.59 22.503 22.412 22.342 22.287 22.235 22.187 22.145 22.097 22.03 21.942 21.865 21.802 21.737 21.67 21.6 21.528 21.46 21.395 21.282 21.125 20.983
23.8 23.84 23.86 23.86 23.868 23.883 23.905 23.937 23.967 23.988 24.023 24.077 24.13 24.188 24.257 24.325 24.382 24.432 24.437 24.4 24.373 24.373 24.382 24.385 24.377 24.362 24.325 24.26 24.19 24.128 24.072 23.992 23.88 23.76 23.698 23.695 23.687 23.667 23.62 23.553 23.505 23.485 23.427 23.32 23.205 23.065 22.953 22.893 22.835 22.77 22.692 22.61 22.502 22.368 22.275 22.228 22.188 22.155 22.13 22.095 22.037 21.957 21.878 21.815 21.747 21.672 21.595 21.515 21.443 21.375 21.26 21.113 21.008
23.828 23.855 23.875 23.872 23.87 23.88 23.905 23.93 23.947 23.963 24 24.062 24.12 24.18 24.247 24.305 24.36 24.415 24.427 24.403 24.39 24.39 24.387 24.377 24.362 24.347 24.315 24.252 24.18 24.123 24.08 24.022 23.932 23.82 23.753 23.742 23.732 23.715 23.673 23.623 23.6 23.587 23.542 23.442 23.302 23.133 23.013 22.952 22.882 22.805 22.72 22.632 22.497 22.323 22.223 22.19 22.165 22.145 22.122 22.082 22.03 21.967 21.895 21.825 21.75 21.67 21.59 21.508 21.428 21.352 21.245 21.133 21.06
23.88 23.883 23.887 23.885 23.882 23.883 23.895 23.913 23.925 23.938 23.978 24.045 24.11 24.17 24.227 24.282 24.337 24.392 24.415 24.405 24.397 24.39 24.377 24.362 24.347 24.332 24.305 24.247 24.175 24.12 24.08 24.037 23.97 23.87 23.805 23.788 23.775 23.762 23.737 23.712 23.7 23.687 23.65 23.54 23.37 23.193 23.07 22.99 22.902 22.815 22.722 22.637 22.505 22.323 22.22 22.188 22.16 22.14 22.112 22.07 22.018 21.962 21.905 21.835 21.753 21.67 21.59 21.508 21.423 21.34 21.255 21.18 21.117
23.922 23.91 23.903 23.897 23.892 23.885 23.885 23.9 23.915 23.943 24 24.07 24.133 24.173 24.193 24.23 24.29 24.35 24.392 24.4 24.39 24.377 24.362 24.347 24.333 24.317 24.292 24.24 24.17 24.118 24.08 24.045 23.995 23.91 23.85 23.832 23.812 23.78 23.77 23.775 23.765 23.755 23.71 23.587 23.415 23.238 23.083 22.967 22.872 22.775 22.675 22.602 22.512 22.358 22.248 22.205 22.168 22.14 22.107 22.06 22.008 21.955 21.905 21.845 21.77 21.69 21.61 21.528 21.443 21.368 21.298 21.23 21.165
23.937 23.923 23.915 23.91 23.9 23.888 23.885 23.9 23.933 23.993 24.065 24.132 24.182 24.205 24.195 24.188 24.22 24.275 24.33 24.362 24.37 24.362 24.347 24.333 24.317 24.302 24.282 24.235 24.165 24.115 24.08 24.045 24.007 23.942 23.89 23.865 23.822 23.76 23.75 23.79 23.802 23.795 23.73 23.595 23.437 23.265 23.083 22.923 22.805 22.705 22.61 22.553 22.507 22.39 22.28 22.235 22.19 22.145 22.1 22.053 22.005 21.955 21.905 21.85 21.787 21.72 21.645 21.563 21.49 21.433 21.36 21.278 21.205
23.95 23.935 23.925 23.917 23.905 23.89 23.888 23.92 23.983 24.057 24.127 24.185 24.225 24.255 24.25 24.215 24.2 24.21 24.243 24.285 24.32 24.337 24.332 24.317 24.302 24.288 24.272 24.23 24.163 24.115 24.08 24.045 24.01 23.962 23.912 23.86 23.795 23.728 23.72 23.775 23.82 23.825 23.74 23.593 23.448 23.298 23.123 22.93 22.765 22.64 22.553 22.51 22.485 22.402 22.31 22.262 22.212 22.155 22.098 22.048 22.002 21.955 21.903 21.847 21.79 21.73 21.665 21.595 21.553 21.51 21.43 21.338 21.25
23.96 23.945 23.935 23.925 23.908 23.893 23.908 23.97 24.047 24.122 24.185 24.23 24.267 24.302 24.305 24.275 24.243 24.213 24.203 24.213 24.243 24.28 24.302 24.302 24.288 24.273 24.26 24.222 24.16 24.115 24.08 24.045 23.997 23.952 23.907 23.838 23.763 23.695 23.693 23.75 23.81 23.83 23.745 23.6 23.475 23.355 23.19 22.99 22.795 22.62 22.513 22.473 22.445 22.398 22.338 22.282 22.225 22.165 22.105 22.048 21.998 21.952 21.9 21.843 21.785 21.727 21.67 21.63 21.627 21.59 21.5 21.405 21.308
23.962 23.948 23.942 23.94 23.928 23.913 23.945 24.025 24.105 24.18 24.235 24.275 24.31 24.335 24.34 24.325 24.297 24.265 24.235 24.21 24.205 24.213 24.238 24.267 24.27 24.26 24.247 24.212 24.16 24.118 24.08 24.02 23.953 23.92 23.895 23.835 23.753 23.685 23.685 23.74 23.802 23.832 23.76 23.628 23.533 23.437 23.275 23.073 22.87 22.69 22.563 22.49 22.45 22.42 22.365 22.293 22.23 22.17 22.11 22.05 21.995 21.948 21.897 21.84 21.78 21.723 21.685 21.68 21.68 21.632 21.547 21.457 21.365
23.958 23.943 23.943 23.957 23.96 23.948 23.983 24.067 24.152 24.23 24.285 24.317 24.337 24.35 24.355 24.352 24.34 24.317 24.29 24.26 24.235 24.213 24.205 24.215 24.23 24.24 24.232 24.2 24.157 24.12 24.047 23.95 23.9 23.89 23.877 23.835 23.763 23.705 23.705 23.75 23.807 23.845 23.782 23.673 23.605 23.52 23.36 23.158 22.973 22.828 22.7 22.585 22.513 22.475 22.402 22.305 22.235 22.175 22.115 22.055 21.998 21.945 21.895 21.84 21.78 21.74 21.727 21.715 21.687 21.637 21.562 21.477 21.392
23.958 23.938 23.94 23.965 23.982 23.98 24.015 24.103 24.195 24.277 24.327 24.342 24.35 24.36 24.365 24.365 24.36 24.35 24.335 24.312 24.287 24.265 24.24 24.215 24.208 24.208 24.207 24.19 24.147 24.067 23.953 23.88 23.865 23.86 23.85 23.827 23.785 23.74 23.735 23.773 23.82 23.855 23.817 23.74 23.685 23.6 23.44 23.258 23.11 22.983 22.855 22.725 22.613 22.54 22.455 22.34 22.25 22.185 22.125 22.065 22.005 21.948 21.895 21.84 21.795 21.775 21.752 21.717 21.682 21.64 21.57 21.475 21.365
23.97 23.94 23.94 23.963 23.988 24.005 24.05 24.14 24.24 24.325 24.36 24.358 24.36 24.37 24.375 24.373 24.368 24.365 24.365 24.342 24.29 24.252 24.232 24.212 24.195 24.177 24.175 24.157 24.075 23.945 23.858 23.835 23.827 23.817 23.805 23.802 23.8 23.777 23.768 23.797 23.837 23.857 23.842 23.807 23.765 23.682 23.54 23.393 23.265 23.138 23.012 22.885 22.753 22.635 22.528 22.41 22.3 22.215 22.148 22.08 22.013 21.95 21.895 21.848 21.815 21.785 21.748 21.713 21.675 21.638 21.565 21.448 21.313
23.99 23.978 23.99 24.01 24.033 24.055 24.108 24.2 24.305 24.385 24.405 24.393 24.385 24.385 24.385 24.385 24.39 24.398 24.405 24.392 24.278 24.15 24.118 24.115 24.115 24.115 24.117 24.062 23.933 23.83 23.793 23.78 23.77 23.755 23.74 23.748 23.772 23.785 23.792 23.805 23.812 23.807 23.797 23.79 23.775 23.74 23.655 23.54 23.422 23.295 23.167 23.04 22.907 22.768 22.635 22.52 22.408 22.303 22.218 22.143 22.068 21.998 21.925 21.873 21.843 21.805 21.77 21.738 21.7 21.665 21.582 21.448 21.31
24.033 24.055 24.085 24.105 24.122 24.133 24.18 24.278 24.385 24.455 24.465 24.45 24.438 24.433 24.425 24.428 24.443 24.455 24.462 24.465 24.337 24.133 24.028 24.005 24.018 24.03 24.012 23.923 23.815 23.758 23.73 23.713 23.7 23.685 23.673 23.688 23.72 23.735 23.737 23.74 23.732 23.715 23.703 23.713 23.74 23.767 23.73 23.63 23.525 23.412 23.297 23.182 23.055 22.905 22.767 22.655 22.545 22.435 22.333 22.248 22.173 22.095 21.995 21.913 21.88 21.855 21.825 21.795 21.76 21.722 21.632 21.49 21.35
24.113 24.147 24.175 24.192 24.202 24.208 24.253 24.353 24.462 24.522 24.527 24.52 24.515 24.517 24.505 24.495 24.505 24.512 24.515 24.517 24.44 24.26 24.08 23.968 23.943 23.947 23.895 23.81 23.75 23.703 23.67 23.65 23.633 23.615 23.61 23.622 23.627 23.61 23.59 23.595 23.61 23.62 23.638 23.682 23.742 23.792 23.767 23.667 23.565 23.465 23.365 23.257 23.132 22.997 22.877 22.777 22.68 22.575 22.465 22.363 22.28 22.19 22.07 21.96 21.908 21.892 21.872 21.847 21.817 21.775 21.677 21.535 21.395
24.202 24.242 24.265 24.272 24.277 24.283 24.325 24.422 24.53 24.587 24.595 24.597 24.602 24.607 24.592 24.568 24.563 24.568 24.573 24.58 24.53 24.382 24.197 24.028 23.913 23.858 23.803 23.743 23.698 23.65 23.613 23.59 23.57 23.548 23.538 23.533 23.51 23.48 23.458 23.46 23.488 23.523 23.572 23.64 23.705 23.757 23.762 23.692 23.592 23.495 23.387 23.265 23.145 23.042 22.937 22.832 22.745 22.657 22.562 22.467 22.38 22.272 22.137 22.01 21.938 21.917 21.9 21.882 21.862 21.822 21.722 21.58 21.44
24.247 24.285 24.315 24.332 24.337 24.34 24.383 24.482 24.565 24.605 24.63 24.642 24.65 24.655 24.642 24.625 24.628 24.64 24.648 24.645 24.572 24.42 24.25 24.08 23.918 23.815 23.765 23.718 23.673 23.625 23.57 23.53 23.507 23.483 23.478 23.475 23.453 23.428 23.403 23.388 23.4 23.43 23.478 23.545 23.605 23.645 23.672 23.667 23.605 23.51 23.395 23.27 23.165 23.08 22.975 22.85 22.745 22.662 22.585 22.502 22.41 22.305 22.192 22.07 21.978 21.943 21.925 21.905 21.882 21.85 21.76 21.618 21.475
24.237 24.26 24.305 24.36 24.38 24.38 24.43 24.517 24.552 24.568 24.607 24.64 24.657 24.665 24.655 24.663 24.702 24.727 24.732 24.695 24.575 24.41 24.243 24.088 23.933 23.825 23.775 23.73 23.685 23.627 23.548 23.478 23.443 23.42 23.43 23.45 23.437 23.415 23.39 23.36 23.343 23.35 23.388 23.445 23.482 23.505 23.535 23.565 23.567 23.507 23.395 23.285 23.203 23.125 23.02 22.888 22.76 22.658 22.572 22.477 22.37 22.275 22.19 22.092 22.005 21.963 21.942 21.915 21.885 21.855 21.782 21.652 21.507
24.202 24.215 24.268 24.347 24.402 24.423 24.467 24.515 24.515 24.525 24.563 24.607 24.645 24.667 24.678 24.71 24.77 24.807 24.8 24.717 24.567 24.405 24.255 24.122 23.965 23.845 23.795 23.747 23.697 23.627 23.535 23.445 23.388 23.36 23.37 23.402 23.415 23.402 23.375 23.347 23.32 23.3 23.308 23.333 23.343 23.36 23.395 23.425 23.457 23.462 23.402 23.317 23.245 23.17 23.065 22.932 22.8 22.673 22.555 22.44 22.325 22.228 22.14 22.063 22.008 21.968 21.938 21.912 21.885 21.855 21.797 21.682 21.535
24.163 24.175 24.23 24.315 24.393 24.447 24.477 24.485 24.475 24.483 24.518 24.563 24.607 24.65 24.695 24.752 24.817 24.872 24.84 24.715 24.568 24.425 24.3 24.16 23.983 23.863 23.815 23.765 23.702 23.617 23.523 23.43 23.348 23.3 23.31 23.345 23.375 23.382 23.36 23.33 23.3 23.27 23.248 23.23 23.215 23.228 23.26 23.293 23.325 23.36 23.362 23.317 23.265 23.205 23.102 22.967 22.83 22.688 22.558 22.433 22.298 22.183 22.103 22.048 22.008 21.965 21.928 21.902 21.877 21.852 21.812 21.707 21.555
24.158 24.188 24.253 24.338 24.412 24.45 24.452 24.445 24.435 24.44 24.473 24.518 24.565 24.618 24.68 24.75 24.822 24.895 24.86 24.72 24.59 24.472 24.352 24.187 23.993 23.88 23.835 23.777 23.7 23.605 23.51 23.42 23.325 23.255 23.253 23.288 23.325 23.347 23.335 23.3 23.265 23.235 23.205 23.173 23.145 23.138 23.145 23.17 23.205 23.24 23.257 23.24 23.21 23.182 23.112 22.982 22.837 22.695 22.575 22.457 22.313 22.178 22.095 22.053 22.015 21.97 21.925 21.89 21.865 21.845 21.805 21.702 21.56
24.2 24.255 24.33 24.405 24.442 24.425 24.398 24.395 24.395 24.398 24.428 24.475 24.525 24.583 24.65 24.723 24.8 24.882 24.867 24.743 24.628 24.522 24.387 24.2 24.005 23.898 23.847 23.777 23.69 23.595 23.5 23.413 23.33 23.26 23.238 23.253 23.278 23.305 23.297 23.263 23.228 23.195 23.165 23.138 23.112 23.09 23.073 23.07 23.088 23.12 23.14 23.125 23.108 23.112 23.082 22.98 22.842 22.703 22.585 22.48 22.355 22.223 22.118 22.058 22.02 21.977 21.93 21.885 21.853 21.83 21.772 21.66 21.533
