EGM722_Project_Data/DTM_asc/TL4361.asc
ncols         200
nrows         200
xllcorner     543000.000
yllcorner     261000.000
cellsize      5
NODATA_value  -9999.0
[rows 160 to 191 of 200, columns 0 to 72 of 200]
17.72 17.653 17.592 17.522 17.425 17.328 17.288 17.295 17.302 17.31 17.315 17.32 17.325 17.325 17.247 17.092 16.93 16.745 16.618 16.56 16.503 16.455 16.405 16.337 16.255 16.165 16.09 16.015 15.917 15.813 15.718 15.648 15.598 15.55 15.495 15.435 15.38 15.327 15.273 15.218 15.183 15.165 15.135 15.098 15.063 15.028 15.005 15 15.002 15 14.975 14.93 14.86 14.75 14.65 14.58 14.507 14.433 14.387 14.362 14.315 14.258 14.235 14.247 14.255 14.247 14.22 14.18 14.145 14.11 14.09 14.1 14.145
17.755 17.687 17.612 17.517 17.41 17.31 17.265 17.27 17.275 17.28 17.285 17.29 17.295 17.287 17.202 17.045 16.888 16.733 16.63 16.575 16.517 16.467 16.407 16.325 16.235 16.145 16.06 15.967 15.863 15.758 15.675 15.623 15.58 15.535 15.482 15.427 15.375 15.322 15.265 15.205 15.155 15.118 15.083 15.045 15.008 14.973 14.953 14.952 14.957 14.952 14.925 14.885 14.842 14.777 14.697 14.622 14.547 14.477 14.415 14.36 14.305 14.248 14.228 14.24 14.252 14.257 14.237 14.202 14.167 14.13 14.115 14.15 14.22
17.775 17.705 17.617 17.513 17.41 17.333 17.288 17.258 17.245 17.25 17.255 17.26 17.265 17.25 17.157 17 16.85 16.723 16.635 16.575 16.52 16.47 16.397 16.305 16.215 16.125 16.028 15.925 15.823 15.723 15.653 15.608 15.565 15.515 15.46 15.41 15.36 15.315 15.267 15.21 15.155 15.105 15.065 15.03 14.99 14.94 14.898 14.885 14.887 14.88 14.85 14.81 14.778 14.762 14.72 14.64 14.565 14.507 14.438 14.358 14.295 14.24 14.22 14.23 14.245 14.255 14.242 14.215 14.182 14.15 14.16 14.225 14.305
17.78 17.71 17.622 17.518 17.44 17.405 17.37 17.313 17.263 17.235 17.225 17.23 17.235 17.212 17.112 16.963 16.83 16.72 16.635 16.57 16.513 16.46 16.385 16.288 16.195 16.102 16.003 15.9 15.805 15.715 15.643 15.595 15.55 15.492 15.435 15.385 15.34 15.307 15.275 15.23 15.178 15.128 15.087 15.047 14.992 14.912 14.84 14.803 14.79 14.782 14.755 14.725 14.718 14.735 14.712 14.638 14.578 14.537 14.47 14.373 14.29 14.23 14.21 14.22 14.235 14.245 14.235 14.21 14.19 14.195 14.245 14.328 14.41
17.798 17.715 17.628 17.545 17.51 17.497 17.467 17.415 17.35 17.283 17.233 17.21 17.205 17.175 17.072 16.94 16.825 16.72 16.638 16.573 16.508 16.45 16.375 16.275 16.177 16.08 15.983 15.888 15.798 15.71 15.635 15.582 15.527 15.465 15.41 15.365 15.33 15.3 15.27 15.24 15.2 15.152 15.105 15.042 14.96 14.868 14.793 14.743 14.708 14.688 14.673 14.673 14.693 14.717 14.7 14.645 14.605 14.572 14.507 14.405 14.303 14.225 14.2 14.21 14.225 14.235 14.225 14.22 14.24 14.283 14.353 14.44 14.525
17.833 17.73 17.655 17.615 17.6 17.59 17.56 17.512 17.452 17.377 17.305 17.247 17.205 17.147 17.05 16.935 16.827 16.725 16.643 16.578 16.51 16.445 16.362 16.26 16.16 16.06 15.965 15.877 15.79 15.703 15.625 15.563 15.503 15.438 15.385 15.35 15.32 15.293 15.265 15.238 15.207 15.165 15.1 15.013 14.92 14.83 14.758 14.71 14.67 14.64 14.64 14.663 14.688 14.712 14.705 14.672 14.642 14.607 14.545 14.445 14.335 14.238 14.198 14.208 14.223 14.235 14.248 14.283 14.335 14.388 14.46 14.547 14.632
17.89 17.795 17.725 17.698 17.69 17.68 17.652 17.585 17.49 17.407 17.34 17.272 17.205 17.127 17.032 16.925 16.823 16.735 16.66 16.595 16.527 16.447 16.35 16.243 16.14 16.04 15.945 15.86 15.775 15.69 15.615 15.553 15.495 15.43 15.378 15.348 15.32 15.293 15.265 15.238 15.21 15.172 15.11 15.023 14.93 14.84 14.773 14.73 14.693 14.665 14.668 14.693 14.715 14.722 14.705 14.68 14.652 14.622 14.58 14.497 14.39 14.285 14.238 14.248 14.263 14.278 14.313 14.367 14.422 14.483 14.56 14.647 14.732
17.985 17.913 17.84 17.785 17.758 17.75 17.715 17.605 17.473 17.375 17.305 17.238 17.175 17.102 17.007 16.905 16.82 16.755 16.692 16.625 16.545 16.45 16.343 16.23 16.123 16.02 15.925 15.84 15.755 15.67 15.603 15.555 15.505 15.443 15.39 15.358 15.33 15.3 15.27 15.243 15.215 15.18 15.13 15.062 14.98 14.89 14.825 14.787 14.75 14.718 14.715 14.735 14.742 14.72 14.685 14.658 14.632 14.607 14.585 14.545 14.462 14.358 14.31 14.323 14.337 14.353 14.388 14.445 14.505 14.57 14.65 14.737 14.817
18.115 18.047 17.977 17.902 17.838 17.792 17.715 17.59 17.46 17.35 17.27 17.205 17.145 17.075 16.985 16.9 16.84 16.787 16.725 16.642 16.545 16.445 16.337 16.223 16.11 16.003 15.905 15.82 15.735 15.65 15.588 15.55 15.51 15.457 15.41 15.373 15.34 15.31 15.28 15.25 15.22 15.185 15.135 15.077 15.012 14.935 14.878 14.842 14.805 14.77 14.76 14.757 14.735 14.7 14.665 14.635 14.607 14.58 14.56 14.547 14.512 14.433 14.385 14.398 14.412 14.428 14.465 14.53 14.597 14.663 14.738 14.817 14.89
18.222 18.172 18.1 18.005 17.91 17.812 17.698 17.573 17.448 17.33 17.24 17.175 17.115 17.05 16.978 16.915 16.865 16.812 16.74 16.642 16.54 16.44 16.335 16.22 16.105 15.993 15.89 15.803 15.715 15.63 15.573 15.538 15.502 15.465 15.425 15.387 15.353 15.32 15.287 15.255 15.225 15.192 15.145 15.088 15.033 14.975 14.93 14.895 14.855 14.815 14.785 14.755 14.718 14.68 14.643 14.61 14.58 14.55 14.53 14.523 14.515 14.483 14.46 14.47 14.485 14.503 14.545 14.615 14.685 14.752 14.822 14.895 14.965
18.23 18.2 18.137 18.037 17.925 17.815 17.695 17.565 17.443 17.333 17.233 17.155 17.093 17.03 16.972 16.92 16.867 16.807 16.725 16.625 16.527 16.43 16.327 16.217 16.105 15.99 15.885 15.795 15.705 15.62 15.563 15.528 15.495 15.462 15.43 15.4 15.365 15.33 15.293 15.255 15.225 15.195 15.162 15.12 15.07 15.02 14.977 14.94 14.9 14.845 14.79 14.75 14.71 14.67 14.635 14.608 14.58 14.55 14.54 14.543 14.535 14.525 14.528 14.54 14.553 14.573 14.62 14.692 14.762 14.83 14.903 14.977 15.047
18.17 18.137 18.087 18.017 17.922 17.815 17.695 17.568 17.46 17.368 17.26 17.155 17.078 17.013 16.955 16.905 16.847 16.78 16.697 16.6 16.503 16.407 16.31 16.207 16.102 15.99 15.885 15.795 15.705 15.62 15.56 15.525 15.492 15.455 15.425 15.405 15.377 15.342 15.3 15.255 15.22 15.193 15.175 15.155 15.115 15.065 15.02 14.98 14.93 14.855 14.793 14.755 14.715 14.675 14.645 14.627 14.605 14.578 14.58 14.597 14.595 14.588 14.593 14.607 14.62 14.64 14.693 14.767 14.837 14.905 14.98 15.06 15.132
18.115 18.075 18.022 17.965 17.895 17.807 17.698 17.588 17.503 17.412 17.3 17.18 17.075 16.998 16.94 16.885 16.82 16.752 16.672 16.577 16.48 16.385 16.29 16.19 16.092 15.987 15.885 15.795 15.705 15.62 15.56 15.523 15.485 15.445 15.418 15.402 15.385 15.355 15.31 15.26 15.218 15.188 15.17 15.16 15.142 15.107 15.065 15.015 14.942 14.858 14.798 14.76 14.72 14.683 14.658 14.642 14.625 14.605 14.608 14.632 14.65 14.652 14.658 14.672 14.688 14.71 14.765 14.84 14.91 14.98 15.055 15.135 15.212
18.065 18.013 17.958 17.9 17.843 17.78 17.7 17.62 17.547 17.457 17.342 17.22 17.098 16.993 16.923 16.86 16.792 16.727 16.647 16.555 16.46 16.365 16.27 16.173 16.077 15.978 15.885 15.8 15.71 15.625 15.563 15.52 15.48 15.44 15.415 15.4 15.385 15.362 15.32 15.27 15.223 15.185 15.165 15.155 15.15 15.137 15.097 15.027 14.942 14.86 14.803 14.765 14.728 14.695 14.673 14.658 14.643 14.628 14.633 14.66 14.69 14.71 14.723 14.738 14.753 14.78 14.838 14.91 14.983 15.055 15.13 15.21 15.29
18.028 17.973 17.918 17.863 17.808 17.748 17.685 17.62 17.555 17.485 17.385 17.265 17.14 17.008 16.9 16.825 16.757 16.69 16.612 16.525 16.43 16.335 16.247 16.16 16.065 15.965 15.888 15.822 15.74 15.653 15.585 15.54 15.5 15.46 15.435 15.423 15.402 15.367 15.32 15.272 15.228 15.198 15.185 15.178 15.172 15.147 15.09 15.012 14.927 14.853 14.825 14.812 14.778 14.745 14.723 14.708 14.69 14.668 14.67 14.7 14.73 14.768 14.797 14.813 14.825 14.853 14.91 14.983 15.057 15.13 15.21 15.295 15.375
18.008 17.957 17.903 17.847 17.787 17.722 17.658 17.593 17.535 17.482 17.412 17.31 17.172 17.01 16.878 16.79 16.715 16.645 16.567 16.482 16.39 16.295 16.215 16.14 16.052 15.955 15.885 15.842 15.78 15.698 15.63 15.583 15.54 15.5 15.475 15.46 15.425 15.37 15.315 15.27 15.24 15.23 15.225 15.22 15.197 15.132 15.055 14.982 14.903 14.84 14.847 14.877 14.862 14.83 14.808 14.79 14.762 14.723 14.715 14.748 14.788 14.84 14.88 14.895 14.905 14.928 14.983 15.057 15.13 15.2 15.283 15.375 15.46
17.99 17.942 17.887 17.827 17.763 17.697 17.63 17.568 17.515 17.462 17.402 17.31 17.162 16.988 16.855 16.765 16.68 16.603 16.523 16.438 16.348 16.255 16.175 16.105 16.027 15.94 15.875 15.84 15.8 15.737 15.678 15.63 15.585 15.545 15.515 15.482 15.43 15.37 15.315 15.28 15.27 15.27 15.267 15.245 15.182 15.095 15.015 14.945 14.873 14.828 14.85 14.902 14.927 14.915 14.89 14.862 14.817 14.768 14.763 14.805 14.86 14.92 14.962 14.977 14.985 15.005 15.058 15.13 15.2 15.268 15.348 15.445 15.54
17.97 17.925 17.867 17.802 17.737 17.67 17.603 17.545 17.487 17.422 17.352 17.252 17.115 16.96 16.835 16.748 16.663 16.58 16.498 16.408 16.315 16.223 16.138 16.065 15.993 15.918 15.863 15.827 15.795 15.762 15.722 15.677 15.632 15.59 15.545 15.49 15.428 15.365 15.323 15.31 15.31 15.312 15.295 15.232 15.145 15.053 14.97 14.903 14.84 14.82 14.855 14.905 14.953 14.977 14.962 14.918 14.863 14.815 14.82 14.875 14.935 14.995 15.037 15.055 15.065 15.083 15.13 15.2 15.267 15.333 15.415 15.515 15.615
17.968 17.91 17.84 17.775 17.71 17.64 17.572 17.507 17.437 17.365 17.285 17.175 17.045 16.93 16.848 16.778 16.7 16.615 16.525 16.43 16.33 16.225 16.12 16.035 15.965 15.893 15.84 15.808 15.783 15.78 15.762 15.717 15.672 15.62 15.56 15.498 15.433 15.37 15.33 15.32 15.32 15.322 15.282 15.195 15.103 15.008 14.938 14.895 14.858 14.86 14.908 14.96 15.01 15.047 15.037 14.985 14.93 14.888 14.885 14.93 14.99 15.047 15.087 15.107 15.122 15.145 15.195 15.265 15.332 15.4 15.485 15.587 15.69
17.977 17.892 17.81 17.742 17.672 17.595 17.52 17.447 17.373 17.3 17.212 17.095 16.988 16.928 16.895 16.85 16.775 16.68 16.585 16.485 16.372 16.252 16.13 16.023 15.94 15.868 15.815 15.793 15.79 15.805 15.795 15.752 15.7 15.63 15.565 15.51 15.45 15.388 15.338 15.31 15.3 15.295 15.245 15.155 15.065 14.98 14.945 14.945 14.93 14.935 14.99 15.062 15.117 15.142 15.122 15.072 15.02 14.98 14.968 14.985 15.03 15.085 15.125 15.145 15.165 15.198 15.253 15.325 15.395 15.465 15.553 15.66 15.767
17.962 17.86 17.775 17.702 17.62 17.53 17.45 17.38 17.307 17.235 17.14 17.04 16.985 16.957 16.932 16.897 16.832 16.74 16.64 16.527 16.402 16.278 16.155 16.035 15.925 15.843 15.8 15.795 15.813 15.835 15.825 15.777 15.71 15.63 15.565 15.515 15.462 15.403 15.353 15.318 15.29 15.265 15.207 15.125 15.045 14.973 14.963 14.995 15.002 15.005 15.055 15.14 15.212 15.24 15.21 15.16 15.11 15.073 15.063 15.068 15.085 15.125 15.162 15.188 15.218 15.253 15.308 15.382 15.455 15.528 15.62 15.73 15.84
17.925 17.823 17.735 17.65 17.558 17.463 17.38 17.31 17.24 17.17 17.093 17.035 17.007 16.98 16.95 16.915 16.86 16.78 16.677 16.557 16.43 16.303 16.18 16.06 15.938 15.833 15.795 15.813 15.84 15.865 15.85 15.787 15.71 15.63 15.565 15.515 15.465 15.412 15.365 15.325 15.285 15.242 15.182 15.11 15.038 14.973 14.968 15.013 15.05 15.068 15.115 15.192 15.255 15.282 15.267 15.24 15.2 15.167 15.16 15.165 15.17 15.18 15.205 15.237 15.27 15.305 15.363 15.438 15.513 15.59 15.685 15.795 15.902
17.915 17.805 17.708 17.61 17.513 17.415 17.335 17.275 17.213 17.145 17.09 17.053 17.02 16.99 16.96 16.925 16.87 16.79 16.687 16.575 16.455 16.327 16.205 16.085 15.96 15.838 15.795 15.825 15.855 15.88 15.857 15.785 15.702 15.62 15.555 15.505 15.455 15.402 15.355 15.312 15.27 15.222 15.16 15.09 15.025 14.988 15 15.043 15.088 15.12 15.147 15.187 15.225 15.247 15.255 15.252 15.237 15.23 15.235 15.237 15.237 15.23 15.243 15.275 15.308 15.355 15.425 15.503 15.577 15.648 15.733 15.84 15.947
17.948 17.833 17.73 17.63 17.53 17.433 17.358 17.305 17.245 17.175 17.118 17.075 17.038 17.003 16.97 16.935 16.875 16.782 16.677 16.572 16.462 16.347 16.227 16.1 15.967 15.84 15.795 15.825 15.852 15.877 15.852 15.772 15.688 15.605 15.538 15.485 15.435 15.38 15.328 15.285 15.245 15.195 15.13 15.07 15.035 15.035 15.065 15.107 15.142 15.165 15.16 15.148 15.165 15.192 15.205 15.203 15.218 15.257 15.277 15.272 15.265 15.255 15.265 15.298 15.348 15.42 15.5 15.577 15.642 15.695 15.77 15.875 15.985
17.998 17.89 17.79 17.69 17.59 17.495 17.42 17.357 17.288 17.215 17.155 17.108 17.065 17.025 16.985 16.942 16.872 16.767 16.657 16.55 16.44 16.332 16.227 16.102 15.963 15.838 15.795 15.825 15.85 15.875 15.85 15.763 15.673 15.59 15.523 15.467 15.415 15.36 15.305 15.258 15.215 15.165 15.115 15.09 15.093 15.11 15.14 15.175 15.195 15.202 15.19 15.148 15.12 15.138 15.155 15.163 15.21 15.282 15.31 15.3 15.288 15.275 15.29 15.34 15.413 15.497 15.577 15.642 15.692 15.738 15.808 15.91 16.02
18.058 17.945 17.842 17.74 17.64 17.548 17.472 17.403 17.33 17.26 17.198 17.148 17.105 17.062 17.01 16.937 16.842 16.73 16.615 16.502 16.388 16.288 16.215 16.112 15.968 15.838 15.795 15.822 15.845 15.87 15.845 15.757 15.663 15.573 15.503 15.448 15.393 15.338 15.283 15.233 15.188 15.153 15.143 15.153 15.17 15.187 15.205 15.22 15.23 15.237 15.232 15.185 15.12 15.098 15.105 15.143 15.233 15.317 15.337 15.325 15.312 15.3 15.33 15.407 15.49 15.572 15.642 15.693 15.738 15.783 15.848 15.945 16.055
18.085 17.975 17.87 17.765 17.668 17.585 17.517 17.45 17.38 17.31 17.245 17.195 17.155 17.097 17.01 16.902 16.787 16.67 16.553 16.438 16.325 16.243 16.195 16.115 15.983 15.85 15.778 15.775 15.795 15.832 15.822 15.74 15.647 15.558 15.49 15.44 15.385 15.328 15.27 15.225 15.2 15.195 15.208 15.225 15.245 15.247 15.232 15.23 15.242 15.257 15.267 15.237 15.17 15.11 15.108 15.185 15.29 15.355 15.362 15.348 15.335 15.335 15.378 15.457 15.542 15.625 15.697 15.752 15.798 15.843 15.9 15.988 16.095
18.088 17.985 17.882 17.78 17.693 17.623 17.56 17.497 17.43 17.36 17.298 17.245 17.18 17.085 16.967 16.847 16.73 16.61 16.49 16.375 16.273 16.205 16.165 16.107 15.997 15.87 15.773 15.713 15.718 15.78 15.79 15.712 15.623 15.54 15.48 15.44 15.392 15.335 15.275 15.248 15.26 15.272 15.283 15.297 15.305 15.285 15.248 15.225 15.23 15.25 15.27 15.277 15.247 15.185 15.19 15.28 15.352 15.382 15.385 15.373 15.363 15.38 15.428 15.49 15.568 15.65 15.737 15.817 15.872 15.918 15.968 16.038 16.135
18.102 17.998 17.895 17.803 17.73 17.667 17.602 17.54 17.477 17.41 17.34 17.26 17.152 17.03 16.91 16.79 16.67 16.55 16.43 16.313 16.223 16.17 16.13 16.087 16.002 15.893 15.81 15.74 15.713 15.75 15.757 15.69 15.605 15.525 15.465 15.428 15.39 15.343 15.298 15.295 15.325 15.345 15.357 15.365 15.35 15.315 15.275 15.238 15.22 15.23 15.253 15.282 15.3 15.273 15.285 15.35 15.387 15.407 15.407 15.395 15.398 15.433 15.485 15.54 15.603 15.675 15.763 15.855 15.932 15.99 16.043 16.103 16.183
18.115 18.01 17.905 17.82 17.755 17.695 17.63 17.565 17.505 17.432 17.337 17.222 17.095 16.97 16.85 16.73 16.61 16.495 16.388 16.283 16.205 16.158 16.115 16.073 16.01 15.938 15.88 15.832 15.79 15.768 15.74 15.675 15.595 15.515 15.455 15.418 15.385 15.35 15.333 15.35 15.38 15.407 15.425 15.417 15.385 15.345 15.305 15.265 15.23 15.218 15.235 15.268 15.305 15.325 15.35 15.387 15.412 15.432 15.432 15.423 15.44 15.49 15.545 15.6 15.655 15.713 15.788 15.875 15.965 16.047 16.115 16.177 16.245
18.125 18.02 17.918 17.833 17.763 17.7 17.637 17.575 17.51 17.417 17.305 17.18 17.04 16.91 16.795 16.688 16.583 16.48 16.385 16.298 16.23 16.183 16.138 16.09 16.035 15.977 15.925 15.88 15.84 15.795 15.745 15.682 15.605 15.525 15.468 15.435 15.405 15.375 15.37 15.395 15.425 15.452 15.465 15.43 15.375 15.337 15.3 15.262 15.225 15.21 15.233 15.268 15.308 15.352 15.387 15.413 15.437 15.455 15.455 15.458 15.493 15.548 15.602 15.657 15.71 15.758 15.815 15.895 15.985 16.077 16.157 16.222 16.287
18.135 18.03 17.933 17.85 17.773 17.705 17.642 17.58 17.497 17.38 17.262 17.15 17.013 16.883 16.78 16.685 16.595 16.5 16.405 16.32 16.258 16.215 16.17 16.12 16.065 16 15.935 15.883 15.84 15.795 15.75 15.7 15.632 15.555 15.5 15.472 15.445 15.415 15.41 15.435 15.462 15.482 15.487 15.423 15.33 15.285 15.25 15.213 15.193 15.208 15.245 15.283 15.328 15.38 15.415 15.438 15.462 15.48 15.483 15.5 15.55 15.605 15.657 15.707 15.752 15.795 15.848 15.92 16.005 16.095 16.172 16.237 16.303
