EGM722_Project_Data/DTM_asc/TL4359.asc
ncols         200
nrows         200
xllcorner     543000.000
yllcorner     259000.000
cellsize      5
NODATA_value  -9999.0
[rows 64 to 95 of 200, columns 73 to 145 of 200]
24.4 24.365 24.335 24.297 24.25 24.19 24.12 24.052 23.987 23.92 23.852 23.772 23.662 23.545 23.433 23.328 23.237 23.09 22.888 22.693 22.533 22.45 22.413 22.398 22.39 22.345 22.275 22.215 22.117 21.97 21.845 21.742 21.602 21.385 21.133 20.948 20.84 20.777 20.742 20.697 20.64 20.57 20.49 20.41 20.33 20.25 20.175 20.11 20.053 19.992 19.907 19.808 19.76 19.74 19.692 19.642 19.592 19.522 19.432 19.327 19.2 19.123 19.097 19.055 18.925 18.698 18.458 18.235 18.068 17.96 17.87 17.78 17.69
24.467 24.43 24.38 24.32 24.25 24.18 24.11 24.04 23.975 23.91 23.845 23.78 23.695 23.59 23.477 23.362 23.245 23.09 22.9 22.708 22.56 22.488 22.443 22.405 22.365 22.305 22.233 22.158 22.055 21.94 21.837 21.735 21.615 21.418 21.215 21.082 20.96 20.855 20.79 20.742 20.7 20.637 20.552 20.47 20.39 20.31 20.23 20.147 20.065 19.982 19.885 19.77 19.68 19.617 19.56 19.515 19.472 19.405 19.317 19.232 19.148 19.103 19.097 19.062 18.917 18.695 18.48 18.27 18.075 17.935 17.843 17.758 17.678
24.48 24.41 24.32 24.252 24.197 24.14 24.082 24.025 23.965 23.9 23.832 23.765 23.69 23.602 23.495 23.375 23.247 23.087 22.902 22.718 22.59 22.533 22.49 22.437 22.362 22.28 22.205 22.128 22.035 21.935 21.832 21.73 21.622 21.46 21.29 21.14 20.965 20.84 20.788 20.758 20.74 20.685 20.585 20.495 20.415 20.335 20.252 20.167 20.08 19.977 19.86 19.715 19.573 19.485 19.433 19.39 19.35 19.287 19.203 19.125 19.075 19.06 19.062 18.997 18.832 18.64 18.45 18.26 18.072 17.917 17.815 17.738 17.668
24.447 24.343 24.22 24.123 24.058 24.012 23.97 23.945 23.925 23.875 23.805 23.727 23.642 23.57 23.485 23.37 23.242 23.082 22.898 22.735 22.64 22.595 22.55 22.472 22.37 22.278 22.195 22.113 22.025 21.93 21.82 21.702 21.582 21.445 21.29 21.12 20.94 20.825 20.795 20.793 20.79 20.727 20.615 20.513 20.425 20.345 20.26 20.172 20.075 19.962 19.827 19.657 19.483 19.363 19.305 19.265 19.227 19.17 19.095 19.04 19.01 19 18.957 18.82 18.632 18.455 18.285 18.115 17.962 17.853 17.79 17.732 17.66
24.405 24.297 24.163 24.03 23.918 23.853 23.835 23.85 23.87 23.84 23.76 23.663 23.575 23.52 23.462 23.365 23.235 23.075 22.905 22.78 22.71 22.665 22.6 22.49 22.375 22.283 22.195 22.108 22.015 21.895 21.755 21.62 21.485 21.347 21.212 21.067 20.915 20.835 20.838 20.852 20.847 20.775 20.658 20.545 20.443 20.353 20.265 20.17 20.06 19.935 19.777 19.593 19.415 19.28 19.205 19.155 19.108 19.058 19.01 18.973 18.947 18.9 18.772 18.59 18.4 18.218 18.048 17.908 17.808 17.755 17.74 17.712 17.655
24.352 24.247 24.107 23.965 23.823 23.733 23.738 23.78 23.817 23.795 23.7 23.59 23.508 23.46 23.42 23.35 23.227 23.073 22.938 22.845 22.78 22.72 22.622 22.495 22.38 22.288 22.2 22.11 22.002 21.845 21.663 21.508 21.373 21.235 21.1 20.99 20.908 20.88 20.9 20.917 20.905 20.825 20.705 20.587 20.475 20.367 20.265 20.157 20.037 19.9 19.738 19.568 19.405 19.27 19.185 19.125 19.063 19.008 18.965 18.923 18.862 18.74 18.565 18.38 18.193 18.013 17.868 17.778 17.715 17.68 17.67 17.66 17.635
24.29 24.17 24.02 23.87 23.72 23.623 23.625 23.678 23.737 23.72 23.617 23.513 23.438 23.398 23.365 23.32 23.22 23.093 22.995 22.915 22.842 22.752 22.63 22.5 22.385 22.292 22.205 22.102 21.982 21.82 21.615 21.423 21.265 21.143 21.048 20.98 20.94 20.935 20.957 20.975 20.94 20.835 20.707 20.585 20.465 20.352 20.252 20.145 20.025 19.892 19.743 19.588 19.43 19.3 19.22 19.157 19.082 19.013 18.96 18.91 18.812 18.633 18.433 18.248 18.065 17.898 17.785 17.718 17.668 17.645 17.635 17.625 17.61
24.212 24.075 23.918 23.765 23.615 23.51 23.51 23.578 23.647 23.627 23.523 23.455 23.433 23.403 23.358 23.307 23.22 23.12 23.04 22.957 22.872 22.765 22.635 22.505 22.39 22.295 22.197 22.082 21.957 21.797 21.595 21.388 21.208 21.113 21.075 21.03 20.993 20.99 21.01 21.007 20.95 20.818 20.658 20.523 20.398 20.295 20.222 20.135 20.022 19.897 19.76 19.612 19.455 19.33 19.255 19.182 19.093 19.018 18.968 18.92 18.827 18.627 18.38 18.175 17.993 17.838 17.745 17.695 17.665 17.65 17.64 17.625 17.6
24.127 23.985 23.825 23.67 23.518 23.405 23.413 23.5 23.562 23.53 23.455 23.455 23.497 23.485 23.41 23.32 23.217 23.112 23.025 22.915 22.81 22.73 22.63 22.51 22.395 22.292 22.18 22.057 21.932 21.775 21.583 21.393 21.218 21.123 21.107 21.082 21.048 21.042 21.042 21.012 20.962 20.83 20.633 20.463 20.325 20.235 20.182 20.117 20.015 19.892 19.765 19.63 19.483 19.36 19.277 19.192 19.098 19.023 18.975 18.932 18.855 18.657 18.378 18.125 17.918 17.78 17.718 17.69 17.67 17.655 17.64 17.615 17.585
24.04 23.895 23.735 23.585 23.458 23.365 23.358 23.43 23.477 23.455 23.448 23.485 23.54 23.51 23.387 23.277 23.167 23.057 22.937 22.793 22.688 22.633 22.567 22.485 22.39 22.277 22.152 22.022 21.892 21.747 21.585 21.422 21.255 21.118 21.083 21.1 21.092 21.075 21.045 21.005 20.965 20.85 20.65 20.448 20.275 20.178 20.135 20.085 20 19.885 19.76 19.632 19.5 19.383 19.29 19.198 19.103 19.03 18.985 18.945 18.88 18.692 18.405 18.117 17.873 17.748 17.715 17.695 17.675 17.655 17.627 17.595 17.565
23.952 23.808 23.673 23.565 23.48 23.41 23.37 23.385 23.412 23.412 23.412 23.425 23.522 23.495 23.28 23.133 23.027 22.925 22.773 22.643 22.605 22.568 22.51 22.447 22.352 22.22 22.082 21.947 21.815 21.68 21.54 21.395 21.242 21.1 21.045 21.078 21.105 21.087 21.043 20.998 20.955 20.857 20.67 20.427 20.223 20.128 20.085 20.04 19.975 19.877 19.757 19.635 19.513 19.403 19.308 19.215 19.128 19.06 19.015 18.975 18.855 18.612 18.32 18.028 17.815 17.735 17.715 17.695 17.672 17.642 17.608 17.575 17.542
23.877 23.76 23.663 23.59 23.522 23.457 23.402 23.355 23.322 23.3 23.273 23.325 23.517 23.505 23.225 22.988 22.835 22.73 22.593 22.51 22.525 22.525 22.495 22.422 22.297 22.145 21.99 21.848 21.713 21.578 21.44 21.305 21.195 21.115 21.063 21.07 21.107 21.097 21.05 21 20.952 20.837 20.605 20.34 20.163 20.085 20.037 19.977 19.895 19.792 19.695 19.612 19.525 19.435 19.345 19.26 19.18 19.118 19.075 18.967 18.72 18.415 18.12 17.878 17.763 17.728 17.705 17.682 17.655 17.62 17.585 17.552 17.515
23.785 23.712 23.64 23.572 23.51 23.45 23.375 23.27 23.168 23.113 23.14 23.323 23.56 23.515 23.23 22.945 22.703 22.54 22.438 22.4 22.42 22.453 22.46 22.38 22.24 22.087 21.925 21.77 21.62 21.478 21.365 21.28 21.223 21.18 21.12 21.095 21.12 21.11 21.06 21.012 20.915 20.717 20.458 20.243 20.115 20.035 19.962 19.865 19.753 19.635 19.535 19.475 19.445 19.417 19.382 19.325 19.245 19.182 19.077 18.837 18.518 18.213 17.96 17.815 17.758 17.723 17.697 17.667 17.635 17.6 17.565 17.53 17.49
23.698 23.648 23.585 23.525 23.465 23.4 23.302 23.165 23.025 22.97 23.105 23.385 23.605 23.527 23.243 22.958 22.673 22.425 22.32 22.338 22.38 22.432 22.435 22.332 22.182 22.027 21.86 21.692 21.533 21.408 21.348 21.322 21.3 21.26 21.193 21.135 21.133 21.125 21.072 20.97 20.77 20.528 20.333 20.19 20.068 19.965 19.863 19.75 19.64 19.528 19.413 19.33 19.313 19.325 19.335 19.32 19.282 19.187 18.955 18.64 18.315 18.035 17.873 17.8 17.752 17.715 17.685 17.65 17.615 17.58 17.542 17.507 17.47
23.637 23.597 23.54 23.48 23.417 23.337 23.225 23.082 22.935 22.915 23.135 23.46 23.65 23.54 23.255 22.973 22.69 22.423 22.305 22.343 22.4 22.457 22.427 22.29 22.11 21.925 21.752 21.585 21.45 21.373 21.345 21.335 21.332 21.317 21.265 21.195 21.163 21.132 21.025 20.832 20.6 20.383 20.245 20.152 20.033 19.915 19.805 19.698 19.59 19.48 19.37 19.278 19.238 19.238 19.243 19.247 19.237 19.102 18.812 18.473 18.14 17.915 17.828 17.78 17.732 17.692 17.66 17.625 17.587 17.55 17.51 17.475 17.437
23.572 23.542 23.495 23.435 23.362 23.267 23.147 23 22.908 22.958 23.178 23.505 23.685 23.552 23.273 22.995 22.715 22.47 22.363 22.378 22.423 22.465 22.405 22.227 22 21.788 21.623 21.49 21.398 21.343 21.32 21.315 21.333 21.352 21.325 21.263 21.212 21.105 20.903 20.685 20.475 20.285 20.173 20.105 20.005 19.892 19.785 19.675 19.563 19.45 19.34 19.243 19.188 19.175 19.178 19.182 19.127 18.955 18.697 18.38 18.045 17.855 17.8 17.75 17.7 17.66 17.627 17.587 17.545 17.505 17.468 17.435 17.397
23.507 23.482 23.442 23.38 23.295 23.192 23.07 22.958 22.96 23.06 23.22 23.492 23.667 23.555 23.3 23.025 22.745 22.52 22.43 22.428 22.452 22.457 22.342 22.12 21.868 21.66 21.528 21.44 21.365 21.31 21.29 21.3 21.343 21.385 21.37 21.325 21.302 21.152 20.86 20.588 20.36 20.195 20.105 20.045 19.967 19.867 19.76 19.65 19.535 19.42 19.31 19.21 19.148 19.12 19.113 19.105 18.995 18.78 18.55 18.292 17.993 17.815 17.767 17.718 17.67 17.627 17.59 17.545 17.498 17.458 17.425 17.395 17.362
23.443 23.418 23.387 23.322 23.223 23.118 23.01 22.98 23.06 23.142 23.207 23.395 23.567 23.497 23.295 23.05 22.775 22.57 22.5 22.49 22.492 22.43 22.24 21.995 21.748 21.57 21.48 21.407 21.333 21.283 21.275 21.305 21.36 21.4 21.377 21.35 21.365 21.252 20.937 20.58 20.28 20.105 20.035 19.975 19.915 19.837 19.735 19.623 19.508 19.393 19.28 19.178 19.113 19.08 19.057 19 18.835 18.608 18.385 18.163 17.923 17.775 17.733 17.69 17.643 17.593 17.548 17.5 17.453 17.415 17.385 17.355 17.325
23.393 23.375 23.347 23.28 23.17 23.05 22.963 22.955 22.995 23.01 23.028 23.225 23.437 23.39 23.22 23.027 22.793 22.62 22.567 22.547 22.512 22.375 22.14 21.895 21.67 21.533 21.46 21.38 21.3 21.26 21.272 21.297 21.312 21.31 21.257 21.195 21.162 21.06 20.805 20.492 20.213 20.038 19.965 19.905 19.85 19.8 19.72 19.605 19.49 19.375 19.258 19.143 19.07 19.04 19.002 18.902 18.728 18.523 18.31 18.1 17.893 17.768 17.725 17.682 17.628 17.57 17.52 17.47 17.42 17.38 17.35 17.323 17.295
23.375 23.362 23.325 23.25 23.15 23.025 22.958 22.925 22.853 22.783 22.78 23.02 23.295 23.277 23.11 22.943 22.773 22.648 22.592 22.555 22.482 22.305 22.06 21.815 21.62 21.515 21.445 21.367 21.285 21.22 21.2 21.192 21.167 21.127 21.05 20.95 20.86 20.758 20.578 20.355 20.153 19.998 19.9 19.83 19.778 19.75 19.7 19.597 19.482 19.365 19.24 19.11 19.025 18.99 18.922 18.795 18.65 18.497 18.315 18.11 17.905 17.78 17.732 17.68 17.618 17.56 17.51 17.457 17.403 17.358 17.325 17.298 17.273
23.372 23.35 23.297 23.215 23.127 23.025 22.987 22.987 22.908 22.838 22.85 23.003 23.187 23.175 23.033 22.89 22.763 22.655 22.578 22.53 22.43 22.227 21.982 21.738 21.57 21.493 21.425 21.358 21.287 21.188 21.085 21.025 20.995 20.945 20.858 20.768 20.688 20.602 20.48 20.307 20.12 19.97 19.855 19.763 19.705 19.685 19.665 19.59 19.472 19.347 19.217 19.083 18.985 18.925 18.815 18.655 18.515 18.397 18.262 18.1 17.915 17.79 17.735 17.67 17.603 17.545 17.495 17.44 17.385 17.34 17.305 17.275 17.248
23.367 23.332 23.262 23.177 23.092 23.005 22.983 23.052 23.07 23.055 23.087 23.125 23.155 23.107 22.992 22.875 22.762 22.662 22.57 22.505 22.38 22.152 21.895 21.668 21.553 21.498 21.433 21.37 21.31 21.205 21.058 20.933 20.843 20.768 20.693 20.623 20.558 20.47 20.358 20.225 20.077 19.945 19.825 19.713 19.64 19.618 19.612 19.562 19.45 19.32 19.19 19.055 18.945 18.84 18.69 18.52 18.373 18.253 18.135 18.012 17.883 17.788 17.725 17.655 17.588 17.528 17.475 17.42 17.365 17.32 17.285 17.252 17.217
23.36 23.31 23.227 23.142 23.053 22.98 23.003 23.097 23.135 23.122 23.12 23.122 23.12 23.057 22.945 22.832 22.725 22.637 22.555 22.475 22.307 22.037 21.79 21.62 21.553 21.522 21.47 21.41 21.35 21.245 21.093 20.945 20.828 20.75 20.69 20.63 20.522 20.38 20.253 20.13 20.007 19.887 19.77 19.658 19.58 19.553 19.55 19.51 19.405 19.275 19.145 19.015 18.897 18.75 18.565 18.388 18.233 18.108 18.003 17.91 17.83 17.762 17.697 17.632 17.573 17.515 17.458 17.402 17.345 17.288 17.245 17.21 17.167
23.342 23.275 23.185 23.095 23.02 22.998 23.07 23.127 23.103 23.075 23.06 23.055 23.057 23.002 22.89 22.78 22.675 22.58 22.505 22.395 22.162 21.895 21.715 21.595 21.535 21.52 21.492 21.447 21.387 21.28 21.138 21.025 20.95 20.887 20.827 20.72 20.505 20.305 20.175 20.047 19.92 19.8 19.693 19.603 19.535 19.495 19.482 19.44 19.34 19.215 19.09 18.98 18.872 18.71 18.505 18.305 18.125 18.005 17.93 17.865 17.8 17.73 17.665 17.608 17.555 17.5 17.442 17.385 17.32 17.25 17.19 17.148 17.105
23.29 23.217 23.127 23.053 23.035 23.077 23.13 23.125 23.078 23.04 23.015 22.998 22.992 22.942 22.837 22.73 22.625 22.523 22.437 22.262 22 21.813 21.69 21.58 21.518 21.5 21.485 21.462 21.417 21.327 21.222 21.15 21.087 21.015 20.91 20.71 20.43 20.22 20.09 19.962 19.835 19.72 19.633 19.565 19.505 19.448 19.41 19.36 19.267 19.16 19.058 18.97 18.877 18.72 18.502 18.27 18.05 17.93 17.882 17.827 17.767 17.7 17.638 17.587 17.54 17.485 17.425 17.36 17.292 17.223 17.15 17.093 17.042
23.183 23.112 23.053 23.043 23.087 23.142 23.145 23.1 23.05 23.01 22.985 22.96 22.937 22.885 22.788 22.68 22.575 22.47 22.352 22.135 21.91 21.788 21.68 21.57 21.503 21.48 21.465 21.445 21.41 21.345 21.262 21.187 21.11 21.027 20.89 20.657 20.378 20.153 20.005 19.878 19.758 19.67 19.61 19.55 19.488 19.42 19.353 19.283 19.2 19.115 19.037 18.96 18.875 18.712 18.47 18.217 17.97 17.835 17.8 17.76 17.72 17.67 17.615 17.567 17.52 17.465 17.4 17.333 17.267 17.198 17.125 17.058 16.998
23.045 22.99 22.988 23.038 23.105 23.14 23.115 23.068 23.02 22.98 22.95 22.92 22.89 22.84 22.752 22.645 22.54 22.435 22.297 22.078 21.883 21.773 21.665 21.555 21.475 21.435 21.407 21.375 21.335 21.277 21.195 21.105 21.018 20.935 20.815 20.607 20.34 20.095 19.925 19.795 19.693 19.643 19.607 19.555 19.49 19.42 19.325 19.22 19.135 19.06 18.99 18.915 18.82 18.645 18.397 18.145 17.895 17.75 17.715 17.688 17.667 17.635 17.585 17.535 17.485 17.43 17.367 17.302 17.24 17.18 17.115 17.045 16.99
22.92 22.913 22.958 23.02 23.085 23.107 23.073 23.038 23.013 22.98 22.928 22.875 22.835 22.787 22.72 22.625 22.517 22.407 22.272 22.07 21.88 21.76 21.65 21.553 21.468 21.385 21.315 21.265 21.225 21.172 21.097 21.01 20.925 20.845 20.735 20.545 20.295 20.038 19.845 19.725 19.65 19.618 19.592 19.557 19.5 19.43 19.32 19.175 19.065 18.99 18.92 18.832 18.71 18.537 18.31 18.06 17.85 17.73 17.673 17.64 17.622 17.59 17.54 17.493 17.447 17.395 17.332 17.268 17.213 17.17 17.117 17.05 17.003
22.838 22.88 22.94 23 23.06 23.08 23.06 23.048 23.048 23.027 22.958 22.873 22.793 22.725 22.67 22.595 22.495 22.372 22.227 22.05 21.878 21.75 21.65 21.575 21.5 21.393 21.28 21.19 21.125 21.073 21.002 20.918 20.835 20.755 20.652 20.47 20.232 19.98 19.773 19.668 19.62 19.593 19.568 19.542 19.502 19.435 19.312 19.148 19.01 18.92 18.837 18.722 18.585 18.43 18.22 17.99 17.853 17.773 17.683 17.613 17.575 17.542 17.495 17.45 17.41 17.36 17.298 17.238 17.188 17.152 17.115 17.055 17.015
22.803 22.865 22.922 22.957 22.97 22.997 23.045 23.085 23.102 23.087 23.015 22.887 22.753 22.663 22.607 22.547 22.462 22.335 22.183 22.022 21.868 21.75 21.673 21.608 21.537 21.437 21.315 21.193 21.085 20.993 20.905 20.825 20.745 20.665 20.57 20.395 20.157 19.915 19.718 19.628 19.595 19.568 19.542 19.517 19.49 19.427 19.297 19.133 18.975 18.848 18.73 18.598 18.46 18.317 18.13 17.963 17.893 17.825 17.728 17.633 17.555 17.503 17.455 17.41 17.37 17.322 17.267 17.215 17.165 17.13 17.102 17.055 17.025
22.785 22.82 22.83 22.817 22.785 22.805 22.89 22.982 23.05 23.09 23.03 22.86 22.698 22.6 22.545 22.49 22.42 22.302 22.148 21.993 21.858 21.768 21.705 21.642 21.577 21.482 21.36 21.227 21.087 20.92 20.763 20.7 20.655 20.572 20.485 20.322 20.085 19.855 19.69 19.61 19.57 19.543 19.517 19.493 19.467 19.407 19.28 19.115 18.955 18.82 18.688 18.54 18.388 18.233 18.08 17.985 17.945 17.875 17.775 17.667 17.555 17.468 17.41 17.365 17.322 17.277 17.23 17.182 17.137 17.102 17.077 17.05 17.035
22.727 22.702 22.645 22.603 22.568 22.565 22.633 22.737 22.837 22.935 22.942 22.807 22.643 22.54 22.483 22.425 22.365 22.27 22.127 21.975 21.855 21.78 21.722 21.665 21.602 21.5 21.362 21.215 21.055 20.827 20.555 20.453 20.467 20.447 20.395 20.245 20.025 19.825 19.695 19.62 19.56 19.52 19.493 19.467 19.442 19.385 19.257 19.093 18.953 18.845 18.73 18.587 18.425 18.255 18.133 18.067 17.997 17.902 17.79 17.665 17.538 17.435 17.365 17.315 17.27 17.225 17.18 17.135 17.095 17.063 17.037 17.017 17.012
