EGM722_Project_Data/DTM_asc/TL4459.asc
ncols         200
nrows         200
xllcorner     544000.000
yllcorner     259000.000
cellsize      5
NODATA_value  -9999.0
[rows 128 to 159 of 200, columns 73 to 145 of 200]
21.17 21.15 21.135 21.135 21.15 21.135 21.082 21.025 20.978 20.955 20.948 21.06 21.152 21.1 21.038 20.978 20.923 20.883 20.865 20.865 20.882 20.82 20.64 20.458 20.343 20.293 20.27 20.253 20.303 20.42 20.467 20.438 20.405 20.372 20.34 20.335 20.433 20.62 20.825 20.114 18.038 16.818 16.92 17.043 17.165 17.28 17.29 17.208 17.133 17.093 17.09 17.085 17.057 16.995 16.915 16.835 16.752 16.67 16.57 16.447 16.317 16.185 16.055 15.922 15.79 15.67 15.55 15.4 15.22 14.962 14.612 14.205 13.76
21.165 21.155 21.16 21.173 21.19 21.172 21.115 21.055 21.003 20.99 21 21.087 21.195 21.19 21.132 21.075 21.028 20.998 20.995 21.015 21.03 20.92 20.695 20.503 20.355 20.245 20.195 20.205 20.293 20.43 20.512 20.505 20.468 20.43 20.395 20.363 20.383 20.52 20.727 19.582 17.558 16.853 16.982 17.107 17.232 17.327 17.317 17.233 17.15 17.105 17.095 17.085 17.055 16.992 16.915 16.837 16.76 16.682 16.587 16.467 16.337 16.202 16.067 15.932 15.822 15.722 15.61 15.487 15.335 15.082 14.697 14.252 13.805
21.163 21.175 21.2 21.215 21.23 21.215 21.157 21.095 21.038 21.02 21.042 21.08 21.162 21.23 21.22 21.175 21.138 21.13 21.15 21.18 21.155 20.992 20.748 20.55 20.398 20.25 20.15 20.168 20.275 20.42 20.562 20.597 20.553 20.51 20.473 20.433 20.4 20.433 20.549 19.09 17.184 16.883 17.025 17.16 17.292 17.372 17.347 17.27 17.193 17.123 17.08 17.065 17.037 16.977 16.902 16.827 16.752 16.617 16.457 16.362 16.26 16.12 15.977 15.87 15.817 15.76 15.665 15.552 15.427 15.165 14.737 14.27 13.852
21.175 21.21 21.24 21.255 21.267 21.255 21.205 21.145 21.088 21.053 21.053 21.078 21.138 21.217 21.267 21.27 21.265 21.285 21.315 21.345 21.27 21.055 20.808 20.605 20.445 20.29 20.18 20.185 20.265 20.41 20.617 20.7 20.657 20.613 20.57 20.52 20.455 20.388 20.385 19.6 17.796 16.903 17.072 17.218 17.36 17.437 17.412 17.348 17.27 17.17 17.083 17.045 17.02 16.962 16.888 16.813 16.74 16.535 16.245 16.14 16.092 15.958 15.84 15.8 15.79 15.755 15.697 15.612 15.505 15.235 14.782 14.267 13.807
21.202 21.242 21.272 21.292 21.305 21.29 21.247 21.195 21.143 21.108 21.088 21.085 21.128 21.193 21.268 21.35 21.41 21.45 21.48 21.487 21.36 21.117 20.873 20.66 20.493 20.345 20.275 20.29 20.3 20.41 20.652 20.78 20.76 20.715 20.655 20.577 20.485 20.388 20.333 20.247 19.125 17.538 17.115 17.307 17.452 17.53 17.507 17.445 17.352 17.24 17.13 17.048 17.003 16.947 16.873 16.8 16.73 16.51 16.088 15.885 15.892 15.813 15.758 15.765 15.76 15.725 15.685 15.637 15.562 15.315 14.815 14.185 13.59
21.225 21.255 21.285 21.312 21.335 21.325 21.285 21.24 21.198 21.17 21.145 21.12 21.13 21.19 21.29 21.412 21.52 21.592 21.64 21.605 21.425 21.18 20.938 20.715 20.543 20.423 20.377 20.367 20.32 20.41 20.665 20.837 20.852 20.787 20.7 20.6 20.5 20.403 20.315 20.315 20.107 18.85 17.518 17.325 17.542 17.627 17.587 17.502 17.4 17.292 17.187 17.085 17.005 16.935 16.86 16.79 16.72 16.488 16.18 15.833 15.625 15.677 15.715 15.737 15.727 15.692 15.645 15.585 15.515 15.285 14.742 14.038 13.353
21.232 21.26 21.29 21.32 21.342 21.342 21.317 21.28 21.245 21.217 21.19 21.163 21.158 21.225 21.345 21.455 21.547 21.63 21.695 21.662 21.51 21.292 21.04 20.785 20.593 20.49 20.432 20.377 20.315 20.415 20.672 20.872 20.902 20.81 20.71 20.61 20.51 20.415 20.328 20.29 20.33 19.897 18.515 17.481 17.503 17.642 17.58 17.465 17.36 17.26 17.16 17.067 17 16.94 16.868 16.793 16.717 16.578 16.532 16.28 15.698 15.423 15.462 15.545 15.56 15.507 15.437 15.35 15.262 15.022 14.527 13.902 13.223
21.235 21.265 21.295 21.322 21.335 21.34 21.34 21.315 21.28 21.25 21.223 21.2 21.203 21.275 21.39 21.475 21.533 21.597 21.64 21.62 21.535 21.372 21.137 20.835 20.6 20.487 20.407 20.345 20.308 20.42 20.662 20.872 20.91 20.81 20.71 20.613 20.523 20.443 20.37 20.31 20.312 20.289 19.519 18.078 17.393 17.462 17.46 17.365 17.255 17.155 17.07 17.013 16.985 16.957 16.895 16.815 16.725 16.665 16.677 16.64 16.192 15.555 15.17 15.105 15.192 15.162 15.07 14.983 14.897 14.637 14.177 13.665 13.102
21.24 21.268 21.295 21.317 21.322 21.325 21.335 21.332 21.31 21.283 21.26 21.243 21.25 21.325 21.42 21.477 21.517 21.545 21.54 21.512 21.46 21.327 21.122 20.842 20.593 20.455 20.353 20.28 20.293 20.43 20.643 20.857 20.91 20.81 20.718 20.635 20.56 20.487 20.415 20.348 20.315 20.335 20.119 19.027 17.663 17.195 17.252 17.232 17.145 17.065 17.023 17.003 16.99 16.975 16.925 16.835 16.73 16.655 16.63 16.627 16.487 16.05 15.463 14.913 14.72 14.772 14.71 14.618 14.53 14.252 13.775 13.303 12.85
21.253 21.275 21.297 21.31 21.308 21.31 21.32 21.33 21.33 21.317 21.302 21.29 21.3 21.362 21.425 21.45 21.452 21.422 21.395 21.38 21.34 21.21 21.012 20.797 20.585 20.433 20.32 20.235 20.285 20.457 20.65 20.852 20.912 20.827 20.75 20.677 20.605 20.532 20.457 20.385 20.345 20.347 20.33 19.919 18.593 17.361 17.113 17.135 17.085 17.045 17.03 17.02 17.01 16.995 16.937 16.83 16.728 16.665 16.625 16.602 16.52 16.277 15.905 15.32 14.723 14.435 14.34 14.257 14.152 13.86 13.39 12.943 12.51
21.27 21.287 21.297 21.297 21.295 21.297 21.305 21.315 21.315 21.302 21.297 21.305 21.322 21.352 21.372 21.365 21.317 21.253 21.233 21.232 21.187 21.057 20.87 20.703 20.573 20.46 20.348 20.233 20.26 20.44 20.632 20.8 20.852 20.797 20.725 20.652 20.577 20.505 20.432 20.362 20.327 20.332 20.347 20.292 19.584 18.125 17.201 17.12 17.132 17.108 17.095 17.082 17.045 16.982 16.902 16.802 16.715 16.667 16.64 16.595 16.517 16.342 16.05 15.715 15.205 14.613 14.155 13.903 13.785 13.49 13.053 12.628 12.208
21.275 21.27 21.262 21.262 21.267 21.275 21.282 21.285 21.27 21.245 21.233 21.242 21.267 21.277 21.27 21.232 21.15 21.078 21.065 21.077 21.037 20.918 20.778 20.675 20.61 20.53 20.402 20.253 20.228 20.375 20.55 20.667 20.71 20.69 20.627 20.555 20.482 20.408 20.335 20.275 20.248 20.265 20.307 20.31 20.099 19.102 17.613 17.023 17.152 17.192 17.167 17.107 17.02 16.917 16.833 16.755 16.68 16.63 16.597 16.547 16.467 16.327 16.11 15.817 15.482 15.057 14.507 13.853 13.435 13.182 12.78 12.375 11.975
21.242 21.215 21.203 21.213 21.228 21.245 21.252 21.24 21.218 21.193 21.168 21.153 21.163 21.172 21.145 21.07 20.97 20.903 20.895 20.915 20.91 20.845 20.763 20.697 20.637 20.552 20.425 20.278 20.21 20.302 20.43 20.505 20.547 20.552 20.52 20.457 20.385 20.313 20.245 20.195 20.165 20.178 20.228 20.275 20.255 19.889 18.585 17.263 17.018 17.15 17.14 17.042 16.935 16.838 16.76 16.687 16.607 16.54 16.487 16.435 16.375 16.272 16.135 15.9 15.57 15.237 14.9 14.08 13.203 12.845 12.535 12.157 11.763
21.18 21.153 21.15 21.173 21.2 21.228 21.233 21.21 21.183 21.155 21.125 21.095 21.078 21.055 20.987 20.89 20.79 20.728 20.728 20.77 20.822 20.815 20.75 20.682 20.617 20.527 20.41 20.28 20.18 20.2 20.28 20.34 20.385 20.395 20.382 20.35 20.287 20.22 20.168 20.125 20.09 20.1 20.155 20.21 20.237 20.19 19.612 18.148 17.061 16.988 17.022 16.932 16.845 16.763 16.685 16.61 16.513 16.43 16.377 16.323 16.265 16.19 16.095 15.935 15.66 15.333 15.007 13.905 12.7 12.345 12.137 11.88 11.545
21.09 21.093 21.123 21.163 21.198 21.232 21.245 21.225 21.195 21.165 21.133 21.1 21.047 20.955 20.843 20.728 20.615 20.56 20.593 20.673 20.747 20.765 20.722 20.657 20.587 20.49 20.37 20.25 20.15 20.14 20.2 20.258 20.29 20.285 20.263 20.235 20.19 20.143 20.113 20.085 20.058 20.068 20.118 20.173 20.22 20.202 20.054 19.162 17.598 16.858 16.87 16.798 16.753 16.695 16.605 16.53 16.42 16.323 16.27 16.212 16.142 16.065 15.977 15.89 15.727 15.445 14.707 13.175 12.116 11.905 11.71 11.535 11.307
21 21.033 21.102 21.172 21.215 21.25 21.272 21.262 21.235 21.205 21.175 21.122 21.02 20.885 20.75 20.62 20.493 20.44 20.5 20.595 20.665 20.702 20.69 20.63 20.552 20.45 20.33 20.223 20.148 20.145 20.2 20.242 20.247 20.227 20.2 20.163 20.123 20.1 20.095 20.085 20.068 20.075 20.115 20.178 20.242 20.222 20.137 19.844 18.6 17.153 16.7 16.685 16.69 16.645 16.533 16.45 16.328 16.215 16.16 16.095 16.015 15.935 15.86 15.79 15.705 15.455 14.313 12.681 11.871 11.655 11.463 11.278 11.1
20.93 20.97 21.057 21.152 21.222 21.27 21.295 21.295 21.277 21.25 21.195 21.09 20.955 20.815 20.68 20.548 20.425 20.378 20.43 20.515 20.58 20.627 20.642 20.6 20.52 20.415 20.305 20.223 20.163 20.153 20.19 20.205 20.19 20.173 20.155 20.125 20.09 20.078 20.082 20.08 20.073 20.08 20.123 20.2 20.275 20.257 20.163 20.072 19.597 18.135 16.838 16.608 16.662 16.605 16.47 16.367 16.23 16.108 16.045 15.973 15.91 15.855 15.782 15.688 15.605 15.437 14.67 13.315 12.091 11.448 11.22 11.052 10.885
20.858 20.91 21.005 21.105 21.2 21.277 21.315 21.32 21.315 21.27 21.162 21.025 20.885 20.745 20.607 20.47 20.368 20.343 20.375 20.435 20.495 20.542 20.58 20.565 20.487 20.388 20.3 20.235 20.177 20.155 20.16 20.15 20.133 20.118 20.1 20.08 20.058 20.05 20.058 20.065 20.073 20.09 20.145 20.23 20.307 20.292 20.197 20.103 20.005 19.184 17.463 16.58 16.645 16.565 16.42 16.29 16.13 16.008 15.955 15.905 15.873 15.82 15.72 15.603 15.495 15.4 15.142 14.447 13.12 11.721 11 10.753 10.59
20.763 20.835 20.935 21.037 21.14 21.235 21.282 21.277 21.257 21.192 21.075 20.94 20.8 20.66 20.52 20.38 20.283 20.272 20.305 20.35 20.407 20.457 20.505 20.517 20.457 20.372 20.305 20.232 20.152 20.12 20.117 20.1 20.083 20.068 20.05 20.035 20.025 20.035 20.058 20.073 20.085 20.11 20.173 20.26 20.322 20.295 20.215 20.142 20.065 19.671 18.035 16.636 16.518 16.45 16.32 16.207 16.063 15.95 15.925 15.902 15.855 15.76 15.64 15.522 15.397 15.252 15.11 14.89 14.244 12.85 11.348 10.553 10.275
20.648 20.733 20.837 20.942 21.045 21.117 21.142 21.135 21.1 21.037 20.947 20.83 20.697 20.56 20.42 20.288 20.188 20.163 20.195 20.23 20.277 20.337 20.395 20.432 20.402 20.325 20.245 20.15 20.063 20.045 20.065 20.06 20.043 20.028 20.01 19.995 19.99 20.02 20.07 20.095 20.105 20.133 20.2 20.27 20.295 20.25 20.182 20.135 20.002 19.227 17.648 16.56 16.363 16.28 16.18 16.125 16.022 15.928 15.917 15.882 15.792 15.675 15.555 15.42 15.255 15.067 14.888 14.75 14.597 13.977 12.555 10.991 10.103
20.533 20.62 20.73 20.835 20.912 20.942 20.945 20.94 20.92 20.867 20.79 20.697 20.585 20.455 20.318 20.203 20.115 20.06 20.063 20.085 20.115 20.16 20.192 20.21 20.202 20.172 20.102 20 19.95 19.965 19.995 20.01 20.005 19.99 19.973 19.958 19.95 19.985 20.05 20.1 20.125 20.158 20.212 20.245 20.25 20.192 20.112 19.787 18.872 17.73 16.878 16.505 16.403 16.283 16.15 16.063 15.975 15.905 15.88 15.81 15.7 15.58 15.442 15.267 15.065 14.865 14.675 14.518 14.41 14.22 13.599 12.302 10.693
20.418 20.505 20.615 20.695 20.717 20.715 20.707 20.695 20.665 20.632 20.605 20.54 20.447 20.34 20.22 20.12 20.04 19.962 19.933 19.945 19.96 19.96 19.928 19.888 19.868 19.883 19.88 19.848 19.85 19.882 19.915 19.942 19.957 19.953 19.94 19.93 19.923 19.953 20.015 20.078 20.128 20.165 20.193 20.203 20.205 20.1 19.425 18.408 17.416 16.826 16.735 16.645 16.552 16.432 16.25 16.068 15.943 15.87 15.802 15.705 15.6 15.462 15.28 15.075 14.865 14.663 14.463 14.278 14.13 13.95 13.747 13.292 12.104
20.292 20.37 20.447 20.47 20.457 20.442 20.428 20.417 20.38 20.328 20.327 20.325 20.257 20.157 20.057 19.962 19.87 19.805 19.793 19.807 19.82 19.798 19.735 19.67 19.648 19.68 19.715 19.72 19.73 19.762 19.797 19.83 19.86 19.945 20.01 20.005 20 20.025 20.083 20.14 20.213 20.255 20.238 20.2 20.175 19.767 18.398 17.251 17.028 16.94 16.85 16.76 16.665 16.507 16.287 16.07 15.892 15.777 15.68 15.572 15.467 15.312 15.103 14.89 14.683 14.503 14.32 14.113 13.918 13.728 13.54 13.355 12.959
20.142 20.182 20.2 20.187 20.173 20.158 20.148 20.145 20.127 20.025 19.963 19.985 19.94 19.86 19.79 19.7 19.62 19.608 19.638 19.67 19.69 19.672 19.615 19.575 19.598 19.652 19.665 19.618 19.59 19.61 19.645 19.68 19.715 19.885 20.107 20.177 20.17 20.195 20.25 20.318 20.427 20.482 20.423 20.338 20.265 19.54 18.046 17.195 17.107 17.017 16.917 16.815 16.71 16.505 16.198 15.94 15.752 15.618 15.515 15.405 15.297 15.145 14.94 14.728 14.54 14.41 14.275 14.083 13.868 13.65 13.435 13.235 12.982
19.947 19.937 19.92 19.903 19.888 19.875 19.873 19.875 19.87 19.76 19.618 19.57 19.538 19.503 19.47 19.428 19.415 19.445 19.482 19.52 19.552 19.547 19.515 19.528 19.585 19.615 19.58 19.51 19.46 19.46 19.495 19.533 19.568 19.728 20.035 20.272 20.342 20.365 20.43 20.538 20.682 20.752 20.678 20.59 20.522 19.787 18.235 17.29 17.16 17.058 16.947 16.835 16.722 16.495 16.123 15.778 15.558 15.433 15.333 15.228 15.122 14.972 14.777 14.58 14.428 14.33 14.23 14.077 13.87 13.65 13.432 13.135 12.822
19.7 19.67 19.645 19.625 19.608 19.598 19.598 19.602 19.605 19.515 19.34 19.238 19.213 19.2 19.19 19.2 19.235 19.277 19.317 19.355 19.397 19.427 19.457 19.515 19.56 19.54 19.475 19.405 19.36 19.35 19.358 19.385 19.423 19.555 19.85 20.195 20.437 20.545 20.643 20.79 20.948 21.032 20.968 20.943 20.977 20.395 18.773 17.5 17.23 17.11 16.973 16.85 16.735 16.485 16.09 15.7 15.435 15.293 15.168 15.053 14.948 14.8 14.615 14.45 14.333 14.245 14.157 14.047 13.872 13.655 13.36 12.91 12.563
19.435 19.405 19.378 19.355 19.33 19.32 19.327 19.333 19.335 19.28 19.14 19.02 18.98 18.975 18.98 19.005 19.045 19.087 19.132 19.175 19.225 19.29 19.367 19.452 19.487 19.445 19.375 19.323 19.323 19.328 19.3 19.283 19.288 19.383 19.65 20.045 20.478 20.818 21.01 21.15 21.288 21.425 21.49 21.58 21.625 21.212 19.567 17.741 17.25 17.242 17.095 16.94 16.775 16.485 16.09 15.73 15.488 15.33 15.18 15.028 14.868 14.698 14.503 14.325 14.217 14.142 14.065 13.982 13.855 13.585 13.117 12.613 12.325
19.17 19.14 19.112 19.087 19.05 19.04 19.06 19.065 19.062 19.04 18.965 18.843 18.77 18.768 18.783 18.815 18.855 18.895 18.938 18.99 19.058 19.138 19.225 19.322 19.375 19.34 19.285 19.28 19.325 19.352 19.325 19.275 19.248 19.335 19.665 20.17 20.715 21.225 21.565 21.735 21.91 22.266 22.728 23.008 22.67 22.02 20.485 18.156 17.171 17.292 17.277 17.1 16.85 16.512 16.15 15.853 15.647 15.482 15.297 15.09 14.868 14.672 14.43 14.185 14.068 14.002 13.935 13.862 13.465 13.085 12.765 12.317 11.89
18.908 18.87 18.845 18.815 18.765 18.755 18.785 18.795 18.787 18.77 18.737 18.657 18.578 18.563 18.588 18.623 18.66 18.703 18.755 18.825 18.908 18.995 19.09 19.195 19.26 19.245 19.235 19.28 19.34 19.38 19.368 19.39 19.495 19.59 19.933 20.54 21.122 21.672 22.107 22.47 23.143 24.143 24.85 25.02 24.325 23.04 21.397 18.98 17.283 17.118 17.177 16.985 16.765 16.487 16.207 15.972 15.76 15.55 15.32 15.08 14.852 14.627 14.32 14.033 13.905 13.842 13.777 13.465 12.76 12.41 12.297 11.772 10.935
18.673 18.608 18.577 18.537 18.48 18.468 18.5 18.52 18.512 18.49 18.465 18.427 18.377 18.363 18.395 18.43 18.465 18.52 18.595 18.677 18.755 18.84 18.95 19.067 19.155 19.187 19.212 19.255 19.297 19.365 19.532 19.77 20.002 20.073 20.285 20.865 21.485 22.08 22.588 23.293 24.643 26.304 27.094 27.03 26.35 24.772 22.63 20.05 17.678 16.788 16.787 16.643 16.515 16.32 16.105 15.905 15.702 15.497 15.287 15.06 14.825 14.54 14.18 13.88 13.74 13.675 13.527 13.01 12.433 12.183 11.92 11.098 10.151
18.475 18.368 18.308 18.26 18.2 18.185 18.212 18.215 18.192 18.167 18.14 18.115 18.123 18.167 18.215 18.253 18.295 18.365 18.437 18.492 18.537 18.595 18.7 18.825 18.91 18.952 18.98 19 19.017 19.075 19.465 20.07 20.507 20.612 20.69 21.155 21.79 22.445 23.19 24.32 26.145 28.139 29.044 28.987 28.509 26.959 24.372 21.382 18.353 16.668 16.428 16.362 16.262 16.08 15.878 15.685 15.502 15.33 15.155 14.96 14.725 14.412 14.04 13.73 13.563 13.437 13.202 12.813 12.438 12.185 11.752 10.84 10.113
18.26 18.132 18.037 17.972 17.915 17.902 17.907 17.87 17.825 17.798 17.78 17.795 17.865 17.955 18.022 18.077 18.125 18.172 18.212 18.235 18.255 18.285 18.36 18.46 18.502 18.513 18.535 18.547 18.55 18.56 18.978 19.8 20.537 20.96 21.092 21.478 22.185 22.925 23.863 25.235 27.385 29.569 30.474 30.442 30.112 28.732 25.947 22.702 19.488 16.991 16.116 16.1 16.015 15.847 15.655 15.463 15.275 15.1 14.93 14.767 14.542 14.222 13.87 13.558 13.35 13.165 12.945 12.693 12.403 12.12 11.607 10.88 10.36
