EGM722_Project_Data/DTM_asc/TL4461.asc
ncols         200
nrows         200
xllcorner     544000.000
yllcorner     261000.000
cellsize      5
NODATA_value  -9999.0
[rows 32 to 63 of 200, columns 73 to 145 of 200]
18.855 18.945 19.042 19.128 19.31 19.567 19.662 19.427 18.877 18.11 17.33 16.638 16.018 15.455 14.915 14.385 13.883 13.52 13.333 13.21 13.103 13.068 13.078 13.055 13.025 12.998 12.965 12.895 12.84 12.825 12.805 12.773 12.733 12.698 12.648 12.575 12.261 11.986 11.996 12.018 12.051 12.138 12.283 12.438 12.583 12.728 12.838 12.893 12.94 12.993 13.102 13.285 13.432 13.53 13.63 13.737 13.857 13.985 14.137 14.257 14.31 14.347 14.382 14.35 14.312 14.355 14.415 14.475 14.535 14.595 14.607 14.593 14.63
18.77 18.81 18.875 18.968 19.185 19.493 19.75 19.835 19.692 19.295 18.747 18.172 17.605 17.065 16.525 15.99 15.483 15.105 14.843 14.598 14.383 14.29 14.288 14.265 14.218 14.165 14.123 14.005 13.835 13.753 13.75 13.738 13.66 13.558 13.496 13.456 13.43 13.44 13.508 13.582 13.655 13.755 13.852 13.95 14.042 14.082 14.082 14.102 14.135 14.164 14.165 14.205 14.25 14.23 14.215 14.2 14.187 14.195 14.222 14.257 14.293 14.33 14.347 14.323 14.328 14.378 14.43 14.49 14.55 14.61 14.622 14.565 14.558
18.703 18.698 18.738 18.883 19.19 19.547 19.742 19.785 19.815 19.777 19.627 19.332 18.935 18.57 18.145 17.62 17.115 16.718 16.428 16.165 15.998 15.975 16.003 16.015 16 15.977 15.967 15.827 15.622 15.557 15.575 15.585 15.527 15.442 15.385 15.315 15.23 15.165 15.135 15.102 15.067 15.052 15.039 15.027 15.009 14.939 14.82 14.702 14.497 14.33 14.26 14.22 14.225 14.21 14.193 14.178 14.173 14.185 14.21 14.243 14.278 14.312 14.31 14.308 14.353 14.403 14.453 14.51 14.57 14.63 14.64 14.553 14.5
18.637 18.608 18.628 18.838 19.23 19.57 19.695 19.705 19.735 19.77 19.812 19.787 19.637 19.477 19.27 18.962 18.657 18.34 18.037 17.855 17.83 17.867 17.867 17.815 17.735 17.652 17.572 17.412 17.222 17.09 16.962 16.835 16.73 16.642 16.517 16.344 16.162 15.987 15.802 15.63 15.487 15.355 15.227 15.1 14.975 14.857 14.652 14.425 14.238 14.15 14.19 14.21 14.202 14.187 14.17 14.155 14.158 14.178 14.203 14.23 14.262 14.292 14.3 14.325 14.38 14.43 14.48 14.533 14.59 14.65 14.657 14.56 14.465
18.562 18.52 18.53 18.702 19.032 19.337 19.527 19.62 19.663 19.715 19.808 19.885 19.832 19.73 19.687 19.642 19.527 19.352 19.052 18.855 18.884 18.907 18.847 18.705 18.542 18.38 18.225 18.06 17.872 17.66 17.427 17.21 17.02 16.822 16.602 16.377 16.157 15.95 15.757 15.59 15.44 15.232 14.822 14.483 14.372 14.31 14.235 14.133 14.11 14.15 14.185 14.195 14.18 14.165 14.15 14.138 14.145 14.17 14.195 14.22 14.25 14.273 14.303 14.355 14.41 14.46 14.51 14.56 14.613 14.67 14.672 14.57 14.438
18.285 18.24 18.237 18.312 18.533 18.855 19.18 19.43 19.585 19.71 19.832 19.907 19.86 19.78 19.777 19.78 19.707 19.51 19.145 18.925 18.948 18.975 18.925 18.775 18.595 18.415 18.242 18.075 17.907 17.722 17.477 17.204 16.932 16.644 16.349 16.084 15.492 14.925 14.767 14.637 14.505 14.302 13.938 13.69 13.673 13.745 13.948 14.082 14.11 14.15 14.175 14.172 14.158 14.142 14.128 14.123 14.135 14.16 14.185 14.21 14.238 14.268 14.32 14.385 14.44 14.49 14.54 14.587 14.635 14.69 14.69 14.585 14.505
17.81 17.775 17.758 17.79 17.988 18.365 18.745 19.005 19.352 19.717 19.862 19.905 19.875 19.79 19.745 19.732 19.707 19.557 19.297 19.162 19.097 18.99 18.847 18.617 18.332 18.045 17.759 17.487 17.242 17.019 16.759 16.035 15.333 15.095 14.923 14.832 14.31 13.701 13.51 13.398 13.345 13.313 13.323 13.38 13.478 13.675 13.945 14.087 14.11 14.147 14.162 14.15 14.135 14.12 14.105 14.108 14.128 14.153 14.178 14.228 14.293 14.325 14.355 14.413 14.47 14.517 14.565 14.612 14.66 14.712 14.702 14.557 14.415
17.33 17.31 17.293 17.305 17.485 17.852 18.09 18.15 18.58 19.297 19.627 19.607 19.477 19.252 19.087 19.04 19.007 18.949 18.817 18.639 18.422 18.142 17.844 17.504 17.125 16.769 16.033 15.355 15.153 14.96 14.77 14.188 13.691 13.683 13.741 13.823 13.658 13.27 12.965 12.893 12.98 13.06 13.118 13.208 13.393 13.655 13.935 14.085 14.113 14.14 14.145 14.13 14.115 14.1 14.088 14.095 14.12 14.155 14.23 14.36 14.447 14.442 14.423 14.447 14.497 14.542 14.542 14.455 14.325 14.2 14.05 13.82 13.603
16.845 16.84 16.827 16.827 16.95 17.11 17.075 16.975 17.358 18.205 18.617 18.48 18.205 17.845 17.53 17.47 17.507 17.402 17.202 16.937 16.625 15.953 15.326 15.1 14.92 14.793 14.278 13.763 13.648 13.543 13.458 13.403 13.433 13.525 13.632 13.702 13.512 13.08 12.75 12.768 12.875 12.87 12.935 13.113 13.37 13.648 13.925 14.105 14.137 14.13 14.122 14.108 14.092 14.078 14.073 14.088 14.148 14.258 14.413 14.562 14.602 14.567 14.495 14.347 14.187 14.052 13.87 13.615 13.39 13.23 13.08 12.935 12.868
16.327 16.3 16.237 16.177 16.182 16.157 16.04 15.92 16.135 16.765 17.032 16.785 16.452 16.098 15.738 15.528 15.348 15.098 14.893 14.678 14.49 14.003 13.571 13.548 13.586 13.651 13.683 13.617 13.505 13.433 13.378 13.323 13.3 13.348 13.43 13.492 13.392 13.093 12.86 12.868 13.053 13.158 13.21 13.375 13.563 13.745 13.948 14.145 14.195 14.135 14.1 14.085 14.07 14.055 14.08 14.163 14.3 14.48 14.654 14.647 14.45 14.225 13.96 13.62 13.32 13.095 12.868 12.663 12.588 12.635 12.675 12.698 12.733
15.462 15.385 15.275 15.19 15.145 15.113 15.058 14.985 14.993 15.273 15.365 15.043 14.705 14.448 14.248 14.028 13.668 13.386 13.313 13.271 13.293 13.358 13.42 13.483 13.547 13.607 13.59 13.498 13.423 13.367 13.312 13.255 13.275 13.338 13.355 13.365 13.358 13.313 13.23 13.113 13.35 13.737 13.863 13.95 14.095 14.298 14.508 14.675 14.67 14.525 14.385 14.268 14.22 14.285 14.427 14.589 14.542 14.277 14.065 13.79 13.48 13.27 13.06 12.833 12.64 12.503 12.375 12.31 12.363 12.478 12.565 12.618 12.663
14.16 14.198 14.12 14.11 14.113 14.12 14.128 14.113 14.06 14.095 14.065 13.863 13.68 13.578 13.475 13.368 13.243 13.153 13.158 13.188 13.252 13.317 13.382 13.447 13.51 13.54 13.492 13.415 13.355 13.3 13.245 13.288 13.483 13.595 13.593 13.623 13.695 13.8 13.855 13.878 14.123 14.52 14.797 14.937 15.025 15.13 15.217 15.2 15.05 14.843 14.737 14.745 14.765 14.697 14.484 14.117 13.67 13.268 12.97 12.76 12.65 12.645 12.633 12.543 12.385 12.255 12.203 12.25 12.36 12.457 12.52 12.565 12.61
13.595 13.653 13.608 13.61 13.613 13.618 13.623 13.61 13.58 13.545 13.505 13.463 13.418 13.348 13.238 13.175 13.185 13.195 13.17 13.16 13.205 13.27 13.34 13.408 13.473 13.47 13.405 13.345 13.288 13.263 13.318 13.58 13.883 14 14.125 14.34 14.57 14.8 15.03 15.265 15.432 15.54 15.655 15.702 15.64 15.51 15.345 15.2 15.147 15.07 14.907 14.744 14.454 13.962 13.445 12.94 12.618 12.55 12.525 12.508 12.498 12.493 12.447 12.323 12.178 12.113 12.16 12.257 12.35 12.42 12.467 12.513 12.56
13.65 13.605 13.567 13.535 13.503 13.47 13.438 13.408 13.378 13.34 13.3 13.265 13.243 13.205 13.185 13.208 13.233 13.238 13.205 13.165 13.17 13.238 13.365 13.518 13.58 13.518 13.496 13.581 13.761 14.091 14.435 14.765 15.05 15.24 15.488 15.792 16.015 16.112 16.18 16.212 16.13 16.005 15.9 15.782 15.635 15.55 15.432 15.177 14.957 14.705 14.227 13.735 13.298 12.863 12.633 12.58 12.555 12.51 12.465 12.428 12.4 12.378 12.318 12.213 12.118 12.088 12.145 12.24 12.32 12.375 12.415 12.46 12.51
13.558 13.523 13.488 13.453 13.418 13.383 13.348 13.318 13.29 13.265 13.235 13.24 13.288 13.33 13.358 13.375 13.395 13.385 13.335 13.313 13.368 13.486 13.663 14.021 14.42 14.638 14.838 15.12 15.48 15.952 16.35 16.592 16.75 16.85 16.95 17.042 17.005 16.8 16.567 16.357 16.18 16.052 15.96 15.789 15.462 15.175 14.882 14.392 13.935 13.578 13.178 12.875 12.708 12.603 12.568 12.555 12.54 12.51 12.47 12.43 12.39 12.35 12.305 12.245 12.173 12.12 12.135 12.21 12.29 12.337 12.368 12.41 12.457
13.552 13.515 13.48 13.445 13.413 13.385 13.358 13.335 13.315 13.302 13.29 13.373 13.5 13.568 13.62 13.66 13.678 13.691 13.908 14.273 14.578 14.86 15.143 15.58 16.153 16.61 16.96 17.292 17.509 17.607 17.682 17.727 17.71 17.65 17.57 17.432 17.215 16.957 16.702 16.454 16.109 15.699 15.345 14.927 14.39 13.94 13.618 13.245 12.965 12.838 12.705 12.56 12.478 12.498 12.522 12.51 12.505 12.5 12.482 12.45 12.41 12.37 12.335 12.292 12.228 12.175 12.158 12.193 12.262 12.305 12.33 12.365 12.405
13.54 13.508 13.475 13.445 13.42 13.4 13.38 13.36 13.34 13.323 13.328 13.485 13.68 13.823 14.053 14.326 14.683 15.063 15.535 16.088 16.522 16.92 17.317 17.71 18.05 18.255 18.375 18.495 18.515 18.42 18.307 18.195 18.11 18.017 17.855 17.627 17.287 16.769 16.157 15.577 14.96 14.318 13.838 13.478 13.13 12.915 12.795 12.665 12.575 12.505 12.41 12.315 12.325 12.412 12.462 12.462 12.455 12.46 12.462 12.45 12.425 12.387 12.35 12.32 12.275 12.23 12.203 12.198 12.235 12.277 12.302 12.328 12.358
13.525 13.513 13.488 13.465 13.445 13.425 13.405 13.385 13.365 13.34 13.348 13.783 14.46 14.953 15.418 15.925 16.512 17.09 17.622 18.085 18.467 18.724 18.847 18.987 19.102 19.102 19.035 18.965 18.885 18.792 18.695 18.595 18.467 18.109 17.522 16.907 16.209 15.335 14.438 13.816 13.446 13.143 12.93 12.788 12.658 12.58 12.513 12.48 12.508 12.475 12.368 12.273 12.255 12.315 12.392 12.415 12.405 12.41 12.415 12.417 12.415 12.395 12.365 12.34 12.31 12.275 12.25 12.225 12.225 12.253 12.275 12.295 12.318
13.548 13.553 13.525 13.498 13.473 13.45 13.43 13.41 13.39 13.363 13.633 14.688 15.977 16.812 17.412 17.902 18.287 18.692 19.139 19.452 19.589 19.557 19.41 19.32 19.272 19.227 19.18 19.132 19.074 18.914 18.602 18.174 17.649 16.892 15.937 14.968 14.186 13.626 13.168 12.968 12.955 12.938 12.827 12.63 12.503 12.475 12.49 12.517 12.545 12.527 12.435 12.323 12.255 12.255 12.31 12.355 12.358 12.36 12.365 12.37 12.375 12.373 12.367 12.35 12.32 12.29 12.265 12.245 12.235 12.248 12.27 12.29 12.308
13.89 13.725 13.62 13.558 13.523 13.49 13.463 13.438 13.415 13.598 14.448 15.973 17.732 18.779 19.102 19.237 19.292 19.507 19.727 19.792 19.67 19.49 19.37 19.312 19.267 19.167 18.912 18.559 18.207 17.762 17.119 16.305 15.423 14.653 14.061 13.531 13.191 13.068 12.975 12.915 12.895 12.855 12.715 12.535 12.505 12.535 12.525 12.543 12.567 12.557 12.49 12.383 12.3 12.265 12.26 12.293 12.31 12.31 12.315 12.323 12.338 12.353 12.362 12.345 12.31 12.28 12.258 12.25 12.25 12.263 12.285 12.305 12.32
14.357 14.12 13.923 13.77 13.65 13.575 13.538 13.503 13.615 14.27 15.575 17.182 18.942 19.846 19.805 19.677 19.56 19.593 19.715 19.747 19.592 19.415 19.162 18.81 18.457 18.052 17.495 16.835 16.175 15.478 14.778 14.216 13.761 13.443 13.31 13.22 13.125 13.033 12.94 12.868 12.835 12.765 12.615 12.483 12.53 12.607 12.578 12.573 12.592 12.582 12.525 12.437 12.355 12.308 12.275 12.265 12.268 12.275 12.293 12.313 12.34 12.37 12.37 12.335 12.298 12.273 12.263 12.265 12.27 12.278 12.295 12.315 12.33
14.672 14.632 14.407 14.192 13.985 13.82 13.693 13.735 14.273 15.33 16.66 18.217 19.392 19.705 19.713 19.71 19.692 19.697 19.742 19.577 19.11 18.612 18.037 17.362 16.687 16.015 15.343 14.688 14.206 13.838 13.508 13.368 13.345 13.325 13.287 13.205 13.1 13.003 12.91 12.825 12.772 12.682 12.55 12.45 12.545 12.677 12.65 12.62 12.62 12.607 12.55 12.477 12.405 12.353 12.32 12.29 12.28 12.293 12.313 12.34 12.37 12.39 12.372 12.33 12.29 12.273 12.277 12.282 12.287 12.295 12.308 12.323 12.335
14.802 14.872 14.725 14.515 14.285 14.053 13.97 14.303 15.188 16.39 17.627 18.872 19.517 19.58 19.68 19.757 19.782 19.74 19.417 18.742 17.91 17.065 16.28 15.565 14.875 14.268 13.815 13.456 13.325 13.375 13.375 13.358 13.34 13.315 13.275 13.2 13.098 12.993 12.89 12.79 12.708 12.615 12.51 12.42 12.555 12.742 12.73 12.69 12.663 12.635 12.582 12.515 12.448 12.4 12.37 12.348 12.353 12.363 12.365 12.378 12.397 12.397 12.367 12.33 12.293 12.28 12.287 12.292 12.3 12.31 12.325 12.34 12.35
14.585 14.64 14.587 14.43 14.245 14.253 14.625 15.268 16.11 17.198 18.43 19.245 19.495 19.605 19.72 19.8 19.717 19.267 18.37 17.36 16.455 15.573 14.713 14.05 13.62 13.325 13.185 13.13 13.21 13.33 13.355 13.352 13.335 13.302 13.257 13.195 13.102 12.995 12.885 12.788 12.723 12.62 12.49 12.41 12.583 12.807 12.81 12.767 12.72 12.672 12.625 12.567 12.505 12.455 12.42 12.415 12.44 12.45 12.445 12.445 12.44 12.41 12.368 12.333 12.3 12.288 12.292 12.297 12.297 12.303 12.337 12.372 12.385
14.233 14.295 14.375 14.455 14.575 14.973 15.675 16.425 17.155 18.025 18.962 19.442 19.548 19.653 19.762 19.702 19.172 18.16 17 15.973 15.06 14.25 13.638 13.3 13.145 13.05 12.985 12.98 13.13 13.27 13.312 13.335 13.325 13.29 13.242 13.19 13.105 12.995 12.9 12.87 12.902 12.812 12.615 12.485 12.638 12.865 12.87 12.817 12.76 12.707 12.662 12.615 12.565 12.513 12.48 12.493 12.525 12.537 12.532 12.525 12.497 12.445 12.388 12.34 12.305 12.293 12.295 12.29 12.278 12.283 12.333 12.392 12.42
14.735 14.793 14.993 15.255 15.603 16.11 16.803 17.57 18.302 18.932 19.325 19.495 19.605 19.71 19.662 19.122 18.07 16.85 15.65 14.59 13.878 13.473 13.263 13.17 13.052 12.9 12.785 12.853 13.057 13.177 13.217 13.252 13.282 13.275 13.225 13.175 13.1 13.015 12.99 13.05 13.145 13.077 12.822 12.593 12.698 12.902 12.892 12.84 12.78 12.73 12.688 12.645 12.605 12.56 12.538 12.555 12.585 12.595 12.582 12.565 12.53 12.475 12.415 12.36 12.315 12.293 12.282 12.267 12.253 12.263 12.318 12.39 12.442
16.08 16.05 16.248 16.5 16.818 17.263 17.913 18.695 19.32 19.612 19.635 19.603 19.662 19.632 19.1 18.02 16.77 15.545 14.42 13.648 13.35 13.268 13.178 13.083 12.985 12.845 12.703 12.795 13.03 13.025 12.94 13.045 13.185 13.212 13.175 13.137 13.095 13.07 13.1 13.162 13.222 13.185 12.95 12.668 12.738 12.91 12.885 12.847 12.8 12.753 12.713 12.678 12.64 12.603 12.563 12.55 12.572 12.577 12.56 12.537 12.5 12.447 12.392 12.348 12.323 12.293 12.26 12.243 12.228 12.243 12.303 12.375 12.437
17.443 17.338 17.505 17.758 18.05 18.437 18.977 19.48 19.715 19.762 19.737 19.692 19.617 19.122 18.032 16.743 15.473 14.363 13.645 13.363 13.273 13.19 13.108 13.02 12.933 12.86 12.818 12.885 13.065 12.975 12.738 12.865 13.077 13.102 13.078 13.063 13.06 13.067 13.09 13.12 13.145 13.15 13.01 12.74 12.758 12.895 12.865 12.835 12.805 12.778 12.75 12.72 12.688 12.65 12.585 12.52 12.51 12.517 12.505 12.477 12.435 12.383 12.338 12.325 12.34 12.312 12.253 12.22 12.203 12.223 12.285 12.352 12.41
18.815 18.652 18.765 18.995 19.157 19.287 19.482 19.597 19.575 19.57 19.61 19.672 19.294 18.212 16.883 15.573 14.388 13.653 13.4 13.32 13.227 13.14 13.085 13.018 12.943 12.92 12.98 13.052 13.147 13.08 12.853 12.86 12.982 12.995 12.983 12.985 12.995 13 13.01 13.03 13.053 13.07 13.022 12.815 12.773 12.872 12.845 12.82 12.805 12.802 12.795 12.77 12.74 12.697 12.625 12.535 12.475 12.463 12.45 12.415 12.37 12.33 12.323 12.353 12.382 12.35 12.275 12.218 12.183 12.2 12.262 12.322 12.377
19.487 19.385 19.407 19.45 19.42 19.352 19.345 19.385 19.415 19.455 19.54 19.422 18.57 17.195 15.84 14.583 13.74 13.443 13.34 13.25 13.165 13.103 13.067 13.025 12.983 13.005 13.087 13.17 13.237 13.225 13.09 12.953 12.91 12.91 12.915 12.925 12.935 12.94 12.945 12.955 12.968 12.98 12.985 12.86 12.798 12.85 12.83 12.818 12.815 12.82 12.825 12.815 12.79 12.742 12.665 12.575 12.488 12.428 12.393 12.355 12.32 12.315 12.348 12.392 12.417 12.382 12.307 12.235 12.178 12.175 12.225 12.285 12.342
19.362 19.372 19.327 19.208 19.14 19.165 19.235 19.305 19.375 19.458 19.5 18.92 17.618 16.185 14.82 13.86 13.5 13.385 13.28 13.185 13.118 13.08 13.05 13.023 13.015 13.06 13.137 13.205 13.255 13.292 13.27 13.16 13.053 13 12.973 12.948 12.92 12.893 12.888 12.905 12.92 12.923 12.917 12.868 12.833 12.84 12.833 12.828 12.833 12.838 12.84 12.845 12.835 12.787 12.705 12.612 12.517 12.433 12.378 12.345 12.325 12.333 12.367 12.412 12.43 12.39 12.315 12.245 12.19 12.158 12.168 12.217 12.28
19.183 19.197 19.145 19.065 19.07 19.155 19.262 19.345 19.415 19.495 19.31 18.33 16.83 15.325 14.09 13.555 13.442 13.333 13.255 13.205 13.14 13.09 13.068 13.045 13.035 13.075 13.145 13.195 13.23 13.265 13.305 13.315 13.255 13.167 13.087 13.002 12.917 12.845 12.838 12.875 12.9 12.9 12.88 12.865 12.857 12.855 12.855 12.868 12.9 12.913 12.903 12.898 12.882 12.825 12.732 12.635 12.535 12.453 12.405 12.383 12.37 12.363 12.378 12.42 12.43 12.38 12.31 12.255 12.215 12.17 12.135 12.14 12.188
