EGM722_Project_Data/DTM_asc/TL4458.asc
ncols         200
nrows         200
xllcorner     544000.000
yllcorner     258000.000
cellsize      5
NODATA_value  -9999.0
[rows 105 to 139 of 200, columns 79 to 157 of 200]
7.913 7.87 7.807 7.487 6.905 6.728 7.01 6.95 6.575 6.343 6.213 6.153 6.193 6.315 6.465 6.517 6.465 6.405 6.373 6.383 6.373 6.333 6.305 6.43 6.71 7 7.182 7.205 7.192 6.242 5.29 5.29 5.29 5.738 7.005 7.702 7.447 7.18 6.955 6.913 7.03 7.167 7.28 7.37 7.425 7.445 7.493 7.605 7.738 7.853 7.968 8.083 8.195 8.308 8.38 8.413 8.45 8.487 8.522 8.505 8.423 8.373 8.37 8.368 8.38 8.433 8.485 8.513 8.543 8.578 8.62 8.708 8.863 9.063 9.272 9.435 9.525 9.585 9.635
8 7.935 7.898 7.967 7.747 6.946 6.688 6.947 6.84 6.59 6.33 6.118 6.095 6.225 6.372 6.43 6.387 6.33 6.27 6.238 6.22 6.203 6.223 6.338 6.523 6.74 6.925 6.947 6.96 6.183 5.323 5.29 5.29 5.388 6.63 7.654 7.415 7.17 6.96 6.923 7.04 7.18 7.325 7.442 7.49 7.505 7.55 7.645 7.768 7.893 8.015 8.135 8.255 8.373 8.445 8.438 8.433 8.47 8.507 8.487 8.42 8.39 8.387 8.383 8.38 8.39 8.42 8.458 8.503 8.563 8.663 8.82 9.002 9.192 9.357 9.455 9.518 9.58 9.632
8.1 8.05 8.053 8.11 8.225 7.67 6.746 6.823 7.06 6.777 6.467 6.168 6.043 6.113 6.24 6.315 6.307 6.27 6.213 6.173 6.168 6.178 6.205 6.26 6.33 6.433 6.575 6.663 6.785 6.252 5.45 5.29 5.29 5.291 6.51 7.607 7.365 7.12 6.963 6.963 7.063 7.2 7.37 7.542 7.62 7.64 7.693 7.783 7.895 8.018 8.14 8.262 8.385 8.487 8.545 8.517 8.453 8.45 8.49 8.472 8.42 8.405 8.402 8.397 8.392 8.38 8.395 8.445 8.51 8.615 8.775 8.955 9.117 9.27 9.382 9.455 9.523 9.587 9.645
8.21 8.205 8.255 8.32 8.375 8.092 7.073 6.845 7.167 6.84 6.508 6.193 6.038 6.045 6.118 6.185 6.197 6.19 6.155 6.133 6.145 6.163 6.193 6.25 6.32 6.377 6.418 6.47 6.66 6.397 5.635 5.29 5.29 5.291 6.49 7.562 7.315 7.093 6.988 7.005 7.088 7.22 7.418 7.645 7.752 7.785 7.853 7.93 8.025 8.145 8.265 8.388 8.51 8.592 8.63 8.625 8.543 8.465 8.47 8.46 8.425 8.42 8.415 8.405 8.395 8.383 8.398 8.46 8.57 8.72 8.877 9.022 9.15 9.27 9.372 9.455 9.53 9.6 9.66
8.345 8.375 8.425 8.47 8.505 8.372 7.293 6.875 7.212 6.87 6.54 6.218 6.053 6.038 6.05 6.08 6.1 6.115 6.115 6.118 6.133 6.148 6.183 6.242 6.295 6.322 6.327 6.33 6.522 6.525 5.815 5.29 5.29 5.291 6.47 7.517 7.265 7.093 7.038 7.05 7.118 7.24 7.465 7.747 7.885 7.935 8.02 8.085 8.16 8.275 8.395 8.515 8.622 8.685 8.715 8.732 8.67 8.55 8.483 8.455 8.438 8.433 8.423 8.408 8.395 8.385 8.415 8.505 8.635 8.775 8.9 9.017 9.135 9.255 9.36 9.445 9.525 9.6 9.665
8.435 8.45 8.487 8.525 8.565 8.559 7.448 6.905 7.262 6.905 6.57 6.255 6.088 6.063 6.05 6.055 6.08 6.103 6.115 6.123 6.128 6.138 6.173 6.212 6.225 6.225 6.22 6.2 6.39 6.647 5.995 5.29 5.29 5.291 6.45 7.474 7.23 7.108 7.09 7.098 7.153 7.263 7.513 7.85 8.015 8.083 8.187 8.25 8.305 8.405 8.525 8.642 8.725 8.765 8.795 8.825 8.787 8.675 8.558 8.483 8.46 8.45 8.44 8.428 8.418 8.425 8.47 8.558 8.665 8.775 8.888 9.005 9.123 9.24 9.348 9.435 9.512 9.585 9.655
8.483 8.443 8.463 8.51 8.545 8.582 7.485 6.938 7.322 6.948 6.598 6.305 6.15 6.103 6.08 6.088 6.11 6.125 6.135 6.14 6.14 6.148 6.173 6.18 6.163 6.148 6.13 6.108 6.288 6.769 6.175 5.29 5.29 5.291 6.43 7.435 7.243 7.165 7.143 7.148 7.188 7.29 7.565 7.952 8.152 8.238 8.357 8.422 8.458 8.538 8.655 8.76 8.82 8.85 8.88 8.905 8.885 8.787 8.65 8.543 8.5 8.49 8.48 8.485 8.51 8.553 8.598 8.645 8.728 8.83 8.933 9.04 9.148 9.258 9.355 9.425 9.49 9.56 9.63
8.562 8.483 8.438 8.432 8.41 8.475 7.46 6.97 7.387 7.003 6.633 6.355 6.22 6.155 6.115 6.117 6.135 6.145 6.155 6.16 6.165 6.193 6.235 6.24 6.215 6.19 6.165 6.175 6.283 6.81 6.27 5.29 5.29 5.29 6.413 7.507 7.468 7.368 7.238 7.2 7.23 7.335 7.63 8.05 8.295 8.403 8.527 8.595 8.62 8.68 8.782 8.865 8.905 8.925 8.925 8.912 8.882 8.812 8.712 8.608 8.55 8.553 8.573 8.61 8.665 8.727 8.777 8.798 8.838 8.925 9.025 9.128 9.23 9.322 9.397 9.448 9.488 9.54 9.605
8.647 8.56 8.445 8.345 8.24 8.355 7.443 7.003 7.452 7.068 6.685 6.42 6.31 6.24 6.165 6.135 6.15 6.16 6.17 6.183 6.213 6.273 6.342 6.367 6.35 6.325 6.3 6.337 6.408 6.81 6.24 5.29 5.29 5.291 6.458 7.702 7.762 7.63 7.423 7.305 7.303 7.413 7.713 8.14 8.43 8.57 8.692 8.765 8.792 8.83 8.897 8.937 8.932 8.915 8.875 8.833 8.793 8.753 8.707 8.645 8.628 8.67 8.725 8.78 8.835 8.902 8.962 8.98 8.983 9.03 9.12 9.222 9.322 9.387 9.445 9.505 9.535 9.565 9.608
8.685 8.597 8.453 8.31 8.193 8.317 7.425 7.035 7.517 7.133 6.773 6.543 6.445 6.362 6.235 6.145 6.143 6.155 6.185 6.238 6.303 6.373 6.427 6.452 6.442 6.415 6.385 6.458 6.64 6.91 6.187 5.29 5.29 5.291 6.6 7.982 8 7.85 7.65 7.465 7.498 7.698 7.992 8.292 8.49 8.655 8.77 8.847 8.887 8.917 8.952 8.96 8.925 8.885 8.843 8.803 8.768 8.733 8.7 8.678 8.7 8.785 8.882 8.95 9.008 9.08 9.147 9.17 9.16 9.165 9.22 9.315 9.395 9.428 9.483 9.565 9.61 9.645 9.68
8.685 8.597 8.463 8.355 8.298 8.365 7.405 7.065 7.58 7.2 6.898 6.713 6.595 6.473 6.298 6.155 6.13 6.188 6.3 6.445 6.53 6.513 6.475 6.478 6.478 6.455 6.45 6.598 6.883 7.13 6.26 5.29 5.29 5.291 6.66 8.194 8.27 8.075 7.857 7.635 7.743 8.105 8.232 8.265 8.435 8.63 8.76 8.84 8.882 8.895 8.905 8.927 8.932 8.912 8.877 8.84 8.805 8.773 8.748 8.735 8.738 8.813 8.947 9.07 9.172 9.26 9.33 9.357 9.35 9.335 9.343 9.397 9.442 9.453 9.513 9.625 9.71 9.763 9.807
8.685 8.61 8.528 8.478 8.45 8.445 7.468 7.143 7.627 7.298 7.06 6.92 6.84 6.74 6.588 6.453 6.453 6.595 6.785 6.963 6.985 6.848 6.705 6.61 6.533 6.488 6.553 6.798 7.183 7.602 6.55 5.291 5.29 5.29 6.198 7.854 8.5 8.28 8.05 7.82 7.9 8.12 8.045 8.075 8.332 8.57 8.742 8.822 8.835 8.81 8.805 8.845 8.89 8.912 8.905 8.877 8.845 8.82 8.805 8.795 8.785 8.81 8.923 9.095 9.272 9.4 9.46 9.472 9.462 9.455 9.447 9.46 9.477 9.483 9.535 9.655 9.795 9.892 9.942
8.682 8.63 8.612 8.615 8.602 8.575 7.643 7.245 7.652 7.448 7.333 7.315 7.34 7.353 7.303 7.205 7.195 7.343 7.547 7.63 7.52 7.343 7.165 6.985 6.878 6.903 7.043 7.28 7.649 8.133 6.839 5.291 5.29 5.29 5.528 7.268 8.652 8.42 8.19 7.957 7.892 7.83 7.79 7.993 8.245 8.495 8.7 8.775 8.75 8.713 8.708 8.745 8.795 8.848 8.89 8.908 8.9 8.885 8.873 8.86 8.85 8.848 8.923 9.093 9.305 9.462 9.52 9.515 9.495 9.495 9.495 9.502 9.512 9.518 9.56 9.66 9.817 9.982 10.075
8.677 8.635 8.632 8.667 8.69 8.7 7.85 7.338 7.745 7.795 7.82 7.898 7.972 8.047 8.09 8.082 8.045 8.115 8.245 8.192 8.022 7.937 7.932 7.927 7.987 8.084 7.994 7.547 6.972 6.83 6.115 5.29 5.29 5.29 5.291 7.03 8.652 8.417 8.185 7.95 7.815 7.738 7.763 7.975 8.22 8.455 8.637 8.685 8.645 8.625 8.663 8.73 8.79 8.853 8.918 8.975 8.995 8.985 8.973 8.963 8.958 8.948 9.013 9.138 9.3 9.465 9.54 9.545 9.528 9.525 9.528 9.537 9.547 9.553 9.59 9.675 9.818 10.007 10.17
8.662 8.635 8.62 8.645 8.687 8.712 8.298 7.97 8.178 8.332 8.41 8.487 8.564 8.644 8.724 8.799 8.826 8.799 8.596 8.202 7.787 7.352 7.075 7.065 7.135 7.152 6.96 6.443 5.908 5.861 5.648 5.29 5.29 5.29 5.291 6.982 8.557 8.322 8.085 7.868 7.795 7.802 7.828 7.993 8.225 8.417 8.545 8.572 8.553 8.58 8.675 8.79 8.882 8.957 9.022 9.082 9.112 9.115 9.118 9.115 9.09 9.075 9.147 9.213 9.293 9.452 9.545 9.567 9.565 9.555 9.56 9.57 9.58 9.588 9.625 9.7 9.825 10.005 10.195
8.625 8.617 8.603 8.615 8.66 8.705 8.747 8.739 8.754 8.839 8.881 8.559 8.067 7.765 7.52 7.423 7.448 7.39 7.145 6.796 6.453 6.163 6.103 6.221 6.261 6.228 6.196 6.198 6.368 6.684 6.07 5.29 5.29 5.29 5.291 6.935 8.459 8.222 7.98 7.803 7.778 7.825 7.868 7.998 8.185 8.325 8.43 8.478 8.51 8.585 8.695 8.825 8.95 9.052 9.127 9.185 9.24 9.28 9.285 9.255 9.198 9.205 9.265 9.278 9.308 9.445 9.555 9.582 9.592 9.585 9.59 9.6 9.613 9.623 9.66 9.73 9.835 9.998 10.182
8.578 8.575 8.575 8.603 8.67 8.77 8.517 7.83 7.47 7.498 7.485 7.108 6.561 6.201 6.041 6.181 6.398 6.466 6.436 6.406 6.383 6.52 6.807 7.005 7.047 7.022 7.002 6.99 7.002 7.027 6.162 5.29 5.29 5.29 5.291 6.857 8.317 8.102 7.872 7.743 7.765 7.823 7.88 7.98 8.11 8.23 8.343 8.43 8.512 8.605 8.715 8.845 8.977 9.107 9.217 9.31 9.41 9.455 9.417 9.35 9.298 9.332 9.36 9.335 9.343 9.445 9.557 9.592 9.612 9.617 9.62 9.633 9.647 9.658 9.695 9.768 9.858 9.99 10.165
8.56 8.568 8.568 8.583 8.66 8.772 8.042 6.616 6.224 6.576 6.668 6.64 6.61 6.58 6.695 6.96 7.177 7.244 7.217 7.19 7.162 7.135 7.107 7.085 7.07 7.058 7.053 7.073 7.125 7.13 6.195 5.29 5.29 5.29 5.291 6.56 7.744 7.655 7.673 7.73 7.798 7.86 7.923 7.978 8.058 8.175 8.295 8.405 8.502 8.597 8.705 8.83 8.96 9.095 9.23 9.357 9.482 9.542 9.502 9.435 9.413 9.44 9.43 9.395 9.4 9.458 9.552 9.61 9.632 9.645 9.653 9.667 9.68 9.69 9.73 9.805 9.888 10 10.157
8.587 8.59 8.56 8.538 8.595 8.705 7.862 6.476 6.56 7.124 7.067 7.02 7.022 7.027 7.035 7.042 7.047 7.052 7.06 7.07 7.09 7.105 7.102 7.1 7.105 7.117 7.145 7.2 7.265 7.227 6.225 5.29 5.29 5.29 5.29 6.15 7.072 7.28 7.565 7.76 7.86 7.937 8 8.03 8.058 8.145 8.262 8.37 8.468 8.565 8.67 8.785 8.908 9.04 9.175 9.3 9.417 9.512 9.545 9.53 9.532 9.53 9.485 9.453 9.463 9.493 9.563 9.627 9.65 9.665 9.68 9.695 9.705 9.72 9.758 9.823 9.908 10.023 10.165
8.607 8.58 8.53 8.49 8.53 8.652 7.79 6.428 6.64 7.042 6.658 6.493 6.49 6.533 6.568 6.58 6.583 6.585 6.588 6.695 6.815 6.83 6.832 6.84 6.89 7.027 7.177 7.265 7.3 7.255 6.268 5.31 5.29 5.29 5.29 6 6.93 7.352 7.642 7.787 7.9 8 8.077 8.11 8.108 8.14 8.23 8.335 8.435 8.535 8.638 8.745 8.858 8.98 9.11 9.232 9.34 9.432 9.515 9.577 9.615 9.6 9.54 9.51 9.525 9.55 9.595 9.642 9.665 9.68 9.692 9.707 9.725 9.75 9.785 9.835 9.925 10.05 10.177
8.585 8.55 8.5 8.448 8.47 8.61 7.727 6.381 6.655 7.072 6.638 6.368 6.275 6.268 6.293 6.32 6.348 6.34 6.31 6.378 6.438 6.393 6.358 6.385 6.548 6.835 7.087 7.177 7.162 7.127 6.347 5.438 5.29 5.29 5.29 6.02 6.997 7.445 7.702 7.82 7.938 8.05 8.13 8.157 8.157 8.162 8.215 8.31 8.41 8.51 8.61 8.715 8.825 8.938 9.055 9.168 9.26 9.338 9.428 9.527 9.597 9.605 9.572 9.56 9.577 9.6 9.627 9.652 9.67 9.685 9.697 9.715 9.74 9.77 9.802 9.845 9.938 10.07 10.187
8.545 8.515 8.465 8.413 8.425 8.57 7.685 6.356 6.665 7.097 6.67 6.385 6.255 6.198 6.208 6.278 6.352 6.357 6.327 6.295 6.253 6.195 6.14 6.155 6.333 6.632 6.897 6.982 6.945 6.957 6.5 5.65 5.29 5.29 5.29 6.03 7.027 7.5 7.772 7.888 8.005 8.062 8.085 8.112 8.117 8.138 8.2 8.3 8.405 8.508 8.61 8.715 8.825 8.938 9.053 9.16 9.233 9.275 9.338 9.433 9.512 9.54 9.547 9.572 9.6 9.62 9.637 9.652 9.667 9.682 9.697 9.712 9.732 9.76 9.79 9.838 9.938 10.07 10.187
8.505 8.477 8.43 8.38 8.393 8.54 7.67 6.356 6.67 7.115 6.698 6.413 6.308 6.255 6.248 6.305 6.345 6.325 6.293 6.262 6.23 6.182 6.128 6.108 6.183 6.39 6.647 6.747 6.75 6.872 6.702 5.86 5.29 5.29 5.29 6.04 7.052 7.552 7.857 7.98 7.997 7.948 7.973 8.01 8.028 8.085 8.178 8.29 8.405 8.517 8.625 8.733 8.848 8.968 9.09 9.197 9.255 9.27 9.293 9.353 9.43 9.468 9.498 9.55 9.59 9.615 9.632 9.647 9.66 9.675 9.69 9.7 9.713 9.735 9.765 9.823 9.933 10.065 10.187
8.465 8.44 8.395 8.345 8.365 8.52 7.66 6.358 6.675 7.125 6.72 6.458 6.373 6.32 6.295 6.315 6.317 6.285 6.255 6.225 6.195 6.16 6.113 6.098 6.133 6.225 6.415 6.543 6.64 6.847 6.87 6.033 5.29 5.29 5.29 6.05 7.075 7.59 7.927 7.957 7.828 7.793 7.867 7.918 7.973 8.065 8.165 8.275 8.395 8.517 8.635 8.753 8.877 9.005 9.132 9.232 9.272 9.28 9.29 9.313 9.36 9.408 9.46 9.52 9.565 9.6 9.625 9.642 9.655 9.668 9.682 9.695 9.705 9.72 9.745 9.81 9.928 10.062 10.192
8.43 8.398 8.355 8.315 8.345 8.497 7.647 6.363 6.685 7.132 6.738 6.51 6.448 6.392 6.343 6.31 6.28 6.245 6.215 6.185 6.155 6.128 6.095 6.09 6.128 6.175 6.268 6.41 6.605 6.84 6.995 6.162 5.29 5.29 5.29 6.06 7.095 7.607 7.847 7.733 7.64 7.695 7.773 7.848 7.935 8.035 8.15 8.275 8.395 8.518 8.643 8.77 8.902 9.037 9.17 9.26 9.285 9.29 9.297 9.305 9.323 9.365 9.432 9.492 9.535 9.575 9.612 9.637 9.653 9.665 9.678 9.69 9.7 9.71 9.725 9.798 9.925 10.058 10.192
8.433 8.375 8.32 8.3 8.345 8.482 7.635 6.368 6.693 7.137 6.765 6.57 6.52 6.46 6.38 6.298 6.24 6.205 6.175 6.145 6.12 6.108 6.12 6.173 6.243 6.305 6.303 6.373 6.595 6.832 7.059 6.23 5.29 5.29 5.29 6 7.045 7.507 7.572 7.508 7.543 7.62 7.703 7.793 7.888 7.998 8.145 8.287 8.405 8.525 8.65 8.78 8.915 9.055 9.192 9.272 9.287 9.292 9.297 9.305 9.318 9.348 9.41 9.47 9.51 9.553 9.597 9.632 9.655 9.67 9.68 9.69 9.7 9.71 9.723 9.798 9.93 10.062 10.19
8.465 8.38 8.295 8.288 8.355 8.477 7.625 6.373 6.7 7.152 6.813 6.64 6.585 6.507 6.405 6.298 6.213 6.168 6.15 6.14 6.14 6.17 6.243 6.343 6.452 6.505 6.41 6.395 6.588 6.825 7.06 6.232 5.29 5.29 5.29 5.813 6.817 7.317 7.363 7.425 7.493 7.565 7.648 7.738 7.843 7.983 8.155 8.302 8.418 8.535 8.66 8.79 8.925 9.065 9.207 9.28 9.283 9.285 9.293 9.308 9.325 9.345 9.393 9.45 9.493 9.537 9.58 9.62 9.655 9.677 9.69 9.7 9.71 9.723 9.738 9.81 9.942 10.07 10.177
8.492 8.39 8.288 8.28 8.363 8.47 7.612 6.376 6.713 7.185 6.87 6.705 6.63 6.53 6.42 6.31 6.218 6.175 6.175 6.198 6.248 6.325 6.417 6.507 6.597 6.607 6.475 6.418 6.575 6.815 7.052 6.23 5.29 5.29 5.29 5.56 6.492 7.197 7.303 7.395 7.455 7.52 7.593 7.688 7.82 7.985 8.165 8.317 8.435 8.548 8.67 8.8 8.938 9.08 9.222 9.29 9.28 9.278 9.29 9.31 9.33 9.348 9.383 9.43 9.475 9.52 9.56 9.6 9.64 9.675 9.697 9.71 9.723 9.737 9.75 9.823 9.95 10.057 10.15
8.51 8.4 8.295 8.28 8.363 8.46 7.597 6.376 6.713 7.202 6.923 6.755 6.655 6.545 6.435 6.325 6.248 6.228 6.245 6.292 6.365 6.445 6.522 6.592 6.637 6.635 6.53 6.418 6.543 6.807 7.045 6.227 5.29 5.29 5.29 5.36 6.268 7.165 7.277 7.36 7.42 7.48 7.545 7.655 7.818 7.995 8.175 8.332 8.455 8.565 8.68 8.807 8.95 9.095 9.235 9.297 9.28 9.278 9.295 9.315 9.335 9.355 9.38 9.415 9.458 9.5 9.543 9.585 9.625 9.668 9.702 9.722 9.737 9.75 9.763 9.828 9.935 10.03 10.123
8.523 8.428 8.345 8.335 8.408 8.475 7.59 6.378 6.683 7.15 6.918 6.775 6.67 6.56 6.45 6.343 6.285 6.28 6.297 6.347 6.412 6.477 6.537 6.585 6.61 6.625 6.567 6.423 6.515 6.8 7.035 6.222 5.29 5.29 5.29 5.29 6.205 7.175 7.255 7.31 7.37 7.428 7.508 7.645 7.82 8 8.18 8.335 8.457 8.57 8.68 8.798 8.932 9.077 9.217 9.287 9.28 9.278 9.295 9.315 9.335 9.352 9.368 9.4 9.448 9.49 9.545 9.6 9.64 9.683 9.712 9.73 9.747 9.76 9.775 9.828 9.918 10.013 10.108
8.58 8.51 8.45 8.445 8.505 8.495 7.565 6.383 6.638 7.05 6.858 6.765 6.675 6.57 6.46 6.368 6.33 6.322 6.32 6.355 6.42 6.48 6.525 6.557 6.575 6.592 6.582 6.465 6.513 6.782 7.027 6.217 5.29 5.29 5.29 5.29 6.208 7.177 7.227 7.25 7.305 7.378 7.49 7.645 7.82 7.997 8.175 8.327 8.445 8.555 8.667 8.78 8.898 9.033 9.172 9.26 9.272 9.273 9.29 9.307 9.322 9.332 9.343 9.385 9.445 9.498 9.573 9.64 9.68 9.71 9.72 9.73 9.75 9.767 9.788 9.84 9.923 10.01 10.103
8.685 8.625 8.565 8.555 8.557 8.45 7.52 6.386 6.593 6.957 6.795 6.74 6.667 6.577 6.473 6.398 6.372 6.358 6.345 6.368 6.422 6.467 6.5 6.525 6.538 6.548 6.57 6.508 6.508 6.745 7.02 6.212 5.29 5.29 5.29 5.29 6.19 7.145 7.187 7.193 7.253 7.358 7.493 7.65 7.822 7.995 8.17 8.322 8.437 8.543 8.653 8.767 8.88 8.998 9.127 9.22 9.252 9.267 9.282 9.292 9.297 9.303 9.32 9.378 9.445 9.513 9.605 9.677 9.71 9.717 9.718 9.73 9.752 9.773 9.8 9.86 9.94 10.02 10.102
8.692 8.68 8.66 8.627 8.527 8.37 7.487 6.388 6.573 6.907 6.748 6.707 6.65 6.575 6.485 6.425 6.405 6.39 6.375 6.378 6.408 6.44 6.47 6.495 6.505 6.508 6.532 6.522 6.495 6.698 7.012 6.267 5.348 5.29 5.29 5.29 6.163 7.092 7.137 7.148 7.23 7.358 7.498 7.655 7.825 7.995 8.17 8.317 8.43 8.535 8.64 8.753 8.867 8.98 9.092 9.177 9.23 9.26 9.263 9.263 9.265 9.27 9.3 9.368 9.453 9.543 9.64 9.705 9.717 9.713 9.715 9.73 9.755 9.778 9.813 9.88 9.957 10.025 10.085
8.565 8.6 8.625 8.585 8.445 8.3 7.465 6.393 6.578 6.887 6.7 6.652 6.625 6.577 6.495 6.445 6.427 6.412 6.395 6.388 6.4 6.423 6.445 6.462 6.47 6.47 6.49 6.52 6.478 6.643 6.992 6.382 5.465 5.29 5.29 5.29 6.135 7.04 7.108 7.155 7.26 7.393 7.52 7.665 7.835 8.005 8.18 8.32 8.425 8.53 8.635 8.743 8.853 8.965 9.07 9.147 9.21 9.265 9.27 9.25 9.24 9.238 9.28 9.383 9.505 9.612 9.692 9.72 9.712 9.708 9.713 9.73 9.755 9.783 9.82 9.875 9.935 9.987 10.035
8.402 8.435 8.46 8.455 8.345 8.227 7.442 6.398 6.583 6.855 6.63 6.578 6.575 6.572 6.51 6.46 6.442 6.425 6.408 6.403 6.413 6.427 6.43 6.425 6.427 6.43 6.448 6.49 6.468 6.603 6.95 6.502 5.59 5.29 5.29 5.29 6.105 7.01 7.13 7.213 7.327 7.445 7.55 7.685 7.855 8.028 8.205 8.34 8.433 8.533 8.637 8.738 8.838 8.947 9.05 9.125 9.193 9.265 9.297 9.278 9.248 9.238 9.31 9.453 9.585 9.695 9.745 9.722 9.703 9.703 9.708 9.728 9.755 9.782 9.808 9.835 9.875 9.925 9.975
