EGM722_Project_Data/DTM_asc/TL4460.asc
ncols         200
nrows         200
xllcorner     544000.000
yllcorner     260000.000
cellsize      5
NODATA_value  -9999.0
[rows 96 to 127 of 200, columns 73 to 145 of 200]
14.305 14.295 14.28 14.268 14.255 14.26 14.267 14.255 14.235 14.215 14.195 14.175 14.165 14.175 14.195 14.215 14.23 14.248 14.283 14.33 14.385 14.457 14.54 14.602 14.645 14.698 14.767 14.842 14.905 14.95 15.003 15.09 15.205 15.287 15.3 15.272 15.24 15.207 15.173 15.16 15.198 15.232 15.253 15.3 15.365 15.435 15.505 15.575 15.622 15.607 15.537 15.463 15.418 15.392 15.365 15.325 15.263 15.278 15.45 15.652 15.772 15.81 15.775 15.707 15.643 15.633 15.68 15.73 15.777 15.792 15.77 15.737 15.702
14.362 14.362 14.35 14.34 14.332 14.33 14.32 14.3 14.28 14.26 14.24 14.22 14.2 14.195 14.21 14.23 14.248 14.278 14.33 14.387 14.445 14.51 14.57 14.615 14.655 14.703 14.77 14.845 14.917 14.99 15.072 15.172 15.28 15.352 15.36 15.337 15.307 15.273 15.24 15.21 15.205 15.23 15.278 15.34 15.403 15.472 15.545 15.61 15.647 15.617 15.54 15.48 15.448 15.42 15.393 15.367 15.33 15.335 15.49 15.732 15.875 15.87 15.803 15.728 15.66 15.655 15.708 15.763 15.817 15.84 15.82 15.79 15.755
14.41 14.41 14.4 14.39 14.377 14.362 14.352 14.34 14.317 14.295 14.275 14.252 14.223 14.218 14.24 14.26 14.283 14.313 14.358 14.415 14.475 14.535 14.585 14.625 14.665 14.7 14.75 14.817 14.893 14.99 15.1 15.202 15.3 15.365 15.38 15.38 15.365 15.335 15.305 15.273 15.258 15.27 15.313 15.377 15.44 15.508 15.58 15.635 15.652 15.612 15.545 15.51 15.497 15.475 15.445 15.418 15.39 15.408 15.575 15.785 15.875 15.885 15.85 15.78 15.718 15.715 15.758 15.81 15.867 15.885 15.86 15.83 15.792
14.465 14.44 14.43 14.412 14.38 14.358 14.362 14.367 14.352 14.33 14.302 14.262 14.23 14.243 14.28 14.305 14.33 14.355 14.385 14.43 14.485 14.542 14.59 14.63 14.665 14.685 14.71 14.77 14.865 14.98 15.1 15.215 15.317 15.372 15.388 15.407 15.412 15.39 15.36 15.343 15.353 15.36 15.368 15.415 15.48 15.545 15.607 15.647 15.655 15.61 15.56 15.55 15.55 15.542 15.525 15.5 15.47 15.513 15.67 15.795 15.835 15.865 15.875 15.845 15.815 15.822 15.85 15.887 15.922 15.92 15.89 15.857 15.815
14.515 14.473 14.452 14.417 14.37 14.345 14.355 14.372 14.38 14.36 14.312 14.258 14.245 14.28 14.32 14.352 14.377 14.403 14.428 14.458 14.5 14.55 14.595 14.628 14.65 14.675 14.705 14.768 14.873 14.988 15.103 15.22 15.33 15.387 15.41 15.44 15.455 15.443 15.43 15.445 15.47 15.475 15.465 15.473 15.518 15.577 15.622 15.65 15.652 15.62 15.593 15.59 15.59 15.59 15.587 15.575 15.553 15.597 15.697 15.76 15.795 15.825 15.85 15.862 15.867 15.877 15.895 15.917 15.927 15.912 15.887 15.86 15.832
14.555 14.5 14.455 14.405 14.355 14.333 14.345 14.365 14.392 14.377 14.315 14.268 14.273 14.317 14.36 14.395 14.423 14.45 14.475 14.5 14.53 14.565 14.608 14.643 14.67 14.708 14.753 14.818 14.915 15.025 15.135 15.245 15.35 15.412 15.443 15.475 15.497 15.507 15.522 15.547 15.57 15.577 15.57 15.557 15.568 15.6 15.628 15.652 15.657 15.645 15.635 15.63 15.63 15.63 15.627 15.622 15.612 15.63 15.677 15.72 15.755 15.783 15.81 15.837 15.847 15.847 15.857 15.872 15.875 15.86 15.84 15.825 15.83
14.59 14.508 14.433 14.38 14.333 14.318 14.335 14.363 14.405 14.397 14.333 14.293 14.308 14.355 14.4 14.437 14.467 14.495 14.522 14.547 14.573 14.603 14.645 14.69 14.733 14.775 14.823 14.885 14.975 15.085 15.192 15.295 15.385 15.442 15.477 15.505 15.512 15.532 15.567 15.59 15.61 15.62 15.615 15.607 15.61 15.625 15.645 15.668 15.678 15.675 15.672 15.667 15.665 15.665 15.66 15.655 15.645 15.638 15.65 15.68 15.715 15.743 15.773 15.802 15.815 15.805 15.803 15.815 15.815 15.8 15.785 15.79 15.817
14.615 14.515 14.41 14.345 14.305 14.3 14.33 14.375 14.425 14.42 14.358 14.323 14.345 14.395 14.44 14.48 14.512 14.538 14.565 14.593 14.623 14.658 14.703 14.752 14.798 14.843 14.895 14.955 15.038 15.142 15.247 15.345 15.425 15.477 15.505 15.505 15.485 15.503 15.55 15.587 15.615 15.625 15.623 15.625 15.638 15.655 15.675 15.698 15.712 15.71 15.705 15.702 15.698 15.695 15.692 15.682 15.663 15.648 15.645 15.653 15.678 15.71 15.74 15.77 15.792 15.78 15.755 15.755 15.755 15.745 15.75 15.778 15.812
14.63 14.537 14.405 14.31 14.278 14.293 14.34 14.395 14.445 14.442 14.388 14.36 14.383 14.43 14.477 14.52 14.555 14.583 14.61 14.643 14.677 14.713 14.757 14.812 14.862 14.91 14.965 15.025 15.1 15.198 15.297 15.387 15.462 15.505 15.505 15.472 15.445 15.465 15.515 15.565 15.61 15.632 15.64 15.655 15.672 15.688 15.708 15.735 15.757 15.755 15.74 15.735 15.73 15.725 15.72 15.702 15.678 15.66 15.655 15.65 15.653 15.678 15.71 15.737 15.762 15.76 15.725 15.705 15.703 15.708 15.735 15.77 15.805
14.635 14.555 14.413 14.295 14.265 14.305 14.36 14.415 14.465 14.465 14.42 14.4 14.418 14.46 14.51 14.557 14.597 14.63 14.662 14.697 14.73 14.762 14.802 14.852 14.902 14.955 15.02 15.09 15.162 15.25 15.34 15.425 15.492 15.505 15.473 15.43 15.405 15.425 15.478 15.538 15.605 15.653 15.675 15.693 15.708 15.723 15.745 15.777 15.805 15.805 15.785 15.77 15.762 15.755 15.738 15.715 15.695 15.678 15.668 15.66 15.65 15.653 15.675 15.703 15.727 15.735 15.708 15.685 15.69 15.708 15.738 15.768 15.798
14.642 14.567 14.425 14.323 14.298 14.328 14.38 14.435 14.485 14.485 14.453 14.443 14.455 14.495 14.545 14.595 14.637 14.667 14.697 14.73 14.757 14.785 14.82 14.862 14.908 14.963 15.035 15.115 15.197 15.287 15.377 15.462 15.517 15.51 15.465 15.415 15.383 15.41 15.48 15.555 15.638 15.697 15.727 15.745 15.755 15.76 15.765 15.785 15.81 15.815 15.805 15.795 15.793 15.79 15.778 15.763 15.753 15.735 15.713 15.7 15.688 15.675 15.678 15.693 15.705 15.713 15.72 15.743 15.768 15.785 15.808 15.83 15.855
14.657 14.582 14.463 14.405 14.388 14.388 14.413 14.455 14.505 14.51 14.49 14.485 14.493 14.53 14.58 14.622 14.652 14.677 14.705 14.735 14.76 14.785 14.82 14.86 14.905 14.96 15.028 15.105 15.198 15.307 15.41 15.497 15.545 15.54 15.512 15.465 15.423 15.45 15.528 15.608 15.692 15.75 15.777 15.8 15.815 15.807 15.785 15.773 15.778 15.788 15.798 15.813 15.83 15.845 15.852 15.852 15.847 15.827 15.795 15.773 15.758 15.745 15.74 15.74 15.74 15.755 15.805 15.867 15.902 15.918 15.935 15.955 15.978
14.662 14.613 14.543 14.518 14.505 14.493 14.485 14.495 14.528 14.54 14.53 14.525 14.528 14.56 14.602 14.63 14.65 14.675 14.705 14.735 14.76 14.788 14.825 14.865 14.908 14.958 15.023 15.098 15.195 15.318 15.432 15.53 15.572 15.565 15.557 15.537 15.505 15.525 15.593 15.665 15.745 15.797 15.823 15.85 15.87 15.86 15.833 15.808 15.793 15.798 15.82 15.85 15.88 15.905 15.925 15.94 15.942 15.922 15.888 15.855 15.833 15.823 15.82 15.82 15.825 15.863 15.937 16.005 16.037 16.052 16.068 16.085 16.105
14.675 14.67 14.64 14.625 14.612 14.597 14.582 14.57 14.572 14.575 14.57 14.565 14.563 14.582 14.61 14.63 14.65 14.675 14.705 14.733 14.758 14.79 14.83 14.87 14.91 14.96 15.035 15.125 15.228 15.343 15.458 15.557 15.597 15.59 15.583 15.575 15.563 15.59 15.657 15.725 15.795 15.842 15.867 15.895 15.917 15.917 15.9 15.878 15.858 15.858 15.878 15.903 15.93 15.958 15.983 16.008 16.033 16.025 15.988 15.953 15.92 15.903 15.9 15.9 15.923 15.985 16.07 16.142 16.175 16.187 16.202 16.217 16.235
14.7 14.712 14.695 14.68 14.665 14.65 14.637 14.622 14.607 14.597 14.592 14.587 14.585 14.595 14.615 14.635 14.658 14.685 14.715 14.743 14.773 14.81 14.85 14.89 14.938 15.003 15.093 15.195 15.293 15.395 15.505 15.592 15.625 15.62 15.61 15.603 15.598 15.63 15.7 15.77 15.835 15.88 15.905 15.93 15.955 15.972 15.972 15.952 15.933 15.933 15.948 15.965 15.988 16.04 16.103 16.153 16.198 16.17 16.105 16.07 16.035 16.008 15.998 15.988 16.018 16.095 16.177 16.242 16.267 16.272 16.28 16.287 16.302
14.722 14.73 14.708 14.69 14.675 14.66 14.65 14.635 14.615 14.603 14.598 14.595 14.598 14.608 14.628 14.655 14.688 14.718 14.745 14.775 14.808 14.845 14.885 14.935 15.005 15.085 15.178 15.275 15.365 15.463 15.57 15.637 15.65 15.647 15.642 15.637 15.63 15.66 15.73 15.797 15.862 15.91 15.935 15.958 15.98 16.007 16.03 16.027 16.01 16.008 16.022 16.037 16.053 16.138 16.28 16.4 16.447 16.367 16.255 16.2 16.168 16.14 16.12 16.095 16.095 16.15 16.23 16.277 16.282 16.282 16.285 16.288 16.303
14.747 14.752 14.725 14.703 14.688 14.672 14.657 14.64 14.623 14.61 14.605 14.603 14.608 14.625 14.655 14.695 14.735 14.765 14.788 14.813 14.843 14.88 14.93 15.003 15.088 15.173 15.265 15.357 15.445 15.538 15.63 15.675 15.675 15.675 15.675 15.67 15.663 15.693 15.757 15.823 15.89 15.94 15.965 15.985 16.005 16.033 16.067 16.09 16.085 16.083 16.097 16.107 16.118 16.215 16.397 16.565 16.635 16.57 16.445 16.348 16.3 16.272 16.245 16.215 16.188 16.195 16.252 16.282 16.27 16.268 16.275 16.285 16.3
14.772 14.775 14.745 14.718 14.7 14.685 14.665 14.645 14.628 14.615 14.61 14.61 14.625 14.658 14.698 14.742 14.785 14.815 14.835 14.855 14.88 14.928 15.002 15.09 15.175 15.26 15.352 15.44 15.525 15.612 15.68 15.705 15.702 15.7 15.7 15.697 15.695 15.725 15.785 15.85 15.918 15.967 15.995 16.015 16.035 16.06 16.093 16.125 16.145 16.155 16.162 16.168 16.18 16.28 16.455 16.615 16.717 16.7 16.6 16.5 16.432 16.395 16.365 16.335 16.305 16.28 16.283 16.28 16.258 16.255 16.27 16.285 16.3
14.802 14.8 14.77 14.74 14.715 14.695 14.675 14.655 14.635 14.62 14.618 14.635 14.668 14.705 14.745 14.79 14.832 14.862 14.885 14.905 14.92 14.963 15.045 15.135 15.222 15.312 15.405 15.49 15.572 15.652 15.705 15.72 15.717 15.715 15.715 15.715 15.73 15.773 15.83 15.895 15.962 16.01 16.035 16.055 16.073 16.095 16.125 16.155 16.197 16.225 16.225 16.228 16.24 16.333 16.49 16.635 16.757 16.767 16.685 16.605 16.532 16.485 16.455 16.422 16.39 16.357 16.33 16.305 16.285 16.288 16.3 16.313 16.328
14.832 14.827 14.8 14.77 14.743 14.718 14.693 14.668 14.643 14.633 14.648 14.685 14.725 14.758 14.795 14.84 14.88 14.907 14.93 14.947 14.955 14.983 15.05 15.135 15.225 15.32 15.415 15.502 15.585 15.655 15.697 15.715 15.72 15.72 15.72 15.733 15.785 15.848 15.898 15.958 16.025 16.07 16.09 16.107 16.12 16.138 16.165 16.203 16.26 16.297 16.3 16.3 16.333 16.415 16.523 16.65 16.787 16.825 16.755 16.675 16.6 16.548 16.513 16.478 16.445 16.415 16.39 16.373 16.365 16.368 16.37 16.378 16.39
14.857 14.852 14.828 14.8 14.775 14.75 14.72 14.695 14.675 14.67 14.698 14.742 14.785 14.82 14.853 14.89 14.927 14.952 14.967 14.98 14.985 15.01 15.068 15.14 15.228 15.322 15.415 15.505 15.59 15.65 15.68 15.7 15.717 15.725 15.733 15.78 15.867 15.935 15.978 16.028 16.087 16.13 16.147 16.157 16.165 16.18 16.21 16.263 16.332 16.372 16.383 16.418 16.5 16.58 16.638 16.715 16.82 16.872 16.825 16.747 16.673 16.613 16.57 16.533 16.5 16.473 16.458 16.455 16.455 16.455 16.455 16.458 16.465
14.882 14.88 14.86 14.838 14.813 14.793 14.775 14.76 14.75 14.743 14.758 14.798 14.845 14.885 14.915 14.945 14.975 14.995 15.005 15.015 15.023 15.048 15.098 15.155 15.233 15.325 15.415 15.505 15.59 15.642 15.665 15.685 15.708 15.728 15.768 15.852 15.947 16.012 16.057 16.105 16.152 16.182 16.195 16.202 16.21 16.225 16.265 16.333 16.407 16.458 16.505 16.585 16.677 16.752 16.8 16.84 16.897 16.927 16.882 16.81 16.737 16.675 16.63 16.59 16.558 16.54 16.538 16.54 16.54 16.54 16.54 16.54 16.542
14.92 14.93 14.913 14.89 14.865 14.85 14.85 14.845 14.835 14.825 14.825 14.853 14.9 14.94 14.97 15.005 15.048 15.075 15.085 15.093 15.093 15.11 15.155 15.198 15.25 15.33 15.42 15.507 15.585 15.64 15.672 15.695 15.715 15.743 15.808 15.905 15.995 16.06 16.11 16.157 16.195 16.215 16.225 16.235 16.248 16.283 16.345 16.418 16.49 16.55 16.617 16.697 16.772 16.845 16.9 16.94 16.975 16.97 16.915 16.845 16.78 16.73 16.69 16.65 16.623 16.615 16.615 16.615 16.615 16.615 16.615 16.615 16.615
14.977 14.997 14.977 14.95 14.923 14.91 14.915 14.917 14.912 14.905 14.898 14.913 14.952 14.99 15.023 15.073 15.145 15.19 15.2 15.2 15.18 15.188 15.227 15.252 15.278 15.34 15.43 15.51 15.575 15.635 15.687 15.72 15.743 15.778 15.845 15.937 16.025 16.09 16.137 16.177 16.207 16.227 16.24 16.253 16.29 16.368 16.45 16.52 16.59 16.647 16.695 16.753 16.82 16.892 16.955 16.997 17.01 16.985 16.93 16.86 16.813 16.788 16.755 16.715 16.69 16.685 16.685 16.685 16.685 16.685 16.685 16.685 16.682
15.045 15.062 15.037 15.007 14.98 14.97 14.975 14.98 14.982 14.982 14.977 14.98 15.005 15.043 15.09 15.16 15.242 15.297 15.307 15.29 15.258 15.258 15.282 15.298 15.313 15.358 15.435 15.505 15.565 15.625 15.685 15.735 15.767 15.81 15.885 15.973 16.058 16.12 16.158 16.19 16.215 16.238 16.255 16.293 16.375 16.472 16.557 16.63 16.697 16.75 16.79 16.835 16.888 16.945 17.005 17.04 17.03 16.995 16.94 16.885 16.865 16.852 16.82 16.783 16.76 16.755 16.755 16.755 16.755 16.755 16.755 16.753 16.747
15.112 15.125 15.095 15.063 15.035 15.028 15.033 15.038 15.042 15.047 15.05 15.05 15.063 15.105 15.175 15.255 15.335 15.395 15.397 15.357 15.323 15.325 15.343 15.35 15.36 15.385 15.435 15.495 15.555 15.615 15.675 15.735 15.785 15.845 15.93 16.02 16.11 16.178 16.208 16.225 16.243 16.258 16.295 16.378 16.48 16.575 16.66 16.737 16.802 16.85 16.89 16.93 16.967 17.005 17.045 17.057 17.035 17.002 16.963 16.938 16.932 16.917 16.885 16.853 16.833 16.825 16.825 16.825 16.825 16.825 16.825 16.82 16.812
15.182 15.187 15.153 15.118 15.09 15.085 15.09 15.095 15.1 15.105 15.113 15.118 15.125 15.17 15.247 15.322 15.392 15.445 15.442 15.4 15.375 15.398 15.432 15.44 15.443 15.45 15.475 15.523 15.58 15.64 15.7 15.76 15.828 15.913 16.005 16.098 16.19 16.272 16.332 16.36 16.37 16.37 16.378 16.45 16.572 16.68 16.755 16.815 16.862 16.897 16.932 16.965 16.995 17.027 17.047 17.042 17.022 16.995 16.992 17.002 16.997 16.982 16.952 16.925 16.905 16.895 16.895 16.895 16.895 16.895 16.892 16.887 16.88
15.272 15.272 15.228 15.185 15.153 15.145 15.153 15.16 15.165 15.17 15.18 15.182 15.18 15.218 15.285 15.347 15.407 15.457 15.462 15.435 15.425 15.463 15.525 15.555 15.56 15.558 15.56 15.59 15.643 15.7 15.76 15.828 15.913 16.008 16.102 16.195 16.285 16.375 16.465 16.535 16.57 16.565 16.523 16.515 16.605 16.722 16.795 16.837 16.867 16.89 16.915 16.945 16.978 17.007 17.017 17.01 16.995 16.978 17.01 17.057 17.065 17.047 17.018 16.995 16.975 16.965 16.965 16.965 16.965 16.965 16.96 16.953 16.947
15.37 15.377 15.343 15.333 15.307 15.248 15.22 15.23 15.237 15.242 15.245 15.24 15.23 15.255 15.31 15.363 15.42 15.475 15.492 15.48 15.475 15.515 15.592 15.652 15.675 15.67 15.66 15.668 15.708 15.765 15.83 15.913 16.01 16.105 16.198 16.29 16.38 16.47 16.56 16.65 16.717 16.725 16.687 16.643 16.64 16.7 16.77 16.823 16.863 16.888 16.905 16.93 16.962 16.98 16.98 16.975 16.963 16.96 17.01 17.09 17.127 17.115 17.088 17.065 17.045 17.035 17.035 17.035 17.035 17.032 17.027 17.02 17.012
15.447 15.485 15.48 15.497 15.487 15.402 15.32 15.3 15.31 15.31 15.308 15.308 15.293 15.305 15.355 15.408 15.463 15.515 15.537 15.533 15.53 15.57 15.65 15.727 15.777 15.782 15.77 15.763 15.78 15.833 15.91 16.005 16.105 16.202 16.295 16.385 16.475 16.565 16.652 16.73 16.795 16.815 16.787 16.755 16.725 16.735 16.785 16.835 16.878 16.903 16.915 16.93 16.95 16.953 16.943 16.935 16.928 16.94 17.003 17.097 17.17 17.185 17.16 17.135 17.115 17.105 17.105 17.105 17.102 17.095 17.087 17.077 17.065
15.49 15.562 15.575 15.58 15.57 15.517 15.437 15.388 15.385 15.39 15.392 15.387 15.363 15.365 15.413 15.47 15.525 15.572 15.59 15.585 15.6 15.655 15.735 15.813 15.872 15.9 15.897 15.883 15.878 15.92 16.008 16.105 16.203 16.297 16.39 16.48 16.57 16.655 16.727 16.785 16.84 16.865 16.845 16.813 16.805 16.838 16.878 16.915 16.953 16.973 16.975 16.98 16.993 16.995 16.985 16.973 16.963 16.97 17.025 17.115 17.202 17.235 17.212 17.19 17.17 17.162 17.162 17.16 17.157 17.145 17.127 17.112 17.1
15.515 15.617 15.632 15.63 15.62 15.575 15.518 15.48 15.478 15.49 15.485 15.46 15.43 15.423 15.463 15.527 15.585 15.627 15.643 15.653 15.698 15.77 15.847 15.912 15.96 16 16.025 16.022 16.01 16.05 16.143 16.232 16.31 16.39 16.48 16.572 16.655 16.72 16.775 16.828 16.882 16.915 16.903 16.883 16.905 16.952 16.993 17.03 17.067 17.095 17.093 17.078 17.083 17.092 17.095 17.087 17.073 17.068 17.095 17.165 17.24 17.26 17.24 17.22 17.203 17.2 17.205 17.202 17.2 17.185 17.16 17.143 17.13
