EGM722_Project_Data/DTM_asc/TL4458.asc
ncols         200
nrows         200
xllcorner     544000.000
yllcorner     258000.000
cellsize      5
NODATA_value  -9999.0
[rows 35 to 69 of 200, columns 79 to 157 of 200]
6.925 6.87 6.825 6.782 6.733 6.688 6.682 6.617 6.47 6.338 6.218 6.173 6.313 6.592 6.897 7.202 7.197 6.455 6.008 6.477 6.792 6.747 6.712 6.67 6.608 6.568 6.555 6.62 6.742 6.832 6.898 6.993 7.118 7.245 7.365 7.465 7.547 7.637 7.745 7.777 7.712 7.632 7.565 7.575 7.69 7.805 7.802 7.76 7.752 7.738 7.77 7.815 7.557 6.383 5.47 5.47 5.47 5.49 6.075 6.665 6.705 6.73 6.765 6.842 6.918 6.998 7.115 7.23 7.312 7.355 7.36 7.355 7.405 7.513 7.655 7.82 7.985 8.135 8.275
6.98 6.935 6.897 6.857 6.808 6.8 6.84 6.782 6.63 6.48 6.315 6.213 6.348 6.702 7.067 7.374 6.758 6.26 6.632 6.777 6.807 6.775 6.735 6.69 6.655 6.645 6.645 6.708 6.805 6.857 6.9 6.988 7.112 7.22 7.3 7.362 7.425 7.505 7.597 7.607 7.538 7.478 7.43 7.455 7.575 7.725 7.82 7.837 7.822 7.818 7.868 7.955 7.499 6.235 5.47 5.47 5.47 5.798 6.395 6.652 6.63 6.62 6.648 6.758 6.89 6.993 7.08 7.14 7.173 7.185 7.195 7.218 7.31 7.465 7.628 7.793 7.96 8.12 8.265
7.017 7 6.97 6.93 6.905 6.95 7.01 6.95 6.782 6.597 6.392 6.228 6.23 6.46 6.85 7.304 6.508 6.173 6.822 6.798 6.812 6.787 6.755 6.73 6.727 6.732 6.735 6.775 6.835 6.87 6.905 6.972 7.062 7.13 7.183 7.24 7.305 7.38 7.447 7.445 7.393 7.35 7.31 7.338 7.458 7.605 7.742 7.822 7.85 7.892 7.967 8.052 7.117 5.805 5.47 5.47 5.588 6.24 6.777 6.748 6.685 6.635 6.645 6.765 6.923 7.025 7.075 7.098 7.125 7.165 7.208 7.263 7.353 7.475 7.618 7.77 7.93 8.098 8.252
6.977 6.987 6.997 7.002 7.032 7.097 7.145 7.065 6.865 6.642 6.418 6.263 6.193 6.193 6.43 7.077 6.493 6.258 6.942 6.835 6.812 6.78 6.75 6.735 6.74 6.75 6.757 6.777 6.815 6.85 6.885 6.93 6.978 7.023 7.065 7.112 7.175 7.247 7.302 7.302 7.267 7.227 7.185 7.218 7.34 7.475 7.595 7.69 7.767 7.885 8.032 8.139 6.83 5.476 5.47 5.47 5.91 6.627 6.915 6.895 6.835 6.775 6.793 6.92 7.047 7.115 7.155 7.195 7.235 7.278 7.323 7.375 7.455 7.555 7.675 7.815 7.963 8.118 8.255
6.878 6.88 6.925 6.977 7.047 7.115 7.152 7.065 6.872 6.665 6.443 6.298 6.258 6.26 6.373 6.987 6.57 6.428 7.045 6.843 6.79 6.75 6.715 6.698 6.698 6.703 6.71 6.73 6.765 6.8 6.835 6.875 6.915 6.942 6.945 6.965 7.025 7.095 7.152 7.16 7.132 7.1 7.06 7.095 7.21 7.325 7.435 7.53 7.615 7.763 7.992 8.192 6.867 5.471 5.47 5.47 6.14 6.895 7.022 7.04 6.985 6.938 6.99 7.115 7.187 7.225 7.265 7.305 7.348 7.392 7.438 7.488 7.565 7.665 7.785 7.925 8.057 8.172 8.267
6.773 6.75 6.793 6.848 6.932 7.017 7.067 6.995 6.825 6.645 6.468 6.405 6.453 6.528 6.623 7.02 6.73 6.665 7.017 6.768 6.737 6.715 6.68 6.665 6.662 6.66 6.663 6.68 6.715 6.75 6.782 6.82 6.84 6.83 6.8 6.805 6.865 6.935 6.997 7.01 6.985 6.96 6.935 6.97 7.065 7.168 7.275 7.373 7.465 7.595 7.84 8.154 6.887 5.471 5.47 5.47 6.175 6.95 7.092 7.165 7.135 7.118 7.182 7.26 7.302 7.34 7.378 7.418 7.463 7.508 7.555 7.605 7.678 7.775 7.895 8.017 8.115 8.195 8.27
6.67 6.62 6.658 6.715 6.805 6.903 6.975 6.92 6.765 6.613 6.503 6.545 6.687 6.822 6.947 7.097 6.743 6.71 6.887 6.645 6.655 6.667 6.65 6.632 6.627 6.622 6.617 6.627 6.657 6.687 6.715 6.735 6.72 6.683 6.648 6.653 6.708 6.775 6.842 6.862 6.843 6.833 6.833 6.87 6.953 7.045 7.138 7.23 7.325 7.435 7.695 7.962 6.75 5.471 5.47 5.653 6.378 6.992 7.142 7.247 7.265 7.282 7.332 7.375 7.415 7.455 7.492 7.532 7.577 7.625 7.67 7.712 7.78 7.872 7.97 8.055 8.125 8.195 8.27
6.618 6.573 6.618 6.68 6.768 6.863 6.932 6.89 6.758 6.623 6.553 6.635 6.81 6.99 7.157 7.11 6.623 6.633 6.75 6.51 6.542 6.575 6.595 6.585 6.565 6.55 6.53 6.532 6.562 6.59 6.615 6.622 6.595 6.558 6.533 6.545 6.593 6.65 6.708 6.735 6.738 6.748 6.76 6.803 6.883 6.965 7.065 7.155 7.23 7.353 7.667 7.44 6.223 5.47 5.47 5.995 6.742 7.045 7.18 7.27 7.332 7.387 7.432 7.47 7.51 7.55 7.592 7.627 7.66 7.702 7.742 7.782 7.852 7.932 7.992 8.055 8.125 8.195 8.27
6.655 6.628 6.678 6.74 6.825 6.897 6.935 6.892 6.777 6.65 6.608 6.715 6.89 7.062 7.227 6.98 6.553 6.642 6.59 6.37 6.415 6.47 6.537 6.54 6.478 6.43 6.395 6.395 6.43 6.465 6.495 6.505 6.485 6.463 6.455 6.475 6.52 6.567 6.608 6.638 6.662 6.68 6.693 6.738 6.818 6.918 7.055 7.15 7.185 7.335 7.709 6.893 5.651 5.47 5.47 6.165 6.942 7.092 7.195 7.27 7.357 7.442 7.5 7.537 7.575 7.62 7.672 7.7 7.71 7.738 7.775 7.825 7.895 7.957 8.003 8.058 8.125 8.195 8.273
6.733 6.7 6.738 6.797 6.867 6.905 6.925 6.887 6.787 6.673 6.66 6.79 6.952 7.11 7.26 6.775 6.523 6.735 6.433 6.258 6.328 6.41 6.505 6.515 6.43 6.35 6.288 6.273 6.305 6.348 6.388 6.4 6.39 6.385 6.385 6.405 6.447 6.487 6.517 6.547 6.58 6.605 6.625 6.675 6.775 6.91 7.065 7.162 7.17 7.328 7.752 6.74 5.471 5.47 5.533 6.257 6.995 7.117 7.205 7.29 7.383 7.475 7.547 7.593 7.635 7.693 7.752 7.775 7.77 7.78 7.81 7.862 7.922 7.972 8.018 8.068 8.128 8.195 8.275
6.795 6.758 6.795 6.843 6.88 6.898 6.915 6.872 6.765 6.668 6.695 6.84 6.987 7.135 7.285 6.57 6.43 6.787 6.325 6.203 6.295 6.385 6.477 6.5 6.438 6.36 6.283 6.248 6.27 6.313 6.358 6.373 6.355 6.335 6.32 6.33 6.363 6.395 6.423 6.453 6.487 6.52 6.548 6.62 6.76 6.92 7.077 7.187 7.263 7.45 7.829 6.767 5.471 5.47 5.533 6.287 7.032 7.13 7.222 7.315 7.407 7.5 7.585 7.652 7.71 7.77 7.827 7.85 7.842 7.84 7.853 7.893 7.942 7.988 8.033 8.08 8.135 8.198 8.268
6.848 6.808 6.878 6.958 6.99 6.99 6.92 6.775 6.63 6.61 6.72 6.865 7.012 7.16 7.31 6.45 6.283 6.742 6.283 6.178 6.272 6.365 6.462 6.51 6.477 6.415 6.345 6.308 6.318 6.35 6.392 6.402 6.37 6.333 6.305 6.303 6.325 6.355 6.378 6.38 6.393 6.425 6.458 6.55 6.71 6.88 7.032 7.19 7.4 7.637 7.732 6.587 5.465 5.467 5.47 6.223 7.005 7.085 7.187 7.292 7.392 7.487 7.58 7.66 7.725 7.787 7.857 7.89 7.882 7.88 7.893 7.92 7.958 8.003 8.048 8.093 8.143 8.2 8.26
6.888 6.88 7.01 7.152 7.175 7.07 6.86 6.608 6.463 6.568 6.795 6.928 7.035 7.185 7.335 6.44 6.2 6.692 6.283 6.155 6.248 6.348 6.462 6.527 6.517 6.475 6.41 6.375 6.375 6.393 6.43 6.432 6.395 6.368 6.353 6.35 6.363 6.385 6.405 6.38 6.34 6.338 6.363 6.458 6.615 6.76 6.88 7.075 7.37 7.655 7.102 5.94 5.46 5.463 5.465 6.195 6.925 6.98 7.092 7.207 7.315 7.42 7.525 7.615 7.69 7.768 7.855 7.897 7.89 7.9 7.935 7.96 7.983 8.02 8.063 8.108 8.153 8.203 8.26
6.913 6.918 7.08 7.255 7.217 6.987 6.725 6.46 6.388 6.598 6.887 7.03 7.083 7.21 7.357 6.45 6.17 6.677 6.293 6.14 6.233 6.345 6.467 6.53 6.53 6.517 6.475 6.445 6.44 6.443 6.465 6.462 6.435 6.423 6.418 6.42 6.425 6.435 6.455 6.432 6.365 6.313 6.29 6.35 6.475 6.58 6.673 6.873 7.2 7.529 6.585 5.473 5.46 5.46 5.648 6.355 6.845 6.87 6.985 7.103 7.218 7.338 7.457 7.567 7.67 7.765 7.852 7.897 7.908 7.94 7.987 8.015 8.028 8.048 8.08 8.122 8.165 8.21 8.26
6.935 6.903 7.048 7.212 7.117 6.858 6.595 6.39 6.448 6.693 6.947 7.137 7.175 7.238 7.382 6.463 6.15 6.657 6.3 6.143 6.233 6.355 6.472 6.53 6.53 6.53 6.517 6.505 6.502 6.5 6.505 6.502 6.495 6.49 6.485 6.49 6.495 6.497 6.505 6.482 6.422 6.355 6.293 6.308 6.39 6.473 6.555 6.713 7.003 7.349 6.492 5.46 5.46 5.46 6.045 6.727 6.77 6.773 6.893 7.015 7.138 7.265 7.39 7.51 7.63 7.74 7.84 7.907 7.945 7.987 8.035 8.065 8.077 8.09 8.107 8.137 8.175 8.22 8.265
6.95 6.885 7 7.115 6.98 6.732 6.468 6.398 6.618 6.857 7.048 7.262 7.322 7.305 7.315 6.4 6.125 6.585 6.288 6.188 6.29 6.412 6.475 6.505 6.53 6.53 6.53 6.53 6.53 6.53 6.53 6.53 6.53 6.527 6.525 6.527 6.53 6.53 6.53 6.517 6.477 6.415 6.348 6.353 6.425 6.498 6.568 6.65 6.833 7.139 6.387 5.46 5.46 5.46 6.242 6.9 6.72 6.71 6.823 6.95 7.075 7.202 7.327 7.45 7.567 7.682 7.787 7.862 7.91 7.95 8.037 8.095 8.093 8.107 8.12 8.143 8.18 8.222 8.268
6.965 6.88 6.962 7.015 6.835 6.6 6.368 6.45 6.815 7.062 7.218 7.405 7.487 7.435 7.157 6.335 6.21 6.51 6.298 6.29 6.405 6.465 6.417 6.423 6.502 6.53 6.53 6.53 6.53 6.53 6.53 6.53 6.53 6.53 6.53 6.53 6.53 6.53 6.53 6.53 6.517 6.472 6.405 6.41 6.485 6.552 6.615 6.668 6.748 6.787 6.112 5.455 5.455 5.456 6.215 6.872 6.728 6.685 6.753 6.885 7.015 7.14 7.265 7.39 7.505 7.607 7.69 7.747 7.79 7.885 8.057 8.13 8.095 8.093 8.108 8.135 8.175 8.218 8.265
6.982 6.895 6.925 6.897 6.685 6.46 6.343 6.58 7.022 7.275 7.41 7.532 7.572 7.542 7 6.343 6.385 6.49 6.383 6.412 6.465 6.41 6.303 6.305 6.417 6.502 6.53 6.53 6.53 6.53 6.53 6.53 6.53 6.53 6.53 6.53 6.53 6.53 6.53 6.53 6.53 6.515 6.465 6.468 6.54 6.605 6.665 6.715 6.755 6.333 5.67 5.45 5.45 5.783 6.52 6.867 6.77 6.693 6.7 6.813 6.947 7.077 7.205 7.327 7.427 7.505 7.575 7.63 7.685 7.9 8.142 8.18 8.13 8.095 8.095 8.128 8.17 8.215 8.263
6.998 6.913 6.868 6.755 6.548 6.358 6.41 6.778 7.227 7.462 7.509 7.557 7.572 7.539 6.73 6.258 6.56 6.542 6.492 6.465 6.41 6.3 6.19 6.188 6.3 6.417 6.5 6.525 6.527 6.53 6.53 6.53 6.53 6.53 6.527 6.517 6.51 6.51 6.51 6.512 6.52 6.527 6.51 6.523 6.59 6.655 6.712 6.76 6.817 6.15 5.448 5.45 5.45 6.195 6.932 6.89 6.813 6.725 6.675 6.738 6.873 7.013 7.163 7.265 7.323 7.388 7.455 7.51 7.645 7.99 8.237 8.23 8.18 8.13 8.103 8.123 8.167 8.215 8.26
7.025 6.938 6.875 6.763 6.59 6.488 6.698 7.16 6.955 6.508 6.493 6.5 6.515 6.488 6.088 6.198 6.617 6.527 6.455 6.365 6.26 6.213 6.153 6.108 6.19 6.31 6.422 6.475 6.477 6.482 6.48 6.502 6.53 6.53 6.525 6.485 6.44 6.43 6.43 6.437 6.452 6.468 6.51 6.578 6.643 6.705 6.76 6.822 6.72 6.01 5.443 5.445 5.448 6.265 7.027 6.96 6.903 6.818 6.74 6.783 6.95 7.118 7.23 7.245 7.24 7.278 7.335 7.43 7.695 8.117 8.32 8.28 8.225 8.16 8.113 8.118 8.155 8.2 8.247
7.07 6.98 6.957 6.93 6.805 6.82 7.162 7.459 6.623 6.014 6.295 6.298 6.278 6.256 6.318 6.555 6.635 6.47 6.313 6.24 6.278 6.295 6.19 6.095 6.123 6.215 6.33 6.385 6.385 6.38 6.365 6.415 6.502 6.53 6.525 6.465 6.373 6.325 6.315 6.323 6.338 6.39 6.518 6.642 6.71 6.763 6.82 6.897 6.392 5.64 5.44 5.44 5.443 6.268 7.077 7.08 7.095 7.055 6.978 7.035 7.217 7.335 7.342 7.285 7.23 7.215 7.24 7.42 7.81 8.222 8.377 8.315 8.242 8.16 8.11 8.12 8.15 8.185 8.225
7.12 7.035 7.043 7.097 7.035 7.168 7.545 7.14 6.555 6.887 7.247 7.279 7.244 7.177 7.137 7.019 6.84 6.685 6.54 6.485 6.51 6.418 6.215 6.11 6.11 6.15 6.238 6.292 6.285 6.26 6.235 6.29 6.415 6.502 6.525 6.465 6.355 6.263 6.215 6.21 6.263 6.395 6.567 6.712 6.792 6.835 6.88 6.552 5.815 5.433 5.437 5.44 5.88 6.752 7.187 7.215 7.28 7.32 7.292 7.342 7.442 7.45 7.405 7.34 7.273 7.22 7.2 7.433 7.907 8.295 8.402 8.32 8.235 8.15 8.11 8.13 8.16 8.19 8.225
7.165 7.1 7.135 7.237 7.293 7.475 7.744 6.738 6.411 7.197 6.93 6.67 6.658 6.613 6.595 6.538 6.48 6.515 6.757 7.032 6.95 6.64 6.332 6.173 6.17 6.183 6.203 6.21 6.19 6.163 6.13 6.173 6.298 6.418 6.5 6.47 6.36 6.253 6.163 6.158 6.275 6.448 6.622 6.78 6.875 6.912 6.625 5.875 5.428 5.43 5.433 5.795 6.69 7.25 7.288 7.325 7.387 7.462 7.51 7.542 7.55 7.515 7.462 7.395 7.328 7.263 7.215 7.433 7.915 8.302 8.397 8.31 8.225 8.145 8.115 8.14 8.17 8.2 8.258
7.21 7.17 7.233 7.345 7.48 7.655 7.832 6.793 6.52 6.927 6.363 6.328 6.43 6.453 6.47 6.478 6.485 6.523 6.735 6.94 6.725 6.38 6.163 6.335 6.582 6.52 6.445 6.36 6.305 6.28 6.225 6.188 6.253 6.37 6.508 6.527 6.418 6.313 6.225 6.245 6.373 6.518 6.678 6.847 6.955 6.672 5.963 5.488 5.42 5.428 5.853 6.662 7.182 7.34 7.39 7.425 7.463 7.522 7.59 7.622 7.61 7.575 7.525 7.47 7.413 7.36 7.313 7.458 7.87 8.26 8.375 8.302 8.218 8.143 8.12 8.145 8.175 8.213 8.308
7.26 7.243 7.33 7.448 7.583 7.755 7.485 6.813 6.598 6.52 6.495 6.707 6.792 6.827 6.86 6.88 6.88 6.862 6.845 6.795 6.635 6.528 6.375 6.3 6.338 6.4 6.662 6.749 6.642 6.585 6.51 6.335 6.283 6.44 6.62 6.64 6.525 6.42 6.373 6.428 6.535 6.653 6.782 6.927 6.592 5.878 5.478 5.395 5.41 5.833 6.7 7.202 7.337 7.455 7.512 7.527 7.525 7.56 7.622 7.655 7.655 7.65 7.632 7.598 7.553 7.51 7.473 7.515 7.82 8.21 8.342 8.292 8.21 8.14 8.125 8.15 8.18 8.243 8.378
7.318 7.325 7.435 7.555 7.688 7.855 6.918 6.56 6.582 6.383 6.695 6.5 6.455 6.492 6.532 6.56 6.595 6.647 6.74 6.842 6.912 6.97 6.857 6.558 6.42 6.38 6.308 6.248 6.577 6.917 6.814 6.505 6.36 6.592 6.78 6.762 6.638 6.543 6.54 6.625 6.725 6.837 6.695 6.337 5.765 5.358 5.373 5.388 5.815 6.667 7.152 7.26 7.403 7.55 7.625 7.63 7.61 7.613 7.658 7.69 7.7 7.725 7.745 7.745 7.715 7.67 7.635 7.625 7.823 8.16 8.3 8.27 8.2 8.14 8.135 8.16 8.198 8.298 8.462
7.408 7.44 7.545 7.665 7.793 7.954 6.761 6.44 6.68 6.378 6.562 6.203 6.098 6.148 6.203 6.238 6.28 6.33 6.408 6.495 6.552 6.597 6.65 6.765 6.927 6.84 6.508 6.345 6.47 6.4 6.211 6.467 6.685 6.78 6.939 6.889 6.755 6.687 6.727 6.774 6.52 6.205 5.918 5.51 5.338 5.351 5.748 6.178 6.665 7.142 7.215 7.32 7.465 7.635 7.725 7.725 7.71 7.692 7.705 7.73 7.75 7.782 7.815 7.842 7.85 7.827 7.798 7.79 7.88 8.11 8.25 8.235 8.185 8.14 8.145 8.17 8.235 8.365 8.51
7.55 7.598 7.668 7.77 7.895 7.739 6.843 6.528 6.555 6.445 6.402 5.968 5.805 5.855 5.935 5.985 6.018 6.053 6.09 6.133 6.173 6.205 6.263 6.39 6.563 6.73 6.882 7.007 6.8 6.41 6.283 6.325 6.168 6.035 6.107 6.08 6.015 5.995 6.032 6.04 5.743 5.381 5.301 5.358 5.738 6.128 6.577 7.015 7.132 7.245 7.32 7.405 7.553 7.697 7.747 7.745 7.74 7.73 7.737 7.762 7.79 7.825 7.862 7.895 7.927 7.947 7.95 7.955 7.978 8.1 8.2 8.19 8.16 8.14 8.155 8.19 8.28 8.4 8.502
7.725 7.775 7.828 7.898 8 7.133 6.643 6.612 6.47 6.665 6.243 5.828 5.708 5.75 5.835 5.89 5.908 5.918 5.908 5.888 5.873 5.855 5.893 6.03 6.21 6.39 6.573 6.75 6.895 7.02 7.084 6.747 5.806 5.198 5.198 5.205 5.213 5.22 5.235 5.251 5.261 5.458 5.878 6.205 6.685 7.154 7.245 7.258 7.305 7.373 7.445 7.535 7.647 7.71 7.703 7.695 7.7 7.715 7.745 7.777 7.807 7.842 7.877 7.912 7.95 7.987 8.02 8.047 8.075 8.125 8.155 8.148 8.138 8.14 8.16 8.21 8.305 8.405 8.5
7.91 7.96 8.012 8.065 8.129 6.821 6.418 6.69 6.53 6.722 6.11 5.788 5.76 5.78 5.835 5.885 5.89 5.875 5.847 5.8 5.743 5.698 5.708 5.81 5.98 6.17 6.38 6.605 6.775 6.9 7.027 7.097 6.155 5.205 5.203 5.205 5.208 5.21 5.225 5.453 5.833 6.23 6.737 7.11 7.302 7.442 7.497 7.51 7.522 7.535 7.577 7.65 7.69 7.685 7.665 7.663 7.685 7.718 7.755 7.785 7.813 7.845 7.878 7.913 7.95 7.985 8.02 8.06 8.095 8.117 8.122 8.12 8.123 8.133 8.15 8.213 8.318 8.42 8.525
8.09 8.127 8.165 8.205 8.042 6.898 6.705 6.787 6.505 6.587 6.03 5.803 5.817 5.828 5.85 5.867 5.85 5.818 5.785 5.753 5.723 5.708 5.713 5.768 5.883 6.058 6.308 6.557 6.725 6.848 6.975 6.567 5.655 5.215 5.21 5.208 5.208 5.38 5.745 6.147 6.547 6.842 7.045 7.222 7.365 7.465 7.52 7.55 7.577 7.605 7.635 7.672 7.697 7.69 7.668 7.665 7.695 7.732 7.765 7.793 7.82 7.85 7.883 7.918 7.952 7.985 8.018 8.05 8.07 8.085 8.098 8.103 8.11 8.12 8.138 8.213 8.333 8.45 8.575
8.202 8.227 8.255 8.282 7.445 6.74 6.84 6.658 6.647 6.487 6.015 5.84 5.857 5.87 5.875 5.863 5.835 5.803 5.768 5.745 5.74 5.738 5.743 5.79 5.87 6.015 6.273 6.52 6.675 6.798 6.962 6.15 5.231 5.225 5.22 5.213 5.548 6.082 6.48 6.69 6.74 6.895 7.09 7.227 7.33 7.42 7.482 7.515 7.543 7.57 7.6 7.643 7.702 7.725 7.703 7.688 7.705 7.745 7.775 7.8 7.828 7.855 7.888 7.922 7.955 7.988 8.023 8.05 8.068 8.085 8.11 8.13 8.14 8.15 8.158 8.228 8.358 8.488 8.627
8.25 8.285 8.312 8.337 6.968 6.503 6.75 6.563 6.85 6.438 6.045 5.88 5.895 5.897 5.887 5.872 5.852 5.825 5.79 5.768 5.763 5.765 5.78 5.828 5.913 6.035 6.255 6.482 6.628 6.762 6.802 6.005 5.238 5.233 5.228 5.488 6.177 6.645 6.712 6.772 6.832 6.947 7.09 7.19 7.28 7.37 7.44 7.48 7.51 7.537 7.565 7.613 7.69 7.742 7.74 7.718 7.72 7.755 7.785 7.81 7.835 7.86 7.893 7.925 7.958 7.998 8.042 8.075 8.095 8.125 8.17 8.2 8.21 8.207 8.19 8.248 8.382 8.52 8.665
7.632 8.267 8.332 8.387 7.058 6.615 6.815 6.628 6.885 6.438 6.083 5.918 5.922 5.912 5.895 5.878 5.862 5.842 5.813 5.793 5.793 5.805 5.825 5.868 5.958 6.075 6.255 6.447 6.59 6.78 6.372 5.545 5.245 5.24 5.288 5.875 6.527 6.687 6.755 6.82 6.865 6.932 7.042 7.137 7.23 7.322 7.402 7.447 7.475 7.503 7.528 7.578 7.66 7.742 7.772 7.753 7.743 7.765 7.795 7.82 7.845 7.87 7.9 7.93 7.968 8.015 8.067 8.105 8.135 8.185 8.24 8.27 8.27 8.245 8.213 8.265 8.403 8.55 8.7
6.633 7.008 7.749 7.869 6.98 6.93 6.825 6.688 6.857 6.473 6.135 5.973 5.95 5.923 5.903 5.885 5.868 5.852 5.832 5.82 5.83 5.85 5.87 5.915 6.01 6.127 6.265 6.418 6.57 6.857 6.162 5.258 5.255 5.25 5.608 6.252 6.587 6.692 6.78 6.82 6.802 6.843 6.957 7.062 7.162 7.262 7.357 7.412 7.44 7.47 7.498 7.55 7.635 7.727 7.787 7.79 7.77 7.778 7.805 7.83 7.855 7.88 7.91 7.945 7.99 8.043 8.098 8.143 8.19 8.252 8.31 8.33 8.307 8.27 8.235 8.288 8.43 8.58 8.732
