EGM722_Project_Data/DTM_asc/TL4460.asc
ncols         200
nrows         200
xllcorner     544000.000
yllcorner     260000.000
cellsize      5
NODATA_value  -9999.0
[rows 32 to 63 of 200, columns 73 to 145 of 200]
13.165 13.228 13.397 13.567 13.727 13.827 13.815 13.755 13.702 13.648 13.603 13.575 13.52 13.393 13.278 13.22 13.18 13.208 13.292 13.367 13.42 13.458 13.48 13.49 13.503 13.51 13.502 13.485 13.465 13.445 13.425 13.395 13.343 13.288 13.243 13.2 13.165 13.153 13.165 13.187 13.215 13.217 13.187 13.15 13.118 13.113 13.145 13.195 13.2 13.145 13.078 13.015 12.955 12.953 13.01 13.062 13.105 13.148 13.205 13.28 13.36 13.39 13.35 13.3 13.278 13.26 13.235 13.215 13.195 13.17 13.14 13.113 13.085
13.143 13.223 13.382 13.532 13.675 13.747 13.702 13.623 13.565 13.515 13.48 13.463 13.433 13.373 13.308 13.253 13.203 13.225 13.3 13.355 13.408 13.463 13.505 13.523 13.525 13.525 13.513 13.49 13.47 13.45 13.433 13.413 13.378 13.338 13.303 13.265 13.223 13.195 13.205 13.232 13.262 13.272 13.245 13.202 13.155 13.135 13.165 13.202 13.182 13.12 13.06 13 12.948 12.953 13.01 13.07 13.12 13.17 13.24 13.32 13.4 13.43 13.392 13.335 13.282 13.25 13.235 13.222 13.205 13.18 13.15 13.118 13.088
13.118 13.203 13.333 13.468 13.605 13.665 13.605 13.51 13.44 13.408 13.4 13.403 13.405 13.38 13.332 13.282 13.23 13.24 13.303 13.358 13.42 13.49 13.552 13.582 13.583 13.57 13.545 13.518 13.493 13.473 13.465 13.46 13.44 13.405 13.37 13.33 13.27 13.228 13.228 13.25 13.282 13.297 13.272 13.225 13.175 13.155 13.185 13.21 13.172 13.105 13.045 12.983 12.94 12.958 13.013 13.075 13.137 13.203 13.28 13.36 13.44 13.462 13.405 13.33 13.258 13.213 13.2 13.2 13.215 13.212 13.185 13.15 13.115
13.11 13.183 13.283 13.405 13.537 13.582 13.51 13.423 13.368 13.36 13.38 13.4 13.41 13.387 13.343 13.305 13.275 13.28 13.328 13.388 13.453 13.52 13.592 13.645 13.657 13.64 13.61 13.583 13.558 13.535 13.528 13.527 13.51 13.475 13.432 13.375 13.303 13.263 13.26 13.268 13.29 13.307 13.287 13.242 13.195 13.173 13.197 13.222 13.182 13.1 13.03 12.968 12.933 12.96 13.015 13.075 13.153 13.24 13.325 13.405 13.485 13.507 13.43 13.32 13.218 13.158 13.163 13.2 13.247 13.26 13.237 13.21 13.175
13.108 13.18 13.265 13.365 13.477 13.507 13.445 13.39 13.36 13.363 13.385 13.405 13.417 13.41 13.385 13.365 13.358 13.37 13.4 13.44 13.49 13.553 13.627 13.695 13.725 13.71 13.683 13.66 13.64 13.618 13.6 13.595 13.58 13.54 13.477 13.4 13.33 13.298 13.295 13.295 13.303 13.317 13.302 13.26 13.215 13.19 13.203 13.222 13.202 13.123 13.028 12.953 12.925 12.96 13.03 13.11 13.193 13.278 13.363 13.448 13.53 13.572 13.51 13.378 13.265 13.208 13.21 13.26 13.305 13.305 13.285 13.265 13.24
13.105 13.18 13.265 13.355 13.42 13.457 13.457 13.425 13.403 13.403 13.42 13.437 13.435 13.427 13.435 13.445 13.455 13.472 13.492 13.51 13.533 13.583 13.655 13.727 13.772 13.77 13.752 13.74 13.725 13.705 13.685 13.67 13.642 13.585 13.507 13.425 13.36 13.333 13.33 13.33 13.33 13.332 13.315 13.275 13.233 13.208 13.213 13.23 13.235 13.185 13.083 12.975 12.943 13 13.093 13.19 13.27 13.34 13.415 13.495 13.575 13.637 13.602 13.5 13.433 13.39 13.36 13.358 13.365 13.355 13.332 13.31 13.29
13.103 13.178 13.265 13.327 13.323 13.387 13.487 13.485 13.465 13.468 13.482 13.48 13.445 13.415 13.425 13.455 13.485 13.517 13.54 13.552 13.565 13.605 13.675 13.737 13.777 13.777 13.752 13.74 13.732 13.72 13.707 13.692 13.66 13.602 13.53 13.45 13.39 13.37 13.37 13.37 13.362 13.347 13.332 13.305 13.265 13.24 13.245 13.263 13.27 13.27 13.21 13.088 13.038 13.095 13.19 13.282 13.36 13.43 13.5 13.57 13.64 13.7 13.69 13.632 13.587 13.542 13.497 13.455 13.423 13.398 13.373 13.35 13.33
13.1 13.175 13.237 13.232 13.178 13.258 13.452 13.532 13.525 13.53 13.532 13.5 13.448 13.4 13.39 13.418 13.453 13.495 13.535 13.562 13.583 13.625 13.682 13.717 13.745 13.745 13.708 13.675 13.658 13.648 13.642 13.627 13.595 13.552 13.5 13.443 13.413 13.407 13.405 13.395 13.367 13.343 13.345 13.345 13.315 13.29 13.295 13.305 13.298 13.327 13.337 13.255 13.203 13.228 13.293 13.375 13.45 13.52 13.582 13.637 13.692 13.737 13.745 13.71 13.66 13.607 13.558 13.52 13.485 13.448 13.415 13.39 13.37
13.097 13.147 13.142 13.087 13.023 13.1 13.332 13.522 13.585 13.577 13.552 13.505 13.452 13.398 13.368 13.383 13.418 13.458 13.505 13.55 13.585 13.625 13.66 13.68 13.705 13.717 13.69 13.643 13.603 13.573 13.558 13.533 13.488 13.445 13.415 13.415 13.435 13.435 13.415 13.385 13.348 13.328 13.34 13.362 13.357 13.34 13.34 13.34 13.325 13.35 13.412 13.412 13.387 13.395 13.417 13.465 13.522 13.58 13.63 13.672 13.717 13.755 13.772 13.752 13.705 13.653 13.608 13.58 13.552 13.515 13.473 13.435 13.41
13.11 13.088 13.008 12.93 12.865 12.938 13.168 13.422 13.585 13.597 13.555 13.505 13.455 13.403 13.355 13.348 13.38 13.423 13.468 13.512 13.552 13.585 13.61 13.632 13.66 13.685 13.672 13.628 13.583 13.54 13.503 13.458 13.403 13.35 13.338 13.38 13.425 13.43 13.4 13.36 13.323 13.308 13.328 13.36 13.382 13.385 13.377 13.367 13.353 13.373 13.447 13.507 13.517 13.515 13.512 13.525 13.56 13.605 13.65 13.695 13.74 13.775 13.795 13.787 13.75 13.703 13.668 13.643 13.617 13.582 13.538 13.495 13.46
13.16 13.09 12.975 12.873 12.798 12.885 13.148 13.397 13.527 13.542 13.522 13.495 13.455 13.405 13.353 13.323 13.34 13.385 13.43 13.465 13.492 13.52 13.547 13.575 13.605 13.645 13.66 13.63 13.588 13.545 13.495 13.435 13.378 13.323 13.288 13.283 13.307 13.332 13.327 13.31 13.29 13.288 13.315 13.353 13.39 13.41 13.405 13.39 13.375 13.393 13.46 13.54 13.572 13.567 13.558 13.553 13.578 13.625 13.67 13.715 13.76 13.792 13.81 13.815 13.795 13.758 13.73 13.707 13.685 13.652 13.613 13.578 13.543
13.23 13.16 13.045 12.943 12.893 13.018 13.307 13.445 13.417 13.415 13.422 13.422 13.407 13.382 13.35 13.31 13.305 13.342 13.38 13.405 13.425 13.45 13.48 13.515 13.563 13.617 13.647 13.637 13.602 13.557 13.505 13.448 13.398 13.35 13.285 13.215 13.178 13.178 13.188 13.198 13.233 13.28 13.32 13.36 13.4 13.422 13.42 13.41 13.41 13.433 13.48 13.552 13.605 13.612 13.6 13.583 13.598 13.645 13.69 13.735 13.78 13.81 13.825 13.835 13.83 13.805 13.775 13.747 13.722 13.71 13.702 13.68 13.65
13.297 13.23 13.128 13.073 13.08 13.222 13.392 13.347 13.265 13.275 13.285 13.292 13.295 13.295 13.287 13.267 13.265 13.29 13.315 13.338 13.36 13.383 13.42 13.478 13.547 13.602 13.625 13.63 13.612 13.57 13.518 13.468 13.425 13.38 13.317 13.24 13.16 13.103 13.083 13.115 13.203 13.282 13.332 13.377 13.42 13.438 13.44 13.453 13.478 13.508 13.533 13.575 13.632 13.652 13.635 13.618 13.623 13.66 13.708 13.755 13.8 13.83 13.842 13.847 13.845 13.825 13.792 13.757 13.725 13.73 13.757 13.767 13.757
13.357 13.31 13.255 13.26 13.29 13.352 13.29 13.15 13.125 13.135 13.145 13.155 13.162 13.165 13.168 13.19 13.225 13.248 13.263 13.283 13.303 13.333 13.393 13.467 13.54 13.585 13.6 13.612 13.612 13.582 13.538 13.495 13.455 13.41 13.352 13.28 13.198 13.12 13.093 13.138 13.218 13.285 13.338 13.39 13.44 13.473 13.498 13.53 13.562 13.592 13.615 13.638 13.673 13.688 13.67 13.653 13.648 13.675 13.725 13.773 13.817 13.845 13.85 13.85 13.845 13.825 13.792 13.757 13.725 13.73 13.765 13.8 13.82
13.377 13.382 13.385 13.405 13.427 13.33 13.1 12.983 12.988 12.995 13.005 13.015 13.025 13.045 13.08 13.14 13.202 13.227 13.233 13.245 13.26 13.3 13.375 13.45 13.517 13.557 13.57 13.585 13.592 13.587 13.565 13.525 13.482 13.437 13.385 13.315 13.233 13.178 13.185 13.22 13.255 13.303 13.36 13.415 13.468 13.517 13.56 13.597 13.635 13.675 13.707 13.733 13.758 13.76 13.738 13.713 13.688 13.698 13.748 13.798 13.842 13.865 13.863 13.858 13.85 13.827 13.79 13.753 13.723 13.73 13.765 13.792 13.807
13.337 13.377 13.417 13.44 13.435 13.207 12.923 12.868 12.888 12.908 12.93 12.953 12.975 13.005 13.055 13.125 13.19 13.215 13.213 13.215 13.228 13.273 13.347 13.417 13.48 13.522 13.54 13.55 13.55 13.557 13.567 13.547 13.507 13.465 13.415 13.347 13.278 13.258 13.282 13.297 13.305 13.34 13.4 13.452 13.5 13.55 13.595 13.637 13.682 13.732 13.782 13.827 13.87 13.875 13.84 13.8 13.755 13.74 13.78 13.835 13.88 13.897 13.89 13.872 13.84 13.81 13.785 13.75 13.72 13.73 13.757 13.765 13.757
13.27 13.305 13.362 13.417 13.372 13.13 12.898 12.863 12.893 12.923 12.955 12.99 13.025 13.05 13.075 13.12 13.177 13.205 13.2 13.193 13.2 13.245 13.313 13.375 13.435 13.482 13.507 13.51 13.5 13.503 13.525 13.542 13.53 13.492 13.442 13.383 13.34 13.34 13.35 13.347 13.348 13.38 13.437 13.487 13.533 13.58 13.627 13.673 13.718 13.77 13.83 13.89 13.94 13.95 13.922 13.882 13.835 13.803 13.823 13.872 13.915 13.93 13.91 13.865 13.8 13.76 13.75 13.735 13.718 13.72 13.728 13.72 13.703
13.21 13.238 13.293 13.375 13.355 13.195 13.025 12.96 12.978 13.003 13.03 13.063 13.087 13.105 13.122 13.143 13.175 13.198 13.198 13.195 13.21 13.25 13.298 13.343 13.39 13.44 13.467 13.463 13.453 13.458 13.48 13.51 13.527 13.512 13.47 13.425 13.405 13.403 13.398 13.393 13.39 13.418 13.47 13.52 13.567 13.613 13.66 13.707 13.755 13.81 13.867 13.917 13.955 13.965 13.95 13.922 13.887 13.855 13.86 13.9 13.94 13.947 13.903 13.833 13.76 13.715 13.71 13.72 13.725 13.723 13.715 13.705 13.688
13.183 13.208 13.283 13.395 13.425 13.337 13.188 13.08 13.07 13.095 13.12 13.145 13.145 13.145 13.165 13.182 13.2 13.213 13.218 13.233 13.265 13.303 13.338 13.37 13.403 13.438 13.455 13.453 13.45 13.46 13.485 13.513 13.538 13.542 13.51 13.49 13.49 13.478 13.468 13.46 13.458 13.478 13.515 13.555 13.6 13.648 13.693 13.74 13.79 13.842 13.89 13.925 13.955 13.967 13.952 13.927 13.902 13.878 13.875 13.905 13.945 13.957 13.917 13.85 13.778 13.733 13.735 13.755 13.768 13.768 13.76 13.75 13.735
13.18 13.218 13.34 13.485 13.515 13.455 13.347 13.215 13.163 13.188 13.212 13.217 13.19 13.178 13.195 13.217 13.237 13.248 13.26 13.29 13.332 13.37 13.405 13.44 13.465 13.475 13.48 13.487 13.49 13.5 13.525 13.552 13.575 13.582 13.56 13.568 13.592 13.583 13.57 13.568 13.58 13.6 13.623 13.65 13.683 13.72 13.755 13.785 13.817 13.855 13.89 13.92 13.95 13.967 13.955 13.93 13.905 13.88 13.875 13.9 13.937 13.96 13.952 13.91 13.843 13.795 13.8 13.825 13.835 13.832 13.825 13.815 13.797
13.185 13.245 13.407 13.562 13.585 13.532 13.467 13.36 13.278 13.28 13.295 13.272 13.228 13.213 13.23 13.253 13.272 13.288 13.315 13.355 13.398 13.437 13.475 13.502 13.512 13.512 13.513 13.52 13.528 13.54 13.562 13.585 13.607 13.62 13.618 13.65 13.69 13.695 13.698 13.71 13.732 13.755 13.772 13.782 13.785 13.787 13.79 13.792 13.81 13.842 13.88 13.915 13.945 13.965 13.957 13.932 13.908 13.883 13.873 13.895 13.927 13.945 13.952 13.945 13.902 13.855 13.86 13.89 13.895 13.88 13.86 13.85 13.837
13.208 13.278 13.47 13.627 13.65 13.597 13.545 13.48 13.4 13.368 13.357 13.315 13.265 13.25 13.27 13.29 13.31 13.338 13.378 13.423 13.465 13.505 13.535 13.545 13.545 13.545 13.545 13.55 13.56 13.57 13.588 13.612 13.64 13.658 13.683 13.737 13.787 13.81 13.822 13.837 13.855 13.862 13.837 13.805 13.785 13.767 13.755 13.75 13.77 13.812 13.857 13.897 13.932 13.96 13.96 13.935 13.91 13.888 13.87 13.885 13.915 13.93 13.938 13.945 13.937 13.912 13.912 13.922 13.907 13.88 13.86 13.86 13.857
13.235 13.298 13.495 13.655 13.682 13.632 13.582 13.537 13.482 13.44 13.405 13.355 13.298 13.278 13.3 13.323 13.353 13.408 13.477 13.533 13.573 13.595 13.593 13.583 13.578 13.575 13.575 13.58 13.587 13.593 13.608 13.632 13.66 13.688 13.73 13.79 13.847 13.887 13.905 13.917 13.932 13.917 13.848 13.773 13.74 13.73 13.725 13.725 13.74 13.778 13.823 13.865 13.905 13.94 13.952 13.937 13.913 13.89 13.868 13.875 13.902 13.915 13.923 13.93 13.94 13.94 13.93 13.912 13.885 13.863 13.858 13.865 13.867
13.255 13.303 13.472 13.62 13.657 13.622 13.58 13.542 13.512 13.485 13.445 13.387 13.315 13.29 13.32 13.348 13.39 13.47 13.57 13.657 13.725 13.74 13.695 13.648 13.625 13.618 13.61 13.61 13.615 13.62 13.633 13.65 13.675 13.71 13.755 13.81 13.872 13.93 13.965 13.982 13.995 13.965 13.885 13.813 13.785 13.783 13.785 13.805 13.813 13.79 13.795 13.835 13.877 13.912 13.93 13.93 13.915 13.892 13.868 13.87 13.89 13.9 13.907 13.912 13.92 13.925 13.912 13.888 13.865 13.858 13.863 13.87 13.875
13.273 13.308 13.435 13.555 13.612 13.6 13.565 13.54 13.528 13.515 13.475 13.405 13.325 13.298 13.332 13.37 13.423 13.512 13.617 13.72 13.815 13.852 13.812 13.752 13.702 13.675 13.658 13.643 13.643 13.65 13.66 13.673 13.693 13.728 13.778 13.835 13.898 13.962 14.017 14.045 14.052 14.012 13.943 13.908 13.9 13.9 13.92 13.972 13.997 13.94 13.875 13.845 13.853 13.885 13.9 13.907 13.905 13.89 13.87 13.865 13.875 13.883 13.885 13.885 13.888 13.89 13.885 13.868 13.855 13.86 13.87 13.877 13.882
13.288 13.298 13.383 13.483 13.565 13.587 13.57 13.56 13.552 13.54 13.492 13.415 13.333 13.303 13.338 13.383 13.445 13.535 13.632 13.725 13.817 13.865 13.845 13.805 13.757 13.725 13.707 13.683 13.67 13.675 13.685 13.692 13.702 13.74 13.8 13.862 13.925 13.987 14.05 14.097 14.105 14.07 14.038 14.025 14.018 14.028 14.073 14.137 14.192 14.175 14.088 13.99 13.92 13.885 13.873 13.88 13.883 13.875 13.865 13.865 13.873 13.875 13.875 13.873 13.87 13.87 13.87 13.863 13.86 13.868 13.875 13.883 13.89
13.303 13.293 13.353 13.448 13.54 13.59 13.592 13.585 13.577 13.557 13.502 13.425 13.34 13.308 13.342 13.382 13.435 13.52 13.617 13.71 13.802 13.842 13.815 13.788 13.778 13.767 13.747 13.717 13.688 13.673 13.67 13.672 13.68 13.71 13.767 13.837 13.907 13.975 14.045 14.115 14.155 14.155 14.145 14.135 14.128 14.162 14.235 14.302 14.367 14.39 14.33 14.215 14.075 13.96 13.908 13.888 13.87 13.875 13.908 13.928 13.93 13.928 13.925 13.923 13.92 13.92 13.918 13.91 13.9 13.89 13.89 13.898 13.905
13.328 13.325 13.368 13.45 13.537 13.592 13.612 13.61 13.6 13.567 13.505 13.432 13.35 13.313 13.342 13.37 13.4 13.483 13.592 13.692 13.785 13.817 13.798 13.795 13.81 13.81 13.782 13.74 13.695 13.665 13.645 13.633 13.633 13.648 13.69 13.755 13.827 13.905 13.99 14.095 14.192 14.23 14.225 14.215 14.205 14.222 14.29 14.382 14.472 14.55 14.527 14.385 14.21 14.078 14.013 13.97 13.935 13.958 14.017 14.037 14.033 14.028 14.023 14.02 14.02 14.017 14.012 14.002 13.983 13.96 13.948 13.94 13.935
13.365 13.375 13.398 13.458 13.535 13.585 13.62 13.632 13.615 13.567 13.502 13.435 13.358 13.32 13.335 13.348 13.365 13.438 13.552 13.663 13.762 13.807 13.813 13.83 13.85 13.847 13.81 13.757 13.708 13.675 13.65 13.625 13.608 13.603 13.628 13.675 13.735 13.825 13.945 14.09 14.217 14.27 14.275 14.272 14.258 14.235 14.253 14.338 14.452 14.565 14.605 14.505 14.33 14.193 14.125 14.09 14.07 14.1 14.14 14.142 14.137 14.132 14.125 14.12 14.117 14.112 14.107 14.097 14.08 14.06 14.04 14.02 13.992
13.41 13.425 13.44 13.475 13.528 13.573 13.615 13.645 13.627 13.565 13.498 13.433 13.363 13.32 13.318 13.325 13.338 13.398 13.513 13.64 13.75 13.812 13.842 13.867 13.89 13.877 13.828 13.773 13.723 13.688 13.66 13.638 13.62 13.608 13.623 13.658 13.708 13.808 13.953 14.11 14.245 14.305 14.315 14.327 14.32 14.288 14.263 14.283 14.368 14.472 14.555 14.565 14.45 14.31 14.24 14.215 14.21 14.232 14.252 14.247 14.242 14.235 14.227 14.222 14.215 14.205 14.197 14.19 14.177 14.157 14.127 14.092 14.045
13.465 13.478 13.493 13.508 13.533 13.573 13.615 13.657 13.65 13.585 13.515 13.448 13.388 13.353 13.345 13.348 13.345 13.393 13.515 13.647 13.745 13.807 13.857 13.895 13.92 13.907 13.855 13.793 13.738 13.703 13.68 13.668 13.66 13.655 13.673 13.705 13.76 13.865 14.003 14.148 14.28 14.35 14.37 14.397 14.405 14.373 14.33 14.298 14.31 14.378 14.455 14.525 14.52 14.427 14.365 14.355 14.35 14.347 14.345 14.335 14.325 14.312 14.302 14.292 14.272 14.25 14.24 14.24 14.252 14.235 14.18 14.13 14.075
13.523 13.535 13.545 13.55 13.563 13.593 13.63 13.675 13.68 13.625 13.555 13.493 13.453 13.438 13.43 13.415 13.383 13.42 13.547 13.657 13.73 13.79 13.852 13.905 13.937 13.935 13.895 13.835 13.775 13.738 13.72 13.713 13.708 13.705 13.725 13.76 13.828 13.945 14.08 14.21 14.325 14.4 14.442 14.482 14.505 14.485 14.435 14.383 14.335 14.348 14.41 14.473 14.522 14.512 14.475 14.457 14.435 14.412 14.4 14.385 14.37 14.357 14.342 14.32 14.277 14.243 14.243 14.268 14.315 14.312 14.233 14.16 14.105
