EGM722_Project_Data/DTM_asc/TL4461.asc
ncols         200
nrows         200
xllcorner     544000.000
yllcorner     261000.000
cellsize      5
NODATA_value  -9999.0
[rows 96 to 127 of 200, columns 73 to 145 of 200]
13.932 13.475 13.16 13.113 13.085 13.075 13.085 13.098 13.115 13.132 13.125 13.1 13.085 13.088 13.1 13.105 13.1 13.09 13.08 13.07 13.063 13.095 13.155 13.202 13.237 13.23 13.188 13.155 13.15 13.175 13.215 13.255 13.287 13.307 13.322 13.325 13.3 13.25 13.18 13.098 13.015 12.973 12.985 13.017 13.05 13.055 13.005 12.933 12.88 12.82 12.74 12.66 12.61 12.608 12.625 12.645 12.66 12.632 12.567 12.487 12.383 12.3 12.295 12.398 12.505 12.525 12.558 12.627 12.647 12.625 12.603 12.593 12.615
13.642 13.265 13.158 13.13 13.105 13.095 13.105 13.115 13.125 13.137 13.13 13.1 13.078 13.078 13.09 13.103 13.105 13.095 13.085 13.075 13.065 13.087 13.135 13.172 13.202 13.192 13.145 13.1 13.075 13.09 13.133 13.175 13.218 13.26 13.302 13.332 13.332 13.287 13.21 13.13 13.053 13.023 13.05 13.09 13.13 13.152 13.105 13 12.9 12.822 12.757 12.685 12.615 12.59 12.603 12.62 12.632 12.6 12.533 12.468 12.388 12.325 12.378 12.53 12.645 12.657 12.642 12.655 12.653 12.63 12.608 12.583 12.573
13.41 13.205 13.175 13.15 13.125 13.115 13.125 13.135 13.145 13.155 13.142 13.113 13.093 13.09 13.1 13.113 13.115 13.105 13.095 13.077 13.03 13.022 13.075 13.122 13.162 13.155 13.105 13.06 13.028 13.043 13.095 13.14 13.185 13.23 13.275 13.297 13.3 13.307 13.272 13.2 13.128 13.085 13.098 13.137 13.185 13.2 13.125 12.992 12.868 12.788 12.74 12.682 12.62 12.585 12.593 12.62 12.637 12.605 12.533 12.463 12.395 12.368 12.458 12.625 12.737 12.74 12.705 12.695 12.683 12.66 12.638 12.613 12.58
13.265 13.208 13.19 13.167 13.143 13.135 13.145 13.155 13.167 13.175 13.157 13.133 13.12 13.12 13.13 13.137 13.135 13.125 13.102 13.042 12.935 12.903 12.967 13.03 13.085 13.097 13.062 13.02 12.993 13.023 13.09 13.142 13.188 13.232 13.255 13.23 13.205 13.252 13.305 13.275 13.203 13.155 13.15 13.175 13.212 13.182 13.067 12.93 12.808 12.733 12.688 12.64 12.61 12.603 12.615 12.65 12.677 12.647 12.57 12.5 12.44 12.425 12.508 12.657 12.75 12.742 12.73 12.742 12.742 12.722 12.697 12.657 12.595
13.243 13.2 13.187 13.175 13.157 13.155 13.165 13.175 13.19 13.195 13.178 13.16 13.15 13.15 13.157 13.157 13.152 13.127 13.057 12.948 12.825 12.79 12.848 12.913 12.975 13.007 13 12.975 12.96 12.998 13.072 13.14 13.19 13.215 13.192 13.138 13.103 13.145 13.245 13.302 13.275 13.228 13.215 13.222 13.212 13.13 13 12.868 12.75 12.678 12.648 12.633 12.635 12.655 12.675 12.698 12.72 12.695 12.628 12.57 12.52 12.505 12.555 12.667 12.74 12.743 12.758 12.785 12.8 12.78 12.735 12.667 12.585
13.245 13.188 13.163 13.155 13.145 13.147 13.165 13.182 13.202 13.215 13.205 13.19 13.18 13.18 13.182 13.172 13.157 13.125 13.04 12.92 12.805 12.763 12.795 12.835 12.875 12.903 12.913 12.91 12.92 12.973 13.047 13.122 13.167 13.152 13.1 13.043 13 13.035 13.135 13.235 13.295 13.292 13.27 13.242 13.172 13.057 12.93 12.8 12.703 12.665 12.668 12.685 12.707 12.727 12.742 12.755 12.765 12.745 12.695 12.647 12.602 12.588 12.622 12.695 12.745 12.762 12.787 12.812 12.825 12.8 12.735 12.655 12.575
13.235 13.168 13.123 13.102 13.09 13.1 13.13 13.155 13.18 13.2 13.202 13.202 13.205 13.2 13.185 13.162 13.135 13.112 13.072 12.98 12.865 12.815 12.828 12.843 12.845 12.84 12.845 12.853 12.878 12.94 13.017 13.09 13.12 13.085 13.023 12.96 12.908 12.93 13.023 13.12 13.22 13.272 13.25 13.187 13.095 12.977 12.853 12.738 12.68 12.688 12.712 12.735 12.757 12.775 12.785 12.792 12.795 12.777 12.737 12.695 12.655 12.635 12.657 12.707 12.747 12.772 12.795 12.81 12.802 12.77 12.715 12.64 12.56
13.215 13.145 13.085 13.045 13.025 13.04 13.075 13.102 13.13 13.15 13.16 13.172 13.185 13.18 13.157 13.13 13.1 13.08 13.067 13.022 12.928 12.873 12.882 12.88 12.845 12.81 12.805 12.82 12.848 12.905 12.982 13.045 13.07 13.037 12.97 12.905 12.855 12.863 12.92 13 13.097 13.155 13.145 13.09 13.007 12.895 12.78 12.7 12.675 12.698 12.732 12.76 12.782 12.8 12.807 12.807 12.805 12.795 12.765 12.723 12.688 12.668 12.663 12.695 12.74 12.765 12.782 12.78 12.75 12.715 12.68 12.622 12.545
13.2 13.13 13.062 13.003 12.968 12.98 13.015 13.048 13.08 13.1 13.107 13.115 13.125 13.125 13.115 13.095 13.068 13.05 13.04 13.025 12.972 12.927 12.915 12.875 12.815 12.773 12.768 12.79 12.82 12.873 12.94 12.987 13.015 12.99 12.928 12.88 12.845 12.845 12.875 12.92 12.983 13.013 13.003 12.975 12.917 12.825 12.74 12.69 12.675 12.703 12.745 12.78 12.807 12.822 12.825 12.82 12.815 12.81 12.787 12.75 12.725 12.71 12.693 12.698 12.728 12.755 12.757 12.727 12.685 12.653 12.627 12.592 12.532
13.127 13.077 13.012 12.947 12.908 12.92 12.958 12.995 13.027 13.045 13.05 13.055 13.065 13.065 13.06 13.05 13.03 13.015 13.005 12.995 12.975 12.95 12.91 12.848 12.785 12.74 12.738 12.762 12.79 12.835 12.885 12.922 12.957 12.947 12.902 12.87 12.84 12.84 12.867 12.887 12.908 12.908 12.885 12.863 12.828 12.775 12.725 12.688 12.678 12.708 12.75 12.793 12.827 12.84 12.838 12.83 12.825 12.82 12.805 12.785 12.767 12.752 12.737 12.723 12.725 12.73 12.705 12.662 12.62 12.588 12.563 12.537 12.502
12.955 12.94 12.88 12.828 12.828 12.87 12.908 12.945 12.972 12.982 12.988 12.995 13.005 13.007 13.003 12.995 12.985 12.972 12.96 12.95 12.937 12.922 12.89 12.833 12.77 12.723 12.71 12.728 12.755 12.785 12.817 12.852 12.887 12.887 12.86 12.837 12.812 12.815 12.837 12.85 12.857 12.845 12.815 12.785 12.755 12.725 12.692 12.66 12.665 12.715 12.765 12.81 12.85 12.862 12.855 12.845 12.84 12.835 12.822 12.805 12.785 12.767 12.752 12.735 12.717 12.68 12.63 12.59 12.552 12.525 12.508 12.488 12.462
12.752 12.762 12.705 12.69 12.758 12.827 12.862 12.892 12.91 12.918 12.925 12.935 12.945 12.952 12.95 12.94 12.935 12.925 12.91 12.897 12.883 12.872 12.86 12.822 12.765 12.718 12.69 12.69 12.712 12.728 12.745 12.775 12.802 12.8 12.775 12.755 12.738 12.755 12.787 12.8 12.805 12.79 12.76 12.73 12.7 12.67 12.64 12.61 12.63 12.705 12.777 12.835 12.877 12.887 12.875 12.865 12.858 12.85 12.832 12.805 12.778 12.753 12.733 12.717 12.695 12.638 12.563 12.508 12.475 12.463 12.457 12.447 12.425
12.55 12.577 12.56 12.608 12.71 12.782 12.815 12.835 12.845 12.855 12.865 12.877 12.89 12.897 12.898 12.89 12.885 12.878 12.863 12.845 12.83 12.82 12.812 12.797 12.757 12.715 12.685 12.665 12.67 12.677 12.678 12.695 12.717 12.71 12.68 12.653 12.635 12.665 12.72 12.75 12.755 12.735 12.705 12.675 12.645 12.615 12.585 12.56 12.59 12.673 12.757 12.835 12.897 12.915 12.9 12.887 12.875 12.862 12.84 12.81 12.78 12.75 12.723 12.7 12.675 12.615 12.525 12.448 12.41 12.403 12.4 12.395 12.382
12.34 12.405 12.465 12.555 12.66 12.735 12.762 12.775 12.79 12.808 12.813 12.818 12.832 12.845 12.85 12.848 12.845 12.838 12.82 12.798 12.778 12.77 12.765 12.76 12.745 12.715 12.685 12.655 12.64 12.633 12.623 12.625 12.63 12.615 12.59 12.573 12.563 12.588 12.64 12.688 12.702 12.68 12.65 12.62 12.593 12.565 12.535 12.525 12.573 12.658 12.743 12.825 12.887 12.9 12.885 12.875 12.867 12.862 12.845 12.817 12.79 12.757 12.725 12.695 12.67 12.618 12.535 12.453 12.4 12.383 12.37 12.358 12.348
12.288 12.373 12.458 12.543 12.627 12.687 12.712 12.728 12.75 12.772 12.765 12.753 12.765 12.8 12.832 12.84 12.84 12.823 12.788 12.758 12.735 12.733 12.74 12.74 12.735 12.715 12.685 12.66 12.64 12.62 12.605 12.595 12.593 12.588 12.575 12.57 12.57 12.59 12.63 12.668 12.67 12.638 12.605 12.578 12.553 12.525 12.503 12.515 12.578 12.662 12.745 12.807 12.84 12.84 12.823 12.812 12.81 12.822 12.835 12.822 12.795 12.763 12.73 12.705 12.692 12.655 12.582 12.5 12.433 12.4 12.38 12.363 12.342
12.392 12.47 12.537 12.59 12.615 12.637 12.67 12.695 12.717 12.732 12.715 12.688 12.693 12.75 12.827 12.862 12.862 12.832 12.775 12.73 12.705 12.703 12.72 12.735 12.735 12.717 12.693 12.673 12.655 12.637 12.62 12.608 12.61 12.625 12.635 12.632 12.633 12.655 12.687 12.695 12.665 12.615 12.57 12.54 12.515 12.485 12.483 12.52 12.583 12.662 12.727 12.76 12.78 12.78 12.76 12.74 12.73 12.748 12.785 12.81 12.8 12.77 12.745 12.733 12.732 12.705 12.632 12.548 12.468 12.42 12.402 12.382 12.342
12.5 12.57 12.605 12.602 12.575 12.575 12.617 12.657 12.685 12.69 12.665 12.628 12.628 12.695 12.795 12.867 12.887 12.852 12.783 12.718 12.675 12.668 12.688 12.712 12.725 12.72 12.707 12.69 12.67 12.655 12.643 12.633 12.63 12.65 12.68 12.692 12.698 12.717 12.727 12.705 12.667 12.612 12.553 12.508 12.475 12.458 12.48 12.53 12.587 12.645 12.68 12.7 12.72 12.72 12.7 12.675 12.655 12.663 12.7 12.752 12.785 12.782 12.772 12.772 12.777 12.752 12.68 12.592 12.508 12.448 12.42 12.382 12.323
12.562 12.597 12.58 12.54 12.503 12.508 12.555 12.605 12.647 12.65 12.615 12.575 12.573 12.643 12.745 12.84 12.895 12.87 12.797 12.722 12.658 12.638 12.655 12.677 12.695 12.7 12.697 12.692 12.685 12.675 12.667 12.66 12.655 12.67 12.702 12.735 12.755 12.76 12.74 12.702 12.665 12.612 12.55 12.493 12.445 12.443 12.485 12.535 12.58 12.605 12.62 12.64 12.66 12.66 12.64 12.615 12.595 12.595 12.628 12.685 12.74 12.757 12.75 12.752 12.755 12.732 12.675 12.602 12.53 12.47 12.422 12.365 12.3
12.535 12.545 12.505 12.468 12.445 12.463 12.51 12.56 12.61 12.615 12.575 12.543 12.55 12.623 12.725 12.825 12.882 12.852 12.777 12.702 12.633 12.608 12.627 12.645 12.655 12.66 12.66 12.665 12.67 12.667 12.667 12.667 12.665 12.67 12.69 12.72 12.747 12.757 12.735 12.695 12.655 12.605 12.545 12.485 12.435 12.435 12.48 12.527 12.56 12.573 12.58 12.59 12.6 12.598 12.585 12.575 12.57 12.57 12.59 12.638 12.692 12.702 12.678 12.668 12.667 12.647 12.597 12.542 12.49 12.445 12.4 12.342 12.278
12.465 12.477 12.44 12.415 12.413 12.433 12.475 12.53 12.585 12.59 12.558 12.548 12.57 12.64 12.74 12.817 12.837 12.795 12.723 12.653 12.593 12.578 12.6 12.61 12.615 12.62 12.62 12.625 12.63 12.63 12.635 12.637 12.632 12.625 12.625 12.643 12.673 12.702 12.71 12.685 12.645 12.595 12.535 12.48 12.438 12.433 12.47 12.512 12.54 12.555 12.562 12.565 12.563 12.56 12.56 12.565 12.57 12.57 12.573 12.598 12.647 12.657 12.623 12.595 12.585 12.557 12.508 12.463 12.42 12.385 12.352 12.31 12.253
12.403 12.41 12.388 12.383 12.385 12.4 12.443 12.505 12.562 12.573 12.565 12.58 12.605 12.665 12.745 12.777 12.765 12.727 12.668 12.608 12.56 12.55 12.565 12.57 12.573 12.577 12.58 12.585 12.59 12.59 12.59 12.585 12.583 12.583 12.585 12.598 12.613 12.628 12.65 12.66 12.635 12.585 12.53 12.485 12.445 12.43 12.458 12.492 12.517 12.535 12.545 12.55 12.55 12.553 12.558 12.565 12.57 12.57 12.565 12.57 12.602 12.61 12.575 12.54 12.518 12.483 12.438 12.4 12.363 12.328 12.295 12.262 12.222
12.375 12.365 12.358 12.36 12.36 12.375 12.423 12.49 12.547 12.575 12.592 12.617 12.645 12.687 12.717 12.71 12.69 12.662 12.62 12.57 12.533 12.523 12.528 12.53 12.53 12.535 12.54 12.545 12.548 12.55 12.558 12.56 12.57 12.588 12.603 12.615 12.615 12.608 12.613 12.623 12.615 12.58 12.535 12.495 12.458 12.433 12.44 12.468 12.495 12.515 12.525 12.533 12.54 12.547 12.553 12.56 12.565 12.565 12.562 12.558 12.565 12.557 12.517 12.48 12.465 12.437 12.385 12.34 12.305 12.272 12.24 12.21 12.185
12.398 12.378 12.363 12.363 12.365 12.378 12.42 12.485 12.545 12.582 12.607 12.635 12.665 12.68 12.662 12.635 12.615 12.595 12.58 12.55 12.518 12.528 12.545 12.545 12.545 12.548 12.55 12.545 12.533 12.54 12.562 12.578 12.593 12.61 12.628 12.645 12.652 12.645 12.635 12.625 12.625 12.61 12.57 12.533 12.49 12.45 12.458 12.48 12.485 12.495 12.508 12.52 12.53 12.54 12.547 12.552 12.55 12.545 12.542 12.537 12.522 12.487 12.445 12.42 12.425 12.407 12.35 12.295 12.25 12.215 12.193 12.175 12.16
12.455 12.435 12.4 12.388 12.39 12.403 12.435 12.488 12.545 12.58 12.603 12.63 12.66 12.657 12.613 12.568 12.54 12.52 12.527 12.53 12.513 12.548 12.602 12.62 12.62 12.62 12.61 12.575 12.535 12.54 12.572 12.597 12.617 12.635 12.655 12.672 12.685 12.685 12.675 12.67 12.68 12.67 12.632 12.59 12.515 12.463 12.495 12.542 12.548 12.52 12.503 12.51 12.52 12.53 12.537 12.535 12.522 12.512 12.505 12.487 12.45 12.403 12.378 12.383 12.4 12.382 12.325 12.265 12.215 12.183 12.168 12.16 12.15
12.525 12.502 12.458 12.425 12.415 12.43 12.46 12.498 12.545 12.58 12.6 12.623 12.647 12.64 12.587 12.525 12.475 12.445 12.46 12.492 12.505 12.55 12.627 12.68 12.695 12.687 12.65 12.582 12.525 12.525 12.565 12.602 12.635 12.66 12.68 12.697 12.715 12.722 12.715 12.72 12.74 12.732 12.69 12.615 12.503 12.46 12.515 12.59 12.642 12.617 12.553 12.518 12.515 12.52 12.517 12.505 12.488 12.475 12.455 12.415 12.365 12.333 12.335 12.355 12.375 12.357 12.303 12.253 12.215 12.19 12.173 12.16 12.15
12.592 12.567 12.525 12.482 12.453 12.46 12.49 12.52 12.552 12.58 12.6 12.62 12.64 12.627 12.572 12.505 12.44 12.39 12.395 12.445 12.493 12.555 12.635 12.71 12.747 12.722 12.657 12.58 12.515 12.51 12.55 12.59 12.63 12.667 12.695 12.717 12.74 12.752 12.757 12.775 12.8 12.787 12.715 12.602 12.488 12.468 12.538 12.613 12.687 12.697 12.627 12.56 12.528 12.515 12.505 12.493 12.475 12.455 12.423 12.378 12.335 12.318 12.325 12.335 12.348 12.338 12.3 12.265 12.235 12.21 12.19 12.193 12.22
12.592 12.587 12.565 12.522 12.483 12.48 12.51 12.535 12.552 12.575 12.6 12.62 12.64 12.622 12.56 12.493 12.428 12.378 12.395 12.458 12.52 12.595 12.678 12.747 12.772 12.73 12.653 12.578 12.508 12.495 12.535 12.578 12.62 12.662 12.695 12.72 12.747 12.762 12.772 12.792 12.817 12.795 12.7 12.578 12.483 12.485 12.56 12.638 12.715 12.727 12.665 12.605 12.565 12.545 12.535 12.525 12.505 12.475 12.44 12.4 12.365 12.348 12.35 12.355 12.363 12.373 12.355 12.303 12.255 12.245 12.263 12.308 12.37
12.528 12.545 12.557 12.535 12.495 12.49 12.515 12.527 12.533 12.555 12.592 12.62 12.64 12.62 12.555 12.488 12.42 12.393 12.453 12.532 12.595 12.67 12.737 12.775 12.775 12.727 12.65 12.573 12.5 12.485 12.528 12.573 12.617 12.657 12.685 12.708 12.735 12.747 12.742 12.745 12.765 12.742 12.65 12.538 12.483 12.515 12.585 12.665 12.742 12.75 12.693 12.65 12.625 12.61 12.6 12.582 12.55 12.515 12.48 12.44 12.405 12.378 12.383 12.405 12.423 12.452 12.465 12.43 12.37 12.365 12.42 12.485 12.542
12.46 12.48 12.51 12.522 12.503 12.498 12.51 12.51 12.508 12.528 12.572 12.61 12.635 12.615 12.55 12.483 12.415 12.413 12.502 12.597 12.672 12.732 12.76 12.77 12.767 12.725 12.65 12.57 12.495 12.475 12.517 12.567 12.612 12.65 12.675 12.695 12.717 12.722 12.703 12.685 12.69 12.67 12.585 12.52 12.535 12.585 12.64 12.7 12.767 12.78 12.74 12.713 12.69 12.675 12.66 12.63 12.59 12.555 12.52 12.48 12.445 12.408 12.41 12.452 12.487 12.525 12.56 12.58 12.565 12.565 12.592 12.615 12.657
12.388 12.41 12.443 12.478 12.498 12.503 12.503 12.498 12.488 12.505 12.55 12.593 12.63 12.612 12.545 12.48 12.418 12.438 12.547 12.655 12.725 12.75 12.755 12.76 12.762 12.725 12.65 12.57 12.495 12.463 12.495 12.555 12.607 12.642 12.665 12.685 12.702 12.697 12.67 12.643 12.628 12.6 12.563 12.578 12.625 12.665 12.702 12.74 12.787 12.805 12.787 12.772 12.755 12.735 12.707 12.67 12.63 12.595 12.56 12.517 12.472 12.425 12.433 12.495 12.545 12.585 12.62 12.655 12.67 12.662 12.652 12.637 12.668
12.38 12.408 12.445 12.485 12.52 12.533 12.53 12.525 12.503 12.503 12.54 12.585 12.632 12.622 12.555 12.49 12.43 12.458 12.575 12.682 12.737 12.748 12.753 12.758 12.765 12.727 12.645 12.567 12.493 12.455 12.485 12.548 12.602 12.637 12.66 12.68 12.695 12.685 12.655 12.625 12.598 12.565 12.568 12.61 12.645 12.675 12.707 12.742 12.777 12.795 12.79 12.785 12.775 12.757 12.74 12.71 12.67 12.63 12.585 12.535 12.482 12.433 12.45 12.53 12.592 12.635 12.67 12.695 12.682 12.643 12.618 12.603 12.638
12.45 12.48 12.517 12.55 12.575 12.587 12.59 12.572 12.533 12.52 12.548 12.588 12.635 12.635 12.575 12.513 12.458 12.48 12.582 12.67 12.727 12.752 12.758 12.768 12.782 12.74 12.645 12.563 12.488 12.46 12.498 12.55 12.595 12.627 12.652 12.675 12.692 12.685 12.655 12.625 12.598 12.57 12.558 12.575 12.605 12.638 12.673 12.708 12.742 12.762 12.76 12.752 12.74 12.73 12.73 12.717 12.687 12.645 12.592 12.54 12.488 12.445 12.473 12.56 12.635 12.685 12.72 12.717 12.67 12.618 12.583 12.568 12.61
