EGM722_Project_Data/DTM_asc/TL4459.asc
ncols         200
nrows         200
xllcorner     544000.000
yllcorner     259000.000
cellsize      5
NODATA_value  -9999.0
[rows 32 to 63 of 200, columns 73 to 145 of 200]
18.448 18.513 18.665 18.845 18.982 19.082 19.165 19.24 19.315 19.39 19.457 19.522 19.57 19.587 19.575 19.542 19.51 19.498 19.505 19.507 19.497 19.445 19.352 19.247 19.135 19.025 18.918 18.828 18.77 18.738 18.712 18.685 18.66 18.66 18.672 18.67 18.667 18.672 18.677 18.695 18.717 18.685 18.602 18.528 18.47 18.443 18.44 18.425 18.398 18.373 18.345 18.317 18.27 18.205 18.145 18.087 18.032 17.972 17.908 17.85 17.805 17.765 17.627 17.435 17.308 17.218 17.145 17.075 17.007 16.942 16.87 16.79 16.705
18.458 18.548 18.712 18.895 19.052 19.155 19.232 19.315 19.397 19.477 19.552 19.622 19.667 19.667 19.637 19.6 19.565 19.547 19.54 19.527 19.51 19.475 19.407 19.317 19.22 19.117 19.01 18.902 18.813 18.763 18.735 18.705 18.683 18.685 18.705 18.722 18.735 18.75 18.767 18.785 18.795 18.75 18.66 18.573 18.515 18.5 18.5 18.49 18.468 18.44 18.412 18.375 18.282 18.18 18.115 18.055 17.997 17.937 17.872 17.81 17.753 17.695 17.577 17.425 17.305 17.215 17.142 17.067 16.995 16.92 16.84 16.758 16.675
18.535 18.605 18.743 18.92 19.075 19.162 19.225 19.31 19.4 19.487 19.567 19.64 19.685 19.68 19.652 19.622 19.592 19.575 19.555 19.53 19.51 19.487 19.437 19.357 19.272 19.175 19.065 18.96 18.858 18.788 18.755 18.725 18.698 18.693 18.71 18.727 18.743 18.765 18.792 18.82 18.822 18.762 18.668 18.595 18.565 18.56 18.56 18.557 18.54 18.513 18.485 18.412 18.28 18.16 18.085 18.025 17.957 17.89 17.827 17.765 17.71 17.647 17.545 17.415 17.298 17.208 17.13 17.05 16.972 16.895 16.815 16.733 16.65
18.665 18.713 18.798 18.945 19.097 19.177 19.22 19.288 19.375 19.462 19.54 19.607 19.652 19.65 19.625 19.603 19.585 19.575 19.555 19.53 19.51 19.49 19.457 19.395 19.31 19.205 19.088 18.98 18.883 18.815 18.778 18.745 18.715 18.703 18.715 18.732 18.748 18.765 18.788 18.815 18.802 18.733 18.665 18.638 18.63 18.623 18.62 18.62 18.607 18.585 18.537 18.425 18.273 18.138 18.053 17.99 17.91 17.833 17.778 17.73 17.688 17.627 17.522 17.4 17.293 17.2 17.113 17.03 16.95 16.87 16.79 16.71 16.63
18.797 18.847 18.903 18.995 19.122 19.202 19.238 19.283 19.353 19.435 19.507 19.567 19.615 19.62 19.6 19.588 19.58 19.572 19.552 19.53 19.51 19.49 19.47 19.432 19.35 19.235 19.115 19.003 18.908 18.845 18.805 18.768 18.735 18.718 18.723 18.738 18.753 18.768 18.785 18.81 18.79 18.735 18.71 18.702 18.697 18.69 18.685 18.682 18.675 18.647 18.56 18.42 18.267 18.12 18.02 17.945 17.855 17.79 17.752 17.717 17.682 17.612 17.498 17.383 17.285 17.192 17.1 17.012 16.93 16.85 16.767 16.685 16.605
18.9 18.96 19.017 19.082 19.165 19.227 19.262 19.297 19.343 19.405 19.47 19.525 19.577 19.597 19.59 19.585 19.58 19.57 19.55 19.53 19.51 19.49 19.472 19.442 19.362 19.247 19.132 19.02 18.933 18.88 18.843 18.805 18.77 18.74 18.73 18.745 18.76 18.773 18.788 18.802 18.787 18.762 18.752 18.737 18.727 18.717 18.707 18.71 18.72 18.677 18.555 18.405 18.255 18.105 17.985 17.89 17.795 17.743 17.72 17.695 17.667 17.595 17.475 17.358 17.26 17.17 17.08 16.99 16.897 16.81 16.727 16.647 16.57
18.942 19.015 19.08 19.145 19.192 19.225 19.262 19.297 19.33 19.373 19.427 19.48 19.532 19.565 19.572 19.575 19.577 19.57 19.55 19.53 19.51 19.487 19.465 19.427 19.345 19.235 19.123 19.028 18.975 18.943 18.908 18.873 18.835 18.783 18.748 18.753 18.767 18.78 18.792 18.79 18.77 18.755 18.74 18.722 18.707 18.69 18.68 18.692 18.705 18.64 18.497 18.345 18.195 18.045 17.923 17.827 17.735 17.68 17.66 17.64 17.615 17.555 17.45 17.33 17.225 17.135 17.045 16.95 16.845 16.748 16.667 16.592 16.515
18.96 19.035 19.1 19.15 19.172 19.195 19.235 19.27 19.298 19.335 19.383 19.432 19.482 19.512 19.525 19.537 19.552 19.552 19.537 19.52 19.502 19.48 19.45 19.405 19.32 19.21 19.11 19.055 19.04 19.022 18.992 18.957 18.902 18.83 18.78 18.765 18.773 18.785 18.785 18.757 18.728 18.712 18.698 18.685 18.67 18.65 18.647 18.655 18.645 18.56 18.405 18.25 18.1 17.953 17.84 17.757 17.673 17.62 17.595 17.565 17.535 17.485 17.405 17.297 17.19 17.1 17.005 16.9 16.79 16.688 16.603 16.525 16.445
18.983 19.055 19.112 19.135 19.14 19.165 19.202 19.235 19.26 19.295 19.34 19.388 19.435 19.46 19.473 19.49 19.51 19.517 19.51 19.497 19.485 19.465 19.43 19.377 19.29 19.193 19.133 19.115 19.11 19.097 19.075 19.035 18.955 18.873 18.825 18.793 18.783 18.782 18.76 18.715 18.683 18.668 18.655 18.642 18.628 18.613 18.607 18.597 18.572 18.48 18.32 18.163 18.01 17.87 17.763 17.68 17.608 17.56 17.525 17.488 17.455 17.405 17.335 17.252 17.157 17.06 16.955 16.845 16.735 16.628 16.535 16.455 16.375
19.023 19.075 19.112 19.107 19.108 19.132 19.165 19.195 19.223 19.258 19.302 19.347 19.387 19.412 19.43 19.45 19.47 19.482 19.48 19.472 19.465 19.445 19.41 19.352 19.27 19.21 19.19 19.182 19.177 19.17 19.152 19.097 18.998 18.918 18.875 18.835 18.797 18.762 18.722 18.675 18.64 18.625 18.615 18.603 18.59 18.575 18.555 18.53 18.497 18.4 18.238 18.075 17.92 17.788 17.69 17.618 17.56 17.515 17.475 17.435 17.395 17.335 17.26 17.19 17.107 17.007 16.9 16.79 16.68 16.57 16.473 16.39 16.31
19.072 19.082 19.09 19.073 19.073 19.095 19.125 19.155 19.185 19.22 19.265 19.307 19.337 19.36 19.382 19.405 19.425 19.445 19.45 19.442 19.432 19.412 19.385 19.337 19.285 19.265 19.257 19.24 19.225 19.212 19.195 19.14 19.04 18.968 18.93 18.872 18.79 18.718 18.67 18.63 18.608 18.6 18.59 18.58 18.565 18.537 18.505 18.473 18.435 18.332 18.165 17.998 17.835 17.71 17.635 17.58 17.53 17.483 17.44 17.4 17.352 17.277 17.193 17.12 17.04 16.945 16.84 16.732 16.625 16.515 16.413 16.328 16.255
19.077 19.06 19.048 19.035 19.038 19.058 19.085 19.115 19.145 19.18 19.222 19.257 19.28 19.3 19.325 19.35 19.373 19.4 19.41 19.397 19.382 19.365 19.345 19.317 19.295 19.285 19.27 19.247 19.222 19.2 19.18 19.147 19.082 19.015 18.95 18.855 18.745 18.66 18.61 18.585 18.585 18.587 18.58 18.565 18.537 18.5 18.465 18.427 18.385 18.29 18.13 17.96 17.775 17.643 17.592 17.55 17.5 17.45 17.405 17.365 17.31 17.225 17.13 17.05 16.972 16.877 16.77 16.665 16.56 16.453 16.355 16.278 16.218
19.032 19.018 19.008 19 19.005 19.025 19.048 19.075 19.105 19.14 19.175 19.2 19.22 19.243 19.268 19.293 19.32 19.35 19.36 19.345 19.328 19.31 19.29 19.267 19.247 19.237 19.227 19.21 19.187 19.165 19.142 19.117 19.08 19.012 18.912 18.8 18.688 18.6 18.56 18.555 18.565 18.572 18.565 18.537 18.5 18.46 18.423 18.38 18.335 18.26 18.12 17.932 17.715 17.57 17.532 17.507 17.467 17.422 17.378 17.335 17.27 17.175 17.075 16.985 16.905 16.81 16.703 16.598 16.498 16.408 16.325 16.253 16.192
18.975 18.975 18.972 18.968 18.973 18.993 19.015 19.038 19.065 19.097 19.125 19.145 19.165 19.193 19.223 19.25 19.28 19.297 19.3 19.292 19.275 19.255 19.232 19.205 19.178 19.165 19.165 19.155 19.132 19.107 19.08 19.05 19.02 18.955 18.85 18.74 18.63 18.55 18.525 18.527 18.532 18.532 18.515 18.487 18.462 18.428 18.385 18.34 18.295 18.232 18.09 17.87 17.635 17.49 17.453 17.438 17.415 17.387 17.35 17.3 17.225 17.125 17.025 16.928 16.838 16.74 16.64 16.55 16.465 16.39 16.315 16.24 16.17
18.918 18.935 18.937 18.935 18.94 18.958 18.982 19.005 19.03 19.06 19.085 19.108 19.133 19.163 19.195 19.215 19.225 19.222 19.22 19.225 19.217 19.2 19.172 19.14 19.107 19.08 19.072 19.07 19.05 19.02 18.99 18.965 18.945 18.882 18.777 18.67 18.56 18.493 18.48 18.477 18.472 18.458 18.443 18.435 18.427 18.412 18.382 18.34 18.295 18.215 18.042 17.81 17.575 17.435 17.398 17.378 17.358 17.335 17.307 17.257 17.175 17.075 16.975 16.875 16.78 16.688 16.6 16.525 16.45 16.372 16.297 16.222 16.147
18.873 18.895 18.9 18.903 18.91 18.925 18.948 18.972 18.998 19.028 19.057 19.085 19.115 19.14 19.152 19.15 19.14 19.13 19.128 19.135 19.135 19.115 19.082 19.047 19.01 18.978 18.968 18.97 18.957 18.93 18.903 18.885 18.872 18.81 18.702 18.592 18.475 18.415 18.415 18.408 18.4 18.395 18.395 18.395 18.39 18.39 18.385 18.362 18.315 18.192 17.99 17.765 17.535 17.403 17.373 17.347 17.32 17.287 17.252 17.2 17.115 17.015 16.915 16.815 16.72 16.64 16.57 16.5 16.425 16.345 16.27 16.195 16.12
18.84 18.853 18.86 18.87 18.88 18.895 18.915 18.94 18.965 18.993 19.027 19.06 19.09 19.1 19.083 19.06 19.045 19.035 19.033 19.04 19.032 19 18.965 18.93 18.89 18.863 18.86 18.867 18.862 18.84 18.82 18.81 18.797 18.737 18.625 18.503 18.388 18.34 18.348 18.35 18.355 18.365 18.365 18.353 18.345 18.348 18.355 18.357 18.3 18.142 17.932 17.715 17.498 17.375 17.345 17.312 17.275 17.235 17.19 17.132 17.05 16.95 16.85 16.75 16.655 16.578 16.515 16.452 16.385 16.312 16.24 16.165 16.09
18.807 18.818 18.83 18.845 18.853 18.86 18.878 18.907 18.935 18.96 18.993 19.027 19.06 19.062 19.035 19.005 18.978 18.955 18.945 18.94 18.918 18.88 18.843 18.808 18.773 18.75 18.75 18.76 18.765 18.755 18.743 18.735 18.722 18.665 18.553 18.43 18.325 18.29 18.305 18.32 18.335 18.337 18.327 18.31 18.3 18.305 18.315 18.302 18.205 18.027 17.83 17.627 17.443 17.34 17.297 17.255 17.21 17.163 17.117 17.065 16.985 16.885 16.785 16.685 16.59 16.513 16.45 16.388 16.325 16.262 16.197 16.13 16.06
18.79 18.795 18.81 18.822 18.825 18.825 18.833 18.863 18.9 18.93 18.96 18.993 19.027 19.037 19.015 18.985 18.945 18.908 18.883 18.853 18.82 18.785 18.748 18.715 18.683 18.653 18.643 18.65 18.66 18.665 18.66 18.65 18.637 18.595 18.507 18.4 18.295 18.26 18.285 18.302 18.31 18.3 18.285 18.27 18.26 18.265 18.265 18.197 18.047 17.865 17.675 17.495 17.358 17.283 17.235 17.188 17.143 17.095 17.048 16.997 16.92 16.82 16.72 16.62 16.523 16.445 16.385 16.323 16.263 16.205 16.145 16.088 16.035
18.798 18.79 18.792 18.795 18.795 18.795 18.795 18.813 18.85 18.89 18.927 18.96 18.995 19.012 18.995 18.962 18.915 18.872 18.835 18.79 18.753 18.718 18.685 18.652 18.615 18.575 18.545 18.54 18.55 18.56 18.567 18.562 18.54 18.507 18.46 18.382 18.28 18.23 18.255 18.277 18.275 18.26 18.245 18.23 18.22 18.225 18.182 18.052 17.885 17.705 17.525 17.378 17.275 17.215 17.172 17.128 17.082 17.035 16.982 16.915 16.825 16.725 16.633 16.548 16.46 16.385 16.328 16.27 16.213 16.155 16.098 16.048 16.01
18.812 18.795 18.775 18.765 18.765 18.765 18.767 18.775 18.795 18.835 18.882 18.925 18.962 18.987 18.977 18.93 18.878 18.832 18.783 18.733 18.69 18.655 18.625 18.587 18.545 18.505 18.463 18.44 18.445 18.455 18.467 18.465 18.437 18.405 18.372 18.327 18.255 18.198 18.21 18.247 18.247 18.223 18.203 18.188 18.18 18.155 18.05 17.89 17.725 17.555 17.408 17.295 17.205 17.145 17.105 17.065 17.022 16.967 16.895 16.805 16.71 16.628 16.555 16.485 16.413 16.343 16.283 16.225 16.167 16.11 16.055 16.013 15.983
18.81 18.78 18.75 18.735 18.735 18.735 18.737 18.743 18.75 18.78 18.828 18.875 18.92 18.957 18.95 18.89 18.833 18.782 18.73 18.678 18.63 18.595 18.562 18.52 18.475 18.435 18.39 18.353 18.343 18.35 18.355 18.345 18.32 18.29 18.257 18.225 18.187 18.15 18.16 18.21 18.23 18.205 18.17 18.148 18.122 18.037 17.888 17.73 17.58 17.443 17.33 17.23 17.14 17.08 17.04 17.002 16.957 16.89 16.803 16.708 16.62 16.558 16.507 16.445 16.375 16.305 16.24 16.18 16.123 16.067 16.02 15.985 15.957
18.785 18.75 18.72 18.703 18.702 18.705 18.705 18.71 18.73 18.77 18.815 18.858 18.895 18.905 18.877 18.832 18.782 18.73 18.677 18.622 18.572 18.532 18.495 18.45 18.405 18.365 18.32 18.275 18.245 18.235 18.23 18.217 18.192 18.16 18.13 18.1 18.072 18.06 18.093 18.155 18.202 18.202 18.165 18.115 18.042 17.923 17.768 17.618 17.485 17.378 17.28 17.18 17.09 17.03 16.99 16.945 16.882 16.805 16.722 16.632 16.543 16.48 16.44 16.392 16.332 16.267 16.202 16.14 16.08 16.015 15.96 15.922 15.885
18.757 18.723 18.69 18.67 18.668 18.67 18.675 18.698 18.745 18.8 18.84 18.85 18.832 18.792 18.752 18.735 18.705 18.655 18.602 18.55 18.5 18.447 18.4 18.355 18.31 18.267 18.222 18.18 18.148 18.123 18.105 18.092 18.067 18.035 18.003 17.97 17.94 17.943 17.998 18.072 18.14 18.17 18.122 18.042 17.962 17.84 17.695 17.553 17.428 17.33 17.237 17.14 17.048 16.988 16.942 16.875 16.795 16.715 16.635 16.552 16.465 16.398 16.357 16.32 16.275 16.222 16.16 16.092 16.027 15.942 15.855 15.798 15.753
18.73 18.697 18.663 18.64 18.635 18.64 18.665 18.715 18.775 18.802 18.79 18.75 18.69 18.635 18.608 18.612 18.6 18.555 18.505 18.455 18.402 18.34 18.278 18.225 18.18 18.135 18.095 18.073 18.055 18.02 17.985 17.967 17.945 17.912 17.877 17.843 17.81 17.825 17.888 17.953 18.017 18.052 18.005 17.94 17.885 17.772 17.628 17.49 17.378 17.285 17.192 17.097 17.005 16.935 16.872 16.79 16.705 16.625 16.545 16.467 16.385 16.315 16.273 16.237 16.2 16.157 16.1 16.032 15.965 15.865 15.745 15.665 15.635
18.7 18.67 18.637 18.61 18.608 18.635 18.688 18.752 18.79 18.76 18.683 18.6 18.53 18.483 18.473 18.487 18.487 18.457 18.407 18.353 18.297 18.237 18.165 18.095 18.043 18.008 17.99 17.987 17.972 17.925 17.875 17.845 17.82 17.788 17.755 17.728 17.713 17.74 17.793 17.838 17.885 17.908 17.885 17.85 17.807 17.707 17.563 17.433 17.33 17.24 17.147 17.052 16.96 16.88 16.8 16.71 16.62 16.535 16.455 16.38 16.303 16.235 16.193 16.16 16.125 16.082 16.027 15.965 15.902 15.812 15.7 15.61 15.578
18.665 18.635 18.605 18.588 18.61 18.668 18.732 18.772 18.762 18.705 18.61 18.505 18.413 18.36 18.358 18.368 18.373 18.355 18.307 18.25 18.193 18.137 18.067 17.985 17.928 17.91 17.91 17.91 17.887 17.835 17.78 17.733 17.695 17.665 17.65 17.653 17.668 17.705 17.748 17.785 17.825 17.835 17.8 17.763 17.732 17.64 17.498 17.38 17.283 17.19 17.097 17 16.905 16.835 16.765 16.675 16.578 16.473 16.378 16.3 16.225 16.163 16.125 16.093 16.058 16.013 15.953 15.89 15.83 15.765 15.695 15.625 15.573
18.62 18.59 18.565 18.583 18.648 18.717 18.755 18.742 18.707 18.652 18.56 18.455 18.355 18.293 18.283 18.288 18.28 18.252 18.207 18.15 18.09 18.033 17.973 17.91 17.865 17.84 17.83 17.827 17.8 17.745 17.688 17.633 17.593 17.58 17.593 17.618 17.645 17.685 17.73 17.77 17.81 17.807 17.745 17.685 17.65 17.567 17.438 17.33 17.237 17.14 17.04 16.94 16.843 16.783 16.745 16.672 16.57 16.45 16.33 16.235 16.155 16.098 16.065 16.035 16.01 15.96 15.883 15.813 15.753 15.7 15.647 15.597 15.552
18.575 18.545 18.545 18.605 18.69 18.737 18.725 18.687 18.65 18.597 18.512 18.41 18.318 18.263 18.245 18.232 18.195 18.152 18.115 18.06 18 17.94 17.888 17.855 17.83 17.795 17.765 17.745 17.71 17.66 17.613 17.57 17.535 17.535 17.565 17.595 17.625 17.665 17.71 17.75 17.79 17.782 17.71 17.628 17.568 17.49 17.383 17.282 17.185 17.082 16.98 16.878 16.778 16.72 16.697 16.652 16.565 16.445 16.315 16.195 16.095 16.04 16.018 15.995 15.977 15.925 15.828 15.74 15.678 15.625 15.578 15.538 15.505
18.53 18.515 18.558 18.625 18.662 18.662 18.632 18.595 18.557 18.517 18.45 18.355 18.265 18.215 18.192 18.15 18.085 18.043 18.022 17.98 17.92 17.86 17.813 17.79 17.77 17.737 17.702 17.67 17.632 17.59 17.552 17.517 17.483 17.483 17.522 17.562 17.597 17.637 17.682 17.725 17.765 17.755 17.68 17.59 17.507 17.422 17.327 17.227 17.123 17.02 16.917 16.813 16.713 16.655 16.632 16.607 16.547 16.435 16.305 16.173 16.055 16 15.985 15.967 15.945 15.89 15.787 15.678 15.608 15.565 15.53 15.5 15.47
18.488 18.51 18.555 18.562 18.54 18.515 18.492 18.46 18.425 18.395 18.355 18.282 18.193 18.14 18.105 18.04 17.968 17.93 17.917 17.887 17.835 17.775 17.735 17.715 17.685 17.65 17.62 17.592 17.56 17.52 17.48 17.443 17.413 17.423 17.467 17.507 17.545 17.587 17.632 17.675 17.717 17.7 17.612 17.522 17.435 17.347 17.26 17.162 17.06 16.957 16.853 16.75 16.65 16.59 16.57 16.532 16.47 16.39 16.28 16.148 16.028 15.97 15.955 15.94 15.912 15.85 15.752 15.64 15.568 15.533 15.5 15.47 15.44
18.45 18.467 18.462 18.425 18.393 18.368 18.345 18.317 18.285 18.255 18.23 18.19 18.115 18.055 18.002 17.923 17.853 17.818 17.802 17.785 17.747 17.693 17.658 17.632 17.595 17.56 17.533 17.512 17.485 17.445 17.405 17.373 17.353 17.368 17.412 17.445 17.473 17.515 17.562 17.605 17.645 17.615 17.515 17.42 17.333 17.247 17.165 17.08 16.99 16.892 16.788 16.685 16.585 16.525 16.495 16.422 16.338 16.29 16.23 16.12 16 15.94 15.925 15.91 15.877 15.81 15.72 15.625 15.553 15.508 15.475 15.442 15.405
