EGM722_Project_Data/DTM_asc/TL4454.asc
ncols         200
nrows         200
xllcorner     544000.000
yllcorner     254000.000
cellsize      5
NODATA_value  -9999.0
[rows 96 to 127 of 200, columns 73 to 145 of 200]
17.685 17.675 17.687 17.665 17.632 17.577 17.492 17.397 17.3 17.203 17.143 17.163 17.255 17.455 17.662 17.762 17.828 17.9 17.985 18.077 18.167 18.237 18.298 18.367 18.397 18.345 18.258 18.188 18.193 18.263 18.34 18.41 18.452 18.472 18.48 18.48 18.477 18.47 18.45 18.43 18.412 18.39 18.368 18.348 18.34 18.34 18.345 18.365 18.395 18.405 18.375 18.32 18.26 18.2 18.155 18.122 18.08 18.075 18.117 18.157 18.185 18.21 18.237 18.263 18.29 18.315 18.33 18.332 18.315 18.318 18.375 18.465 18.582
17.757 17.732 17.715 17.682 17.65 17.61 17.552 17.477 17.385 17.338 17.383 17.487 17.612 17.755 17.865 17.927 17.987 18.055 18.142 18.24 18.335 18.412 18.465 18.482 18.435 18.345 18.255 18.17 18.15 18.208 18.283 18.368 18.45 18.487 18.487 18.483 18.48 18.472 18.458 18.443 18.428 18.41 18.395 18.385 18.377 18.377 18.392 18.42 18.447 18.455 18.42 18.36 18.3 18.238 18.18 18.13 18.08 18.075 18.115 18.155 18.19 18.22 18.245 18.27 18.3 18.325 18.34 18.355 18.36 18.39 18.472 18.57 18.675
17.777 17.755 17.73 17.695 17.66 17.62 17.575 17.527 17.483 17.512 17.61 17.715 17.837 17.932 17.99 18.05 18.115 18.177 18.24 18.327 18.427 18.512 18.547 18.505 18.422 18.337 18.25 18.165 18.12 18.165 18.26 18.363 18.455 18.49 18.49 18.482 18.47 18.47 18.477 18.472 18.458 18.443 18.425 18.41 18.4 18.398 18.412 18.44 18.467 18.477 18.452 18.4 18.337 18.273 18.21 18.155 18.105 18.1 18.135 18.17 18.208 18.24 18.265 18.288 18.315 18.335 18.347 18.365 18.38 18.44 18.545 18.645 18.748
17.765 17.75 17.735 17.707 17.67 17.628 17.588 17.555 17.55 17.605 17.692 17.793 17.92 18.017 18.075 18.14 18.222 18.282 18.305 18.355 18.445 18.527 18.535 18.472 18.395 18.312 18.228 18.153 18.118 18.173 18.285 18.397 18.475 18.49 18.477 18.46 18.438 18.445 18.487 18.51 18.502 18.487 18.46 18.428 18.41 18.405 18.413 18.433 18.46 18.475 18.467 18.432 18.372 18.31 18.25 18.193 18.143 18.138 18.173 18.21 18.245 18.272 18.295 18.315 18.33 18.337 18.353 18.375 18.39 18.448 18.565 18.687 18.803
17.753 17.738 17.735 17.72 17.68 17.64 17.615 17.595 17.585 17.63 17.733 17.86 18 18.1 18.167 18.247 18.337 18.397 18.41 18.423 18.473 18.53 18.512 18.438 18.36 18.278 18.205 18.16 18.155 18.22 18.33 18.435 18.482 18.467 18.44 18.415 18.39 18.405 18.47 18.525 18.542 18.53 18.5 18.458 18.425 18.415 18.418 18.428 18.448 18.46 18.46 18.45 18.41 18.35 18.29 18.23 18.178 18.173 18.21 18.247 18.28 18.307 18.322 18.33 18.33 18.33 18.35 18.377 18.398 18.445 18.56 18.705 18.845
17.755 17.74 17.735 17.725 17.698 17.673 17.66 17.648 17.635 17.683 17.803 17.94 18.077 18.172 18.245 18.335 18.422 18.482 18.5 18.5 18.515 18.527 18.485 18.405 18.325 18.26 18.223 18.208 18.213 18.278 18.39 18.467 18.47 18.433 18.398 18.368 18.348 18.373 18.44 18.51 18.562 18.57 18.537 18.493 18.453 18.433 18.433 18.438 18.443 18.445 18.445 18.447 18.435 18.39 18.33 18.27 18.215 18.21 18.248 18.283 18.312 18.33 18.332 18.328 18.32 18.32 18.34 18.37 18.398 18.433 18.523 18.657 18.812
17.805 17.795 17.778 17.76 17.743 17.73 17.72 17.71 17.7 17.76 17.89 18.025 18.142 18.2 18.23 18.295 18.38 18.445 18.47 18.47 18.475 18.507 18.495 18.415 18.333 18.288 18.285 18.283 18.285 18.348 18.45 18.485 18.455 18.415 18.375 18.343 18.333 18.368 18.435 18.503 18.57 18.602 18.575 18.53 18.49 18.465 18.463 18.465 18.458 18.443 18.435 18.435 18.435 18.425 18.385 18.328 18.275 18.27 18.305 18.335 18.355 18.353 18.34 18.33 18.318 18.315 18.335 18.365 18.395 18.418 18.458 18.55 18.71
17.887 17.882 17.865 17.838 17.815 17.805 17.795 17.785 17.778 17.843 17.977 18.1 18.18 18.205 18.193 18.193 18.243 18.317 18.35 18.345 18.368 18.467 18.525 18.485 18.398 18.323 18.337 18.362 18.365 18.42 18.487 18.48 18.44 18.41 18.388 18.37 18.368 18.405 18.475 18.54 18.597 18.63 18.612 18.57 18.53 18.505 18.5 18.5 18.49 18.46 18.43 18.423 18.425 18.437 18.44 18.402 18.355 18.353 18.382 18.405 18.415 18.405 18.388 18.372 18.345 18.325 18.34 18.37 18.395 18.41 18.42 18.458 18.6
17.975 17.97 17.952 17.923 17.895 17.88 17.87 17.86 17.86 17.93 18.052 18.142 18.197 18.225 18.212 18.175 18.163 18.2 18.23 18.225 18.273 18.413 18.57 18.595 18.457 18.335 18.345 18.41 18.44 18.48 18.502 18.478 18.455 18.445 18.44 18.435 18.433 18.465 18.535 18.592 18.632 18.657 18.647 18.61 18.57 18.545 18.538 18.535 18.525 18.49 18.443 18.415 18.415 18.435 18.462 18.462 18.435 18.433 18.455 18.472 18.482 18.477 18.455 18.422 18.375 18.34 18.35 18.375 18.39 18.392 18.367 18.328 18.425
18.062 18.06 18.04 18.007 17.972 17.952 17.945 17.935 17.943 18.012 18.105 18.165 18.215 18.247 18.237 18.2 18.163 18.143 18.14 18.14 18.233 18.428 18.655 18.687 18.5 18.353 18.34 18.417 18.482 18.517 18.522 18.517 18.515 18.512 18.507 18.505 18.5 18.528 18.587 18.63 18.657 18.682 18.68 18.648 18.623 18.613 18.6 18.583 18.56 18.52 18.47 18.425 18.41 18.43 18.46 18.482 18.487 18.495 18.512 18.525 18.537 18.535 18.497 18.443 18.385 18.35 18.347 18.34 18.328 18.315 18.273 18.215 18.275
18.137 18.147 18.12 18.067 18.02 18.002 18.005 18.005 18.02 18.07 18.13 18.18 18.23 18.27 18.265 18.225 18.188 18.153 18.145 18.173 18.308 18.572 18.745 18.695 18.525 18.375 18.353 18.423 18.495 18.522 18.517 18.525 18.535 18.542 18.55 18.56 18.565 18.587 18.625 18.655 18.68 18.705 18.71 18.698 18.7 18.707 18.695 18.662 18.607 18.545 18.495 18.445 18.405 18.4 18.425 18.45 18.47 18.49 18.505 18.517 18.535 18.542 18.527 18.485 18.423 18.365 18.33 18.3 18.27 18.25 18.225 18.21 18.268
18.172 18.192 18.155 18.09 18.038 18.02 18.03 18.043 18.088 18.125 18.148 18.195 18.245 18.29 18.292 18.255 18.215 18.185 18.22 18.295 18.44 18.702 18.762 18.645 18.52 18.398 18.39 18.445 18.502 18.51 18.485 18.478 18.49 18.51 18.53 18.55 18.577 18.62 18.66 18.688 18.713 18.738 18.755 18.772 18.792 18.805 18.795 18.742 18.65 18.565 18.51 18.455 18.395 18.365 18.373 18.39 18.412 18.432 18.448 18.465 18.488 18.512 18.527 18.517 18.485 18.425 18.345 18.293 18.27 18.25 18.225 18.238 18.333
18.185 18.197 18.155 18.1 18.053 18.035 18.045 18.083 18.182 18.237 18.228 18.235 18.263 18.307 18.315 18.282 18.248 18.238 18.308 18.413 18.597 18.757 18.67 18.568 18.495 18.423 18.44 18.48 18.51 18.5 18.47 18.445 18.435 18.445 18.473 18.51 18.56 18.625 18.69 18.735 18.765 18.79 18.815 18.845 18.872 18.895 18.877 18.795 18.685 18.59 18.523 18.457 18.385 18.345 18.338 18.338 18.355 18.375 18.393 18.418 18.445 18.472 18.49 18.5 18.502 18.485 18.402 18.308 18.27 18.25 18.233 18.32 18.447
18.2 18.207 18.163 18.11 18.065 18.05 18.075 18.16 18.3 18.385 18.38 18.348 18.333 18.34 18.335 18.31 18.283 18.305 18.405 18.528 18.762 18.782 18.558 18.493 18.468 18.458 18.493 18.527 18.54 18.518 18.483 18.448 18.415 18.395 18.418 18.472 18.53 18.6 18.682 18.757 18.805 18.827 18.842 18.857 18.875 18.892 18.877 18.805 18.707 18.615 18.535 18.457 18.375 18.33 18.32 18.31 18.308 18.32 18.345 18.372 18.4 18.427 18.45 18.465 18.472 18.48 18.42 18.32 18.28 18.27 18.263 18.385 18.495
18.222 18.217 18.175 18.125 18.08 18.07 18.135 18.265 18.402 18.487 18.495 18.46 18.422 18.388 18.398 18.41 18.383 18.408 18.508 18.665 18.852 18.747 18.525 18.498 18.495 18.515 18.555 18.585 18.587 18.56 18.523 18.485 18.438 18.385 18.363 18.393 18.447 18.52 18.61 18.705 18.787 18.8 18.782 18.785 18.787 18.792 18.79 18.755 18.682 18.6 18.525 18.447 18.365 18.318 18.302 18.29 18.275 18.278 18.303 18.328 18.355 18.385 18.41 18.425 18.435 18.422 18.363 18.308 18.297 18.3 18.3 18.202 17.912
18.237 18.212 18.177 18.137 18.095 18.115 18.217 18.34 18.45 18.522 18.53 18.497 18.46 18.425 18.473 18.555 18.562 18.575 18.643 18.857 18.92 18.693 18.57 18.563 18.56 18.58 18.615 18.635 18.632 18.605 18.567 18.525 18.465 18.398 18.338 18.313 18.343 18.415 18.508 18.613 18.725 18.755 18.703 18.675 18.675 18.677 18.677 18.665 18.62 18.55 18.487 18.425 18.353 18.303 18.278 18.26 18.245 18.245 18.265 18.288 18.313 18.34 18.367 18.385 18.382 18.35 18.317 18.31 18.232 17.807 17.54 17.325 16.633
18.23 18.2 18.17 18.138 18.11 18.155 18.26 18.355 18.45 18.525 18.54 18.512 18.478 18.46 18.525 18.647 18.72 18.73 18.768 18.962 18.942 18.7 18.63 18.627 18.625 18.64 18.662 18.675 18.677 18.655 18.61 18.552 18.485 18.415 18.35 18.293 18.265 18.315 18.418 18.53 18.65 18.737 18.705 18.615 18.575 18.565 18.563 18.558 18.54 18.495 18.44 18.388 18.335 18.295 18.262 18.235 18.215 18.213 18.23 18.253 18.275 18.298 18.323 18.342 18.337 18.322 18.074 17.452 16.865 16.365 16.228 16.16 15.746
18.22 18.193 18.17 18.153 18.145 18.18 18.263 18.355 18.45 18.527 18.547 18.525 18.493 18.495 18.58 18.707 18.772 18.75 18.88 19.022 18.907 18.748 18.688 18.685 18.685 18.695 18.71 18.72 18.725 18.7 18.642 18.575 18.502 18.433 18.37 18.318 18.275 18.278 18.353 18.46 18.573 18.687 18.722 18.637 18.533 18.48 18.47 18.473 18.475 18.45 18.4 18.353 18.31 18.27 18.235 18.207 18.185 18.183 18.203 18.233 18.263 18.287 18.312 18.294 17.884 17.142 16.545 15.948 15.476 15.443 15.615 15.653 15.818
18.22 18.213 18.203 18.198 18.195 18.218 18.275 18.358 18.452 18.53 18.55 18.532 18.508 18.53 18.637 18.732 18.735 18.718 18.965 19.102 18.895 18.75 18.708 18.705 18.707 18.717 18.732 18.747 18.755 18.722 18.657 18.59 18.518 18.46 18.423 18.395 18.373 18.34 18.35 18.433 18.538 18.643 18.712 18.67 18.545 18.453 18.425 18.428 18.435 18.415 18.365 18.323 18.285 18.223 18.17 18.15 18.155 18.193 18.23 18.265 18.299 18.104 17.432 16.838 16.343 15.628 15.303 15.365 15.438 15.516 15.856 16.533 17.247
18.225 18.245 18.252 18.25 18.245 18.265 18.31 18.373 18.455 18.532 18.555 18.538 18.525 18.578 18.677 18.707 18.683 18.815 19.087 19.097 18.85 18.708 18.695 18.695 18.7 18.712 18.727 18.742 18.75 18.715 18.65 18.59 18.55 18.54 18.535 18.525 18.5 18.45 18.41 18.445 18.54 18.637 18.692 18.665 18.565 18.463 18.41 18.395 18.4 18.38 18.333 18.295 18.265 18.213 18.155 18.155 18.21 18.274 18.266 17.789 17.047 16.54 15.881 15.341 15.283 15.34 15.403 15.476 15.893 16.698 17.397 18.022 18.512
18.223 18.252 18.28 18.292 18.295 18.315 18.358 18.405 18.465 18.535 18.56 18.55 18.563 18.625 18.677 18.665 18.645 18.965 19.232 19.032 18.783 18.678 18.683 18.685 18.69 18.703 18.715 18.725 18.73 18.698 18.648 18.623 18.63 18.655 18.665 18.657 18.622 18.567 18.51 18.485 18.54 18.62 18.642 18.625 18.567 18.48 18.415 18.378 18.368 18.347 18.308 18.275 18.275 18.295 18.3 18.337 18.047 17.267 16.733 16.215 15.483 15.213 15.268 15.32 15.373 15.518 16.053 16.775 17.422 18.152 18.534 18.527 18.532
18.218 18.248 18.283 18.315 18.337 18.363 18.403 18.448 18.495 18.547 18.577 18.592 18.622 18.65 18.65 18.628 18.728 19.067 19.165 18.908 18.725 18.673 18.683 18.693 18.698 18.703 18.708 18.71 18.71 18.7 18.695 18.712 18.74 18.765 18.78 18.772 18.735 18.682 18.627 18.572 18.565 18.587 18.58 18.565 18.54 18.49 18.435 18.383 18.345 18.335 18.355 18.382 18.427 18.219 17.61 17.01 16.445 15.666 15.191 15.196 15.25 15.305 15.361 15.603 16.255 16.932 17.562 18.227 18.479 18.432 18.418 18.438 18.46
18.25 18.268 18.29 18.325 18.36 18.397 18.445 18.49 18.535 18.57 18.59 18.615 18.64 18.637 18.613 18.59 18.932 19.2 19.013 18.815 18.695 18.688 18.712 18.725 18.73 18.73 18.727 18.715 18.7 18.69 18.682 18.695 18.725 18.752 18.765 18.745 18.702 18.655 18.605 18.557 18.552 18.575 18.573 18.558 18.55 18.553 18.528 18.47 18.45 18.487 18.371 17.874 17.152 16.543 15.938 15.343 15.133 15.185 15.245 15.306 15.586 16.173 16.748 17.18 17.79 18.339 18.457 18.425 18.398 18.378 18.375 18.393 18.417
18.325 18.325 18.328 18.343 18.373 18.42 18.477 18.527 18.575 18.592 18.583 18.593 18.607 18.6 18.575 18.653 19.087 19.23 18.958 18.805 18.695 18.695 18.742 18.765 18.765 18.755 18.742 18.722 18.7 18.67 18.63 18.605 18.598 18.613 18.615 18.575 18.525 18.48 18.443 18.44 18.5 18.577 18.613 18.615 18.632 18.672 18.682 18.571 18.112 17.347 16.707 16.118 15.408 15.084 15.146 15.208 15.303 15.646 16.215 16.75 17.222 17.762 18.289 18.494 18.477 18.457 18.433 18.408 18.383 18.363 18.353 18.355 18.373
18.402 18.397 18.392 18.39 18.398 18.437 18.5 18.557 18.61 18.612 18.572 18.563 18.57 18.56 18.535 18.885 19.247 19.117 18.955 18.825 18.693 18.685 18.732 18.757 18.765 18.755 18.735 18.715 18.695 18.665 18.625 18.583 18.54 18.523 18.475 18.4 18.35 18.313 18.318 18.38 18.473 18.592 18.685 18.722 18.664 18.182 17.357 16.822 16.315 15.498 14.996 15.006 15.146 15.336 15.748 16.308 16.838 17.337 17.852 18.334 18.534 18.495 18.465 18.458 18.455 18.44 18.417 18.392 18.368 18.348 18.335 18.33 18.335
18.45 18.44 18.43 18.42 18.41 18.408 18.442 18.51 18.572 18.57 18.527 18.522 18.53 18.52 18.58 19.09 19.292 19.003 18.958 18.86 18.693 18.645 18.66 18.667 18.687 18.705 18.712 18.705 18.685 18.655 18.615 18.57 18.56 18.54 18.43 18.305 18.255 18.308 18.44 18.567 18.654 18.576 18.097 17.33 16.827 16.31 15.463 14.994 14.979 15.039 15.251 15.758 16.378 16.945 17.48 17.997 18.434 18.592 18.552 18.512 18.468 18.435 18.428 18.432 18.432 18.42 18.397 18.372 18.35 18.333 18.32 18.313 18.315
18.452 18.437 18.422 18.408 18.397 18.365 18.34 18.38 18.447 18.45 18.438 18.475 18.495 18.483 18.818 19.28 19.223 19.063 19.065 18.947 18.738 18.593 18.545 18.543 18.56 18.595 18.632 18.655 18.662 18.64 18.593 18.583 18.63 18.6 18.48 18.442 18.517 18.642 18.521 18.024 17.33 16.778 16.23 15.428 14.989 15.001 15.061 15.291 15.801 16.415 17.032 17.602 18.117 18.527 18.672 18.64 18.582 18.53 18.5 18.47 18.425 18.4 18.403 18.407 18.407 18.395 18.372 18.347 18.325 18.313 18.307 18.303 18.31
18.435 18.42 18.405 18.395 18.387 18.357 18.303 18.275 18.308 18.328 18.353 18.425 18.46 18.523 19.085 19.455 19.288 19.287 19.15 18.925 18.79 18.61 18.47 18.423 18.433 18.465 18.505 18.54 18.565 18.565 18.588 18.697 18.747 18.724 18.689 18.422 17.944 17.337 16.733 16.15 15.411 15.001 15.026 15.083 15.303 15.823 16.463 17.09 17.68 18.212 18.592 18.707 18.69 18.672 18.655 18.605 18.528 18.473 18.453 18.44 18.405 18.38 18.38 18.382 18.382 18.367 18.345 18.322 18.298 18.288 18.292 18.298 18.31
18.407 18.402 18.39 18.385 18.38 18.35 18.295 18.238 18.213 18.233 18.29 18.37 18.415 18.76 19.352 19.532 19.467 19.352 19.008 18.798 18.792 18.677 18.488 18.348 18.31 18.338 18.37 18.413 18.488 18.585 18.724 18.769 18.404 17.847 17.27 16.648 16.068 15.398 15.019 15.043 15.098 15.293 15.833 16.508 17.095 17.675 18.254 18.649 18.769 18.757 18.725 18.695 18.673 18.657 18.627 18.56 18.475 18.42 18.405 18.4 18.378 18.36 18.36 18.36 18.357 18.342 18.318 18.295 18.27 18.263 18.278 18.293 18.31
18.372 18.385 18.378 18.375 18.377 18.343 18.273 18.213 18.2 18.25 18.303 18.338 18.445 19.088 19.66 19.675 19.555 19.14 18.775 18.723 18.75 18.712 18.56 18.365 18.233 18.262 18.397 18.549 18.462 18.109 17.712 17.152 16.525 15.961 15.361 15.039 15.058 15.106 15.283 15.828 16.533 17.08 17.652 18.274 18.634 18.722 18.747 18.775 18.802 18.797 18.755 18.71 18.675 18.645 18.592 18.51 18.423 18.368 18.355 18.353 18.345 18.34 18.34 18.34 18.335 18.317 18.293 18.268 18.243 18.243 18.27 18.293 18.308
18.343 18.367 18.37 18.375 18.398 18.395 18.318 18.22 18.265 18.405 18.457 18.435 18.753 19.482 19.862 19.835 19.412 18.808 18.623 18.65 18.677 18.68 18.552 18.447 18.314 18.004 17.679 17.357 16.857 16.31 15.838 15.328 15.078 15.086 15.121 15.278 15.796 16.53 17.07 17.63 18.294 18.657 18.722 18.717 18.705 18.71 18.74 18.77 18.792 18.78 18.735 18.687 18.642 18.595 18.527 18.44 18.365 18.328 18.32 18.323 18.323 18.32 18.32 18.32 18.315 18.295 18.27 18.245 18.23 18.25 18.285 18.305 18.31
18.333 18.363 18.378 18.403 18.445 18.487 18.455 18.395 18.472 18.615 18.65 18.68 19.273 19.907 19.98 19.73 19.048 18.563 18.545 18.574 18.562 18.307 17.784 17.327 16.857 16.33 15.888 15.438 15.138 15.113 15.161 15.168 15.291 15.776 16.533 17.067 17.587 18.292 18.669 18.734 18.762 18.77 18.752 18.712 18.678 18.68 18.71 18.732 18.74 18.715 18.66 18.603 18.555 18.505 18.433 18.363 18.325 18.31 18.305 18.307 18.307 18.305 18.305 18.302 18.295 18.277 18.253 18.238 18.248 18.282 18.312 18.325 18.327
