EGM722_Project_Data/DTM_asc/TL4459.asc
ncols         200
nrows         200
xllcorner     544000.000
yllcorner     259000.000
cellsize      5
NODATA_value  -9999.0
[rows 64 to 95 of 200, columns 73 to 145 of 200]
18.37 18.345 18.31 18.275 18.245 18.22 18.195 18.172 18.145 18.115 18.09 18.07 18.025 17.962 17.895 17.81 17.738 17.703 17.69 17.68 17.657 17.617 17.58 17.545 17.505 17.473 17.45 17.435 17.41 17.37 17.335 17.31 17.295 17.313 17.355 17.38 17.398 17.435 17.487 17.537 17.567 17.525 17.425 17.325 17.233 17.143 17.055 16.975 16.895 16.812 16.72 16.62 16.52 16.455 16.395 16.29 16.193 16.15 16.127 16.067 15.97 15.91 15.897 15.882 15.84 15.765 15.685 15.612 15.545 15.49 15.452 15.412 15.365
18.24 18.198 18.158 18.125 18.098 18.073 18.048 18.025 18 17.973 17.953 17.94 17.92 17.865 17.785 17.7 17.628 17.595 17.583 17.57 17.557 17.532 17.495 17.455 17.415 17.388 17.37 17.355 17.332 17.298 17.27 17.248 17.235 17.258 17.292 17.31 17.325 17.358 17.41 17.465 17.487 17.435 17.335 17.235 17.138 17.043 16.955 16.875 16.795 16.715 16.632 16.545 16.455 16.37 16.267 16.145 16.048 16.003 15.988 15.965 15.917 15.88 15.867 15.842 15.785 15.702 15.627 15.57 15.515 15.465 15.422 15.375 15.325
18.118 18.078 18.035 18.003 17.978 17.955 17.933 17.91 17.888 17.863 17.838 17.82 17.81 17.762 17.678 17.598 17.538 17.503 17.483 17.47 17.457 17.437 17.407 17.37 17.33 17.305 17.29 17.272 17.252 17.228 17.205 17.183 17.175 17.198 17.225 17.24 17.255 17.283 17.327 17.37 17.38 17.332 17.24 17.14 17.04 16.948 16.868 16.79 16.708 16.623 16.54 16.458 16.377 16.277 16.15 16.023 15.92 15.875 15.865 15.853 15.835 15.825 15.82 15.785 15.712 15.625 15.553 15.5 15.453 15.412 15.377 15.335 15.285
18.04 18.005 17.965 17.93 17.9 17.875 17.855 17.835 17.815 17.787 17.75 17.718 17.7 17.655 17.575 17.51 17.465 17.425 17.393 17.375 17.362 17.345 17.322 17.29 17.25 17.225 17.21 17.19 17.167 17.152 17.14 17.12 17.118 17.138 17.158 17.173 17.19 17.203 17.215 17.23 17.232 17.202 17.132 17.04 16.94 16.853 16.78 16.705 16.623 16.54 16.458 16.378 16.302 16.2 16.07 15.94 15.828 15.778 15.77 15.757 15.74 15.735 15.735 15.702 15.632 15.545 15.475 15.428 15.385 15.348 15.322 15.292 15.255
17.988 17.953 17.917 17.883 17.848 17.815 17.788 17.765 17.745 17.712 17.67 17.628 17.597 17.55 17.483 17.435 17.395 17.355 17.315 17.285 17.268 17.25 17.23 17.205 17.173 17.148 17.127 17.102 17.075 17.065 17.07 17.06 17.058 17.075 17.093 17.12 17.147 17.135 17.098 17.075 17.07 17.052 17.007 16.935 16.843 16.76 16.69 16.617 16.54 16.458 16.375 16.305 16.235 16.13 16 15.873 15.755 15.695 15.682 15.665 15.645 15.635 15.62 15.585 15.537 15.467 15.403 15.36 15.32 15.283 15.26 15.245 15.24
17.945 17.905 17.87 17.838 17.802 17.765 17.73 17.7 17.673 17.635 17.588 17.543 17.503 17.455 17.405 17.363 17.323 17.285 17.245 17.21 17.18 17.155 17.135 17.115 17.092 17.067 17.04 17.007 16.975 16.963 16.975 16.985 16.995 17.025 17.065 17.11 17.12 17.075 17.015 16.96 16.925 16.897 16.86 16.81 16.742 16.67 16.6 16.53 16.455 16.375 16.303 16.24 16.167 16.062 15.935 15.81 15.688 15.613 15.59 15.57 15.55 15.53 15.5 15.463 15.428 15.382 15.335 15.295 15.257 15.22 15.198 15.198 15.215
17.935 17.893 17.845 17.803 17.76 17.72 17.685 17.653 17.618 17.578 17.533 17.488 17.435 17.38 17.335 17.295 17.26 17.228 17.19 17.153 17.11 17.075 17.055 17.035 16.99 16.955 16.94 16.907 16.875 16.86 16.875 16.903 16.938 16.987 17.045 17.087 17.055 16.975 16.91 16.847 16.79 16.745 16.707 16.662 16.605 16.545 16.482 16.42 16.36 16.297 16.232 16.167 16.095 15.997 15.875 15.75 15.628 15.535 15.495 15.475 15.453 15.428 15.398 15.363 15.328 15.295 15.265 15.23 15.193 15.16 15.148 15.158 15.18
17.952 17.912 17.858 17.805 17.755 17.703 17.658 17.625 17.59 17.55 17.507 17.455 17.387 17.32 17.268 17.235 17.212 17.182 17.147 17.105 17.05 17.008 16.985 16.947 16.85 16.788 16.802 16.8 16.775 16.77 16.8 16.838 16.883 16.937 16.985 17.012 16.977 16.88 16.78 16.705 16.645 16.598 16.557 16.497 16.43 16.372 16.318 16.273 16.25 16.215 16.15 16.077 16.005 15.92 15.812 15.692 15.573 15.473 15.41 15.38 15.357 15.333 15.307 15.277 15.243 15.213 15.19 15.165 15.138 15.118 15.11 15.12 15.145
17.975 17.935 17.885 17.838 17.79 17.73 17.668 17.613 17.568 17.527 17.475 17.407 17.333 17.26 17.205 17.18 17.165 17.137 17.1 17.05 16.99 16.943 16.905 16.822 16.683 16.603 16.628 16.663 16.675 16.7 16.74 16.78 16.827 16.877 16.91 16.927 16.917 16.83 16.695 16.58 16.5 16.448 16.392 16.323 16.253 16.19 16.145 16.135 16.147 16.122 16.055 15.982 15.907 15.827 15.737 15.632 15.518 15.418 15.338 15.285 15.26 15.238 15.213 15.188 15.158 15.133 15.115 15.098 15.082 15.077 15.077 15.085 15.092
17.997 17.96 17.92 17.875 17.83 17.775 17.705 17.63 17.565 17.508 17.44 17.365 17.29 17.215 17.155 17.13 17.115 17.087 17.045 16.99 16.93 16.875 16.807 16.698 16.568 16.505 16.53 16.575 16.613 16.645 16.68 16.723 16.77 16.807 16.827 16.84 16.847 16.787 16.655 16.515 16.398 16.313 16.235 16.155 16.078 16.02 16.008 16.035 16.057 16.025 15.955 15.885 15.812 15.735 15.65 15.555 15.455 15.363 15.278 15.21 15.175 15.158 15.14 15.123 15.093 15.063 15.048 15.032 15.015 15.008 15.015 15.022 15.002
18.022 17.977 17.94 17.897 17.855 17.802 17.732 17.658 17.59 17.518 17.438 17.36 17.285 17.21 17.135 17.088 17.068 17.05 17.015 16.963 16.905 16.84 16.745 16.633 16.528 16.488 16.522 16.56 16.587 16.608 16.628 16.665 16.702 16.725 16.74 16.753 16.767 16.732 16.617 16.472 16.338 16.235 16.15 16.06 15.973 15.908 15.903 15.94 15.96 15.925 15.855 15.785 15.715 15.64 15.565 15.483 15.393 15.305 15.223 15.165 15.135 15.12 15.11 15.1 15.057 15.005 14.983 14.965 14.945 14.928 14.925 14.925 14.895
18.04 17.98 17.938 17.9 17.86 17.812 17.748 17.68 17.622 17.55 17.463 17.38 17.305 17.23 17.145 17.07 17.03 17.02 17.007 16.972 16.92 16.845 16.733 16.61 16.505 16.475 16.512 16.54 16.563 16.582 16.595 16.615 16.638 16.655 16.67 16.685 16.695 16.665 16.565 16.42 16.285 16.19 16.112 16.025 15.935 15.858 15.82 15.835 15.857 15.825 15.755 15.685 15.612 15.535 15.475 15.417 15.337 15.253 15.183 15.145 15.128 15.113 15.1 15.085 15.03 14.955 14.918 14.9 14.878 14.855 14.84 14.827 14.797
18.05 17.983 17.933 17.898 17.86 17.823 17.773 17.713 17.655 17.58 17.493 17.408 17.328 17.25 17.165 17.08 17.01 16.98 16.98 16.972 16.937 16.855 16.73 16.595 16.488 16.463 16.492 16.517 16.54 16.558 16.572 16.585 16.6 16.618 16.632 16.635 16.605 16.552 16.482 16.365 16.233 16.14 16.067 15.987 15.9 15.825 15.77 15.748 15.755 15.725 15.652 15.58 15.505 15.428 15.373 15.332 15.275 15.205 15.16 15.14 15.123 15.108 15.092 15.062 14.997 14.913 14.858 14.835 14.812 14.787 14.763 14.74 14.708
18.055 17.988 17.938 17.908 17.88 17.855 17.815 17.755 17.7 17.633 17.548 17.458 17.368 17.288 17.21 17.133 17.058 17.013 16.998 16.985 16.96 16.875 16.738 16.595 16.48 16.45 16.475 16.5 16.525 16.538 16.55 16.565 16.577 16.592 16.587 16.545 16.47 16.4 16.36 16.287 16.178 16.09 16.02 15.945 15.863 15.793 15.738 15.69 15.665 15.623 15.548 15.473 15.395 15.32 15.273 15.253 15.223 15.178 15.153 15.14 15.12 15.103 15.085 15.04 14.965 14.88 14.808 14.768 14.742 14.715 14.688 14.667 14.635
18.055 18 17.965 17.94 17.923 17.905 17.865 17.808 17.76 17.71 17.637 17.545 17.45 17.37 17.3 17.23 17.168 17.125 17.098 17.065 17.022 16.937 16.8 16.655 16.538 16.483 16.485 16.51 16.538 16.55 16.55 16.55 16.553 16.54 16.485 16.403 16.318 16.25 16.215 16.178 16.113 16.043 15.975 15.903 15.83 15.785 15.75 15.703 15.663 15.61 15.543 15.473 15.39 15.305 15.248 15.23 15.215 15.185 15.163 15.145 15.125 15.103 15.077 15.025 14.943 14.858 14.77 14.7 14.66 14.63 14.61 14.602 14.575
18.063 18.028 18.003 17.983 17.968 17.952 17.915 17.863 17.82 17.78 17.732 17.655 17.56 17.48 17.41 17.34 17.285 17.25 17.217 17.172 17.115 17.035 16.91 16.773 16.668 16.593 16.548 16.545 16.57 16.585 16.578 16.568 16.563 16.523 16.445 16.358 16.265 16.19 16.15 16.133 16.098 16.035 15.963 15.888 15.828 15.813 15.812 15.797 15.777 15.732 15.66 15.577 15.485 15.393 15.318 15.268 15.24 15.212 15.18 15.155 15.135 15.107 15.07 15.015 14.935 14.85 14.747 14.638 14.575 14.548 14.535 14.535 14.512
18.09 18.065 18.04 18.025 18.013 18 17.967 17.92 17.88 17.843 17.807 17.752 17.672 17.593 17.52 17.453 17.405 17.367 17.317 17.26 17.2 17.132 17.025 16.905 16.813 16.735 16.668 16.62 16.61 16.615 16.615 16.623 16.627 16.59 16.52 16.442 16.357 16.283 16.23 16.195 16.142 16.062 15.977 15.893 15.845 15.848 15.862 15.875 15.87 15.817 15.732 15.645 15.557 15.477 15.407 15.34 15.285 15.245 15.205 15.17 15.142 15.107 15.057 15.002 14.932 14.842 14.727 14.595 14.503 14.47 14.465 14.465 14.447
18.13 18.108 18.085 18.07 18.06 18.05 18.022 17.98 17.94 17.905 17.87 17.827 17.772 17.702 17.63 17.565 17.512 17.462 17.405 17.345 17.285 17.225 17.142 17.045 16.957 16.88 16.812 16.745 16.69 16.665 16.668 16.687 16.702 16.665 16.587 16.512 16.437 16.372 16.315 16.247 16.162 16.072 15.985 15.903 15.87 15.882 15.895 15.892 15.865 15.795 15.702 15.622 15.547 15.477 15.412 15.347 15.287 15.242 15.207 15.172 15.132 15.085 15.035 14.985 14.925 14.83 14.702 14.565 14.448 14.4 14.4 14.403 14.397
18.17 18.153 18.135 18.118 18.105 18.095 18.077 18.047 18.01 17.975 17.94 17.89 17.827 17.76 17.692 17.635 17.582 17.527 17.47 17.41 17.347 17.285 17.217 17.142 17.077 17.012 16.937 16.865 16.795 16.743 16.723 16.733 16.75 16.71 16.625 16.545 16.465 16.398 16.337 16.257 16.16 16.068 15.98 15.915 15.903 15.91 15.9 15.867 15.822 15.75 15.645 15.55 15.473 15.403 15.338 15.278 15.235 15.205 15.175 15.14 15.087 15.025 14.972 14.925 14.875 14.79 14.665 14.53 14.405 14.35 14.35 14.35 14.352
18.215 18.198 18.182 18.165 18.148 18.135 18.127 18.115 18.087 18.052 18.005 17.932 17.85 17.773 17.703 17.647 17.6 17.55 17.5 17.445 17.382 17.318 17.263 17.223 17.19 17.13 17.043 16.965 16.893 16.83 16.79 16.773 16.777 16.74 16.655 16.575 16.495 16.425 16.352 16.26 16.16 16.063 15.973 15.93 15.925 15.905 15.867 15.823 15.777 15.71 15.602 15.488 15.398 15.328 15.265 15.218 15.188 15.162 15.135 15.09 15.022 14.95 14.885 14.83 14.782 14.712 14.605 14.48 14.363 14.308 14.305 14.3 14.3
18.265 18.245 18.228 18.213 18.198 18.18 18.168 18.162 18.15 18.11 18.04 17.958 17.873 17.79 17.713 17.645 17.593 17.548 17.505 17.46 17.415 17.375 17.348 17.335 17.315 17.252 17.158 17.07 16.99 16.925 16.883 16.848 16.822 16.77 16.685 16.605 16.525 16.447 16.36 16.26 16.16 16.06 15.978 15.937 15.91 15.867 15.823 15.778 15.732 15.67 15.565 15.44 15.333 15.253 15.198 15.165 15.142 15.117 15.085 15.03 14.958 14.885 14.815 14.75 14.693 14.627 14.53 14.413 14.313 14.263 14.255 14.25 14.248
18.32 18.31 18.3 18.293 18.277 18.243 18.208 18.195 18.19 18.15 18.073 17.99 17.905 17.82 17.738 17.658 17.6 17.563 17.53 17.5 17.475 17.465 17.465 17.46 17.44 17.377 17.282 17.19 17.1 17.025 16.972 16.932 16.887 16.815 16.728 16.643 16.555 16.46 16.36 16.26 16.16 16.06 15.978 15.918 15.868 15.823 15.778 15.733 15.687 15.63 15.53 15.403 15.28 15.188 15.143 15.12 15.097 15.072 15.03 14.965 14.893 14.82 14.75 14.68 14.613 14.545 14.455 14.353 14.27 14.223 14.205 14.198 14.195
18.413 18.41 18.41 18.402 18.37 18.315 18.258 18.225 18.217 18.185 18.115 18.035 17.95 17.865 17.78 17.703 17.653 17.625 17.605 17.585 17.565 17.56 17.57 17.575 17.562 17.497 17.395 17.297 17.197 17.11 17.05 17.002 16.947 16.87 16.78 16.685 16.582 16.473 16.365 16.265 16.165 16.068 15.98 15.905 15.835 15.778 15.733 15.687 15.64 15.587 15.495 15.365 15.243 15.153 15.103 15.075 15.05 15.02 14.972 14.905 14.833 14.76 14.69 14.62 14.548 14.475 14.398 14.313 14.238 14.19 14.16 14.145 14.145
18.538 18.535 18.527 18.497 18.442 18.38 18.318 18.265 18.245 18.215 18.155 18.082 17.997 17.913 17.838 17.78 17.74 17.715 17.695 17.675 17.655 17.65 17.66 17.662 17.64 17.575 17.475 17.367 17.265 17.183 17.12 17.067 17.007 16.922 16.822 16.715 16.605 16.49 16.378 16.275 16.175 16.083 16 15.92 15.838 15.76 15.695 15.643 15.595 15.545 15.455 15.33 15.228 15.148 15.078 15.03 15 14.962 14.907 14.842 14.777 14.71 14.64 14.567 14.493 14.42 14.35 14.273 14.203 14.16 14.125 14.1 14.095
18.667 18.655 18.627 18.572 18.507 18.445 18.385 18.323 18.28 18.242 18.19 18.125 18.045 17.97 17.915 17.87 17.83 17.805 17.785 17.765 17.748 17.745 17.745 17.72 17.67 17.605 17.522 17.423 17.33 17.258 17.193 17.135 17.062 16.962 16.852 16.738 16.625 16.51 16.393 16.285 16.188 16.1 16.02 15.942 15.862 15.775 15.69 15.618 15.555 15.502 15.417 15.31 15.23 15.155 15.075 15.005 14.953 14.903 14.843 14.78 14.717 14.652 14.585 14.512 14.44 14.37 14.3 14.228 14.168 14.13 14.095 14.063 14.045
18.785 18.74 18.69 18.627 18.567 18.512 18.452 18.388 18.33 18.278 18.225 18.168 18.105 18.05 18.005 17.963 17.923 17.895 17.875 17.855 17.84 17.827 17.797 17.747 17.69 17.627 17.552 17.47 17.398 17.333 17.27 17.207 17.115 16.995 16.878 16.76 16.645 16.53 16.41 16.295 16.2 16.12 16.04 15.965 15.885 15.798 15.713 15.628 15.545 15.475 15.395 15.31 15.24 15.165 15.088 15.01 14.93 14.855 14.788 14.723 14.655 14.59 14.525 14.458 14.39 14.32 14.253 14.188 14.133 14.093 14.058 14.025 13.998
18.845 18.78 18.72 18.663 18.612 18.57 18.52 18.458 18.395 18.338 18.285 18.235 18.188 18.143 18.098 18.055 18.015 17.985 17.965 17.945 17.92 17.877 17.82 17.763 17.708 17.65 17.58 17.518 17.467 17.407 17.345 17.28 17.182 17.055 16.928 16.803 16.68 16.558 16.435 16.323 16.23 16.145 16.06 15.985 15.907 15.822 15.737 15.652 15.565 15.478 15.398 15.325 15.255 15.18 15.102 15.025 14.938 14.84 14.755 14.685 14.615 14.548 14.48 14.413 14.343 14.273 14.213 14.158 14.105 14.058 14.018 13.985 13.955
18.867 18.805 18.748 18.698 18.653 18.618 18.585 18.532 18.47 18.418 18.37 18.325 18.282 18.237 18.193 18.148 18.105 18.075 18.052 18.022 17.977 17.918 17.855 17.795 17.738 17.68 17.623 17.578 17.537 17.48 17.418 17.355 17.26 17.135 17.005 16.875 16.737 16.593 16.463 16.37 16.29 16.195 16.1 16.013 15.93 15.845 15.757 15.67 15.58 15.49 15.41 15.34 15.27 15.195 15.118 15.04 14.952 14.845 14.745 14.668 14.595 14.525 14.455 14.382 14.305 14.235 14.18 14.13 14.08 14.03 13.983 13.943 13.91
18.885 18.835 18.788 18.743 18.698 18.663 18.635 18.602 18.558 18.508 18.463 18.418 18.375 18.333 18.288 18.242 18.197 18.16 18.125 18.08 18.025 17.965 17.905 17.845 17.783 17.725 17.683 17.645 17.605 17.552 17.495 17.435 17.337 17.212 17.077 16.932 16.78 16.623 16.5 16.428 16.355 16.26 16.16 16.06 15.968 15.875 15.775 15.68 15.59 15.503 15.425 15.355 15.283 15.208 15.133 15.057 14.97 14.858 14.743 14.653 14.578 14.505 14.435 14.357 14.273 14.203 14.15 14.1 14.05 14 13.95 13.903 13.865
18.908 18.877 18.838 18.79 18.743 18.71 18.69 18.675 18.652 18.612 18.568 18.523 18.478 18.432 18.382 18.335 18.277 18.22 18.177 18.127 18.07 18.01 17.95 17.89 17.833 17.785 17.748 17.712 17.675 17.627 17.575 17.515 17.41 17.27 17.12 16.96 16.8 16.653 16.553 16.49 16.417 16.325 16.225 16.125 16.03 15.935 15.828 15.718 15.615 15.523 15.443 15.37 15.298 15.225 15.15 15.075 14.99 14.875 14.748 14.643 14.563 14.49 14.415 14.335 14.253 14.173 14.11 14.062 14.015 13.967 13.92 13.872 13.83
18.938 18.927 18.9 18.85 18.803 18.775 18.765 18.758 18.747 18.722 18.682 18.637 18.59 18.535 18.478 18.425 18.342 18.263 18.217 18.167 18.11 18.05 17.99 17.935 17.893 17.855 17.815 17.778 17.74 17.695 17.645 17.585 17.47 17.31 17.15 16.99 16.83 16.698 16.613 16.552 16.485 16.395 16.295 16.198 16.105 16.012 15.91 15.795 15.68 15.583 15.498 15.418 15.34 15.258 15.173 15.095 15.007 14.892 14.765 14.643 14.548 14.473 14.398 14.328 14.252 14.153 14.063 14.008 13.962 13.917 13.872 13.83 13.782
18.965 18.965 18.96 18.92 18.88 18.86 18.85 18.842 18.835 18.82 18.792 18.75 18.695 18.632 18.572 18.505 18.397 18.305 18.255 18.205 18.15 18.09 18.035 17.993 17.96 17.925 17.885 17.845 17.805 17.76 17.702 17.635 17.522 17.363 17.198 17.035 16.883 16.768 16.688 16.62 16.552 16.465 16.365 16.27 16.18 16.087 15.99 15.88 15.77 15.678 15.592 15.505 15.412 15.315 15.218 15.128 15.03 14.912 14.785 14.655 14.543 14.46 14.395 14.335 14.26 14.148 14.025 13.945 13.9 13.855 13.81 13.765 13.707
