EGM722_Project_Data/DTM_asc/TL4454.asc
ncols         200
nrows         200
xllcorner     544000.000
yllcorner     254000.000
cellsize      5
NODATA_value  -9999.0
[rows 64 to 95 of 200, columns 0 to 72 of 200]
14.18 14.325 14.417 14.468 14.543 14.647 14.72 14.75 14.785 14.835 14.918 15.025 15.133 15.24 15.35 15.455 15.558 15.668 15.805 15.962 16.1 16.2 16.303 16.447 16.592 16.715 16.843 16.977 17.105 17.222 17.317 17.342 17.307 17.268 17.29 17.375 17.45 17.502 17.552 17.602 17.64 17.662 17.69 17.725 17.732 17.692 17.485 17.3 17.41 17.627 17.782 17.832 17.817 17.805 17.813 17.84 17.86 17.85 17.79 17.667 17.485 17.29 17.233 17.34 17.515 17.687 17.745 17.715 17.688 17.665 17.65 17.638 17.628
14.21 14.355 14.452 14.5 14.548 14.625 14.687 14.715 14.745 14.785 14.863 14.97 15.08 15.19 15.297 15.403 15.51 15.63 15.775 15.938 16.1 16.24 16.367 16.497 16.62 16.74 16.865 17 17.135 17.265 17.36 17.37 17.325 17.28 17.283 17.345 17.405 17.448 17.495 17.548 17.598 17.635 17.662 17.673 17.66 17.63 17.543 17.57 17.725 17.817 17.84 17.82 17.8 17.785 17.795 17.825 17.852 17.86 17.755 17.543 17.325 17.163 17.175 17.345 17.545 17.722 17.785 17.755 17.725 17.693 17.673 17.663 17.653
14.237 14.382 14.487 14.54 14.58 14.625 14.663 14.69 14.723 14.768 14.838 14.928 15.03 15.14 15.245 15.35 15.465 15.598 15.753 15.917 16.08 16.247 16.397 16.52 16.64 16.76 16.888 17.022 17.157 17.282 17.367 17.385 17.35 17.303 17.278 17.31 17.373 17.425 17.475 17.528 17.578 17.618 17.64 17.64 17.628 17.618 17.645 17.705 17.765 17.82 17.835 17.815 17.798 17.788 17.8 17.83 17.85 17.85 17.755 17.53 17.27 17.075 17.123 17.355 17.572 17.757 17.825 17.792 17.757 17.72 17.703 17.705 17.7
14.265 14.41 14.52 14.577 14.612 14.627 14.648 14.683 14.725 14.785 14.85 14.915 14.995 15.09 15.193 15.303 15.43 15.578 15.738 15.9 16.068 16.252 16.415 16.542 16.665 16.785 16.913 17.045 17.167 17.267 17.34 17.385 17.377 17.33 17.298 17.32 17.385 17.453 17.508 17.555 17.595 17.622 17.642 17.655 17.655 17.65 17.67 17.718 17.777 17.825 17.83 17.813 17.803 17.8 17.813 17.835 17.84 17.825 17.787 17.637 17.368 17.105 17.005 17.153 17.405 17.63 17.777 17.812 17.785 17.745 17.73 17.74 17.745
14.292 14.44 14.552 14.61 14.627 14.62 14.635 14.683 14.74 14.805 14.87 14.93 14.995 15.068 15.15 15.263 15.405 15.56 15.72 15.888 16.073 16.27 16.435 16.565 16.69 16.81 16.935 17.055 17.152 17.23 17.295 17.355 17.385 17.363 17.35 17.383 17.433 17.495 17.55 17.587 17.615 17.632 17.65 17.672 17.687 17.69 17.705 17.74 17.792 17.832 17.833 17.823 17.817 17.815 17.822 17.827 17.815 17.795 17.775 17.712 17.512 17.235 16.995 16.893 17.033 17.282 17.502 17.66 17.752 17.772 17.76 17.77 17.782
14.32 14.47 14.585 14.627 14.623 14.613 14.635 14.695 14.76 14.825 14.89 14.953 15.017 15.08 15.158 15.27 15.403 15.545 15.708 15.893 16.09 16.29 16.452 16.577 16.702 16.825 16.94 17.037 17.117 17.187 17.25 17.31 17.365 17.392 17.415 17.452 17.49 17.537 17.58 17.602 17.62 17.637 17.655 17.677 17.702 17.722 17.745 17.775 17.813 17.84 17.843 17.838 17.832 17.82 17.812 17.805 17.785 17.765 17.745 17.725 17.612 17.38 17.135 16.903 16.793 16.905 17.12 17.343 17.56 17.722 17.785 17.798 17.815
14.425 14.557 14.635 14.647 14.635 14.63 14.658 14.718 14.78 14.845 14.91 14.975 15.04 15.113 15.215 15.333 15.448 15.563 15.723 15.925 16.125 16.325 16.462 16.55 16.665 16.79 16.895 16.98 17.055 17.122 17.185 17.245 17.31 17.382 17.437 17.472 17.51 17.545 17.577 17.605 17.625 17.642 17.66 17.683 17.708 17.737 17.775 17.812 17.845 17.865 17.87 17.867 17.845 17.762 17.692 17.685 17.685 17.682 17.68 17.68 17.647 17.505 17.275 17.038 16.828 16.763 16.905 17.138 17.378 17.647 17.802 17.82 17.835
14.6 14.665 14.68 14.68 14.675 14.673 14.7 14.753 14.808 14.868 14.93 14.995 15.073 15.173 15.29 15.402 15.505 15.6 15.755 15.967 16.172 16.375 16.485 16.518 16.595 16.71 16.815 16.897 16.97 17.035 17.097 17.16 17.24 17.342 17.412 17.45 17.482 17.505 17.543 17.592 17.627 17.647 17.665 17.688 17.713 17.745 17.792 17.842 17.882 17.907 17.912 17.885 17.785 17.605 17.478 17.463 17.48 17.497 17.515 17.532 17.565 17.557 17.402 17.17 17.003 16.9 16.895 17.05 17.323 17.645 17.817 17.832 17.835
14.715 14.715 14.705 14.71 14.712 14.717 14.748 14.795 14.845 14.898 14.955 15.03 15.13 15.242 15.352 15.45 15.537 15.63 15.788 16.002 16.215 16.42 16.525 16.535 16.565 16.64 16.733 16.81 16.878 16.943 17.01 17.085 17.188 17.31 17.387 17.42 17.442 17.46 17.5 17.56 17.612 17.647 17.67 17.693 17.72 17.758 17.808 17.86 17.91 17.947 17.922 17.807 17.62 17.405 17.26 17.228 17.245 17.263 17.28 17.328 17.43 17.545 17.495 17.32 17.2 17.11 17.018 17.048 17.313 17.662 17.83 17.832 17.82
14.757 14.742 14.735 14.735 14.732 14.74 14.785 14.842 14.89 14.94 14.99 15.06 15.16 15.267 15.367 15.465 15.56 15.66 15.823 16.037 16.252 16.46 16.565 16.575 16.59 16.628 16.68 16.74 16.808 16.875 16.945 17.035 17.155 17.282 17.362 17.385 17.4 17.42 17.46 17.52 17.58 17.632 17.67 17.7 17.73 17.77 17.82 17.872 17.922 17.96 17.88 17.658 17.42 17.203 17.04 16.993 17.01 17.038 17.09 17.198 17.345 17.492 17.547 17.475 17.367 17.262 17.165 17.138 17.335 17.672 17.83 17.82 17.803
14.752 14.745 14.742 14.737 14.73 14.73 14.787 14.88 14.945 14.992 15.035 15.078 15.15 15.253 15.355 15.457 15.56 15.665 15.83 16.05 16.27 16.482 16.615 16.658 16.685 16.715 16.733 16.748 16.79 16.855 16.925 17.02 17.145 17.26 17.35 17.39 17.398 17.41 17.435 17.483 17.54 17.6 17.655 17.697 17.735 17.775 17.817 17.862 17.902 17.932 17.885 17.675 17.378 17.083 16.843 16.78 16.843 16.915 16.988 17.088 17.227 17.372 17.515 17.557 17.47 17.363 17.295 17.27 17.395 17.675 17.817 17.803 17.788
14.72 14.725 14.727 14.722 14.718 14.715 14.758 14.865 14.977 15.047 15.085 15.11 15.153 15.238 15.34 15.442 15.54 15.64 15.805 16.027 16.25 16.46 16.632 16.757 16.825 16.855 16.87 16.858 16.85 16.873 16.925 17.02 17.135 17.232 17.335 17.415 17.437 17.44 17.448 17.468 17.508 17.565 17.622 17.672 17.715 17.752 17.79 17.825 17.857 17.885 17.895 17.817 17.557 17.19 16.875 16.74 16.79 16.895 16.953 16.99 17.083 17.22 17.39 17.542 17.552 17.485 17.455 17.44 17.485 17.675 17.805 17.79 17.775
14.693 14.707 14.712 14.708 14.705 14.705 14.723 14.81 14.952 15.072 15.132 15.155 15.18 15.235 15.325 15.425 15.517 15.61 15.77 15.99 16.21 16.412 16.595 16.77 16.907 16.985 17.017 17.01 16.982 16.963 16.96 17.013 17.102 17.193 17.302 17.417 17.475 17.483 17.488 17.493 17.508 17.54 17.585 17.633 17.673 17.71 17.747 17.78 17.81 17.832 17.84 17.837 17.732 17.445 17.14 16.943 16.85 16.885 16.947 16.96 16.988 17.08 17.243 17.46 17.597 17.617 17.617 17.61 17.605 17.703 17.792 17.778 17.763
14.673 14.695 14.7 14.695 14.695 14.695 14.695 14.758 14.893 15.032 15.132 15.18 15.21 15.25 15.318 15.403 15.49 15.58 15.735 15.953 16.168 16.365 16.542 16.717 16.892 17.042 17.14 17.152 17.102 17.045 16.993 17 17.065 17.15 17.265 17.395 17.492 17.527 17.532 17.537 17.54 17.545 17.57 17.605 17.638 17.673 17.703 17.73 17.76 17.78 17.785 17.785 17.772 17.645 17.432 17.247 17.073 16.968 16.955 16.96 16.965 17.003 17.135 17.37 17.592 17.69 17.707 17.72 17.725 17.757 17.782 17.765 17.75
14.665 14.693 14.713 14.72 14.72 14.72 14.718 14.745 14.833 14.955 15.08 15.162 15.205 15.248 15.315 15.403 15.49 15.58 15.735 15.953 16.145 16.315 16.485 16.66 16.835 17.01 17.155 17.187 17.117 17.025 16.975 16.995 17.048 17.123 17.233 17.36 17.485 17.555 17.57 17.575 17.575 17.575 17.59 17.615 17.638 17.663 17.685 17.708 17.733 17.745 17.74 17.735 17.735 17.71 17.595 17.42 17.26 17.138 17.085 17.088 17.105 17.115 17.16 17.333 17.58 17.71 17.73 17.755 17.782 17.797 17.79 17.77 17.753
14.685 14.713 14.755 14.795 14.805 14.805 14.808 14.815 14.845 14.908 15.013 15.12 15.18 15.233 15.32 15.427 15.522 15.613 15.768 15.972 16.132 16.268 16.425 16.597 16.772 16.932 17.05 17.102 17.062 16.975 16.953 16.998 17.053 17.123 17.22 17.338 17.465 17.557 17.587 17.592 17.597 17.602 17.617 17.637 17.655 17.675 17.695 17.715 17.732 17.737 17.725 17.71 17.7 17.69 17.615 17.495 17.41 17.363 17.343 17.35 17.37 17.357 17.333 17.38 17.563 17.715 17.75 17.778 17.815 17.83 17.815 17.8 17.795
14.717 14.748 14.798 14.862 14.902 14.915 14.92 14.93 14.94 14.953 14.995 15.078 15.15 15.225 15.33 15.445 15.552 15.648 15.795 15.97 16.105 16.23 16.373 16.535 16.697 16.822 16.91 16.982 16.987 16.94 16.948 17.005 17.068 17.138 17.225 17.33 17.45 17.552 17.592 17.597 17.6 17.607 17.627 17.65 17.667 17.685 17.705 17.722 17.735 17.74 17.73 17.71 17.687 17.67 17.655 17.652 17.66 17.647 17.622 17.62 17.62 17.587 17.558 17.545 17.598 17.708 17.775 17.81 17.85 17.86 17.85 17.858 17.875
14.74 14.778 14.833 14.905 14.97 15.01 15.025 15.035 15.042 15.05 15.06 15.088 15.14 15.228 15.34 15.455 15.57 15.678 15.81 15.953 16.078 16.203 16.333 16.47 16.595 16.69 16.768 16.84 16.89 16.915 16.958 17.02 17.088 17.16 17.243 17.34 17.448 17.547 17.592 17.592 17.585 17.588 17.612 17.645 17.67 17.692 17.712 17.727 17.74 17.745 17.735 17.705 17.665 17.655 17.69 17.745 17.797 17.83 17.85 17.86 17.84 17.8 17.767 17.745 17.725 17.75 17.807 17.852 17.887 17.897 17.9 17.915 17.93
14.757 14.803 14.863 14.935 14.997 15.04 15.067 15.085 15.092 15.1 15.11 15.12 15.168 15.268 15.38 15.493 15.605 15.718 15.838 15.96 16.085 16.21 16.335 16.453 16.55 16.638 16.715 16.785 16.855 16.915 16.975 17.042 17.112 17.185 17.263 17.355 17.455 17.542 17.577 17.57 17.56 17.563 17.588 17.62 17.65 17.675 17.695 17.715 17.735 17.745 17.72 17.66 17.625 17.648 17.693 17.74 17.8 17.865 17.93 17.962 17.94 17.9 17.865 17.835 17.807 17.8 17.83 17.88 17.91 17.92 17.927 17.932 17.937
14.775 14.825 14.885 14.947 14.987 15.013 15.045 15.077 15.095 15.105 15.115 15.14 15.218 15.332 15.445 15.555 15.665 15.775 15.89 16.01 16.133 16.255 16.38 16.492 16.585 16.675 16.757 16.827 16.885 16.935 16.995 17.065 17.135 17.205 17.28 17.37 17.465 17.532 17.55 17.542 17.535 17.538 17.563 17.592 17.615 17.63 17.648 17.672 17.695 17.7 17.652 17.598 17.608 17.653 17.698 17.743 17.795 17.855 17.917 17.95 17.935 17.9 17.865 17.838 17.818 17.815 17.845 17.887 17.9 17.903 17.917 17.927 17.933
14.795 14.845 14.9 14.942 14.96 14.98 15.015 15.057 15.09 15.105 15.118 15.173 15.28 15.395 15.505 15.615 15.725 15.835 15.95 16.07 16.187 16.305 16.43 16.54 16.63 16.72 16.802 16.867 16.915 16.952 17.002 17.077 17.155 17.225 17.298 17.385 17.465 17.507 17.517 17.515 17.51 17.513 17.535 17.557 17.57 17.58 17.595 17.612 17.62 17.612 17.58 17.573 17.612 17.657 17.702 17.747 17.795 17.847 17.9 17.925 17.92 17.897 17.865 17.845 17.835 17.835 17.865 17.89 17.883 17.883 17.9 17.915 17.925
14.815 14.862 14.9 14.92 14.93 14.95 14.985 15.028 15.07 15.103 15.14 15.223 15.34 15.455 15.56 15.66 15.762 15.872 15.992 16.115 16.235 16.355 16.475 16.58 16.67 16.76 16.837 16.885 16.915 16.937 16.975 17.05 17.137 17.22 17.302 17.385 17.445 17.472 17.48 17.48 17.478 17.483 17.498 17.513 17.525 17.535 17.543 17.545 17.54 17.53 17.533 17.562 17.61 17.657 17.705 17.75 17.795 17.842 17.88 17.895 17.895 17.887 17.87 17.86 17.855 17.855 17.875 17.882 17.868 17.862 17.875 17.892 17.905
14.825 14.872 14.9 14.91 14.93 14.97 14.995 15.015 15.058 15.1 15.16 15.255 15.367 15.48 15.58 15.672 15.77 15.88 16.005 16.132 16.26 16.385 16.492 16.575 16.655 16.745 16.82 16.86 16.88 16.895 16.93 16.995 17.078 17.172 17.267 17.347 17.4 17.43 17.437 17.435 17.443 17.458 17.468 17.48 17.495 17.505 17.505 17.495 17.488 17.48 17.49 17.53 17.58 17.627 17.675 17.722 17.77 17.822 17.857 17.865 17.865 17.865 17.865 17.867 17.87 17.872 17.875 17.867 17.852 17.827 17.785 17.765 17.77
14.825 14.875 14.905 14.918 14.975 15.062 15.077 15.053 15.068 15.105 15.165 15.255 15.36 15.47 15.57 15.668 15.773 15.883 16.008 16.14 16.27 16.397 16.492 16.545 16.603 16.685 16.757 16.805 16.835 16.853 16.89 16.95 17.02 17.108 17.2 17.28 17.34 17.38 17.39 17.39 17.415 17.445 17.455 17.46 17.473 17.485 17.485 17.47 17.458 17.45 17.455 17.483 17.525 17.573 17.62 17.67 17.725 17.792 17.832 17.835 17.835 17.835 17.84 17.85 17.863 17.875 17.872 17.855 17.84 17.795 17.693 17.598 17.55
14.827 14.877 14.905 14.948 15.06 15.175 15.19 15.14 15.11 15.123 15.18 15.263 15.355 15.46 15.563 15.665 15.775 15.888 16.013 16.145 16.278 16.41 16.495 16.53 16.568 16.625 16.688 16.74 16.782 16.81 16.85 16.91 16.973 17.048 17.132 17.21 17.277 17.327 17.345 17.36 17.4 17.435 17.445 17.445 17.453 17.465 17.465 17.45 17.433 17.42 17.423 17.443 17.475 17.52 17.57 17.628 17.698 17.772 17.807 17.805 17.805 17.805 17.815 17.835 17.858 17.877 17.872 17.848 17.83 17.772 17.655 17.525 17.413
14.83 14.883 14.93 15.025 15.17 15.285 15.3 15.25 15.2 15.168 15.2 15.28 15.363 15.455 15.558 15.668 15.78 15.893 16.015 16.148 16.283 16.42 16.505 16.535 16.563 16.593 16.635 16.68 16.723 16.763 16.81 16.87 16.93 16.995 17.067 17.14 17.21 17.27 17.308 17.343 17.387 17.422 17.435 17.435 17.438 17.445 17.442 17.427 17.41 17.392 17.39 17.407 17.432 17.47 17.527 17.6 17.68 17.752 17.782 17.783 17.788 17.793 17.81 17.84 17.87 17.89 17.88 17.847 17.817 17.742 17.618 17.495 17.373
14.843 14.9 14.985 15.115 15.265 15.377 15.392 15.342 15.287 15.243 15.265 15.345 15.425 15.508 15.6 15.7 15.8 15.9 16.018 16.158 16.298 16.437 16.525 16.555 16.575 16.59 16.618 16.653 16.69 16.712 16.74 16.795 16.855 16.912 16.977 17.05 17.125 17.215 17.285 17.33 17.375 17.41 17.425 17.425 17.425 17.425 17.4 17.367 17.347 17.322 17.317 17.335 17.355 17.39 17.455 17.537 17.62 17.707 17.767 17.785 17.795 17.808 17.828 17.855 17.885 17.887 17.855 17.817 17.785 17.722 17.615 17.5 17.385
14.875 14.948 15.048 15.18 15.33 15.43 15.437 15.397 15.345 15.323 15.373 15.455 15.535 15.615 15.698 15.783 15.865 15.94 16.043 16.18 16.32 16.46 16.545 16.57 16.58 16.588 16.613 16.65 16.667 16.647 16.648 16.69 16.743 16.8 16.868 16.95 17.053 17.18 17.275 17.322 17.365 17.4 17.415 17.415 17.41 17.397 17.345 17.273 17.23 17.2 17.195 17.217 17.24 17.27 17.333 17.418 17.513 17.63 17.732 17.792 17.82 17.833 17.85 17.875 17.89 17.86 17.8 17.75 17.72 17.682 17.61 17.52 17.415
14.93 15.02 15.118 15.235 15.38 15.457 15.445 15.417 15.385 15.4 15.477 15.56 15.64 15.722 15.805 15.882 15.947 16 16.09 16.22 16.353 16.487 16.562 16.575 16.58 16.585 16.607 16.622 16.597 16.56 16.56 16.593 16.633 16.69 16.773 16.883 17.018 17.16 17.262 17.315 17.355 17.39 17.402 17.395 17.38 17.36 17.297 17.198 17.118 17.073 17.07 17.093 17.115 17.14 17.198 17.293 17.413 17.545 17.66 17.755 17.825 17.855 17.87 17.885 17.867 17.815 17.753 17.693 17.648 17.607 17.555 17.493 17.425
15.005 15.1 15.195 15.298 15.42 15.472 15.445 15.418 15.413 15.468 15.562 15.655 15.742 15.827 15.9 15.955 16.002 16.05 16.14 16.267 16.39 16.51 16.575 16.583 16.585 16.588 16.585 16.553 16.505 16.47 16.47 16.5 16.54 16.605 16.713 16.85 16.993 17.137 17.25 17.31 17.35 17.387 17.392 17.365 17.338 17.315 17.252 17.15 17.048 16.968 16.95 16.97 16.993 17.018 17.08 17.195 17.328 17.46 17.575 17.675 17.772 17.847 17.885 17.877 17.83 17.768 17.705 17.645 17.588 17.538 17.493 17.478 17.47
15.062 15.162 15.262 15.362 15.452 15.475 15.445 15.415 15.438 15.523 15.622 15.725 15.822 15.91 15.97 16.01 16.053 16.098 16.178 16.292 16.407 16.52 16.585 16.595 16.597 16.6 16.59 16.54 16.468 16.41 16.41 16.46 16.52 16.6 16.705 16.833 16.97 17.112 17.237 17.307 17.348 17.397 17.405 17.365 17.328 17.282 17.202 17.1 16.998 16.905 16.868 16.88 16.903 16.923 17.015 17.163 17.29 17.42 17.535 17.633 17.73 17.827 17.887 17.872 17.815 17.753 17.688 17.625 17.565 17.533 17.545 17.578 17.57
15.085 15.19 15.295 15.397 15.465 15.467 15.443 15.428 15.475 15.575 15.675 15.775 15.898 16 16.043 16.073 16.11 16.15 16.215 16.308 16.413 16.527 16.597 16.61 16.613 16.617 16.622 16.595 16.518 16.433 16.425 16.49 16.565 16.647 16.738 16.843 16.96 17.09 17.222 17.302 17.35 17.417 17.435 17.395 17.34 17.255 17.153 17.048 16.943 16.863 16.828 16.823 16.835 16.85 16.97 17.165 17.312 17.442 17.552 17.648 17.745 17.84 17.892 17.885 17.84 17.78 17.718 17.655 17.628 17.66 17.715 17.717 17.662
