EGM722_Project_Data/DTM_asc/TL4459.asc
ncols         200
nrows         200
xllcorner     544000.000
yllcorner     259000.000
cellsize      5
NODATA_value  -9999.0
[rows 32 to 63 of 200, columns 0 to 72 of 200]
17.28 17.31 17.342 17.375 17.355 17.282 17.265 17.275 17.23 17.168 17.155 17.185 17.215 17.245 17.27 17.29 17.32 17.355 17.39 17.422 17.45 17.475 17.505 17.54 17.542 17.512 17.47 17.415 17.355 17.29 17.24 17.263 17.35 17.458 17.535 17.573 17.603 17.638 17.705 17.792 17.865 17.917 17.965 18.02 18.062 18.077 18.095 18.12 18.145 18.175 18.205 18.238 18.288 18.355 18.43 18.52 18.635 18.758 18.858 18.948 19.048 19.155 19.212 19.192 19.097 18.935 18.75 18.565 18.425 18.375 18.38 18.395 18.42
17.275 17.305 17.338 17.37 17.402 17.402 17.377 17.33 17.255 17.2 17.195 17.225 17.255 17.288 17.315 17.34 17.377 17.415 17.45 17.485 17.515 17.542 17.575 17.61 17.63 17.615 17.562 17.495 17.425 17.36 17.323 17.345 17.41 17.493 17.56 17.593 17.62 17.655 17.72 17.81 17.895 17.965 18.02 18.062 18.082 18.085 18.098 18.12 18.143 18.17 18.2 18.243 18.305 18.378 18.45 18.525 18.608 18.7 18.8 18.9 19.005 19.112 19.162 19.132 19.04 18.882 18.698 18.513 18.375 18.338 18.358 18.385 18.42
17.273 17.308 17.343 17.378 17.412 17.432 17.397 17.322 17.26 17.233 17.245 17.275 17.308 17.34 17.362 17.388 17.427 17.465 17.495 17.525 17.555 17.59 17.627 17.662 17.697 17.69 17.625 17.545 17.478 17.435 17.423 17.455 17.515 17.58 17.643 17.685 17.715 17.748 17.803 17.875 17.948 18.017 18.065 18.087 18.097 18.095 18.108 18.128 18.14 18.163 18.198 18.26 18.343 18.433 18.495 18.54 18.61 18.695 18.785 18.878 18.978 19.08 19.107 19.05 18.97 18.83 18.645 18.468 18.363 18.37 18.41 18.445 18.49
17.285 17.325 17.365 17.405 17.427 17.415 17.363 17.303 17.278 17.285 17.308 17.335 17.37 17.392 17.403 17.43 17.462 17.48 17.497 17.525 17.557 17.602 17.645 17.677 17.715 17.72 17.66 17.588 17.55 17.53 17.528 17.565 17.628 17.695 17.765 17.827 17.872 17.91 17.96 18.015 18.055 18.085 18.105 18.115 18.117 18.105 18.118 18.152 18.168 18.178 18.228 18.32 18.423 18.53 18.582 18.588 18.623 18.693 18.783 18.875 18.975 19.085 19.085 18.978 18.887 18.767 18.593 18.463 18.433 18.46 18.517 18.577 18.622
17.345 17.355 17.395 17.425 17.42 17.385 17.343 17.32 17.333 17.355 17.375 17.397 17.422 17.43 17.437 17.457 17.465 17.463 17.473 17.503 17.545 17.6 17.647 17.68 17.712 17.732 17.702 17.66 17.645 17.63 17.633 17.675 17.74 17.81 17.88 17.95 18.012 18.062 18.1 18.127 18.14 18.14 18.14 18.137 18.127 18.11 18.12 18.17 18.212 18.233 18.298 18.412 18.525 18.635 18.685 18.675 18.675 18.705 18.783 18.888 19 19.115 19.097 18.953 18.825 18.703 18.58 18.53 18.545 18.56 18.603 18.677 18.745
17.425 17.413 17.427 17.425 17.395 17.363 17.348 17.355 17.38 17.405 17.427 17.447 17.455 17.452 17.455 17.453 17.443 17.438 17.45 17.488 17.54 17.6 17.65 17.685 17.715 17.745 17.755 17.75 17.745 17.733 17.74 17.788 17.855 17.925 17.99 18.05 18.107 18.152 18.17 18.172 18.175 18.172 18.162 18.147 18.13 18.11 18.12 18.17 18.23 18.277 18.35 18.462 18.575 18.685 18.752 18.757 18.745 18.743 18.803 18.92 19.04 19.142 19.112 18.97 18.83 18.7 18.64 18.645 18.658 18.673 18.693 18.743 18.825
17.452 17.447 17.435 17.407 17.375 17.36 17.36 17.37 17.392 17.415 17.44 17.457 17.455 17.46 17.475 17.47 17.448 17.423 17.435 17.488 17.543 17.6 17.652 17.69 17.723 17.757 17.785 17.802 17.812 17.817 17.84 17.89 17.95 18.01 18.065 18.115 18.155 18.18 18.192 18.197 18.202 18.2 18.18 18.153 18.13 18.11 18.12 18.17 18.227 18.28 18.343 18.43 18.535 18.645 18.74 18.79 18.792 18.78 18.835 18.955 19.072 19.16 19.142 19.03 18.895 18.77 18.733 18.76 18.777 18.792 18.805 18.815 18.863
17.443 17.43 17.415 17.388 17.373 17.373 17.373 17.373 17.385 17.408 17.432 17.443 17.445 17.468 17.5 17.52 17.507 17.468 17.455 17.493 17.548 17.605 17.66 17.702 17.737 17.77 17.795 17.815 17.835 17.857 17.895 17.95 18.005 18.055 18.105 18.15 18.18 18.2 18.215 18.22 18.233 18.235 18.205 18.168 18.135 18.11 18.12 18.167 18.22 18.272 18.325 18.385 18.465 18.565 18.67 18.76 18.81 18.815 18.87 18.982 19.08 19.15 19.157 19.097 18.985 18.86 18.825 18.865 18.897 18.915 18.925 18.908 18.903
17.45 17.418 17.398 17.383 17.385 17.39 17.39 17.385 17.383 17.4 17.422 17.433 17.45 17.48 17.513 17.547 17.567 17.555 17.53 17.528 17.558 17.61 17.667 17.715 17.75 17.78 17.805 17.825 17.848 17.873 17.905 17.965 18.037 18.095 18.14 18.175 18.2 18.22 18.235 18.245 18.27 18.272 18.235 18.195 18.155 18.12 18.12 18.16 18.213 18.267 18.32 18.37 18.425 18.498 18.59 18.69 18.78 18.833 18.898 18.987 19.06 19.12 19.135 19.11 19.05 18.948 18.913 18.96 19.005 19.032 19.037 19.005 18.96
17.47 17.42 17.395 17.395 17.402 17.407 17.41 17.405 17.395 17.398 17.413 17.433 17.46 17.493 17.527 17.56 17.59 17.607 17.605 17.595 17.598 17.625 17.672 17.722 17.762 17.792 17.815 17.837 17.862 17.885 17.91 17.968 18.052 18.122 18.162 18.19 18.217 18.24 18.257 18.282 18.315 18.307 18.262 18.217 18.172 18.135 18.128 18.16 18.21 18.26 18.31 18.363 18.415 18.47 18.555 18.658 18.753 18.84 18.912 18.97 19.03 19.092 19.107 19.085 19.06 19.01 19 19.047 19.095 19.135 19.137 19.095 19.035
17.505 17.445 17.415 17.415 17.418 17.425 17.427 17.422 17.415 17.402 17.41 17.44 17.47 17.505 17.54 17.57 17.6 17.617 17.622 17.627 17.627 17.633 17.665 17.717 17.765 17.792 17.815 17.845 17.872 17.897 17.923 17.97 18.05 18.122 18.152 18.162 18.185 18.212 18.24 18.282 18.322 18.31 18.26 18.21 18.17 18.15 18.148 18.173 18.218 18.263 18.308 18.36 18.415 18.47 18.563 18.675 18.773 18.867 18.937 18.978 19.023 19.072 19.085 19.068 19.053 19.03 19.03 19.065 19.107 19.147 19.16 19.137 19.1
17.547 17.48 17.445 17.44 17.438 17.443 17.442 17.437 17.42 17.388 17.393 17.44 17.48 17.515 17.55 17.58 17.6 17.602 17.605 17.615 17.62 17.623 17.648 17.703 17.757 17.785 17.803 17.828 17.857 17.89 17.92 17.965 18.04 18.11 18.13 18.123 18.123 18.138 18.178 18.235 18.287 18.285 18.235 18.195 18.178 18.175 18.175 18.193 18.233 18.275 18.315 18.363 18.415 18.47 18.563 18.685 18.8 18.9 18.972 19.015 19.05 19.077 19.083 19.073 19.055 19.028 19.003 19.015 19.055 19.082 19.095 19.1 19.095
17.58 17.51 17.475 17.472 17.468 17.465 17.457 17.435 17.395 17.348 17.355 17.422 17.482 17.525 17.56 17.582 17.582 17.578 17.585 17.595 17.603 17.61 17.638 17.695 17.755 17.785 17.795 17.808 17.828 17.855 17.893 17.953 18.032 18.1 18.12 18.108 18.095 18.1 18.138 18.193 18.25 18.26 18.228 18.213 18.208 18.205 18.205 18.215 18.245 18.282 18.32 18.365 18.415 18.468 18.558 18.685 18.812 18.925 19.007 19.055 19.082 19.097 19.097 19.085 19.057 19.022 18.985 18.973 18.995 19.012 19.02 19.03 19.037
17.613 17.543 17.508 17.505 17.5 17.49 17.465 17.417 17.363 17.308 17.315 17.39 17.465 17.527 17.565 17.57 17.558 17.558 17.57 17.583 17.593 17.605 17.638 17.693 17.755 17.79 17.798 17.805 17.815 17.83 17.87 17.943 18.027 18.092 18.113 18.108 18.105 18.113 18.14 18.183 18.23 18.25 18.245 18.245 18.24 18.235 18.235 18.238 18.255 18.285 18.323 18.368 18.415 18.465 18.555 18.685 18.815 18.94 19.04 19.087 19.1 19.11 19.11 19.09 19.055 19.015 18.975 18.945 18.935 18.94 18.95 18.96 18.97
17.645 17.575 17.54 17.535 17.527 17.502 17.457 17.403 17.345 17.3 17.318 17.388 17.463 17.527 17.557 17.55 17.543 17.555 17.57 17.585 17.6 17.615 17.648 17.698 17.755 17.792 17.802 17.81 17.82 17.833 17.878 17.955 18.038 18.102 18.125 18.13 18.135 18.14 18.165 18.205 18.242 18.265 18.272 18.275 18.272 18.268 18.265 18.268 18.275 18.29 18.323 18.368 18.415 18.465 18.555 18.685 18.815 18.942 19.047 19.095 19.102 19.11 19.107 19.08 19.042 19.005 18.968 18.933 18.895 18.878 18.883 18.89 18.9
17.675 17.605 17.573 17.565 17.542 17.5 17.445 17.39 17.348 17.333 17.363 17.42 17.477 17.522 17.54 17.538 17.545 17.565 17.58 17.595 17.61 17.623 17.655 17.7 17.742 17.777 17.8 17.815 17.825 17.848 17.905 17.985 18.065 18.135 18.162 18.16 18.163 18.17 18.195 18.232 18.262 18.282 18.295 18.302 18.305 18.302 18.3 18.305 18.31 18.31 18.325 18.365 18.415 18.465 18.555 18.685 18.807 18.92 19.02 19.077 19.092 19.1 19.095 19.065 19.028 18.995 18.965 18.925 18.873 18.833 18.82 18.825 18.843
17.692 17.638 17.603 17.582 17.54 17.49 17.435 17.39 17.375 17.378 17.397 17.432 17.468 17.503 17.523 17.535 17.555 17.575 17.592 17.608 17.62 17.633 17.66 17.695 17.725 17.753 17.78 17.808 17.828 17.863 17.933 18.015 18.098 18.177 18.21 18.2 18.195 18.198 18.22 18.255 18.28 18.3 18.315 18.325 18.332 18.335 18.335 18.335 18.335 18.33 18.333 18.365 18.415 18.465 18.553 18.672 18.78 18.88 18.98 19.047 19.075 19.09 19.082 19.052 19.018 18.99 18.962 18.915 18.86 18.81 18.77 18.765 18.803
17.682 17.657 17.62 17.58 17.53 17.477 17.43 17.408 17.405 17.405 17.418 17.445 17.473 17.5 17.52 17.538 17.563 17.585 17.605 17.62 17.633 17.653 17.683 17.713 17.738 17.76 17.783 17.813 17.843 17.89 17.968 18.05 18.135 18.22 18.257 18.25 18.237 18.228 18.243 18.272 18.297 18.32 18.335 18.345 18.352 18.357 18.357 18.35 18.345 18.34 18.338 18.365 18.415 18.465 18.543 18.645 18.745 18.843 18.94 19.012 19.05 19.075 19.072 19.045 19.018 18.992 18.957 18.905 18.85 18.798 18.748 18.74 18.778
17.647 17.625 17.582 17.53 17.477 17.423 17.403 17.415 17.417 17.413 17.428 17.467 17.502 17.525 17.54 17.553 17.573 17.595 17.615 17.63 17.65 17.68 17.715 17.747 17.772 17.795 17.818 17.843 17.875 17.935 18.015 18.098 18.182 18.257 18.292 18.29 18.277 18.265 18.273 18.293 18.313 18.335 18.35 18.36 18.367 18.372 18.37 18.36 18.353 18.347 18.343 18.365 18.415 18.468 18.54 18.633 18.73 18.825 18.915 18.987 19.03 19.06 19.067 19.045 19.02 18.992 18.947 18.892 18.84 18.79 18.765 18.775 18.788
17.582 17.547 17.497 17.438 17.383 17.343 17.355 17.397 17.417 17.418 17.435 17.48 17.525 17.555 17.57 17.58 17.593 17.608 17.625 17.645 17.673 17.708 17.743 17.777 17.807 17.83 17.853 17.88 17.92 17.985 18.065 18.147 18.225 18.285 18.32 18.322 18.313 18.308 18.313 18.325 18.34 18.36 18.37 18.373 18.38 18.385 18.38 18.37 18.36 18.355 18.35 18.368 18.415 18.47 18.545 18.635 18.73 18.82 18.895 18.962 19.015 19.05 19.062 19.047 19.022 18.987 18.935 18.88 18.833 18.805 18.81 18.82 18.812
17.515 17.46 17.413 17.348 17.29 17.278 17.315 17.365 17.405 17.42 17.443 17.49 17.542 17.585 17.605 17.615 17.625 17.635 17.648 17.67 17.7 17.735 17.77 17.805 17.84 17.867 17.893 17.928 17.975 18.038 18.112 18.185 18.247 18.302 18.347 18.357 18.35 18.35 18.358 18.37 18.383 18.4 18.405 18.395 18.393 18.395 18.39 18.38 18.37 18.365 18.36 18.373 18.418 18.475 18.548 18.635 18.722 18.797 18.862 18.927 18.99 19.037 19.055 19.047 19.022 18.98 18.928 18.875 18.845 18.845 18.85 18.842 18.827
17.535 17.425 17.348 17.285 17.235 17.233 17.275 17.325 17.375 17.412 17.45 17.497 17.547 17.605 17.647 17.665 17.678 17.69 17.698 17.71 17.735 17.768 17.803 17.838 17.87 17.9 17.935 17.98 18.03 18.088 18.15 18.21 18.265 18.32 18.372 18.392 18.39 18.392 18.402 18.415 18.427 18.44 18.437 18.422 18.41 18.402 18.395 18.385 18.375 18.367 18.36 18.375 18.425 18.485 18.552 18.627 18.697 18.763 18.827 18.892 18.96 19.02 19.045 19.042 19.017 18.972 18.925 18.89 18.882 18.882 18.872 18.855 18.835
17.587 17.448 17.335 17.273 17.238 17.228 17.248 17.29 17.34 17.39 17.44 17.485 17.538 17.615 17.692 17.732 17.748 17.762 17.767 17.763 17.775 17.805 17.84 17.875 17.905 17.943 17.99 18.043 18.093 18.14 18.193 18.25 18.305 18.357 18.4 18.417 18.422 18.43 18.437 18.445 18.455 18.46 18.45 18.432 18.417 18.402 18.387 18.375 18.365 18.355 18.35 18.378 18.432 18.49 18.552 18.613 18.668 18.728 18.793 18.858 18.925 18.99 19.027 19.035 19.012 18.968 18.933 18.92 18.915 18.9 18.875 18.847 18.82
17.592 17.47 17.358 17.293 17.268 17.253 17.245 17.265 17.31 17.36 17.41 17.463 17.535 17.63 17.727 17.795 17.82 17.835 17.837 17.82 17.82 17.848 17.882 17.915 17.945 18 18.065 18.117 18.165 18.203 18.25 18.31 18.36 18.4 18.422 18.43 18.437 18.445 18.452 18.457 18.46 18.46 18.452 18.433 18.413 18.395 18.375 18.358 18.345 18.335 18.34 18.38 18.438 18.495 18.552 18.605 18.653 18.703 18.76 18.82 18.885 18.95 18.997 19.02 19.007 18.973 18.952 18.94 18.917 18.89 18.857 18.823 18.79
17.582 17.473 17.373 17.318 17.3 17.285 17.268 17.263 17.285 17.33 17.385 17.458 17.55 17.65 17.75 17.84 17.887 17.902 17.9 17.88 17.87 17.89 17.925 17.955 17.995 18.07 18.145 18.192 18.232 18.265 18.307 18.357 18.395 18.422 18.437 18.442 18.445 18.448 18.455 18.46 18.46 18.462 18.46 18.44 18.413 18.39 18.37 18.348 18.328 18.315 18.333 18.385 18.442 18.5 18.552 18.597 18.64 18.685 18.735 18.788 18.848 18.91 18.96 18.992 19 18.98 18.955 18.93 18.895 18.86 18.83 18.797 18.763
17.573 17.473 17.4 17.363 17.343 17.325 17.308 17.29 17.283 17.31 17.378 17.47 17.57 17.67 17.77 17.87 17.945 17.97 17.96 17.94 17.923 17.933 17.965 17.998 18.058 18.147 18.22 18.257 18.282 18.305 18.34 18.385 18.417 18.44 18.452 18.455 18.45 18.445 18.455 18.465 18.465 18.467 18.467 18.45 18.42 18.395 18.373 18.348 18.323 18.308 18.333 18.39 18.448 18.5 18.545 18.585 18.625 18.67 18.72 18.77 18.825 18.883 18.93 18.967 18.985 18.962 18.925 18.895 18.862 18.83 18.8 18.77 18.735
17.575 17.503 17.46 17.43 17.403 17.38 17.36 17.34 17.323 17.348 17.438 17.543 17.635 17.728 17.82 17.91 17.997 18.037 18.022 18 17.98 17.98 18.005 18.048 18.125 18.207 18.247 18.26 18.272 18.287 18.32 18.37 18.41 18.432 18.437 18.432 18.425 18.428 18.45 18.47 18.475 18.475 18.472 18.457 18.433 18.41 18.385 18.36 18.338 18.328 18.353 18.403 18.463 18.518 18.558 18.595 18.633 18.68 18.738 18.795 18.853 18.893 18.92 18.955 18.967 18.932 18.885 18.85 18.82 18.79 18.76 18.73 18.697
17.603 17.56 17.53 17.5 17.47 17.445 17.425 17.405 17.39 17.428 17.547 17.685 17.785 17.868 17.953 18.035 18.082 18.082 18.07 18.06 18.042 18.03 18.048 18.102 18.172 18.22 18.227 18.218 18.22 18.233 18.265 18.315 18.355 18.377 18.382 18.378 18.383 18.405 18.435 18.462 18.482 18.49 18.485 18.47 18.45 18.43 18.405 18.38 18.368 18.37 18.388 18.428 18.488 18.552 18.6 18.635 18.675 18.73 18.798 18.862 18.905 18.915 18.923 18.95 18.955 18.91 18.855 18.81 18.775 18.745 18.712 18.68 18.65
17.66 17.63 17.6 17.57 17.54 17.512 17.49 17.473 17.46 17.503 17.638 17.807 17.952 18.055 18.14 18.185 18.147 18.095 18.083 18.087 18.082 18.075 18.09 18.135 18.182 18.205 18.205 18.19 18.178 18.18 18.208 18.25 18.28 18.3 18.323 18.34 18.36 18.39 18.42 18.45 18.477 18.497 18.5 18.487 18.47 18.447 18.423 18.405 18.405 18.415 18.425 18.455 18.513 18.587 18.65 18.688 18.733 18.8 18.872 18.917 18.927 18.923 18.928 18.95 18.942 18.89 18.835 18.783 18.735 18.7 18.667 18.635 18.605
17.725 17.695 17.665 17.632 17.6 17.57 17.55 17.54 17.53 17.578 17.715 17.887 18.062 18.21 18.28 18.247 18.16 18.095 18.078 18.085 18.093 18.103 18.12 18.148 18.182 18.195 18.185 18.17 18.15 18.138 18.158 18.198 18.233 18.268 18.31 18.348 18.373 18.4 18.425 18.443 18.463 18.49 18.502 18.497 18.487 18.465 18.445 18.443 18.45 18.46 18.47 18.488 18.538 18.617 18.692 18.74 18.79 18.87 18.927 18.937 18.932 18.927 18.93 18.937 18.912 18.865 18.817 18.76 18.705 18.658 18.62 18.59 18.56
17.78 17.747 17.715 17.682 17.65 17.623 17.608 17.6 17.593 17.628 17.74 17.9 18.07 18.237 18.295 18.227 18.145 18.09 18.083 18.095 18.108 18.123 18.143 18.167 18.187 18.185 18.168 18.153 18.135 18.133 18.155 18.193 18.238 18.285 18.335 18.377 18.407 18.435 18.452 18.453 18.458 18.48 18.497 18.5 18.495 18.483 18.477 18.485 18.495 18.505 18.517 18.53 18.568 18.643 18.727 18.79 18.85 18.932 18.955 18.93 18.922 18.917 18.917 18.905 18.857 18.802 18.76 18.72 18.68 18.63 18.578 18.54 18.51
17.828 17.793 17.76 17.73 17.7 17.675 17.66 17.65 17.645 17.668 17.738 17.855 18.008 18.172 18.227 18.163 18.108 18.093 18.103 18.118 18.133 18.147 18.165 18.18 18.182 18.172 18.155 18.14 18.143 18.175 18.205 18.225 18.263 18.31 18.36 18.407 18.445 18.472 18.485 18.48 18.473 18.475 18.49 18.5 18.498 18.495 18.497 18.505 18.515 18.525 18.543 18.565 18.598 18.663 18.752 18.835 18.907 18.982 18.985 18.928 18.9 18.89 18.885 18.857 18.798 18.728 18.665 18.63 18.607 18.575 18.535 18.497 18.462
