EGM722_Project_Data/DTM_asc/TL4454.asc
ncols         200
nrows         200
xllcorner     544000.000
yllcorner     254000.000
cellsize      5
NODATA_value  -9999.0
[rows 64 to 95 of 200, columns 73 to 145 of 200]
17.618 17.63 17.667 17.65 17.58 17.533 17.518 17.512 17.505 17.503 17.525 17.56 17.59 17.62 17.642 17.645 17.635 17.625 17.618 17.612 17.605 17.598 17.595 17.6 17.58 17.545 17.528 17.515 17.558 17.63 17.667 17.69 17.725 17.775 17.828 17.89 17.963 18.04 18.13 18.227 18.315 18.357 18.337 18.29 18.24 18.19 18.132 18.063 17.998 17.95 17.91 17.87 17.833 17.805 17.79 17.78 17.77 17.773 17.792 17.807 17.815 17.86 17.948 18.043 18.142 18.187 18.18 18.188 18.2 18.19 18.155 18.115 18.078
17.645 17.635 17.655 17.652 17.59 17.528 17.495 17.488 17.483 17.488 17.513 17.547 17.58 17.61 17.64 17.657 17.655 17.648 17.642 17.635 17.625 17.615 17.608 17.6 17.583 17.56 17.543 17.525 17.533 17.578 17.63 17.678 17.725 17.775 17.825 17.885 17.96 18.038 18.118 18.2 18.277 18.325 18.307 18.255 18.205 18.155 18.103 18.045 17.992 17.947 17.902 17.86 17.828 17.805 17.79 17.78 17.772 17.77 17.773 17.778 17.783 17.83 17.92 18.01 18.1 18.147 18.157 18.172 18.187 18.18 18.142 18.1 18.06
17.69 17.658 17.645 17.647 17.6 17.528 17.48 17.465 17.46 17.473 17.5 17.533 17.567 17.6 17.63 17.657 17.672 17.672 17.665 17.655 17.645 17.635 17.623 17.615 17.613 17.6 17.578 17.555 17.533 17.548 17.608 17.67 17.725 17.775 17.825 17.893 17.975 18.053 18.123 18.175 18.23 18.277 18.27 18.225 18.175 18.125 18.075 18.022 17.972 17.927 17.88 17.845 17.828 17.805 17.783 17.77 17.763 17.758 17.755 17.763 17.783 17.813 17.868 17.95 18.035 18.087 18.112 18.132 18.152 18.147 18.105 18.057 18.022
17.74 17.698 17.648 17.64 17.61 17.538 17.473 17.443 17.44 17.458 17.49 17.52 17.553 17.587 17.62 17.65 17.677 17.69 17.685 17.675 17.662 17.648 17.643 17.658 17.67 17.66 17.635 17.6 17.553 17.548 17.603 17.665 17.722 17.775 17.835 17.918 18.007 18.092 18.15 18.155 18.178 18.22 18.225 18.2 18.155 18.105 18.052 17.995 17.94 17.895 17.858 17.845 17.837 17.81 17.783 17.763 17.75 17.745 17.75 17.773 17.815 17.83 17.83 17.875 17.948 18 18.03 18.055 18.077 18.067 18.02 17.98 17.962
17.785 17.742 17.673 17.645 17.617 17.55 17.475 17.425 17.42 17.443 17.477 17.51 17.54 17.572 17.607 17.64 17.67 17.695 17.7 17.687 17.67 17.663 17.68 17.71 17.727 17.717 17.682 17.627 17.563 17.55 17.6 17.66 17.718 17.78 17.86 17.952 18.045 18.135 18.177 18.15 18.138 18.158 18.168 18.162 18.13 18.08 18.025 17.965 17.91 17.87 17.853 17.857 17.85 17.82 17.79 17.763 17.743 17.74 17.763 17.805 17.855 17.872 17.853 17.848 17.875 17.908 17.933 17.958 17.977 17.962 17.925 17.905 17.9
17.825 17.79 17.72 17.665 17.622 17.562 17.488 17.42 17.4 17.425 17.455 17.485 17.515 17.545 17.577 17.61 17.637 17.66 17.67 17.667 17.662 17.68 17.72 17.757 17.777 17.757 17.705 17.64 17.573 17.558 17.605 17.663 17.723 17.8 17.893 17.988 18.083 18.175 18.202 18.163 18.13 18.123 18.13 18.13 18.1 18.047 17.992 17.935 17.883 17.86 17.867 17.875 17.86 17.827 17.792 17.76 17.735 17.743 17.787 17.842 17.897 17.917 17.892 17.863 17.843 17.84 17.85 17.865 17.878 17.87 17.855 17.848 17.843
17.84 17.81 17.75 17.69 17.637 17.575 17.497 17.418 17.375 17.385 17.407 17.435 17.462 17.49 17.52 17.55 17.57 17.58 17.59 17.585 17.56 17.57 17.622 17.677 17.752 17.795 17.76 17.695 17.635 17.613 17.64 17.69 17.753 17.838 17.935 18.03 18.123 18.21 18.23 18.188 18.158 18.145 18.13 18.1 18.055 18.002 17.95 17.895 17.853 17.85 17.862 17.865 17.847 17.81 17.77 17.74 17.725 17.743 17.795 17.852 17.905 17.925 17.905 17.875 17.84 17.815 17.81 17.813 17.818 17.82 17.82 17.818 17.813
17.825 17.797 17.75 17.7 17.642 17.572 17.495 17.413 17.35 17.335 17.35 17.373 17.398 17.425 17.452 17.472 17.482 17.487 17.492 17.445 17.358 17.345 17.398 17.49 17.65 17.802 17.845 17.795 17.745 17.72 17.715 17.743 17.8 17.885 17.982 18.075 18.167 18.242 18.255 18.22 18.185 18.15 18.105 18.05 17.995 17.945 17.897 17.848 17.813 17.805 17.802 17.812 17.805 17.765 17.733 17.72 17.72 17.738 17.783 17.837 17.875 17.885 17.88 17.867 17.84 17.808 17.79 17.788 17.792 17.797 17.802 17.805 17.805
17.805 17.78 17.735 17.685 17.627 17.558 17.48 17.405 17.345 17.32 17.32 17.323 17.335 17.357 17.375 17.382 17.388 17.392 17.365 17.26 17.14 17.123 17.203 17.35 17.54 17.727 17.867 17.895 17.865 17.845 17.825 17.818 17.853 17.932 18.025 18.118 18.212 18.275 18.275 18.237 18.177 18.105 18.045 17.99 17.935 17.885 17.837 17.79 17.748 17.72 17.715 17.74 17.75 17.728 17.713 17.715 17.72 17.733 17.77 17.815 17.833 17.83 17.83 17.833 17.825 17.8 17.778 17.768 17.768 17.772 17.775 17.777 17.78
17.787 17.762 17.72 17.67 17.618 17.555 17.488 17.425 17.375 17.35 17.34 17.33 17.303 17.283 17.288 17.293 17.297 17.287 17.2 17.05 16.923 16.92 17.058 17.243 17.445 17.655 17.86 17.952 17.937 17.922 17.907 17.89 17.903 17.97 18.065 18.162 18.255 18.302 18.287 18.245 18.175 18.088 18.01 17.938 17.875 17.825 17.775 17.725 17.675 17.64 17.645 17.68 17.708 17.713 17.71 17.715 17.72 17.728 17.763 17.807 17.82 17.813 17.808 17.805 17.803 17.79 17.773 17.755 17.74 17.735 17.735 17.735 17.735
17.772 17.747 17.708 17.668 17.63 17.583 17.528 17.473 17.428 17.405 17.395 17.36 17.272 17.208 17.205 17.21 17.217 17.18 17.045 16.873 16.748 16.808 17.018 17.233 17.455 17.69 17.882 17.942 17.925 17.915 17.907 17.905 17.925 17.983 18.075 18.177 18.272 18.317 18.295 18.255 18.192 18.105 18.015 17.925 17.845 17.793 17.753 17.708 17.663 17.633 17.638 17.668 17.703 17.72 17.72 17.723 17.727 17.73 17.763 17.825 17.85 17.84 17.83 17.82 17.808 17.79 17.768 17.745 17.718 17.693 17.685 17.685 17.685
17.76 17.735 17.698 17.675 17.66 17.627 17.575 17.52 17.48 17.46 17.422 17.332 17.21 17.133 17.123 17.13 17.145 17.08 16.915 16.76 16.663 16.78 17.07 17.325 17.555 17.785 17.912 17.91 17.888 17.878 17.878 17.895 17.935 17.988 18.063 18.16 18.257 18.305 18.295 18.265 18.207 18.125 18.035 17.945 17.855 17.8 17.775 17.74 17.7 17.675 17.678 17.698 17.725 17.74 17.74 17.737 17.735 17.738 17.773 17.84 17.875 17.87 17.86 17.845 17.825 17.797 17.765 17.737 17.705 17.668 17.643 17.635 17.635
17.75 17.723 17.695 17.69 17.687 17.665 17.62 17.568 17.527 17.482 17.387 17.263 17.138 17.058 17.045 17.06 17.06 16.965 16.82 16.723 16.65 16.768 17.08 17.377 17.642 17.847 17.91 17.88 17.855 17.845 17.86 17.9 17.95 18 18.063 18.145 18.23 18.27 18.27 18.26 18.222 18.147 18.055 17.962 17.87 17.815 17.795 17.77 17.738 17.718 17.723 17.74 17.757 17.757 17.748 17.74 17.73 17.743 17.793 17.857 17.897 17.897 17.88 17.857 17.832 17.8 17.765 17.733 17.698 17.658 17.618 17.593 17.585
17.738 17.718 17.708 17.713 17.715 17.695 17.655 17.61 17.557 17.473 17.355 17.238 17.123 17.038 17.003 17 16.973 16.883 16.793 16.725 16.658 16.755 17.05 17.383 17.705 17.877 17.88 17.85 17.825 17.828 17.865 17.915 17.965 18.015 18.073 18.143 18.21 18.24 18.24 18.24 18.23 18.172 18.078 17.98 17.885 17.83 17.813 17.795 17.773 17.76 17.768 17.785 17.797 17.785 17.76 17.74 17.728 17.753 17.81 17.87 17.91 17.907 17.882 17.86 17.835 17.8 17.765 17.73 17.692 17.652 17.607 17.567 17.545
17.745 17.748 17.75 17.75 17.747 17.725 17.688 17.65 17.6 17.528 17.43 17.323 17.215 17.125 17.068 17.04 17.008 16.95 16.888 16.823 16.77 16.835 17.09 17.433 17.752 17.887 17.858 17.825 17.8 17.818 17.872 17.927 17.98 18.03 18.085 18.155 18.225 18.258 18.26 18.258 18.245 18.2 18.117 18.02 17.925 17.875 17.863 17.845 17.825 17.81 17.815 17.835 17.84 17.82 17.79 17.765 17.755 17.77 17.81 17.862 17.9 17.897 17.872 17.85 17.827 17.795 17.76 17.725 17.672 17.607 17.538 17.475 17.473
17.805 17.823 17.827 17.815 17.792 17.76 17.725 17.692 17.657 17.617 17.56 17.47 17.36 17.27 17.215 17.2 17.185 17.14 17.088 17.043 17.015 17.053 17.228 17.525 17.792 17.875 17.84 17.803 17.775 17.798 17.862 17.922 17.977 18.033 18.098 18.18 18.267 18.312 18.315 18.302 18.27 18.225 18.162 18.077 17.985 17.94 17.932 17.915 17.895 17.875 17.87 17.885 17.882 17.855 17.83 17.818 17.815 17.815 17.828 17.858 17.885 17.882 17.858 17.833 17.81 17.782 17.747 17.71 17.645 17.555 17.463 17.395 17.413
17.895 17.912 17.91 17.88 17.84 17.8 17.765 17.735 17.702 17.667 17.635 17.585 17.5 17.415 17.378 17.395 17.395 17.355 17.32 17.297 17.283 17.318 17.438 17.652 17.83 17.852 17.815 17.778 17.75 17.775 17.845 17.907 17.963 18.03 18.118 18.213 18.31 18.362 18.357 18.33 18.29 18.245 18.19 18.122 18.043 18 17.995 17.982 17.965 17.945 17.93 17.93 17.922 17.903 17.892 17.885 17.88 17.88 17.88 17.885 17.893 17.875 17.843 17.818 17.793 17.767 17.735 17.692 17.625 17.54 17.47 17.43 17.423
17.942 17.952 17.942 17.91 17.875 17.842 17.808 17.775 17.745 17.712 17.68 17.647 17.6 17.555 17.557 17.592 17.597 17.572 17.555 17.54 17.522 17.552 17.65 17.787 17.865 17.84 17.793 17.753 17.725 17.75 17.82 17.888 17.958 18.045 18.148 18.25 18.35 18.4 18.382 18.345 18.307 18.265 18.21 18.15 18.088 18.053 18.047 18.042 18.032 18.015 17.992 17.978 17.968 17.957 17.95 17.937 17.93 17.93 17.93 17.93 17.925 17.898 17.855 17.82 17.788 17.755 17.72 17.675 17.613 17.553 17.515 17.487 17.458
17.942 17.945 17.937 17.917 17.892 17.872 17.85 17.82 17.79 17.76 17.73 17.695 17.66 17.657 17.685 17.702 17.695 17.677 17.662 17.647 17.637 17.665 17.745 17.84 17.885 17.86 17.81 17.763 17.733 17.763 17.835 17.905 17.99 18.09 18.193 18.295 18.372 18.392 18.367 18.332 18.3 18.27 18.225 18.165 18.11 18.08 18.072 18.07 18.065 18.05 18.03 18.02 18.015 18.002 17.988 17.978 17.973 17.97 17.97 17.97 17.965 17.94 17.897 17.855 17.813 17.79 17.758 17.693 17.635 17.598 17.57 17.537 17.5
17.937 17.937 17.93 17.917 17.895 17.883 17.882 17.867 17.84 17.81 17.78 17.748 17.72 17.722 17.732 17.717 17.693 17.673 17.658 17.65 17.658 17.685 17.755 17.84 17.885 17.887 17.857 17.81 17.79 17.833 17.903 17.97 18.05 18.145 18.245 18.327 18.357 18.345 18.32 18.29 18.263 18.245 18.222 18.175 18.12 18.09 18.08 18.073 18.065 18.053 18.043 18.045 18.047 18.038 18.025 18.02 18.017 18.013 18.01 18.01 18.007 17.982 17.94 17.905 17.893 17.902 17.865 17.778 17.703 17.653 17.618 17.58 17.54
17.932 17.93 17.92 17.91 17.895 17.89 17.9 17.902 17.885 17.855 17.827 17.8 17.775 17.76 17.742 17.715 17.69 17.67 17.66 17.668 17.685 17.708 17.765 17.84 17.877 17.892 17.892 17.86 17.858 17.912 17.975 18.038 18.108 18.197 18.282 18.317 18.31 18.29 18.267 18.24 18.215 18.203 18.2 18.177 18.13 18.1 18.09 18.08 18.07 18.063 18.063 18.07 18.077 18.075 18.067 18.063 18.06 18.055 18.05 18.05 18.05 18.028 18 18.003 18.04 18.05 17.985 17.895 17.803 17.728 17.673 17.623 17.58
17.91 17.895 17.867 17.84 17.835 17.857 17.882 17.905 17.915 17.897 17.865 17.832 17.8 17.77 17.743 17.715 17.688 17.673 17.678 17.695 17.715 17.735 17.775 17.835 17.872 17.888 17.902 17.9 17.92 17.982 18.045 18.105 18.167 18.237 18.28 18.275 18.258 18.24 18.218 18.193 18.17 18.16 18.165 18.165 18.137 18.11 18.1 18.09 18.08 18.075 18.08 18.09 18.1 18.105 18.105 18.102 18.097 18.092 18.09 18.09 18.087 18.09 18.117 18.167 18.212 18.187 18.1 18.007 17.91 17.825 17.755 17.693 17.638
17.77 17.747 17.705 17.683 17.708 17.755 17.792 17.827 17.865 17.892 17.882 17.845 17.81 17.78 17.75 17.72 17.698 17.693 17.705 17.725 17.745 17.765 17.788 17.828 17.867 17.885 17.9 17.923 17.962 18.025 18.09 18.152 18.212 18.252 18.257 18.243 18.23 18.215 18.19 18.165 18.158 18.158 18.155 18.155 18.14 18.12 18.113 18.105 18.095 18.085 18.083 18.09 18.1 18.112 18.122 18.125 18.122 18.12 18.117 18.115 18.11 18.13 18.19 18.257 18.305 18.287 18.207 18.11 18.013 17.928 17.858 17.792 17.72
17.535 17.515 17.49 17.513 17.57 17.62 17.657 17.695 17.745 17.81 17.855 17.85 17.82 17.79 17.76 17.74 17.735 17.735 17.74 17.755 17.775 17.792 17.805 17.828 17.862 17.888 17.908 17.943 17.988 18.043 18.105 18.17 18.22 18.24 18.242 18.233 18.22 18.205 18.185 18.178 18.193 18.202 18.195 18.185 18.165 18.14 18.13 18.125 18.115 18.1 18.085 18.085 18.095 18.11 18.127 18.137 18.137 18.135 18.13 18.123 18.115 18.128 18.18 18.247 18.305 18.322 18.29 18.215 18.118 18.033 17.962 17.89 17.8
17.335 17.298 17.313 17.368 17.432 17.482 17.52 17.568 17.63 17.7 17.77 17.817 17.82 17.797 17.78 17.777 17.782 17.782 17.78 17.788 17.805 17.82 17.83 17.843 17.868 17.898 17.928 17.968 18.013 18.06 18.118 18.175 18.202 18.21 18.22 18.222 18.213 18.205 18.208 18.225 18.25 18.262 18.257 18.237 18.207 18.173 18.153 18.145 18.135 18.12 18.098 18.085 18.09 18.105 18.127 18.147 18.152 18.147 18.14 18.13 18.12 18.123 18.165 18.23 18.285 18.31 18.31 18.285 18.217 18.137 18.06 17.97 17.865
17.253 17.195 17.198 17.23 17.295 17.347 17.39 17.45 17.52 17.59 17.66 17.722 17.755 17.75 17.735 17.722 17.755 17.8 17.812 17.822 17.832 17.847 17.857 17.862 17.88 17.915 17.955 17.995 18.038 18.083 18.133 18.168 18.18 18.19 18.203 18.215 18.22 18.233 18.257 18.282 18.307 18.325 18.315 18.28 18.243 18.208 18.18 18.165 18.155 18.14 18.115 18.093 18.085 18.098 18.123 18.147 18.16 18.155 18.145 18.135 18.122 18.118 18.15 18.21 18.267 18.295 18.295 18.295 18.277 18.222 18.137 18.035 17.928
17.278 17.24 17.223 17.195 17.198 17.22 17.263 17.312 17.365 17.417 17.47 17.515 17.55 17.557 17.535 17.535 17.648 17.767 17.805 17.825 17.832 17.842 17.85 17.86 17.898 17.953 18 18.043 18.085 18.128 18.168 18.188 18.198 18.213 18.228 18.24 18.255 18.278 18.305 18.332 18.357 18.365 18.345 18.315 18.28 18.243 18.21 18.188 18.175 18.16 18.135 18.11 18.093 18.098 18.125 18.147 18.152 18.145 18.132 18.12 18.113 18.12 18.15 18.2 18.26 18.28 18.27 18.27 18.27 18.26 18.197 18.093 17.993
17.33 17.328 17.337 17.295 17.23 17.18 17.148 17.118 17.12 17.155 17.19 17.225 17.26 17.272 17.255 17.363 17.582 17.71 17.76 17.79 17.8 17.805 17.823 17.865 17.935 18.007 18.062 18.107 18.15 18.195 18.23 18.245 18.255 18.268 18.282 18.295 18.308 18.325 18.348 18.375 18.387 18.37 18.345 18.327 18.305 18.275 18.242 18.213 18.195 18.18 18.155 18.128 18.105 18.108 18.13 18.137 18.132 18.122 18.108 18.103 18.113 18.135 18.165 18.205 18.257 18.267 18.243 18.235 18.235 18.247 18.23 18.15 18.058
17.39 17.412 17.442 17.42 17.342 17.245 17.145 17.048 16.983 16.95 16.925 16.935 16.97 16.988 17.038 17.3 17.567 17.65 17.705 17.745 17.76 17.78 17.833 17.905 17.983 18.057 18.122 18.172 18.218 18.267 18.297 18.302 18.31 18.323 18.337 18.35 18.36 18.373 18.392 18.407 18.395 18.365 18.338 18.32 18.305 18.287 18.265 18.237 18.217 18.198 18.17 18.14 18.115 18.113 18.117 18.113 18.107 18.098 18.093 18.108 18.13 18.155 18.185 18.215 18.255 18.265 18.235 18.213 18.203 18.213 18.23 18.197 18.123
17.458 17.488 17.535 17.525 17.44 17.335 17.235 17.135 17.035 16.935 16.843 16.785 16.753 16.74 16.915 17.29 17.525 17.585 17.643 17.698 17.745 17.8 17.875 17.955 18.033 18.11 18.177 18.235 18.295 18.342 18.36 18.36 18.362 18.375 18.39 18.4 18.41 18.42 18.427 18.417 18.39 18.36 18.333 18.31 18.293 18.28 18.265 18.25 18.243 18.225 18.198 18.173 18.14 18.115 18.103 18.093 18.085 18.085 18.1 18.125 18.152 18.177 18.205 18.23 18.26 18.265 18.233 18.2 18.175 18.18 18.21 18.22 18.195
17.533 17.55 17.6 17.6 17.525 17.42 17.322 17.225 17.125 17.025 16.925 16.825 16.743 16.77 17.043 17.377 17.535 17.605 17.675 17.75 17.828 17.903 17.98 18.06 18.14 18.212 18.235 18.247 18.305 18.362 18.395 18.405 18.405 18.415 18.43 18.44 18.45 18.455 18.442 18.413 18.383 18.355 18.328 18.303 18.285 18.278 18.27 18.268 18.28 18.277 18.255 18.227 18.18 18.135 18.11 18.095 18.08 18.088 18.115 18.14 18.17 18.195 18.22 18.245 18.27 18.28 18.258 18.225 18.195 18.195 18.225 18.268 18.3
17.605 17.61 17.647 17.642 17.592 17.505 17.407 17.312 17.215 17.115 17.015 16.943 16.943 17.098 17.38 17.577 17.663 17.74 17.823 17.91 17.993 18.065 18.138 18.215 18.29 18.315 18.262 18.218 18.248 18.317 18.385 18.425 18.435 18.445 18.46 18.467 18.47 18.467 18.447 18.418 18.393 18.368 18.34 18.315 18.303 18.3 18.3 18.31 18.335 18.342 18.32 18.277 18.22 18.165 18.13 18.112 18.085 18.085 18.12 18.15 18.177 18.202 18.23 18.255 18.28 18.302 18.305 18.285 18.255 18.255 18.293 18.36 18.45
