EGM722_Project_Data/DTM_asc/TL4458.asc
ncols         200
nrows         200
xllcorner     544000.000
yllcorner     258000.000
cellsize      5
NODATA_value  -9999.0
[rows 70 to 104 of 200, columns 79 to 157 of 200]
6.66 6.403 6.69 6.418 6.658 6.977 6.758 7 6.955 6.65 6.368 6.215 6.175 6.135 6.048 5.933 5.878 5.863 5.845 5.843 5.86 5.88 5.903 5.95 6.037 6.147 6.262 6.395 6.607 6.635 5.895 5.265 5.262 5.258 5.88 6.535 6.61 6.705 6.777 6.755 6.688 6.73 6.852 6.965 7.07 7.175 7.297 7.39 7.43 7.458 7.485 7.54 7.625 7.715 7.792 7.817 7.798 7.8 7.83 7.86 7.89 7.923 7.955 7.995 8.045 8.1 8.142 8.18 8.235 8.297 8.352 8.357 8.32 8.282 8.248 8.305 8.455 8.602 8.747
7.022 7.052 6.728 6.456 7.06 6.893 6.773 7.367 7.252 7.023 6.775 6.63 6.59 6.497 6.292 6.075 5.943 5.88 5.858 5.858 5.875 5.9 5.93 5.975 6.045 6.138 6.245 6.395 6.71 6.255 5.425 5.27 5.268 5.438 6.075 6.575 6.65 6.735 6.78 6.683 6.57 6.62 6.745 6.862 6.97 7.08 7.238 7.367 7.425 7.462 7.49 7.545 7.63 7.72 7.8 7.827 7.82 7.843 7.885 7.925 7.963 8 8.038 8.078 8.127 8.172 8.187 8.21 8.263 8.32 8.367 8.365 8.323 8.285 8.253 8.313 8.467 8.62 8.75
7.01 7.138 7.302 7.455 7.629 6.965 6.853 7.547 7.545 7.415 7.195 7.048 6.962 6.765 6.498 6.278 6.103 5.96 5.885 5.873 5.893 5.925 5.963 6.008 6.07 6.148 6.238 6.448 6.862 6.192 5.273 5.275 5.275 5.805 6.46 6.62 6.693 6.77 6.807 6.633 6.45 6.505 6.632 6.757 6.873 7.023 7.212 7.335 7.4 7.457 7.495 7.55 7.635 7.725 7.807 7.84 7.855 7.903 7.952 7.997 8.04 8.08 8.12 8.16 8.2 8.22 8.218 8.24 8.29 8.345 8.382 8.37 8.327 8.285 8.253 8.318 8.478 8.64 8.765
7.08 7.23 7.405 7.552 7.42 6.85 7.03 7.62 7.677 7.675 7.57 7.427 7.242 6.977 6.702 6.482 6.307 6.127 5.968 5.9 5.917 5.955 5.995 6.042 6.102 6.173 6.248 6.54 6.59 5.83 5.278 5.28 5.28 6.003 6.677 6.668 6.74 6.812 6.842 6.61 6.355 6.39 6.52 6.648 6.77 6.998 7.225 7.315 7.378 7.44 7.493 7.555 7.64 7.728 7.812 7.87 7.913 7.968 8.017 8.06 8.105 8.15 8.19 8.23 8.252 8.25 8.243 8.268 8.32 8.372 8.397 8.372 8.33 8.285 8.25 8.323 8.492 8.66 8.785
7.2 7.335 7.505 7.652 7.083 6.751 7.337 7.67 7.75 7.792 7.777 7.647 7.397 7.112 6.842 6.637 6.47 6.272 6.043 5.913 5.92 5.955 5.995 6.05 6.125 6.197 6.265 6.64 6.2 5.351 5.28 5.28 5.635 6.37 6.712 6.713 6.787 6.855 6.875 6.625 6.3 6.278 6.405 6.55 6.715 7.008 7.257 7.333 7.395 7.455 7.515 7.57 7.645 7.735 7.82 7.927 8.017 8.055 8.065 8.085 8.127 8.172 8.215 8.25 8.265 8.26 8.253 8.278 8.33 8.372 8.38 8.345 8.3 8.26 8.245 8.32 8.477 8.642 8.767
7.338 7.45 7.605 7.762 7.048 6.855 7.527 7.66 7.752 7.797 7.795 7.687 7.445 7.155 6.9 6.72 6.57 6.347 6.055 5.903 5.91 5.938 5.97 6.028 6.12 6.208 6.288 6.654 6.132 5.285 5.285 5.285 6.05 6.792 6.748 6.76 6.83 6.887 6.902 6.657 6.315 6.248 6.37 6.555 6.758 7.062 7.305 7.38 7.445 7.505 7.565 7.583 7.63 7.74 7.833 7.982 8.142 8.182 8.143 8.105 8.115 8.158 8.2 8.227 8.242 8.247 8.245 8.27 8.315 8.335 8.322 8.285 8.245 8.23 8.25 8.315 8.438 8.59 8.712
7.485 7.575 7.707 7.784 7.03 6.933 7.567 7.605 7.682 7.73 7.745 7.672 7.465 7.173 6.935 6.775 6.647 6.445 6.143 5.985 5.998 6.023 6.03 6.128 6.275 6.358 6.45 6.297 5.69 5.29 5.29 5.291 6.118 6.867 6.78 6.803 6.86 6.907 6.93 6.757 6.493 6.368 6.44 6.645 6.845 7.13 7.355 7.427 7.492 7.555 7.615 7.595 7.603 7.72 7.833 8.005 8.222 8.315 8.272 8.198 8.153 8.155 8.18 8.202 8.217 8.23 8.235 8.257 8.282 8.277 8.26 8.23 8.213 8.233 8.27 8.325 8.413 8.538 8.657
7.632 7.715 7.822 7.437 6.773 7.088 7.555 7.55 7.607 7.632 7.67 7.657 7.485 7.193 6.973 6.813 6.697 6.575 6.318 6.158 6.175 6.192 6.163 6.29 6.557 6.705 6.822 6.095 5.291 5.29 5.29 5.75 6.59 6.905 6.84 6.835 6.842 6.885 6.94 6.917 6.777 6.598 6.57 6.733 6.933 7.197 7.405 7.475 7.54 7.605 7.662 7.625 7.593 7.685 7.82 8.018 8.237 8.365 8.362 8.295 8.227 8.178 8.165 8.18 8.195 8.21 8.223 8.233 8.233 8.22 8.208 8.2 8.215 8.25 8.29 8.345 8.415 8.503 8.603
7.762 7.857 7.952 7.158 6.713 7.347 7.517 7.495 7.525 7.508 7.562 7.62 7.487 7.223 7.018 6.838 6.728 6.69 6.493 6.335 6.355 6.345 6.278 6.395 6.73 7.015 7.169 6.252 5.29 5.29 5.29 6.217 7.082 6.952 6.865 6.802 6.78 6.84 6.927 7.002 7 6.875 6.748 6.818 7.018 7.265 7.455 7.525 7.588 7.652 7.707 7.665 7.595 7.653 7.813 8.012 8.18 8.302 8.367 8.342 8.28 8.213 8.168 8.168 8.183 8.2 8.223 8.23 8.218 8.205 8.198 8.213 8.245 8.28 8.325 8.385 8.455 8.525 8.598
7.787 7.885 7.977 7.178 6.918 7.52 7.47 7.428 7.432 7.398 7.445 7.542 7.472 7.26 7.052 6.863 6.775 6.78 6.642 6.515 6.517 6.467 6.383 6.503 6.838 7.182 6.999 5.968 5.29 5.29 5.29 6.222 7.092 6.937 6.8 6.73 6.74 6.82 6.912 7 7.075 7.082 6.973 6.948 7.105 7.337 7.507 7.575 7.635 7.7 7.752 7.705 7.598 7.625 7.792 7.96 8.085 8.2 8.307 8.352 8.317 8.245 8.183 8.165 8.18 8.205 8.24 8.255 8.243 8.233 8.23 8.248 8.283 8.328 8.388 8.453 8.518 8.585 8.65
7.672 7.732 7.667 6.958 6.978 7.55 7.423 7.355 7.337 7.303 7.325 7.43 7.442 7.287 7.065 6.885 6.83 6.84 6.762 6.683 6.65 6.572 6.488 6.61 6.945 7.255 6.543 5.491 5.29 5.29 5.29 6.207 7.037 6.853 6.71 6.68 6.73 6.808 6.895 6.98 7.06 7.14 7.157 7.115 7.195 7.41 7.56 7.625 7.685 7.75 7.797 7.745 7.618 7.61 7.738 7.868 7.983 8.098 8.213 8.31 8.335 8.275 8.193 8.163 8.185 8.22 8.262 8.28 8.273 8.268 8.268 8.285 8.328 8.39 8.46 8.525 8.588 8.643 8.69
7.453 7.55 7.193 6.663 7.08 7.51 7.34 7.24 7.232 7.205 7.203 7.29 7.387 7.297 7.06 6.908 6.885 6.895 6.872 6.825 6.762 6.677 6.595 6.718 7.027 7.252 6.568 5.548 5.29 5.29 5.29 6.18 6.96 6.758 6.643 6.655 6.723 6.793 6.878 6.962 7.04 7.12 7.2 7.232 7.303 7.475 7.602 7.67 7.735 7.8 7.842 7.777 7.638 7.628 7.74 7.848 7.953 8.058 8.165 8.273 8.345 8.315 8.218 8.183 8.215 8.255 8.295 8.313 8.308 8.303 8.303 8.33 8.39 8.46 8.53 8.598 8.67 8.725 8.753
7.24 7.472 6.985 6.73 7.292 7.355 7.115 7.008 7.058 7.075 7.075 7.16 7.28 7.227 7.038 6.93 6.915 6.905 6.887 6.862 6.83 6.775 6.7 6.808 7.045 7.19 6.965 5.988 5.29 5.29 5.29 6.037 6.777 6.675 6.598 6.65 6.718 6.785 6.865 6.947 7.025 7.105 7.185 7.265 7.365 7.49 7.582 7.642 7.71 7.78 7.83 7.765 7.653 7.705 7.85 7.96 8.055 8.15 8.25 8.325 8.382 8.377 8.298 8.273 8.31 8.345 8.368 8.38 8.38 8.373 8.37 8.405 8.475 8.543 8.61 8.685 8.767 8.835 8.865
7.145 7.46 6.988 6.91 7.347 7.078 6.868 6.85 6.925 6.96 6.973 7.062 7.125 7.05 6.95 6.897 6.875 6.842 6.808 6.795 6.805 6.797 6.765 6.82 6.937 7.025 7.094 6.205 5.29 5.29 5.29 5.81 6.517 6.635 6.598 6.663 6.728 6.793 6.86 6.935 7.015 7.095 7.178 7.26 7.365 7.46 7.515 7.565 7.623 7.688 7.75 7.708 7.68 7.813 7.98 8.115 8.215 8.31 8.375 8.382 8.422 8.455 8.415 8.41 8.442 8.455 8.46 8.475 8.482 8.477 8.473 8.505 8.575 8.643 8.71 8.788 8.872 8.945 8.982
7.12 7.227 6.775 6.895 7.175 6.848 6.775 6.837 6.885 6.892 6.898 6.947 6.952 6.878 6.828 6.802 6.782 6.755 6.725 6.713 6.72 6.722 6.712 6.7 6.698 6.728 6.88 6.147 5.29 5.29 5.29 5.623 6.297 6.63 6.655 6.72 6.78 6.843 6.908 6.973 7.038 7.105 7.178 7.257 7.35 7.415 7.453 7.5 7.55 7.603 7.66 7.678 7.75 7.92 8.092 8.255 8.367 8.417 8.405 8.39 8.463 8.53 8.532 8.54 8.547 8.54 8.545 8.565 8.577 8.58 8.575 8.605 8.675 8.745 8.815 8.893 8.977 9.055 9.1
7.11 6.905 6.63 6.97 6.98 6.74 6.765 6.81 6.825 6.825 6.828 6.83 6.805 6.763 6.728 6.7 6.68 6.66 6.638 6.62 6.613 6.598 6.573 6.535 6.488 6.465 6.62 6.032 5.29 5.29 5.29 5.478 6.137 6.645 6.725 6.802 6.867 6.932 6.995 7.047 7.092 7.14 7.187 7.242 7.305 7.35 7.388 7.435 7.485 7.54 7.603 7.685 7.82 7.992 8.165 8.34 8.477 8.475 8.39 8.405 8.518 8.61 8.642 8.64 8.628 8.623 8.635 8.652 8.667 8.68 8.68 8.708 8.775 8.845 8.915 8.995 9.08 9.162 9.215
7.097 6.808 6.85 7.182 6.853 6.705 6.75 6.775 6.775 6.775 6.778 6.77 6.743 6.71 6.678 6.648 6.625 6.605 6.58 6.553 6.53 6.508 6.485 6.45 6.405 6.36 6.475 5.965 5.303 5.29 5.29 5.36 6.038 6.695 6.782 6.85 6.912 6.977 7.022 7.04 7.065 7.102 7.137 7.177 7.228 7.278 7.333 7.398 7.46 7.528 7.603 7.695 7.835 8.01 8.185 8.357 8.507 8.562 8.548 8.57 8.655 8.725 8.732 8.715 8.703 8.708 8.725 8.74 8.755 8.772 8.783 8.813 8.878 8.95 9.02 9.098 9.185 9.28 9.34
7.082 6.803 6.97 7.24 6.81 6.705 6.715 6.742 6.745 6.745 6.745 6.74 6.725 6.7 6.67 6.64 6.615 6.59 6.552 6.518 6.495 6.475 6.455 6.42 6.375 6.33 6.435 6.125 5.488 5.29 5.29 5.295 6.008 6.757 6.817 6.86 6.913 6.975 7 6.965 6.955 6.988 7.025 7.07 7.153 7.25 7.325 7.4 7.478 7.552 7.628 7.708 7.835 8.01 8.185 8.35 8.49 8.61 8.712 8.777 8.825 8.835 8.808 8.788 8.783 8.795 8.812 8.827 8.845 8.86 8.873 8.92 8.998 9.07 9.138 9.213 9.305 9.41 9.482
6.967 6.718 6.988 7.19 6.86 6.748 6.7 6.708 6.71 6.712 6.715 6.71 6.697 6.68 6.657 6.63 6.6 6.562 6.518 6.485 6.465 6.442 6.42 6.387 6.345 6.303 6.397 6.437 5.825 5.29 5.29 5.29 6.015 6.782 6.837 6.872 6.92 6.975 6.977 6.91 6.863 6.875 6.915 6.98 7.113 7.265 7.36 7.428 7.503 7.578 7.653 7.728 7.843 8.008 8.182 8.34 8.47 8.59 8.705 8.8 8.86 8.887 8.88 8.863 8.868 8.885 8.9 8.913 8.93 8.945 8.955 9.018 9.125 9.215 9.288 9.363 9.45 9.545 9.625
6.813 6.74 7.152 7.152 6.94 6.817 6.718 6.678 6.675 6.677 6.68 6.675 6.662 6.65 6.635 6.607 6.57 6.527 6.485 6.455 6.432 6.407 6.385 6.355 6.315 6.275 6.36 6.67 6.082 5.29 5.29 5.29 5.985 6.737 6.825 6.87 6.902 6.937 6.947 6.887 6.803 6.778 6.815 6.955 7.135 7.285 7.397 7.465 7.533 7.603 7.677 7.753 7.855 8.005 8.177 8.327 8.45 8.565 8.66 8.73 8.795 8.86 8.897 8.922 8.95 8.967 8.982 8.995 9.007 9.022 9.035 9.1 9.225 9.345 9.447 9.535 9.612 9.687 9.76
6.778 6.915 7.335 7.088 6.92 6.812 6.71 6.648 6.638 6.64 6.64 6.635 6.625 6.612 6.597 6.57 6.53 6.49 6.453 6.42 6.392 6.367 6.345 6.322 6.287 6.245 6.32 6.722 6.16 5.29 5.29 5.29 5.935 6.647 6.75 6.792 6.81 6.835 6.872 6.877 6.812 6.723 6.833 7.047 7.172 7.315 7.432 7.505 7.57 7.633 7.703 7.778 7.865 8.003 8.17 8.31 8.422 8.517 8.59 8.652 8.715 8.772 8.83 8.93 9.012 9.032 9.047 9.062 9.075 9.09 9.087 9.12 9.23 9.36 9.49 9.592 9.662 9.73 9.81
6.803 6.955 7.34 7.01 6.845 6.76 6.68 6.623 6.6 6.595 6.595 6.59 6.58 6.568 6.555 6.53 6.49 6.453 6.42 6.385 6.35 6.323 6.298 6.28 6.257 6.22 6.28 6.665 6.13 5.29 5.29 5.29 5.885 6.55 6.64 6.662 6.675 6.708 6.755 6.81 6.825 6.853 6.997 7.105 7.188 7.345 7.467 7.545 7.61 7.67 7.733 7.803 7.88 8.005 8.16 8.282 8.375 8.447 8.507 8.565 8.622 8.675 8.73 8.867 9.027 9.09 9.105 9.12 9.135 9.137 9.098 9.093 9.175 9.29 9.425 9.53 9.595 9.683 9.792
6.78 7.043 7.222 6.943 6.828 6.742 6.66 6.605 6.575 6.553 6.545 6.542 6.535 6.525 6.515 6.49 6.453 6.42 6.39 6.355 6.315 6.28 6.253 6.233 6.215 6.19 6.24 6.607 6.1 5.29 5.29 5.29 5.835 6.452 6.53 6.535 6.548 6.585 6.635 6.875 7.137 7.127 7.05 7.083 7.215 7.375 7.502 7.585 7.65 7.71 7.77 7.835 7.905 8.013 8.14 8.232 8.3 8.357 8.412 8.465 8.52 8.575 8.633 8.775 8.985 9.122 9.165 9.177 9.187 9.16 9.085 9.075 9.148 9.235 9.353 9.457 9.543 9.665 9.787
6.868 7.297 7.122 6.883 6.79 6.707 6.632 6.585 6.555 6.525 6.505 6.498 6.493 6.485 6.475 6.45 6.415 6.385 6.355 6.32 6.28 6.24 6.22 6.203 6.173 6.15 6.195 6.552 6.177 5.395 5.29 5.29 5.785 6.35 6.415 6.408 6.423 6.76 7.177 7.255 7.235 7.102 6.995 7.093 7.245 7.405 7.537 7.625 7.69 7.75 7.81 7.875 7.94 8.013 8.088 8.148 8.203 8.255 8.31 8.365 8.418 8.473 8.538 8.685 8.905 9.1 9.207 9.235 9.22 9.155 9.068 9.06 9.133 9.208 9.295 9.398 9.52 9.665 9.782
6.98 7.417 7.073 6.82 6.695 6.623 6.573 6.547 6.52 6.495 6.485 6.48 6.475 6.47 6.445 6.405 6.37 6.34 6.31 6.272 6.23 6.213 6.25 6.238 6.175 6.148 6.18 6.512 6.407 5.653 5.29 5.29 5.695 6.2 6.295 6.428 6.955 7.509 7.594 7.26 6.963 6.938 6.995 7.115 7.275 7.435 7.572 7.665 7.73 7.79 7.85 7.915 7.98 8.028 8.063 8.09 8.115 8.155 8.208 8.263 8.315 8.37 8.443 8.595 8.815 9.03 9.21 9.275 9.222 9.138 9.053 9.045 9.118 9.192 9.26 9.368 9.52 9.67 9.782
6.975 7.387 7.063 6.768 6.585 6.52 6.503 6.493 6.473 6.468 6.483 6.49 6.485 6.467 6.415 6.358 6.32 6.287 6.255 6.218 6.188 6.25 6.365 6.337 6.233 6.208 6.27 6.532 6.682 5.957 5.29 5.29 5.852 6.298 6.813 7.609 7.772 7.592 7.215 6.958 6.9 6.913 6.983 7.13 7.302 7.465 7.607 7.705 7.77 7.83 7.895 7.965 8.022 8.06 8.09 8.108 8.11 8.12 8.143 8.173 8.215 8.268 8.345 8.505 8.725 8.948 9.175 9.267 9.205 9.122 9.035 9.028 9.102 9.167 9.21 9.323 9.512 9.68 9.79
7.108 7.327 7.03 6.735 6.518 6.445 6.45 6.448 6.445 6.463 6.487 6.5 6.487 6.44 6.37 6.308 6.265 6.23 6.195 6.165 6.21 6.383 6.515 6.46 6.333 6.328 6.445 6.625 6.914 6.192 5.29 5.29 5.683 6.847 7.872 8.062 7.582 7.093 6.95 6.863 6.855 6.87 6.948 7.12 7.312 7.49 7.642 7.745 7.813 7.88 7.952 8.017 8.06 8.09 8.12 8.145 8.16 8.163 8.16 8.16 8.173 8.195 8.258 8.425 8.653 8.885 9.117 9.21 9.162 9.097 9.018 9.013 9.075 9.115 9.135 9.248 9.467 9.672 9.8
7.342 7.337 7.063 6.798 6.593 6.498 6.448 6.42 6.437 6.465 6.49 6.5 6.468 6.398 6.323 6.255 6.208 6.175 6.148 6.178 6.333 6.557 6.667 6.61 6.51 6.5 6.618 6.778 7.042 6.26 5.29 5.29 5.291 6.775 7.842 7.303 7.11 6.968 6.845 6.8 6.81 6.82 6.915 7.103 7.3 7.495 7.667 7.787 7.865 7.94 8.01 8.057 8.09 8.12 8.15 8.175 8.195 8.21 8.215 8.213 8.208 8.198 8.223 8.358 8.578 8.812 9.042 9.135 9.095 9.05 8.993 8.983 9.018 9.038 9.055 9.178 9.408 9.642 9.8
7.397 7.457 7.193 6.95 6.783 6.667 6.508 6.408 6.42 6.45 6.477 6.507 6.525 6.488 6.408 6.333 6.288 6.268 6.298 6.425 6.615 6.8 6.857 6.805 6.745 6.693 6.763 6.935 7.13 6.265 5.29 5.29 5.29 6.33 7.3 7.16 7.023 6.908 6.833 6.793 6.773 6.778 6.89 7.08 7.26 7.445 7.63 7.782 7.9 7.992 8.05 8.085 8.117 8.15 8.177 8.202 8.225 8.245 8.268 8.27 8.252 8.233 8.24 8.323 8.493 8.718 8.952 9.057 9.025 8.985 8.945 8.945 8.98 9 9.023 9.16 9.395 9.617 9.772
7.01 7.392 7.347 7.13 6.957 6.807 6.588 6.415 6.393 6.42 6.455 6.518 6.602 6.647 6.62 6.555 6.518 6.555 6.68 6.847 7.005 7.085 7.05 6.982 6.917 6.872 6.918 7.24 7.739 6.629 5.291 5.29 5.29 6.34 7.282 7.108 6.995 6.925 6.875 6.825 6.78 6.76 6.84 7.005 7.177 7.355 7.54 7.712 7.867 8.02 8.1 8.115 8.143 8.175 8.203 8.23 8.255 8.285 8.34 8.34 8.288 8.258 8.273 8.34 8.448 8.63 8.86 8.972 8.952 8.915 8.88 8.895 8.95 8.995 9.045 9.183 9.392 9.585 9.727
6.518 6.813 7.122 7.232 7.082 6.9 6.655 6.43 6.365 6.39 6.438 6.515 6.605 6.695 6.755 6.772 6.815 6.93 7.077 7.22 7.295 7.252 7.16 7.072 6.985 6.927 6.988 7.232 7.189 6.132 5.29 5.29 5.29 6.402 7.322 7.088 7.02 6.97 6.92 6.87 6.823 6.785 6.805 6.918 7.085 7.268 7.453 7.628 7.805 8.015 8.162 8.193 8.193 8.205 8.23 8.26 8.3 8.363 8.445 8.445 8.353 8.29 8.308 8.38 8.46 8.575 8.767 8.89 8.877 8.843 8.818 8.838 8.895 8.96 9.045 9.18 9.355 9.535 9.682
6.99 7.05 6.945 7.035 7.18 6.98 6.71 6.443 6.338 6.368 6.428 6.515 6.605 6.692 6.76 6.82 6.91 7.027 7.152 7.267 7.277 7.187 7.09 6.992 6.895 6.845 6.995 7.115 6.188 5.291 5.29 5.29 5.291 6.477 7.432 7.13 7.05 7.017 6.97 6.92 6.873 6.845 6.86 6.948 7.093 7.253 7.413 7.573 7.768 7.995 8.202 8.297 8.29 8.278 8.278 8.305 8.37 8.455 8.54 8.542 8.442 8.34 8.338 8.417 8.5 8.58 8.705 8.807 8.81 8.788 8.778 8.798 8.85 8.918 9.025 9.178 9.343 9.51 9.65
7.68 7.774 7.088 6.795 7.212 7.055 6.765 6.473 6.328 6.353 6.425 6.512 6.58 6.627 6.68 6.735 6.76 6.818 6.94 7.045 7.057 6.982 6.887 6.79 6.718 6.793 7.072 7.262 6.57 5.58 5.29 5.29 5.291 6.552 7.602 7.258 7.075 7.02 7.002 6.965 6.925 6.925 6.968 7.063 7.198 7.335 7.453 7.583 7.78 8.005 8.2 8.32 8.352 8.34 8.32 8.35 8.43 8.507 8.572 8.565 8.475 8.37 8.343 8.41 8.5 8.587 8.677 8.745 8.762 8.76 8.755 8.763 8.805 8.89 9.025 9.193 9.373 9.54 9.65
7.775 7.827 7.375 6.838 7.012 7.12 6.82 6.523 6.335 6.335 6.4 6.447 6.475 6.5 6.585 6.662 6.645 6.64 6.73 6.825 6.835 6.772 6.683 6.595 6.628 6.845 7.147 7.282 7.07 6.085 5.29 5.29 5.291 6.545 7.694 7.445 7.175 7.013 6.978 6.972 6.983 7.028 7.08 7.175 7.312 7.425 7.49 7.61 7.815 8 8.135 8.245 8.327 8.352 8.345 8.383 8.46 8.517 8.56 8.545 8.455 8.37 8.34 8.373 8.453 8.547 8.632 8.682 8.705 8.72 8.727 8.73 8.768 8.888 9.063 9.253 9.442 9.585 9.655
7.843 7.85 7.717 6.983 6.656 7.06 7.015 6.685 6.393 6.28 6.293 6.305 6.323 6.39 6.52 6.59 6.555 6.508 6.535 6.602 6.605 6.555 6.478 6.475 6.66 6.945 7.19 7.292 7.299 6.297 5.29 5.29 5.29 6.245 7.484 7.635 7.355 7.095 6.948 6.94 7.022 7.125 7.195 7.287 7.397 7.455 7.495 7.623 7.797 7.925 8.035 8.145 8.25 8.33 8.367 8.407 8.465 8.505 8.54 8.525 8.435 8.368 8.353 8.36 8.408 8.492 8.562 8.597 8.622 8.645 8.665 8.69 8.775 8.948 9.155 9.357 9.51 9.595 9.645
