EGM722_Project_Data/DTM_asc/TL4461.asc
ncols         200
nrows         200
xllcorner     544000.000
yllcorner     261000.000
cellsize      5
NODATA_value  -9999.0
[rows 64 to 95 of 200, columns 0 to 72 of 200]
12.575 12.675 12.798 12.92 13.042 13.145 13.17 13.145 13.135 13.14 13.057 12.9 12.82 12.77 12.66 12.5 12.315 12.193 12.145 12.155 12.13 12.29 12.505 12.505 12.505 12.502 12.5 12.495 12.482 12.462 12.457 12.467 12.457 12.432 12.407 12.372 12.322 12.277 12.28 12.302 12.29 12.24 12.203 12.213 12.248 12.292 12.337 12.38 12.45 12.718 13.12 13.192 12.875 12.478 12.223 12.158 12.155 12.105 11.985 11.875 11.805 11.755 11.751 12.013 12.573 13.421 14.645 16 17.32 18.357 18.924 19.102 19.08
12.493 12.602 12.725 12.807 12.842 12.865 12.842 12.715 12.515 12.35 12.255 12.203 12.168 12.2 12.283 12.245 12.1 12.02 11.993 12.17 12.402 12.435 12.435 12.435 12.435 12.435 12.427 12.407 12.383 12.355 12.35 12.372 12.387 12.367 12.32 12.258 12.19 12.17 12.2 12.235 12.262 12.265 12.258 12.27 12.295 12.335 12.38 12.417 12.458 12.685 13.105 13.165 12.837 12.49 12.25 12.16 12.118 12.08 12.022 11.94 11.853 11.78 11.74 11.723 11.748 12.003 12.701 13.818 15.145 16.48 17.712 18.627 18.907
12.36 12.315 12.213 12.165 12.165 12.14 12.163 12.2 12.108 11.975 11.933 11.935 11.935 12.005 12.165 12.26 12.255 12.245 12.245 12.267 12.32 12.357 12.365 12.365 12.365 12.362 12.345 12.315 12.288 12.263 12.26 12.28 12.307 12.297 12.233 12.158 12.12 12.14 12.18 12.215 12.25 12.3 12.333 12.34 12.353 12.383 12.422 12.453 12.48 12.673 13.037 13.062 12.732 12.438 12.265 12.198 12.152 12.095 12.077 12.07 12 11.913 11.86 11.843 11.808 11.75 11.833 12.231 13.123 14.403 15.84 17.347 18.382
12.14 12.108 11.943 11.873 11.9 11.915 11.978 12.11 12.18 12.18 12.182 12.19 12.202 12.217 12.222 12.212 12.195 12.18 12.183 12.205 12.245 12.285 12.3 12.3 12.297 12.29 12.267 12.235 12.205 12.18 12.18 12.203 12.232 12.235 12.185 12.138 12.148 12.19 12.228 12.268 12.325 12.398 12.435 12.435 12.435 12.44 12.462 12.493 12.52 12.67 12.935 12.9 12.595 12.385 12.288 12.24 12.187 12.108 12.11 12.195 12.207 12.14 12.085 12.05 11.962 11.845 11.765 11.718 11.943 12.753 14.033 15.57 17.252
12.055 12.13 12.127 12.122 12.12 12.12 12.122 12.125 12.133 12.148 12.163 12.182 12.195 12.192 12.17 12.135 12.118 12.113 12.12 12.145 12.175 12.215 12.237 12.232 12.227 12.22 12.195 12.16 12.128 12.098 12.098 12.128 12.16 12.177 12.16 12.158 12.2 12.245 12.29 12.358 12.452 12.527 12.547 12.54 12.515 12.483 12.49 12.537 12.58 12.678 12.83 12.752 12.525 12.398 12.328 12.28 12.207 12.11 12.11 12.23 12.337 12.35 12.305 12.222 12.08 11.935 11.845 11.795 11.743 11.918 12.598 13.943 15.925
12.075 12.09 12.095 12.09 12.083 12.08 12.09 12.108 12.13 12.158 12.175 12.175 12.15 12.11 12.083 12.075 12.075 12.078 12.085 12.1 12.118 12.145 12.165 12.16 12.155 12.15 12.13 12.1 12.07 12.045 12.045 12.073 12.105 12.13 12.153 12.193 12.245 12.303 12.385 12.487 12.595 12.655 12.637 12.592 12.542 12.503 12.5 12.552 12.625 12.695 12.745 12.665 12.528 12.438 12.372 12.31 12.217 12.113 12.11 12.233 12.377 12.477 12.455 12.325 12.167 12.023 11.933 11.888 11.838 11.788 11.928 12.883 14.858
12.043 12.06 12.082 12.092 12.088 12.083 12.095 12.125 12.155 12.177 12.18 12.15 12.1 12.063 12.065 12.085 12.095 12.105 12.11 12.113 12.12 12.125 12.128 12.13 12.128 12.115 12.093 12.068 12.045 12.033 12.033 12.05 12.078 12.103 12.153 12.217 12.273 12.348 12.46 12.585 12.69 12.717 12.66 12.59 12.545 12.52 12.508 12.54 12.622 12.705 12.725 12.66 12.565 12.48 12.405 12.32 12.22 12.115 12.11 12.235 12.372 12.475 12.445 12.3 12.158 12.085 12.068 12.035 11.99 11.945 11.938 12.356 13.918
12.028 12.045 12.072 12.097 12.107 12.108 12.118 12.145 12.17 12.182 12.175 12.14 12.09 12.065 12.09 12.127 12.147 12.16 12.165 12.165 12.162 12.15 12.14 12.142 12.135 12.107 12.078 12.055 12.04 12.035 12.033 12.043 12.065 12.09 12.15 12.227 12.288 12.37 12.49 12.607 12.69 12.7 12.64 12.585 12.56 12.54 12.525 12.535 12.598 12.685 12.73 12.702 12.617 12.515 12.418 12.32 12.22 12.118 12.115 12.225 12.325 12.387 12.337 12.198 12.128 12.18 12.23 12.215 12.18 12.135 12.153 12.246 13.333
12.015 12.03 12.055 12.088 12.115 12.128 12.14 12.16 12.172 12.177 12.167 12.13 12.08 12.065 12.1 12.145 12.182 12.21 12.217 12.21 12.195 12.173 12.16 12.152 12.127 12.093 12.063 12.048 12.045 12.045 12.038 12.038 12.055 12.083 12.145 12.23 12.298 12.39 12.5 12.575 12.63 12.657 12.63 12.595 12.58 12.56 12.545 12.538 12.575 12.645 12.692 12.712 12.68 12.582 12.463 12.348 12.233 12.123 12.105 12.175 12.235 12.282 12.24 12.173 12.225 12.332 12.382 12.377 12.36 12.325 12.34 12.31 13.196
12.013 12.018 12.045 12.088 12.128 12.155 12.16 12.16 12.167 12.172 12.16 12.12 12.07 12.065 12.11 12.155 12.203 12.257 12.265 12.235 12.215 12.192 12.172 12.15 12.115 12.08 12.055 12.048 12.052 12.055 12.045 12.035 12.045 12.075 12.14 12.227 12.305 12.39 12.467 12.523 12.575 12.62 12.635 12.622 12.605 12.585 12.568 12.55 12.56 12.603 12.645 12.685 12.71 12.657 12.535 12.402 12.27 12.143 12.09 12.118 12.155 12.19 12.203 12.255 12.365 12.472 12.525 12.525 12.522 12.507 12.462 12.346 13.283
12.025 12.063 12.125 12.18 12.228 12.255 12.225 12.17 12.148 12.15 12.145 12.11 12.065 12.07 12.12 12.18 12.253 12.322 12.315 12.253 12.22 12.2 12.175 12.145 12.11 12.08 12.063 12.055 12.058 12.062 12.055 12.038 12.038 12.065 12.13 12.22 12.307 12.38 12.44 12.5 12.555 12.602 12.637 12.652 12.645 12.625 12.603 12.58 12.575 12.603 12.65 12.693 12.715 12.675 12.57 12.44 12.305 12.17 12.1 12.113 12.138 12.153 12.18 12.257 12.365 12.475 12.53 12.535 12.54 12.562 12.513 12.543 13.748
12.073 12.17 12.275 12.35 12.402 12.412 12.35 12.255 12.18 12.13 12.105 12.085 12.063 12.09 12.163 12.25 12.34 12.402 12.39 12.305 12.233 12.2 12.175 12.145 12.115 12.095 12.083 12.07 12.065 12.067 12.062 12.045 12.035 12.055 12.12 12.21 12.3 12.38 12.442 12.5 12.552 12.595 12.63 12.66 12.675 12.667 12.647 12.625 12.62 12.65 12.697 12.72 12.707 12.66 12.57 12.452 12.325 12.19 12.123 12.137 12.152 12.15 12.145 12.17 12.245 12.35 12.41 12.418 12.445 12.52 12.525 12.766 14.32
12.168 12.285 12.402 12.507 12.577 12.57 12.49 12.395 12.3 12.208 12.148 12.12 12.11 12.158 12.255 12.352 12.427 12.477 12.48 12.395 12.28 12.21 12.175 12.15 12.133 12.12 12.11 12.095 12.08 12.075 12.07 12.055 12.038 12.05 12.115 12.205 12.295 12.38 12.445 12.497 12.545 12.585 12.62 12.65 12.675 12.69 12.69 12.675 12.673 12.702 12.727 12.715 12.685 12.642 12.56 12.45 12.337 12.21 12.145 12.152 12.15 12.138 12.133 12.135 12.16 12.233 12.29 12.323 12.398 12.5 12.535 12.976 14.91
12.282 12.4 12.52 12.64 12.735 12.725 12.632 12.538 12.445 12.368 12.305 12.255 12.228 12.265 12.36 12.447 12.507 12.552 12.57 12.5 12.37 12.258 12.198 12.18 12.17 12.16 12.148 12.128 12.105 12.09 12.078 12.062 12.045 12.05 12.11 12.2 12.29 12.377 12.442 12.49 12.535 12.575 12.61 12.64 12.665 12.69 12.712 12.717 12.725 12.737 12.725 12.695 12.665 12.627 12.552 12.445 12.337 12.223 12.158 12.15 12.138 12.123 12.12 12.125 12.13 12.155 12.203 12.28 12.383 12.488 12.595 13.401 15.637
12.275 12.397 12.52 12.642 12.785 12.845 12.777 12.683 12.6 12.535 12.478 12.423 12.375 12.385 12.46 12.53 12.58 12.625 12.66 12.61 12.48 12.363 12.293 12.263 12.245 12.235 12.22 12.195 12.173 12.143 12.093 12.058 12.045 12.063 12.123 12.205 12.295 12.382 12.442 12.483 12.525 12.565 12.6 12.63 12.655 12.68 12.71 12.742 12.755 12.735 12.705 12.675 12.645 12.612 12.545 12.44 12.33 12.223 12.165 12.155 12.143 12.128 12.123 12.125 12.13 12.138 12.185 12.285 12.393 12.488 12.668 13.898 16.169
12.145 12.265 12.39 12.528 12.73 12.915 12.925 12.835 12.765 12.708 12.653 12.595 12.538 12.515 12.552 12.607 12.652 12.698 12.742 12.707 12.593 12.503 12.445 12.395 12.355 12.335 12.32 12.305 12.307 12.245 12.113 12.043 12.053 12.105 12.168 12.23 12.31 12.397 12.452 12.483 12.518 12.555 12.59 12.62 12.645 12.683 12.738 12.767 12.75 12.715 12.685 12.655 12.625 12.597 12.535 12.433 12.328 12.223 12.173 12.172 12.167 12.155 12.145 12.143 12.145 12.153 12.203 12.307 12.415 12.468 12.803 14.505 16.517
12.055 12.133 12.25 12.428 12.675 12.932 13.042 12.998 12.94 12.893 12.845 12.797 12.717 12.622 12.605 12.66 12.722 12.772 12.815 12.795 12.718 12.655 12.605 12.55 12.495 12.455 12.44 12.453 12.482 12.36 12.128 12.043 12.088 12.162 12.225 12.275 12.335 12.412 12.465 12.49 12.517 12.547 12.585 12.633 12.685 12.75 12.797 12.777 12.73 12.695 12.668 12.643 12.618 12.595 12.54 12.438 12.33 12.225 12.175 12.182 12.187 12.182 12.173 12.168 12.165 12.168 12.22 12.325 12.4 12.42 13.151 15.242 16.717
12.04 12.06 12.173 12.413 12.71 13.008 13.217 13.257 13.212 13.135 13.022 12.912 12.77 12.638 12.6 12.635 12.702 12.772 12.837 12.862 12.842 12.81 12.767 12.72 12.675 12.635 12.623 12.642 12.632 12.44 12.16 12.08 12.148 12.223 12.283 12.33 12.38 12.435 12.467 12.482 12.505 12.53 12.585 12.672 12.767 12.827 12.812 12.755 12.71 12.685 12.665 12.645 12.625 12.607 12.562 12.46 12.34 12.23 12.18 12.187 12.195 12.2 12.197 12.192 12.187 12.185 12.225 12.31 12.338 12.448 13.69 15.769 16.599
12.14 12.14 12.265 12.56 12.9 13.23 13.472 13.497 13.38 13.23 13.045 12.86 12.693 12.603 12.583 12.578 12.608 12.68 12.765 12.812 12.827 12.842 12.895 12.922 12.888 12.858 12.85 12.847 12.772 12.54 12.28 12.215 12.28 12.34 12.368 12.38 12.415 12.462 12.475 12.458 12.46 12.485 12.555 12.662 12.765 12.8 12.755 12.708 12.68 12.665 12.65 12.632 12.615 12.597 12.555 12.457 12.335 12.228 12.183 12.185 12.19 12.197 12.205 12.207 12.202 12.198 12.203 12.26 12.265 12.628 14.367 16.072 16.312
12.315 12.32 12.458 12.775 13.135 13.477 13.642 13.545 13.345 13.148 12.953 12.763 12.633 12.59 12.575 12.555 12.548 12.58 12.635 12.678 12.72 12.775 12.912 13.07 13.107 13.087 13.065 13.012 12.907 12.68 12.473 12.435 12.475 12.51 12.5 12.473 12.465 12.49 12.502 12.468 12.433 12.433 12.49 12.587 12.677 12.707 12.675 12.653 12.64 12.625 12.61 12.595 12.577 12.547 12.497 12.405 12.295 12.21 12.173 12.17 12.175 12.18 12.19 12.205 12.207 12.202 12.173 12.185 12.185 12.958 14.987 16.182 16.045
12.44 12.495 12.645 12.97 13.305 13.607 13.69 13.522 13.318 13.11 12.903 12.708 12.603 12.583 12.565 12.547 12.53 12.515 12.533 12.59 12.658 12.723 12.858 13.075 13.245 13.282 13.22 13.12 13.005 12.818 12.68 12.67 12.677 12.672 12.645 12.612 12.58 12.563 12.55 12.51 12.453 12.41 12.433 12.51 12.588 12.625 12.618 12.608 12.597 12.585 12.57 12.55 12.52 12.473 12.418 12.343 12.26 12.193 12.158 12.155 12.158 12.163 12.173 12.19 12.205 12.205 12.163 12.123 12.271 13.523 15.379 16.005 15.828
12.477 12.622 12.81 13.1 13.382 13.637 13.685 13.502 13.3 13.097 12.89 12.698 12.6 12.58 12.56 12.535 12.5 12.455 12.465 12.535 12.602 12.67 12.803 13.012 13.235 13.312 13.235 13.145 13.052 12.937 12.847 12.8 12.765 12.755 12.737 12.705 12.675 12.642 12.6 12.542 12.48 12.42 12.413 12.47 12.545 12.585 12.578 12.565 12.555 12.545 12.525 12.49 12.448 12.408 12.375 12.325 12.25 12.178 12.145 12.145 12.145 12.148 12.158 12.175 12.193 12.202 12.167 12.123 12.571 14.242 15.654 15.74 15.668
12.4 12.592 12.85 13.137 13.395 13.647 13.675 13.48 13.28 13.08 12.875 12.69 12.6 12.57 12.532 12.487 12.43 12.38 12.398 12.47 12.542 12.615 12.74 12.937 13.135 13.19 13.12 13.052 12.99 12.932 12.862 12.77 12.72 12.752 12.775 12.75 12.718 12.682 12.632 12.565 12.498 12.435 12.413 12.455 12.54 12.58 12.558 12.535 12.518 12.5 12.478 12.45 12.423 12.405 12.395 12.355 12.273 12.185 12.145 12.148 12.15 12.148 12.153 12.17 12.188 12.202 12.173 12.18 12.941 14.717 15.672 15.53 15.563
12.238 12.445 12.775 13.135 13.407 13.647 13.66 13.46 13.26 13.06 12.858 12.678 12.575 12.52 12.463 12.405 12.345 12.305 12.33 12.403 12.48 12.558 12.67 12.85 13.015 13.04 12.973 12.913 12.863 12.822 12.772 12.69 12.66 12.725 12.79 12.795 12.762 12.72 12.66 12.59 12.52 12.453 12.41 12.445 12.54 12.577 12.55 12.523 12.503 12.485 12.473 12.465 12.455 12.445 12.437 12.4 12.315 12.213 12.16 12.162 12.162 12.155 12.158 12.173 12.19 12.207 12.193 12.346 13.453 14.965 15.437 15.375 15.488
12.113 12.3 12.675 13.1 13.422 13.645 13.64 13.44 13.24 13.04 12.845 12.67 12.55 12.475 12.405 12.335 12.265 12.23 12.268 12.345 12.425 12.508 12.608 12.765 12.897 12.895 12.835 12.788 12.745 12.708 12.67 12.61 12.605 12.683 12.767 12.815 12.802 12.752 12.685 12.615 12.545 12.475 12.413 12.455 12.555 12.572 12.55 12.533 12.52 12.51 12.505 12.5 12.492 12.485 12.48 12.442 12.347 12.235 12.18 12.177 12.17 12.16 12.163 12.177 12.195 12.215 12.253 12.66 14.062 15.172 15.233 15.273 15.407
12.093 12.228 12.578 13.017 13.405 13.642 13.62 13.42 13.223 13.03 12.845 12.675 12.555 12.475 12.395 12.32 12.248 12.213 12.24 12.3 12.378 12.463 12.553 12.687 12.78 12.758 12.71 12.673 12.635 12.598 12.568 12.535 12.555 12.637 12.722 12.8 12.827 12.788 12.725 12.663 12.6 12.538 12.483 12.528 12.592 12.583 12.57 12.56 12.547 12.538 12.532 12.527 12.522 12.515 12.505 12.457 12.357 12.25 12.198 12.19 12.177 12.165 12.165 12.18 12.2 12.225 12.338 12.998 14.4 15.13 15.06 15.16 15.282
12.13 12.263 12.578 12.96 13.355 13.625 13.602 13.41 13.222 13.04 12.86 12.687 12.568 12.495 12.425 12.358 12.295 12.268 12.278 12.303 12.355 12.425 12.503 12.615 12.68 12.66 12.63 12.6 12.57 12.543 12.515 12.493 12.508 12.573 12.657 12.747 12.825 12.855 12.827 12.77 12.715 12.66 12.638 12.657 12.635 12.598 12.59 12.582 12.572 12.565 12.557 12.547 12.537 12.525 12.505 12.442 12.342 12.245 12.2 12.195 12.182 12.17 12.168 12.178 12.195 12.268 12.48 13.408 14.575 14.907 14.895 14.997 15.112
12.18 12.345 12.675 13.015 13.345 13.552 13.497 13.295 13.095 12.895 12.715 12.61 12.577 12.54 12.478 12.413 12.363 12.35 12.36 12.37 12.39 12.425 12.478 12.558 12.622 12.63 12.61 12.588 12.563 12.535 12.5 12.478 12.475 12.503 12.578 12.678 12.785 12.882 12.932 12.912 12.857 12.803 12.792 12.77 12.678 12.61 12.593 12.59 12.587 12.582 12.57 12.555 12.54 12.522 12.492 12.417 12.315 12.223 12.185 12.19 12.185 12.175 12.17 12.175 12.188 12.34 12.755 13.865 14.72 14.723 14.738 14.823 14.935
12.243 12.442 12.735 12.96 13.147 13.257 13.192 12.99 12.77 12.583 12.485 12.498 12.555 12.572 12.532 12.47 12.435 12.435 12.445 12.455 12.465 12.475 12.495 12.535 12.597 12.627 12.61 12.587 12.557 12.52 12.483 12.465 12.46 12.463 12.515 12.615 12.725 12.835 12.94 13.005 12.995 12.957 12.922 12.845 12.735 12.64 12.595 12.59 12.587 12.577 12.562 12.55 12.537 12.52 12.477 12.392 12.288 12.198 12.165 12.175 12.182 12.18 12.173 12.173 12.183 12.415 13.06 14.082 14.627 14.573 14.585 14.648 14.758
12.263 12.372 12.502 12.598 12.683 12.767 12.762 12.608 12.433 12.358 12.38 12.443 12.505 12.557 12.57 12.535 12.513 12.52 12.525 12.525 12.527 12.527 12.53 12.548 12.588 12.62 12.61 12.577 12.54 12.5 12.47 12.458 12.453 12.445 12.473 12.56 12.67 12.78 12.888 12.995 13.067 13.077 13.015 12.905 12.798 12.693 12.615 12.588 12.577 12.56 12.548 12.54 12.53 12.517 12.465 12.368 12.263 12.173 12.143 12.155 12.17 12.18 12.177 12.172 12.178 12.49 13.41 14.237 14.44 14.435 14.443 14.485 14.583
12.257 12.273 12.268 12.288 12.308 12.328 12.335 12.278 12.23 12.265 12.325 12.388 12.453 12.515 12.567 12.585 12.58 12.582 12.58 12.57 12.565 12.56 12.56 12.575 12.597 12.615 12.602 12.562 12.52 12.483 12.46 12.453 12.45 12.435 12.438 12.51 12.62 12.73 12.837 12.932 13.01 13.06 13.062 13 12.895 12.78 12.67 12.603 12.57 12.545 12.533 12.528 12.52 12.507 12.452 12.353 12.253 12.168 12.138 12.153 12.168 12.175 12.167 12.16 12.173 12.62 13.692 14.305 14.285 14.295 14.305 14.33 14.405
12.267 12.312 12.302 12.26 12.218 12.173 12.148 12.14 12.17 12.235 12.295 12.358 12.423 12.485 12.542 12.58 12.59 12.592 12.592 12.59 12.592 12.59 12.59 12.597 12.602 12.6 12.582 12.547 12.505 12.47 12.453 12.45 12.45 12.425 12.405 12.463 12.57 12.677 12.755 12.792 12.838 12.92 13 13.022 13 12.92 12.795 12.703 12.65 12.613 12.56 12.528 12.528 12.512 12.455 12.36 12.265 12.185 12.155 12.167 12.175 12.17 12.15 12.13 12.235 12.885 13.797 14.157 14.148 14.155 14.165 14.178 14.235
