EGM722_Project_Data/DTM_asc/TL4458.asc
ncols         200
nrows         200
xllcorner     544000.000
yllcorner     258000.000
cellsize      5
NODATA_value  -9999.0
[rows 140 to 174 of 200, columns 79 to 157 of 200]
8.235 8.26 8.28 8.297 8.227 8.152 7.417 6.408 6.593 6.832 6.565 6.5 6.505 6.532 6.515 6.478 6.455 6.438 6.423 6.417 6.422 6.417 6.395 6.378 6.38 6.39 6.405 6.44 6.468 6.583 6.9 6.625 5.718 5.29 5.29 5.29 6.075 7.06 7.24 7.273 7.378 7.475 7.57 7.705 7.878 8.055 8.235 8.37 8.455 8.543 8.64 8.735 8.83 8.935 9.03 9.105 9.178 9.25 9.31 9.32 9.288 9.308 9.423 9.555 9.645 9.7 9.705 9.685 9.69 9.702 9.71 9.728 9.752 9.777 9.795 9.808 9.828 9.865 9.915
8.075 8.08 8.1 8.12 8.09 8.08 7.395 6.426 6.61 6.84 6.545 6.445 6.448 6.48 6.495 6.485 6.465 6.45 6.435 6.417 6.4 6.37 6.335 6.32 6.328 6.345 6.363 6.395 6.443 6.535 6.832 6.727 5.843 5.29 5.29 5.29 6.06 7.195 7.482 7.423 7.473 7.538 7.605 7.728 7.905 8.085 8.265 8.402 8.488 8.565 8.65 8.74 8.833 8.93 9.018 9.09 9.165 9.24 9.31 9.35 9.363 9.425 9.53 9.612 9.637 9.62 9.595 9.61 9.667 9.705 9.717 9.728 9.748 9.775 9.795 9.805 9.81 9.823 9.855
7.975 7.953 7.945 7.945 7.945 8.002 7.372 6.443 6.628 6.862 6.563 6.43 6.425 6.453 6.47 6.47 6.457 6.442 6.425 6.385 6.338 6.303 6.293 6.363 6.435 6.455 6.498 6.575 6.613 6.595 6.78 6.812 5.97 5.29 5.29 5.29 6.091 7.41 7.842 7.723 7.71 7.73 7.715 7.783 7.955 8.138 8.32 8.46 8.548 8.623 8.7 8.785 8.878 8.968 9.038 9.095 9.158 9.228 9.3 9.365 9.43 9.502 9.562 9.58 9.552 9.518 9.503 9.54 9.62 9.69 9.722 9.73 9.748 9.772 9.792 9.805 9.81 9.81 9.82
7.925 7.893 7.855 7.825 7.81 7.91 7.35 6.463 6.65 6.895 6.588 6.428 6.42 6.435 6.44 6.435 6.427 6.415 6.395 6.34 6.27 6.228 6.285 6.52 6.697 6.738 6.82 6.943 7.02 7.128 7.468 7.487 6.275 5.29 5.29 5.291 6.725 8.312 8.437 8.215 8 7.945 7.86 7.875 8.03 8.213 8.395 8.54 8.632 8.708 8.783 8.868 8.962 9.04 9.087 9.128 9.175 9.233 9.3 9.375 9.45 9.51 9.527 9.495 9.45 9.415 9.42 9.48 9.56 9.645 9.712 9.737 9.748 9.768 9.79 9.805 9.81 9.81 9.818
7.875 7.845 7.805 7.762 7.713 7.827 7.332 6.488 6.688 6.94 6.625 6.433 6.403 6.402 6.4 6.397 6.392 6.382 6.362 6.303 6.215 6.16 6.303 6.655 6.92 7.04 7.26 7.6 7.905 8.25 8.704 8.344 6.515 5.291 5.29 5.291 7.407 9.368 9.07 8.755 8.492 8.212 7.975 7.973 8.11 8.29 8.47 8.62 8.717 8.792 8.868 8.953 9.042 9.105 9.14 9.175 9.22 9.263 9.315 9.387 9.45 9.47 9.44 9.39 9.348 9.32 9.345 9.42 9.503 9.587 9.67 9.727 9.75 9.768 9.79 9.802 9.807 9.81 9.828
7.822 7.792 7.742 7.685 7.633 7.767 7.315 6.513 6.735 6.992 6.675 6.45 6.38 6.37 6.363 6.36 6.355 6.348 6.34 6.31 6.26 6.275 6.523 6.943 7.353 7.665 7.95 8.292 8.55 8.757 9.059 7.882 5.908 5.29 5.29 5.291 7.007 8.819 8.835 8.772 8.705 8.432 8.14 8.068 8.188 8.36 8.527 8.675 8.79 8.877 8.953 9.035 9.112 9.16 9.193 9.227 9.265 9.298 9.338 9.392 9.412 9.38 9.33 9.28 9.24 9.233 9.28 9.363 9.447 9.53 9.61 9.69 9.745 9.767 9.787 9.8 9.805 9.818 9.85
7.762 7.72 7.65 7.58 7.56 7.725 7.292 6.535 6.783 7.045 6.725 6.49 6.383 6.345 6.34 6.398 6.49 6.528 6.545 6.59 6.653 6.798 7.147 7.545 7.88 8.175 8.362 8.495 8.522 8.47 7.97 6.411 5.319 5.295 5.29 5.29 6.335 7.732 8.243 8.407 8.367 8.272 8.137 8.1 8.232 8.395 8.55 8.697 8.83 8.94 9.032 9.115 9.177 9.215 9.245 9.275 9.302 9.327 9.357 9.365 9.327 9.275 9.225 9.175 9.135 9.15 9.22 9.305 9.39 9.47 9.553 9.637 9.712 9.76 9.787 9.8 9.808 9.835 9.875
7.695 7.632 7.545 7.47 7.5 7.697 7.27 6.553 6.825 7.095 6.773 6.545 6.425 6.345 6.34 6.475 6.687 6.845 6.962 7.092 7.235 7.392 7.655 7.912 8.065 8.21 8.355 8.492 8.517 8.332 6.965 5.591 5.842 5.767 5.29 5.29 5.903 7.182 7.977 8.072 8.003 7.96 7.965 8.055 8.225 8.4 8.562 8.712 8.847 8.97 9.085 9.177 9.232 9.262 9.287 9.31 9.33 9.35 9.372 9.317 9.223 9.17 9.12 9.07 9.043 9.08 9.163 9.247 9.33 9.41 9.495 9.58 9.66 9.735 9.782 9.798 9.818 9.852 9.88
7.62 7.545 7.45 7.373 7.448 7.68 7.257 6.568 6.865 7.145 6.823 6.603 6.49 6.39 6.375 6.523 6.76 6.997 7.2 7.37 7.53 7.63 7.71 7.81 7.908 8.06 8.255 8.447 8.485 8.172 6.795 5.633 6.392 6.375 5.426 5.29 5.478 6.673 7.72 7.755 7.755 7.795 7.865 7.99 8.18 8.375 8.56 8.725 8.862 8.97 9.055 9.15 9.245 9.295 9.317 9.337 9.352 9.37 9.385 9.3 9.148 9.06 9.01 8.963 8.96 9.02 9.105 9.19 9.27 9.353 9.437 9.52 9.603 9.687 9.757 9.795 9.822 9.847 9.862
7.555 7.475 7.39 7.373 7.47 7.67 7.252 6.58 6.905 7.195 6.898 6.738 6.67 6.595 6.56 6.64 6.833 7.06 7.273 7.462 7.6 7.657 7.683 7.71 7.75 7.843 7.978 8.152 8.26 7.837 6.62 5.786 6.477 6.859 5.9 5.29 5.291 6.498 7.65 7.623 7.68 7.738 7.798 7.923 8.11 8.302 8.495 8.677 8.827 8.915 8.96 9.055 9.2 9.3 9.337 9.352 9.365 9.377 9.372 9.302 9.14 8.983 8.905 8.865 8.885 8.963 9.047 9.13 9.213 9.298 9.38 9.463 9.55 9.638 9.722 9.782 9.807 9.822 9.837
7.518 7.44 7.428 7.535 7.62 7.705 7.247 6.588 6.935 7.242 7.018 6.96 6.955 6.935 6.9 6.883 6.975 7.17 7.4 7.575 7.642 7.67 7.697 7.722 7.75 7.777 7.802 7.76 7.56 7.025 6.31 5.94 6.555 7.207 6.245 5.29 5.291 6.565 7.742 7.668 7.713 7.753 7.783 7.84 7.96 8.127 8.31 8.5 8.69 8.825 8.893 8.995 9.147 9.28 9.345 9.355 9.365 9.36 9.327 9.28 9.167 8.98 8.828 8.778 8.82 8.905 8.993 9.075 9.16 9.248 9.333 9.42 9.51 9.6 9.69 9.752 9.777 9.795 9.812
7.5 7.473 7.572 7.732 7.777 7.782 7.353 6.798 7.08 7.322 7.19 7.195 7.21 7.222 7.222 7.203 7.223 7.367 7.547 7.63 7.657 7.647 7.54 7.345 7.097 6.968 6.98 6.885 6.603 6.28 6.105 6.033 6.6 7.212 6.373 5.408 5.291 6.602 7.827 7.753 7.78 7.8 7.8 7.795 7.823 7.905 8.053 8.253 8.475 8.682 8.83 8.96 9.105 9.245 9.332 9.355 9.35 9.317 9.275 9.232 9.17 9.027 8.825 8.733 8.778 8.86 8.95 9.038 9.125 9.215 9.303 9.39 9.48 9.57 9.66 9.72 9.745 9.765 9.785
7.495 7.48 7.582 7.712 7.78 7.8 7.645 7.415 7.44 7.457 7.405 7.425 7.44 7.455 7.475 7.489 7.387 7.247 7.132 6.975 6.908 6.885 6.763 6.555 6.296 6.151 6.151 6.176 6.273 6.273 6.143 6.058 6.613 7.21 6.847 5.88 5.291 6.175 7.442 7.82 7.817 7.815 7.805 7.797 7.79 7.793 7.848 8.018 8.263 8.507 8.737 8.915 9.055 9.197 9.307 9.337 9.307 9.265 9.222 9.178 9.135 9.06 8.89 8.773 8.8 8.865 8.935 9.013 9.1 9.19 9.277 9.365 9.453 9.54 9.63 9.69 9.715 9.735 9.755
7.493 7.438 7.478 7.57 7.663 7.74 7.772 7.789 7.724 7.632 7.629 7.495 7.215 6.97 6.87 6.88 6.777 6.58 6.403 6.233 6.151 6.151 6.205 6.345 6.532 6.57 6.478 6.495 6.627 6.557 6.255 6.08 6.618 7.2 7.214 6.252 5.291 5.518 6.78 7.77 7.712 7.695 7.685 7.675 7.667 7.66 7.653 7.788 8.057 8.325 8.597 8.817 8.97 9.115 9.25 9.297 9.262 9.218 9.173 9.128 9.085 9.04 8.95 8.878 8.883 8.923 8.975 9.033 9.1 9.17 9.25 9.34 9.428 9.515 9.605 9.662 9.683 9.7 9.723
7.49 7.423 7.44 7.51 7.588 7.7 7.505 7.2 7.048 6.94 6.945 6.8 6.513 6.261 6.151 6.151 6.163 6.325 6.63 6.755 6.662 6.535 6.462 6.522 6.712 6.79 6.735 6.765 6.835 6.755 6.388 6.1 6.62 7.187 7.225 6.368 5.391 5.291 6.52 7.674 7.533 7.46 7.45 7.44 7.433 7.425 7.418 7.553 7.828 8.108 8.4 8.657 8.835 8.98 9.14 9.232 9.225 9.185 9.14 9.095 9.048 9.01 9.003 9.002 8.993 9.01 9.058 9.11 9.158 9.205 9.265 9.335 9.408 9.49 9.58 9.632 9.653 9.678 9.705
7.49 7.405 7.408 7.495 7.605 7.732 7.395 6.666 6.341 6.438 6.633 6.828 6.95 6.96 6.927 6.887 6.797 6.802 6.95 6.917 6.715 6.575 6.487 6.448 6.488 6.565 6.643 6.715 6.795 6.845 6.497 6.12 6.625 7.175 7.215 6.795 5.823 5.291 6.312 7.444 7.43 7.265 7.22 7.21 7.2 7.188 7.18 7.318 7.598 7.89 8.195 8.482 8.687 8.833 9.007 9.132 9.165 9.157 9.117 9.073 9.035 9.04 9.098 9.127 9.115 9.113 9.14 9.192 9.242 9.29 9.34 9.39 9.44 9.5 9.565 9.608 9.64 9.675 9.702
7.503 7.41 7.383 7.465 7.597 7.73 7.66 7.28 7.098 7.242 7.405 7.567 7.659 7.632 7.489 7.367 7.282 7.06 6.745 6.43 6.225 6.21 6.285 6.365 6.442 6.517 6.593 6.673 6.775 6.89 6.547 6.135 6.633 7.165 7.205 7.182 6.215 5.291 5.705 6.812 7.37 7.13 7.003 6.975 6.965 6.953 6.943 7.083 7.378 7.685 7.995 8.3 8.532 8.69 8.875 9.015 9.07 9.1 9.087 9.063 9.073 9.133 9.217 9.252 9.237 9.225 9.228 9.265 9.322 9.375 9.425 9.475 9.522 9.56 9.575 9.595 9.637 9.675 9.7
7.558 7.463 7.393 7.415 7.498 7.605 7.735 7.76 7.69 7.627 7.562 7.497 7.425 7.28 7.008 6.863 6.915 6.88 6.655 6.355 6.19 6.173 6.225 6.312 6.395 6.47 6.55 6.653 6.767 6.88 6.542 6.145 6.638 7.155 7.198 7.24 6.36 5.376 5.291 6.38 7.334 7.065 6.853 6.77 6.763 6.76 6.76 6.89 7.173 7.48 7.79 8.102 8.362 8.553 8.747 8.895 8.96 9.013 9.063 9.108 9.17 9.252 9.315 9.33 9.335 9.342 9.335 9.348 9.398 9.457 9.51 9.557 9.592 9.595 9.573 9.583 9.63 9.673 9.695
7.642 7.535 7.425 7.395 7.43 7.488 7.572 7.52 7.41 7.365 7.293 7.213 7.088 6.893 6.673 6.563 6.56 6.553 6.475 6.305 6.19 6.16 6.168 6.24 6.338 6.43 6.533 6.648 6.76 6.872 6.582 6.193 6.64 7.15 7.195 7.24 6.792 5.808 5.291 6.222 7.202 7.117 6.885 6.755 6.715 6.71 6.723 6.853 7.105 7.368 7.635 7.913 8.185 8.415 8.64 8.83 8.935 9.02 9.118 9.21 9.29 9.35 9.367 9.36 9.367 9.395 9.422 9.442 9.475 9.532 9.592 9.627 9.625 9.6 9.58 9.603 9.658 9.695 9.703
7.727 7.602 7.455 7.4 7.432 7.465 7.5 7.4 7.25 7.223 7.175 7.048 6.89 6.75 6.635 6.543 6.468 6.39 6.343 6.288 6.223 6.19 6.165 6.21 6.313 6.41 6.525 6.655 6.777 6.892 6.605 6.205 6.64 7.15 7.192 7.237 7.209 6.225 5.291 5.68 6.722 7.242 7.043 6.92 6.828 6.778 6.775 6.92 7.172 7.403 7.63 7.863 8.12 8.383 8.653 8.88 9.02 9.135 9.24 9.327 9.385 9.4 9.393 9.387 9.38 9.39 9.435 9.485 9.53 9.59 9.657 9.69 9.675 9.653 9.645 9.675 9.725 9.74 9.73
7.813 7.665 7.5 7.42 7.435 7.475 7.505 7.432 7.298 7.235 7.202 7.047 6.855 6.772 6.7 6.608 6.533 6.46 6.39 6.335 6.295 6.258 6.225 6.263 6.337 6.388 6.488 6.632 6.772 6.847 6.515 6.163 6.623 7.125 7.182 7.235 7.28 6.375 5.371 5.291 6.395 7.382 7.213 7.107 7 6.903 6.85 6.98 7.248 7.49 7.723 7.963 8.218 8.488 8.772 8.99 9.122 9.245 9.355 9.42 9.432 9.427 9.42 9.412 9.405 9.4 9.423 9.48 9.553 9.63 9.705 9.745 9.75 9.745 9.735 9.755 9.782 9.775 9.757
7.948 7.795 7.61 7.498 7.495 7.54 7.535 7.457 7.362 7.262 7.16 6.985 6.768 6.705 6.72 6.67 6.6 6.535 6.472 6.42 6.382 6.345 6.308 6.32 6.355 6.368 6.435 6.598 6.737 6.61 6.298 6.365 6.82 7.092 7.155 7.213 7.27 6.81 5.805 5.291 5.918 6.995 7.387 7.275 7.162 7.048 6.993 7.143 7.4 7.602 7.825 8.092 8.362 8.627 8.895 9.087 9.195 9.295 9.392 9.445 9.445 9.44 9.435 9.425 9.415 9.42 9.46 9.528 9.603 9.678 9.747 9.785 9.8 9.812 9.81 9.807 9.8 9.775 9.735
8.143 8.02 7.838 7.73 7.715 7.667 7.562 7.448 7.355 7.24 7.077 6.883 6.695 6.638 6.69 6.69 6.632 6.57 6.507 6.457 6.422 6.387 6.348 6.375 6.425 6.425 6.513 6.66 6.58 6.295 6.313 6.767 7.085 7.135 7.183 7.228 7.275 7.239 6.235 5.291 5.351 6.483 7.504 7.397 7.28 7.16 7.17 7.35 7.56 7.692 7.863 8.14 8.417 8.685 8.917 9.082 9.185 9.26 9.34 9.417 9.445 9.44 9.435 9.425 9.428 9.468 9.545 9.625 9.695 9.755 9.795 9.815 9.83 9.84 9.827 9.797 9.765 9.72 9.647
8.35 8.255 8.127 8.01 7.9 7.735 7.56 7.432 7.322 7.177 7.012 6.825 6.665 6.623 6.66 6.665 6.62 6.565 6.503 6.453 6.417 6.38 6.338 6.427 6.562 6.583 6.645 6.57 6.29 6.28 6.687 7.047 7.147 7.185 7.22 7.247 7.272 7.302 6.465 5.451 5.291 6.297 7.412 7.472 7.372 7.26 7.277 7.33 7.452 7.682 7.862 8.102 8.367 8.597 8.785 8.947 9.092 9.19 9.268 9.37 9.435 9.44 9.435 9.435 9.473 9.55 9.642 9.725 9.782 9.817 9.83 9.835 9.84 9.825 9.787 9.745 9.695 9.625 9.543
8.492 8.4 8.287 8.122 7.927 7.735 7.55 7.402 7.265 7.105 6.945 6.763 6.635 6.61 6.632 6.632 6.59 6.545 6.492 6.445 6.407 6.365 6.323 6.44 6.667 6.78 6.607 6.283 6.253 6.62 6.997 7.12 7.142 7.167 7.19 7.212 7.238 7.272 6.965 5.963 5.29 5.725 6.857 7.515 7.433 7.37 7.257 7.06 7.138 7.5 7.802 8.042 8.252 8.43 8.598 8.767 8.94 9.085 9.19 9.305 9.407 9.44 9.445 9.48 9.555 9.642 9.725 9.792 9.827 9.84 9.845 9.845 9.83 9.793 9.75 9.705 9.618 9.513 9.435
8.55 8.447 8.307 8.125 7.93 7.735 7.532 7.347 7.19 7.03 6.87 6.708 6.618 6.608 6.613 6.597 6.555 6.515 6.472 6.43 6.387 6.343 6.308 6.435 6.722 6.702 6.343 6.223 6.558 6.955 7.085 7.088 7.107 7.13 7.15 7.175 7.2 7.238 7.297 6.31 5.291 5.291 6.447 7.622 7.66 7.607 7.275 6.873 6.91 7.288 7.682 7.957 8.095 8.24 8.41 8.58 8.75 8.928 9.108 9.253 9.365 9.438 9.48 9.542 9.617 9.692 9.76 9.805 9.825 9.835 9.84 9.837 9.817 9.783 9.745 9.697 9.59 9.448 9.353
8.587 8.47 8.31 8.125 7.93 7.722 7.487 7.268 7.095 6.938 6.798 6.69 6.64 6.633 6.615 6.573 6.525 6.485 6.445 6.405 6.362 6.318 6.328 6.52 6.692 6.428 6.19 6.49 6.91 7.067 7.063 7.06 7.07 7.09 7.113 7.137 7.163 7.208 7.272 6.732 5.725 5.29 5.878 7.132 7.877 7.772 7.307 6.88 6.878 7.213 7.612 7.9 8.013 8.103 8.255 8.45 8.65 8.86 9.103 9.282 9.385 9.465 9.513 9.567 9.63 9.692 9.755 9.795 9.81 9.817 9.82 9.817 9.807 9.785 9.75 9.71 9.61 9.455 9.365
8.617 8.485 8.312 8.125 7.92 7.68 7.413 7.17 7.003 6.888 6.795 6.73 6.7 6.69 6.65 6.575 6.505 6.455 6.415 6.375 6.335 6.29 6.383 6.687 6.602 6.24 6.403 6.822 7.015 7.04 7.04 7.035 7.035 7.053 7.077 7.1 7.13 7.183 7.247 7.229 6.235 5.291 5.291 6.553 7.892 7.752 7.253 6.92 6.978 7.23 7.57 7.872 8.005 8.078 8.225 8.44 8.67 8.915 9.185 9.375 9.485 9.557 9.565 9.578 9.625 9.685 9.747 9.787 9.797 9.797 9.795 9.79 9.785 9.775 9.75 9.717 9.625 9.505 9.463
8.64 8.49 8.315 8.115 7.88 7.61 7.348 7.125 6.99 6.925 6.863 6.803 6.77 6.752 6.695 6.603 6.513 6.435 6.38 6.343 6.305 6.283 6.47 6.677 6.423 6.298 6.675 6.87 6.885 6.962 7.002 7.012 7.008 7.018 7.04 7.06 7.098 7.157 7.222 7.245 6.647 5.675 5.29 5.923 7.27 7.752 7.215 6.958 7.113 7.328 7.583 7.855 8.022 8.133 8.288 8.49 8.73 8.995 9.272 9.47 9.6 9.677 9.667 9.64 9.638 9.678 9.74 9.775 9.777 9.773 9.768 9.763 9.758 9.752 9.742 9.72 9.643 9.58 9.58
8.655 8.492 8.307 8.085 7.843 7.595 7.365 7.16 7.038 6.99 6.935 6.875 6.838 6.802 6.73 6.635 6.54 6.445 6.37 6.335 6.31 6.36 6.65 6.58 6.218 6.49 6.77 6.69 6.718 6.815 6.902 6.965 6.985 6.985 7 7.023 7.067 7.125 7.125 7.087 7.054 6.163 5.291 5.291 6.562 7.692 7.24 7.033 7.245 7.463 7.683 7.895 8.062 8.202 8.353 8.548 8.8 9.072 9.342 9.547 9.69 9.765 9.76 9.737 9.712 9.708 9.735 9.755 9.752 9.747 9.742 9.737 9.732 9.727 9.722 9.712 9.68 9.67 9.67
8.642 8.482 8.302 8.095 7.878 7.662 7.447 7.233 7.09 7.04 7 6.945 6.902 6.847 6.76 6.662 6.555 6.442 6.36 6.378 6.413 6.538 6.675 6.415 6.343 6.695 6.695 6.52 6.553 6.65 6.747 6.845 6.917 6.947 6.965 6.992 7.022 7.002 6.895 6.883 7.06 6.665 5.723 5.29 5.888 7.14 7.465 7.215 7.408 7.63 7.822 7.967 8.1 8.242 8.395 8.593 8.842 9.11 9.375 9.58 9.71 9.777 9.785 9.775 9.762 9.742 9.722 9.712 9.71 9.705 9.697 9.692 9.687 9.68 9.672 9.675 9.695 9.727 9.712
8.585 8.445 8.28 8.105 7.917 7.725 7.525 7.315 7.148 7.075 7.047 7.007 6.96 6.877 6.765 6.65 6.525 6.4 6.32 6.443 6.58 6.73 6.57 6.203 6.547 6.827 6.545 6.368 6.4 6.495 6.59 6.685 6.782 6.86 6.915 6.935 6.92 6.863 6.775 6.805 6.96 7.082 6.205 5.291 5.291 6.43 7.612 7.64 7.663 7.78 7.91 8.015 8.13 8.26 8.42 8.625 8.863 9.118 9.382 9.587 9.69 9.742 9.762 9.755 9.745 9.71 9.65 9.63 9.64 9.635 9.627 9.622 9.615 9.61 9.613 9.63 9.673 9.725 9.72
8.515 8.4 8.247 8.08 7.908 7.735 7.555 7.365 7.183 7.067 7.012 6.987 6.965 6.867 6.725 6.59 6.46 6.355 6.295 6.497 6.737 6.705 6.403 6.353 6.69 6.687 6.398 6.243 6.27 6.348 6.443 6.538 6.633 6.735 6.855 6.918 6.905 6.88 6.858 6.89 6.978 7.105 6.715 5.768 5.29 5.748 7.15 8.014 7.89 7.888 7.973 8.063 8.165 8.285 8.45 8.665 8.895 9.133 9.39 9.58 9.657 9.705 9.735 9.732 9.697 9.615 9.53 9.52 9.55 9.557 9.552 9.545 9.543 9.553 9.573 9.603 9.65 9.7 9.695
8.495 8.363 8.227 8.077 7.905 7.73 7.555 7.38 7.182 6.973 6.863 6.903 6.952 6.867 6.708 6.555 6.413 6.323 6.28 6.508 6.825 6.57 6.198 6.507 6.675 6.398 6.225 6.14 6.15 6.205 6.298 6.408 6.54 6.688 6.855 6.982 7.012 6.99 6.97 7.005 7.085 7.165 7.232 6.322 5.338 5.291 6.255 7.649 8.03 8.015 8.085 8.158 8.24 8.328 8.478 8.7 8.932 9.165 9.402 9.557 9.615 9.665 9.702 9.685 9.602 9.498 9.413 9.4 9.44 9.47 9.475 9.475 9.493 9.515 9.54 9.578 9.625 9.662 9.652
8.525 8.338 8.193 8.067 7.915 7.742 7.568 7.392 7.17 6.903 6.773 6.86 6.957 6.895 6.737 6.573 6.418 6.32 6.293 6.533 6.705 6.393 6.308 6.53 6.415 6.185 6.108 6.075 6.065 6.108 6.22 6.37 6.545 6.725 6.905 7.052 7.112 7.1 7.083 7.12 7.2 7.27 7.312 6.872 5.855 5.29 5.536 7.002 8.172 8.155 8.225 8.295 8.345 8.373 8.475 8.68 8.915 9.14 9.335 9.455 9.51 9.56 9.602 9.59 9.502 9.388 9.295 9.28 9.323 9.37 9.405 9.43 9.457 9.483 9.51 9.55 9.59 9.617 9.622
