EGM722_Project_Data/DTM_asc/TL4461.asc
ncols         200
nrows         200
xllcorner     544000.000
yllcorner     261000.000
cellsize      5
NODATA_value  -9999.0
[rows 0 to 31 of 200, columns 73 to 145 of 200]
13.355 13.285 13.247 13.21 13.175 13.145 13.112 13.078 13.043 13.015 12.995 12.978 12.96 12.94 12.92 12.903 12.888 12.88 12.88 12.88 12.88 12.87 12.85 12.83 12.81 12.788 12.795 12.873 12.96 12.99 12.99 12.985 12.977 12.978 12.99 13.002 13.007 13.005 12.987 12.957 12.91 12.86 12.802 12.722 12.633 12.54 12.453 12.398 12.395 11.812 10.518 9.728 9.64 9.64 9.64 9.64 9.64 9.64 9.64 9.64 9.683 9.818 10.005 10.205 10.54 11.012 11.437 11.797 12.117 12.305 12.357 12.38 12.428
13.355 13.285 13.25 13.21 13.175 13.142 13.107 13.072 13.035 13.008 12.99 12.972 12.955 12.935 12.915 12.895 12.875 12.863 12.86 12.86 12.862 12.857 12.843 12.828 12.81 12.793 12.825 12.92 12.982 12.99 12.992 12.995 12.997 13.002 13.02 13.027 13.005 12.97 12.918 12.853 12.79 12.745 12.713 12.663 12.588 12.508 12.44 12.415 12.179 10.925 9.776 9.64 9.64 9.64 9.64 9.64 9.64 9.64 9.64 9.64 9.64 9.64 9.64 9.648 9.75 9.953 10.195 10.555 11.05 11.5 11.822 12.102 12.277
13.353 13.285 13.25 13.21 13.162 13.122 13.095 13.06 13.02 12.993 12.977 12.963 12.948 12.928 12.903 12.88 12.86 12.843 12.838 12.84 12.842 12.847 12.855 12.855 12.842 12.83 12.877 12.942 12.955 12.957 12.965 12.975 12.987 13 13.015 13.025 12.995 12.935 12.87 12.805 12.733 12.678 12.655 12.627 12.575 12.505 12.455 12.427 11.562 10.176 9.64 9.64 9.64 9.64 9.64 9.64 9.64 9.64 9.64 9.64 9.64 9.64 9.64 9.64 9.64 9.64 9.64 9.73 9.955 10.225 10.535 10.98 11.407
13.35 13.288 13.247 13.192 13.12 13.078 13.065 13.037 13 12.97 12.958 12.958 12.952 12.93 12.898 12.865 12.84 12.82 12.813 12.815 12.815 12.823 12.845 12.865 12.875 12.88 12.902 12.917 12.908 12.91 12.923 12.94 12.96 12.975 12.985 13 13.002 12.965 12.9 12.832 12.738 12.663 12.64 12.615 12.567 12.505 12.462 12.229 10.905 9.721 9.64 9.64 9.64 9.64 9.64 9.64 9.64 9.64 9.64 9.64 9.64 9.64 9.64 9.64 9.64 9.64 9.64 9.64 9.64 9.64 9.68 9.856 10.128
13.348 13.285 13.225 13.145 13.06 13.02 13.017 13.007 12.98 12.953 12.95 12.965 12.965 12.94 12.905 12.865 12.83 12.803 12.788 12.785 12.785 12.79 12.81 12.837 12.867 12.895 12.897 12.883 12.868 12.87 12.89 12.915 12.94 12.955 12.965 12.975 12.985 12.975 12.927 12.85 12.733 12.648 12.623 12.597 12.557 12.505 12.44 11.58 10.2 9.64 9.64 9.64 9.64 9.64 9.64 9.64 9.64 9.64 9.64 9.64 9.64 9.64 9.64 9.64 9.64 9.64 9.64 9.64 9.64 9.64 9.64 9.64 9.64
13.338 13.263 13.18 13.09 13.005 12.965 12.965 12.963 12.95 12.943 12.955 12.975 12.975 12.947 12.91 12.87 12.83 12.795 12.773 12.76 12.755 12.758 12.775 12.803 12.845 12.887 12.89 12.87 12.848 12.848 12.873 12.898 12.922 12.94 12.948 12.955 12.96 12.962 12.942 12.857 12.72 12.633 12.608 12.583 12.55 12.485 12.287 10.95 9.703 9.64 9.64 9.64 9.64 9.64 9.64 9.64 9.64 9.64 9.64 9.64 9.64 9.64 9.64 9.64 9.64 9.64 9.64 9.64 9.64 9.64 9.64 9.64 9.64
13.33 13.27 13.185 13.095 13.013 12.96 12.945 12.94 12.935 12.945 12.965 12.987 12.987 12.953 12.91 12.87 12.83 12.795 12.77 12.748 12.73 12.723 12.735 12.778 12.847 12.897 12.892 12.87 12.845 12.838 12.858 12.882 12.907 12.925 12.93 12.935 12.94 12.945 12.935 12.855 12.718 12.63 12.603 12.577 12.535 12.435 11.77 10.408 9.64 9.64 9.64 9.64 9.64 9.64 9.64 9.64 9.64 9.64 9.64 9.64 9.64 9.64 9.64 9.64 9.64 9.64 9.64 9.64 9.64 9.64 9.64 9.64 9.64
13.342 13.315 13.242 13.155 13.075 13.01 12.965 12.948 12.945 12.955 12.975 13 13.005 12.965 12.913 12.87 12.83 12.795 12.77 12.745 12.72 12.703 12.715 12.778 12.862 12.907 12.895 12.868 12.843 12.833 12.845 12.868 12.89 12.905 12.91 12.915 12.92 12.922 12.905 12.837 12.72 12.635 12.608 12.582 12.515 12.387 11.195 9.858 9.64 9.64 9.64 9.64 9.64 9.64 9.64 9.64 9.64 9.64 9.64 9.64 9.64 9.64 9.64 9.64 9.64 9.64 9.64 9.64 9.64 9.64 9.64 9.64 9.64
13.365 13.347 13.292 13.215 13.138 13.073 13.01 12.968 12.955 12.965 12.988 13.015 13.027 12.99 12.928 12.873 12.825 12.793 12.77 12.748 12.728 12.718 12.743 12.808 12.882 12.915 12.895 12.865 12.84 12.828 12.835 12.853 12.87 12.885 12.89 12.892 12.895 12.892 12.865 12.807 12.713 12.638 12.612 12.577 12.487 12.292 10.92 9.658 9.64 9.64 9.64 9.64 9.64 9.64 9.64 9.64 9.64 9.64 9.64 9.64 9.64 9.64 9.64 9.64 9.64 9.64 9.64 9.64 9.64 9.64 9.64 9.64 9.64
13.385 13.372 13.325 13.265 13.2 13.137 13.075 13.015 12.975 12.977 13 13.022 13.04 13.01 12.945 12.88 12.825 12.798 12.783 12.768 12.753 12.755 12.795 12.842 12.88 12.892 12.875 12.852 12.832 12.823 12.828 12.84 12.853 12.862 12.865 12.865 12.865 12.857 12.822 12.765 12.693 12.64 12.617 12.565 12.452 12.022 10.653 9.64 9.64 9.64 9.64 9.64 9.64 9.64 9.64 9.64 9.64 9.64 9.64 9.64 9.64 9.64 9.64 9.64 9.64 9.64 9.64 9.64 9.64 9.64 9.64 9.64 9.64
13.37 13.357 13.302 13.265 13.23 13.175 13.112 13.047 12.995 12.97 12.972 12.99 13.007 12.982 12.92 12.863 12.835 12.828 12.815 12.802 12.785 12.782 12.807 12.83 12.84 12.84 12.83 12.815 12.808 12.815 12.825 12.835 12.842 12.845 12.843 12.84 12.838 12.823 12.788 12.74 12.69 12.653 12.63 12.557 12.42 11.64 10.288 9.64 9.64 9.64 9.64 9.64 9.64 9.64 9.64 9.64 9.64 9.64 9.64 9.64 9.64 9.64 9.64 9.64 9.64 9.64 9.64 9.64 9.64 9.64 9.64 9.64 9.64
13.29 13.28 13.23 13.22 13.222 13.18 13.118 13.06 13.013 12.965 12.93 12.928 12.942 12.92 12.865 12.84 12.86 12.87 12.855 12.835 12.8 12.777 12.775 12.78 12.79 12.79 12.78 12.775 12.788 12.81 12.825 12.832 12.835 12.835 12.83 12.825 12.825 12.813 12.788 12.755 12.715 12.68 12.647 12.552 12.405 11.432 10.086 9.64 9.64 9.64 9.64 9.64 9.64 9.64 9.64 9.64 9.64 9.64 9.64 9.64 9.64 9.64 9.64 9.64 9.64 9.64 9.64 9.64 9.64 9.64 9.64 9.64 9.64
13.188 13.18 13.16 13.185 13.212 13.182 13.125 13.08 13.035 12.985 12.93 12.89 12.883 12.86 12.838 12.86 12.9 12.91 12.882 12.84 12.785 12.75 12.74 12.735 12.74 12.743 12.745 12.763 12.79 12.812 12.822 12.825 12.827 12.827 12.823 12.823 12.83 12.825 12.805 12.777 12.742 12.707 12.655 12.553 12.437 11.497 10.123 9.64 9.64 9.64 9.64 9.64 9.64 9.64 9.64 9.64 9.64 9.64 9.64 9.64 9.64 9.64 9.64 9.64 9.64 9.64 9.64 9.64 9.64 9.64 9.64 9.64 9.64
13.138 13.103 13.113 13.162 13.205 13.19 13.14 13.1 13.055 13.005 12.95 12.895 12.855 12.835 12.853 12.895 12.927 12.92 12.87 12.81 12.755 12.725 12.715 12.708 12.705 12.713 12.735 12.765 12.795 12.812 12.815 12.817 12.822 12.822 12.822 12.83 12.837 12.832 12.815 12.79 12.762 12.732 12.672 12.583 12.5 11.682 10.27 9.64 9.64 9.64 9.64 9.64 9.64 9.64 9.64 9.64 9.64 9.64 9.64 9.64 9.64 9.64 9.64 9.64 9.64 9.64 9.64 9.64 9.64 9.64 9.64 9.64 9.64
13.153 13.075 13.088 13.138 13.187 13.192 13.157 13.12 13.075 13.025 12.97 12.915 12.858 12.838 12.87 12.905 12.917 12.885 12.825 12.768 12.73 12.715 12.705 12.698 12.693 12.7 12.725 12.755 12.78 12.792 12.795 12.797 12.802 12.807 12.812 12.82 12.827 12.83 12.825 12.805 12.78 12.755 12.707 12.64 12.572 12.007 10.61 9.693 9.64 9.64 9.64 9.64 9.64 9.64 9.64 9.64 9.64 9.64 9.64 9.64 9.64 9.64 9.64 9.64 9.64 9.64 9.64 9.64 9.64 9.64 9.64 9.64 9.64
13.165 13.085 13.085 13.115 13.162 13.177 13.152 13.127 13.092 13.045 12.99 12.93 12.86 12.835 12.865 12.882 12.875 12.835 12.775 12.733 12.718 12.712 12.705 12.695 12.69 12.69 12.708 12.737 12.752 12.76 12.765 12.765 12.77 12.78 12.787 12.793 12.8 12.81 12.82 12.82 12.802 12.773 12.73 12.678 12.64 12.442 11.415 10.108 9.64 9.64 9.64 9.64 9.64 9.64 9.64 9.64 9.64 9.64 9.64 9.64 9.64 9.64 9.64 9.64 9.64 9.64 9.64 9.64 9.64 9.64 9.64 9.64 9.64
13.158 13.108 13.105 13.11 13.14 13.152 13.133 13.122 13.105 13.062 13.002 12.932 12.858 12.833 12.845 12.84 12.825 12.785 12.738 12.72 12.715 12.71 12.705 12.695 12.688 12.683 12.695 12.717 12.725 12.73 12.735 12.735 12.74 12.75 12.76 12.767 12.773 12.783 12.797 12.81 12.812 12.8 12.78 12.763 12.76 12.752 12.337 11.317 10.181 9.651 9.64 9.64 9.64 9.64 9.64 9.64 9.64 9.64 9.64 9.64 9.64 9.64 9.64 9.64 9.64 9.64 9.64 9.64 9.64 9.64 9.64 9.64 9.64
13.155 13.135 13.132 13.128 13.13 13.125 13.11 13.1 13.095 13.062 12.995 12.922 12.853 12.82 12.81 12.79 12.773 12.748 12.725 12.72 12.715 12.708 12.702 12.695 12.685 12.678 12.683 12.693 12.695 12.698 12.703 12.705 12.71 12.72 12.73 12.74 12.747 12.757 12.77 12.78 12.792 12.825 12.872 12.917 12.945 12.945 12.79 12.407 11.64 10.565 9.833 9.64 9.64 9.64 9.64 9.64 9.64 9.64 9.64 9.64 9.64 9.64 9.64 9.64 9.64 9.64 9.64 9.64 9.64 9.64 9.64 9.64 9.64
13.215 13.155 13.15 13.14 13.097 13.047 13.03 13.023 13.042 13.035 12.967 12.895 12.838 12.813 12.798 12.773 12.753 12.733 12.718 12.712 12.707 12.705 12.702 12.695 12.685 12.678 12.683 12.693 12.695 12.693 12.683 12.675 12.68 12.69 12.7 12.71 12.715 12.722 12.735 12.742 12.75 12.808 12.907 12.992 13.052 13.105 13.022 12.803 12.632 12.027 11.05 10.318 9.831 9.64 9.64 9.64 9.64 9.64 9.64 9.64 9.64 9.64 9.64 9.64 9.64 9.64 9.64 9.64 9.64 9.64 9.64 9.64 9.64
13.5 13.163 13.152 13.11 13.01 12.928 12.91 12.928 12.977 12.99 12.932 12.865 12.82 12.81 12.807 12.787 12.765 12.738 12.713 12.7 12.693 12.695 12.7 12.695 12.688 12.683 12.693 12.717 12.73 12.725 12.69 12.653 12.65 12.66 12.67 12.667 12.655 12.665 12.687 12.697 12.705 12.765 12.877 12.982 13.068 13.197 13.342 13.347 13.175 12.96 12.557 11.815 10.923 10.258 9.848 9.641 9.64 9.64 9.64 9.64 9.64 9.64 9.64 9.64 9.64 9.64 9.64 9.64 9.64 9.64 9.64 9.64 9.64
13.998 13.263 13.12 13.022 12.898 12.815 12.813 12.86 12.92 12.94 12.9 12.848 12.81 12.8 12.807 12.8 12.777 12.75 12.72 12.695 12.678 12.675 12.685 12.692 12.692 12.688 12.703 12.737 12.762 12.762 12.715 12.65 12.625 12.627 12.622 12.597 12.578 12.593 12.625 12.65 12.665 12.728 12.842 12.955 13.055 13.197 13.412 13.595 13.585 13.425 13.26 12.955 12.39 11.797 11.123 10.468 10.003 9.706 9.64 9.64 9.64 9.64 9.64 9.64 9.64 9.64 9.64 9.64 9.64 9.64 9.64 9.64 9.64
14.565 13.498 13.058 12.933 12.808 12.733 12.748 12.805 12.865 12.897 12.877 12.837 12.803 12.79 12.8 12.805 12.79 12.76 12.73 12.7 12.673 12.66 12.667 12.682 12.69 12.695 12.717 12.752 12.785 12.792 12.745 12.67 12.615 12.585 12.558 12.523 12.513 12.533 12.563 12.595 12.623 12.693 12.805 12.918 13.03 13.132 13.215 13.285 13.337 13.415 13.535 13.432 13.155 12.959 12.627 12.08 11.462 10.848 10.31 9.853 9.641 9.64 9.64 9.64 9.64 9.64 9.64 9.64 9.64 9.64 9.64 9.64 9.64
15.263 13.923 13.138 12.888 12.753 12.683 12.71 12.765 12.822 12.855 12.842 12.81 12.777 12.765 12.775 12.785 12.782 12.757 12.725 12.695 12.665 12.643 12.64 12.652 12.665 12.68 12.705 12.735 12.765 12.777 12.745 12.68 12.61 12.553 12.515 12.488 12.5 12.543 12.575 12.605 12.635 12.68 12.768 12.882 12.995 13.082 13.125 13.135 13.06 13.118 13.507 13.632 13.342 13.195 13.21 13.104 12.839 12.392 11.807 11.18 10.598 10.103 9.748 9.64 9.64 9.64 9.64 9.64 9.64 9.64 9.64 9.64 9.64
16.095 14.58 13.428 12.86 12.71 12.645 12.678 12.735 12.777 12.79 12.78 12.755 12.725 12.715 12.725 12.737 12.75 12.737 12.705 12.675 12.648 12.625 12.61 12.61 12.622 12.637 12.655 12.678 12.705 12.717 12.7 12.66 12.6 12.538 12.495 12.49 12.533 12.597 12.65 12.685 12.71 12.725 12.763 12.848 12.958 13.057 13.125 13.157 12.915 12.698 13.122 13.452 13.257 13.14 13.232 13.277 13.137 12.947 12.815 12.624 12.174 11.557 10.923 10.358 9.881 9.641 9.64 9.64 9.64 9.64 9.64 9.64 9.64
16.935 15.373 13.985 13.023 12.668 12.618 12.645 12.692 12.71 12.71 12.705 12.69 12.668 12.66 12.673 12.688 12.705 12.705 12.683 12.658 12.635 12.615 12.595 12.578 12.578 12.59 12.603 12.62 12.642 12.647 12.63 12.607 12.572 12.52 12.488 12.513 12.57 12.64 12.712 12.762 12.79 12.805 12.815 12.848 12.928 13.027 13.107 13.15 12.902 12.523 12.673 12.945 12.94 12.938 12.993 13.092 13.085 13.005 12.96 12.947 12.915 12.767 12.392 11.84 11.193 10.613 10.175 9.798 9.64 9.64 9.64 9.64 9.64
17.652 16.183 14.828 13.685 12.893 12.613 12.605 12.628 12.63 12.63 12.625 12.618 12.608 12.608 12.625 12.645 12.668 12.678 12.665 12.645 12.625 12.602 12.58 12.558 12.543 12.548 12.563 12.575 12.585 12.58 12.56 12.543 12.525 12.498 12.5 12.55 12.61 12.678 12.755 12.825 12.867 12.885 12.895 12.905 12.935 13.005 13.075 13.065 12.845 12.505 12.448 12.58 12.665 12.763 12.84 12.915 12.96 12.928 12.858 12.873 13.03 13.075 12.905 12.687 12.487 12.125 11.527 10.858 10.36 10.098 9.93 9.798 9.683
18.352 17.215 15.975 14.835 13.783 13.073 12.718 12.585 12.585 12.585 12.585 12.585 12.58 12.588 12.615 12.645 12.675 12.682 12.655 12.625 12.605 12.582 12.56 12.54 12.545 12.57 12.585 12.59 12.575 12.553 12.538 12.523 12.508 12.5 12.53 12.59 12.65 12.715 12.79 12.857 12.885 12.885 12.895 12.915 12.935 12.972 12.98 12.882 12.643 12.385 12.353 12.485 12.62 12.717 12.775 12.828 12.882 12.885 12.77 12.738 12.932 13.135 13.08 12.86 12.83 12.887 12.697 12.14 11.557 11.24 11.067 10.928 10.798
18.92 18.35 17.335 16.188 15.115 14.218 13.49 12.948 12.678 12.615 12.618 12.62 12.615 12.62 12.65 12.685 12.715 12.707 12.655 12.608 12.58 12.56 12.54 12.545 12.603 12.652 12.665 12.647 12.593 12.558 12.55 12.537 12.523 12.528 12.57 12.63 12.69 12.745 12.79 12.815 12.807 12.775 12.755 12.77 12.8 12.812 12.75 12.642 12.478 12.328 12.34 12.455 12.582 12.665 12.718 12.775 12.835 12.88 12.8 12.713 12.805 13.018 13.12 13.045 13.075 13.22 13.112 12.542 12.09 12.05 12.097 12.122 12.102
19.16 19.067 18.532 17.572 16.52 15.608 14.818 14.013 13.338 12.875 12.68 12.68 12.672 12.665 12.688 12.725 12.747 12.725 12.665 12.608 12.565 12.54 12.545 12.603 12.687 12.735 12.727 12.675 12.6 12.563 12.555 12.548 12.538 12.553 12.597 12.64 12.682 12.705 12.705 12.705 12.695 12.65 12.588 12.555 12.565 12.545 12.483 12.435 12.373 12.338 12.355 12.43 12.537 12.607 12.665 12.725 12.785 12.845 12.865 12.835 12.87 13 12.96 13.017 13.245 13.327 13.107 12.555 12.268 12.338 12.453 12.548 12.578
19.172 19.255 19.22 18.787 17.992 17.085 16.223 15.41 14.6 13.79 13.185 12.86 12.73 12.713 12.725 12.762 12.775 12.737 12.675 12.615 12.56 12.548 12.6 12.685 12.77 12.8 12.755 12.68 12.605 12.565 12.558 12.56 12.563 12.56 12.568 12.585 12.605 12.595 12.575 12.592 12.602 12.557 12.48 12.407 12.37 12.337 12.32 12.315 12.31 12.34 12.367 12.42 12.495 12.555 12.51 12.295 12.153 12.158 12.17 12.17 12.19 12.243 12.128 12.578 13.242 13.255 12.925 12.588 12.628 12.848 13.075 13.25 13.37
19.068 19.165 19.327 19.365 19.129 18.542 17.71 16.863 16.028 15.2 14.383 13.683 13.228 12.923 12.778 12.783 12.773 12.72 12.653 12.6 12.56 12.575 12.652 12.735 12.8 12.812 12.76 12.68 12.615 12.593 12.6 12.613 12.612 12.583 12.548 12.528 12.515 12.49 12.447 12.392 12.275 12.087 11.948 11.88 11.833 11.818 11.835 11.855 11.878 11.91 11.933 11.95 11.968 11.988 11.908 11.658 11.568 11.723 11.896 12.026 12.066 12.106 12.223 12.74 13.352 13.438 13.3 13.35 13.61 13.872 14.072 14.205 14.307
18.96 19.065 19.2 19.325 19.462 19.442 19.03 18.312 17.49 16.65 15.85 15.12 14.465 13.878 13.46 13.185 12.92 12.715 12.623 12.59 12.57 12.595 12.658 12.708 12.74 12.755 12.74 12.68 12.643 12.658 12.68 12.69 12.675 12.64 12.595 12.535 12.225 11.948 11.918 11.838 11.698 11.571 11.568 11.648 11.73 11.823 11.885 11.88 11.853 11.828 11.851 11.933 12.031 12.133 12.236 12.345 12.555 12.86 13.187 13.437 13.52 13.575 13.702 13.79 13.91 14.017 14.1 14.27 14.442 14.57 14.61 14.632 14.68
