EGM722_Project_Data/DTM_asc/TL4454.asc
ncols         200
nrows         200
xllcorner     544000.000
yllcorner     254000.000
cellsize      5
NODATA_value  -9999.0
[rows 0 to 31 of 200, columns 73 to 145 of 200]
16.455 16.42 16.388 16.37 16.34 16.26 16.148 16.065 16.053 16.085 16.12 16.142 16.15 16.178 16.227 16.27 16.31 16.35 16.39 16.435 16.485 16.565 16.685 16.81 16.922 17.015 17.087 17.142 17.188 17.253 17.337 17.425 17.515 17.642 17.792 17.915 18.023 18.098 18.143 18.19 18.237 18.247 18.233 18.238 18.258 18.3 18.34 18.35 18.35 18.353 18.357 18.355 18.345 18.325 18.303 18.297 18.28 18.245 18.21 18.178 18.153 18.138 18.14 18.153 18.168 18.182 18.195 18.205 18.212 18.195 18.158 18.117 18.065
16.527 16.502 16.48 16.445 16.37 16.265 16.153 16.068 16.058 16.092 16.127 16.16 16.185 16.22 16.262 16.3 16.337 16.375 16.412 16.45 16.5 16.59 16.715 16.842 16.96 17.045 17.1 17.147 17.193 17.255 17.332 17.412 17.495 17.6 17.723 17.835 17.958 18.072 18.147 18.202 18.247 18.265 18.275 18.295 18.315 18.337 18.35 18.35 18.352 18.357 18.36 18.357 18.347 18.325 18.3 18.285 18.26 18.23 18.208 18.185 18.165 18.158 18.16 18.165 18.17 18.178 18.193 18.205 18.212 18.195 18.155 18.11 18.055
16.522 16.507 16.495 16.447 16.355 16.255 16.155 16.075 16.063 16.095 16.127 16.16 16.19 16.225 16.262 16.297 16.332 16.367 16.402 16.438 16.5 16.603 16.723 16.85 16.975 17.06 17.107 17.15 17.192 17.24 17.3 17.375 17.458 17.56 17.68 17.805 17.942 18.067 18.155 18.217 18.262 18.277 18.282 18.3 18.32 18.335 18.34 18.34 18.345 18.35 18.35 18.352 18.347 18.325 18.298 18.275 18.26 18.258 18.255 18.245 18.235 18.23 18.227 18.215 18.19 18.18 18.193 18.208 18.217 18.202 18.16 18.105 18.042
16.467 16.452 16.435 16.385 16.302 16.215 16.125 16.063 16.058 16.085 16.112 16.137 16.16 16.193 16.235 16.272 16.31 16.345 16.38 16.42 16.498 16.61 16.725 16.848 16.975 17.065 17.11 17.15 17.187 17.218 17.258 17.325 17.413 17.52 17.648 17.79 17.935 18.055 18.152 18.23 18.28 18.285 18.268 18.27 18.283 18.302 18.317 18.32 18.325 18.33 18.33 18.335 18.337 18.32 18.293 18.27 18.268 18.287 18.307 18.32 18.32 18.312 18.295 18.257 18.208 18.185 18.198 18.212 18.222 18.207 18.157 18.095 18.03
16.412 16.397 16.37 16.312 16.235 16.15 16.073 16.04 16.045 16.063 16.083 16.1 16.12 16.155 16.2 16.242 16.285 16.322 16.358 16.41 16.505 16.62 16.735 16.855 16.975 17.062 17.107 17.145 17.18 17.205 17.228 17.278 17.368 17.488 17.63 17.78 17.925 18.045 18.145 18.237 18.3 18.305 18.28 18.263 18.255 18.268 18.287 18.297 18.305 18.31 18.313 18.32 18.327 18.315 18.29 18.267 18.26 18.28 18.312 18.342 18.357 18.355 18.322 18.267 18.21 18.185 18.2 18.215 18.227 18.21 18.15 18.083 18.017
16.355 16.342 16.305 16.237 16.16 16.085 16.043 16.04 16.048 16.058 16.07 16.083 16.095 16.12 16.163 16.208 16.252 16.295 16.338 16.408 16.512 16.622 16.732 16.847 16.965 17.055 17.102 17.14 17.173 17.195 17.213 17.243 17.33 17.47 17.62 17.77 17.912 18.03 18.132 18.235 18.312 18.327 18.302 18.275 18.253 18.25 18.258 18.268 18.283 18.29 18.295 18.305 18.31 18.297 18.272 18.245 18.23 18.242 18.267 18.29 18.31 18.315 18.295 18.26 18.212 18.188 18.2 18.207 18.217 18.217 18.163 18.08 18.008
16.297 16.285 16.24 16.165 16.095 16.053 16.05 16.065 16.075 16.085 16.095 16.105 16.118 16.12 16.133 16.173 16.218 16.265 16.32 16.395 16.495 16.602 16.71 16.823 16.95 17.045 17.09 17.133 17.183 17.223 17.245 17.273 17.338 17.46 17.61 17.76 17.9 18.015 18.118 18.22 18.307 18.342 18.325 18.298 18.273 18.26 18.258 18.26 18.267 18.262 18.255 18.252 18.245 18.235 18.22 18.195 18.173 18.173 18.19 18.21 18.23 18.237 18.227 18.212 18.192 18.175 18.172 18.173 18.188 18.215 18.2 18.128 18.04
16.24 16.222 16.168 16.103 16.063 16.055 16.072 16.095 16.112 16.125 16.135 16.153 16.177 16.165 16.133 16.145 16.19 16.245 16.305 16.37 16.458 16.565 16.678 16.803 16.942 17.035 17.078 17.14 17.232 17.3 17.333 17.375 17.42 17.49 17.608 17.75 17.89 18.005 18.102 18.2 18.29 18.337 18.337 18.32 18.295 18.28 18.28 18.275 18.255 18.218 18.183 18.163 18.15 18.145 18.142 18.13 18.11 18.105 18.118 18.133 18.15 18.16 18.152 18.14 18.135 18.127 18.118 18.128 18.16 18.195 18.212 18.19 18.117
16.183 16.16 16.11 16.075 16.06 16.065 16.088 16.115 16.14 16.16 16.18 16.21 16.242 16.23 16.168 16.145 16.185 16.238 16.295 16.355 16.43 16.53 16.653 16.795 16.935 17.025 17.09 17.187 17.295 17.375 17.437 17.495 17.54 17.585 17.653 17.755 17.878 17.99 18.085 18.18 18.27 18.32 18.335 18.335 18.318 18.305 18.297 18.27 18.225 18.173 18.12 18.08 18.058 18.053 18.055 18.052 18.043 18.04 18.05 18.06 18.075 18.083 18.078 18.07 18.065 18.063 18.07 18.1 18.14 18.175 18.195 18.202 18.18
16.158 16.125 16.093 16.08 16.07 16.078 16.102 16.13 16.155 16.18 16.21 16.247 16.287 16.27 16.2 16.18 16.215 16.258 16.305 16.358 16.415 16.508 16.643 16.79 16.927 17.027 17.112 17.212 17.305 17.39 17.475 17.55 17.617 17.677 17.73 17.79 17.872 17.967 18.063 18.157 18.247 18.3 18.32 18.335 18.335 18.32 18.29 18.242 18.188 18.135 18.08 18.025 17.983 17.968 17.973 17.975 17.975 17.98 17.993 18.005 18.018 18.02 18.013 18.008 18.005 18.013 18.04 18.078 18.115 18.152 18.175 18.187 18.19
16.228 16.16 16.11 16.1 16.09 16.093 16.113 16.138 16.163 16.188 16.215 16.253 16.295 16.272 16.223 16.23 16.265 16.305 16.345 16.39 16.438 16.513 16.635 16.78 16.922 17.027 17.107 17.192 17.278 17.363 17.448 17.538 17.637 17.717 17.77 17.81 17.86 17.943 18.04 18.135 18.222 18.275 18.295 18.317 18.327 18.302 18.255 18.202 18.15 18.105 18.058 18.005 17.955 17.93 17.935 17.94 17.945 17.955 17.97 17.985 17.987 17.978 17.965 17.96 17.96 17.978 18.017 18.058 18.095 18.132 18.145 18.143 18.135
16.362 16.263 16.16 16.13 16.12 16.115 16.125 16.145 16.17 16.195 16.22 16.253 16.287 16.28 16.26 16.278 16.313 16.355 16.398 16.445 16.495 16.553 16.64 16.77 16.915 17.017 17.088 17.168 17.253 17.338 17.428 17.53 17.645 17.73 17.772 17.795 17.833 17.915 18.017 18.115 18.197 18.247 18.27 18.29 18.295 18.265 18.212 18.153 18.1 18.072 18.047 18.005 17.955 17.93 17.935 17.94 17.945 17.955 17.967 17.975 17.967 17.95 17.933 17.923 17.92 17.945 17.997 18.045 18.085 18.127 18.143 18.113 18.063
16.497 16.39 16.24 16.165 16.15 16.145 16.145 16.155 16.178 16.202 16.23 16.26 16.287 16.302 16.31 16.325 16.358 16.403 16.453 16.505 16.558 16.613 16.675 16.773 16.907 17.015 17.08 17.148 17.228 17.318 17.42 17.535 17.655 17.735 17.76 17.77 17.805 17.885 17.99 18.092 18.175 18.222 18.242 18.255 18.255 18.222 18.162 18.098 18.04 18.015 18.01 17.992 17.955 17.933 17.937 17.94 17.945 17.955 17.96 17.955 17.942 17.925 17.905 17.888 17.883 17.915 17.975 18.03 18.075 18.13 18.18 18.155 18.07
16.635 16.525 16.353 16.225 16.18 16.175 16.17 16.17 16.185 16.21 16.24 16.265 16.285 16.312 16.342 16.37 16.407 16.457 16.512 16.567 16.622 16.677 16.733 16.798 16.905 17.01 17.077 17.14 17.208 17.3 17.415 17.535 17.655 17.725 17.737 17.745 17.778 17.855 17.958 18.063 18.152 18.195 18.205 18.215 18.212 18.175 18.11 18.042 17.98 17.95 17.95 17.95 17.937 17.93 17.935 17.937 17.942 17.95 17.947 17.933 17.918 17.9 17.883 17.865 17.86 17.895 17.953 18.01 18.068 18.135 18.21 18.215 18.142
16.772 16.665 16.49 16.323 16.225 16.203 16.198 16.193 16.198 16.217 16.24 16.255 16.273 16.305 16.345 16.39 16.445 16.505 16.562 16.62 16.677 16.735 16.792 16.847 16.92 17.002 17.07 17.127 17.183 17.27 17.39 17.512 17.632 17.697 17.71 17.72 17.755 17.838 17.945 18.055 18.152 18.197 18.203 18.208 18.19 18.13 18.055 17.985 17.92 17.888 17.885 17.888 17.895 17.902 17.905 17.91 17.915 17.92 17.927 17.922 17.908 17.898 17.893 17.88 17.87 17.9 17.958 18.01 18.068 18.142 18.225 18.26 18.215
16.89 16.792 16.602 16.405 16.265 16.225 16.225 16.22 16.215 16.218 16.225 16.238 16.26 16.295 16.34 16.395 16.457 16.522 16.585 16.645 16.705 16.765 16.825 16.885 16.945 17.002 17.05 17.095 17.145 17.23 17.353 17.477 17.597 17.662 17.675 17.698 17.753 17.845 17.96 18.075 18.18 18.232 18.232 18.222 18.185 18.103 18.008 17.93 17.863 17.825 17.82 17.828 17.845 17.855 17.858 17.862 17.865 17.87 17.897 17.92 17.913 17.91 17.917 17.915 17.903 17.923 17.977 18.02 18.063 18.14 18.232 18.3 18.285
16.88 16.835 16.652 16.44 16.278 16.238 16.25 16.247 16.237 16.223 16.215 16.223 16.248 16.288 16.343 16.405 16.465 16.528 16.592 16.655 16.715 16.775 16.835 16.898 16.962 17.007 17.033 17.063 17.108 17.195 17.318 17.443 17.565 17.63 17.648 17.698 17.775 17.868 17.98 18.095 18.205 18.26 18.247 18.217 18.172 18.09 17.985 17.89 17.808 17.763 17.76 17.775 17.795 17.805 17.81 17.815 17.818 17.823 17.85 17.897 17.915 17.915 17.927 17.937 17.935 17.95 17.99 18.02 18.05 18.125 18.23 18.322 18.34
16.77 16.79 16.65 16.445 16.28 16.238 16.263 16.268 16.255 16.235 16.218 16.21 16.235 16.288 16.35 16.415 16.475 16.535 16.6 16.665 16.725 16.785 16.845 16.907 16.97 17.01 17.03 17.05 17.08 17.16 17.283 17.408 17.53 17.602 17.645 17.72 17.805 17.893 18 18.115 18.222 18.272 18.25 18.21 18.162 18.08 17.975 17.87 17.768 17.708 17.705 17.725 17.745 17.77 17.785 17.78 17.775 17.775 17.79 17.845 17.9 17.92 17.933 17.945 17.952 17.967 17.992 18.017 18.043 18.108 18.215 18.32 18.377
16.67 16.73 16.63 16.43 16.293 16.27 16.298 16.305 16.29 16.27 16.25 16.238 16.258 16.31 16.375 16.44 16.48 16.518 16.575 16.635 16.695 16.755 16.815 16.875 16.942 16.995 17.025 17.05 17.07 17.135 17.255 17.38 17.5 17.593 17.665 17.75 17.835 17.92 18.02 18.125 18.222 18.27 18.25 18.207 18.155 18.072 17.967 17.86 17.753 17.68 17.665 17.68 17.7 17.737 17.777 17.782 17.77 17.76 17.758 17.8 17.877 17.922 17.937 17.95 17.96 17.973 17.99 18.015 18.045 18.11 18.215 18.32 18.382
16.572 16.672 16.61 16.415 16.325 16.345 16.365 16.365 16.35 16.33 16.313 16.315 16.34 16.375 16.423 16.482 16.5 16.485 16.513 16.57 16.63 16.69 16.75 16.815 16.897 16.965 17.005 17.04 17.065 17.125 17.238 17.365 17.495 17.607 17.695 17.78 17.865 17.945 18.03 18.12 18.21 18.26 18.245 18.2 18.145 18.065 17.96 17.853 17.755 17.688 17.653 17.645 17.66 17.695 17.75 17.79 17.797 17.785 17.773 17.795 17.862 17.915 17.935 17.952 17.965 17.975 17.99 18.023 18.07 18.145 18.235 18.31 18.34
16.478 16.597 16.575 16.425 16.383 16.42 16.43 16.427 16.415 16.395 16.39 16.418 16.452 16.478 16.505 16.537 16.532 16.485 16.468 16.505 16.565 16.625 16.688 16.765 16.86 16.93 16.97 17.01 17.045 17.115 17.235 17.37 17.51 17.63 17.722 17.807 17.885 17.955 18.03 18.113 18.2 18.252 18.237 18.19 18.137 18.057 17.955 17.855 17.77 17.713 17.665 17.63 17.625 17.655 17.71 17.765 17.802 17.81 17.808 17.815 17.855 17.9 17.92 17.94 17.958 17.975 18.005 18.055 18.113 18.172 18.225 18.27 18.28
16.42 16.505 16.52 16.455 16.458 16.487 16.49 16.49 16.482 16.473 16.488 16.53 16.567 16.585 16.592 16.592 16.562 16.508 16.463 16.455 16.495 16.558 16.63 16.72 16.82 16.89 16.93 16.973 17.015 17.108 17.25 17.39 17.53 17.652 17.745 17.82 17.887 17.953 18.028 18.11 18.195 18.247 18.23 18.18 18.13 18.055 17.958 17.863 17.788 17.738 17.69 17.643 17.608 17.62 17.675 17.73 17.782 17.82 17.835 17.842 17.86 17.885 17.908 17.93 17.95 17.98 18.035 18.1 18.157 18.198 18.223 18.25 18.23
16.43 16.463 16.485 16.49 16.522 16.545 16.547 16.55 16.547 16.555 16.582 16.62 16.65 16.652 16.64 16.63 16.6 16.545 16.49 16.445 16.443 16.5 16.585 16.68 16.78 16.852 16.895 16.938 16.993 17.108 17.265 17.41 17.55 17.672 17.757 17.823 17.888 17.953 18.028 18.11 18.195 18.242 18.22 18.17 18.12 18.052 17.962 17.875 17.81 17.765 17.72 17.67 17.618 17.61 17.66 17.715 17.773 17.822 17.84 17.845 17.855 17.875 17.902 17.925 17.945 17.988 18.067 18.145 18.205 18.242 18.26 18.252 18.185
16.468 16.49 16.51 16.538 16.572 16.595 16.602 16.602 16.597 16.61 16.637 16.665 16.687 16.685 16.673 16.665 16.642 16.595 16.535 16.478 16.445 16.47 16.548 16.643 16.74 16.815 16.86 16.9 16.975 17.113 17.275 17.427 17.562 17.672 17.755 17.825 17.89 17.955 18.03 18.113 18.197 18.237 18.21 18.16 18.11 18.045 17.965 17.895 17.84 17.795 17.75 17.695 17.635 17.618 17.66 17.718 17.78 17.827 17.835 17.83 17.835 17.858 17.89 17.917 17.94 17.993 18.09 18.185 18.252 18.287 18.282 18.225 18.13
16.538 16.553 16.573 16.598 16.625 16.645 16.647 16.64 16.63 16.638 16.663 16.688 16.712 16.717 16.707 16.7 16.685 16.645 16.593 16.55 16.515 16.508 16.545 16.613 16.7 16.775 16.82 16.863 16.958 17.115 17.28 17.43 17.555 17.655 17.745 17.825 17.892 17.96 18.035 18.117 18.2 18.232 18.2 18.15 18.1 18.04 17.975 17.92 17.873 17.827 17.775 17.712 17.648 17.623 17.663 17.728 17.792 17.832 17.835 17.823 17.818 17.835 17.87 17.905 17.935 18 18.105 18.21 18.292 18.315 18.262 18.17 18.073
16.698 16.68 16.658 16.66 16.682 16.69 16.68 16.67 16.66 16.665 16.69 16.718 16.745 16.75 16.735 16.727 16.72 16.7 16.67 16.64 16.61 16.595 16.605 16.635 16.685 16.738 16.78 16.835 16.948 17.107 17.267 17.407 17.525 17.63 17.73 17.82 17.895 17.965 18.04 18.12 18.2 18.227 18.19 18.143 18.095 18.048 18 17.95 17.905 17.857 17.798 17.733 17.668 17.633 17.668 17.74 17.805 17.84 17.835 17.815 17.798 17.803 17.832 17.865 17.903 17.983 18.097 18.207 18.3 18.305 18.22 18.12 18.023
16.892 16.815 16.735 16.72 16.732 16.727 16.713 16.7 16.695 16.708 16.735 16.765 16.79 16.777 16.75 16.745 16.743 16.747 16.75 16.73 16.7 16.688 16.7 16.72 16.735 16.75 16.778 16.828 16.935 17.087 17.237 17.37 17.485 17.595 17.702 17.805 17.892 17.965 18.043 18.125 18.202 18.227 18.19 18.145 18.1 18.06 18.025 17.98 17.932 17.887 17.835 17.773 17.71 17.663 17.673 17.735 17.802 17.835 17.82 17.795 17.773 17.758 17.77 17.8 17.845 17.935 18.055 18.162 18.247 18.26 18.187 18.09 17.993
17.02 16.88 16.783 16.77 16.77 16.76 16.748 16.743 16.753 16.773 16.798 16.827 16.842 16.812 16.77 16.755 16.758 16.775 16.8 16.807 16.79 16.78 16.795 16.81 16.815 16.815 16.823 16.848 16.928 17.065 17.205 17.327 17.44 17.55 17.663 17.775 17.877 17.965 18.048 18.13 18.205 18.23 18.2 18.157 18.113 18.073 18.042 18.007 17.96 17.92 17.88 17.827 17.77 17.715 17.69 17.72 17.782 17.807 17.787 17.765 17.745 17.72 17.713 17.735 17.788 17.885 17.995 18.082 18.157 18.185 18.145 18.07 17.978
17.075 16.915 16.823 16.81 16.805 16.798 16.798 16.81 16.83 16.848 16.865 16.892 16.895 16.855 16.803 16.77 16.773 16.795 16.825 16.852 16.867 16.872 16.88 16.885 16.885 16.885 16.888 16.898 16.935 17.04 17.172 17.285 17.395 17.51 17.63 17.75 17.868 17.972 18.057 18.133 18.205 18.23 18.205 18.17 18.128 18.088 18.057 18.027 17.987 17.948 17.912 17.872 17.822 17.77 17.733 17.725 17.758 17.775 17.755 17.735 17.715 17.69 17.67 17.675 17.73 17.825 17.912 17.985 18.06 18.09 18.067 18.03 17.957
17.11 16.95 16.868 16.865 16.863 16.863 16.875 16.893 16.91 16.925 16.94 16.96 16.947 16.897 16.843 16.795 16.788 16.815 16.845 16.875 16.912 16.932 16.93 16.932 16.937 16.942 16.947 16.952 16.963 17.028 17.145 17.263 17.38 17.503 17.628 17.753 17.877 17.99 18.072 18.14 18.207 18.23 18.205 18.175 18.137 18.1 18.07 18.042 18.01 17.972 17.937 17.902 17.862 17.82 17.787 17.76 17.75 17.745 17.725 17.705 17.685 17.663 17.638 17.625 17.665 17.743 17.815 17.888 17.963 17.993 17.975 17.955 17.918
17.14 16.993 16.938 16.96 16.97 16.973 16.985 16.997 16.997 17 17.012 17.02 16.997 16.945 16.89 16.835 16.81 16.833 16.865 16.9 16.945 16.957 16.945 16.947 16.955 16.965 16.972 16.977 16.975 17.023 17.14 17.265 17.39 17.517 17.642 17.767 17.892 18.005 18.082 18.14 18.197 18.22 18.202 18.172 18.137 18.105 18.077 18.052 18.025 17.995 17.96 17.922 17.887 17.85 17.81 17.775 17.742 17.715 17.695 17.675 17.663 17.655 17.643 17.64 17.668 17.713 17.768 17.838 17.915 17.95 17.935 17.918 17.905
17.165 17.04 17.015 17.055 17.085 17.1 17.11 17.107 17.085 17.07 17.075 17.072 17.042 16.992 16.94 16.885 16.843 16.85 16.89 16.935 16.985 16.987 16.958 16.953 16.958 16.965 16.97 16.962 16.943 17.003 17.145 17.277 17.403 17.53 17.655 17.78 17.9 18 18.067 18.115 18.167 18.195 18.187 18.165 18.135 18.105 18.08 18.057 18.035 18.01 17.975 17.935 17.897 17.855 17.803 17.755 17.718 17.69 17.673 17.665 17.675 17.688 17.695 17.718 17.75 17.778 17.808 17.853 17.92 17.96 17.953 17.94 17.935
