EGM722_Project_Data/DTM_asc/TL4460.asc
ncols         200
nrows         200
xllcorner     544000.000
yllcorner     260000.000
cellsize      5
NODATA_value  -9999.0
[rows 0 to 31 of 200, columns 73 to 145 of 200]
12.905 12.86 12.812 12.758 12.713 12.675 12.64 12.615 12.633 12.69 12.742 12.787 12.82 12.815 12.752 12.63 12.485 12.425 12.45 12.488 12.565 12.675 12.777 12.832 12.81 12.755 12.705 12.66 12.625 12.64 12.725 12.825 12.912 12.945 12.91 12.87 12.853 12.845 12.835 12.822 12.802 12.783 12.772 12.762 12.73 12.675 12.62 12.565 12.518 12.488 12.473 12.495 12.55 12.592 12.615 12.635 12.652 12.662 12.667 12.672 12.667 12.647 12.62 12.58 12.595 12.67 12.727 12.775 12.825 12.87 12.905 12.92 12.88
12.885 12.84 12.795 12.743 12.7 12.668 12.633 12.6 12.613 12.667 12.722 12.777 12.817 12.78 12.647 12.473 12.358 12.35 12.38 12.41 12.463 12.558 12.667 12.772 12.837 12.83 12.788 12.745 12.703 12.678 12.718 12.8 12.88 12.922 12.89 12.845 12.833 12.825 12.815 12.805 12.793 12.782 12.775 12.767 12.757 12.722 12.67 12.615 12.56 12.508 12.483 12.515 12.575 12.62 12.645 12.665 12.685 12.695 12.7 12.705 12.695 12.675 12.655 12.628 12.643 12.702 12.752 12.8 12.85 12.895 12.935 12.96 12.92
12.878 12.85 12.805 12.758 12.713 12.668 12.628 12.593 12.595 12.643 12.7 12.767 12.787 12.67 12.48 12.32 12.258 12.28 12.31 12.34 12.375 12.448 12.553 12.668 12.795 12.877 12.887 12.865 12.83 12.778 12.758 12.808 12.885 12.912 12.88 12.86 12.855 12.845 12.835 12.823 12.795 12.768 12.757 12.752 12.755 12.75 12.715 12.66 12.605 12.555 12.53 12.553 12.605 12.65 12.675 12.695 12.71 12.717 12.722 12.727 12.72 12.7 12.68 12.663 12.67 12.712 12.767 12.822 12.875 12.915 12.94 12.947 12.915
12.895 12.887 12.847 12.802 12.752 12.695 12.645 12.6 12.588 12.638 12.71 12.762 12.72 12.535 12.313 12.195 12.188 12.213 12.24 12.278 12.323 12.378 12.473 12.608 12.753 12.877 12.955 12.985 12.97 12.915 12.85 12.848 12.9 12.91 12.9 12.91 12.912 12.905 12.887 12.852 12.795 12.743 12.725 12.728 12.735 12.747 12.742 12.702 12.648 12.605 12.59 12.598 12.635 12.68 12.705 12.707 12.7 12.712 12.73 12.737 12.732 12.715 12.695 12.688 12.693 12.71 12.745 12.795 12.85 12.89 12.905 12.892 12.862
12.925 12.925 12.892 12.85 12.798 12.745 12.698 12.65 12.628 12.672 12.73 12.735 12.642 12.423 12.205 12.143 12.183 12.225 12.265 12.315 12.373 12.418 12.478 12.588 12.727 12.852 12.952 13.035 13.08 13.055 12.975 12.918 12.915 12.93 12.943 12.957 12.967 12.952 12.907 12.845 12.773 12.715 12.698 12.705 12.718 12.733 12.742 12.732 12.693 12.66 12.655 12.655 12.675 12.705 12.707 12.672 12.653 12.68 12.717 12.74 12.74 12.725 12.713 12.72 12.73 12.73 12.735 12.755 12.788 12.83 12.852 12.832 12.798
12.94 12.935 12.907 12.885 12.845 12.802 12.765 12.727 12.697 12.697 12.7 12.68 12.565 12.355 12.218 12.213 12.27 12.33 12.388 12.447 12.5 12.535 12.565 12.618 12.715 12.828 12.928 13.028 13.125 13.13 13.045 12.965 12.945 12.97 12.987 13.002 13.015 12.985 12.913 12.838 12.763 12.703 12.685 12.695 12.708 12.723 12.735 12.743 12.735 12.725 12.725 12.728 12.735 12.725 12.683 12.625 12.61 12.645 12.688 12.725 12.745 12.743 12.743 12.76 12.77 12.77 12.77 12.77 12.775 12.795 12.8 12.773 12.738
12.905 12.895 12.898 12.9 12.877 12.842 12.807 12.772 12.735 12.693 12.653 12.622 12.513 12.378 12.33 12.343 12.395 12.455 12.52 12.57 12.597 12.627 12.662 12.698 12.748 12.83 12.933 13.045 13.132 13.115 13.035 12.975 12.968 13.002 13.03 13.045 13.057 13.022 12.94 12.86 12.783 12.723 12.708 12.72 12.73 12.743 12.755 12.765 12.783 12.802 12.813 12.818 12.817 12.783 12.718 12.655 12.633 12.658 12.693 12.728 12.747 12.76 12.78 12.797 12.807 12.81 12.81 12.81 12.81 12.802 12.78 12.748 12.71
12.858 12.87 12.897 12.907 12.89 12.855 12.82 12.787 12.75 12.7 12.64 12.59 12.53 12.485 12.47 12.475 12.525 12.595 12.655 12.67 12.668 12.693 12.73 12.77 12.808 12.873 12.978 13.097 13.142 13.09 13.033 12.988 12.98 13.022 13.065 13.087 13.102 13.067 12.983 12.9 12.82 12.76 12.75 12.767 12.78 12.79 12.8 12.808 12.833 12.875 12.907 12.92 12.915 12.877 12.813 12.75 12.71 12.715 12.745 12.767 12.742 12.745 12.805 12.835 12.845 12.85 12.85 12.847 12.84 12.82 12.787 12.75 12.71
12.855 12.882 12.905 12.915 12.9 12.867 12.833 12.8 12.767 12.717 12.658 12.608 12.585 12.582 12.575 12.595 12.665 12.745 12.775 12.752 12.738 12.758 12.795 12.835 12.868 12.933 13.04 13.137 13.147 13.09 13.045 13 12.988 13.03 13.085 13.125 13.145 13.112 13.03 12.943 12.86 12.8 12.79 12.81 12.827 12.84 12.847 12.85 12.875 12.927 12.98 13.012 13.012 12.972 12.908 12.845 12.79 12.778 12.8 12.785 12.705 12.695 12.787 12.857 12.885 12.89 12.885 12.872 12.852 12.825 12.79 12.753 12.715
12.87 12.897 12.915 12.92 12.907 12.88 12.845 12.81 12.78 12.74 12.695 12.655 12.633 12.63 12.633 12.69 12.802 12.872 12.865 12.825 12.803 12.82 12.86 12.897 12.93 12.998 13.105 13.172 13.155 13.103 13.057 13.01 12.993 13.03 13.09 13.145 13.182 13.16 13.082 12.995 12.905 12.838 12.827 12.85 12.87 12.885 12.89 12.89 12.918 12.975 13.032 13.082 13.092 13.057 13.002 12.94 12.88 12.85 12.825 12.748 12.64 12.633 12.735 12.835 12.905 12.922 12.905 12.883 12.858 12.83 12.795 12.758 12.723
12.88 12.91 12.925 12.925 12.915 12.89 12.857 12.823 12.798 12.777 12.747 12.71 12.683 12.675 12.693 12.78 12.9 12.952 12.937 12.9 12.873 12.885 12.922 12.95 12.985 13.063 13.157 13.207 13.18 13.12 13.07 13.02 12.998 13.033 13.095 13.155 13.21 13.205 13.125 13.022 12.912 12.833 12.825 12.855 12.885 12.915 12.93 12.93 12.958 13.015 13.072 13.12 13.112 13.035 12.96 12.912 12.867 12.86 12.837 12.748 12.645 12.623 12.703 12.808 12.902 12.94 12.925 12.9 12.875 12.848 12.81 12.77 12.735
12.895 12.917 12.93 12.93 12.922 12.9 12.87 12.843 12.83 12.82 12.797 12.765 12.735 12.725 12.77 12.87 12.955 12.997 13 12.972 12.943 12.95 12.982 13 13.04 13.122 13.195 13.235 13.215 13.148 13.085 13.033 13.008 13.038 13.1 13.155 13.172 13.155 13.1 12.995 12.873 12.79 12.788 12.825 12.875 12.93 12.965 12.975 12.998 13.048 13.1 13.125 13.09 12.968 12.823 12.745 12.74 12.797 12.852 12.827 12.743 12.69 12.72 12.808 12.897 12.94 12.942 12.927 12.905 12.875 12.833 12.793 12.757
12.918 12.927 12.935 12.935 12.93 12.91 12.885 12.873 12.872 12.862 12.84 12.815 12.788 12.783 12.843 12.93 12.99 13.035 13.05 13.035 13.01 13.013 13.037 13.05 13.098 13.17 13.22 13.262 13.25 13.182 13.115 13.053 13.018 13.04 13.065 13.047 12.99 12.955 12.962 12.922 12.825 12.748 12.75 12.8 12.87 12.935 12.982 13.015 13.04 13.08 13.11 13.105 13.072 12.957 12.778 12.648 12.648 12.733 12.822 12.88 12.85 12.795 12.783 12.823 12.89 12.925 12.935 12.94 12.932 12.905 12.86 12.818 12.78
12.935 12.935 12.94 12.94 12.94 12.925 12.91 12.913 12.92 12.91 12.885 12.862 12.835 12.843 12.9 12.965 13.02 13.072 13.097 13.09 13.075 13.075 13.09 13.1 13.142 13.2 13.242 13.287 13.28 13.217 13.15 13.072 13 12.962 12.915 12.83 12.755 12.733 12.753 12.77 12.745 12.705 12.725 12.793 12.87 12.937 12.987 13.032 13.07 13.095 13.095 13.075 13.05 12.962 12.818 12.683 12.638 12.695 12.78 12.867 12.912 12.902 12.877 12.87 12.89 12.913 12.925 12.94 12.952 12.932 12.887 12.842 12.803
12.938 12.97 12.968 12.963 12.96 12.953 12.95 12.96 12.97 12.962 12.937 12.91 12.883 12.898 12.953 13.01 13.068 13.12 13.147 13.145 13.135 13.133 13.14 13.142 13.15 13.182 13.227 13.27 13.257 13.182 13.095 12.997 12.897 12.805 12.72 12.668 12.663 12.67 12.663 12.665 12.673 12.675 12.72 12.797 12.872 12.94 12.992 13.037 13.062 13.057 13.037 13.012 12.997 12.97 12.89 12.77 12.675 12.685 12.765 12.845 12.915 12.947 12.945 12.927 12.918 12.93 12.948 12.968 12.987 12.962 12.908 12.86 12.818
12.965 13.035 13.025 13.018 13.015 13.008 13.005 13.013 13.02 13.015 12.99 12.963 12.943 12.958 13.01 13.07 13.13 13.177 13.2 13.2 13.193 13.19 13.19 13.172 13.143 13.135 13.145 13.17 13.157 13.067 12.95 12.835 12.735 12.663 12.628 12.645 12.698 12.727 12.715 12.693 12.68 12.69 12.735 12.803 12.877 12.942 12.987 13.007 12.995 12.97 12.945 12.928 12.935 12.945 12.92 12.847 12.738 12.695 12.755 12.832 12.892 12.93 12.952 12.96 12.963 12.978 13.003 13.03 13.042 13 12.928 12.87 12.825
13.03 13.097 13.095 13.095 13.097 13.087 13.07 13.068 13.075 13.067 13.043 13.023 13.013 13.03 13.075 13.13 13.19 13.232 13.25 13.252 13.25 13.247 13.23 13.192 13.153 13.12 13.09 13.078 13.05 12.955 12.825 12.7 12.62 12.608 12.643 12.697 12.752 12.785 12.777 12.752 12.73 12.738 12.775 12.825 12.887 12.93 12.94 12.925 12.895 12.87 12.855 12.863 12.885 12.892 12.887 12.867 12.805 12.733 12.745 12.815 12.865 12.9 12.933 12.967 13.002 13.037 13.07 13.102 13.097 13.037 12.96 12.89 12.838
13.08 13.15 13.17 13.182 13.182 13.17 13.145 13.128 13.13 13.12 13.1 13.09 13.085 13.105 13.145 13.193 13.247 13.285 13.3 13.305 13.305 13.29 13.252 13.208 13.165 13.13 13.098 13.063 13.01 12.91 12.783 12.663 12.595 12.615 12.677 12.74 12.8 12.84 12.835 12.805 12.775 12.775 12.812 12.857 12.897 12.9 12.868 12.83 12.795 12.78 12.788 12.81 12.835 12.84 12.835 12.83 12.812 12.767 12.755 12.795 12.835 12.873 12.913 12.97 13.04 13.095 13.135 13.17 13.147 13.075 13 12.925 12.858
13.092 13.17 13.21 13.242 13.257 13.25 13.227 13.202 13.188 13.178 13.167 13.162 13.158 13.173 13.21 13.252 13.295 13.325 13.34 13.35 13.345 13.312 13.267 13.223 13.18 13.143 13.11 13.075 13.022 12.925 12.8 12.698 12.625 12.625 12.687 12.755 12.82 12.865 12.87 12.845 12.815 12.808 12.838 12.88 12.9 12.875 12.825 12.775 12.733 12.72 12.735 12.76 12.785 12.79 12.785 12.78 12.77 12.757 12.755 12.778 12.815 12.858 12.908 12.985 13.077 13.142 13.187 13.207 13.167 13.095 13.02 12.942 12.868
13.085 13.167 13.215 13.262 13.3 13.31 13.292 13.267 13.247 13.237 13.23 13.225 13.22 13.225 13.247 13.272 13.292 13.315 13.35 13.39 13.382 13.33 13.283 13.238 13.195 13.158 13.122 13.085 13.035 12.942 12.83 12.745 12.675 12.648 12.69 12.757 12.817 12.857 12.875 12.875 12.855 12.84 12.863 12.892 12.89 12.857 12.81 12.763 12.72 12.695 12.693 12.708 12.732 12.74 12.733 12.728 12.725 12.738 12.755 12.773 12.808 12.853 12.915 13.01 13.112 13.185 13.227 13.215 13.152 13.085 13.012 12.937 12.863
13.08 13.165 13.218 13.273 13.317 13.335 13.327 13.312 13.3 13.29 13.28 13.275 13.273 13.273 13.28 13.29 13.283 13.283 13.33 13.4 13.412 13.36 13.305 13.253 13.205 13.17 13.135 13.095 13.047 12.965 12.873 12.8 12.73 12.673 12.688 12.757 12.81 12.84 12.86 12.877 12.88 12.87 12.88 12.887 12.87 12.84 12.798 12.755 12.715 12.685 12.668 12.663 12.68 12.69 12.683 12.693 12.723 12.767 12.79 12.783 12.803 12.855 12.935 13.038 13.142 13.222 13.25 13.205 13.128 13.063 12.997 12.93 12.858
13.118 13.17 13.227 13.29 13.335 13.35 13.347 13.332 13.325 13.335 13.335 13.327 13.325 13.325 13.33 13.322 13.28 13.255 13.295 13.37 13.415 13.39 13.332 13.275 13.215 13.167 13.132 13.095 13.055 12.995 12.922 12.855 12.785 12.715 12.698 12.742 12.785 12.812 12.835 12.855 12.872 12.885 12.888 12.875 12.855 12.828 12.795 12.765 12.735 12.705 12.678 12.653 12.643 12.653 12.673 12.713 12.77 12.815 12.822 12.805 12.808 12.868 12.965 13.065 13.17 13.255 13.255 13.182 13.105 13.04 12.98 12.918 12.853
13.15 13.173 13.232 13.295 13.35 13.375 13.357 13.315 13.305 13.335 13.355 13.365 13.372 13.375 13.36 13.312 13.243 13.21 13.253 13.33 13.4 13.407 13.357 13.3 13.227 13.148 13.092 13.057 13.027 13.005 12.967 12.905 12.835 12.765 12.718 12.713 12.738 12.767 12.79 12.818 12.858 12.9 12.912 12.895 12.875 12.855 12.835 12.815 12.793 12.763 12.73 12.695 12.663 12.678 12.73 12.783 12.837 12.865 12.86 12.848 12.845 12.895 12.99 13.092 13.197 13.267 13.24 13.165 13.105 13.045 12.985 12.925 12.853
13.14 13.165 13.225 13.293 13.365 13.395 13.355 13.288 13.265 13.293 13.325 13.355 13.377 13.38 13.342 13.272 13.195 13.163 13.21 13.293 13.375 13.412 13.38 13.317 13.245 13.125 13.028 12.993 12.97 12.975 12.977 12.942 12.88 12.813 12.753 12.71 12.698 12.718 12.758 12.81 12.875 12.935 12.955 12.942 12.925 12.91 12.9 12.885 12.86 12.83 12.8 12.767 12.733 12.753 12.82 12.875 12.917 12.927 12.915 12.905 12.905 12.943 13.02 13.118 13.22 13.26 13.215 13.163 13.125 13.075 13.015 12.947 12.853
13.133 13.158 13.22 13.3 13.385 13.402 13.34 13.265 13.23 13.248 13.277 13.302 13.322 13.32 13.28 13.215 13.143 13.12 13.175 13.257 13.34 13.405 13.397 13.33 13.262 13.125 12.983 12.928 12.913 12.925 12.942 12.945 12.915 12.863 12.807 12.753 12.708 12.715 12.778 12.85 12.92 12.975 12.99 12.982 12.97 12.96 12.96 12.952 12.93 12.9 12.87 12.84 12.808 12.83 12.907 12.972 13.002 12.997 12.983 12.97 12.968 13.003 13.07 13.148 13.235 13.252 13.205 13.17 13.14 13.102 13.042 12.952 12.84
13.13 13.148 13.202 13.28 13.37 13.397 13.333 13.253 13.2 13.195 13.213 13.228 13.24 13.235 13.198 13.145 13.093 13.078 13.125 13.2 13.28 13.357 13.38 13.337 13.277 13.145 12.963 12.865 12.858 12.875 12.893 12.933 12.955 12.917 12.863 12.808 12.76 12.755 12.81 12.887 12.962 13.012 13.017 13.005 12.995 12.992 12.997 13 12.992 12.97 12.94 12.91 12.873 12.893 12.98 13.06 13.087 13.072 13.055 13.038 13.033 13.068 13.13 13.193 13.25 13.252 13.213 13.18 13.15 13.12 13.065 12.963 12.835
13.143 13.14 13.165 13.22 13.32 13.387 13.347 13.268 13.23 13.238 13.25 13.258 13.263 13.233 13.165 13.11 13.07 13.06 13.09 13.138 13.2 13.268 13.305 13.302 13.275 13.165 12.968 12.828 12.823 12.885 12.953 13.018 13.035 12.983 12.918 12.865 12.82 12.805 12.84 12.91 12.99 13.035 13.03 13.015 13.008 13.008 13.015 13.028 13.047 13.045 13.015 12.98 12.923 12.925 13.015 13.095 13.13 13.137 13.13 13.108 13.098 13.133 13.195 13.245 13.27 13.257 13.222 13.19 13.16 13.127 13.087 13.002 12.873
13.16 13.14 13.148 13.175 13.275 13.385 13.375 13.328 13.345 13.385 13.41 13.42 13.422 13.355 13.218 13.118 13.07 13.07 13.095 13.12 13.158 13.208 13.243 13.258 13.27 13.195 13.013 12.888 12.915 13.023 13.12 13.155 13.127 13.06 12.983 12.925 12.88 12.868 12.888 12.935 13.01 13.045 13.033 13.025 13.023 13.023 13.03 13.053 13.097 13.115 13.09 13.04 12.96 12.945 13.017 13.077 13.112 13.147 13.167 13.17 13.17 13.197 13.245 13.272 13.282 13.265 13.23 13.2 13.167 13.133 13.105 13.05 12.945
13.168 13.145 13.153 13.195 13.315 13.422 13.433 13.443 13.488 13.533 13.572 13.597 13.595 13.5 13.325 13.168 13.085 13.093 13.133 13.173 13.218 13.26 13.285 13.3 13.325 13.255 13.128 13.09 13.135 13.22 13.267 13.252 13.215 13.147 13.058 12.988 12.94 12.93 12.945 12.97 13.025 13.052 13.043 13.04 13.038 13.038 13.045 13.078 13.135 13.172 13.15 13.077 12.99 12.963 13.007 13.05 13.08 13.115 13.153 13.187 13.22 13.242 13.26 13.275 13.285 13.272 13.24 13.207 13.173 13.14 13.115 13.085 13.022
13.173 13.153 13.19 13.293 13.44 13.532 13.563 13.603 13.645 13.687 13.727 13.762 13.735 13.592 13.395 13.205 13.108 13.138 13.21 13.282 13.35 13.39 13.402 13.41 13.42 13.38 13.34 13.345 13.352 13.37 13.36 13.325 13.287 13.225 13.14 13.058 13 12.99 13.005 13.02 13.048 13.063 13.058 13.055 13.053 13.053 13.068 13.11 13.167 13.202 13.167 13.085 13.003 12.968 12.995 13.033 13.068 13.105 13.145 13.188 13.245 13.27 13.263 13.273 13.285 13.275 13.245 13.212 13.18 13.15 13.125 13.102 13.07
13.175 13.188 13.293 13.432 13.577 13.682 13.735 13.775 13.805 13.812 13.805 13.8 13.74 13.57 13.353 13.185 13.128 13.175 13.265 13.352 13.427 13.467 13.477 13.48 13.48 13.48 13.477 13.47 13.455 13.432 13.4 13.362 13.32 13.262 13.19 13.11 13.055 13.048 13.06 13.075 13.092 13.09 13.075 13.07 13.068 13.068 13.093 13.145 13.197 13.2 13.14 13.062 12.99 12.965 12.995 13.035 13.078 13.12 13.16 13.21 13.28 13.305 13.275 13.268 13.28 13.272 13.245 13.215 13.185 13.157 13.132 13.107 13.083
13.173 13.225 13.377 13.537 13.697 13.812 13.847 13.842 13.825 13.785 13.735 13.695 13.63 13.468 13.285 13.188 13.155 13.193 13.28 13.365 13.432 13.472 13.485 13.488 13.497 13.5 13.49 13.477 13.46 13.44 13.415 13.38 13.33 13.268 13.205 13.148 13.108 13.1 13.11 13.128 13.152 13.147 13.118 13.095 13.083 13.088 13.12 13.172 13.207 13.177 13.103 13.033 12.97 12.96 13.005 13.05 13.092 13.135 13.18 13.243 13.32 13.347 13.308 13.275 13.275 13.267 13.24 13.213 13.188 13.163 13.135 13.11 13.085
