EGM722_Project_Data/DTM_asc/TL4460.asc
ncols         200
nrows         200
xllcorner     544000.000
yllcorner     260000.000
cellsize      5
NODATA_value  -9999.0
[rows 128 to 159 of 200, columns 73 to 145 of 200]
15.555 15.682 15.705 15.688 15.67 15.633 15.598 15.585 15.587 15.582 15.56 15.53 15.498 15.478 15.51 15.58 15.642 15.683 15.71 15.753 15.813 15.885 15.952 16 16.04 16.082 16.125 16.152 16.157 16.2 16.282 16.352 16.41 16.483 16.575 16.667 16.735 16.778 16.823 16.873 16.925 16.965 16.97 16.98 17.025 17.07 17.108 17.145 17.18 17.222 17.23 17.195 17.178 17.18 17.19 17.195 17.187 17.187 17.202 17.238 17.28 17.285 17.265 17.245 17.23 17.23 17.24 17.245 17.242 17.227 17.202 17.18 17.16
15.605 15.745 15.78 15.752 15.73 15.713 15.702 15.697 15.68 15.652 15.625 15.595 15.562 15.535 15.56 15.628 15.695 15.753 15.805 15.865 15.925 15.987 16.04 16.08 16.117 16.157 16.2 16.24 16.272 16.325 16.39 16.445 16.503 16.578 16.672 16.762 16.822 16.858 16.895 16.935 16.978 17.02 17.053 17.09 17.14 17.185 17.222 17.258 17.293 17.345 17.367 17.335 17.3 17.283 17.282 17.285 17.277 17.28 17.295 17.307 17.317 17.312 17.295 17.275 17.26 17.26 17.27 17.28 17.282 17.27 17.245 17.217 17.19
15.667 15.802 15.83 15.805 15.798 15.8 15.795 15.78 15.742 15.703 15.675 15.645 15.618 15.603 15.635 15.705 15.78 15.85 15.908 15.967 16.03 16.075 16.103 16.128 16.15 16.178 16.215 16.255 16.305 16.377 16.46 16.532 16.595 16.673 16.77 16.857 16.915 16.95 16.985 17.02 17.055 17.093 17.135 17.185 17.232 17.282 17.332 17.372 17.408 17.457 17.495 17.48 17.44 17.4 17.363 17.34 17.325 17.323 17.337 17.35 17.35 17.337 17.32 17.303 17.29 17.29 17.3 17.307 17.307 17.295 17.27 17.242 17.215
15.74 15.852 15.863 15.855 15.865 15.877 15.875 15.85 15.795 15.745 15.715 15.688 15.68 15.703 15.75 15.82 15.897 15.96 16.008 16.063 16.125 16.162 16.175 16.185 16.193 16.205 16.228 16.26 16.32 16.413 16.518 16.615 16.69 16.77 16.87 16.952 17.005 17.04 17.072 17.105 17.14 17.175 17.218 17.267 17.31 17.36 17.422 17.48 17.52 17.563 17.615 17.62 17.577 17.517 17.438 17.378 17.353 17.35 17.362 17.382 17.382 17.363 17.345 17.328 17.318 17.32 17.327 17.33 17.325 17.307 17.283 17.257 17.23
15.825 15.902 15.91 15.923 15.94 15.955 15.955 15.917 15.845 15.788 15.758 15.753 15.785 15.833 15.878 15.94 16.012 16.067 16.113 16.163 16.22 16.257 16.27 16.28 16.3 16.333 16.368 16.41 16.478 16.575 16.67 16.75 16.82 16.893 16.977 17.047 17.092 17.125 17.155 17.185 17.22 17.258 17.3 17.347 17.39 17.433 17.493 17.565 17.625 17.67 17.737 17.762 17.705 17.622 17.527 17.443 17.388 17.373 17.375 17.407 17.427 17.398 17.373 17.355 17.345 17.35 17.352 17.347 17.34 17.32 17.295 17.273 17.245
15.915 15.96 15.975 15.995 16.015 16.032 16.027 15.975 15.898 15.838 15.825 15.863 15.92 15.97 16.01 16.065 16.125 16.173 16.22 16.27 16.323 16.368 16.4 16.433 16.48 16.537 16.595 16.655 16.715 16.787 16.86 16.917 16.975 17.035 17.087 17.12 17.15 17.19 17.23 17.267 17.302 17.34 17.38 17.423 17.467 17.51 17.555 17.622 17.705 17.772 17.855 17.877 17.795 17.692 17.592 17.495 17.423 17.395 17.383 17.428 17.49 17.468 17.418 17.388 17.375 17.375 17.37 17.36 17.35 17.332 17.31 17.29 17.268
15.997 16.025 16.035 16.055 16.075 16.097 16.082 16.015 15.945 15.908 15.918 15.965 16.022 16.075 16.122 16.182 16.243 16.29 16.34 16.393 16.445 16.495 16.547 16.605 16.662 16.717 16.775 16.832 16.877 16.915 16.965 17.025 17.085 17.14 17.165 17.145 17.153 17.205 17.255 17.302 17.352 17.41 17.46 17.5 17.545 17.59 17.6 17.623 17.697 17.782 17.857 17.882 17.82 17.71 17.605 17.518 17.463 17.435 17.418 17.465 17.557 17.562 17.495 17.438 17.413 17.408 17.403 17.395 17.37 17.345 17.335 17.32 17.3
16.092 16.11 16.1 16.108 16.128 16.145 16.112 16.05 16.015 16.015 16.033 16.058 16.093 16.138 16.19 16.277 16.367 16.423 16.478 16.535 16.59 16.633 16.678 16.733 16.788 16.845 16.902 16.95 16.985 17.013 17.048 17.1 17.16 17.215 17.22 17.153 17.13 17.18 17.232 17.285 17.368 17.465 17.532 17.58 17.625 17.665 17.64 17.59 17.623 17.707 17.765 17.8 17.787 17.7 17.61 17.555 17.518 17.485 17.47 17.52 17.617 17.622 17.542 17.488 17.468 17.465 17.462 17.44 17.385 17.35 17.352 17.35 17.337
16.195 16.205 16.185 16.173 16.183 16.18 16.148 16.128 16.133 16.148 16.165 16.183 16.198 16.22 16.253 16.355 16.485 16.56 16.62 16.68 16.735 16.777 16.815 16.86 16.915 16.972 17.022 17.06 17.09 17.12 17.15 17.185 17.235 17.29 17.275 17.175 17.123 17.155 17.208 17.28 17.398 17.512 17.592 17.657 17.707 17.73 17.687 17.603 17.578 17.63 17.68 17.71 17.727 17.697 17.645 17.608 17.573 17.535 17.523 17.575 17.645 17.627 17.565 17.54 17.535 17.532 17.51 17.455 17.385 17.348 17.35 17.358 17.365
16.295 16.295 16.275 16.255 16.25 16.245 16.24 16.25 16.265 16.282 16.3 16.317 16.33 16.343 16.36 16.448 16.59 16.69 16.757 16.822 16.88 16.922 16.955 16.993 17.042 17.095 17.137 17.17 17.197 17.225 17.255 17.283 17.318 17.357 17.32 17.208 17.128 17.13 17.195 17.305 17.442 17.555 17.64 17.72 17.785 17.792 17.733 17.645 17.575 17.565 17.603 17.645 17.685 17.712 17.7 17.663 17.628 17.59 17.575 17.608 17.645 17.638 17.618 17.61 17.602 17.58 17.525 17.455 17.385 17.345 17.348 17.368 17.395
16.37 16.365 16.345 16.335 16.35 16.365 16.37 16.383 16.398 16.415 16.435 16.452 16.465 16.48 16.503 16.565 16.688 16.8 16.875 16.942 16.995 17.035 17.075 17.117 17.165 17.21 17.245 17.272 17.297 17.325 17.355 17.382 17.41 17.44 17.392 17.258 17.138 17.118 17.21 17.355 17.5 17.61 17.698 17.785 17.862 17.87 17.803 17.718 17.638 17.58 17.575 17.618 17.67 17.72 17.742 17.72 17.685 17.65 17.628 17.64 17.668 17.677 17.675 17.672 17.657 17.608 17.535 17.465 17.393 17.353 17.365 17.398 17.43
16.42 16.415 16.413 16.44 16.487 16.512 16.51 16.518 16.53 16.545 16.568 16.59 16.605 16.623 16.653 16.698 16.793 16.9 16.972 17.025 17.057 17.095 17.145 17.195 17.252 17.3 17.332 17.36 17.385 17.415 17.442 17.467 17.495 17.53 17.535 17.43 17.278 17.22 17.298 17.455 17.61 17.725 17.815 17.9 17.965 17.97 17.915 17.84 17.765 17.688 17.625 17.618 17.658 17.71 17.752 17.765 17.745 17.713 17.69 17.695 17.715 17.725 17.725 17.725 17.717 17.67 17.595 17.525 17.47 17.425 17.408 17.43 17.462
16.472 16.495 16.53 16.585 16.642 16.667 16.66 16.655 16.66 16.677 16.702 16.725 16.743 16.768 16.805 16.845 16.913 16.997 17.055 17.085 17.105 17.138 17.185 17.243 17.312 17.367 17.402 17.435 17.465 17.492 17.518 17.545 17.575 17.613 17.667 17.67 17.612 17.568 17.573 17.64 17.763 17.885 17.967 18.037 18.08 18.072 18.032 17.975 17.902 17.822 17.738 17.673 17.66 17.698 17.745 17.782 17.795 17.78 17.762 17.758 17.767 17.775 17.775 17.778 17.782 17.757 17.7 17.65 17.625 17.57 17.493 17.473 17.497
16.54 16.59 16.645 16.707 16.77 16.797 16.792 16.787 16.787 16.805 16.83 16.85 16.877 16.915 16.955 16.995 17.04 17.085 17.115 17.135 17.155 17.183 17.23 17.3 17.375 17.43 17.465 17.5 17.537 17.567 17.595 17.625 17.653 17.693 17.753 17.82 17.87 17.885 17.882 17.89 17.945 18.03 18.1 18.16 18.187 18.167 18.132 18.092 18.035 17.96 17.875 17.788 17.72 17.703 17.733 17.78 17.815 17.822 17.815 17.812 17.817 17.82 17.822 17.827 17.83 17.822 17.805 17.795 17.785 17.727 17.63 17.555 17.538
16.622 16.672 16.705 16.758 16.822 16.855 16.852 16.857 16.872 16.892 16.915 16.948 16.997 17.045 17.085 17.125 17.142 17.145 17.16 17.18 17.2 17.225 17.273 17.342 17.417 17.48 17.522 17.56 17.6 17.637 17.67 17.7 17.728 17.773 17.84 17.915 17.975 18.01 18.045 18.075 18.087 18.122 18.19 18.257 18.28 18.257 18.227 18.192 18.152 18.095 18.015 17.925 17.832 17.75 17.73 17.767 17.805 17.822 17.825 17.827 17.832 17.84 17.847 17.85 17.852 17.855 17.86 17.867 17.865 17.822 17.745 17.665 17.607
16.712 16.767 16.775 16.798 16.838 16.865 16.875 16.893 16.92 16.945 16.975 17.033 17.105 17.16 17.2 17.225 17.205 17.183 17.195 17.218 17.245 17.273 17.303 17.35 17.42 17.495 17.56 17.61 17.65 17.69 17.727 17.763 17.808 17.865 17.933 18.008 18.075 18.12 18.147 18.16 18.153 18.175 18.242 18.31 18.337 18.322 18.297 18.267 18.235 18.197 18.127 18.03 17.927 17.818 17.745 17.75 17.787 17.807 17.81 17.81 17.818 17.835 17.85 17.855 17.858 17.86 17.865 17.872 17.875 17.845 17.787 17.73 17.665
16.81 16.867 16.88 16.882 16.883 16.895 16.92 16.945 16.97 17.005 17.06 17.135 17.212 17.272 17.305 17.297 17.25 17.22 17.233 17.263 17.302 17.332 17.345 17.363 17.408 17.48 17.56 17.632 17.687 17.73 17.78 17.85 17.938 18.01 18.063 18.118 18.177 18.22 18.23 18.222 18.208 18.228 18.285 18.34 18.372 18.367 18.342 18.315 18.285 18.255 18.197 18.1 17.992 17.88 17.768 17.735 17.772 17.79 17.792 17.795 17.803 17.82 17.84 17.855 17.862 17.865 17.87 17.88 17.887 17.86 17.803 17.745 17.683
16.915 16.96 16.967 16.952 16.938 16.948 16.972 16.998 17.028 17.082 17.16 17.24 17.317 17.377 17.387 17.347 17.29 17.263 17.283 17.323 17.367 17.395 17.403 17.408 17.423 17.465 17.543 17.638 17.723 17.793 17.883 18.002 18.122 18.205 18.237 18.252 18.27 18.282 18.28 18.267 18.255 18.27 18.315 18.365 18.407 18.412 18.385 18.355 18.325 18.292 18.247 18.165 18.057 17.942 17.808 17.738 17.757 17.775 17.778 17.78 17.785 17.8 17.82 17.84 17.86 17.872 17.88 17.89 17.9 17.877 17.82 17.76 17.7
17.005 17.037 17.022 16.995 16.983 17 17.025 17.048 17.078 17.137 17.222 17.305 17.382 17.435 17.43 17.382 17.325 17.308 17.34 17.385 17.435 17.465 17.473 17.48 17.495 17.535 17.615 17.715 17.815 17.9 17.983 18.1 18.237 18.322 18.335 18.325 18.312 18.305 18.302 18.295 18.285 18.295 18.335 18.385 18.41 18.425 18.422 18.39 18.36 18.327 18.29 18.222 18.122 18.005 17.865 17.755 17.74 17.76 17.763 17.765 17.77 17.785 17.805 17.825 17.853 17.875 17.887 17.9 17.91 17.89 17.835 17.777 17.72
17.085 17.117 17.078 17.038 17.033 17.052 17.075 17.092 17.11 17.163 17.247 17.327 17.372 17.395 17.422 17.407 17.358 17.355 17.4 17.455 17.517 17.555 17.568 17.585 17.625 17.695 17.78 17.87 17.965 18.04 18.085 18.153 18.265 18.34 18.342 18.328 18.315 18.313 18.315 18.312 18.305 18.315 18.355 18.377 18.343 18.36 18.425 18.425 18.395 18.362 18.325 18.272 18.187 18.065 17.923 17.788 17.733 17.743 17.747 17.75 17.755 17.77 17.79 17.815 17.85 17.875 17.89 17.907 17.92 17.902 17.85 17.793 17.737
17.18 17.215 17.148 17.083 17.083 17.105 17.122 17.135 17.145 17.19 17.267 17.312 17.302 17.305 17.372 17.41 17.395 17.415 17.473 17.543 17.615 17.657 17.678 17.718 17.788 17.87 17.952 18.035 18.12 18.185 18.222 18.257 18.31 18.347 18.345 18.333 18.32 18.318 18.322 18.325 18.323 18.337 18.347 18.305 18.23 18.24 18.352 18.43 18.43 18.397 18.36 18.317 18.247 18.125 17.98 17.84 17.748 17.728 17.73 17.733 17.738 17.75 17.775 17.81 17.85 17.875 17.89 17.91 17.925 17.912 17.867 17.81 17.752
17.28 17.315 17.228 17.138 17.133 17.152 17.165 17.175 17.185 17.218 17.252 17.243 17.215 17.228 17.303 17.385 17.438 17.495 17.565 17.64 17.715 17.765 17.808 17.877 17.96 18.037 18.112 18.187 18.235 18.257 18.285 18.315 18.345 18.355 18.345 18.335 18.325 18.32 18.325 18.33 18.332 18.337 18.308 18.243 18.19 18.208 18.298 18.388 18.437 18.432 18.395 18.357 18.297 18.18 18.032 17.888 17.773 17.728 17.723 17.72 17.72 17.735 17.77 17.81 17.85 17.875 17.89 17.902 17.905 17.895 17.86 17.805 17.745
17.385 17.432 17.34 17.21 17.18 17.198 17.21 17.223 17.238 17.26 17.268 17.253 17.24 17.253 17.32 17.425 17.53 17.618 17.69 17.76 17.845 17.903 17.948 18.025 18.1 18.17 18.24 18.287 18.277 18.263 18.285 18.315 18.345 18.355 18.345 18.335 18.325 18.317 18.317 18.323 18.34 18.342 18.305 18.263 18.258 18.3 18.36 18.42 18.465 18.457 18.415 18.377 18.315 18.195 18.05 17.925 17.833 17.778 17.753 17.743 17.738 17.753 17.788 17.823 17.85 17.86 17.862 17.862 17.855 17.845 17.82 17.772 17.715
17.495 17.562 17.5 17.36 17.283 17.273 17.28 17.295 17.315 17.335 17.353 17.365 17.37 17.373 17.42 17.535 17.672 17.775 17.845 17.938 18.083 18.145 18.113 18.143 18.215 18.285 18.337 18.337 18.295 18.275 18.29 18.315 18.345 18.355 18.345 18.332 18.317 18.305 18.303 18.313 18.352 18.377 18.345 18.328 18.36 18.415 18.475 18.522 18.522 18.478 18.428 18.385 18.31 18.193 18.08 17.998 17.933 17.87 17.82 17.798 17.793 17.805 17.832 17.852 17.852 17.833 17.81 17.798 17.792 17.782 17.765 17.732 17.68
17.615 17.685 17.672 17.582 17.483 17.43 17.398 17.39 17.405 17.425 17.445 17.465 17.485 17.495 17.525 17.645 17.817 17.935 18.043 18.212 18.415 18.487 18.382 18.303 18.33 18.392 18.405 18.362 18.31 18.29 18.303 18.32 18.345 18.355 18.342 18.325 18.305 18.288 18.285 18.315 18.377 18.412 18.403 18.42 18.473 18.527 18.577 18.59 18.555 18.502 18.448 18.397 18.33 18.243 18.167 18.102 18.037 17.975 17.913 17.865 17.848 17.86 17.877 17.872 17.85 17.815 17.778 17.745 17.728 17.718 17.705 17.685 17.642
17.732 17.795 17.805 17.772 17.702 17.635 17.568 17.535 17.548 17.57 17.588 17.605 17.625 17.643 17.668 17.778 17.967 18.118 18.265 18.452 18.635 18.7 18.615 18.512 18.472 18.47 18.437 18.38 18.323 18.303 18.318 18.33 18.348 18.353 18.335 18.315 18.298 18.28 18.285 18.338 18.41 18.46 18.493 18.535 18.587 18.64 18.66 18.627 18.575 18.525 18.475 18.42 18.36 18.3 18.242 18.185 18.127 18.072 18.015 17.955 17.913 17.902 17.895 17.87 17.84 17.805 17.765 17.725 17.695 17.678 17.66 17.64 17.61
17.822 17.885 17.897 17.907 17.875 17.805 17.75 17.755 17.8 17.828 17.843 17.858 17.875 17.9 17.93 17.993 18.14 18.305 18.437 18.57 18.7 18.737 18.685 18.635 18.582 18.532 18.483 18.425 18.368 18.348 18.363 18.375 18.39 18.395 18.38 18.363 18.35 18.335 18.343 18.395 18.465 18.53 18.587 18.642 18.695 18.727 18.71 18.658 18.605 18.555 18.507 18.445 18.375 18.32 18.27 18.22 18.17 18.12 18.07 18.023 17.983 17.933 17.885 17.855 17.825 17.805 17.792 17.77 17.74 17.713 17.688 17.665 17.645
17.89 17.96 17.983 18.015 18.007 17.958 17.958 18.03 18.107 18.142 18.16 18.18 18.21 18.253 18.287 18.31 18.37 18.48 18.597 18.695 18.762 18.767 18.723 18.678 18.628 18.595 18.562 18.505 18.458 18.443 18.45 18.463 18.48 18.49 18.482 18.47 18.46 18.448 18.45 18.485 18.545 18.61 18.67 18.727 18.775 18.782 18.743 18.693 18.645 18.595 18.54 18.465 18.388 18.33 18.28 18.23 18.18 18.14 18.113 18.093 18.067 17.975 17.875 17.833 17.8 17.798 17.817 17.825 17.817 17.8 17.78 17.762 17.747
17.952 18.032 18.072 18.112 18.137 18.16 18.23 18.33 18.415 18.462 18.49 18.525 18.568 18.615 18.65 18.655 18.615 18.64 18.745 18.802 18.82 18.812 18.777 18.727 18.67 18.645 18.637 18.595 18.56 18.555 18.555 18.563 18.577 18.587 18.585 18.577 18.57 18.56 18.568 18.593 18.633 18.69 18.747 18.795 18.832 18.832 18.785 18.73 18.68 18.63 18.567 18.483 18.4 18.34 18.293 18.255 18.228 18.213 18.208 18.202 18.172 18.052 17.898 17.813 17.778 17.778 17.802 17.822 17.822 17.825 17.832 17.83 17.83
18.02 18.105 18.147 18.175 18.212 18.295 18.415 18.535 18.647 18.74 18.815 18.88 18.932 18.977 18.97 18.882 18.77 18.773 18.845 18.86 18.862 18.852 18.82 18.77 18.713 18.688 18.692 18.68 18.665 18.665 18.667 18.672 18.678 18.685 18.685 18.68 18.675 18.67 18.682 18.707 18.735 18.772 18.815 18.85 18.885 18.885 18.835 18.775 18.717 18.662 18.59 18.497 18.415 18.367 18.345 18.332 18.33 18.327 18.322 18.32 18.277 18.145 17.965 17.823 17.76 17.76 17.767 17.747 17.723 17.75 17.797 17.815 17.827
18.07 18.147 18.172 18.182 18.205 18.29 18.43 18.557 18.667 18.83 18.99 19.08 19.157 19.207 19.142 18.97 18.86 18.882 18.92 18.917 18.892 18.84 18.805 18.782 18.747 18.722 18.715 18.727 18.75 18.762 18.767 18.772 18.777 18.78 18.775 18.767 18.76 18.76 18.772 18.792 18.815 18.84 18.87 18.903 18.932 18.902 18.83 18.772 18.717 18.665 18.59 18.492 18.41 18.372 18.37 18.37 18.37 18.367 18.365 18.362 18.312 18.182 18.02 17.865 17.758 17.712 17.672 17.608 17.58 17.635 17.71 17.75 17.765
18.097 18.16 18.167 18.168 18.178 18.253 18.387 18.472 18.533 18.737 18.99 19.127 19.222 19.257 19.18 19.02 18.94 18.965 18.962 18.925 18.855 18.773 18.738 18.737 18.73 18.712 18.71 18.748 18.8 18.832 18.842 18.85 18.86 18.86 18.85 18.84 18.83 18.83 18.84 18.853 18.87 18.893 18.923 18.955 18.972 18.907 18.785 18.705 18.657 18.617 18.557 18.465 18.383 18.34 18.33 18.33 18.33 18.33 18.327 18.312 18.255 18.137 17.992 17.857 17.742 17.625 17.525 17.453 17.443 17.515 17.6 17.67 17.705
