EGM722_Project_Data/DTM_asc/TL4557.asc
ncols         200
nrows         200
xllcorner     545000.000
yllcorner     257000.000
cellsize      5
NODATA_value  -9999.0
[rows 0 to 31 of 200, columns 0 to 72 of 200]
10.597 10.592 10.585 10.527 10.42 10.333 10.3 10.305 10.307 10.3 10.282 10.257 10.238 10.35 10.615 10.927 11.032 10.85 10.653 10.505 10.365 10.26 10.313 10.505 10.56 10.398 10.363 10.515 10.84 11.14 11.2 11.22 11.258 11.33 11.4 11.405 11.342 11.258 11.2 11.17 11.105 10.965 10.865 10.87 10.905 10.957 11 11.015 11.03 11.055 11.07 11.065 11.055 11.048 11.1 11.192 11.267 11.342 11.415 11.485 11.565 11.622 11.623 11.61 11.62 11.64 11.663 11.718 11.868 12.085 12.305 12.522 12.737
10.61 10.61 10.605 10.552 10.45 10.365 10.33 10.32 10.305 10.28 10.255 10.23 10.248 10.425 10.715 10.962 11.007 10.82 10.58 10.4 10.263 10.25 10.413 10.627 10.815 10.725 10.458 10.543 11.027 11.34 11.36 11.38 11.395 11.412 11.407 11.345 11.26 11.175 11.113 11.08 11.05 10.987 10.935 10.94 10.96 10.987 11.012 11.025 11.037 11.057 11.072 11.073 11.073 11.08 11.105 11.163 11.237 11.312 11.387 11.46 11.535 11.6 11.625 11.635 11.655 11.675 11.697 11.723 11.8 11.975 12.195 12.41 12.625
10.6 10.607 10.612 10.582 10.495 10.388 10.325 10.302 10.277 10.252 10.228 10.203 10.285 10.522 10.762 10.892 10.895 10.752 10.522 10.315 10.22 10.323 10.537 10.752 10.965 11.082 10.97 11.005 11.302 11.445 11.455 11.462 11.442 11.387 11.32 11.245 11.167 11.09 11.028 10.995 10.975 10.957 10.945 10.945 10.955 10.967 10.982 10.997 11.012 11.03 11.062 11.09 11.1 11.105 11.11 11.138 11.198 11.27 11.345 11.42 11.495 11.562 11.6 11.622 11.645 11.675 11.717 11.752 11.788 11.893 12.085 12.305 12.525
10.57 10.585 10.607 10.607 10.552 10.448 10.33 10.268 10.247 10.225 10.203 10.2 10.333 10.555 10.68 10.71 10.71 10.615 10.425 10.238 10.218 10.392 10.607 10.82 11.032 11.247 11.36 11.402 11.45 11.465 11.455 11.415 11.345 11.258 11.18 11.112 11.045 10.99 10.958 10.94 10.93 10.92 10.905 10.895 10.9 10.913 10.927 10.943 10.958 10.975 11.017 11.082 11.125 11.135 11.14 11.15 11.178 11.228 11.295 11.37 11.445 11.505 11.537 11.563 11.595 11.66 11.735 11.78 11.802 11.845 11.99 12.212 12.43
10.55 10.578 10.607 10.615 10.592 10.532 10.375 10.238 10.208 10.19 10.173 10.203 10.335 10.462 10.495 10.5 10.505 10.45 10.303 10.175 10.2 10.367 10.58 10.792 11.015 11.2 11.27 11.287 11.325 11.36 11.347 11.282 11.205 11.122 11.04 10.978 10.935 10.913 10.91 10.907 10.9 10.89 10.875 10.86 10.855 10.858 10.87 10.888 10.903 10.92 10.95 11.022 11.11 11.155 11.17 11.18 11.195 11.218 11.258 11.32 11.39 11.44 11.47 11.503 11.568 11.677 11.765 11.797 11.8 11.798 11.908 12.12 12.322
10.55 10.585 10.61 10.61 10.602 10.58 10.45 10.283 10.223 10.21 10.193 10.208 10.265 10.3 10.298 10.298 10.298 10.278 10.215 10.163 10.175 10.3 10.518 10.745 10.957 11.07 11.082 11.085 11.11 11.15 11.15 11.097 11.032 10.96 10.918 10.9 10.878 10.868 10.868 10.873 10.873 10.865 10.853 10.84 10.83 10.823 10.828 10.84 10.85 10.865 10.885 10.943 11.045 11.137 11.19 11.21 11.222 11.235 11.253 11.285 11.33 11.373 11.41 11.475 11.585 11.715 11.785 11.785 11.77 11.75 11.83 12.015 12.205
10.542 10.582 10.59 10.563 10.55 10.547 10.472 10.352 10.3 10.287 10.27 10.258 10.248 10.238 10.23 10.225 10.22 10.253 10.275 10.243 10.21 10.275 10.475 10.715 10.87 10.902 10.898 10.893 10.9 10.93 10.937 10.892 10.828 10.808 10.868 10.912 10.898 10.875 10.875 10.888 10.865 10.855 10.865 10.855 10.845 10.835 10.835 10.84 10.843 10.85 10.858 10.89 10.978 11.092 11.177 11.212 11.227 11.24 11.252 11.27 11.3 11.34 11.383 11.47 11.6 11.73 11.792 11.78 11.76 11.743 11.788 11.933 12.12
10.518 10.57 10.572 10.508 10.45 10.43 10.378 10.338 10.36 10.362 10.35 10.335 10.308 10.288 10.28 10.275 10.3 10.413 10.472 10.415 10.348 10.32 10.45 10.647 10.722 10.718 10.712 10.708 10.705 10.72 10.725 10.685 10.66 10.738 10.872 10.96 10.975 10.95 10.95 10.947 10.878 10.835 10.862 10.882 10.88 10.87 10.87 10.877 10.88 10.88 10.88 10.89 10.945 11.048 11.137 11.187 11.212 11.227 11.243 11.265 11.3 11.34 11.38 11.463 11.587 11.715 11.787 11.792 11.782 11.77 11.79 11.895 12.07
10.5 10.565 10.575 10.495 10.395 10.323 10.275 10.3 10.382 10.425 10.425 10.405 10.372 10.345 10.33 10.345 10.443 10.617 10.68 10.605 10.52 10.433 10.448 10.522 10.538 10.533 10.528 10.523 10.518 10.52 10.518 10.513 10.58 10.728 10.875 10.982 11.04 11.04 11.03 10.99 10.893 10.805 10.803 10.862 10.9 10.905 10.905 10.912 10.917 10.92 10.923 10.93 10.953 11.015 11.095 11.155 11.192 11.213 11.235 11.268 11.303 11.34 11.38 11.455 11.57 11.695 11.772 11.792 11.8 11.798 11.815 11.88 12.02
10.49 10.56 10.572 10.497 10.393 10.303 10.283 10.343 10.427 10.477 10.477 10.457 10.43 10.403 10.398 10.455 10.577 10.72 10.777 10.717 10.622 10.525 10.46 10.438 10.423 10.408 10.393 10.38 10.368 10.355 10.358 10.423 10.565 10.732 10.877 10.985 11.07 11.112 11.092 11.015 10.908 10.803 10.75 10.793 10.867 10.917 10.94 10.947 10.955 10.96 10.965 10.975 10.985 11.01 11.06 11.115 11.163 11.2 11.233 11.27 11.308 11.345 11.385 11.44 11.538 11.667 11.752 11.78 11.8 11.817 11.845 11.888 11.988
10.485 10.555 10.572 10.508 10.428 10.378 10.393 10.45 10.485 10.492 10.492 10.485 10.462 10.443 10.448 10.49 10.545 10.61 10.68 10.7 10.64 10.543 10.475 10.44 10.413 10.383 10.355 10.335 10.315 10.295 10.303 10.403 10.57 10.737 10.882 10.99 11.077 11.142 11.13 11.037 10.925 10.818 10.725 10.715 10.79 10.895 10.96 10.97 10.98 10.987 10.995 11.005 11.015 11.025 11.055 11.105 11.155 11.2 11.238 11.275 11.315 11.358 11.403 11.443 11.5 11.607 11.707 11.752 11.777 11.812 11.86 11.91 11.978
10.48 10.552 10.585 10.552 10.517 10.497 10.495 10.502 10.482 10.465 10.478 10.49 10.485 10.478 10.48 10.488 10.493 10.515 10.558 10.598 10.602 10.553 10.5 10.47 10.44 10.405 10.373 10.348 10.325 10.303 10.308 10.41 10.577 10.742 10.887 10.995 11.08 11.135 11.127 11.062 10.962 10.848 10.733 10.673 10.735 10.88 10.967 10.98 10.99 11 11.012 11.025 11.035 11.045 11.075 11.125 11.17 11.207 11.245 11.285 11.328 11.378 11.427 11.465 11.495 11.55 11.647 11.717 11.745 11.79 11.85 11.91 11.965
10.467 10.532 10.57 10.565 10.547 10.53 10.505 10.475 10.445 10.435 10.468 10.528 10.55 10.543 10.548 10.555 10.563 10.568 10.573 10.578 10.59 10.572 10.53 10.5 10.467 10.433 10.4 10.37 10.343 10.315 10.318 10.418 10.58 10.74 10.885 10.995 11.08 11.112 11.09 11.055 10.997 10.902 10.79 10.725 10.758 10.88 10.972 10.99 11.003 11.015 11.028 11.04 11.052 11.065 11.095 11.142 11.18 11.215 11.255 11.3 11.353 11.407 11.452 11.485 11.515 11.545 11.603 11.67 11.717 11.767 11.82 11.87 11.938
10.432 10.487 10.517 10.51 10.493 10.475 10.455 10.433 10.413 10.45 10.555 10.645 10.65 10.63 10.635 10.64 10.648 10.653 10.66 10.662 10.645 10.603 10.56 10.527 10.493 10.46 10.43 10.4 10.37 10.35 10.358 10.433 10.568 10.718 10.867 10.99 11.067 11.077 11.045 11.013 10.98 10.935 10.883 10.865 10.875 10.923 10.98 11 11.015 11.033 11.045 11.055 11.068 11.083 11.113 11.155 11.193 11.23 11.273 11.325 11.387 11.44 11.475 11.505 11.535 11.565 11.595 11.635 11.68 11.722 11.765 11.813 11.91
10.38 10.432 10.462 10.455 10.438 10.42 10.4 10.398 10.45 10.58 10.745 10.807 10.753 10.72 10.725 10.73 10.735 10.74 10.747 10.735 10.692 10.638 10.593 10.555 10.52 10.49 10.46 10.433 10.423 10.435 10.458 10.5 10.59 10.718 10.85 10.977 11.045 11.038 11.018 11.003 10.99 10.983 10.985 10.995 11.007 11.017 11.028 11.043 11.06 11.075 11.085 11.095 11.108 11.128 11.158 11.195 11.235 11.268 11.303 11.358 11.422 11.467 11.492 11.517 11.545 11.572 11.597 11.615 11.628 11.655 11.695 11.768 11.903
10.333 10.38 10.407 10.4 10.383 10.368 10.378 10.43 10.57 10.775 10.955 10.972 10.858 10.81 10.815 10.82 10.825 10.83 10.822 10.785 10.73 10.675 10.628 10.585 10.55 10.52 10.503 10.508 10.533 10.565 10.592 10.62 10.678 10.775 10.883 10.995 11.062 11.065 11.063 11.07 11.078 11.083 11.088 11.097 11.11 11.112 11.11 11.12 11.137 11.142 11.145 11.158 11.175 11.2 11.233 11.267 11.3 11.32 11.343 11.388 11.445 11.48 11.495 11.515 11.537 11.56 11.58 11.587 11.585 11.595 11.638 11.745 11.9
10.29 10.33 10.355 10.345 10.343 10.37 10.438 10.545 10.728 10.967 11.14 11.11 10.96 10.898 10.903 10.91 10.915 10.91 10.877 10.825 10.77 10.715 10.665 10.618 10.585 10.58 10.603 10.64 10.675 10.702 10.727 10.753 10.788 10.858 10.957 11.055 11.127 11.16 11.17 11.177 11.182 11.187 11.19 11.197 11.205 11.2 11.193 11.2 11.21 11.207 11.21 11.228 11.25 11.275 11.307 11.335 11.352 11.368 11.39 11.423 11.465 11.49 11.495 11.505 11.52 11.543 11.56 11.562 11.557 11.553 11.598 11.72 11.87
10.258 10.285 10.305 10.323 10.373 10.45 10.545 10.685 10.9 11.15 11.292 11.225 11.063 10.985 10.99 10.997 10.995 10.967 10.917 10.865 10.81 10.755 10.698 10.66 10.668 10.705 10.75 10.785 10.812 10.837 10.863 10.887 10.915 10.955 11.03 11.117 11.187 11.24 11.262 11.267 11.272 11.277 11.28 11.282 11.285 11.282 11.275 11.272 11.27 11.262 11.27 11.295 11.322 11.347 11.372 11.39 11.4 11.413 11.437 11.467 11.492 11.507 11.51 11.51 11.518 11.533 11.537 11.532 11.525 11.518 11.56 11.675 11.82
10.238 10.258 10.303 10.38 10.47 10.56 10.663 10.833 11.07 11.27 11.365 11.322 11.175 11.083 11.08 11.08 11.057 11.01 10.955 10.905 10.835 10.758 10.723 10.745 10.802 10.857 10.895 10.922 10.945 10.97 10.997 11.02 11.035 11.047 11.08 11.14 11.205 11.267 11.307 11.317 11.322 11.327 11.33 11.33 11.33 11.33 11.325 11.315 11.305 11.295 11.305 11.335 11.362 11.382 11.4 11.42 11.437 11.452 11.475 11.497 11.512 11.522 11.527 11.53 11.532 11.535 11.52 11.5 11.49 11.49 11.533 11.633 11.77
10.228 10.253 10.33 10.457 10.572 10.67 10.795 10.972 11.145 11.245 11.305 11.342 11.277 11.188 11.167 11.15 11.105 11.042 10.962 10.88 10.805 10.768 10.8 10.87 10.94 11.002 11.04 11.06 11.077 11.09 11.1 11.105 11.102 11.105 11.115 11.143 11.195 11.26 11.317 11.34 11.345 11.35 11.35 11.35 11.35 11.35 11.345 11.335 11.322 11.31 11.32 11.347 11.365 11.375 11.392 11.417 11.442 11.467 11.49 11.507 11.522 11.535 11.542 11.545 11.545 11.545 11.52 11.478 11.455 11.465 11.518 11.603 11.723
10.23 10.258 10.338 10.485 10.635 10.765 10.885 10.995 11.07 11.12 11.183 11.265 11.307 11.28 11.237 11.177 11.092 11 10.89 10.818 10.818 10.865 10.935 11.005 11.062 11.105 11.14 11.157 11.162 11.16 11.15 11.14 11.138 11.148 11.16 11.173 11.198 11.248 11.31 11.35 11.365 11.37 11.37 11.37 11.37 11.37 11.365 11.352 11.338 11.325 11.333 11.35 11.355 11.36 11.378 11.403 11.433 11.465 11.49 11.507 11.522 11.54 11.552 11.555 11.555 11.555 11.54 11.475 11.42 11.44 11.505 11.583 11.683
10.235 10.263 10.345 10.495 10.655 10.792 10.875 10.91 10.945 10.995 11.06 11.145 11.207 11.245 11.217 11.115 11 10.898 10.843 10.863 10.93 10.985 11.027 11.072 11.102 11.117 11.165 11.2 11.195 11.19 11.18 11.173 11.178 11.192 11.205 11.217 11.23 11.255 11.305 11.36 11.39 11.395 11.395 11.395 11.395 11.395 11.388 11.37 11.355 11.343 11.337 11.342 11.345 11.347 11.365 11.395 11.427 11.462 11.487 11.503 11.518 11.535 11.552 11.562 11.565 11.565 11.562 11.497 11.41 11.42 11.493 11.568 11.65
10.24 10.27 10.355 10.505 10.65 10.752 10.82 10.855 10.86 10.88 10.94 10.935 10.87 10.905 11.005 10.995 10.913 10.883 10.902 10.945 10.987 11.017 11.032 11.05 11.067 11.083 11.147 11.215 11.225 11.22 11.213 11.213 11.223 11.235 11.247 11.26 11.27 11.285 11.325 11.385 11.435 11.455 11.453 11.45 11.445 11.435 11.42 11.403 11.388 11.367 11.333 11.315 11.32 11.323 11.348 11.387 11.42 11.455 11.482 11.497 11.513 11.53 11.547 11.56 11.562 11.56 11.555 11.492 11.41 11.425 11.5 11.575 11.632
10.25 10.28 10.365 10.505 10.617 10.695 10.765 10.822 10.837 10.825 10.828 10.75 10.64 10.63 10.77 10.885 10.883 10.907 10.932 10.947 10.962 10.98 10.997 11.013 11.03 11.045 11.11 11.212 11.255 11.25 11.248 11.255 11.267 11.277 11.287 11.295 11.3 11.318 11.36 11.42 11.485 11.53 11.532 11.52 11.505 11.482 11.46 11.445 11.427 11.4 11.345 11.293 11.28 11.288 11.32 11.367 11.407 11.442 11.472 11.492 11.508 11.525 11.54 11.547 11.548 11.545 11.522 11.46 11.418 11.453 11.527 11.592 11.615
10.257 10.285 10.368 10.482 10.565 10.635 10.702 10.767 10.822 10.832 10.793 10.735 10.683 10.64 10.688 10.81 10.872 10.887 10.898 10.91 10.928 10.943 10.96 10.977 10.992 11.005 11.07 11.197 11.275 11.282 11.285 11.295 11.307 11.315 11.32 11.327 11.333 11.35 11.395 11.457 11.522 11.575 11.585 11.565 11.547 11.527 11.502 11.483 11.46 11.427 11.372 11.3 11.253 11.25 11.288 11.342 11.392 11.43 11.458 11.482 11.502 11.52 11.532 11.535 11.535 11.535 11.5 11.455 11.445 11.48 11.552 11.59 11.577
10.26 10.288 10.353 10.435 10.505 10.573 10.638 10.705 10.775 10.827 10.822 10.777 10.73 10.685 10.67 10.745 10.842 10.872 10.878 10.885 10.898 10.91 10.923 10.94 10.955 10.965 11.03 11.165 11.277 11.317 11.325 11.332 11.34 11.345 11.35 11.36 11.365 11.383 11.43 11.49 11.55 11.6 11.61 11.59 11.575 11.56 11.532 11.522 11.5 11.453 11.4 11.325 11.253 11.223 11.255 11.313 11.368 11.415 11.445 11.468 11.492 11.515 11.525 11.523 11.52 11.517 11.498 11.478 11.475 11.51 11.562 11.565 11.535
10.238 10.283 10.333 10.388 10.455 10.523 10.59 10.658 10.725 10.79 10.807 10.775 10.73 10.713 10.725 10.74 10.798 10.857 10.872 10.878 10.883 10.89 10.898 10.908 10.92 10.928 10.985 11.107 11.23 11.305 11.33 11.337 11.345 11.352 11.36 11.37 11.38 11.408 11.457 11.512 11.567 11.617 11.63 11.61 11.595 11.575 11.54 11.545 11.56 11.527 11.47 11.4 11.328 11.268 11.265 11.31 11.363 11.41 11.438 11.458 11.483 11.505 11.515 11.513 11.51 11.508 11.507 11.507 11.505 11.527 11.545 11.525 11.498
10.21 10.272 10.32 10.36 10.42 10.488 10.555 10.622 10.682 10.735 10.753 10.735 10.758 10.853 10.915 10.868 10.82 10.843 10.867 10.872 10.878 10.883 10.888 10.895 10.905 10.913 10.945 11.028 11.135 11.23 11.287 11.31 11.32 11.33 11.34 11.355 11.383 11.413 11.462 11.53 11.585 11.635 11.65 11.63 11.61 11.575 11.538 11.55 11.6 11.622 11.595 11.535 11.465 11.39 11.338 11.348 11.392 11.427 11.443 11.455 11.475 11.497 11.51 11.507 11.505 11.505 11.51 11.52 11.527 11.532 11.528 11.508 11.488
10.205 10.27 10.315 10.348 10.393 10.453 10.517 10.58 10.63 10.673 10.745 10.84 10.975 11.127 11.147 11.055 10.96 10.903 10.878 10.868 10.875 10.883 10.89 10.9 10.91 10.923 10.94 10.978 11.048 11.135 11.215 11.267 11.29 11.3 11.315 11.353 11.392 11.4 11.445 11.535 11.602 11.655 11.67 11.647 11.615 11.565 11.533 11.555 11.605 11.652 11.672 11.637 11.572 11.507 11.442 11.408 11.42 11.445 11.457 11.465 11.475 11.493 11.505 11.503 11.5 11.498 11.503 11.52 11.537 11.542 11.533 11.518 11.503
10.28 10.29 10.315 10.345 10.378 10.417 10.462 10.502 10.535 10.6 10.78 11.057 11.3 11.395 11.345 11.245 11.142 11.035 10.945 10.905 10.893 10.89 10.9 10.91 10.923 10.94 10.96 10.98 11.01 11.063 11.128 11.195 11.245 11.275 11.318 11.38 11.405 11.383 11.418 11.515 11.607 11.675 11.69 11.657 11.607 11.55 11.525 11.555 11.602 11.645 11.675 11.67 11.625 11.57 11.515 11.465 11.453 11.465 11.475 11.482 11.487 11.495 11.5 11.5 11.498 11.495 11.505 11.525 11.545 11.555 11.547 11.532 11.517
10.41 10.333 10.313 10.34 10.357 10.347 10.347 10.375 10.435 10.56 10.795 11.152 11.442 11.49 11.402 11.305 11.202 11.097 11.027 10.992 10.958 10.935 10.925 10.925 10.94 10.96 10.98 10.997 11.018 11.053 11.1 11.158 11.218 11.28 11.355 11.41 11.407 11.373 11.395 11.488 11.592 11.68 11.697 11.65 11.59 11.533 11.518 11.553 11.595 11.635 11.662 11.672 11.652 11.602 11.545 11.508 11.502 11.492 11.485 11.492 11.497 11.502 11.503 11.5 11.498 11.498 11.51 11.53 11.55 11.562 11.56 11.545 11.53
10.47 10.36 10.31 10.315 10.287 10.22 10.2 10.27 10.4 10.558 10.793 11.117 11.31 11.29 11.2 11.108 11.058 11.058 11.055 11.04 11.015 10.982 10.953 10.943 10.955 10.975 10.995 11.013 11.038 11.08 11.13 11.18 11.243 11.322 11.397 11.425 11.402 11.368 11.378 11.46 11.557 11.617 11.612 11.565 11.515 11.485 11.503 11.545 11.585 11.622 11.647 11.662 11.667 11.635 11.58 11.555 11.542 11.505 11.485 11.495 11.502 11.507 11.507 11.505 11.503 11.503 11.515 11.535 11.552 11.565 11.565 11.553 11.54
