EGM722_Project_Data/DTM_asc/TL4555.asc
ncols         200
nrows         200
xllcorner     545000.000
yllcorner     255000.000
cellsize      5
NODATA_value  -9999.0
[rows 32 to 63 of 200, columns 0 to 72 of 200]
16.105 15.75 15.42 15.135 14.993 14.983 14.992 15.02 15.047 15.072 15.097 15.122 15.15 15.177 15.202 15.227 15.252 15.275 15.267 15.228 15.213 15.225 15.23 15.212 15.165 15.105 15.06 15.03 15 14.975 14.93 14.86 14.79 14.715 14.615 14.495 14.375 14.26 14.157 14.057 13.945 13.823 13.723 13.658 13.608 13.56 13.49 13.398 13.313 13.24 13.183 13.148 13.13 13.117 13.085 13.035 12.99 12.957 12.852 12.633 12.38 12.235 12.25 12.32 12.39 12.447 12.487 12.52 12.553 12.59 12.635 12.667 12.682
16.147 15.792 15.433 15.095 14.928 14.93 14.96 14.99 15.022 15.052 15.08 15.11 15.14 15.17 15.2 15.23 15.257 15.287 15.312 15.325 15.34 15.357 15.355 15.315 15.255 15.198 15.153 15.12 15.092 15.065 15.015 14.945 14.875 14.807 14.72 14.605 14.485 14.365 14.25 14.135 14.015 13.895 13.798 13.735 13.69 13.645 13.575 13.482 13.392 13.313 13.263 13.245 13.235 13.217 13.177 13.125 13.072 13.025 12.91 12.7 12.48 12.353 12.373 12.45 12.517 12.567 12.602 12.635 12.667 12.7 12.732 12.752 12.757
16.19 15.83 15.463 15.12 14.89 14.825 14.855 14.89 14.925 14.96 14.99 15.025 15.06 15.09 15.125 15.16 15.19 15.235 15.322 15.397 15.425 15.445 15.442 15.402 15.345 15.288 15.243 15.21 15.182 15.14 15.075 15.005 14.935 14.87 14.79 14.68 14.557 14.43 14.305 14.185 14.065 13.948 13.85 13.782 13.735 13.69 13.62 13.53 13.442 13.365 13.322 13.31 13.297 13.267 13.217 13.162 13.107 13.057 12.982 12.832 12.63 12.48 12.483 12.572 12.64 12.677 12.702 12.725 12.745 12.765 12.777 12.775 12.77
16.225 15.848 15.485 15.165 14.885 14.74 14.745 14.78 14.815 14.85 14.88 14.915 14.95 14.98 15.015 15.05 15.088 15.178 15.317 15.422 15.472 15.5 15.502 15.475 15.43 15.375 15.33 15.3 15.257 15.192 15.118 15.045 14.978 14.912 14.83 14.72 14.592 14.458 14.33 14.21 14.095 13.985 13.888 13.808 13.748 13.7 13.63 13.54 13.46 13.395 13.355 13.34 13.315 13.265 13.21 13.155 13.103 13.06 13.015 12.932 12.775 12.608 12.585 12.672 12.717 12.727 12.74 12.75 12.762 12.775 12.775 12.755 12.735
16.242 15.86 15.518 15.215 14.915 14.7 14.645 14.67 14.703 14.737 14.77 14.805 14.84 14.87 14.905 14.945 15.008 15.163 15.335 15.432 15.502 15.55 15.555 15.53 15.5 15.46 15.417 15.375 15.31 15.235 15.16 15.088 15.022 14.957 14.872 14.755 14.62 14.48 14.35 14.235 14.13 14.028 13.933 13.848 13.77 13.71 13.64 13.558 13.49 13.428 13.385 13.36 13.315 13.258 13.203 13.15 13.105 13.065 13.02 12.97 12.882 12.73 12.688 12.745 12.74 12.728 12.735 12.745 12.76 12.775 12.772 12.745 12.71
16.245 15.883 15.565 15.265 14.965 14.693 14.563 14.565 14.59 14.625 14.66 14.695 14.73 14.76 14.8 14.855 14.965 15.175 15.355 15.44 15.512 15.58 15.6 15.575 15.55 15.522 15.482 15.425 15.35 15.275 15.2 15.128 15.062 15 14.912 14.785 14.645 14.505 14.38 14.272 14.17 14.07 13.977 13.892 13.808 13.73 13.658 13.588 13.525 13.462 13.41 13.365 13.31 13.253 13.2 13.155 13.113 13.07 13.025 12.975 12.925 12.83 12.783 12.787 12.755 12.735 12.735 12.748 12.763 12.777 12.772 12.74 12.7
16.255 15.92 15.615 15.315 15.015 14.715 14.52 14.47 14.48 14.515 14.55 14.585 14.62 14.655 14.708 14.79 14.958 15.207 15.377 15.448 15.518 15.6 15.627 15.595 15.57 15.545 15.512 15.462 15.39 15.315 15.24 15.163 15.095 15.035 14.94 14.805 14.665 14.525 14.405 14.302 14.197 14.095 14.007 13.927 13.842 13.758 13.683 13.617 13.552 13.487 13.425 13.37 13.315 13.255 13.205 13.165 13.122 13.078 13.033 12.985 12.937 12.882 12.84 12.812 12.778 12.748 12.74 12.755 12.77 12.785 12.787 12.76 12.72
16.283 15.97 15.665 15.365 15.065 14.765 14.513 14.393 14.38 14.405 14.44 14.475 14.513 14.563 14.63 14.755 14.978 15.237 15.395 15.455 15.528 15.62 15.645 15.6 15.568 15.542 15.517 15.485 15.427 15.355 15.28 15.2 15.128 15.062 14.96 14.818 14.675 14.535 14.415 14.315 14.21 14.103 14.015 13.945 13.865 13.78 13.705 13.64 13.572 13.5 13.435 13.38 13.325 13.268 13.22 13.177 13.135 13.09 13.045 13.002 12.955 12.905 12.865 12.832 12.797 12.763 12.75 12.765 12.782 12.798 12.81 12.795 12.76
16.325 16.02 15.715 15.415 15.115 14.815 14.523 14.345 14.298 14.3 14.33 14.368 14.418 14.485 14.578 14.755 15.012 15.26 15.405 15.47 15.55 15.642 15.665 15.615 15.57 15.54 15.515 15.49 15.455 15.395 15.32 15.24 15.163 15.09 14.982 14.835 14.688 14.548 14.428 14.322 14.215 14.105 14.018 13.952 13.88 13.8 13.725 13.657 13.585 13.508 13.443 13.39 13.337 13.283 13.235 13.19 13.145 13.1 13.055 13.015 12.97 12.923 12.882 12.847 12.815 12.78 12.763 12.775 12.795 12.812 12.83 12.825 12.805
16.375 16.07 15.765 15.465 15.165 14.865 14.56 14.325 14.228 14.208 14.223 14.273 14.34 14.415 14.553 14.782 15.025 15.247 15.4 15.485 15.577 15.667 15.687 15.64 15.59 15.548 15.515 15.488 15.463 15.425 15.36 15.28 15.2 15.12 15.005 14.855 14.705 14.563 14.44 14.33 14.22 14.11 14.023 13.958 13.89 13.82 13.748 13.673 13.595 13.515 13.45 13.4 13.35 13.298 13.25 13.205 13.158 13.11 13.068 13.03 12.99 12.942 12.893 12.858 12.83 12.798 12.78 12.788 12.805 12.825 12.845 12.852 12.852
16.433 16.128 15.823 15.518 15.215 14.915 14.61 14.325 14.17 14.15 14.18 14.23 14.28 14.363 14.525 14.74 14.96 15.19 15.36 15.46 15.56 15.665 15.71 15.675 15.625 15.578 15.54 15.51 15.483 15.45 15.385 15.3 15.217 15.127 15.007 14.86 14.715 14.583 14.465 14.355 14.245 14.133 14.043 13.978 13.913 13.848 13.775 13.695 13.615 13.54 13.47 13.41 13.36 13.31 13.267 13.23 13.185 13.135 13.095 13.06 13.015 12.955 12.898 12.86 12.832 12.807 12.795 12.803 12.818 12.835 12.855 12.87 12.88
16.505 16.198 15.89 15.58 15.275 14.973 14.665 14.358 14.168 14.18 14.263 14.305 14.36 14.413 14.463 14.618 14.86 15.117 15.295 15.395 15.503 15.63 15.715 15.71 15.667 15.625 15.59 15.557 15.525 15.482 15.402 15.303 15.213 15.117 14.992 14.853 14.725 14.61 14.5 14.39 14.277 14.163 14.075 14.012 13.95 13.885 13.81 13.73 13.655 13.587 13.51 13.43 13.37 13.32 13.28 13.252 13.217 13.172 13.132 13.09 13.03 12.96 12.903 12.86 12.828 12.805 12.8 12.815 12.832 12.85 12.867 12.88 12.89
16.58 16.27 15.963 15.663 15.373 15.083 14.79 14.498 14.27 14.283 14.407 14.498 14.655 14.682 14.555 14.575 14.783 15.045 15.225 15.33 15.453 15.592 15.707 15.735 15.702 15.667 15.635 15.602 15.567 15.515 15.425 15.315 15.215 15.112 14.988 14.863 14.75 14.64 14.53 14.42 14.305 14.19 14.105 14.045 13.985 13.92 13.847 13.773 13.705 13.64 13.56 13.47 13.39 13.33 13.29 13.265 13.237 13.202 13.16 13.105 13.04 12.97 12.91 12.865 12.828 12.8 12.803 12.825 12.845 12.865 12.88 12.89 12.9
16.703 16.408 16.118 15.835 15.56 15.285 15.008 14.732 14.44 14.388 14.572 14.78 15.04 15.082 14.883 14.75 14.783 14.973 15.157 15.275 15.41 15.54 15.665 15.735 15.725 15.695 15.665 15.637 15.6 15.532 15.437 15.33 15.222 15.115 15.003 14.89 14.782 14.675 14.562 14.45 14.335 14.22 14.135 14.075 14.015 13.953 13.888 13.822 13.757 13.692 13.612 13.52 13.43 13.35 13.3 13.275 13.25 13.22 13.175 13.112 13.045 12.978 12.92 12.873 12.83 12.803 12.81 12.835 12.855 12.872 12.887 12.9 12.91
16.912 16.635 16.36 16.085 15.808 15.532 15.255 14.98 14.653 14.505 14.688 14.97 15.232 15.327 15.235 15.1 14.99 14.988 15.09 15.21 15.327 15.432 15.562 15.705 15.747 15.717 15.687 15.647 15.592 15.52 15.427 15.32 15.215 15.12 15.02 14.912 14.807 14.7 14.592 14.493 14.388 14.275 14.18 14.11 14.05 13.99 13.93 13.87 13.805 13.73 13.64 13.545 13.455 13.373 13.313 13.28 13.255 13.225 13.18 13.115 13.047 12.983 12.927 12.88 12.83 12.8 12.807 12.832 12.85 12.862 12.88 12.895 12.907
17.105 16.885 16.607 16.332 16.055 15.78 15.505 15.227 14.895 14.648 14.733 15.007 15.217 15.335 15.37 15.322 15.22 15.098 15.058 15.11 15.193 15.288 15.433 15.64 15.752 15.732 15.682 15.622 15.555 15.485 15.4 15.295 15.2 15.122 15.032 14.927 14.82 14.713 14.615 14.54 14.46 14.355 14.25 14.16 14.09 14.03 13.97 13.907 13.832 13.737 13.638 13.545 13.458 13.39 13.335 13.288 13.255 13.225 13.18 13.115 13.048 12.983 12.928 12.88 12.828 12.79 12.79 12.81 12.822 12.832 12.85 12.865 12.888
17.14 17.04 16.837 16.58 16.305 16.03 15.755 15.475 15.137 14.79 14.778 15.015 15.157 15.23 15.277 15.297 15.277 15.192 15.1 15.068 15.08 15.143 15.303 15.547 15.712 15.712 15.645 15.578 15.51 15.442 15.367 15.275 15.193 15.13 15.047 14.94 14.833 14.733 14.638 14.57 14.517 14.432 14.33 14.23 14.143 14.075 14.01 13.932 13.84 13.735 13.635 13.545 13.468 13.415 13.365 13.308 13.26 13.225 13.18 13.115 13.045 12.98 12.925 12.873 12.82 12.778 12.768 12.78 12.788 12.795 12.81 12.838 12.88
17.065 17.027 16.95 16.792 16.555 16.278 16.002 15.725 15.38 14.965 14.838 14.97 15.048 15.1 15.145 15.18 15.213 15.218 15.18 15.133 15.088 15.078 15.218 15.485 15.662 15.667 15.6 15.532 15.465 15.397 15.327 15.255 15.192 15.14 15.06 14.953 14.853 14.757 14.66 14.588 14.547 14.492 14.405 14.302 14.202 14.117 14.035 13.94 13.838 13.733 13.635 13.553 13.49 13.445 13.395 13.335 13.28 13.235 13.185 13.117 13.045 12.98 12.922 12.868 12.815 12.765 12.743 12.75 12.755 12.763 12.788 12.835 12.89
17.033 16.973 16.923 16.86 16.742 16.525 16.25 15.975 15.622 15.203 14.98 14.995 15.05 15.103 15.135 15.168 15.223 15.288 15.302 15.26 15.213 15.155 15.223 15.46 15.627 15.62 15.55 15.485 15.42 15.347 15.275 15.217 15.175 15.135 15.067 14.972 14.877 14.78 14.682 14.607 14.555 14.49 14.4 14.297 14.2 14.127 14.047 13.945 13.84 13.732 13.64 13.572 13.52 13.475 13.425 13.36 13.292 13.227 13.175 13.117 13.045 12.978 12.918 12.865 12.81 12.733 12.71 12.74 12.745 12.743 12.745 12.78 12.835
17.06 16.98 16.905 16.84 16.782 16.675 16.477 16.222 15.87 15.525 15.333 15.263 15.28 15.333 15.34 15.33 15.378 15.452 15.465 15.417 15.36 15.29 15.285 15.445 15.59 15.57 15.5 15.432 15.362 15.287 15.213 15.158 15.122 15.072 14.987 14.887 14.802 14.725 14.65 14.59 14.522 14.425 14.32 14.228 14.16 14.127 14.065 13.957 13.847 13.717 13.597 13.517 13.462 13.417 13.377 13.322 13.245 13.173 13.13 13.097 13.042 12.975 12.915 12.86 12.78 12.663 12.635 12.715 12.755 12.737 12.695 12.675 12.708
17.095 17.015 16.935 16.855 16.775 16.705 16.605 16.432 16.18 15.965 15.832 15.708 15.643 15.658 15.65 15.595 15.578 15.617 15.622 15.565 15.497 15.425 15.373 15.458 15.557 15.517 15.445 15.372 15.297 15.222 15.148 15.09 15.035 14.95 14.84 14.713 14.608 14.543 14.497 14.467 14.427 14.345 14.248 14.183 14.153 14.14 14.082 13.957 13.81 13.647 13.503 13.4 13.32 13.263 13.232 13.202 13.148 13.097 13.07 13.05 13.02 12.97 12.907 12.825 12.71 12.575 12.528 12.627 12.735 12.745 12.687 12.623 12.6
17.1 17.02 16.94 16.86 16.777 16.695 16.615 16.542 16.465 16.385 16.297 16.187 16.08 16.015 15.97 15.905 15.837 15.802 15.767 15.7 15.63 15.56 15.49 15.475 15.475 15.42 15.35 15.28 15.212 15.145 15.075 15 14.91 14.81 14.705 14.57 14.433 14.358 14.33 14.313 14.298 14.255 14.198 14.168 14.152 14.145 14.077 13.917 13.735 13.555 13.41 13.308 13.21 13.125 13.083 13.073 13.047 12.99 12.947 12.932 12.917 12.892 12.83 12.725 12.605 12.48 12.423 12.51 12.66 12.725 12.682 12.612 12.553
17.07 16.99 16.91 16.83 16.745 16.663 16.608 16.595 16.595 16.565 16.5 16.417 16.322 16.222 16.137 16.06 15.995 15.945 15.885 15.812 15.74 15.67 15.6 15.483 15.355 15.275 15.208 15.145 15.082 15.02 14.99 14.937 14.833 14.725 14.615 14.495 14.373 14.303 14.283 14.265 14.245 14.205 14.163 14.142 14.13 14.14 14.07 13.893 13.708 13.523 13.37 13.258 13.155 13.058 13.008 12.998 12.962 12.878 12.788 12.728 12.695 12.68 12.615 12.505 12.415 12.35 12.323 12.398 12.55 12.65 12.635 12.567 12.502
17.033 16.95 16.87 16.788 16.708 16.655 16.648 16.655 16.635 16.565 16.478 16.4 16.317 16.23 16.143 16.08 16.058 16.037 15.985 15.91 15.833 15.76 15.68 15.512 15.295 15.153 15.063 14.99 14.928 14.88 14.905 14.91 14.82 14.705 14.595 14.49 14.393 14.333 14.308 14.29 14.265 14.197 14.128 14.1 14.11 14.145 14.075 13.9 13.72 13.54 13.385 13.258 13.138 13.033 12.98 12.947 12.885 12.797 12.685 12.57 12.483 12.42 12.36 12.3 12.263 12.255 12.263 12.31 12.43 12.547 12.552 12.485 12.43
17.015 16.915 16.83 16.753 16.703 16.698 16.712 16.7 16.637 16.542 16.453 16.378 16.3 16.223 16.17 16.155 16.16 16.142 16.085 16.01 15.93 15.855 15.747 15.552 15.305 15.093 14.938 14.838 14.775 14.768 14.832 14.87 14.81 14.698 14.598 14.5 14.415 14.365 14.333 14.312 14.27 14.175 14.093 14.08 14.133 14.17 14.077 13.9 13.725 13.552 13.4 13.267 13.135 13.02 12.94 12.873 12.803 12.72 12.61 12.498 12.395 12.3 12.245 12.233 12.228 12.228 12.24 12.265 12.338 12.447 12.467 12.408 12.38
17.017 16.9 16.803 16.75 16.747 16.762 16.762 16.712 16.62 16.518 16.428 16.363 16.305 16.253 16.238 16.252 16.267 16.247 16.18 16.097 16.012 15.932 15.805 15.592 15.345 15.098 14.875 14.713 14.645 14.683 14.765 14.832 14.802 14.695 14.605 14.513 14.438 14.395 14.36 14.33 14.26 14.148 14.075 14.098 14.177 14.195 14.08 13.902 13.695 13.513 13.382 13.247 13.12 13.025 12.945 12.855 12.768 12.673 12.57 12.475 12.39 12.313 12.253 12.22 12.205 12.205 12.22 12.245 12.283 12.36 12.385 12.348 12.35
17.005 16.895 16.81 16.773 16.78 16.795 16.775 16.7 16.6 16.503 16.435 16.395 16.358 16.323 16.31 16.327 16.345 16.317 16.24 16.147 16.06 15.987 15.857 15.637 15.39 15.14 14.893 14.69 14.623 14.665 14.725 14.79 14.785 14.7 14.613 14.528 14.465 14.425 14.387 14.337 14.25 14.145 14.095 14.138 14.222 14.217 14.067 13.817 13.583 13.45 13.337 13.208 13.108 13.053 13 12.915 12.81 12.683 12.575 12.497 12.415 12.338 12.278 12.233 12.198 12.188 12.2 12.225 12.25 12.293 12.318 12.32 12.343
16.99 16.91 16.85 16.803 16.785 16.797 16.767 16.68 16.588 16.51 16.473 16.46 16.432 16.395 16.378 16.392 16.392 16.345 16.265 16.178 16.103 16.045 15.912 15.682 15.437 15.187 14.933 14.785 14.765 14.785 14.825 14.85 14.82 14.743 14.655 14.57 14.493 14.423 14.372 14.325 14.257 14.173 14.14 14.193 14.27 14.2 13.912 13.62 13.485 13.412 13.295 13.19 13.133 13.097 13.057 12.982 12.867 12.707 12.583 12.517 12.44 12.363 12.303 12.258 12.22 12.213 12.235 12.268 12.295 12.32 12.335 12.345 12.37
17.015 16.955 16.897 16.843 16.803 16.8 16.76 16.67 16.598 16.535 16.503 16.5 16.49 16.465 16.445 16.445 16.425 16.367 16.293 16.22 16.16 16.105 15.967 15.73 15.48 15.225 15.005 14.948 14.98 15 15.022 14.992 14.912 14.823 14.735 14.642 14.54 14.435 14.348 14.29 14.247 14.195 14.198 14.265 14.265 14.015 13.658 13.495 13.455 13.375 13.273 13.213 13.177 13.143 13.11 13.045 12.892 12.7 12.585 12.53 12.46 12.385 12.328 12.29 12.27 12.278 12.312 12.355 12.392 12.427 12.435 12.423 12.425
17.065 17.005 16.945 16.89 16.838 16.805 16.755 16.68 16.62 16.56 16.528 16.525 16.522 16.515 16.502 16.48 16.44 16.387 16.327 16.272 16.22 16.165 16.02 15.772 15.515 15.255 15.115 15.143 15.187 15.2 15.175 15.095 14.998 14.905 14.815 14.717 14.61 14.485 14.35 14.265 14.225 14.22 14.28 14.325 14.18 13.833 13.565 13.475 13.425 13.355 13.293 13.257 13.223 13.188 13.155 13.102 12.897 12.67 12.585 12.535 12.477 12.41 12.358 12.338 12.335 12.345 12.378 12.422 12.467 12.502 12.51 12.5 12.492
17.12 17.06 17.003 16.948 16.89 16.822 16.76 16.705 16.645 16.585 16.553 16.55 16.547 16.542 16.53 16.49 16.435 16.385 16.335 16.29 16.242 16.182 16.03 15.79 15.54 15.323 15.268 15.337 15.38 15.355 15.277 15.18 15.08 14.985 14.892 14.785 14.657 14.505 14.345 14.25 14.23 14.275 14.35 14.325 14.125 13.845 13.613 13.483 13.415 13.365 13.335 13.302 13.27 13.235 13.2 13.155 12.917 12.668 12.598 12.543 12.49 12.438 12.403 12.4 12.405 12.413 12.443 12.487 12.527 12.545 12.545 12.545 12.542
17.182 17.125 17.067 17.01 16.937 16.827 16.75 16.72 16.67 16.61 16.575 16.57 16.57 16.565 16.54 16.487 16.425 16.37 16.32 16.272 16.222 16.145 15.98 15.755 15.558 15.448 15.46 15.515 15.517 15.45 15.352 15.255 15.157 15.062 14.957 14.825 14.667 14.503 14.338 14.245 14.26 14.302 14.302 14.227 14.095 13.905 13.668 13.508 13.428 13.373 13.35 13.33 13.31 13.282 13.247 13.147 12.92 12.73 12.655 12.595 12.54 12.498 12.473 12.468 12.473 12.48 12.508 12.552 12.58 12.58 12.573 12.57 12.568
