EGM722_Project_Data/DTM_asc/TL4554.asc
ncols         200
nrows         200
xllcorner     545000.000
yllcorner     254000.000
cellsize      5
NODATA_value  -9999.0
[rows 128 to 159 of 200, columns 0 to 72 of 200]
16.87 16.83 16.745 16.635 16.492 16.288 16.168 16.185 16.21 16.227 16.237 16.202 16.122 16.04 15.983 15.942 15.9 15.858 15.82 15.795 15.768 15.75 15.75 15.752 15.755 15.757 15.75 15.717 15.597 15.38 15.22 15.143 15.093 15.045 14.968 14.918 14.902 14.885 14.865 14.822 14.717 14.613 14.575 14.565 14.55 14.553 14.61 14.677 14.71 14.735 14.76 14.78 14.782 14.77 14.727 14.63 14.52 14.428 14.365 14.323 14.278 14.24 14.255 14.315 14.38 14.445 14.527 14.612 14.635 14.615 14.57 14.508 14.455
16.755 16.68 16.595 16.498 16.402 16.27 16.175 16.175 16.19 16.2 16.195 16.142 16.06 15.985 15.938 15.905 15.865 15.823 15.788 15.768 15.755 15.75 15.75 15.75 15.75 15.752 15.747 15.73 15.687 15.562 15.4 15.26 15.148 15.05 14.975 14.945 14.928 14.912 14.895 14.847 14.728 14.63 14.61 14.597 14.58 14.57 14.595 14.63 14.653 14.678 14.703 14.727 14.742 14.74 14.692 14.59 14.475 14.368 14.298 14.265 14.238 14.22 14.243 14.305 14.377 14.45 14.515 14.545 14.535 14.515 14.478 14.433 14.395
16.663 16.595 16.51 16.415 16.32 16.223 16.163 16.153 16.16 16.17 16.147 16.082 16.005 15.93 15.883 15.857 15.827 15.788 15.755 15.745 15.748 15.75 15.75 15.75 15.75 15.75 15.742 15.725 15.705 15.64 15.505 15.345 15.192 15.065 14.995 14.973 14.955 14.938 14.92 14.857 14.72 14.62 14.597 14.582 14.567 14.563 14.573 14.59 14.613 14.633 14.653 14.673 14.693 14.705 14.657 14.55 14.435 14.325 14.263 14.25 14.238 14.225 14.233 14.275 14.345 14.425 14.48 14.488 14.473 14.458 14.428 14.388 14.35
16.645 16.585 16.5 16.4 16.303 16.21 16.15 16.133 16.133 16.14 16.107 16.03 15.95 15.875 15.828 15.802 15.777 15.75 15.733 15.735 15.745 15.75 15.75 15.75 15.75 15.75 15.74 15.72 15.677 15.592 15.45 15.278 15.148 15.075 15.03 15 14.98 14.962 14.932 14.845 14.698 14.585 14.545 14.533 14.533 14.543 14.557 14.573 14.59 14.605 14.62 14.638 14.655 14.675 14.627 14.51 14.395 14.3 14.26 14.255 14.243 14.23 14.235 14.26 14.308 14.38 14.437 14.455 14.447 14.435 14.405 14.355 14.313
16.65 16.585 16.497 16.393 16.293 16.198 16.14 16.125 16.115 16.112 16.072 15.983 15.895 15.818 15.77 15.748 15.725 15.713 15.718 15.732 15.745 15.75 15.75 15.75 15.75 15.75 15.737 15.692 15.605 15.495 15.36 15.23 15.16 15.115 15.07 15.033 15.005 14.987 14.93 14.81 14.67 14.553 14.5 14.498 14.51 14.525 14.54 14.555 14.57 14.587 14.603 14.62 14.64 14.66 14.602 14.473 14.355 14.278 14.258 14.257 14.25 14.24 14.243 14.26 14.288 14.34 14.39 14.412 14.42 14.412 14.382 14.33 14.28
16.668 16.587 16.495 16.39 16.287 16.188 16.135 16.12 16.1 16.08 16.027 15.937 15.847 15.765 15.713 15.695 15.685 15.685 15.7 15.72 15.737 15.747 15.75 15.75 15.75 15.747 15.71 15.622 15.515 15.4 15.292 15.235 15.202 15.155 15.11 15.067 15.032 14.997 14.91 14.775 14.635 14.515 14.47 14.48 14.493 14.508 14.523 14.538 14.553 14.57 14.588 14.608 14.635 14.65 14.58 14.445 14.323 14.258 14.255 14.26 14.255 14.245 14.245 14.26 14.28 14.31 14.343 14.365 14.38 14.382 14.36 14.31 14.253
16.688 16.595 16.483 16.368 16.26 16.158 16.1 16.077 16.05 16.012 15.952 15.872 15.79 15.71 15.663 15.655 15.658 15.665 15.68 15.7 15.72 15.735 15.74 15.74 15.737 15.732 15.675 15.568 15.452 15.315 15.18 15.12 15.112 15.095 15.08 15.067 15.052 14.99 14.865 14.72 14.583 14.485 14.46 14.475 14.485 14.5 14.515 14.528 14.543 14.563 14.585 14.613 14.645 14.647 14.565 14.43 14.323 14.268 14.255 14.258 14.257 14.25 14.25 14.265 14.285 14.308 14.323 14.328 14.335 14.345 14.327 14.275 14.223
16.72 16.635 16.503 16.353 16.215 16.098 16.03 16 15.962 15.915 15.855 15.782 15.707 15.63 15.608 15.627 15.635 15.645 15.66 15.68 15.7 15.715 15.717 15.715 15.712 15.707 15.652 15.535 15.392 15.227 15.048 14.905 14.865 14.882 14.9 14.92 14.95 14.917 14.79 14.648 14.54 14.475 14.458 14.472 14.485 14.5 14.515 14.528 14.553 14.588 14.61 14.633 14.665 14.65 14.553 14.443 14.375 14.325 14.288 14.268 14.26 14.258 14.258 14.27 14.293 14.325 14.34 14.325 14.31 14.308 14.285 14.238 14.198
16.78 16.71 16.577 16.4 16.228 16.068 15.963 15.913 15.868 15.818 15.755 15.683 15.607 15.53 15.523 15.577 15.61 15.625 15.64 15.66 15.677 15.692 15.695 15.69 15.69 15.685 15.617 15.472 15.305 15.133 14.953 14.765 14.638 14.615 14.643 14.683 14.743 14.777 14.707 14.6 14.533 14.48 14.458 14.47 14.485 14.5 14.523 14.553 14.595 14.637 14.655 14.663 14.685 14.652 14.563 14.5 14.455 14.405 14.36 14.318 14.283 14.265 14.26 14.275 14.308 14.35 14.37 14.35 14.318 14.29 14.258 14.218 14.18
16.782 16.737 16.622 16.44 16.247 16.05 15.913 15.845 15.79 15.743 15.678 15.59 15.505 15.425 15.418 15.488 15.552 15.595 15.618 15.635 15.653 15.668 15.673 15.675 15.685 15.68 15.585 15.41 15.235 15.063 14.883 14.69 14.503 14.408 14.435 14.508 14.585 14.655 14.65 14.588 14.535 14.485 14.46 14.47 14.488 14.513 14.555 14.605 14.655 14.69 14.702 14.705 14.712 14.68 14.62 14.58 14.535 14.487 14.442 14.395 14.345 14.3 14.273 14.288 14.332 14.377 14.395 14.372 14.335 14.293 14.25 14.21 14.168
16.68 16.655 16.575 16.415 16.217 16.015 15.88 15.81 15.75 15.713 15.682 15.615 15.518 15.425 15.395 15.443 15.513 15.58 15.623 15.645 15.663 15.678 15.69 15.705 15.71 15.687 15.577 15.395 15.218 15.043 14.865 14.678 14.48 14.35 14.363 14.448 14.528 14.592 14.612 14.582 14.537 14.49 14.463 14.475 14.513 14.558 14.608 14.662 14.715 14.742 14.748 14.752 14.752 14.727 14.685 14.645 14.597 14.545 14.497 14.45 14.397 14.342 14.303 14.308 14.348 14.392 14.41 14.385 14.342 14.298 14.255 14.213 14.17
16.543 16.515 16.457 16.347 16.182 15.985 15.848 15.78 15.735 15.708 15.71 15.707 15.642 15.548 15.495 15.503 15.54 15.6 15.657 15.695 15.717 15.735 15.755 15.76 15.732 15.69 15.605 15.427 15.225 15.05 14.877 14.702 14.518 14.378 14.378 14.455 14.515 14.56 14.58 14.562 14.527 14.488 14.47 14.503 14.565 14.622 14.668 14.72 14.772 14.795 14.795 14.797 14.797 14.775 14.732 14.682 14.622 14.56 14.515 14.475 14.422 14.37 14.34 14.34 14.36 14.4 14.425 14.4 14.35 14.305 14.262 14.22 14.198
16.428 16.38 16.322 16.235 16.12 15.95 15.815 15.76 15.73 15.705 15.703 15.73 15.73 15.68 15.64 15.63 15.63 15.653 15.695 15.74 15.775 15.8 15.805 15.777 15.732 15.69 15.637 15.467 15.238 15.06 14.89 14.72 14.545 14.4 14.38 14.437 14.48 14.52 14.55 14.54 14.51 14.503 14.525 14.573 14.63 14.685 14.732 14.78 14.822 14.842 14.845 14.845 14.842 14.815 14.76 14.695 14.625 14.56 14.515 14.485 14.445 14.4 14.383 14.385 14.39 14.415 14.445 14.422 14.363 14.313 14.27 14.248 14.255
16.35 16.268 16.19 16.098 16.008 15.89 15.793 15.755 15.728 15.703 15.698 15.72 15.75 15.762 15.755 15.745 15.732 15.712 15.7 15.722 15.767 15.795 15.78 15.742 15.71 15.682 15.645 15.507 15.277 15.073 14.9 14.73 14.56 14.413 14.373 14.413 14.448 14.483 14.518 14.535 14.543 14.572 14.617 14.66 14.7 14.743 14.79 14.837 14.87 14.882 14.885 14.885 14.88 14.84 14.77 14.7 14.63 14.563 14.503 14.473 14.455 14.433 14.427 14.432 14.435 14.443 14.465 14.447 14.383 14.328 14.303 14.31 14.328
16.275 16.185 16.113 16.033 15.94 15.85 15.79 15.76 15.733 15.705 15.693 15.71 15.74 15.777 15.81 15.815 15.8 15.755 15.678 15.648 15.685 15.71 15.682 15.637 15.612 15.597 15.575 15.467 15.272 15.085 14.915 14.745 14.575 14.423 14.373 14.408 14.44 14.473 14.513 14.548 14.58 14.62 14.667 14.72 14.762 14.798 14.84 14.887 14.912 14.915 14.915 14.915 14.905 14.86 14.788 14.715 14.645 14.575 14.515 14.503 14.505 14.475 14.453 14.455 14.462 14.467 14.48 14.475 14.433 14.383 14.37 14.39 14.407
16.193 16.118 16.067 16.02 15.942 15.855 15.803 15.775 15.745 15.713 15.693 15.705 15.735 15.775 15.825 15.857 15.852 15.787 15.675 15.588 15.585 15.61 15.575 15.513 15.468 15.44 15.425 15.32 15.183 15.08 14.93 14.762 14.593 14.435 14.38 14.415 14.453 14.495 14.545 14.57 14.585 14.62 14.675 14.745 14.807 14.852 14.892 14.927 14.942 14.945 14.945 14.945 14.927 14.88 14.812 14.74 14.67 14.6 14.56 14.592 14.605 14.54 14.478 14.45 14.45 14.46 14.475 14.5 14.502 14.468 14.453 14.47 14.487
16.125 16.058 16.008 15.975 15.93 15.865 15.815 15.785 15.75 15.715 15.695 15.703 15.733 15.775 15.825 15.862 15.86 15.795 15.685 15.568 15.51 15.51 15.475 15.41 15.35 15.298 15.267 15.185 15.103 15.057 14.937 14.772 14.605 14.448 14.393 14.433 14.478 14.528 14.58 14.602 14.605 14.625 14.675 14.747 14.822 14.887 14.935 14.96 14.967 14.972 14.975 14.97 14.945 14.897 14.835 14.768 14.7 14.63 14.61 14.65 14.647 14.592 14.532 14.473 14.438 14.435 14.458 14.505 14.545 14.542 14.538 14.552 14.565
16.07 16.002 15.95 15.912 15.877 15.845 15.817 15.787 15.75 15.715 15.698 15.703 15.73 15.772 15.792 15.777 15.772 15.74 15.652 15.555 15.468 15.418 15.373 15.31 15.25 15.188 15.135 15.085 15.048 15.025 14.937 14.78 14.615 14.463 14.413 14.463 14.515 14.565 14.612 14.635 14.635 14.64 14.678 14.745 14.815 14.885 14.945 14.977 14.987 14.995 15.002 14.992 14.96 14.917 14.862 14.798 14.73 14.663 14.635 14.637 14.617 14.582 14.545 14.495 14.445 14.423 14.443 14.495 14.55 14.585 14.605 14.617 14.625
15.932 15.88 15.855 15.835 15.795 15.77 15.77 15.765 15.742 15.715 15.7 15.702 15.707 15.705 15.67 15.61 15.615 15.625 15.565 15.49 15.405 15.34 15.295 15.24 15.18 15.123 15.065 15.025 15.005 14.987 14.927 14.795 14.635 14.483 14.438 14.492 14.547 14.6 14.642 14.66 14.657 14.653 14.673 14.727 14.792 14.857 14.92 14.97 14.995 15.007 15.02 15.012 14.98 14.942 14.897 14.835 14.765 14.687 14.62 14.59 14.572 14.54 14.503 14.467 14.432 14.413 14.42 14.455 14.507 14.56 14.597 14.61 14.615
15.743 15.67 15.687 15.72 15.705 15.67 15.67 15.695 15.7 15.692 15.692 15.685 15.63 15.553 15.49 15.43 15.445 15.495 15.465 15.39 15.315 15.26 15.227 15.195 15.145 15.09 15.038 14.998 14.975 14.952 14.902 14.805 14.667 14.513 14.463 14.517 14.572 14.607 14.625 14.645 14.652 14.645 14.655 14.698 14.76 14.825 14.885 14.942 14.985 15.01 15.022 15.015 14.99 14.962 14.927 14.872 14.802 14.7 14.598 14.55 14.527 14.497 14.46 14.425 14.405 14.408 14.415 14.42 14.443 14.488 14.532 14.552 14.557
15.658 15.503 15.49 15.545 15.582 15.57 15.565 15.597 15.625 15.642 15.655 15.63 15.53 15.408 15.318 15.253 15.278 15.365 15.365 15.293 15.225 15.17 15.14 15.127 15.102 15.06 15.01 14.973 14.945 14.915 14.865 14.785 14.68 14.543 14.49 14.532 14.557 14.557 14.558 14.587 14.62 14.625 14.635 14.675 14.733 14.795 14.852 14.908 14.962 15.005 15.017 15.005 14.987 14.97 14.945 14.902 14.82 14.697 14.588 14.52 14.483 14.452 14.418 14.398 14.4 14.415 14.43 14.43 14.423 14.433 14.468 14.495 14.497
15.623 15.435 15.388 15.41 15.443 15.453 15.463 15.503 15.552 15.585 15.595 15.55 15.435 15.3 15.175 15.09 15.115 15.222 15.252 15.198 15.135 15.08 15.05 15.04 15.03 15.01 14.975 14.942 14.91 14.875 14.825 14.748 14.66 14.555 14.503 14.507 14.495 14.48 14.485 14.52 14.568 14.595 14.615 14.655 14.708 14.765 14.823 14.88 14.94 14.987 15.002 14.99 14.975 14.96 14.942 14.915 14.815 14.68 14.583 14.5 14.445 14.413 14.39 14.395 14.41 14.425 14.44 14.447 14.442 14.428 14.428 14.438 14.433
15.57 15.408 15.388 15.408 15.433 15.458 15.44 15.433 15.482 15.52 15.527 15.46 15.33 15.198 15.073 14.983 14.995 15.093 15.155 15.14 15.088 15.035 15 14.983 14.97 14.96 14.94 14.91 14.875 14.848 14.812 14.745 14.66 14.57 14.515 14.495 14.478 14.463 14.465 14.495 14.535 14.57 14.603 14.645 14.698 14.755 14.813 14.87 14.927 14.96 14.967 14.965 14.952 14.937 14.922 14.897 14.795 14.663 14.575 14.49 14.418 14.388 14.39 14.405 14.42 14.435 14.45 14.46 14.465 14.455 14.435 14.433 14.433
15.518 15.355 15.365 15.452 15.545 15.617 15.557 15.43 15.413 15.45 15.445 15.357 15.225 15.11 15.018 14.948 14.935 15 15.075 15.1 15.077 15.032 14.993 14.963 14.943 14.93 14.91 14.88 14.855 14.848 14.827 14.767 14.687 14.6 14.545 14.525 14.507 14.493 14.495 14.52 14.55 14.58 14.613 14.653 14.703 14.76 14.817 14.872 14.91 14.915 14.915 14.922 14.922 14.912 14.892 14.857 14.765 14.653 14.575 14.51 14.453 14.425 14.423 14.42 14.428 14.443 14.458 14.47 14.48 14.48 14.478 14.495 14.51
15.47 15.3 15.32 15.447 15.57 15.665 15.637 15.507 15.403 15.383 15.357 15.26 15.155 15.07 15.003 14.945 14.905 14.93 14.987 15.025 15.042 15.022 14.987 14.953 14.923 14.903 14.88 14.86 14.858 14.862 14.842 14.785 14.71 14.628 14.575 14.555 14.535 14.518 14.523 14.55 14.583 14.615 14.643 14.673 14.713 14.765 14.822 14.86 14.865 14.858 14.86 14.87 14.88 14.88 14.855 14.81 14.748 14.68 14.628 14.59 14.557 14.53 14.51 14.49 14.478 14.47 14.473 14.488 14.503 14.515 14.54 14.575 14.6
15.498 15.32 15.285 15.37 15.48 15.57 15.575 15.507 15.407 15.34 15.29 15.205 15.133 15.065 15 14.945 14.895 14.878 14.9 14.938 14.977 14.995 14.98 14.945 14.91 14.883 14.865 14.863 14.87 14.877 14.857 14.8 14.727 14.653 14.605 14.585 14.565 14.545 14.55 14.58 14.615 14.65 14.678 14.703 14.733 14.775 14.812 14.817 14.805 14.8 14.805 14.818 14.838 14.858 14.843 14.798 14.76 14.727 14.697 14.672 14.647 14.627 14.61 14.587 14.56 14.533 14.52 14.528 14.545 14.565 14.6 14.642 14.68
15.572 15.388 15.285 15.29 15.37 15.46 15.462 15.398 15.343 15.302 15.252 15.187 15.125 15.06 14.998 14.948 14.905 14.868 14.853 14.88 14.925 14.96 14.96 14.927 14.895 14.87 14.868 14.877 14.885 14.892 14.872 14.815 14.745 14.68 14.638 14.615 14.595 14.575 14.58 14.613 14.648 14.695 14.74 14.765 14.788 14.81 14.81 14.783 14.755 14.745 14.76 14.793 14.83 14.867 14.862 14.82 14.785 14.755 14.73 14.71 14.687 14.677 14.677 14.66 14.633 14.608 14.59 14.588 14.598 14.615 14.65 14.697 14.732
15.628 15.45 15.34 15.285 15.293 15.35 15.347 15.298 15.27 15.255 15.22 15.162 15.105 15.045 15.005 14.977 14.945 14.91 14.878 14.87 14.895 14.932 14.935 14.903 14.873 14.858 14.865 14.885 14.9 14.907 14.887 14.832 14.767 14.71 14.672 14.647 14.625 14.605 14.61 14.648 14.698 14.768 14.832 14.862 14.88 14.892 14.873 14.828 14.788 14.765 14.77 14.805 14.853 14.892 14.887 14.843 14.805 14.775 14.75 14.727 14.703 14.698 14.715 14.722 14.707 14.683 14.665 14.655 14.655 14.668 14.7 14.745 14.752
15.683 15.513 15.41 15.34 15.288 15.273 15.258 15.235 15.225 15.215 15.182 15.128 15.07 15.015 15 15.01 14.997 14.967 14.933 14.9 14.885 14.905 14.91 14.88 14.855 14.845 14.858 14.882 14.902 14.917 14.905 14.845 14.765 14.687 14.655 14.66 14.652 14.635 14.645 14.698 14.773 14.855 14.927 14.965 14.98 14.995 14.977 14.938 14.903 14.875 14.86 14.865 14.888 14.917 14.912 14.865 14.825 14.795 14.77 14.745 14.72 14.71 14.728 14.76 14.77 14.757 14.742 14.727 14.72 14.725 14.752 14.772 14.745
15.738 15.578 15.488 15.423 15.355 15.293 15.255 15.235 15.215 15.195 15.158 15.1 15.04 14.983 14.97 14.997 15.012 15.01 14.987 14.952 14.917 14.9 14.888 14.865 14.845 14.838 14.853 14.875 14.897 14.912 14.877 14.785 14.677 14.575 14.545 14.58 14.602 14.638 14.69 14.757 14.842 14.927 15.01 15.055 15.067 15.08 15.077 15.057 15.032 15.007 14.99 14.98 14.97 14.968 14.94 14.888 14.848 14.815 14.79 14.765 14.74 14.725 14.738 14.775 14.807 14.81 14.797 14.792 14.787 14.785 14.787 14.767 14.72
15.833 15.67 15.58 15.52 15.452 15.378 15.325 15.295 15.265 15.235 15.19 15.13 15.06 14.988 14.968 14.993 15.015 15.022 15.005 14.97 14.935 14.915 14.888 14.855 14.833 14.828 14.845 14.865 14.877 14.872 14.805 14.675 14.543 14.43 14.398 14.44 14.52 14.653 14.74 14.785 14.862 14.947 15.032 15.085 15.1 15.107 15.135 15.157 15.147 15.127 15.107 15.092 15.072 15.045 14.99 14.92 14.87 14.835 14.81 14.8 14.793 14.768 14.768 14.802 14.812 14.785 14.767 14.772 14.777 14.777 14.772 14.745 14.695
15.967 15.793 15.685 15.622 15.545 15.46 15.405 15.375 15.345 15.312 15.267 15.202 15.097 15.008 14.995 15.015 15.022 15.01 14.985 14.95 14.913 14.92 14.907 14.85 14.818 14.815 14.832 14.84 14.83 14.81 14.74 14.6 14.445 14.303 14.28 14.388 14.54 14.717 14.81 14.815 14.853 14.932 15.01 15.06 15.082 15.093 15.14 15.21 15.235 15.225 15.205 15.182 15.157 15.13 15.07 14.98 14.905 14.875 14.88 14.892 14.875 14.82 14.81 14.822 14.772 14.703 14.675 14.68 14.687 14.69 14.702 14.707 14.675
