EGM722_Project_Data/DTM_asc/TL4561.asc
ncols         200
nrows         200
xllcorner     545000.000
yllcorner     261000.000
cellsize      5
NODATA_value  -9999.0
[rows 128 to 159 of 200, columns 0 to 72 of 200]
12.43 12.452 12.46 12.47 12.493 12.54 12.585 12.61 12.63 12.645 12.657 12.67 12.68 12.687 12.685 12.668 12.64 12.61 12.605 12.665 12.77 12.883 12.998 13.07 13.145 13.292 13.305 13.203 13.26 13.265 13.075 12.885 12.745 12.648 12.608 12.598 12.582 12.535 12.45 12.408 12.475 12.6 12.682 12.692 12.675 12.493 12.408 12.585 12.742 12.887 13.002 13.052 13.067 13.08 13.095 13.095 13.075 13.063 13.043 13.005 12.965 12.93 12.89 12.84 12.785 12.723 12.67 12.635 12.638 12.672 12.695 12.71 12.715
12.487 12.507 12.512 12.52 12.53 12.55 12.575 12.59 12.6 12.61 12.622 12.635 12.645 12.658 12.773 12.868 12.848 12.833 12.86 12.948 13.053 13.158 13.26 13.323 13.467 13.715 13.727 13.512 13.395 13.29 13.08 12.86 12.653 12.488 12.418 12.405 12.388 12.368 12.37 12.448 12.575 12.7 12.787 12.807 12.787 12.548 12.375 12.5 12.63 12.765 12.92 13.037 13.08 13.093 13.107 13.105 13.085 13.062 13.028 12.98 12.93 12.883 12.84 12.798 12.748 12.693 12.648 12.61 12.585 12.593 12.615 12.635 12.658
12.535 12.55 12.557 12.562 12.57 12.575 12.575 12.57 12.568 12.575 12.585 12.595 12.605 12.653 12.982 13.3 13.322 13.308 13.31 13.373 13.475 13.56 13.597 13.575 13.663 13.845 13.825 13.63 13.42 13.245 13.072 12.86 12.64 12.433 12.328 12.31 12.293 12.29 12.36 12.492 12.625 12.755 12.855 12.887 12.885 12.66 12.385 12.393 12.51 12.648 12.807 12.962 13.067 13.107 13.117 13.112 13.092 13.065 13.03 12.985 12.935 12.883 12.83 12.78 12.73 12.683 12.643 12.605 12.575 12.578 12.605 12.63 12.653
12.555 12.565 12.575 12.582 12.59 12.6 12.595 12.565 12.538 12.535 12.545 12.555 12.563 12.675 13.187 13.66 13.757 13.78 13.767 13.805 13.88 13.915 13.917 13.882 13.862 13.842 13.695 13.447 13.215 13.082 12.987 12.837 12.64 12.425 12.31 12.293 12.285 12.29 12.358 12.488 12.62 12.755 12.867 12.922 12.962 12.807 12.508 12.375 12.405 12.53 12.69 12.85 13.002 13.1 13.125 13.117 13.095 13.065 13.032 12.99 12.94 12.89 12.84 12.79 12.743 12.7 12.66 12.623 12.615 12.64 12.667 12.687 12.692
12.555 12.565 12.575 12.585 12.595 12.61 12.602 12.557 12.51 12.495 12.505 12.512 12.515 12.693 13.36 13.882 13.945 13.98 13.992 14.02 14.08 14.142 14.17 14.12 14.02 13.91 13.585 13.185 12.973 12.868 12.805 12.725 12.602 12.42 12.298 12.285 12.29 12.3 12.363 12.485 12.615 12.745 12.865 12.96 13.032 12.95 12.723 12.525 12.418 12.458 12.598 12.75 12.905 13.045 13.117 13.12 13.095 13.065 13.035 12.995 12.945 12.898 12.85 12.803 12.758 12.715 12.675 12.653 12.67 12.705 12.727 12.727 12.705
12.555 12.565 12.575 12.585 12.595 12.61 12.6 12.55 12.493 12.463 12.463 12.465 12.468 12.68 13.337 13.777 13.765 13.775 13.815 13.837 13.872 13.98 14.115 14.135 14.063 14.01 13.722 13.135 12.755 12.668 12.605 12.54 12.472 12.368 12.29 12.29 12.3 12.308 12.365 12.48 12.602 12.722 12.845 12.977 13.092 13.092 12.937 12.755 12.623 12.58 12.67 12.818 12.963 13.07 13.112 13.11 13.087 13.062 13.037 13 12.952 12.907 12.862 12.82 12.775 12.73 12.695 12.695 12.73 12.765 12.775 12.75 12.715
12.555 12.565 12.575 12.585 12.598 12.612 12.597 12.547 12.493 12.453 12.435 12.43 12.433 12.6 13.11 13.445 13.43 13.438 13.472 13.482 13.468 13.518 13.747 14.045 14.14 14.09 13.885 13.24 12.678 12.548 12.483 12.415 12.35 12.303 12.298 12.315 12.323 12.328 12.365 12.455 12.57 12.685 12.805 12.95 13.102 13.205 13.157 13.027 12.937 12.853 12.88 13.01 13.097 13.122 13.107 13.09 13.07 13.05 13.03 12.997 12.955 12.912 12.87 12.83 12.787 12.745 12.725 12.743 12.775 12.805 12.81 12.783 12.75
12.555 12.565 12.575 12.585 12.6 12.615 12.595 12.543 12.505 12.478 12.445 12.42 12.41 12.483 12.842 13.117 13.1 13.105 13.127 13.127 13.103 13.095 13.31 13.832 14.175 14.18 13.902 13.275 12.71 12.49 12.425 12.358 12.31 12.293 12.31 12.345 12.362 12.368 12.385 12.435 12.528 12.643 12.768 12.913 13.07 13.212 13.27 13.257 13.245 13.145 13.07 13.102 13.11 13.095 13.08 13.065 13.047 13.03 13.007 12.975 12.935 12.895 12.855 12.815 12.778 12.753 12.755 12.777 12.803 12.83 12.845 12.827 12.795
12.558 12.565 12.575 12.585 12.6 12.615 12.595 12.553 12.538 12.52 12.478 12.435 12.403 12.403 12.61 12.792 12.773 12.773 12.78 12.77 12.765 12.793 12.95 13.475 14.08 14.235 13.885 13.31 12.788 12.475 12.368 12.318 12.3 12.298 12.315 12.357 12.392 12.407 12.425 12.455 12.505 12.6 12.73 12.875 13.012 13.125 13.217 13.285 13.337 13.335 13.262 13.155 13.083 13.068 13.053 13.038 13.022 13.007 12.982 12.945 12.905 12.865 12.825 12.79 12.77 12.77 12.785 12.805 12.83 12.857 12.88 12.872 12.843
12.565 12.568 12.575 12.588 12.602 12.615 12.605 12.588 12.585 12.563 12.515 12.47 12.425 12.39 12.43 12.468 12.445 12.435 12.44 12.468 12.53 12.625 12.738 13.038 13.712 14.102 13.837 13.38 12.908 12.508 12.328 12.308 12.303 12.303 12.325 12.365 12.405 12.437 12.467 12.5 12.53 12.583 12.688 12.815 12.92 13.013 13.105 13.183 13.258 13.355 13.37 13.24 13.118 13.06 13.028 13.012 12.995 12.977 12.952 12.915 12.875 12.835 12.803 12.788 12.79 12.798 12.813 12.835 12.857 12.882 12.905 12.91 12.895
12.575 12.573 12.578 12.592 12.605 12.63 12.65 12.653 12.652 12.627 12.58 12.535 12.493 12.458 12.448 12.413 12.34 12.26 12.233 12.305 12.418 12.53 12.645 12.758 13.303 13.737 13.59 13.355 12.975 12.53 12.323 12.323 12.318 12.318 12.335 12.373 12.415 12.455 12.492 12.527 12.56 12.588 12.648 12.743 12.835 12.925 13.015 13.105 13.208 13.325 13.365 13.287 13.175 13.07 12.998 12.963 12.94 12.917 12.892 12.862 12.83 12.805 12.795 12.802 12.815 12.822 12.835 12.855 12.872 12.892 12.91 12.922 12.927
12.58 12.578 12.583 12.598 12.628 12.688 12.732 12.742 12.737 12.712 12.67 12.622 12.568 12.57 12.665 12.662 12.535 12.373 12.26 12.268 12.348 12.46 12.57 12.635 13.065 13.34 13.188 13.155 12.945 12.538 12.328 12.342 12.345 12.345 12.355 12.383 12.42 12.462 12.5 12.532 12.562 12.583 12.62 12.698 12.79 12.883 12.978 13.073 13.178 13.292 13.345 13.295 13.195 13.085 12.985 12.905 12.858 12.833 12.81 12.785 12.765 12.762 12.767 12.777 12.79 12.802 12.825 12.852 12.87 12.885 12.9 12.918 12.937
12.57 12.577 12.593 12.63 12.695 12.775 12.827 12.835 12.82 12.797 12.757 12.695 12.633 12.703 12.905 12.947 12.797 12.6 12.428 12.343 12.333 12.398 12.482 12.515 12.78 12.945 12.855 12.875 12.822 12.54 12.328 12.347 12.365 12.37 12.38 12.403 12.43 12.468 12.507 12.535 12.552 12.563 12.595 12.67 12.763 12.86 12.96 13.057 13.155 13.26 13.317 13.295 13.215 13.105 13 12.898 12.81 12.755 12.725 12.703 12.695 12.707 12.715 12.718 12.723 12.74 12.778 12.82 12.852 12.875 12.892 12.913 12.935
12.54 12.565 12.61 12.68 12.76 12.842 12.9 12.905 12.887 12.87 12.825 12.745 12.73 12.88 13.125 13.197 13.045 12.843 12.665 12.553 12.48 12.438 12.423 12.4 12.47 12.543 12.54 12.56 12.58 12.465 12.335 12.345 12.373 12.39 12.405 12.427 12.452 12.48 12.507 12.525 12.533 12.538 12.568 12.643 12.74 12.84 12.94 13.04 13.138 13.237 13.297 13.287 13.197 13.077 12.985 12.895 12.802 12.717 12.655 12.628 12.635 12.652 12.66 12.66 12.668 12.693 12.73 12.773 12.818 12.855 12.883 12.91 12.938
12.498 12.543 12.607 12.685 12.767 12.852 12.912 12.927 12.917 12.9 12.85 12.77 12.803 12.985 13.207 13.33 13.29 13.145 12.985 12.87 12.75 12.613 12.518 12.46 12.443 12.455 12.455 12.455 12.458 12.41 12.355 12.365 12.398 12.42 12.433 12.45 12.472 12.495 12.51 12.52 12.525 12.53 12.563 12.643 12.745 12.845 12.945 13.045 13.145 13.247 13.305 13.255 13.087 12.933 12.85 12.772 12.695 12.613 12.585 12.598 12.595 12.6 12.613 12.633 12.66 12.69 12.728 12.77 12.813 12.855 12.888 12.92 12.955
12.465 12.52 12.585 12.658 12.74 12.825 12.882 12.91 12.915 12.9 12.85 12.775 12.783 12.925 13.117 13.275 13.367 13.377 13.295 13.152 12.975 12.815 12.733 12.68 12.678 12.7 12.685 12.665 12.607 12.485 12.405 12.418 12.447 12.462 12.465 12.47 12.485 12.505 12.52 12.53 12.537 12.543 12.58 12.668 12.772 12.875 12.975 13.075 13.175 13.285 13.33 13.2 12.95 12.743 12.633 12.558 12.488 12.485 12.575 12.625 12.608 12.603 12.623 12.668 12.702 12.715 12.75 12.802 12.845 12.882 12.913 12.943 12.977
12.445 12.503 12.57 12.64 12.715 12.795 12.85 12.88 12.902 12.9 12.85 12.775 12.725 12.803 12.972 13.112 13.22 13.312 13.397 13.337 13.143 13.005 12.945 12.905 12.937 12.997 12.98 12.905 12.762 12.58 12.478 12.477 12.495 12.505 12.505 12.498 12.503 12.517 12.53 12.54 12.55 12.558 12.603 12.695 12.797 12.902 13.005 13.105 13.21 13.322 13.315 13.112 12.84 12.585 12.423 12.36 12.375 12.51 12.647 12.677 12.67 12.673 12.688 12.727 12.75 12.735 12.76 12.825 12.875 12.91 12.938 12.965 13
12.435 12.49 12.555 12.625 12.695 12.767 12.82 12.848 12.877 12.89 12.847 12.772 12.698 12.705 12.8 12.897 12.975 13.04 13.23 13.395 13.315 13.2 13.152 13.12 13.172 13.24 13.18 13.025 12.842 12.66 12.545 12.522 12.53 12.537 12.537 12.53 12.527 12.532 12.54 12.55 12.56 12.578 12.623 12.707 12.815 12.925 13.032 13.135 13.247 13.34 13.252 13 12.728 12.455 12.27 12.27 12.418 12.612 12.727 12.745 12.75 12.76 12.767 12.782 12.785 12.76 12.775 12.84 12.902 12.942 12.965 12.99 13.022
12.453 12.498 12.553 12.618 12.685 12.755 12.805 12.833 12.855 12.86 12.817 12.742 12.673 12.635 12.648 12.673 12.698 12.75 12.943 13.247 13.405 13.387 13.33 13.285 13.332 13.37 13.26 13.085 12.907 12.73 12.595 12.54 12.532 12.537 12.537 12.532 12.53 12.532 12.54 12.55 12.57 12.628 12.66 12.683 12.772 12.887 13 13.112 13.237 13.327 13.225 12.968 12.698 12.43 12.238 12.27 12.465 12.662 12.742 12.73 12.74 12.747 12.752 12.762 12.76 12.74 12.76 12.825 12.9 12.962 12.995 13.018 13.047
12.487 12.523 12.57 12.63 12.69 12.755 12.802 12.822 12.827 12.815 12.765 12.693 12.633 12.588 12.578 12.578 12.573 12.583 12.735 13.058 13.355 13.472 13.457 13.417 13.427 13.42 13.297 13.135 12.962 12.79 12.65 12.558 12.515 12.513 12.512 12.51 12.513 12.52 12.53 12.55 12.61 12.72 12.742 12.683 12.7 12.793 12.908 13.033 13.172 13.285 13.237 13.02 12.755 12.49 12.273 12.275 12.46 12.655 12.69 12.623 12.622 12.628 12.638 12.66 12.672 12.675 12.718 12.793 12.873 12.955 13.012 13.042 13.072
12.52 12.55 12.593 12.65 12.705 12.757 12.787 12.788 12.783 12.765 12.715 12.653 12.6 12.555 12.543 12.557 12.57 12.568 12.663 12.923 13.212 13.397 13.467 13.48 13.485 13.45 13.33 13.177 13.013 12.853 12.725 12.615 12.528 12.49 12.485 12.49 12.5 12.51 12.53 12.59 12.703 12.832 12.85 12.76 12.7 12.72 12.818 12.953 13.1 13.222 13.22 13.06 12.817 12.553 12.31 12.288 12.463 12.647 12.66 12.538 12.5 12.508 12.525 12.55 12.583 12.625 12.69 12.77 12.85 12.935 13.01 13.06 13.092
12.55 12.578 12.61 12.655 12.705 12.75 12.767 12.758 12.748 12.725 12.675 12.62 12.57 12.523 12.508 12.525 12.542 12.558 12.608 12.775 13.03 13.255 13.385 13.45 13.497 13.475 13.36 13.223 13.085 12.938 12.81 12.7 12.59 12.498 12.463 12.472 12.485 12.508 12.573 12.685 12.817 12.945 12.96 12.87 12.78 12.718 12.753 12.88 13.03 13.16 13.172 13.065 12.875 12.618 12.358 12.308 12.473 12.647 12.65 12.48 12.388 12.393 12.428 12.48 12.548 12.62 12.695 12.773 12.848 12.925 13 13.062 13.1
12.58 12.605 12.625 12.65 12.688 12.73 12.752 12.747 12.73 12.697 12.645 12.59 12.54 12.49 12.475 12.492 12.508 12.533 12.565 12.648 12.845 13.092 13.255 13.337 13.4 13.425 13.45 13.502 13.402 13.138 12.945 12.835 12.725 12.583 12.47 12.45 12.463 12.52 12.645 12.79 12.93 13.057 13.07 12.972 12.865 12.75 12.718 12.815 12.96 13.097 13.117 13.032 12.905 12.685 12.415 12.34 12.48 12.635 12.635 12.455 12.325 12.33 12.4 12.485 12.573 12.65 12.723 12.798 12.87 12.94 13.002 13.062 13.112
12.613 12.637 12.653 12.66 12.678 12.71 12.737 12.74 12.715 12.67 12.615 12.56 12.51 12.46 12.443 12.458 12.483 12.525 12.565 12.595 12.7 12.91 13.072 13.145 13.17 13.185 13.28 13.452 13.575 13.407 13.143 13.015 12.89 12.705 12.503 12.42 12.453 12.558 12.715 12.87 13.022 13.145 13.137 13.022 12.895 12.768 12.72 12.775 12.89 13.032 13.06 12.975 12.885 12.73 12.483 12.37 12.463 12.597 12.612 12.458 12.335 12.353 12.435 12.522 12.605 12.68 12.75 12.825 12.897 12.955 13.002 13.06 13.125
12.653 12.673 12.687 12.69 12.693 12.703 12.725 12.727 12.69 12.64 12.585 12.53 12.48 12.43 12.41 12.433 12.478 12.527 12.562 12.588 12.63 12.755 12.877 12.9 12.873 12.845 12.783 12.828 13.172 13.44 13.357 13.192 13.032 12.81 12.57 12.425 12.465 12.615 12.782 12.94 13.09 13.175 13.14 13.027 12.895 12.783 12.75 12.78 12.845 12.97 13.002 12.918 12.832 12.73 12.575 12.46 12.463 12.553 12.587 12.483 12.405 12.413 12.473 12.557 12.632 12.707 12.78 12.852 12.912 12.95 12.99 13.053 13.125
12.702 12.712 12.725 12.73 12.727 12.723 12.727 12.715 12.668 12.615 12.56 12.505 12.453 12.4 12.388 12.428 12.485 12.53 12.555 12.58 12.605 12.655 12.688 12.643 12.59 12.558 12.463 12.46 12.738 13.142 13.37 13.332 13.16 12.94 12.72 12.53 12.52 12.675 12.845 13.007 13.125 13.147 13.107 13.025 12.898 12.798 12.78 12.81 12.845 12.925 12.945 12.865 12.788 12.718 12.652 12.597 12.56 12.563 12.57 12.533 12.5 12.49 12.52 12.59 12.66 12.735 12.81 12.87 12.907 12.935 12.98 13.048 13.122
12.727 12.735 12.742 12.745 12.74 12.735 12.735 12.722 12.688 12.638 12.583 12.53 12.475 12.42 12.41 12.455 12.515 12.545 12.545 12.558 12.58 12.6 12.61 12.568 12.493 12.428 12.363 12.395 12.628 12.965 13.282 13.37 13.232 13.077 12.922 12.765 12.663 12.728 12.9 13.052 13.115 13.092 13.057 13.005 12.902 12.815 12.81 12.84 12.87 12.92 12.918 12.845 12.78 12.725 12.685 12.665 12.652 12.622 12.605 12.602 12.59 12.578 12.58 12.62 12.688 12.762 12.825 12.865 12.892 12.92 12.97 13.043 13.117
12.72 12.73 12.735 12.733 12.73 12.735 12.743 12.74 12.725 12.695 12.65 12.597 12.542 12.488 12.473 12.508 12.56 12.582 12.56 12.543 12.545 12.563 12.602 12.62 12.562 12.47 12.393 12.463 12.715 13.015 13.252 13.285 13.175 13.065 12.955 12.845 12.743 12.775 12.935 13.05 13.067 13.033 13 12.965 12.892 12.833 12.848 12.913 12.985 13.007 12.953 12.868 12.8 12.745 12.708 12.688 12.675 12.66 12.655 12.67 12.672 12.658 12.65 12.663 12.713 12.785 12.832 12.855 12.878 12.908 12.963 13.037 13.105
12.723 12.72 12.723 12.725 12.733 12.747 12.757 12.755 12.745 12.732 12.707 12.662 12.61 12.558 12.543 12.568 12.607 12.63 12.605 12.57 12.545 12.538 12.565 12.615 12.622 12.558 12.533 12.643 12.815 13.027 13.175 13.142 13.035 12.925 12.813 12.735 12.738 12.833 12.97 13.055 13.055 13.01 12.965 12.92 12.873 12.895 12.99 13.105 13.175 13.132 13.03 12.923 12.83 12.765 12.73 12.71 12.693 12.675 12.67 12.702 12.735 12.735 12.73 12.73 12.75 12.805 12.847 12.858 12.868 12.898 12.955 13.01 13.045
12.735 12.718 12.718 12.733 12.747 12.762 12.772 12.77 12.76 12.75 12.737 12.715 12.677 12.63 12.615 12.638 12.667 12.68 12.655 12.62 12.588 12.558 12.565 12.605 12.637 12.635 12.672 12.78 12.882 13.022 13.082 12.997 12.89 12.78 12.708 12.71 12.778 12.897 13.01 13.072 13.09 13.055 12.995 12.938 12.95 13.075 13.22 13.297 13.275 13.187 13.087 12.982 12.88 12.795 12.75 12.73 12.71 12.69 12.685 12.72 12.775 12.805 12.81 12.81 12.815 12.84 12.865 12.867 12.868 12.885 12.92 12.947 12.963
12.738 12.718 12.72 12.742 12.762 12.78 12.787 12.78 12.77 12.76 12.75 12.74 12.722 12.693 12.685 12.707 12.722 12.72 12.702 12.677 12.65 12.62 12.615 12.638 12.66 12.677 12.725 12.812 12.91 12.995 12.967 12.853 12.748 12.68 12.693 12.748 12.835 12.947 13.025 13.07 13.107 13.112 13.07 13.06 13.14 13.242 13.31 13.325 13.27 13.18 13.085 12.99 12.897 12.81 12.763 12.745 12.725 12.705 12.703 12.74 12.8 12.85 12.87 12.867 12.867 12.872 12.875 12.872 12.865 12.858 12.868 12.89 12.91
12.788 12.73 12.715 12.745 12.775 12.795 12.8 12.79 12.78 12.77 12.76 12.75 12.745 12.74 12.745 12.762 12.757 12.74 12.73 12.717 12.702 12.685 12.677 12.682 12.685 12.683 12.703 12.773 12.87 12.94 12.882 12.74 12.663 12.678 12.733 12.793 12.882 12.97 13.022 13.067 13.11 13.145 13.147 13.167 13.217 13.24 13.245 13.252 13.227 13.15 13.055 12.96 12.875 12.8 12.76 12.75 12.737 12.72 12.72 12.76 12.817 12.87 12.892 12.885 12.88 12.877 12.87 12.862 12.85 12.83 12.828 12.847 12.867
