EGM722_Project_Data/DTM_asc/TL4558.asc
ncols         200
nrows         200
xllcorner     545000.000
yllcorner     258000.000
cellsize      5
NODATA_value  -9999.0
[rows 33 to 65 of 200, columns 74 to 147 of 200]
7.093 7.088 7.085 7.08 7.057 7.023 6.988 6.968 6.975 6.993 7.008 7.025 7.045 7.068 7.085 7.035 6.903 6.753 6.605 6.463 6.388 6.398 6.433 6.45 6.46 6.48 6.5 6.51 6.525 6.555 6.587 6.617 6.622 6.605 6.587 6.567 6.54 6.508 6.478 6.47 6.52 6.615 6.713 6.815 6.97 7.17 7.37 7.573 7.775 7.975 8.145 8.227 8.238 8.233 8.228 8.223 8.19 8.225 8.4 8.62 8.85 9.095 9.345 9.592 9.825 10.03 10.222 10.395 10.505 10.588 10.698 10.775 10.715 10.615
7.153 7.148 7.145 7.13 7.093 7.053 7.018 6.995 7.02 7.068 7.1 7.13 7.15 7.165 7.167 7.112 7.005 6.887 6.76 6.625 6.513 6.475 6.495 6.515 6.535 6.555 6.575 6.598 6.617 6.635 6.66 6.685 6.687 6.673 6.66 6.65 6.627 6.593 6.563 6.553 6.598 6.69 6.785 6.888 7.053 7.263 7.465 7.668 7.873 8.075 8.245 8.32 8.328 8.335 8.335 8.295 8.2 8.235 8.44 8.7 8.965 9.193 9.42 9.66 9.888 10.088 10.288 10.485 10.65 10.79 10.932 10.975 10.908 10.873
7.245 7.242 7.23 7.195 7.145 7.098 7.058 7.033 7.073 7.155 7.217 7.257 7.277 7.29 7.267 7.195 7.1 7.002 6.895 6.777 6.655 6.583 6.583 6.6 6.62 6.643 6.668 6.695 6.71 6.713 6.728 6.752 6.755 6.74 6.735 6.735 6.715 6.685 6.673 6.675 6.703 6.773 6.868 6.978 7.153 7.375 7.59 7.795 8 8.205 8.37 8.442 8.452 8.445 8.397 8.3 8.193 8.255 8.493 8.84 9.19 9.42 9.625 9.823 10.003 10.19 10.395 10.603 10.807 10.995 11.165 11.227 11.205 11.205
7.335 7.33 7.302 7.255 7.205 7.153 7.103 7.07 7.108 7.203 7.295 7.367 7.405 7.402 7.355 7.275 7.182 7.087 6.99 6.89 6.783 6.698 6.67 6.68 6.703 6.733 6.765 6.795 6.807 6.803 6.803 6.818 6.822 6.815 6.818 6.822 6.812 6.8 6.805 6.815 6.828 6.873 6.965 7.083 7.255 7.478 7.702 7.92 8.13 8.332 8.485 8.555 8.557 8.502 8.4 8.28 8.2 8.29 8.583 9.015 9.452 9.74 9.917 10.047 10.175 10.34 10.533 10.738 10.942 11.147 11.337 11.447 11.492 11.525
7.425 7.407 7.365 7.312 7.26 7.207 7.147 7.118 7.165 7.26 7.358 7.452 7.515 7.5 7.435 7.357 7.267 7.17 7.073 6.983 6.898 6.828 6.788 6.78 6.8 6.833 6.865 6.892 6.902 6.897 6.892 6.892 6.895 6.898 6.902 6.907 6.91 6.915 6.925 6.935 6.945 6.983 7.078 7.2 7.368 7.585 7.81 8.035 8.252 8.45 8.592 8.645 8.602 8.5 8.38 8.26 8.208 8.353 8.725 9.21 9.692 10.01 10.14 10.227 10.347 10.51 10.685 10.875 11.067 11.252 11.427 11.56 11.652 11.727
7.507 7.45 7.385 7.332 7.275 7.215 7.132 7.135 7.255 7.368 7.463 7.558 7.625 7.602 7.52 7.44 7.355 7.268 7.185 7.108 7.035 6.978 6.928 6.9 6.915 6.943 6.97 6.987 6.98 6.967 6.962 6.957 6.965 6.977 6.985 6.99 6.992 6.997 7.005 7.015 7.035 7.09 7.195 7.325 7.493 7.705 7.928 8.15 8.37 8.557 8.69 8.727 8.63 8.485 8.36 8.24 8.215 8.453 8.905 9.377 9.812 10.127 10.277 10.365 10.475 10.632 10.805 10.987 11.16 11.318 11.485 11.627 11.727 11.815
7.58 7.478 7.378 7.308 7.242 7.15 7.04 7.118 7.36 7.51 7.598 7.692 7.755 7.722 7.633 7.555 7.478 7.398 7.325 7.253 7.18 7.122 7.063 7.02 7.03 7.057 7.077 7.075 7.045 7.018 7.005 7 7.015 7.042 7.062 7.07 7.07 7.07 7.073 7.085 7.128 7.208 7.323 7.463 7.635 7.84 8.055 8.275 8.487 8.655 8.775 8.822 8.712 8.523 8.358 8.22 8.258 8.58 9.02 9.422 9.792 10.11 10.337 10.472 10.565 10.7 10.875 11.075 11.247 11.383 11.54 11.692 11.805 11.887
7.665 7.55 7.428 7.318 7.19 7.035 6.965 7.143 7.467 7.66 7.74 7.827 7.885 7.85 7.778 7.725 7.653 7.558 7.473 7.4 7.33 7.26 7.19 7.143 7.145 7.172 7.177 7.155 7.117 7.078 7.05 7.043 7.06 7.093 7.125 7.153 7.168 7.173 7.178 7.2 7.253 7.335 7.455 7.605 7.783 7.98 8.185 8.4 8.595 8.74 8.857 8.922 8.827 8.623 8.423 8.248 8.308 8.64 9.015 9.375 9.737 10.057 10.325 10.537 10.66 10.778 10.945 11.157 11.352 11.483 11.61 11.757 11.88 11.945
7.767 7.66 7.535 7.375 7.125 6.895 6.928 7.208 7.55 7.792 7.897 7.97 8.017 7.995 7.95 7.918 7.85 7.745 7.645 7.558 7.475 7.385 7.308 7.265 7.263 7.275 7.26 7.23 7.193 7.148 7.108 7.093 7.115 7.155 7.198 7.26 7.307 7.318 7.335 7.373 7.415 7.488 7.605 7.753 7.93 8.125 8.323 8.522 8.692 8.82 8.94 9.022 8.942 8.74 8.54 8.385 8.4 8.628 8.965 9.325 9.685 10.005 10.275 10.53 10.73 10.865 11.018 11.235 11.455 11.605 11.715 11.84 11.942 11.985
7.875 7.782 7.655 7.437 7.083 6.825 6.935 7.273 7.615 7.907 8.06 8.125 8.177 8.19 8.173 8.145 8.06 7.938 7.832 7.728 7.623 7.528 7.445 7.388 7.373 7.363 7.335 7.313 7.29 7.263 7.238 7.223 7.233 7.26 7.295 7.373 7.462 7.5 7.528 7.573 7.615 7.693 7.803 7.93 8.103 8.298 8.487 8.665 8.81 8.93 9.05 9.135 9.06 8.86 8.69 8.615 8.62 8.7 8.933 9.275 9.635 9.955 10.225 10.485 10.732 10.927 11.098 11.312 11.525 11.705 11.852 11.945 11.992 12.015
7.98 7.905 7.762 7.487 7.1 6.923 7.088 7.405 7.73 8.04 8.222 8.29 8.355 8.4 8.417 8.407 8.305 8.145 8.02 7.91 7.805 7.738 7.688 7.615 7.56 7.533 7.513 7.505 7.493 7.473 7.458 7.448 7.438 7.43 7.46 7.525 7.638 7.727 7.753 7.79 7.84 7.918 8.015 8.13 8.298 8.485 8.66 8.82 8.955 9.075 9.182 9.255 9.18 8.998 8.898 8.885 8.9 8.915 8.995 9.238 9.585 9.905 10.175 10.435 10.69 10.932 11.14 11.31 11.477 11.695 11.922 12.02 12.025 12.048
8.08 8.025 7.845 7.538 7.285 7.283 7.448 7.695 7.993 8.252 8.392 8.46 8.522 8.577 8.625 8.65 8.57 8.395 8.23 8.105 8.033 8.005 7.987 7.937 7.88 7.845 7.815 7.795 7.772 7.74 7.712 7.695 7.675 7.65 7.705 7.795 7.885 7.97 7.997 8.023 8.065 8.133 8.22 8.33 8.482 8.652 8.815 8.97 9.105 9.212 9.295 9.365 9.305 9.18 9.155 9.165 9.18 9.195 9.205 9.293 9.545 9.857 10.128 10.385 10.67 10.957 11.14 11.215 11.335 11.553 11.8 11.975 12.05 12.103
8.162 8.137 7.943 7.725 7.7 7.812 7.947 8.117 8.33 8.487 8.565 8.63 8.685 8.725 8.765 8.797 8.732 8.572 8.402 8.275 8.225 8.202 8.175 8.155 8.14 8.11 8.067 8.04 8.017 7.985 7.955 7.93 7.907 7.88 7.945 8.06 8.132 8.195 8.235 8.258 8.288 8.35 8.425 8.513 8.645 8.805 8.965 9.12 9.242 9.325 9.398 9.472 9.465 9.425 9.435 9.445 9.46 9.475 9.485 9.5 9.593 9.815 10.12 10.453 10.79 11.037 11.158 11.2 11.29 11.493 11.718 11.94 12.125 12.222
8.205 8.24 8.163 8.11 8.167 8.267 8.38 8.482 8.56 8.625 8.69 8.752 8.8 8.827 8.847 8.86 8.79 8.64 8.5 8.395 8.34 8.305 8.278 8.278 8.285 8.27 8.238 8.232 8.23 8.2 8.173 8.15 8.13 8.11 8.155 8.242 8.322 8.405 8.462 8.492 8.51 8.547 8.6 8.673 8.798 8.955 9.112 9.25 9.355 9.435 9.508 9.58 9.622 9.635 9.647 9.66 9.675 9.69 9.702 9.725 9.758 9.925 10.28 10.69 11.015 11.182 11.27 11.278 11.345 11.558 11.78 12 12.215 12.37
8.218 8.307 8.385 8.462 8.52 8.57 8.64 8.687 8.685 8.703 8.762 8.825 8.87 8.895 8.907 8.912 8.84 8.703 8.593 8.5 8.435 8.4 8.388 8.4 8.417 8.422 8.405 8.415 8.432 8.413 8.39 8.37 8.353 8.343 8.353 8.405 8.495 8.592 8.675 8.725 8.735 8.725 8.748 8.825 8.953 9.102 9.235 9.342 9.442 9.54 9.622 9.695 9.742 9.762 9.778 9.793 9.818 9.85 9.883 9.923 9.973 10.178 10.563 10.975 11.262 11.392 11.415 11.34 11.4 11.62 11.84 12.06 12.275 12.477
8.24 8.33 8.452 8.585 8.69 8.737 8.772 8.802 8.79 8.785 8.828 8.892 8.937 8.955 8.962 8.965 8.9 8.788 8.698 8.61 8.535 8.503 8.508 8.523 8.54 8.557 8.568 8.592 8.627 8.627 8.607 8.59 8.575 8.572 8.548 8.568 8.665 8.765 8.865 8.947 8.965 8.925 8.91 8.973 9.097 9.225 9.325 9.417 9.515 9.62 9.72 9.807 9.86 9.888 9.92 9.953 9.995 10.045 10.095 10.145 10.198 10.425 10.837 11.252 11.515 11.557 11.485 11.39 11.46 11.68 11.9 12.12 12.335 12.55
8.293 8.353 8.458 8.585 8.71 8.775 8.8 8.84 8.862 8.867 8.898 8.95 8.985 9 9.007 9.012 8.972 8.89 8.812 8.73 8.645 8.613 8.63 8.645 8.665 8.692 8.72 8.757 8.785 8.787 8.782 8.777 8.772 8.767 8.722 8.725 8.815 8.905 8.995 9.072 9.105 9.092 9.075 9.11 9.205 9.305 9.395 9.485 9.585 9.692 9.797 9.9 9.975 10.04 10.11 10.165 10.215 10.265 10.318 10.37 10.435 10.685 11.11 11.515 11.697 11.632 11.52 11.438 11.523 11.742 11.96 12.177 12.393 12.61
8.365 8.4 8.47 8.585 8.69 8.747 8.785 8.828 8.872 8.91 8.95 8.99 9.012 9.025 9.037 9.047 9.025 8.967 8.902 8.83 8.75 8.72 8.74 8.757 8.785 8.822 8.825 8.812 8.797 8.79 8.81 8.832 8.847 8.845 8.807 8.81 8.885 8.96 9.022 9.07 9.11 9.14 9.15 9.172 9.237 9.325 9.42 9.53 9.65 9.765 9.872 9.977 10.062 10.145 10.24 10.325 10.407 10.482 10.542 10.595 10.683 10.955 11.35 11.687 11.782 11.668 11.555 11.488 11.588 11.805 12.02 12.235 12.453 12.69
8.445 8.47 8.503 8.588 8.677 8.728 8.773 8.82 8.87 8.923 8.975 9.017 9.04 9.05 9.065 9.075 9.055 9.007 8.95 8.887 8.83 8.818 8.84 8.863 8.892 8.925 8.862 8.753 8.7 8.693 8.725 8.765 8.797 8.82 8.815 8.828 8.887 8.945 8.99 9.027 9.068 9.11 9.137 9.163 9.223 9.32 9.44 9.578 9.71 9.83 9.945 10.052 10.135 10.195 10.28 10.39 10.502 10.61 10.7 10.78 10.9 11.152 11.47 11.745 11.817 11.705 11.595 11.54 11.648 11.865 12.1 12.348 12.59 12.82
8.522 8.55 8.565 8.608 8.673 8.723 8.773 8.83 8.885 8.94 8.992 9.037 9.068 9.083 9.098 9.105 9.082 9.038 8.988 8.933 8.9 8.91 8.935 8.96 8.987 9 8.877 8.688 8.6 8.595 8.63 8.67 8.71 8.75 8.788 8.825 8.865 8.905 8.945 8.983 9.023 9.067 9.107 9.145 9.223 9.35 9.498 9.642 9.77 9.89 10.01 10.122 10.215 10.268 10.32 10.418 10.53 10.642 10.755 10.885 11.05 11.255 11.5 11.765 11.85 11.745 11.635 11.608 11.758 12.005 12.27 12.53 12.752 12.917
8.6 8.63 8.645 8.663 8.695 8.738 8.79 8.85 8.905 8.958 9.01 9.065 9.113 9.138 9.15 9.153 9.125 9.078 9.033 8.99 8.978 8.998 9.023 9.048 9.072 9.05 8.88 8.633 8.5 8.498 8.535 8.575 8.615 8.673 8.768 8.847 8.873 8.878 8.9 8.938 8.978 9.023 9.07 9.135 9.253 9.408 9.565 9.707 9.83 9.947 10.065 10.18 10.277 10.342 10.385 10.453 10.558 10.675 10.813 10.985 11.175 11.365 11.572 11.8 11.89 11.832 11.768 11.755 11.93 12.223 12.47 12.67 12.822 12.93
8.675 8.71 8.725 8.74 8.76 8.785 8.82 8.87 8.925 8.983 9.05 9.117 9.177 9.217 9.235 9.235 9.202 9.148 9.1 9.073 9.075 9.095 9.115 9.135 9.157 9.087 8.87 8.6 8.423 8.4 8.44 8.49 8.56 8.665 8.805 8.912 8.937 8.92 8.913 8.915 8.935 8.985 9.055 9.153 9.298 9.467 9.627 9.762 9.88 9.997 10.112 10.22 10.305 10.375 10.435 10.495 10.603 10.76 10.945 11.145 11.323 11.473 11.62 11.765 11.858 11.9 11.94 11.973 12.223 12.527 12.632 12.733 12.84 12.933
8.74 8.785 8.807 8.823 8.84 8.863 8.885 8.915 8.965 9.035 9.11 9.175 9.235 9.29 9.325 9.33 9.295 9.235 9.188 9.173 9.182 9.2 9.215 9.228 9.245 9.147 8.888 8.595 8.37 8.305 8.365 8.453 8.568 8.71 8.86 8.977 9.015 9.005 8.987 8.963 8.953 8.99 9.078 9.193 9.343 9.51 9.665 9.802 9.922 10.04 10.155 10.245 10.31 10.373 10.466 10.588 10.718 10.861 11.011 11.226 11.648 12.077 12.28 12.353 12.388 12.422 12.457 12.49 12.655 12.785 12.76 12.8 12.89 12.985
8.802 8.852 8.882 8.902 8.922 8.947 8.967 8.985 9.033 9.105 9.17 9.23 9.29 9.347 9.397 9.42 9.39 9.325 9.273 9.265 9.28 9.292 9.305 9.317 9.325 9.215 8.965 8.683 8.408 8.283 8.35 8.473 8.61 8.76 8.912 9.042 9.09 9.08 9.067 9.052 9.04 9.055 9.12 9.233 9.382 9.537 9.685 9.83 9.96 10.08 10.185 10.258 10.32 11.085 11.85 11.922 11.977 12.01 12.043 12.14 12.465 12.825 12.962 12.975 12.947 12.92 12.9 12.885 12.875 12.84 12.825 12.888 12.98 13.057
8.862 8.915 8.945 8.965 8.977 8.995 9.015 9.037 9.092 9.165 9.225 9.285 9.345 9.402 9.46 9.502 9.477 9.398 9.343 9.343 9.362 9.377 9.39 9.402 9.392 9.265 9.047 8.82 8.57 8.375 8.375 8.513 8.663 8.815 8.967 9.107 9.165 9.153 9.14 9.13 9.13 9.148 9.185 9.273 9.41 9.558 9.703 9.848 9.988 10.112 10.213 10.295 10.383 11.867 13.289 13.259 13.229 13.199 13.17 13.14 13.11 13.08 13.065 13.065 13.06 13.053 13.028 12.983 12.935 12.923 12.965 13.023 13.068 13.095
8.912 8.967 9 9.015 8.988 8.97 8.992 9.03 9.112 9.207 9.275 9.335 9.395 9.455 9.515 9.562 9.537 9.458 9.415 9.418 9.435 9.457 9.475 9.487 9.46 9.315 9.103 8.9 8.713 8.535 8.483 8.58 8.718 8.87 9.022 9.172 9.24 9.228 9.215 9.208 9.215 9.24 9.278 9.35 9.463 9.598 9.743 9.888 10.033 10.163 10.28 10.39 10.493 12.002 13.444 13.415 13.385 13.355 13.325 13.295 13.27 13.26 13.273 13.295 13.315 13.33 13.32 13.285 13.223 13.185 13.282 13.35 13.29 13.26
8.947 9.002 9.042 9.062 9.008 8.933 8.928 8.985 9.1 9.227 9.32 9.385 9.445 9.505 9.562 9.602 9.58 9.523 9.495 9.493 9.508 9.532 9.552 9.57 9.527 9.373 9.19 9.03 8.883 8.765 8.718 8.75 8.825 8.935 9.078 9.23 9.307 9.305 9.295 9.29 9.3 9.335 9.398 9.48 9.573 9.68 9.813 9.958 10.102 10.232 10.37 10.502 10.606 12.135 13.599 13.57 13.54 13.51 13.48 13.463 13.463 13.48 13.505 13.525 13.545 13.565 13.585 13.602 13.595 13.558 13.595 13.682 13.637 13.562
8.967 9.02 9.07 9.105 9.055 8.943 8.885 8.943 9.075 9.215 9.34 9.43 9.495 9.555 9.605 9.635 9.622 9.59 9.575 9.57 9.583 9.605 9.628 9.65 9.63 9.523 9.383 9.26 9.14 9.043 9 9.013 9.045 9.095 9.178 9.293 9.372 9.383 9.375 9.37 9.39 9.453 9.543 9.635 9.72 9.805 9.905 10.033 10.172 10.295 10.425 10.582 10.716 12.265 13.749 13.72 13.69 13.668 13.658 13.665 13.688 13.712 13.735 13.755 13.775 13.795 13.818 13.842 13.865 13.877 13.865 13.902 13.915 13.782
8.983 9.035 9.088 9.14 9.135 9.048 8.953 8.968 9.075 9.195 9.33 9.455 9.542 9.605 9.645 9.665 9.672 9.665 9.655 9.65 9.658 9.675 9.703 9.732 9.757 9.74 9.647 9.525 9.405 9.323 9.288 9.29 9.323 9.355 9.388 9.438 9.475 9.48 9.478 9.475 9.51 9.595 9.695 9.792 9.88 9.957 10.035 10.125 10.237 10.355 10.47 10.628 10.801 12.31 13.817 13.875 13.857 13.86 13.875 13.894 13.919 13.944 13.964 13.984 14.004 14.024 14.049 13.982 13.797 13.537 13.4 13.435 13.492 13.452
9 9.055 9.108 9.173 9.235 9.222 9.133 9.11 9.18 9.268 9.37 9.478 9.578 9.65 9.685 9.708 9.727 9.732 9.728 9.725 9.733 9.753 9.783 9.815 9.857 9.902 9.885 9.79 9.675 9.608 9.583 9.575 9.6 9.627 9.635 9.632 9.628 9.623 9.623 9.625 9.658 9.74 9.84 9.93 10.01 10.085 10.157 10.212 10.295 10.417 10.533 10.66 10.84 12.022 13.576 14.056 14.002 13.729 13.292 12.985 12.917 12.96 13 13.042 13.085 13.125 13.167 13.12 12.963 12.758 12.7 12.823 12.965 13.07
9.017 9.073 9.133 9.208 9.3 9.362 9.33 9.305 9.363 9.437 9.512 9.58 9.645 9.697 9.73 9.762 9.79 9.805 9.818 9.83 9.84 9.85 9.87 9.9 9.943 10.007 10.057 10.03 9.95 9.897 9.875 9.855 9.85 9.847 9.825 9.8 9.79 9.788 9.79 9.795 9.813 9.878 9.975 10.047 10.108 10.182 10.232 10.26 10.343 10.475 10.595 10.708 10.858 11.388 12.205 12.627 12.652 12.43 12.02 11.738 11.693 11.756 11.818 11.891 11.968 12.041 12.113 12.195 12.295 12.443 12.625 12.8 12.965 13.107
9.038 9.095 9.163 9.245 9.34 9.435 9.485 9.5 9.545 9.605 9.652 9.692 9.72 9.748 9.783 9.82 9.863 9.907 9.947 9.977 9.985 9.975 9.975 9.993 10.028 10.09 10.165 10.207 10.187 10.132 10.077 10.025 10.01 10.01 9.987 9.965 9.955 9.955 9.958 9.963 9.97 10.018 10.102 10.157 10.205 10.257 10.262 10.285 10.385 10.52 10.652 10.772 10.848 10.95 10.968 10.901 10.993 11.158 11.3 11.443 11.563 11.648 11.725 11.81 11.9 11.988 12.075 12.178 12.303 12.458 12.63 12.795 12.958 13.115
9.073 9.125 9.198 9.285 9.38 9.475 9.567 9.625 9.657 9.692 9.715 9.735 9.762 9.802 9.845 9.885 9.932 9.995 10.057 10.102 10.115 10.107 10.102 10.102 10.118 10.167 10.232 10.29 10.295 10.232 10.152 10.08 10.08 10.12 10.135 10.132 10.125 10.125 10.125 10.13 10.135 10.168 10.22 10.252 10.282 10.29 10.268 10.308 10.428 10.563 10.7 10.817 10.825 10.832 10.792 10.665 10.733 10.948 11.163 11.378 11.552 11.665 11.755 11.845 11.935 12.025 12.118 12.228 12.353 12.493 12.653 12.815 12.96 13.087
