EGM722_Project_Data/DTM_asc/TL4554.asc
ncols         200
nrows         200
xllcorner     545000.000
yllcorner     254000.000
cellsize      5
NODATA_value  -9999.0
[rows 96 to 127 of 200, columns 73 to 145 of 200]
14.542 14.495 14.41 14.325 14.253 14.255 14.33 14.387 14.395 14.357 14.325 14.32 14.305 14.177 13.955 13.73 13.4 12.73 12.543 12.82 12.835 12.757 12.722 12.85 12.962 12.997 12.83 12.647 12.572 12.505 12.25 12 12 12 12.038 12.135 12.098 12 12 12.223 12.465 12.722 12.942 12.917 12.595 12.273 12.225 12.365 12.653 12.825 12.945 13.055 13.157 13.25 13.327 13.38 13.432 13.49 13.485 13.438 13.465 13.61 13.757 13.802 13.797 13.79 13.78 13.778 13.79 13.8 13.798 13.798 13.802
14.48 14.427 14.34 14.25 14.165 14.16 14.235 14.315 14.385 14.41 14.41 14.417 14.405 14.282 14.067 13.852 13.587 13.03 12.67 12.76 12.825 12.825 12.638 12.728 12.99 12.993 13.002 13.027 13.042 13.032 12.765 12.253 12 12 12.038 12.385 12.347 12.001 12.248 12.717 12.96 12.967 12.932 12.635 12.236 12.358 12.785 13.122 13.38 13.51 13.57 13.632 13.692 13.732 13.747 13.752 13.76 13.76 13.745 13.722 13.722 13.785 13.832 13.827 13.822 13.815 13.805 13.795 13.788 13.788 13.79 13.795 13.8
14.41 14.355 14.263 14.175 14.11 14.118 14.193 14.283 14.377 14.437 14.452 14.457 14.442 14.325 14.12 13.91 13.7 13.32 12.648 12.52 12.805 12.83 12.645 12.555 12.825 12.997 13.02 13.052 13.075 13.072 13.052 12.775 12.463 12.208 12.006 12.507 12.762 12.528 12.782 13.03 13.025 12.987 12.685 12.396 12.61 12.96 13.175 13.405 13.665 13.807 13.83 13.855 13.882 13.88 13.847 13.817 13.792 13.785 13.797 13.812 13.83 13.845 13.847 13.845 13.84 13.83 13.817 13.805 13.79 13.785 13.79 13.795 13.797
14.313 14.263 14.198 14.15 14.125 14.148 14.213 14.298 14.39 14.45 14.465 14.455 14.425 14.32 14.13 13.93 13.75 13.467 12.8 12.55 12.785 12.81 12.812 12.45 12.535 13.002 13.047 13.08 13.105 13.107 13.092 13.065 12.99 12.727 12.533 12.803 13.075 13.102 13.115 13.09 13.03 12.735 12.451 12.773 13.212 13.307 13.345 13.475 13.687 13.805 13.808 13.82 13.842 13.842 13.815 13.788 13.765 13.763 13.775 13.793 13.82 13.842 13.852 13.855 13.85 13.837 13.823 13.808 13.793 13.788 13.79 13.792 13.79
14.245 14.228 14.203 14.19 14.18 14.2 14.255 14.323 14.405 14.462 14.465 14.435 14.395 14.31 14.147 13.965 13.797 13.572 13.165 12.66 12.598 12.787 12.817 12.55 12.38 12.757 13.05 13.102 13.137 13.142 13.125 13.105 13.08 13.07 13.092 13.13 13.167 13.182 13.147 13.06 12.768 12.516 12.805 13.295 13.545 13.61 13.612 13.648 13.737 13.795 13.795 13.798 13.805 13.802 13.785 13.762 13.74 13.738 13.755 13.783 13.815 13.837 13.85 13.857 13.857 13.845 13.828 13.812 13.798 13.79 13.79 13.787 13.782
14.28 14.283 14.258 14.245 14.233 14.253 14.31 14.37 14.435 14.47 14.45 14.413 14.375 14.305 14.167 13.997 13.832 13.65 13.325 12.658 12.483 12.765 12.8 12.787 12.44 12.393 12.855 13.08 13.127 13.147 13.14 13.125 13.112 13.117 13.145 13.175 13.202 13.18 13.065 12.785 12.568 12.823 13.26 13.605 13.805 13.815 13.795 13.777 13.775 13.78 13.78 13.78 13.78 13.775 13.757 13.735 13.715 13.718 13.745 13.777 13.81 13.832 13.845 13.855 13.862 13.855 13.832 13.812 13.795 13.787 13.787 13.783 13.778
14.367 14.365 14.32 14.3 14.288 14.308 14.365 14.425 14.47 14.477 14.45 14.415 14.38 14.297 14.15 13.985 13.835 13.7 13.46 12.948 12.613 12.687 12.78 12.815 12.682 12.345 12.403 12.817 13.015 13.072 13.092 13.077 13.077 13.097 13.122 13.145 13.145 13.047 12.778 12.595 12.845 13.22 13.532 13.805 13.877 13.845 13.805 13.772 13.76 13.76 13.76 13.76 13.757 13.747 13.727 13.705 13.693 13.7 13.725 13.757 13.79 13.81 13.82 13.832 13.845 13.842 13.822 13.8 13.778 13.775 13.785 13.782 13.778
14.445 14.45 14.398 14.36 14.343 14.363 14.417 14.462 14.485 14.485 14.465 14.435 14.382 14.265 14.113 13.973 13.85 13.74 13.587 13.247 12.603 12.493 12.802 12.835 12.862 12.652 12.283 12.308 12.685 12.94 12.99 12.985 12.995 13.03 13.055 13.062 12.845 12.64 12.643 12.86 13.21 13.477 13.735 13.84 13.825 13.795 13.76 13.743 13.74 13.74 13.74 13.737 13.73 13.715 13.695 13.683 13.683 13.685 13.695 13.723 13.755 13.772 13.778 13.788 13.8 13.802 13.792 13.775 13.753 13.753 13.772 13.782 13.782
14.52 14.532 14.487 14.438 14.403 14.417 14.46 14.477 14.485 14.485 14.472 14.45 14.375 14.248 14.123 14.01 13.898 13.785 13.672 13.47 12.84 12.583 12.857 12.93 12.965 12.947 12.68 12.353 12.325 12.473 12.64 12.758 12.835 12.875 12.643 12.515 12.543 12.61 12.927 13.212 13.445 13.667 13.78 13.785 13.773 13.748 13.725 13.72 13.72 13.72 13.717 13.71 13.7 13.685 13.673 13.673 13.677 13.68 13.683 13.695 13.72 13.737 13.74 13.743 13.75 13.755 13.752 13.745 13.728 13.728 13.75 13.77 13.782
14.582 14.597 14.56 14.507 14.457 14.445 14.457 14.46 14.467 14.472 14.462 14.445 14.407 14.322 14.205 14.088 13.97 13.85 13.733 13.612 13.252 12.705 12.695 13 13.075 13.042 12.955 12.817 12.608 12.518 12.573 12.59 12.61 12.668 12.515 12.455 12.73 13.007 13.232 13.44 13.63 13.737 13.755 13.743 13.73 13.715 13.705 13.705 13.703 13.698 13.69 13.68 13.67 13.663 13.663 13.668 13.673 13.675 13.678 13.683 13.693 13.7 13.7 13.703 13.708 13.71 13.71 13.708 13.698 13.705 13.733 13.755 13.777
14.585 14.6 14.565 14.515 14.46 14.415 14.4 14.4 14.407 14.427 14.432 14.42 14.425 14.412 14.345 14.24 14.118 13.993 13.868 13.745 13.487 12.818 12.628 12.99 13.095 13.075 12.995 13.005 13.08 13.03 12.892 12.788 12.738 12.785 12.89 12.967 13.037 13.19 13.397 13.587 13.712 13.757 13.763 13.75 13.735 13.723 13.713 13.71 13.708 13.698 13.685 13.675 13.668 13.668 13.673 13.678 13.677 13.673 13.673 13.675 13.678 13.68 13.68 13.683 13.69 13.695 13.695 13.693 13.69 13.703 13.728 13.753 13.78
14.555 14.565 14.527 14.472 14.417 14.363 14.325 14.315 14.323 14.352 14.382 14.385 14.39 14.412 14.42 14.392 14.31 14.187 14.062 13.927 13.725 13.203 12.798 12.9 13.067 13.075 13.04 13.103 13.195 13.147 13.053 13.047 13.05 13.062 13.087 13.118 13.175 13.318 13.507 13.645 13.722 13.765 13.787 13.787 13.775 13.76 13.743 13.733 13.73 13.722 13.71 13.7 13.695 13.698 13.702 13.7 13.687 13.678 13.673 13.67 13.673 13.677 13.68 13.683 13.695 13.705 13.707 13.707 13.705 13.715 13.735 13.76 13.79
14.53 14.515 14.475 14.425 14.372 14.317 14.265 14.235 14.238 14.265 14.307 14.337 14.35 14.368 14.395 14.422 14.415 14.357 14.257 14.1 13.897 13.49 12.825 12.735 13.065 13.095 13.11 13.192 13.265 13.245 13.195 13.2 13.207 13.22 13.245 13.272 13.313 13.43 13.575 13.66 13.72 13.765 13.795 13.812 13.812 13.8 13.778 13.76 13.753 13.745 13.738 13.733 13.73 13.732 13.73 13.715 13.693 13.68 13.677 13.673 13.67 13.673 13.68 13.69 13.702 13.712 13.717 13.72 13.72 13.73 13.75 13.773 13.797
14.472 14.44 14.4 14.36 14.315 14.265 14.215 14.17 14.155 14.18 14.223 14.265 14.3 14.33 14.358 14.383 14.41 14.427 14.395 14.25 14.03 13.712 13.09 12.865 13.085 13.13 13.185 13.265 13.332 13.35 13.342 13.35 13.36 13.372 13.392 13.415 13.437 13.505 13.595 13.66 13.72 13.765 13.795 13.82 13.837 13.835 13.812 13.793 13.78 13.773 13.767 13.765 13.765 13.76 13.742 13.72 13.698 13.683 13.68 13.675 13.67 13.673 13.682 13.695 13.708 13.72 13.725 13.73 13.735 13.745 13.765 13.785 13.805
14.387 14.355 14.315 14.275 14.235 14.192 14.15 14.105 14.085 14.12 14.183 14.245 14.308 14.338 14.348 14.375 14.405 14.435 14.447 14.347 14.137 13.887 13.467 12.94 12.91 13.157 13.23 13.305 13.37 13.402 13.41 13.417 13.425 13.442 13.465 13.485 13.5 13.535 13.6 13.665 13.722 13.765 13.792 13.818 13.85 13.86 13.84 13.82 13.805 13.798 13.792 13.79 13.79 13.777 13.753 13.727 13.697 13.677 13.672 13.665 13.66 13.665 13.675 13.69 13.72 13.74 13.74 13.743 13.748 13.76 13.78 13.8 13.82
14.305 14.27 14.23 14.19 14.15 14.115 14.098 14.093 14.103 14.15 14.225 14.305 14.385 14.4 14.378 14.395 14.425 14.45 14.46 14.405 14.235 13.997 13.652 13.028 12.895 13.185 13.24 13.305 13.365 13.395 13.398 13.403 13.41 13.435 13.467 13.492 13.51 13.545 13.607 13.67 13.725 13.765 13.79 13.82 13.862 13.875 13.855 13.84 13.83 13.82 13.813 13.808 13.805 13.792 13.765 13.73 13.683 13.655 13.652 13.645 13.64 13.645 13.663 13.695 13.745 13.77 13.763 13.76 13.763 13.775 13.795 13.815 13.837
14.223 14.185 14.148 14.128 14.123 14.123 14.14 14.173 14.208 14.255 14.32 14.39 14.465 14.48 14.433 14.418 14.44 14.457 14.462 14.45 14.325 14.092 13.822 13.405 13.08 13.128 13.247 13.295 13.355 13.387 13.39 13.393 13.4 13.423 13.457 13.492 13.518 13.555 13.612 13.667 13.722 13.762 13.793 13.833 13.877 13.89 13.873 13.865 13.86 13.85 13.84 13.83 13.822 13.802 13.762 13.712 13.658 13.628 13.625 13.623 13.618 13.63 13.67 13.723 13.777 13.8 13.79 13.783 13.78 13.79 13.81 13.83 13.852
14.155 14.145 14.145 14.16 14.19 14.222 14.255 14.287 14.32 14.365 14.43 14.49 14.542 14.55 14.502 14.458 14.45 14.46 14.465 14.47 14.387 14.185 13.94 13.617 13.08 13.008 13.282 13.308 13.35 13.38 13.385 13.385 13.388 13.408 13.445 13.485 13.52 13.56 13.613 13.665 13.717 13.762 13.803 13.847 13.892 13.91 13.9 13.895 13.89 13.88 13.867 13.852 13.835 13.8 13.747 13.69 13.633 13.603 13.603 13.61 13.618 13.645 13.7 13.758 13.81 13.83 13.82 13.81 13.803 13.81 13.83 13.85 13.873
14.173 14.178 14.198 14.227 14.262 14.3 14.337 14.372 14.405 14.447 14.502 14.55 14.577 14.565 14.525 14.483 14.463 14.468 14.473 14.48 14.442 14.272 14.025 13.757 13.305 13.165 13.337 13.35 13.368 13.382 13.388 13.393 13.395 13.415 13.455 13.495 13.53 13.565 13.613 13.665 13.715 13.765 13.81 13.855 13.895 13.917 13.92 13.912 13.907 13.897 13.877 13.855 13.832 13.792 13.735 13.675 13.62 13.605 13.623 13.64 13.66 13.695 13.748 13.8 13.842 13.86 13.855 13.845 13.835 13.84 13.86 13.88 13.913
14.26 14.25 14.248 14.258 14.285 14.325 14.365 14.402 14.43 14.47 14.522 14.562 14.57 14.543 14.513 14.49 14.48 14.483 14.49 14.507 14.51 14.367 14.12 13.89 13.625 13.208 13.168 13.4 13.39 13.382 13.402 13.42 13.428 13.448 13.485 13.52 13.545 13.575 13.618 13.665 13.715 13.765 13.81 13.847 13.872 13.897 13.917 13.917 13.912 13.9 13.873 13.845 13.825 13.785 13.725 13.67 13.625 13.628 13.667 13.695 13.715 13.75 13.8 13.842 13.867 13.882 13.89 13.885 13.875 13.88 13.9 13.928 13.975
14.35 14.34 14.33 14.318 14.318 14.343 14.375 14.402 14.42 14.46 14.525 14.565 14.562 14.54 14.522 14.507 14.498 14.498 14.515 14.545 14.57 14.47 14.252 14.032 13.785 13.278 13.175 13.437 13.385 13.358 13.397 13.432 13.455 13.48 13.51 13.535 13.558 13.588 13.625 13.668 13.715 13.762 13.797 13.82 13.835 13.86 13.892 13.912 13.917 13.902 13.873 13.84 13.815 13.775 13.72 13.678 13.64 13.645 13.695 13.737 13.765 13.8 13.845 13.872 13.885 13.897 13.91 13.915 13.912 13.918 13.945 13.99 14.045
14.435 14.43 14.417 14.4 14.382 14.373 14.375 14.39 14.408 14.443 14.502 14.545 14.55 14.54 14.527 14.515 14.508 14.51 14.53 14.555 14.577 14.517 14.357 14.17 13.935 13.622 13.355 13.337 13.36 13.33 13.375 13.422 13.462 13.497 13.525 13.545 13.57 13.6 13.635 13.672 13.71 13.745 13.765 13.778 13.793 13.818 13.852 13.887 13.912 13.907 13.877 13.84 13.807 13.772 13.73 13.695 13.663 13.67 13.72 13.77 13.812 13.847 13.875 13.89 13.9 13.91 13.922 13.935 13.942 13.963 14.008 14.062 14.118
14.51 14.5 14.477 14.455 14.435 14.402 14.37 14.37 14.387 14.41 14.453 14.5 14.517 14.512 14.505 14.503 14.52 14.515 14.5 14.51 14.525 14.487 14.362 14.232 14.055 13.792 13.298 13.17 13.347 13.318 13.365 13.413 13.46 13.505 13.535 13.555 13.57 13.592 13.627 13.66 13.682 13.702 13.722 13.735 13.75 13.775 13.81 13.85 13.88 13.887 13.865 13.825 13.788 13.77 13.755 13.725 13.693 13.7 13.75 13.8 13.855 13.882 13.883 13.89 13.9 13.912 13.927 13.94 13.955 14 14.065 14.125 14.185
14.57 14.55 14.518 14.488 14.462 14.425 14.378 14.355 14.363 14.38 14.405 14.445 14.47 14.468 14.468 14.495 14.552 14.542 14.48 14.453 14.452 14.427 14.33 14.25 14.137 13.905 13.465 13.295 13.36 13.315 13.363 13.41 13.465 13.515 13.545 13.557 13.555 13.568 13.6 13.622 13.632 13.648 13.672 13.692 13.71 13.735 13.77 13.797 13.805 13.815 13.817 13.79 13.753 13.75 13.767 13.76 13.73 13.735 13.785 13.84 13.905 13.922 13.893 13.885 13.895 13.907 13.92 13.935 13.96 14.018 14.097 14.165 14.205
14.62 14.6 14.565 14.527 14.487 14.44 14.39 14.348 14.34 14.357 14.373 14.395 14.42 14.433 14.46 14.525 14.602 14.6 14.52 14.448 14.4 14.365 14.31 14.267 14.19 14.002 13.707 13.29 13.18 13.322 13.36 13.415 13.472 13.52 13.545 13.545 13.535 13.545 13.567 13.575 13.578 13.593 13.618 13.643 13.665 13.688 13.707 13.71 13.703 13.713 13.737 13.74 13.715 13.715 13.745 13.765 13.76 13.773 13.828 13.895 13.967 13.982 13.933 13.895 13.89 13.9 13.915 13.94 13.97 14.03 14.12 14.18 14.16
14.67 14.642 14.595 14.545 14.495 14.447 14.402 14.355 14.328 14.333 14.348 14.363 14.383 14.423 14.492 14.575 14.655 14.655 14.575 14.492 14.41 14.348 14.308 14.283 14.225 14.057 13.757 13.22 13.105 13.337 13.36 13.42 13.475 13.52 13.537 13.53 13.52 13.525 13.535 13.535 13.538 13.558 13.588 13.615 13.64 13.65 13.64 13.623 13.61 13.613 13.638 13.665 13.668 13.675 13.705 13.738 13.765 13.81 13.883 13.958 14.032 14.045 13.99 13.933 13.895 13.895 13.92 13.95 13.983 14.045 14.123 14.215 14.553
14.7 14.647 14.592 14.535 14.483 14.44 14.4 14.357 14.32 14.315 14.333 14.35 14.373 14.42 14.5 14.59 14.677 14.69 14.617 14.532 14.448 14.38 14.348 14.33 14.28 14.095 13.778 13.445 13.272 13.282 13.332 13.39 13.447 13.497 13.522 13.52 13.51 13.513 13.525 13.53 13.535 13.563 13.603 13.633 13.657 13.66 13.635 13.613 13.605 13.613 13.63 13.65 13.66 13.665 13.685 13.72 13.76 13.838 13.94 14.022 14.095 14.102 14.047 13.99 13.945 13.938 13.95 13.968 13.998 14.048 14.331 14.956 15.868
14.685 14.615 14.572 14.525 14.47 14.425 14.385 14.345 14.31 14.308 14.33 14.35 14.375 14.415 14.478 14.562 14.65 14.677 14.632 14.557 14.473 14.42 14.41 14.402 14.362 14.157 13.815 13.592 13.178 13.048 13.292 13.335 13.392 13.445 13.487 13.505 13.5 13.508 13.53 13.545 13.553 13.58 13.627 13.665 13.695 13.7 13.678 13.668 13.683 13.705 13.722 13.733 13.735 13.718 13.7 13.72 13.76 13.848 13.977 14.08 14.155 14.16 14.105 14.063 14.043 14.037 14.03 14.028 14.141 14.566 15.43 16.53 17.404
14.645 14.578 14.542 14.507 14.46 14.415 14.375 14.338 14.305 14.303 14.328 14.35 14.378 14.418 14.468 14.533 14.597 14.622 14.607 14.567 14.505 14.47 14.47 14.467 14.447 14.24 13.89 13.667 13.255 13.1 13.282 13.29 13.338 13.387 13.435 13.475 13.49 13.503 13.527 13.552 13.568 13.595 13.645 13.692 13.732 13.742 13.735 13.745 13.77 13.795 13.815 13.832 13.842 13.817 13.768 13.743 13.76 13.85 13.99 14.12 14.212 14.22 14.18 14.16 14.14 14.108 14.11 14.411 15.075 16.047 16.997 17.642 18.065
14.605 14.54 14.505 14.475 14.44 14.403 14.365 14.33 14.303 14.303 14.328 14.353 14.385 14.425 14.47 14.52 14.56 14.575 14.573 14.563 14.538 14.52 14.52 14.52 14.515 14.352 14.057 13.805 13.55 13.22 13.143 13.257 13.285 13.333 13.38 13.43 13.47 13.495 13.52 13.55 13.575 13.61 13.66 13.71 13.757 13.775 13.782 13.807 13.835 13.862 13.885 13.907 13.93 13.917 13.867 13.812 13.785 13.853 13.99 14.135 14.247 14.257 14.212 14.175 14.125 14.323 14.856 15.727 16.619 17.247 17.65 17.845 18.035
14.55 14.493 14.46 14.43 14.408 14.397 14.378 14.345 14.32 14.325 14.35 14.375 14.405 14.443 14.488 14.53 14.565 14.585 14.59 14.59 14.58 14.563 14.553 14.55 14.545 14.417 14.17 13.917 13.672 13.15 12.995 13.24 13.26 13.31 13.36 13.408 13.45 13.472 13.49 13.52 13.55 13.607 13.675 13.725 13.767 13.772 13.77 13.795 13.825 13.852 13.877 13.905 13.945 13.947 13.9 13.847 13.818 13.86 13.978 14.122 14.22 14.21 14.145 14.263 14.678 15.47 16.352 17.012 17.377 17.48 17.595 17.765 17.955
14.48 14.438 14.408 14.385 14.378 14.395 14.405 14.382 14.358 14.365 14.39 14.412 14.435 14.468 14.512 14.552 14.59 14.625 14.647 14.655 14.645 14.618 14.59 14.575 14.552 14.41 14.175 13.965 13.77 13.355 13.143 13.237 13.26 13.32 13.365 13.405 13.44 13.443 13.44 13.465 13.495 13.58 13.685 13.745 13.775 13.757 13.728 13.735 13.762 13.788 13.818 13.858 13.912 13.922 13.875 13.845 13.855 13.888 13.968 14.095 14.145 14.201 14.538 15.253 16.092 16.784 17.174 17.302 17.38 17.46 17.55 17.552 17.457
