EGM722_Project_Data/DTM_asc/TL4553.asc
ncols         200
nrows         200
xllcorner     545000.000
yllcorner     253000.000
cellsize      5
NODATA_value  -9999.0
[rows 160 to 191 of 200, columns 0 to 72 of 200]
16.432 16.528 16.668 16.855 17.037 17.215 17.418 17.645 17.872 18.092 18.305 18.523 18.75 18.988 19.232 19.472 19.705 19.927 20.127 20.315 20.507 20.7 20.872 21.025 21.172 21.31 21.425 21.515 21.59 21.658 21.748 21.867 21.967 22.012 22.027 22.037 22.04 22.035 22.03 22.012 21.977 21.955 21.942 21.927 21.905 21.878 21.868 21.877 21.88 21.87 21.855 21.835 21.815 21.795 21.78 21.77 21.757 21.74 21.723 21.718 21.738 21.775 21.817 21.887 21.962 22.017 22.042 22.035 22.02 22.017 21.987 21.9 21.84
16.457 16.553 16.69 16.872 17.057 17.243 17.45 17.68 17.91 18.137 18.357 18.577 18.802 19.032 19.263 19.49 19.72 19.947 20.157 20.35 20.545 20.74 20.91 21.06 21.21 21.355 21.467 21.543 21.61 21.678 21.763 21.875 22 22.097 22.13 22.127 22.12 22.11 22.1 22.06 22.003 21.975 21.968 21.962 21.95 21.93 21.918 21.93 21.945 21.94 21.925 21.905 21.885 21.867 21.855 21.842 21.827 21.825 21.833 21.853 21.89 21.927 21.955 21.985 22.017 22.04 22.057 22.072 22.08 22.08 22.067 22.035 22.007
16.452 16.56 16.71 16.89 17.075 17.26 17.468 17.7 17.93 18.16 18.387 18.61 18.835 19.075 19.295 19.495 19.718 19.95 20.162 20.357 20.552 20.747 20.92 21.07 21.222 21.382 21.515 21.597 21.665 21.73 21.8 21.895 22.013 22.132 22.195 22.195 22.185 22.175 22.157 22.107 22.043 22.01 22.003 21.995 21.985 21.975 21.965 21.975 22 22.002 21.987 21.97 21.95 21.93 21.915 21.9 21.88 21.915 21.957 21.975 22.012 22.047 22.052 22.02 22.013 22.037 22.055 22.07 22.088 22.118 22.152 22.157 22.142
16.435 16.568 16.73 16.91 17.09 17.268 17.475 17.712 17.945 18.175 18.403 18.628 18.868 19.13 19.347 19.518 19.713 19.935 20.147 20.345 20.54 20.735 20.912 21.065 21.228 21.405 21.555 21.662 21.742 21.807 21.87 21.94 22.033 22.147 22.225 22.247 22.25 22.24 22.217 22.165 22.103 22.065 22.05 22.04 22.03 22.023 22.018 22.023 22.045 22.055 22.045 22.03 22.007 21.98 21.955 21.938 21.948 22.033 22.092 22.093 22.118 22.15 22.132 22.065 22.025 22.035 22.055 22.07 22.108 22.178 22.235 22.252 22.247
16.445 16.59 16.748 16.925 17.1 17.273 17.48 17.72 17.96 18.195 18.42 18.658 18.923 19.195 19.41 19.57 19.738 19.93 20.135 20.335 20.53 20.725 20.905 21.07 21.248 21.432 21.585 21.705 21.807 21.885 21.95 22.01 22.075 22.168 22.242 22.28 22.305 22.305 22.277 22.225 22.17 22.128 22.103 22.093 22.085 22.08 22.08 22.083 22.093 22.105 22.105 22.087 22.057 22.025 21.995 21.988 22.053 22.175 22.235 22.223 22.228 22.24 22.202 22.13 22.065 22.04 22.058 22.1 22.178 22.27 22.322 22.34 22.345
16.462 16.608 16.763 16.933 17.105 17.278 17.485 17.725 17.968 18.208 18.45 18.712 18.987 19.257 19.47 19.63 19.79 19.96 20.145 20.338 20.533 20.728 20.908 21.085 21.27 21.455 21.61 21.732 21.852 21.952 22.025 22.082 22.138 22.205 22.263 22.3 22.335 22.355 22.337 22.29 22.237 22.188 22.158 22.15 22.145 22.14 22.142 22.148 22.153 22.16 22.16 22.137 22.102 22.068 22.038 22.07 22.185 22.317 22.375 22.36 22.345 22.317 22.257 22.185 22.11 22.063 22.093 22.18 22.275 22.36 22.407 22.422 22.432
16.475 16.62 16.778 16.945 17.115 17.29 17.5 17.74 17.98 18.223 18.483 18.757 19.035 19.3 19.517 19.692 19.855 20.018 20.188 20.37 20.563 20.757 20.935 21.103 21.283 21.467 21.625 21.752 21.875 21.99 22.075 22.132 22.19 22.252 22.3 22.333 22.365 22.397 22.395 22.35 22.295 22.248 22.215 22.2 22.195 22.19 22.197 22.21 22.22 22.225 22.21 22.175 22.14 22.105 22.078 22.13 22.262 22.397 22.45 22.427 22.392 22.335 22.262 22.187 22.115 22.085 22.143 22.247 22.35 22.425 22.457 22.467 22.475
16.485 16.63 16.79 16.962 17.135 17.313 17.525 17.765 18.005 18.248 18.508 18.785 19.052 19.297 19.53 19.745 19.925 20.085 20.25 20.425 20.61 20.802 20.975 21.128 21.293 21.472 21.635 21.765 21.89 22.017 22.107 22.165 22.228 22.295 22.347 22.38 22.41 22.445 22.445 22.4 22.355 22.323 22.283 22.248 22.235 22.23 22.243 22.267 22.285 22.292 22.267 22.213 22.168 22.133 22.113 22.153 22.26 22.395 22.447 22.412 22.362 22.298 22.227 22.153 22.103 22.11 22.18 22.285 22.382 22.437 22.455 22.46 22.462
16.498 16.64 16.803 16.977 17.15 17.333 17.55 17.79 18.03 18.27 18.53 18.797 19.04 19.27 19.51 19.755 19.975 20.155 20.32 20.49 20.665 20.847 21.015 21.165 21.318 21.483 21.642 21.778 21.91 22.047 22.142 22.203 22.27 22.34 22.392 22.427 22.46 22.495 22.495 22.458 22.43 22.405 22.362 22.313 22.28 22.27 22.285 22.315 22.34 22.357 22.332 22.265 22.203 22.158 22.145 22.185 22.265 22.377 22.427 22.385 22.327 22.262 22.193 22.135 22.125 22.153 22.22 22.317 22.385 22.415 22.432 22.437 22.435
16.515 16.653 16.815 16.99 17.163 17.35 17.57 17.81 18.05 18.29 18.537 18.777 19.005 19.235 19.475 19.725 19.972 20.197 20.385 20.555 20.725 20.895 21.055 21.205 21.355 21.505 21.652 21.792 21.93 22.07 22.175 22.245 22.315 22.385 22.437 22.472 22.507 22.545 22.552 22.532 22.515 22.49 22.448 22.39 22.34 22.315 22.325 22.358 22.393 22.42 22.392 22.322 22.255 22.193 22.178 22.225 22.295 22.375 22.4 22.35 22.29 22.225 22.165 22.145 22.165 22.195 22.257 22.33 22.367 22.39 22.413 22.42 22.413
16.522 16.655 16.813 16.987 17.163 17.353 17.575 17.815 18.052 18.285 18.505 18.722 18.95 19.177 19.422 19.68 19.932 20.182 20.39 20.56 20.732 20.91 21.077 21.23 21.38 21.527 21.665 21.792 21.925 22.065 22.175 22.252 22.325 22.402 22.465 22.502 22.537 22.575 22.59 22.58 22.567 22.572 22.557 22.5 22.443 22.398 22.4 22.44 22.48 22.492 22.445 22.373 22.305 22.238 22.208 22.243 22.307 22.372 22.38 22.323 22.26 22.2 22.163 22.17 22.202 22.235 22.28 22.322 22.35 22.378 22.41 22.432 22.43
16.515 16.643 16.798 16.973 17.15 17.34 17.56 17.8 18.032 18.255 18.458 18.658 18.878 19.103 19.355 19.627 19.887 20.135 20.34 20.513 20.695 20.887 21.072 21.237 21.39 21.54 21.672 21.785 21.905 22.04 22.15 22.228 22.31 22.405 22.475 22.515 22.55 22.585 22.6 22.59 22.603 22.66 22.69 22.65 22.59 22.533 22.523 22.562 22.587 22.565 22.5 22.42 22.345 22.278 22.24 22.25 22.295 22.357 22.367 22.313 22.253 22.21 22.193 22.195 22.218 22.252 22.285 22.315 22.345 22.375 22.415 22.457 22.475
16.505 16.63 16.783 16.96 17.143 17.33 17.543 17.777 18.005 18.222 18.422 18.61 18.81 19.033 19.288 19.565 19.835 20.085 20.292 20.475 20.67 20.865 21.052 21.23 21.395 21.55 21.68 21.788 21.898 22.02 22.127 22.213 22.308 22.41 22.48 22.522 22.562 22.597 22.61 22.623 22.68 22.76 22.82 22.81 22.75 22.69 22.66 22.672 22.667 22.625 22.557 22.473 22.393 22.318 22.283 22.285 22.303 22.345 22.355 22.315 22.273 22.25 22.237 22.225 22.225 22.25 22.285 22.315 22.345 22.375 22.415 22.465 22.505
16.498 16.625 16.778 16.958 17.14 17.323 17.528 17.753 17.975 18.19 18.39 18.575 18.76 18.97 19.22 19.495 19.773 20.035 20.252 20.445 20.645 20.842 21.03 21.21 21.387 21.555 21.687 21.793 21.898 22.008 22.113 22.213 22.315 22.415 22.485 22.528 22.57 22.608 22.643 22.7 22.78 22.857 22.932 22.952 22.905 22.842 22.792 22.762 22.727 22.682 22.615 22.53 22.447 22.365 22.325 22.327 22.335 22.352 22.357 22.337 22.315 22.297 22.283 22.27 22.26 22.263 22.283 22.31 22.34 22.37 22.413 22.465 22.515
16.525 16.653 16.805 16.988 17.165 17.33 17.518 17.735 17.955 18.162 18.362 18.557 18.74 18.938 19.18 19.455 19.733 19.995 20.215 20.41 20.613 20.82 21.015 21.195 21.375 21.552 21.695 21.805 21.913 22.018 22.123 22.228 22.33 22.427 22.495 22.538 22.58 22.623 22.677 22.747 22.825 22.9 22.975 23.025 23.005 22.942 22.885 22.835 22.785 22.737 22.67 22.585 22.5 22.415 22.36 22.345 22.35 22.36 22.36 22.35 22.338 22.338 22.343 22.338 22.33 22.305 22.295 22.318 22.345 22.375 22.418 22.47 22.522
16.582 16.708 16.86 17.04 17.2 17.338 17.513 17.73 17.932 18.112 18.317 18.542 18.742 18.935 19.173 19.447 19.712 19.96 20.175 20.373 20.583 20.8 21.002 21.185 21.365 21.545 21.697 21.82 21.935 22.042 22.147 22.25 22.35 22.445 22.51 22.553 22.597 22.645 22.693 22.745 22.815 22.89 22.962 23.027 23.042 23 22.943 22.892 22.845 22.792 22.722 22.638 22.55 22.465 22.4 22.36 22.345 22.35 22.352 22.345 22.353 22.393 22.422 22.422 22.402 22.347 22.32 22.34 22.365 22.395 22.435 22.485 22.527
16.637 16.765 16.917 17.077 17.207 17.333 17.508 17.707 17.875 18.035 18.245 18.492 18.722 18.93 19.168 19.432 19.68 19.92 20.138 20.343 20.56 20.78 20.987 21.175 21.355 21.535 21.69 21.82 21.947 22.065 22.17 22.27 22.37 22.462 22.527 22.57 22.615 22.665 22.712 22.758 22.813 22.88 22.948 23.01 23.057 23.05 22.998 22.948 22.9 22.847 22.78 22.692 22.6 22.515 22.45 22.4 22.36 22.348 22.35 22.363 22.405 22.465 22.505 22.497 22.445 22.368 22.338 22.362 22.39 22.42 22.457 22.495 22.507
16.685 16.817 16.957 17.087 17.2 17.325 17.485 17.65 17.8 17.96 18.173 18.425 18.673 18.913 19.16 19.41 19.65 19.888 20.11 20.325 20.545 20.765 20.972 21.162 21.345 21.522 21.677 21.81 21.942 22.07 22.182 22.282 22.38 22.472 22.542 22.592 22.638 22.685 22.735 22.78 22.825 22.878 22.935 22.993 23.05 23.08 23.055 23.005 22.953 22.9 22.835 22.747 22.655 22.568 22.5 22.45 22.4 22.365 22.365 22.407 22.47 22.53 22.567 22.54 22.465 22.383 22.355 22.385 22.415 22.445 22.473 22.483 22.473
16.687 16.822 16.95 17.067 17.18 17.303 17.445 17.595 17.75 17.923 18.14 18.39 18.643 18.898 19.155 19.405 19.645 19.883 20.115 20.338 20.555 20.775 20.97 21.143 21.32 21.497 21.655 21.79 21.92 22.055 22.177 22.277 22.372 22.467 22.552 22.612 22.657 22.705 22.763 22.817 22.863 22.908 22.958 23.008 23.058 23.102 23.1 23.057 23.007 22.952 22.888 22.808 22.725 22.635 22.56 22.51 22.46 22.418 22.4 22.433 22.495 22.555 22.577 22.53 22.453 22.408 22.415 22.445 22.475 22.505 22.52 22.51 22.495
16.65 16.787 16.912 17.03 17.148 17.268 17.405 17.56 17.733 17.925 18.143 18.385 18.638 18.893 19.155 19.415 19.66 19.9 20.137 20.367 20.59 20.807 20.987 21.133 21.29 21.465 21.625 21.76 21.893 22.032 22.157 22.26 22.357 22.452 22.545 22.62 22.675 22.728 22.792 22.862 22.917 22.962 23.01 23.057 23.097 23.122 23.115 23.077 23.033 22.993 22.955 22.895 22.807 22.705 22.625 22.575 22.53 22.498 22.465 22.45 22.485 22.545 22.555 22.498 22.455 22.475 22.515 22.545 22.575 22.605 22.612 22.593 22.575
16.618 16.75 16.877 16.995 17.115 17.235 17.375 17.545 17.735 17.935 18.15 18.388 18.633 18.885 19.15 19.417 19.672 19.915 20.153 20.39 20.622 20.837 21.007 21.14 21.278 21.438 21.595 21.733 21.87 22.01 22.132 22.237 22.34 22.435 22.528 22.617 22.69 22.75 22.818 22.895 22.965 23.017 23.065 23.107 23.127 23.13 23.112 23.08 23.06 23.055 23.047 22.99 22.882 22.77 22.69 22.645 22.61 22.583 22.55 22.513 22.5 22.535 22.54 22.508 22.525 22.575 22.615 22.645 22.677 22.707 22.707 22.68 22.658
16.595 16.715 16.84 16.96 17.083 17.205 17.358 17.548 17.745 17.945 18.16 18.395 18.635 18.882 19.145 19.412 19.675 19.927 20.17 20.407 20.642 20.86 21.025 21.155 21.285 21.425 21.57 21.71 21.85 21.99 22.11 22.215 22.32 22.418 22.513 22.605 22.69 22.765 22.84 22.92 22.997 23.065 23.112 23.132 23.132 23.13 23.122 23.113 23.115 23.125 23.115 23.045 22.937 22.833 22.76 22.725 22.698 22.67 22.635 22.597 22.56 22.548 22.555 22.578 22.625 22.675 22.717 22.75 22.782 22.805 22.795 22.765 22.735
16.563 16.69 16.82 16.94 17.065 17.19 17.35 17.55 17.75 17.95 18.16 18.387 18.622 18.865 19.125 19.392 19.655 19.915 20.17 20.412 20.647 20.867 21.042 21.18 21.31 21.44 21.575 21.715 21.855 21.987 22.102 22.208 22.31 22.41 22.505 22.595 22.682 22.762 22.84 22.92 23 23.077 23.125 23.13 23.125 23.123 23.135 23.152 23.157 23.162 23.142 23.07 22.97 22.888 22.84 22.813 22.787 22.752 22.71 22.67 22.63 22.598 22.605 22.65 22.7 22.75 22.79 22.82 22.85 22.867 22.855 22.822 22.78
16.53 16.68 16.82 16.94 17.065 17.19 17.348 17.545 17.747 17.952 18.158 18.368 18.59 18.83 19.09 19.355 19.605 19.858 20.13 20.397 20.64 20.86 21.045 21.197 21.337 21.47 21.605 21.742 21.875 21.995 22.105 22.21 22.31 22.407 22.5 22.59 22.672 22.745 22.82 22.9 22.98 23.06 23.11 23.117 23.112 23.108 23.13 23.167 23.187 23.195 23.167 23.09 23.008 22.963 22.935 22.91 22.875 22.82 22.77 22.73 22.693 22.665 22.668 22.7 22.745 22.795 22.83 22.853 22.88 22.902 22.892 22.852 22.792
16.52 16.68 16.82 16.942 17.067 17.193 17.348 17.54 17.745 17.955 18.16 18.36 18.568 18.798 19.052 19.305 19.54 19.783 20.06 20.352 20.62 20.85 21.035 21.197 21.355 21.495 21.63 21.76 21.88 21.997 22.107 22.21 22.307 22.403 22.495 22.58 22.655 22.725 22.8 22.88 22.96 23.042 23.09 23.097 23.097 23.095 23.118 23.162 23.202 23.222 23.192 23.128 23.083 23.06 23.035 23 22.947 22.885 22.833 22.793 22.758 22.733 22.735 22.76 22.793 22.833 22.867 22.89 22.913 22.937 22.927 22.87 22.792
16.52 16.677 16.817 16.942 17.067 17.195 17.35 17.543 17.747 17.955 18.16 18.36 18.56 18.77 19.003 19.24 19.47 19.708 19.98 20.28 20.572 20.825 21.017 21.185 21.35 21.505 21.645 21.767 21.883 22 22.11 22.208 22.302 22.397 22.487 22.565 22.635 22.705 22.78 22.86 22.94 23.025 23.07 23.075 23.08 23.083 23.105 23.15 23.2 23.237 23.232 23.203 23.177 23.155 23.125 23.075 23.015 22.955 22.9 22.858 22.82 22.798 22.808 22.835 22.86 22.883 22.908 22.93 22.953 22.975 22.95 22.872 22.79
16.52 16.677 16.815 16.935 17.06 17.19 17.345 17.54 17.747 17.952 18.152 18.35 18.547 18.745 18.96 19.19 19.418 19.643 19.895 20.182 20.48 20.747 20.95 21.12 21.287 21.462 21.632 21.77 21.885 22 22.11 22.205 22.3 22.395 22.472 22.54 22.61 22.68 22.755 22.835 22.915 22.997 23.04 23.045 23.053 23.065 23.088 23.122 23.167 23.21 23.255 23.277 23.26 23.235 23.202 23.152 23.095 23.035 22.983 22.94 22.905 22.893 22.91 22.94 22.957 22.955 22.963 22.985 23.005 23.005 22.952 22.87 22.788
16.52 16.68 16.815 16.93 17.053 17.18 17.338 17.533 17.737 17.937 18.13 18.325 18.52 18.715 18.93 19.157 19.377 19.588 19.815 20.075 20.36 20.635 20.845 21.015 21.193 21.383 21.577 21.75 21.882 21.997 22.105 22.202 22.3 22.395 22.465 22.518 22.578 22.645 22.72 22.8 22.88 22.96 23 23.008 23.025 23.052 23.07 23.08 23.11 23.15 23.22 23.3 23.325 23.307 23.275 23.232 23.182 23.125 23.075 23.038 23.018 23.02 23.04 23.062 23.057 23.03 23.028 23.047 23.045 23.012 22.95 22.868 22.793
16.525 16.682 16.815 16.93 17.048 17.17 17.33 17.522 17.717 17.907 18.098 18.295 18.49 18.685 18.898 19.117 19.327 19.53 19.75 19.995 20.255 20.522 20.742 20.92 21.11 21.307 21.505 21.7 21.867 21.995 22.1 22.2 22.3 22.395 22.462 22.505 22.55 22.61 22.685 22.765 22.845 22.922 22.965 22.985 23.015 23.05 23.065 23.058 23.065 23.095 23.163 23.265 23.35 23.372 23.347 23.31 23.265 23.212 23.168 23.145 23.145 23.152 23.165 23.165 23.132 23.095 23.085 23.082 23.052 23.01 22.947 22.873 22.825
16.532 16.685 16.817 16.932 17.045 17.162 17.315 17.5 17.69 17.875 18.065 18.263 18.458 18.655 18.86 19.068 19.27 19.47 19.69 19.935 20.18 20.425 20.645 20.837 21.032 21.23 21.43 21.63 21.822 21.982 22.097 22.195 22.292 22.39 22.46 22.5 22.54 22.59 22.66 22.74 22.823 22.895 22.94 22.975 23.012 23.047 23.062 23.055 23.048 23.053 23.108 23.208 23.315 23.397 23.412 23.38 23.335 23.29 23.265 23.262 23.27 23.275 23.267 23.237 23.192 23.152 23.122 23.09 23.05 23.008 22.953 22.905 22.88
16.532 16.657 16.767 16.88 16.99 17.12 17.283 17.465 17.652 17.837 18.032 18.233 18.43 18.63 18.83 19.03 19.228 19.415 19.615 19.847 20.09 20.325 20.54 20.74 20.942 21.15 21.353 21.55 21.75 21.93 22.057 22.152 22.253 22.37 22.46 22.505 22.545 22.59 22.655 22.735 22.812 22.875 22.92 22.96 23 23.035 23.067 23.08 23.07 23.06 23.083 23.163 23.27 23.38 23.42 23.385 23.345 23.322 23.327 23.335 23.34 23.342 23.32 23.277 23.235 23.192 23.147 23.103 23.058 23.02 22.985 22.955 22.935
16.495 16.572 16.653 16.76 16.885 17.05 17.237 17.423 17.605 17.79 17.993 18.205 18.41 18.61 18.81 19.01 19.195 19.357 19.533 19.74 19.968 20.202 20.42 20.623 20.843 21.07 21.277 21.475 21.672 21.852 21.985 22.085 22.203 22.347 22.455 22.507 22.552 22.598 22.66 22.737 22.802 22.855 22.897 22.935 22.975 23.01 23.06 23.112 23.125 23.115 23.115 23.153 23.24 23.347 23.377 23.34 23.323 23.33 23.35 23.365 23.372 23.367 23.34 23.3 23.26 23.217 23.173 23.128 23.09 23.073 23.048 23.01 22.985
