EGM722_Project_Data/DTM_asc/TL4561.asc
ncols         200
nrows         200
xllcorner     545000.000
yllcorner     261000.000
cellsize      5
NODATA_value  -9999.0
[rows 0 to 31 of 200, columns 73 to 145 of 200]
13.048 13.035 13.028 13.028 13.055 13.105 13.152 13.192 13.23 13.285 13.36 13.44 13.52 13.603 13.685 13.645 13.305 13.103 13.253 13.505 13.813 14.09 14.353 14.63 14.908 15.18 15.475 15.783 16.082 16.375 16.663 16.95 17.24 17.53 17.797 18.042 18.27 18.48 18.69 18.917 19.152 19.315 19.412 19.505 19.6 19.767 19.92 19.947 19.93 19.912 19.897 19.877 19.852 19.658 16.607 13.449 13.057 16.107 19.358 19.427 19.37 19.313 19.263 19.22 19.183 19.148 19.115 19.083 19.053 19.03 19.01 18.99 18.97
13.125 13.117 13.113 13.123 13.16 13.21 13.26 13.305 13.353 13.42 13.5 13.58 13.69 13.858 14.05 14.24 14.368 14.55 14.845 15.147 15.447 15.715 15.965 16.212 16.473 16.765 17.075 17.388 17.7 18.005 18.297 18.585 18.852 19.1 19.332 19.485 19.577 19.675 19.772 19.887 20.012 20.062 20.045 20.027 20.012 19.995 19.977 19.962 19.945 19.927 19.912 19.887 19.855 19.819 17.522 14.214 13.074 14.628 17.884 19.449 19.393 19.335 19.275 19.22 19.17 19.128 19.093 19.057 19.03 19.01 18.99 18.97 18.949
13.162 13.192 13.2 13.223 13.27 13.318 13.415 13.585 13.778 13.97 14.16 14.348 14.565 14.84 15.14 15.445 15.84 16.23 16.51 16.765 17.012 17.258 17.505 17.768 18.057 18.365 18.677 18.992 19.3 19.532 19.687 19.827 19.942 20.037 20.135 20.177 20.16 20.142 20.127 20.11 20.092 20.077 20.06 20.042 20.028 20.01 19.993 19.977 19.96 19.942 19.922 19.89 19.853 19.817 18.639 15.34 13.091 13.16 16.421 19.474 19.417 19.36 19.3 19.24 19.182 19.13 19.079 18.977 18.787 18.562 18.337 18.112 17.887
13.098 13.198 13.398 13.62 13.81 13.998 14.238 14.555 14.893 15.22 15.54 15.845 16.14 16.443 16.75 17.065 17.427 17.762 18.027 18.29 18.547 18.8 19.057 19.32 19.53 19.69 19.855 20.02 20.175 20.257 20.262 20.25 20.235 20.222 20.205 20.19 20.175 20.157 20.142 20.125 20.108 20.093 20.075 20.057 20.042 20.025 20.007 19.993 19.975 19.955 19.927 19.89 19.85 19.815 19.481 16.195 13.112 12.969 16.235 19.498 19.439 19.302 19.004 18.687 18.447 18.217 17.987 17.707 17.334 16.917 16.49 16.06 15.63
13.068 13.53 14.203 14.663 15.028 15.365 15.703 16.045 16.39 16.735 17.083 17.43 17.76 18.082 18.39 18.682 18.98 19.262 19.48 19.64 19.787 19.897 20.012 20.147 20.212 20.225 20.237 20.25 20.262 20.272 20.267 20.25 20.235 20.222 20.207 20.195 20.182 20.167 20.152 20.137 20.122 20.107 20.09 20.072 20.057 20.04 20.023 20.007 19.987 19.962 19.93 19.89 19.85 19.812 19.776 16.987 13.614 12.889 15.107 17.671 17.957 17.827 17.357 16.865 16.452 16.055 15.66 15.27 14.88 14.483 14.073 13.741 13.503
13.12 13.931 15.328 16.207 16.588 16.955 17.33 17.708 18.075 18.42 18.745 19.067 19.36 19.582 19.747 19.895 20.04 20.182 20.282 20.315 20.272 20.197 20.192 20.217 20.228 20.24 20.253 20.265 20.277 20.285 20.272 20.25 20.233 20.218 20.205 20.195 20.182 20.167 20.155 20.145 20.13 20.115 20.102 20.085 20.07 20.055 20.037 20.022 19.997 19.962 19.877 19.679 19.417 19.152 18.891 16.916 14.08 12.958 13.458 14.635 15.263 15.155 14.763 14.36 13.966 13.661 13.463 13.288 13.111 12.928 12.736 12.613 12.583
13.116 14.855 17.195 18.045 18.425 18.802 19.152 19.435 19.65 19.837 19.997 20.142 20.267 20.335 20.365 20.395 20.422 20.45 20.457 20.392 20.25 20.17 20.21 20.245 20.248 20.255 20.268 20.28 20.292 20.295 20.277 20.255 20.233 20.215 20.205 20.192 20.178 20.165 20.155 20.142 20.127 20.115 20.105 20.09 20.074 19.967 19.754 19.517 19.272 19.034 18.734 18.312 17.827 17.34 16.852 15.405 13.663 12.97 12.778 13.036 13.318 13.198 12.991 12.796 12.611 12.516 12.526 12.555 12.583 12.603 12.608 12.595 12.583
13.021 16.159 19.439 19.676 19.89 20.087 20.247 20.34 20.375 20.405 20.432 20.46 20.49 20.52 20.548 20.575 20.595 20.592 20.532 20.35 20.188 20.168 20.22 20.267 20.275 20.278 20.285 20.295 20.305 20.3 20.28 20.26 20.237 20.217 20.202 20.187 20.175 20.165 20.152 20.037 19.824 19.614 19.404 19.192 18.979 18.647 18.182 17.692 17.222 16.787 16.343 15.885 15.43 14.975 14.54 13.835 13.178 12.88 12.71 12.665 12.65 12.645 12.623 12.593 12.573 12.56 12.56 12.575 12.595 12.605 12.6 12.59 12.585
13.038 14.787 16.6 18.509 20.437 20.469 20.5 20.53 20.557 20.585 20.615 20.645 20.675 20.705 20.73 20.732 20.71 20.66 20.467 20.23 20.148 20.163 20.223 20.285 20.305 20.305 20.305 20.312 20.317 20.302 20.28 20.26 20.24 20.134 19.912 19.674 19.459 19.249 19.037 18.724 18.315 17.905 17.495 17.065 16.607 16.115 15.595 15.075 14.583 14.248 14.046 13.846 13.646 13.446 13.241 13.105 12.978 12.82 12.75 12.735 12.752 12.797 12.797 12.75 12.695 12.64 12.608 12.598 12.602 12.605 12.598 12.595 12.592
13.216 13.086 12.98 14.828 16.725 18.699 20.682 20.714 20.742 20.77 20.8 20.83 20.86 20.875 20.865 20.825 20.77 20.58 20.283 20.145 20.14 20.16 20.228 20.302 20.332 20.332 20.327 20.287 20.147 19.944 19.747 19.549 19.352 19.039 18.575 18.09 17.627 17.17 16.725 16.305 15.895 15.47 15.02 14.573 14.216 13.933 13.648 13.363 13.151 13.083 13.086 13.09 13.095 13.095 13.055 12.97 12.878 12.825 12.817 12.812 12.815 12.83 12.83 12.805 12.772 12.732 12.68 12.617 12.582 12.592 12.605 12.602 12.597
14.698 13.272 13.143 13.031 12.963 14.891 16.855 18.889 20.922 20.954 20.985 21.012 21.017 20.987 20.935 20.875 20.707 20.37 20.153 20.135 20.135 20.158 20.23 20.312 20.352 20.29 20.004 19.535 18.992 18.487 18.115 17.802 17.425 16.95 16.438 15.92 15.405 14.893 14.448 14.156 13.946 13.701 13.423 13.178 13.048 13 12.953 12.953 13.063 13.147 13.137 13.125 13.105 13.073 13.033 12.978 12.913 12.878 12.875 12.875 12.87 12.842 12.795 12.762 12.747 12.72 12.655 12.562 12.495 12.507 12.555 12.585 12.602
17.554 15.561 14.081 13.196 13.083 13.004 12.968 14.969 17.26 19.349 21.152 21.143 21.103 21.044 20.984 20.832 20.485 20.2 20.132 20.125 20.125 20.152 20.202 20.137 19.887 19.464 18.777 17.925 17.105 16.423 15.91 15.53 15.115 14.671 14.325 14.005 13.686 13.416 13.251 13.216 13.255 13.22 13.12 13.025 12.948 12.895 12.878 12.955 13.092 13.17 13.175 13.16 13.122 13.078 13.055 13.025 12.968 12.93 12.925 12.917 12.897 12.84 12.75 12.678 12.63 12.59 12.528 12.44 12.36 12.363 12.438 12.518 12.587
19.159 18.514 17.087 15.475 13.924 13.139 13.053 13.004 13.253 15.316 17.584 17.784 17.643 18.247 19.014 19.327 19.352 19.37 19.372 19.342 19.322 19.292 19.194 18.952 18.422 17.677 16.885 16.078 15.275 14.575 14.078 13.806 13.558 13.298 13.153 13.058 13.03 13.073 13.148 13.235 13.327 13.34 13.233 13.088 12.963 12.85 12.84 12.96 13.097 13.192 13.212 13.18 13.12 13.073 13.058 13.047 13.012 12.98 12.967 12.942 12.91 12.847 12.75 12.65 12.563 12.498 12.438 12.37 12.303 12.313 12.4 12.495 12.593
19.397 19.382 19.366 18.571 17.079 15.393 13.774 13.103 13.045 13.014 13.467 13.679 13.61 14.559 15.953 16.848 17.352 17.632 17.662 17.6 17.527 17.4 17.16 16.88 16.407 15.66 14.863 14.25 13.8 13.393 13.178 13.205 13.205 13.075 12.963 12.975 13.098 13.145 13.173 13.275 13.372 13.442 13.395 13.232 13.04 12.855 12.823 12.948 13.092 13.212 13.237 13.18 13.108 13.065 13.055 13.05 13.037 13.015 12.987 12.95 12.915 12.85 12.75 12.65 12.553 12.478 12.433 12.39 12.34 12.36 12.453 12.547 12.635
19.509 19.347 19.149 18.951 18.753 17.62 15.639 14.257 13.47 13.083 13.01 12.97 13.04 13.423 14.088 14.75 15.323 15.67 15.743 15.663 15.503 15.265 14.958 14.658 14.375 13.993 13.536 13.245 13.118 12.973 12.895 12.983 13.05 12.97 12.983 13.245 13.523 13.465 13.25 13.248 13.355 13.46 13.447 13.27 13.035 12.85 12.83 12.93 13.067 13.182 13.197 13.145 13.085 13.05 13.037 13.027 13.017 12.992 12.957 12.92 12.882 12.83 12.745 12.645 12.548 12.483 12.465 12.44 12.393 12.415 12.507 12.595 12.657
18.489 18.135 17.745 17.355 16.965 16.617 15.796 14.537 13.555 13.123 13.035 12.96 13 13.135 13.26 13.508 13.84 14.035 14.073 14.018 13.905 13.743 13.561 13.403 13.328 13.283 13.185 13.068 12.965 12.873 12.813 12.848 12.943 13.26 13.8 14.22 14.282 13.952 13.48 13.23 13.265 13.365 13.335 13.167 12.973 12.84 12.85 12.93 13.02 13.075 13.073 13.05 13.02 13.002 12.99 12.975 12.957 12.927 12.892 12.855 12.813 12.78 12.73 12.64 12.543 12.483 12.48 12.477 12.445 12.47 12.557 12.622 12.652
16.385 15.995 15.605 15.215 14.825 14.463 13.951 13.428 13.205 13.125 13.05 12.965 12.975 13.085 13.187 13.275 13.343 13.355 13.325 13.3 13.285 13.273 13.265 13.263 13.252 13.197 13.103 13.015 12.945 12.895 12.845 12.848 13.23 14.177 15.072 15.259 14.847 14.305 13.81 13.37 13.203 13.227 13.155 13.003 12.865 12.805 12.848 12.92 12.97 12.978 12.965 12.955 12.943 12.933 12.925 12.915 12.895 12.862 12.825 12.785 12.74 12.713 12.695 12.632 12.535 12.48 12.485 12.5 12.493 12.523 12.587 12.62 12.637
14.298 14.028 13.803 13.581 13.373 13.188 13.098 13.103 13.12 13.11 13.052 12.973 12.95 13.015 13.102 13.185 13.26 13.28 13.25 13.22 13.198 13.19 13.19 13.19 13.185 13.138 13.065 13.008 12.95 12.903 12.863 13.085 13.85 14.862 15.594 15.595 15.077 14.57 14.11 13.63 13.25 13.093 13 12.878 12.773 12.755 12.822 12.887 12.925 12.927 12.913 12.903 12.898 12.885 12.87 12.858 12.833 12.795 12.755 12.713 12.668 12.64 12.632 12.605 12.53 12.483 12.495 12.515 12.528 12.555 12.587 12.603 12.62
13.105 13 12.945 12.925 12.94 12.97 13.003 13.027 13.052 13.065 13.03 12.955 12.903 12.933 13.017 13.1 13.167 13.2 13.19 13.163 13.14 13.153 13.178 13.18 13.178 13.125 13.055 13.01 12.955 12.943 13.09 13.585 14.317 15.027 15.605 15.642 15.187 14.695 14.225 13.755 13.293 13.013 12.91 12.81 12.725 12.725 12.792 12.845 12.877 12.882 12.868 12.86 12.86 12.852 12.835 12.815 12.788 12.753 12.708 12.648 12.595 12.57 12.56 12.553 12.515 12.488 12.52 12.555 12.573 12.57 12.57 12.587 12.603
12.8 12.765 12.768 12.805 12.852 12.887 12.917 12.943 12.97 12.992 12.975 12.915 12.848 12.853 12.935 13.007 13.045 13.087 13.125 13.117 13.095 13.128 13.195 13.222 13.225 13.15 13.04 12.985 13.035 13.3 13.742 14.155 14.603 15.165 15.642 15.6 15.102 14.61 14.135 13.655 13.23 12.98 12.858 12.75 12.683 12.698 12.752 12.795 12.83 12.835 12.823 12.82 12.82 12.817 12.805 12.782 12.755 12.725 12.687 12.638 12.58 12.548 12.548 12.553 12.548 12.553 12.59 12.625 12.64 12.613 12.57 12.57 12.587
12.598 12.628 12.685 12.735 12.772 12.805 12.833 12.86 12.897 12.922 12.902 12.855 12.795 12.785 12.845 12.89 12.905 12.95 13.022 13.057 13.05 13.085 13.175 13.245 13.272 13.195 13.048 13.008 13.313 13.912 14.352 14.537 14.86 15.37 15.695 15.472 14.928 14.448 13.982 13.505 13.138 12.948 12.82 12.7 12.638 12.658 12.705 12.745 12.78 12.787 12.78 12.78 12.783 12.785 12.775 12.747 12.715 12.685 12.66 12.637 12.61 12.598 12.608 12.62 12.627 12.645 12.672 12.695 12.71 12.68 12.613 12.57 12.57
12.498 12.565 12.62 12.655 12.688 12.72 12.75 12.785 12.83 12.852 12.827 12.785 12.738 12.713 12.73 12.753 12.765 12.808 12.885 12.955 12.992 13.045 13.135 13.222 13.29 13.255 13.125 13.063 13.338 13.882 14.382 14.727 15.105 15.575 15.685 15.287 14.75 14.28 13.825 13.368 13.058 12.913 12.788 12.665 12.598 12.613 12.655 12.695 12.732 12.745 12.74 12.743 12.747 12.75 12.742 12.715 12.678 12.65 12.64 12.64 12.65 12.665 12.675 12.682 12.685 12.7 12.73 12.757 12.777 12.75 12.68 12.613 12.57
12.443 12.5 12.54 12.575 12.62 12.655 12.68 12.718 12.762 12.78 12.752 12.71 12.675 12.663 12.675 12.69 12.698 12.708 12.755 12.835 12.907 12.982 13.067 13.15 13.232 13.27 13.222 13.133 13.143 13.39 13.915 14.675 15.337 15.694 15.59 15.082 14.567 14.11 13.662 13.258 13.013 12.888 12.768 12.653 12.58 12.583 12.618 12.65 12.685 12.702 12.7 12.705 12.71 12.71 12.712 12.698 12.665 12.655 12.67 12.69 12.71 12.725 12.732 12.735 12.735 12.75 12.78 12.81 12.827 12.795 12.727 12.66 12.595
12.413 12.458 12.505 12.558 12.618 12.65 12.648 12.66 12.695 12.707 12.678 12.645 12.635 12.65 12.687 12.717 12.72 12.695 12.685 12.733 12.81 12.89 12.97 13.05 13.13 13.197 13.225 13.2 13.14 13.193 13.448 13.978 14.485 15.097 15.164 14.585 14.237 13.85 13.428 13.133 12.99 12.882 12.767 12.655 12.58 12.573 12.6 12.625 12.642 12.655 12.66 12.662 12.665 12.668 12.682 12.697 12.69 12.695 12.725 12.75 12.77 12.785 12.787 12.785 12.783 12.795 12.827 12.852 12.855 12.815 12.75 12.685 12.623
12.45 12.483 12.54 12.6 12.657 12.675 12.65 12.633 12.638 12.638 12.62 12.613 12.618 12.638 12.682 12.732 12.75 12.725 12.685 12.675 12.718 12.79 12.87 12.95 13.03 13.095 13.145 13.175 13.157 13.185 13.295 13.378 13.461 13.963 14.12 13.85 13.785 13.49 13.163 13.013 12.937 12.855 12.76 12.655 12.578 12.565 12.582 12.592 12.59 12.595 12.61 12.617 12.62 12.628 12.653 12.687 12.71 12.732 12.77 12.802 12.827 12.842 12.84 12.835 12.83 12.84 12.867 12.877 12.87 12.832 12.77 12.705 12.65
12.52 12.55 12.6 12.65 12.692 12.695 12.665 12.635 12.61 12.598 12.595 12.598 12.603 12.623 12.67 12.732 12.77 12.76 12.725 12.685 12.668 12.7 12.77 12.85 12.927 12.992 13.045 13.095 13.133 13.182 13.24 13.28 13.34 13.375 13.343 13.36 13.37 13.193 13.01 12.93 12.853 12.78 12.708 12.63 12.573 12.56 12.568 12.57 12.558 12.55 12.56 12.568 12.575 12.598 12.638 12.68 12.715 12.737 12.755 12.79 12.837 12.872 12.885 12.885 12.88 12.887 12.9 12.895 12.885 12.85 12.79 12.725 12.678
12.552 12.59 12.64 12.685 12.71 12.697 12.665 12.63 12.603 12.595 12.595 12.595 12.595 12.615 12.67 12.74 12.782 12.787 12.767 12.728 12.688 12.683 12.715 12.76 12.823 12.89 12.95 13.018 13.098 13.167 13.208 13.235 13.268 13.268 13.228 13.183 13.145 13.083 12.995 12.915 12.84 12.78 12.733 12.688 12.65 12.635 12.64 12.64 12.605 12.575 12.575 12.575 12.575 12.6 12.65 12.692 12.717 12.72 12.713 12.725 12.763 12.812 12.852 12.877 12.902 12.92 12.92 12.91 12.9 12.867 12.81 12.748 12.708
12.56 12.6 12.647 12.685 12.7 12.68 12.645 12.615 12.6 12.602 12.605 12.605 12.603 12.623 12.678 12.745 12.787 12.8 12.8 12.775 12.74 12.73 12.738 12.748 12.775 12.823 12.893 12.985 13.085 13.17 13.222 13.25 13.26 13.253 13.225 13.18 13.143 13.13 13.102 13.035 12.965 12.92 12.893 12.857 12.81 12.785 12.79 12.757 12.683 12.645 12.645 12.635 12.615 12.63 12.675 12.702 12.715 12.715 12.705 12.695 12.695 12.713 12.753 12.813 12.88 12.92 12.927 12.925 12.915 12.887 12.832 12.773 12.74
12.57 12.607 12.645 12.67 12.68 12.66 12.625 12.608 12.605 12.608 12.612 12.615 12.615 12.638 12.688 12.75 12.792 12.805 12.815 12.812 12.79 12.78 12.79 12.797 12.803 12.82 12.88 12.975 13.075 13.163 13.23 13.267 13.27 13.265 13.257 13.23 13.193 13.2 13.23 13.212 13.155 13.108 13.072 13.025 12.97 12.938 12.917 12.842 12.748 12.71 12.7 12.67 12.643 12.655 12.687 12.705 12.715 12.715 12.705 12.695 12.693 12.69 12.705 12.765 12.845 12.897 12.92 12.932 12.93 12.907 12.855 12.8 12.77
12.577 12.6 12.625 12.645 12.657 12.64 12.613 12.608 12.61 12.613 12.618 12.623 12.63 12.658 12.705 12.76 12.795 12.805 12.815 12.822 12.822 12.825 12.835 12.842 12.847 12.855 12.888 12.97 13.08 13.175 13.24 13.26 13.26 13.27 13.275 13.267 13.242 13.25 13.297 13.33 13.322 13.287 13.24 13.185 13.13 13.08 13.012 12.91 12.815 12.765 12.735 12.695 12.668 12.67 12.69 12.705 12.715 12.715 12.705 12.718 12.742 12.727 12.7 12.735 12.815 12.87 12.895 12.915 12.927 12.92 12.875 12.82 12.782
12.55 12.557 12.592 12.62 12.635 12.625 12.61 12.613 12.615 12.623 12.633 12.64 12.653 12.68 12.725 12.765 12.78 12.782 12.785 12.785 12.805 12.832 12.845 12.855 12.862 12.873 12.908 12.995 13.115 13.212 13.242 13.213 13.203 13.227 13.245 13.255 13.255 13.265 13.295 13.325 13.347 13.34 13.295 13.237 13.18 13.135 13.08 12.982 12.883 12.823 12.785 12.753 12.733 12.715 12.703 12.705 12.715 12.723 12.75 12.805 12.815 12.755 12.69 12.705 12.782 12.84 12.877 12.905 12.925 12.925 12.882 12.823 12.78
12.493 12.49 12.532 12.58 12.61 12.617 12.618 12.628 12.64 12.653 12.668 12.677 12.683 12.703 12.745 12.762 12.74 12.723 12.717 12.72 12.758 12.805 12.825 12.835 12.85 12.883 12.95 13.053 13.167 13.24 13.222 13.158 13.128 13.145 13.17 13.19 13.197 13.19 13.192 13.207 13.225 13.235 13.215 13.165 13.105 13.082 13.09 13.045 12.953 12.89 12.86 12.848 12.847 12.82 12.775 12.745 12.75 12.798 12.875 12.907 12.85 12.765 12.685 12.68 12.75 12.81 12.857 12.897 12.93 12.927 12.88 12.825 12.785
