EGM722_Project_Data/DTM_asc/TL4555.asc
ncols         200
nrows         200
xllcorner     545000.000
yllcorner     255000.000
cellsize      5
NODATA_value  -9999.0
[rows 128 to 159 of 200, columns 73 to 145 of 200]
13.25 13.133 13.018 12.905 12.798 12.775 12.843 12.915 12.988 13.08 13.195 13.305 13.395 13.437 13.445 13.452 13.46 13.475 13.495 13.52 13.555 13.585 13.602 13.612 13.607 13.6 13.595 13.572 13.535 13.49 13.435 13.38 13.34 13.315 13.29 13.265 13.243 13.228 13.22 13.197 13.17 13.185 13.207 13.185 13.145 13.07 12.94 12.323 11.626 11.933 12.522 12.617 12.522 12.458 12.463 12.485 12.515 12.53 12.535 12.545 12.563 12.58 12.585 12.585 12.588 12.723 12.965 13.147 13.26 13.345 13.43 13.51 13.592
13.29 13.183 13.075 12.965 12.863 12.823 12.85 12.893 12.953 13.048 13.165 13.28 13.387 13.442 13.45 13.458 13.465 13.48 13.5 13.52 13.545 13.57 13.585 13.6 13.612 13.607 13.582 13.545 13.505 13.462 13.41 13.35 13.3 13.27 13.248 13.225 13.205 13.2 13.21 13.21 13.2 13.197 13.18 13.14 13.1 13.032 12.902 12.145 11.588 12.043 12.425 12.478 12.465 12.45 12.47 12.502 12.535 12.552 12.558 12.563 12.57 12.578 12.58 12.58 12.578 12.698 12.95 13.16 13.28 13.365 13.45 13.533 13.617
13.325 13.247 13.15 13.04 12.945 12.91 12.92 12.933 12.96 13.038 13.155 13.275 13.395 13.46 13.47 13.475 13.475 13.475 13.485 13.505 13.525 13.542 13.557 13.575 13.592 13.582 13.542 13.5 13.46 13.427 13.395 13.345 13.29 13.255 13.235 13.215 13.195 13.19 13.198 13.205 13.217 13.195 13.14 13.095 13.055 12.995 12.637 11.895 11.858 12.305 12.373 12.398 12.44 12.463 12.473 12.502 12.537 12.572 12.592 12.6 12.605 12.605 12.605 12.605 12.61 12.708 12.935 13.167 13.307 13.393 13.478 13.562 13.642
13.3 13.262 13.205 13.115 13.028 13 13.01 13.017 13.023 13.07 13.178 13.303 13.425 13.49 13.497 13.5 13.492 13.475 13.465 13.475 13.492 13.508 13.523 13.54 13.557 13.542 13.493 13.443 13.4 13.378 13.375 13.35 13.298 13.26 13.243 13.225 13.208 13.203 13.205 13.215 13.237 13.212 13.138 13.068 13.01 12.955 12.293 11.566 12.025 12.505 12.428 12.443 12.487 12.5 12.48 12.49 12.523 12.57 12.617 12.645 12.655 12.655 12.655 12.663 12.685 12.75 12.933 13.175 13.335 13.427 13.512 13.592 13.657
13.29 13.253 13.217 13.16 13.102 13.087 13.092 13.095 13.098 13.125 13.215 13.34 13.457 13.517 13.52 13.517 13.507 13.487 13.465 13.453 13.458 13.475 13.49 13.505 13.522 13.505 13.45 13.393 13.343 13.323 13.332 13.335 13.302 13.265 13.25 13.235 13.22 13.215 13.22 13.24 13.265 13.25 13.18 13.09 13.007 12.892 12.142 11.471 12.047 12.587 12.535 12.518 12.538 12.545 12.513 12.495 12.51 12.555 12.612 12.662 12.695 12.707 12.718 12.74 12.77 12.808 12.945 13.172 13.352 13.462 13.542 13.615 13.662
13.325 13.252 13.162 13.115 13.117 13.13 13.14 13.15 13.162 13.18 13.247 13.357 13.457 13.51 13.52 13.527 13.522 13.5 13.472 13.442 13.427 13.437 13.45 13.465 13.48 13.462 13.41 13.35 13.29 13.268 13.28 13.292 13.29 13.27 13.255 13.24 13.222 13.225 13.245 13.27 13.295 13.287 13.22 13.12 13.017 12.53 11.783 11.47 12.063 12.645 12.625 12.605 12.6 12.587 12.555 12.522 12.51 12.545 12.603 12.66 12.712 12.747 12.777 12.812 12.847 12.883 12.975 13.163 13.365 13.492 13.565 13.632 13.665
13.217 13.123 13.06 13.05 13.088 13.122 13.145 13.165 13.185 13.182 13.192 13.257 13.34 13.392 13.415 13.437 13.45 13.435 13.402 13.372 13.37 13.377 13.382 13.397 13.41 13.402 13.362 13.305 13.243 13.218 13.23 13.24 13.242 13.23 13.215 13.2 13.183 13.22 13.277 13.305 13.332 13.312 13.222 13.107 12.972 12.183 11.471 11.553 12.13 12.617 12.605 12.6 12.605 12.59 12.552 12.523 12.515 12.548 12.605 12.665 12.715 12.752 12.79 12.832 12.875 12.92 13.003 13.168 13.377 13.515 13.585 13.647 13.667
13.008 12.975 12.995 13.025 13.063 13.105 13.135 13.152 13.145 13.102 13.07 13.085 13.145 13.2 13.228 13.26 13.292 13.29 13.258 13.255 13.295 13.31 13.303 13.31 13.322 13.322 13.297 13.252 13.195 13.17 13.18 13.182 13.17 13.15 13.135 13.123 13.11 13.203 13.315 13.345 13.375 13.33 13.2 13.072 12.755 11.983 11.47 11.873 12.402 12.522 12.518 12.53 12.555 12.55 12.518 12.508 12.525 12.565 12.62 12.672 12.71 12.74 12.775 12.82 12.87 12.935 13.043 13.2 13.397 13.54 13.605 13.655 13.665
12.91 12.94 12.97 13 13.038 13.085 13.117 13.107 13.05 12.99 12.965 12.958 12.973 13.01 13.05 13.095 13.14 13.145 13.135 13.175 13.235 13.25 13.233 13.228 13.237 13.235 13.215 13.19 13.145 13.12 13.122 13.11 13.09 13.073 13.058 13.048 13.04 13.17 13.337 13.385 13.41 13.345 13.187 13.01 12.363 11.64 11.47 12.087 12.57 12.438 12.455 12.485 12.512 12.515 12.508 12.523 12.548 12.583 12.63 12.67 12.698 12.728 12.768 12.82 12.883 12.973 13.103 13.253 13.43 13.562 13.615 13.647 13.655
12.88 12.91 12.94 12.973 13.005 13.03 13.037 13 12.928 12.88 12.865 12.853 12.843 12.858 12.898 12.943 12.988 13.018 13.053 13.115 13.175 13.19 13.17 13.155 13.152 13.145 13.128 13.112 13.085 13.062 13.05 13.03 13.01 12.995 12.983 12.975 12.97 13.113 13.332 13.422 13.382 13.257 13.105 12.877 12.103 11.47 11.47 12.075 12.542 12.415 12.44 12.468 12.493 12.51 12.525 12.548 12.57 12.598 12.633 12.668 12.7 12.735 12.78 12.838 12.91 13.02 13.165 13.315 13.47 13.572 13.61 13.635 13.647
12.85 12.883 12.915 12.95 12.945 12.893 12.855 12.828 12.795 12.775 12.765 12.753 12.753 12.765 12.788 12.825 12.865 12.913 12.972 13.04 13.085 13.087 13.075 13.062 13.055 13.05 13.037 13.02 13 12.982 12.965 12.948 12.935 12.923 12.91 12.905 12.9 13.05 13.32 13.392 13.222 13.057 12.977 12.832 12.165 11.536 11.471 12.06 12.582 12.505 12.508 12.528 12.563 12.6 12.62 12.64 12.66 12.68 12.703 12.735 12.775 12.813 12.853 12.898 12.955 13.063 13.207 13.352 13.492 13.575 13.603 13.628 13.652
12.83 12.865 12.9 12.935 12.9 12.783 12.693 12.668 12.675 12.675 12.668 12.668 12.685 12.697 12.708 12.74 12.778 12.82 12.88 12.945 12.947 12.917 12.915 12.91 12.905 12.917 12.93 12.922 12.905 12.888 12.87 12.873 12.905 12.913 12.89 12.875 12.9 13.088 13.347 13.32 13.045 12.755 12.673 12.762 12.512 12.165 12.09 12.362 12.635 12.622 12.625 12.663 12.717 12.757 12.782 12.802 12.82 12.835 12.848 12.868 12.9 12.937 12.967 12.987 13.018 13.1 13.228 13.365 13.497 13.572 13.598 13.628 13.665
12.833 12.853 12.887 12.922 12.887 12.765 12.65 12.588 12.578 12.58 12.583 12.6 12.622 12.63 12.63 12.655 12.688 12.725 12.782 12.832 12.785 12.72 12.72 12.717 12.715 12.738 12.777 12.805 12.807 12.795 12.805 12.855 12.927 12.952 12.968 13.037 13.13 13.25 13.375 13.36 13.048 12.563 12.318 12.308 12.228 12.068 12.028 12.12 12.215 12.333 12.555 12.787 12.88 12.91 12.94 12.965 12.982 12.997 13.007 13.012 13.027 13.05 13.062 13.065 13.085 13.153 13.258 13.38 13.5 13.567 13.598 13.635 13.672
12.893 12.863 12.873 12.907 12.877 12.77 12.665 12.575 12.515 12.5 12.515 12.54 12.557 12.562 12.557 12.57 12.592 12.628 12.677 12.687 12.597 12.52 12.52 12.52 12.525 12.55 12.6 12.658 12.698 12.733 12.795 12.875 12.947 12.975 13.02 13.13 13.22 13.25 13.297 13.382 13.207 12.738 12.408 12.263 12.113 11.943 11.89 11.97 12.06 12.163 12.19 12.555 12.97 13.025 13.08 13.12 13.145 13.162 13.167 13.147 13.12 13.112 13.12 13.127 13.15 13.215 13.31 13.412 13.507 13.567 13.605 13.645 13.68
13.01 12.945 12.905 12.905 12.872 12.785 12.695 12.605 12.52 12.473 12.473 12.485 12.492 12.467 12.407 12.36 12.417 12.517 12.56 12.517 12.393 12.35 12.398 12.428 12.43 12.443 12.493 12.558 12.62 12.693 12.775 12.855 12.922 12.945 12.95 12.97 13.005 13.06 13.155 13.287 13.28 12.947 12.68 12.65 12.61 12.57 12.527 12.485 12.472 12.46 12.215 12.448 12.94 13.015 13.092 13.157 13.215 13.262 13.26 13.205 13.145 13.125 13.14 13.155 13.175 13.237 13.332 13.425 13.5 13.55 13.59 13.63 13.667
13.117 13.052 12.987 12.94 12.895 12.83 12.75 12.658 12.565 12.498 12.467 12.21 11.96 11.933 11.875 11.825 11.875 11.958 11.978 11.973 12.137 12.355 12.417 12.435 12.407 12.405 12.453 12.513 12.578 12.65 12.727 12.8 12.86 12.875 12.855 12.838 12.873 12.943 13.048 13.2 13.232 13.02 12.845 12.827 12.792 12.75 12.713 12.7 12.727 12.715 12.567 12.51 12.725 12.92 12.993 13.068 13.15 13.225 13.25 13.21 13.148 13.128 13.142 13.155 13.168 13.223 13.315 13.4 13.467 13.515 13.555 13.595 13.632
13.162 13.097 13.037 12.99 12.952 12.902 12.822 12.725 12.623 12.53 12.362 11.848 11.46 11.46 11.46 11.46 11.46 11.46 11.46 11.488 11.723 12.195 12.45 12.412 12.363 12.365 12.418 12.473 12.533 12.605 12.675 12.732 12.787 12.808 12.8 12.835 12.94 13.013 13.053 13.148 13.19 13.095 13.01 13 12.972 12.935 12.925 12.96 12.997 12.917 12.7 12.238 12.353 12.835 12.903 12.97 13.045 13.115 13.17 13.187 13.152 13.133 13.145 13.155 13.165 13.213 13.295 13.367 13.432 13.485 13.522 13.56 13.595
13.168 13.113 13.07 13.038 13.012 12.972 12.89 12.782 12.675 12.565 12.2 11.675 11.46 11.46 11.46 11.46 11.46 11.46 11.46 11.46 11.46 11.958 12.427 12.368 12.32 12.33 12.385 12.44 12.493 12.553 12.61 12.66 12.715 12.77 12.84 12.965 13.122 13.195 13.185 13.195 13.205 13.182 13.162 13.155 13.14 13.13 13.145 13.177 13.18 13.037 12.78 12.318 12.308 12.707 12.817 12.885 12.983 13.065 13.103 13.133 13.137 13.135 13.145 13.152 13.16 13.197 13.265 13.332 13.397 13.45 13.485 13.52 13.555
13.188 13.152 13.12 13.08 13.042 12.997 12.917 12.812 12.705 12.595 12.327 11.788 11.46 11.46 11.46 11.46 11.46 11.46 11.46 11.46 11.46 11.955 12.415 12.345 12.295 12.313 12.372 12.425 12.478 12.53 12.58 12.63 12.69 12.783 12.92 13.077 13.21 13.265 13.26 13.245 13.225 13.215 13.212 13.207 13.217 13.242 13.26 13.272 13.247 13.102 12.86 12.6 12.328 12.443 12.735 12.83 12.982 13.085 13.105 13.117 13.107 13.09 13.082 13.082 13.09 13.125 13.195 13.275 13.345 13.392 13.432 13.477 13.515
13.21 13.172 13.13 13.077 13.025 12.972 12.905 12.815 12.71 12.603 12.515 12.222 11.713 11.46 11.46 11.46 11.46 11.46 11.46 11.46 11.46 11.952 12.412 12.345 12.283 12.295 12.367 12.427 12.482 12.535 12.588 12.65 12.725 12.82 12.955 13.102 13.19 13.215 13.22 13.212 13.195 13.185 13.18 13.185 13.218 13.257 13.287 13.307 13.282 13.15 12.93 12.68 12.113 12.148 12.677 12.828 13.012 13.115 13.13 13.117 13.065 13.015 12.985 12.965 12.963 13.005 13.09 13.18 13.25 13.277 13.292 13.32 13.357
13.223 13.155 13.095 13.043 12.99 12.94 12.88 12.8 12.702 12.605 12.54 12.505 12.23 11.833 11.578 11.46 11.46 11.46 11.46 11.46 11.46 11.945 12.4 12.337 12.27 12.27 12.347 12.425 12.485 12.54 12.608 12.688 12.773 12.86 12.985 13.102 13.145 13.155 13.165 13.17 13.162 13.153 13.158 13.185 13.225 13.265 13.305 13.337 13.32 13.187 12.98 12.752 12.288 12.165 12.562 12.85 13.05 13.142 13.127 13.072 13.003 12.955 12.92 12.888 12.875 12.905 12.98 13.07 13.13 13.135 13.118 13.11 13.133
13.273 13.188 13.11 13.043 12.975 12.91 12.845 12.772 12.69 12.618 12.575 12.545 12.515 12.355 12.085 11.71 11.46 11.46 11.46 11.46 11.46 11.938 12.385 12.325 12.263 12.25 12.318 12.41 12.493 12.57 12.653 12.735 12.82 12.905 13.002 13.07 13.085 13.095 13.105 13.118 13.128 13.13 13.15 13.19 13.232 13.275 13.315 13.355 13.35 13.222 13.02 12.81 12.575 12.195 12.295 12.782 13.037 13.137 13.08 13.007 12.94 12.898 12.873 12.853 12.845 12.858 12.898 12.965 13.01 13.013 13.01 13.015 13.035
13.357 13.272 13.182 13.087 12.987 12.89 12.81 12.74 12.67 12.63 12.61 12.58 12.55 12.52 12.49 11.987 11.48 11.46 11.46 11.46 11.63 12.087 12.345 12.285 12.24 12.248 12.315 12.41 12.513 12.622 12.72 12.8 12.883 12.968 13.04 13.078 13.093 13.105 13.118 13.135 13.135 13.123 13.14 13.18 13.225 13.27 13.31 13.35 13.362 13.27 13.07 12.853 12.64 12.118 12.113 12.622 12.892 13.05 13.005 12.935 12.885 12.863 12.85 12.843 12.84 12.85 12.87 12.9 12.925 12.94 12.963 12.988 13.015
13.42 13.317 13.212 13.102 12.985 12.87 12.78 12.713 12.65 12.628 12.63 12.61 12.58 12.55 12.517 12.162 11.643 11.46 11.46 11.46 11.875 12.295 12.27 12.225 12.23 12.285 12.353 12.433 12.533 12.657 12.785 12.88 12.96 13.042 13.11 13.15 13.175 13.193 13.207 13.205 13.16 13.118 13.125 13.16 13.203 13.247 13.287 13.325 13.35 13.307 13.16 12.943 12.707 12.325 12.148 12.41 12.71 12.895 12.92 12.858 12.853 12.865 12.848 12.838 12.835 12.845 12.862 12.873 12.885 12.913 12.945 12.97 12.995
13.405 13.302 13.192 13.075 12.957 12.843 12.75 12.688 12.63 12.608 12.622 12.625 12.607 12.58 12.54 12.26 11.732 11.46 11.46 11.46 11.942 12.335 12.215 12.208 12.27 12.342 12.403 12.468 12.553 12.673 12.815 12.942 13.04 13.115 13.177 13.227 13.262 13.285 13.28 13.23 13.153 13.11 13.118 13.143 13.18 13.222 13.262 13.297 13.322 13.305 13.23 13.08 12.845 12.585 12.1 12.153 12.61 12.76 12.832 12.8 12.853 12.89 12.863 12.84 12.828 12.833 12.842 12.845 12.853 12.88 12.917 12.95 12.977
13.297 13.212 13.117 13.015 12.917 12.813 12.725 12.668 12.613 12.588 12.597 12.612 12.617 12.595 12.545 12.097 11.57 11.46 11.46 11.46 11.927 12.337 12.268 12.28 12.338 12.4 12.46 12.52 12.588 12.693 12.83 12.972 13.102 13.187 13.242 13.295 13.34 13.35 13.302 13.225 13.143 13.105 13.115 13.133 13.16 13.195 13.235 13.272 13.297 13.28 13.227 13.155 12.997 12.732 12.168 12.085 12.502 12.655 12.72 12.763 12.872 12.92 12.885 12.855 12.833 12.823 12.818 12.818 12.823 12.843 12.88 12.92 12.955
13.163 13.083 13.005 12.925 12.855 12.79 12.728 12.673 12.618 12.578 12.568 12.58 12.595 12.577 12.525 11.977 11.46 11.46 11.46 11.46 11.948 12.42 12.407 12.412 12.428 12.468 12.525 12.588 12.65 12.738 12.868 13.01 13.155 13.232 13.26 13.31 13.36 13.362 13.3 13.22 13.143 13.11 13.12 13.14 13.158 13.173 13.205 13.245 13.272 13.255 13.203 13.162 13.087 12.865 12.462 12.118 12.295 12.595 12.655 12.765 12.907 12.952 12.905 12.87 12.845 12.825 12.81 12.803 12.798 12.808 12.845 12.903 12.97
13.073 13.003 12.943 12.885 12.838 12.803 12.757 12.702 12.642 12.585 12.548 12.54 12.552 12.537 12.295 11.768 11.46 11.46 11.46 11.71 12.21 12.482 12.51 12.515 12.515 12.543 12.6 12.665 12.73 12.805 12.923 13.068 13.217 13.277 13.26 13.285 13.33 13.335 13.29 13.222 13.148 13.115 13.13 13.16 13.18 13.18 13.188 13.215 13.245 13.23 13.188 13.173 13.162 12.99 12.655 12.01 12.05 12.58 12.663 12.805 12.952 12.99 12.93 12.883 12.855 12.835 12.82 12.805 12.805 12.835 12.893 12.978 13.073
13.043 12.99 12.945 12.908 12.872 12.835 12.79 12.732 12.665 12.605 12.555 12.518 12.512 12.28 11.803 11.513 11.46 11.46 11.46 11.95 12.42 12.45 12.53 12.572 12.585 12.618 12.68 12.745 12.81 12.878 12.983 13.125 13.28 13.35 13.313 13.285 13.297 13.292 13.257 13.215 13.153 13.123 13.148 13.182 13.21 13.212 13.2 13.203 13.22 13.212 13.198 13.205 13.217 13.087 12.775 12.208 12.045 12.43 12.665 12.837 12.995 13.03 12.965 12.905 12.868 12.845 12.843 12.865 12.913 12.975 13.045 13.127 13.215
13.048 13.01 12.972 12.937 12.9 12.862 12.817 12.755 12.685 12.623 12.57 12.522 12.39 11.903 11.493 11.46 11.46 11.46 11.46 11.928 12.365 12.385 12.488 12.577 12.637 12.692 12.757 12.822 12.887 12.955 13.05 13.187 13.345 13.42 13.38 13.315 13.275 13.247 13.215 13.182 13.137 13.125 13.16 13.197 13.23 13.232 13.212 13.195 13.192 13.2 13.21 13.227 13.242 13.16 12.895 12.545 12.013 12.113 12.662 12.857 13.032 13.072 13.008 12.943 12.895 12.895 12.938 13.005 13.08 13.145 13.207 13.27 13.332
13.06 13.025 12.99 12.952 12.907 12.865 12.825 12.77 12.7 12.633 12.573 12.52 12.127 11.61 11.46 11.46 11.46 11.46 11.675 12.132 12.35 12.363 12.455 12.56 12.657 12.75 12.827 12.892 12.957 13.025 13.105 13.23 13.387 13.447 13.39 13.315 13.25 13.203 13.17 13.135 13.085 13.07 13.105 13.145 13.167 13.16 13.137 13.117 13.125 13.152 13.175 13.195 13.232 13.202 12.99 12.662 11.993 11.948 12.552 12.82 13.037 13.117 13.065 13.003 12.953 12.975 13.052 13.125 13.182 13.217 13.255 13.305 13.352
13.065 13.023 12.98 12.935 12.887 12.84 12.805 12.77 12.71 12.64 12.573 12.51 11.97 11.46 11.46 11.46 11.46 11.46 11.895 12.362 12.39 12.408 12.47 12.56 12.66 12.772 12.877 12.955 13.022 13.088 13.158 13.26 13.402 13.442 13.36 13.278 13.208 13.158 13.122 13.075 13.005 12.975 13 13.035 13.035 13.01 12.993 12.995 13.035 13.077 13.105 13.143 13.23 13.227 13.03 12.742 12.295 11.95 12.263 12.752 13.015 13.145 13.122 13.075 13.025 13.045 13.12 13.177 13.215 13.228 13.233 13.255 13.295
