EGM722_Project_Data/DTM_asc/TL4557.asc
ncols         200
nrows         200
xllcorner     545000.000
yllcorner     257000.000
cellsize      5
NODATA_value  -9999.0
[rows 32 to 63 of 200, columns 73 to 145 of 200]
11.57 11.58 11.593 11.61 11.635 11.65 11.663 11.725 11.83 11.955 12.095 12.227 12.3 12.305 12.293 12.29 12.33 12.402 12.447 12.422 12.385 12.38 12.382 12.388 12.4 12.422 12.44 12.447 12.45 12.473 12.525 12.575 12.605 12.617 12.62 12.612 12.59 12.56 12.53 12.51 12.517 12.49 12.413 12.343 12.283 12.238 12.215 12.208 12.218 12.245 12.273 12.305 12.332 12.33 12.31 12.323 12.377 12.44 12.5 12.555 12.6 12.595 12.525 12.453 12.43 12.427 12.407 12.383 12.36 12.338 12.33 12.355 12.392
11.617 11.63 11.642 11.657 11.675 11.687 11.69 11.713 11.79 11.915 12.053 12.19 12.305 12.347 12.345 12.37 12.427 12.49 12.517 12.49 12.43 12.4 12.41 12.422 12.435 12.445 12.45 12.45 12.453 12.48 12.535 12.595 12.65 12.68 12.682 12.667 12.64 12.61 12.58 12.55 12.52 12.465 12.385 12.303 12.238 12.21 12.2 12.193 12.2 12.228 12.26 12.295 12.33 12.34 12.33 12.358 12.425 12.482 12.53 12.572 12.602 12.597 12.552 12.487 12.445 12.43 12.41 12.388 12.365 12.343 12.325 12.34 12.377
11.64 11.65 11.66 11.672 11.685 11.705 11.722 11.728 11.785 11.903 12.03 12.158 12.285 12.372 12.407 12.447 12.495 12.53 12.525 12.48 12.428 12.4 12.41 12.422 12.425 12.43 12.44 12.447 12.455 12.488 12.545 12.607 12.672 12.725 12.725 12.68 12.63 12.577 12.525 12.495 12.472 12.415 12.332 12.255 12.2 12.18 12.175 12.168 12.178 12.212 12.25 12.285 12.32 12.34 12.353 12.392 12.452 12.49 12.517 12.55 12.572 12.562 12.518 12.473 12.448 12.432 12.415 12.395 12.372 12.347 12.323 12.325 12.36
11.632 11.635 11.645 11.645 11.653 11.697 11.74 11.753 11.813 11.93 12.05 12.165 12.272 12.365 12.44 12.495 12.532 12.547 12.52 12.47 12.42 12.388 12.39 12.387 12.373 12.38 12.397 12.415 12.44 12.485 12.545 12.607 12.667 12.72 12.72 12.645 12.547 12.448 12.37 12.36 12.38 12.342 12.263 12.203 12.16 12.14 12.138 12.138 12.153 12.187 12.227 12.265 12.305 12.34 12.37 12.41 12.455 12.477 12.495 12.525 12.542 12.527 12.485 12.453 12.443 12.435 12.42 12.4 12.377 12.352 12.325 12.318 12.343
11.62 11.62 11.62 11.6 11.61 11.675 11.742 11.78 11.85 11.967 12.072 12.165 12.25 12.325 12.435 12.527 12.56 12.555 12.51 12.46 12.41 12.375 12.367 12.347 12.318 12.32 12.343 12.375 12.418 12.47 12.53 12.587 12.635 12.675 12.692 12.61 12.46 12.325 12.255 12.268 12.297 12.272 12.21 12.165 12.125 12.103 12.103 12.11 12.123 12.153 12.195 12.235 12.28 12.325 12.365 12.405 12.442 12.463 12.475 12.5 12.512 12.49 12.458 12.443 12.437 12.43 12.42 12.405 12.382 12.355 12.325 12.31 12.328
11.605 11.597 11.58 11.55 11.57 11.645 11.728 11.795 11.868 11.96 12.04 12.113 12.187 12.26 12.39 12.53 12.572 12.547 12.5 12.45 12.4 12.363 12.335 12.298 12.273 12.283 12.315 12.358 12.403 12.453 12.508 12.573 12.64 12.667 12.655 12.582 12.423 12.258 12.198 12.218 12.243 12.233 12.19 12.148 12.105 12.083 12.083 12.09 12.098 12.123 12.168 12.213 12.26 12.305 12.35 12.398 12.442 12.473 12.49 12.5 12.488 12.463 12.445 12.438 12.43 12.423 12.418 12.408 12.388 12.363 12.34 12.328 12.34
11.577 11.567 11.543 11.525 11.573 11.665 11.758 11.825 11.873 11.93 11.993 12.058 12.123 12.193 12.308 12.487 12.572 12.535 12.49 12.44 12.39 12.348 12.31 12.27 12.255 12.3 12.367 12.408 12.438 12.493 12.565 12.627 12.662 12.642 12.585 12.525 12.422 12.275 12.195 12.203 12.227 12.23 12.202 12.16 12.115 12.095 12.095 12.1 12.108 12.128 12.17 12.22 12.27 12.318 12.363 12.405 12.445 12.497 12.562 12.587 12.56 12.515 12.478 12.46 12.45 12.443 12.438 12.433 12.425 12.41 12.395 12.395 12.408
11.545 11.542 11.523 11.538 11.633 11.745 11.832 11.872 11.893 11.935 11.99 12.045 12.098 12.158 12.24 12.427 12.55 12.52 12.48 12.43 12.38 12.338 12.303 12.268 12.253 12.32 12.435 12.517 12.562 12.615 12.662 12.657 12.615 12.555 12.495 12.435 12.375 12.29 12.21 12.198 12.225 12.235 12.22 12.187 12.145 12.125 12.125 12.128 12.14 12.165 12.203 12.25 12.3 12.347 12.385 12.41 12.43 12.49 12.59 12.647 12.635 12.592 12.547 12.515 12.5 12.49 12.488 12.493 12.495 12.488 12.483 12.493 12.505
11.515 11.515 11.505 11.563 11.702 11.827 11.895 11.91 11.92 11.958 12.013 12.065 12.12 12.183 12.245 12.392 12.502 12.485 12.457 12.417 12.372 12.333 12.298 12.265 12.25 12.315 12.442 12.565 12.66 12.695 12.667 12.61 12.553 12.495 12.438 12.38 12.323 12.265 12.218 12.205 12.225 12.235 12.225 12.207 12.178 12.16 12.157 12.155 12.17 12.202 12.24 12.282 12.327 12.365 12.39 12.402 12.41 12.458 12.55 12.622 12.627 12.612 12.602 12.575 12.553 12.543 12.547 12.56 12.567 12.57 12.58 12.595 12.607
11.52 11.52 11.52 11.603 11.752 11.87 11.932 11.947 11.955 11.985 12.04 12.103 12.173 12.25 12.308 12.39 12.447 12.43 12.413 12.39 12.36 12.328 12.295 12.265 12.245 12.298 12.412 12.525 12.637 12.682 12.645 12.59 12.535 12.48 12.425 12.37 12.315 12.27 12.245 12.238 12.238 12.235 12.225 12.217 12.205 12.192 12.187 12.183 12.193 12.227 12.272 12.31 12.34 12.367 12.387 12.395 12.395 12.433 12.515 12.595 12.62 12.62 12.627 12.617 12.602 12.592 12.59 12.592 12.605 12.615 12.622 12.635 12.647
11.56 11.562 11.563 11.628 11.752 11.847 11.912 11.955 11.975 12.013 12.087 12.167 12.245 12.322 12.367 12.392 12.403 12.388 12.373 12.36 12.35 12.335 12.31 12.28 12.255 12.27 12.348 12.45 12.557 12.642 12.645 12.59 12.535 12.48 12.425 12.37 12.325 12.303 12.29 12.277 12.26 12.243 12.23 12.225 12.222 12.215 12.21 12.205 12.21 12.243 12.287 12.32 12.34 12.362 12.377 12.382 12.385 12.415 12.485 12.57 12.612 12.625 12.635 12.617 12.592 12.575 12.567 12.575 12.6 12.607 12.603 12.61 12.617
11.6 11.605 11.595 11.623 11.71 11.785 11.85 11.915 11.962 12.018 12.117 12.23 12.32 12.387 12.41 12.395 12.38 12.37 12.36 12.358 12.36 12.352 12.332 12.308 12.288 12.278 12.3 12.373 12.475 12.6 12.645 12.59 12.535 12.48 12.423 12.378 12.355 12.342 12.327 12.305 12.277 12.255 12.243 12.24 12.24 12.235 12.23 12.225 12.228 12.255 12.29 12.317 12.34 12.357 12.365 12.368 12.37 12.393 12.455 12.542 12.595 12.592 12.577 12.552 12.518 12.508 12.525 12.555 12.587 12.592 12.583 12.583 12.585
11.64 11.645 11.628 11.61 11.65 11.715 11.78 11.85 11.915 11.988 12.105 12.25 12.375 12.437 12.427 12.393 12.373 12.368 12.367 12.372 12.375 12.365 12.348 12.338 12.33 12.318 12.31 12.33 12.4 12.537 12.622 12.59 12.533 12.478 12.43 12.405 12.39 12.37 12.347 12.317 12.282 12.255 12.25 12.257 12.257 12.252 12.247 12.243 12.243 12.263 12.29 12.315 12.34 12.352 12.355 12.355 12.355 12.37 12.427 12.5 12.527 12.49 12.448 12.443 12.45 12.473 12.508 12.542 12.572 12.58 12.568 12.558 12.555
11.68 11.685 11.662 11.613 11.603 11.645 11.713 11.813 11.91 11.985 12.098 12.245 12.387 12.447 12.42 12.38 12.363 12.365 12.37 12.377 12.385 12.395 12.403 12.41 12.415 12.405 12.388 12.37 12.378 12.468 12.58 12.59 12.53 12.483 12.455 12.437 12.412 12.382 12.352 12.315 12.278 12.245 12.24 12.257 12.267 12.267 12.262 12.257 12.255 12.27 12.295 12.32 12.342 12.35 12.35 12.348 12.345 12.35 12.38 12.415 12.42 12.393 12.36 12.37 12.415 12.457 12.495 12.53 12.56 12.567 12.553 12.54 12.53
11.715 11.717 11.705 11.663 11.618 11.638 11.74 11.865 11.96 12.015 12.105 12.247 12.377 12.425 12.397 12.36 12.343 12.347 12.352 12.363 12.388 12.432 12.482 12.515 12.53 12.53 12.51 12.48 12.455 12.47 12.55 12.582 12.538 12.502 12.477 12.45 12.415 12.38 12.345 12.305 12.27 12.235 12.225 12.245 12.265 12.272 12.27 12.265 12.265 12.288 12.315 12.338 12.355 12.36 12.36 12.358 12.353 12.348 12.35 12.36 12.37 12.373 12.36 12.36 12.398 12.442 12.48 12.517 12.547 12.552 12.543 12.538 12.533
11.73 11.732 11.74 11.73 11.69 11.725 11.845 11.935 11.995 12.038 12.115 12.25 12.36 12.392 12.372 12.343 12.323 12.323 12.33 12.35 12.388 12.445 12.515 12.575 12.62 12.645 12.637 12.612 12.59 12.57 12.58 12.582 12.547 12.512 12.48 12.445 12.405 12.37 12.335 12.295 12.26 12.225 12.215 12.233 12.25 12.265 12.27 12.265 12.275 12.31 12.342 12.365 12.38 12.385 12.385 12.38 12.367 12.355 12.36 12.375 12.385 12.39 12.385 12.375 12.39 12.427 12.465 12.502 12.535 12.55 12.553 12.558 12.565
11.73 11.738 11.755 11.772 11.775 11.822 11.905 11.965 12.025 12.065 12.128 12.252 12.345 12.36 12.345 12.322 12.303 12.3 12.318 12.35 12.393 12.45 12.52 12.59 12.66 12.717 12.745 12.74 12.72 12.697 12.67 12.612 12.55 12.51 12.473 12.438 12.4 12.363 12.325 12.288 12.252 12.213 12.205 12.223 12.235 12.253 12.265 12.27 12.29 12.33 12.367 12.395 12.407 12.41 12.405 12.39 12.368 12.355 12.37 12.39 12.4 12.405 12.4 12.393 12.393 12.413 12.45 12.49 12.532 12.56 12.57 12.583 12.6
11.72 11.748 11.778 11.808 11.84 11.88 11.935 11.995 12.052 12.09 12.14 12.255 12.332 12.327 12.312 12.295 12.278 12.285 12.318 12.353 12.395 12.455 12.525 12.595 12.662 12.725 12.767 12.772 12.755 12.73 12.697 12.637 12.563 12.51 12.47 12.433 12.397 12.36 12.32 12.28 12.24 12.2 12.213 12.247 12.258 12.268 12.275 12.283 12.308 12.35 12.387 12.42 12.435 12.427 12.41 12.387 12.363 12.358 12.377 12.397 12.41 12.415 12.413 12.407 12.403 12.408 12.438 12.485 12.535 12.567 12.585 12.61 12.64
11.683 11.77 11.825 11.858 11.89 11.923 11.968 12.023 12.077 12.113 12.153 12.25 12.307 12.293 12.278 12.263 12.26 12.283 12.32 12.357 12.4 12.46 12.525 12.585 12.645 12.692 12.715 12.717 12.705 12.68 12.65 12.62 12.565 12.508 12.47 12.43 12.392 12.352 12.307 12.262 12.218 12.19 12.228 12.29 12.315 12.32 12.318 12.31 12.323 12.36 12.397 12.435 12.452 12.435 12.408 12.383 12.36 12.36 12.383 12.407 12.425 12.43 12.427 12.42 12.418 12.425 12.448 12.49 12.54 12.585 12.62 12.653 12.685
11.658 11.792 11.877 11.915 11.943 11.97 12.005 12.05 12.105 12.137 12.165 12.237 12.275 12.26 12.245 12.233 12.248 12.282 12.317 12.355 12.397 12.452 12.51 12.56 12.607 12.637 12.652 12.662 12.655 12.632 12.605 12.58 12.545 12.502 12.462 12.42 12.377 12.332 12.285 12.24 12.195 12.18 12.23 12.307 12.362 12.38 12.372 12.353 12.34 12.36 12.402 12.435 12.442 12.43 12.405 12.38 12.363 12.365 12.39 12.417 12.437 12.445 12.443 12.438 12.44 12.455 12.475 12.505 12.55 12.605 12.657 12.697 12.73
11.66 11.8 11.912 11.97 11.997 12.025 12.053 12.085 12.135 12.165 12.178 12.22 12.242 12.23 12.22 12.21 12.218 12.25 12.287 12.323 12.375 12.43 12.475 12.522 12.555 12.572 12.587 12.6 12.602 12.587 12.562 12.537 12.512 12.482 12.44 12.395 12.352 12.307 12.262 12.217 12.173 12.17 12.23 12.31 12.39 12.427 12.417 12.397 12.375 12.373 12.4 12.417 12.415 12.41 12.397 12.377 12.363 12.373 12.398 12.423 12.445 12.458 12.463 12.468 12.475 12.49 12.51 12.533 12.565 12.615 12.675 12.73 12.772
11.695 11.823 11.943 12.02 12.052 12.08 12.107 12.133 12.17 12.192 12.19 12.203 12.212 12.208 12.205 12.195 12.183 12.198 12.233 12.275 12.347 12.41 12.442 12.475 12.495 12.508 12.523 12.535 12.545 12.537 12.515 12.49 12.465 12.44 12.402 12.36 12.32 12.278 12.235 12.19 12.145 12.168 12.263 12.355 12.432 12.455 12.432 12.417 12.402 12.39 12.39 12.39 12.383 12.378 12.373 12.363 12.36 12.38 12.408 12.435 12.462 12.48 12.49 12.5 12.512 12.53 12.547 12.565 12.588 12.618 12.665 12.725 12.775
11.803 11.918 12.02 12.075 12.095 12.12 12.15 12.177 12.197 12.2 12.192 12.192 12.193 12.193 12.195 12.185 12.165 12.158 12.178 12.233 12.312 12.375 12.407 12.43 12.45 12.465 12.475 12.485 12.493 12.488 12.47 12.448 12.425 12.403 12.368 12.338 12.315 12.285 12.255 12.223 12.19 12.238 12.347 12.43 12.48 12.467 12.43 12.413 12.4 12.39 12.38 12.37 12.36 12.355 12.363 12.383 12.398 12.408 12.428 12.455 12.485 12.507 12.52 12.53 12.542 12.56 12.577 12.592 12.607 12.61 12.63 12.685 12.732
11.95 12.062 12.127 12.125 12.125 12.15 12.177 12.195 12.195 12.188 12.185 12.183 12.178 12.18 12.185 12.172 12.15 12.13 12.135 12.188 12.265 12.325 12.36 12.387 12.412 12.435 12.452 12.462 12.465 12.46 12.445 12.425 12.405 12.385 12.36 12.355 12.357 12.345 12.332 12.32 12.31 12.352 12.427 12.485 12.512 12.48 12.438 12.415 12.398 12.385 12.375 12.365 12.363 12.37 12.403 12.46 12.487 12.478 12.468 12.48 12.51 12.532 12.547 12.557 12.565 12.58 12.6 12.615 12.625 12.613 12.598 12.63 12.675
12.097 12.187 12.205 12.175 12.163 12.175 12.188 12.188 12.18 12.183 12.198 12.198 12.18 12.173 12.172 12.158 12.14 12.14 12.15 12.173 12.22 12.273 12.31 12.34 12.368 12.393 12.42 12.443 12.455 12.453 12.438 12.425 12.415 12.405 12.395 12.4 12.407 12.405 12.403 12.405 12.413 12.433 12.478 12.532 12.542 12.495 12.448 12.42 12.4 12.385 12.383 12.388 12.4 12.42 12.47 12.55 12.59 12.575 12.545 12.53 12.54 12.558 12.572 12.582 12.59 12.602 12.617 12.63 12.64 12.625 12.588 12.588 12.617
12.227 12.282 12.265 12.238 12.218 12.21 12.208 12.205 12.21 12.233 12.262 12.257 12.218 12.183 12.17 12.175 12.188 12.213 12.23 12.228 12.23 12.25 12.28 12.313 12.345 12.375 12.405 12.435 12.453 12.473 12.488 12.485 12.485 12.485 12.478 12.468 12.463 12.465 12.478 12.495 12.505 12.503 12.525 12.572 12.567 12.51 12.455 12.42 12.403 12.4 12.415 12.435 12.455 12.485 12.548 12.635 12.687 12.677 12.645 12.615 12.592 12.587 12.592 12.597 12.6 12.605 12.617 12.635 12.652 12.64 12.6 12.573 12.568
12.317 12.367 12.357 12.333 12.31 12.295 12.29 12.285 12.298 12.332 12.352 12.33 12.28 12.22 12.198 12.24 12.29 12.32 12.325 12.312 12.298 12.293 12.305 12.335 12.37 12.405 12.44 12.46 12.453 12.5 12.575 12.59 12.59 12.587 12.577 12.557 12.53 12.53 12.56 12.587 12.597 12.585 12.585 12.607 12.587 12.525 12.465 12.425 12.42 12.437 12.462 12.485 12.505 12.552 12.625 12.69 12.722 12.71 12.68 12.647 12.61 12.585 12.577 12.575 12.57 12.567 12.58 12.605 12.632 12.632 12.6 12.563 12.548
12.332 12.405 12.45 12.455 12.435 12.418 12.41 12.398 12.403 12.435 12.435 12.395 12.335 12.253 12.233 12.3 12.37 12.407 12.405 12.385 12.373 12.368 12.368 12.388 12.42 12.452 12.48 12.475 12.44 12.495 12.622 12.685 12.692 12.685 12.672 12.64 12.588 12.578 12.612 12.642 12.655 12.652 12.65 12.635 12.582 12.51 12.44 12.4 12.412 12.445 12.477 12.512 12.545 12.59 12.64 12.67 12.67 12.652 12.632 12.602 12.565 12.54 12.533 12.527 12.52 12.513 12.523 12.548 12.575 12.59 12.582 12.568 12.573
12.295 12.38 12.46 12.52 12.547 12.545 12.53 12.51 12.508 12.527 12.51 12.447 12.36 12.27 12.265 12.34 12.41 12.455 12.467 12.457 12.447 12.442 12.44 12.448 12.47 12.497 12.5 12.467 12.423 12.475 12.625 12.75 12.797 12.787 12.757 12.7 12.633 12.615 12.647 12.672 12.682 12.685 12.672 12.62 12.538 12.453 12.378 12.338 12.345 12.383 12.427 12.477 12.527 12.562 12.587 12.597 12.587 12.572 12.557 12.538 12.513 12.495 12.488 12.48 12.47 12.46 12.468 12.49 12.515 12.543 12.57 12.592 12.615
12.257 12.34 12.422 12.507 12.582 12.632 12.645 12.625 12.615 12.607 12.557 12.47 12.368 12.29 12.303 12.375 12.432 12.475 12.502 12.51 12.507 12.507 12.512 12.517 12.527 12.527 12.495 12.45 12.405 12.455 12.605 12.76 12.87 12.877 12.82 12.75 12.683 12.66 12.68 12.692 12.7 12.69 12.645 12.583 12.515 12.448 12.393 12.353 12.333 12.338 12.36 12.405 12.46 12.497 12.52 12.52 12.503 12.488 12.483 12.49 12.49 12.478 12.46 12.44 12.423 12.41 12.413 12.433 12.458 12.5 12.563 12.612 12.65
12.207 12.29 12.372 12.457 12.54 12.625 12.687 12.707 12.705 12.662 12.575 12.473 12.37 12.31 12.338 12.4 12.447 12.475 12.482 12.49 12.497 12.505 12.512 12.52 12.53 12.52 12.48 12.433 12.385 12.433 12.59 12.763 12.892 12.895 12.825 12.765 12.707 12.675 12.67 12.67 12.68 12.682 12.64 12.595 12.567 12.528 12.485 12.445 12.413 12.388 12.37 12.373 12.398 12.433 12.448 12.443 12.448 12.463 12.485 12.52 12.52 12.49 12.468 12.44 12.413 12.393 12.393 12.42 12.455 12.51 12.59 12.64 12.673
12.15 12.228 12.31 12.395 12.48 12.563 12.645 12.705 12.722 12.675 12.58 12.477 12.373 12.33 12.37 12.415 12.435 12.43 12.418 12.42 12.43 12.44 12.448 12.458 12.475 12.487 12.467 12.42 12.383 12.453 12.63 12.822 12.915 12.862 12.78 12.72 12.667 12.627 12.61 12.613 12.635 12.665 12.657 12.63 12.627 12.615 12.577 12.538 12.507 12.48 12.45 12.42 12.4 12.403 12.42 12.443 12.478 12.523 12.565 12.585 12.552 12.505 12.487 12.472 12.448 12.43 12.438 12.47 12.513 12.575 12.642 12.67 12.688
