EGM722_Project_Data/DTM_asc/TL4554.asc
ncols         200
nrows         200
xllcorner     545000.000
yllcorner     254000.000
cellsize      5
NODATA_value  -9999.0
[rows 96 to 127 of 200, columns 0 to 72 of 200]
17.052 17.07 17.025 16.975 16.925 16.87 16.805 16.74 16.683 16.627 16.552 16.433 16.303 16.198 16.128 16.083 16.035 15.988 15.94 15.89 15.84 15.8 15.793 15.815 15.845 15.875 15.877 15.832 15.765 15.692 15.605 15.505 15.41 15.343 15.29 15.227 15.152 15.05 14.943 14.865 14.82 14.795 14.775 14.755 14.735 14.71 14.682 14.675 14.672 14.657 14.642 14.625 14.61 14.595 14.575 14.547 14.513 14.48 14.428 14.368 14.325 14.285 14.242 14.195 14.163 14.165 14.225 14.325 14.422 14.512 14.562 14.57 14.56
17.068 17.075 17.025 16.975 16.923 16.868 16.81 16.755 16.7 16.645 16.592 16.492 16.337 16.195 16.103 16.045 15.995 15.945 15.895 15.845 15.795 15.753 15.748 15.775 15.805 15.837 15.842 15.795 15.722 15.647 15.56 15.457 15.353 15.263 15.193 15.128 15.063 14.988 14.918 14.877 14.85 14.825 14.802 14.78 14.757 14.732 14.705 14.687 14.677 14.662 14.647 14.63 14.615 14.602 14.587 14.565 14.533 14.5 14.46 14.415 14.375 14.335 14.295 14.255 14.215 14.18 14.215 14.315 14.412 14.495 14.527 14.517 14.5
17.105 17.08 17.03 16.983 16.932 16.873 16.815 16.765 16.712 16.657 16.605 16.507 16.352 16.213 16.11 16.035 15.98 15.928 15.875 15.823 15.77 15.715 15.7 15.732 15.765 15.795 15.797 15.75 15.677 15.602 15.515 15.41 15.31 15.225 15.138 15.06 14.998 14.943 14.907 14.877 14.842 14.812 14.787 14.762 14.735 14.705 14.677 14.66 14.65 14.637 14.622 14.607 14.597 14.592 14.592 14.587 14.565 14.538 14.505 14.465 14.425 14.385 14.34 14.285 14.22 14.16 14.185 14.285 14.38 14.44 14.447 14.435 14.425
17.13 17.097 17.05 17.002 16.95 16.882 16.818 16.765 16.715 16.662 16.607 16.495 16.348 16.235 16.135 16.043 15.973 15.92 15.87 15.817 15.757 15.685 15.658 15.687 15.717 15.737 15.732 15.69 15.627 15.557 15.468 15.37 15.29 15.225 15.133 15.03 14.963 14.917 14.882 14.84 14.792 14.755 14.73 14.705 14.675 14.648 14.625 14.61 14.6 14.59 14.578 14.57 14.57 14.573 14.585 14.6 14.6 14.582 14.55 14.51 14.47 14.422 14.362 14.282 14.195 14.13 14.155 14.255 14.33 14.36 14.355 14.34 14.33
17.127 17.117 17.08 17.025 16.957 16.885 16.823 16.768 16.715 16.665 16.602 16.49 16.365 16.265 16.165 16.065 15.975 15.91 15.86 15.805 15.732 15.65 15.618 15.637 15.657 15.67 15.66 15.618 15.563 15.508 15.438 15.36 15.295 15.235 15.142 15.02 14.93 14.88 14.835 14.785 14.735 14.695 14.67 14.645 14.618 14.593 14.573 14.56 14.55 14.54 14.54 14.547 14.552 14.56 14.575 14.595 14.612 14.615 14.592 14.552 14.502 14.437 14.362 14.275 14.178 14.103 14.125 14.21 14.255 14.27 14.267 14.253 14.245
17.127 17.13 17.1 17.035 16.96 16.885 16.825 16.772 16.718 16.665 16.597 16.5 16.395 16.295 16.195 16.097 16 15.913 15.845 15.777 15.697 15.613 15.573 15.583 15.595 15.605 15.595 15.558 15.513 15.473 15.43 15.372 15.31 15.25 15.157 15.028 14.913 14.835 14.78 14.73 14.68 14.638 14.61 14.585 14.56 14.535 14.515 14.507 14.5 14.488 14.478 14.495 14.53 14.55 14.565 14.585 14.605 14.625 14.625 14.582 14.512 14.437 14.355 14.26 14.16 14.078 14.088 14.142 14.165 14.18 14.19 14.208 14.24
17.11 17.117 17.085 17.017 16.947 16.88 16.825 16.775 16.722 16.67 16.605 16.515 16.415 16.315 16.215 16.12 16.025 15.912 15.797 15.702 15.617 15.558 15.548 15.558 15.565 15.575 15.563 15.53 15.498 15.463 15.427 15.382 15.325 15.265 15.167 15.04 14.92 14.815 14.735 14.675 14.625 14.58 14.55 14.525 14.5 14.48 14.463 14.453 14.445 14.432 14.4 14.39 14.435 14.492 14.547 14.585 14.605 14.627 14.637 14.595 14.513 14.432 14.345 14.245 14.148 14.06 14.053 14.1 14.133 14.158 14.188 14.243 14.308
17.08 17.08 17.04 16.975 16.915 16.863 16.812 16.77 16.73 16.68 16.612 16.52 16.422 16.325 16.225 16.125 16.007 15.86 15.703 15.58 15.49 15.5 15.562 15.57 15.573 15.58 15.565 15.525 15.49 15.455 15.42 15.387 15.34 15.277 15.177 15.055 14.94 14.825 14.72 14.63 14.565 14.52 14.49 14.465 14.445 14.435 14.42 14.403 14.39 14.38 14.345 14.295 14.29 14.358 14.465 14.557 14.61 14.635 14.647 14.607 14.517 14.42 14.35 14.295 14.215 14.125 14.105 14.155 14.195 14.22 14.26 14.32 14.383
17.055 17.04 16.993 16.935 16.888 16.845 16.793 16.747 16.717 16.68 16.617 16.525 16.427 16.33 16.22 16.09 15.935 15.768 15.6 15.46 15.398 15.493 15.595 15.592 15.588 15.587 15.57 15.525 15.483 15.448 15.415 15.387 15.35 15.29 15.192 15.075 14.96 14.845 14.735 14.625 14.53 14.465 14.43 14.413 14.405 14.4 14.383 14.36 14.34 14.327 14.295 14.235 14.195 14.23 14.328 14.445 14.552 14.625 14.662 14.62 14.502 14.375 14.325 14.327 14.302 14.252 14.232 14.26 14.28 14.298 14.34 14.4 14.46
17.04 17.003 16.958 16.915 16.875 16.832 16.775 16.713 16.678 16.657 16.602 16.51 16.41 16.315 16.192 16.028 15.855 15.685 15.513 15.353 15.355 15.525 15.62 15.615 15.602 15.592 15.57 15.527 15.482 15.443 15.41 15.38 15.347 15.297 15.207 15.095 14.98 14.865 14.752 14.64 14.53 14.433 14.383 14.375 14.375 14.37 14.35 14.325 14.3 14.278 14.25 14.223 14.213 14.24 14.31 14.403 14.508 14.605 14.665 14.607 14.45 14.305 14.255 14.275 14.295 14.302 14.31 14.33 14.35 14.372 14.415 14.472 14.527
17.093 17.01 16.938 16.9 16.86 16.817 16.76 16.69 16.64 16.615 16.557 16.46 16.368 16.285 16.165 15.995 15.818 15.643 15.465 15.315 15.373 15.56 15.62 15.602 15.587 15.572 15.545 15.505 15.465 15.433 15.405 15.375 15.345 15.297 15.207 15.095 14.98 14.865 14.752 14.637 14.525 14.42 14.358 14.345 14.342 14.335 14.317 14.292 14.268 14.253 14.263 14.29 14.315 14.35 14.415 14.495 14.575 14.65 14.677 14.577 14.398 14.258 14.218 14.245 14.27 14.295 14.325 14.355 14.385 14.415 14.452 14.495 14.537
17.217 17.115 16.973 16.885 16.845 16.802 16.745 16.675 16.61 16.565 16.502 16.41 16.33 16.255 16.157 15.997 15.805 15.628 15.473 15.368 15.44 15.592 15.61 15.568 15.545 15.53 15.5 15.465 15.44 15.428 15.41 15.38 15.347 15.3 15.192 15.065 14.957 14.845 14.735 14.62 14.505 14.41 14.35 14.32 14.308 14.3 14.283 14.26 14.253 14.268 14.32 14.39 14.43 14.463 14.525 14.605 14.677 14.732 14.702 14.555 14.368 14.233 14.21 14.242 14.268 14.295 14.325 14.358 14.393 14.427 14.46 14.49 14.52
17.355 17.28 17.115 16.93 16.838 16.79 16.73 16.66 16.588 16.523 16.452 16.372 16.297 16.222 16.145 15.995 15.795 15.63 15.518 15.445 15.513 15.63 15.615 15.56 15.518 15.488 15.463 15.445 15.437 15.432 15.415 15.385 15.35 15.31 15.19 15.03 14.92 14.82 14.715 14.6 14.485 14.4 14.35 14.308 14.28 14.268 14.255 14.255 14.275 14.308 14.37 14.46 14.53 14.575 14.635 14.705 14.755 14.787 14.715 14.535 14.343 14.21 14.198 14.235 14.265 14.298 14.333 14.368 14.405 14.442 14.475 14.505 14.525
17.482 17.422 17.287 17.073 16.89 16.785 16.72 16.663 16.605 16.505 16.398 16.325 16.252 16.18 16.107 15.99 15.813 15.668 15.59 15.525 15.585 15.667 15.625 15.568 15.513 15.463 15.435 15.43 15.43 15.422 15.397 15.372 15.347 15.312 15.197 15.008 14.87 14.78 14.685 14.577 14.47 14.398 14.353 14.305 14.265 14.25 14.26 14.288 14.32 14.355 14.42 14.51 14.597 14.672 14.732 14.78 14.815 14.82 14.71 14.515 14.32 14.188 14.175 14.22 14.265 14.305 14.345 14.38 14.415 14.455 14.487 14.5 14.492
17.562 17.505 17.382 17.187 16.98 16.823 16.748 16.705 16.635 16.475 16.33 16.26 16.19 16.12 16.05 15.98 15.85 15.728 15.67 15.605 15.642 15.687 15.632 15.575 15.52 15.468 15.423 15.403 15.4 15.387 15.347 15.305 15.3 15.3 15.205 15.012 14.838 14.725 14.635 14.543 14.463 14.413 14.373 14.33 14.298 14.288 14.303 14.333 14.368 14.405 14.47 14.562 14.652 14.717 14.755 14.79 14.82 14.797 14.675 14.487 14.29 14.148 14.125 14.188 14.262 14.315 14.352 14.387 14.425 14.452 14.457 14.442 14.415
17.6 17.555 17.43 17.24 17.063 16.918 16.825 16.775 16.642 16.413 16.26 16.19 16.12 16.047 15.975 15.93 15.885 15.805 15.74 15.688 15.69 15.695 15.64 15.587 15.533 15.48 15.425 15.38 15.365 15.345 15.292 15.228 15.198 15.202 15.132 14.965 14.795 14.678 14.598 14.528 14.485 14.458 14.423 14.393 14.38 14.378 14.37 14.38 14.413 14.455 14.525 14.612 14.672 14.69 14.707 14.732 14.737 14.702 14.595 14.435 14.252 14.098 14.068 14.153 14.255 14.32 14.357 14.392 14.415 14.41 14.385 14.358 14.332
17.597 17.59 17.487 17.32 17.17 17.035 16.918 16.83 16.632 16.348 16.19 16.117 16.045 15.97 15.893 15.86 15.877 15.845 15.787 15.755 15.732 15.702 15.65 15.6 15.547 15.492 15.435 15.378 15.34 15.305 15.248 15.183 15.123 15.085 15.02 14.898 14.775 14.675 14.6 14.553 14.535 14.517 14.49 14.475 14.473 14.477 14.465 14.448 14.46 14.505 14.575 14.627 14.632 14.628 14.635 14.632 14.615 14.577 14.48 14.34 14.188 14.04 14.023 14.13 14.245 14.322 14.357 14.37 14.357 14.332 14.305 14.275 14.25
17.547 17.572 17.49 17.345 17.225 17.11 16.997 16.855 16.587 16.28 16.118 16.04 15.963 15.888 15.815 15.795 15.82 15.825 15.795 15.745 15.72 15.697 15.655 15.61 15.56 15.505 15.445 15.388 15.333 15.278 15.218 15.158 15.103 15.05 14.983 14.893 14.8 14.705 14.628 14.595 14.587 14.572 14.56 14.56 14.562 14.567 14.567 14.547 14.528 14.547 14.585 14.595 14.585 14.575 14.55 14.515 14.49 14.455 14.36 14.23 14.12 14.023 14.013 14.11 14.23 14.31 14.325 14.305 14.275 14.248 14.223 14.195 14.173
17.467 17.482 17.38 17.202 17.08 16.985 16.895 16.795 16.557 16.24 16.068 15.985 15.895 15.81 15.745 15.725 15.73 15.73 15.697 15.64 15.647 15.662 15.627 15.59 15.557 15.53 15.49 15.443 15.365 15.268 15.203 15.152 15.097 15.042 14.975 14.892 14.807 14.72 14.655 14.632 14.622 14.607 14.597 14.597 14.602 14.607 14.612 14.602 14.577 14.572 14.578 14.575 14.575 14.56 14.515 14.46 14.418 14.385 14.323 14.235 14.165 14.105 14.065 14.105 14.215 14.287 14.285 14.255 14.225 14.203 14.198 14.193 14.18
17.36 17.36 17.247 17.013 16.82 16.705 16.635 16.62 16.505 16.228 16.04 15.962 15.875 15.783 15.695 15.623 15.58 15.562 15.525 15.503 15.555 15.595 15.572 15.54 15.545 15.582 15.58 15.532 15.417 15.263 15.18 15.142 15.092 15.037 14.97 14.887 14.803 14.72 14.668 14.65 14.637 14.623 14.608 14.6 14.6 14.605 14.607 14.598 14.588 14.587 14.59 14.59 14.585 14.567 14.525 14.465 14.428 14.423 14.405 14.358 14.3 14.237 14.17 14.138 14.2 14.272 14.27 14.24 14.225 14.235 14.255 14.267 14.267
17.235 17.235 17.14 16.895 16.625 16.448 16.39 16.4 16.38 16.197 16.01 15.94 15.867 15.79 15.688 15.563 15.463 15.403 15.36 15.375 15.455 15.517 15.517 15.498 15.548 15.65 15.68 15.605 15.45 15.26 15.15 15.115 15.077 15.03 14.965 14.883 14.803 14.725 14.673 14.658 14.652 14.64 14.625 14.613 14.603 14.602 14.602 14.598 14.595 14.6 14.605 14.605 14.595 14.575 14.538 14.5 14.5 14.52 14.52 14.487 14.435 14.37 14.3 14.23 14.218 14.255 14.263 14.258 14.275 14.31 14.335 14.345 14.352
17.12 17.11 17.032 16.805 16.51 16.285 16.2 16.193 16.2 16.117 15.985 15.913 15.853 15.8 15.71 15.58 15.45 15.33 15.26 15.278 15.355 15.437 15.46 15.475 15.57 15.702 15.76 15.66 15.47 15.27 15.133 15.08 15.055 15.028 14.967 14.885 14.807 14.73 14.675 14.66 14.66 14.655 14.642 14.627 14.612 14.6 14.597 14.602 14.607 14.612 14.617 14.615 14.603 14.588 14.568 14.562 14.577 14.595 14.602 14.587 14.55 14.49 14.42 14.35 14.293 14.275 14.29 14.32 14.357 14.392 14.415 14.425 14.432
17.075 17.042 16.955 16.737 16.455 16.223 16.113 16.078 16.058 16.03 15.968 15.905 15.863 15.825 15.74 15.61 15.48 15.353 15.28 15.293 15.335 15.375 15.41 15.48 15.595 15.717 15.77 15.655 15.448 15.27 15.16 15.115 15.098 15.062 14.985 14.893 14.81 14.73 14.678 14.665 14.665 14.665 14.645 14.62 14.605 14.585 14.577 14.585 14.595 14.602 14.617 14.63 14.625 14.615 14.605 14.602 14.61 14.625 14.635 14.632 14.617 14.57 14.5 14.43 14.357 14.303 14.335 14.402 14.44 14.475 14.492 14.5 14.507
17.082 17.01 16.88 16.68 16.423 16.19 16.08 16.045 16.015 15.998 15.963 15.92 15.893 15.857 15.77 15.64 15.51 15.403 15.36 15.395 15.435 15.435 15.448 15.498 15.57 15.665 15.7 15.585 15.418 15.303 15.24 15.215 15.185 15.11 15.008 14.908 14.815 14.73 14.68 14.67 14.683 14.68 14.628 14.585 14.572 14.555 14.543 14.545 14.555 14.573 14.605 14.642 14.66 14.655 14.64 14.625 14.625 14.637 14.645 14.648 14.652 14.62 14.55 14.477 14.39 14.298 14.35 14.475 14.525 14.555 14.567 14.572 14.575
17.052 16.925 16.772 16.592 16.37 16.158 16.053 16.028 16.013 16.003 15.978 15.95 15.93 15.892 15.8 15.67 15.55 15.47 15.443 15.485 15.56 15.587 15.583 15.585 15.603 15.643 15.65 15.57 15.473 15.4 15.345 15.305 15.24 15.14 15.035 14.932 14.83 14.738 14.685 14.688 14.725 14.705 14.605 14.543 14.532 14.522 14.508 14.505 14.523 14.558 14.6 14.645 14.682 14.692 14.68 14.66 14.648 14.65 14.658 14.665 14.68 14.662 14.597 14.512 14.41 14.3 14.305 14.477 14.61 14.635 14.64 14.637 14.63
16.963 16.81 16.66 16.488 16.293 16.125 16.048 16.035 16.028 16.028 16.013 15.985 15.965 15.925 15.83 15.703 15.608 15.555 15.528 15.565 15.655 15.72 15.735 15.722 15.707 15.69 15.66 15.612 15.555 15.497 15.44 15.367 15.272 15.167 15.062 14.955 14.847 14.748 14.695 14.727 14.772 14.717 14.593 14.51 14.488 14.48 14.468 14.473 14.508 14.555 14.6 14.643 14.688 14.72 14.72 14.7 14.68 14.667 14.672 14.685 14.7 14.697 14.637 14.535 14.425 14.313 14.233 14.375 14.622 14.705 14.7 14.69 14.68
16.94 16.78 16.62 16.44 16.255 16.118 16.063 16.055 16.053 16.07 16.06 16.023 16 15.957 15.86 15.75 15.685 15.645 15.613 15.645 15.735 15.8 15.815 15.79 15.752 15.717 15.68 15.637 15.592 15.537 15.47 15.382 15.275 15.17 15.065 14.955 14.847 14.753 14.695 14.707 14.75 14.707 14.587 14.485 14.44 14.433 14.448 14.493 14.538 14.58 14.628 14.675 14.725 14.755 14.74 14.71 14.69 14.67 14.67 14.687 14.7 14.69 14.645 14.56 14.45 14.338 14.23 14.29 14.57 14.747 14.75 14.74 14.73
17.012 16.85 16.677 16.478 16.278 16.135 16.078 16.078 16.093 16.117 16.117 16.078 16.038 15.99 15.9 15.818 15.77 15.73 15.695 15.728 15.8 15.815 15.807 15.8 15.77 15.735 15.697 15.652 15.595 15.507 15.432 15.36 15.258 15.152 15.045 14.938 14.833 14.758 14.708 14.658 14.665 14.657 14.565 14.458 14.405 14.425 14.485 14.562 14.617 14.658 14.705 14.757 14.792 14.792 14.755 14.703 14.67 14.653 14.655 14.665 14.652 14.612 14.587 14.562 14.48 14.37 14.295 14.34 14.548 14.747 14.8 14.787 14.755
17.042 16.94 16.76 16.545 16.318 16.155 16.1 16.11 16.135 16.162 16.182 16.15 16.085 16.023 15.953 15.898 15.855 15.815 15.78 15.8 15.825 15.798 15.783 15.787 15.78 15.752 15.712 15.652 15.56 15.443 15.37 15.327 15.242 15.135 15.028 14.923 14.828 14.775 14.742 14.67 14.608 14.578 14.515 14.433 14.408 14.463 14.547 14.63 14.702 14.757 14.8 14.83 14.832 14.82 14.787 14.725 14.665 14.638 14.632 14.61 14.562 14.508 14.49 14.505 14.485 14.405 14.38 14.468 14.598 14.762 14.847 14.81 14.735
16.992 16.995 16.837 16.61 16.37 16.185 16.13 16.152 16.18 16.21 16.237 16.222 16.155 16.075 16.015 15.975 15.937 15.9 15.862 15.84 15.807 15.77 15.76 15.763 15.765 15.757 15.71 15.61 15.49 15.37 15.305 15.285 15.22 15.118 15.012 14.905 14.83 14.802 14.777 14.71 14.615 14.54 14.483 14.44 14.435 14.49 14.582 14.672 14.757 14.83 14.865 14.865 14.852 14.84 14.81 14.747 14.67 14.615 14.577 14.528 14.47 14.413 14.395 14.415 14.432 14.43 14.473 14.58 14.69 14.812 14.857 14.787 14.695
16.932 17 16.897 16.67 16.43 16.223 16.15 16.18 16.21 16.242 16.272 16.267 16.197 16.102 16.04 16 15.962 15.925 15.885 15.84 15.785 15.75 15.748 15.75 15.753 15.757 15.722 15.583 15.418 15.303 15.243 15.227 15.187 15.102 14.995 14.898 14.845 14.828 14.81 14.752 14.657 14.558 14.498 14.48 14.465 14.503 14.595 14.69 14.775 14.84 14.865 14.86 14.845 14.83 14.797 14.725 14.64 14.565 14.505 14.455 14.403 14.345 14.325 14.348 14.38 14.435 14.522 14.627 14.735 14.807 14.79 14.715 14.632
16.912 16.95 16.87 16.7 16.485 16.253 16.155 16.185 16.215 16.245 16.27 16.255 16.177 16.08 16.015 15.975 15.935 15.892 15.853 15.82 15.778 15.748 15.748 15.752 15.757 15.76 15.747 15.647 15.458 15.273 15.18 15.165 15.145 15.08 14.975 14.903 14.875 14.855 14.837 14.79 14.695 14.59 14.535 14.522 14.505 14.525 14.605 14.695 14.757 14.795 14.817 14.825 14.815 14.8 14.762 14.675 14.578 14.495 14.435 14.392 14.345 14.293 14.28 14.318 14.373 14.438 14.525 14.632 14.71 14.725 14.68 14.61 14.54
