EGM722_Project_Data/DTM_asc/TL4558.asc
ncols         200
nrows         200
xllcorner     545000.000
yllcorner     258000.000
cellsize      5
NODATA_value  -9999.0
[rows 33 to 65 of 200, columns 0 to 73 of 200]
8.73 8.752 8.775 8.795 8.797 8.77 8.717 8.682 8.68 8.682 8.685 8.685 8.687 8.71 8.74 8.745 8.737 8.73 8.7 8.64 8.57 8.452 8.242 7.987 7.733 7.528 7.415 7.35 7.325 7.357 7.407 7.43 7.445 7.475 7.49 7.56 7.695 7.797 7.722 7.5 7.28 7.185 7.25 7.353 7.47 7.615 7.775 7.91 7.925 7.825 7.71 7.595 7.483 7.383 7.33 7.325 7.33 7.337 7.33 7.31 7.287 7.295 7.292 7.247 7.2 7.153 7.123 7.113 7.108 7.103 7.098 7.095 7.095 7.095
8.765 8.787 8.81 8.822 8.795 8.73 8.657 8.608 8.595 8.592 8.587 8.585 8.605 8.67 8.74 8.77 8.772 8.767 8.74 8.68 8.612 8.53 8.372 8.155 7.927 7.74 7.625 7.527 7.455 7.432 7.43 7.43 7.49 7.547 7.503 7.505 7.617 7.697 7.6 7.38 7.218 7.188 7.248 7.315 7.423 7.58 7.737 7.875 7.932 7.872 7.757 7.643 7.533 7.443 7.383 7.358 7.36 7.37 7.355 7.315 7.292 7.285 7.257 7.212 7.165 7.14 7.15 7.158 7.153 7.15 7.15 7.15 7.15 7.153
8.792 8.817 8.835 8.81 8.732 8.635 8.553 8.5 8.47 8.458 8.455 8.468 8.535 8.635 8.712 8.767 8.792 8.795 8.767 8.705 8.632 8.545 8.405 8.225 8.035 7.86 7.715 7.577 7.483 7.443 7.43 7.445 7.562 7.632 7.55 7.485 7.54 7.6 7.48 7.31 7.263 7.295 7.342 7.375 7.42 7.54 7.692 7.825 7.925 7.915 7.805 7.69 7.593 7.515 7.443 7.385 7.37 7.377 7.35 7.285 7.238 7.222 7.195 7.15 7.125 7.143 7.192 7.23 7.235 7.23 7.23 7.23 7.233 7.24
8.81 8.832 8.825 8.75 8.633 8.525 8.448 8.4 8.358 8.328 8.328 8.383 8.498 8.605 8.677 8.742 8.795 8.817 8.79 8.722 8.642 8.55 8.412 8.235 8.05 7.862 7.695 7.57 7.5 7.46 7.435 7.488 7.65 7.707 7.61 7.51 7.495 7.497 7.403 7.343 7.365 7.405 7.45 7.477 7.47 7.523 7.652 7.777 7.895 7.932 7.852 7.748 7.665 7.592 7.518 7.445 7.398 7.378 7.335 7.268 7.205 7.165 7.133 7.108 7.128 7.175 7.23 7.282 7.31 7.312 7.313 7.315 7.32 7.33
8.805 8.812 8.775 8.68 8.548 8.423 8.34 8.298 8.255 8.215 8.235 8.338 8.472 8.575 8.643 8.708 8.772 8.822 8.807 8.735 8.65 8.555 8.42 8.245 8.05 7.845 7.675 7.575 7.525 7.485 7.47 7.568 7.74 7.77 7.67 7.567 7.49 7.443 7.423 7.443 7.478 7.515 7.557 7.58 7.555 7.54 7.613 7.73 7.845 7.93 7.905 7.814 7.739 7.667 7.602 7.555 7.515 7.485 7.452 7.377 7.265 7.15 7.095 7.138 7.23 7.26 7.27 7.325 7.37 7.392 7.4 7.405 7.41 7.42
8.77 8.767 8.715 8.615 8.485 8.355 8.263 8.218 8.183 8.155 8.198 8.315 8.447 8.552 8.625 8.69 8.755 8.815 8.812 8.742 8.657 8.565 8.427 8.247 8.045 7.828 7.665 7.593 7.558 7.528 7.578 7.727 7.832 7.797 7.695 7.59 7.488 7.46 7.51 7.557 7.593 7.628 7.665 7.682 7.65 7.588 7.603 7.703 7.813 7.922 7.435 6.873 6.832 6.797 6.77 6.757 6.75 6.742 6.735 6.692 6.613 7.005 7.432 7.427 7.432 7.37 7.328 7.375 7.425 7.467 7.492 7.502 7.51 7.52
8.72 8.72 8.665 8.565 8.443 8.318 8.228 8.185 8.16 8.143 8.183 8.293 8.42 8.537 8.625 8.69 8.747 8.795 8.797 8.742 8.662 8.572 8.435 8.242 8.032 7.81 7.67 7.633 7.608 7.625 7.727 7.855 7.872 7.78 7.675 7.573 7.485 7.475 7.557 7.655 7.715 7.75 7.782 7.777 7.717 7.64 7.635 7.715 7.81 7.915 6.935 5.896 5.888 5.885 5.883 5.88 5.88 5.88 5.88 5.88 5.883 6.835 7.759 7.695 7.59 7.46 7.403 7.435 7.49 7.547 7.582 7.597 7.612 7.622
8.67 8.672 8.617 8.522 8.407 8.288 8.21 8.18 8.16 8.148 8.183 8.278 8.395 8.515 8.617 8.685 8.727 8.762 8.77 8.73 8.662 8.58 8.44 8.232 8.007 7.785 7.673 7.662 7.655 7.71 7.805 7.872 7.852 7.752 7.65 7.55 7.485 7.478 7.55 7.685 7.8 7.87 7.885 7.837 7.762 7.685 7.68 7.752 7.832 7.922 6.935 5.896 5.886 5.88 5.875 5.87 5.868 5.863 5.86 5.86 5.876 6.813 7.72 7.692 7.64 7.542 7.478 7.498 7.56 7.627 7.667 7.685 7.702 7.715
8.645 8.627 8.57 8.475 8.37 8.265 8.203 8.183 8.175 8.18 8.21 8.288 8.395 8.508 8.607 8.667 8.7 8.732 8.745 8.71 8.65 8.58 8.432 8.21 7.975 7.758 7.66 7.657 7.665 7.72 7.807 7.862 7.825 7.725 7.625 7.533 7.49 7.495 7.543 7.658 7.802 7.912 7.925 7.865 7.797 7.728 7.708 7.75 7.8 7.852 7.375 6.883 6.9 6.78 6.33 5.943 5.876 5.866 5.858 5.855 6.343 7.26 7.675 7.65 7.625 7.577 7.54 7.565 7.627 7.692 7.745 7.772 7.788 7.805
8.66 8.61 8.533 8.428 8.328 8.245 8.208 8.208 8.218 8.23 8.25 8.315 8.42 8.52 8.597 8.645 8.678 8.712 8.715 8.67 8.61 8.55 8.41 8.185 7.953 7.738 7.64 7.638 7.648 7.705 7.787 7.827 7.79 7.7 7.6 7.525 7.505 7.515 7.535 7.623 7.77 7.87 7.9 7.875 7.812 7.75 7.715 7.71 7.71 7.708 7.72 7.749 7.787 7.699 7.277 6.91 6.857 6.865 6.657 6.183 6.853 7.737 7.673 7.643 7.615 7.598 7.598 7.625 7.68 7.742 7.8 7.845 7.875 7.895
8.68 8.612 8.522 8.413 8.31 8.253 8.245 8.258 8.27 8.283 8.298 8.35 8.44 8.517 8.58 8.627 8.662 8.687 8.667 8.61 8.55 8.495 8.37 8.162 7.937 7.72 7.62 7.615 7.628 7.69 7.747 7.76 7.745 7.68 7.58 7.525 7.525 7.532 7.538 7.603 7.725 7.795 7.832 7.857 7.82 7.763 7.728 7.7 7.668 7.628 7.618 7.633 7.648 7.675 7.697 7.71 7.732 7.762 7.572 7.115 7.328 7.762 7.708 7.675 7.663 7.673 7.683 7.688 7.725 7.787 7.84 7.892 7.95 7.982
8.682 8.607 8.527 8.428 8.338 8.305 8.31 8.32 8.33 8.342 8.35 8.378 8.44 8.507 8.567 8.612 8.647 8.652 8.61 8.55 8.49 8.435 8.32 8.127 7.912 7.7 7.6 7.595 7.61 7.657 7.682 7.68 7.677 7.642 7.57 7.535 7.542 7.548 7.555 7.598 7.662 7.703 7.745 7.797 7.807 7.775 7.735 7.695 7.65 7.6 7.593 7.627 7.642 7.64 7.635 7.625 7.63 7.643 7.662 7.695 7.727 7.745 7.74 7.738 7.753 7.78 7.79 7.773 7.78 7.83 7.88 7.925 7.992 8.055
8.678 8.603 8.528 8.448 8.393 8.377 8.377 8.38 8.38 8.38 8.375 8.388 8.438 8.502 8.557 8.595 8.622 8.607 8.55 8.49 8.433 8.378 8.267 8.083 7.878 7.68 7.583 7.575 7.583 7.598 7.6 7.6 7.595 7.583 7.56 7.55 7.557 7.562 7.57 7.59 7.613 7.635 7.678 7.73 7.772 7.777 7.735 7.675 7.62 7.57 7.56 7.603 7.645 7.66 7.655 7.645 7.635 7.623 7.643 7.688 7.72 7.748 7.778 7.807 7.837 7.87 7.882 7.867 7.85 7.873 7.92 7.96 8.015 8.095
8.68 8.608 8.535 8.468 8.43 8.417 8.407 8.4 8.39 8.38 8.375 8.398 8.448 8.503 8.548 8.583 8.603 8.578 8.525 8.473 8.42 8.368 8.255 8.07 7.87 7.678 7.58 7.57 7.563 7.558 7.558 7.56 7.558 7.55 7.543 7.545 7.552 7.557 7.565 7.575 7.588 7.608 7.645 7.695 7.758 7.81 7.79 7.718 7.65 7.583 7.553 7.58 7.625 7.665 7.675 7.662 7.65 7.638 7.663 7.725 7.767 7.793 7.825 7.86 7.892 7.92 7.93 7.925 7.907 7.918 7.96 8 8.043 8.113
8.705 8.635 8.565 8.493 8.44 8.418 8.405 8.395 8.385 8.375 8.378 8.41 8.463 8.515 8.558 8.61 8.637 8.605 8.558 8.51 8.463 8.42 8.315 8.108 7.885 7.693 7.593 7.58 7.568 7.558 7.558 7.56 7.557 7.545 7.528 7.525 7.53 7.535 7.545 7.555 7.573 7.595 7.628 7.68 7.768 7.877 7.897 7.825 7.742 7.643 7.588 7.608 7.643 7.688 7.702 7.68 7.663 7.65 7.678 7.75 7.807 7.84 7.875 7.907 7.93 7.945 7.95 7.945 7.94 7.963 8.005 8.045 8.085 8.135
8.745 8.67 8.6 8.528 8.46 8.418 8.4 8.39 8.38 8.37 8.383 8.425 8.48 8.535 8.605 8.682 8.7 8.662 8.615 8.565 8.518 8.487 8.407 8.175 7.908 7.708 7.605 7.59 7.58 7.57 7.565 7.56 7.547 7.53 7.513 7.508 7.512 7.517 7.525 7.538 7.557 7.58 7.61 7.678 7.793 7.927 7.982 7.922 7.818 7.695 7.643 7.675 7.715 7.757 7.76 7.723 7.688 7.663 7.69 7.765 7.837 7.887 7.92 7.942 7.955 7.965 7.97 7.965 7.97 8.008 8.055 8.095 8.135 8.18
8.803 8.713 8.633 8.56 8.49 8.428 8.393 8.383 8.378 8.378 8.413 8.478 8.545 8.61 8.705 8.767 8.75 8.715 8.672 8.625 8.578 8.557 8.502 8.27 7.955 7.72 7.618 7.603 7.59 7.58 7.57 7.555 7.535 7.515 7.498 7.488 7.49 7.497 7.505 7.52 7.54 7.563 7.6 7.69 7.825 7.962 8.057 8.03 7.91 7.788 7.73 7.753 7.798 7.842 7.842 7.795 7.745 7.708 7.728 7.8 7.88 7.932 7.952 7.965 7.972 7.98 7.985 7.983 8.003 8.055 8.105 8.145 8.185 8.24
8.865 8.77 8.698 8.628 8.555 8.483 8.453 8.46 8.463 8.473 8.52 8.6 8.68 8.757 8.825 8.835 8.8 8.767 8.727 8.68 8.643 8.635 8.595 8.377 8.035 7.75 7.63 7.615 7.597 7.582 7.565 7.545 7.525 7.505 7.485 7.465 7.455 7.46 7.472 7.49 7.513 7.545 7.61 7.725 7.865 7.997 8.105 8.14 8.092 8.015 7.948 7.915 7.905 7.923 7.923 7.888 7.855 7.818 7.828 7.895 7.96 7.985 7.985 7.985 7.988 7.995 8 8.005 8.043 8.105 8.155 8.195 8.243 8.31
8.915 8.84 8.785 8.727 8.657 8.585 8.575 8.612 8.63 8.64 8.683 8.76 8.84 8.887 8.882 8.862 8.845 8.82 8.782 8.735 8.71 8.715 8.687 8.485 8.14 7.835 7.685 7.643 7.603 7.575 7.555 7.535 7.515 7.495 7.473 7.445 7.42 7.415 7.428 7.448 7.488 7.548 7.643 7.775 7.907 8.017 8.105 8.18 8.222 8.202 8.147 8.09 8.033 8.023 8.035 8.02 7.992 7.955 7.958 8.005 8.04 8.045 8.03 8.015 8.01 8.015 8.02 8.038 8.09 8.155 8.207 8.253 8.313 8.39
8.98 8.92 8.865 8.815 8.757 8.7 8.7 8.75 8.79 8.81 8.848 8.917 8.96 8.94 8.888 8.863 8.862 8.855 8.832 8.795 8.783 8.797 8.785 8.592 8.283 8.045 7.91 7.843 7.78 7.728 7.683 7.637 7.58 7.515 7.468 7.43 7.395 7.378 7.39 7.433 7.5 7.58 7.688 7.82 7.932 8.02 8.095 8.165 8.23 8.24 8.197 8.15 8.123 8.143 8.17 8.155 8.115 8.067 8.052 8.08 8.1 8.1 8.08 8.058 8.045 8.04 8.045 8.078 8.138 8.202 8.26 8.315 8.385 8.465
9.062 9 8.943 8.893 8.845 8.808 8.823 8.875 8.927 8.967 9.002 9.027 9.002 8.947 8.89 8.855 8.853 8.86 8.857 8.837 8.832 8.847 8.85 8.727 8.52 8.365 8.247 8.145 8.04 7.932 7.827 7.727 7.637 7.56 7.51 7.473 7.43 7.39 7.395 7.46 7.54 7.625 7.735 7.85 7.937 8.012 8.082 8.15 8.217 8.242 8.21 8.18 8.21 8.27 8.285 8.257 8.205 8.127 8.088 8.112 8.14 8.145 8.13 8.103 8.085 8.08 8.088 8.125 8.188 8.253 8.315 8.383 8.46 8.54
9.13 9.077 9.02 8.97 8.925 8.893 8.913 8.967 9.025 9.075 9.092 9.062 9.007 8.95 8.893 8.85 8.838 8.845 8.847 8.822 8.782 8.765 8.767 8.732 8.622 8.49 8.357 8.215 8.072 7.927 7.81 7.723 7.655 7.613 7.585 7.56 7.522 7.473 7.46 7.513 7.585 7.67 7.767 7.852 7.925 7.995 8.065 8.135 8.202 8.24 8.24 8.265 8.342 8.4 8.385 8.327 8.245 8.143 8.09 8.115 8.15 8.167 8.162 8.14 8.133 8.138 8.145 8.18 8.243 8.305 8.37 8.447 8.53 8.61
9.145 9.11 9.07 9.04 9.007 8.97 8.98 9.03 9.085 9.12 9.105 9.06 9.007 8.952 8.898 8.845 8.823 8.83 8.815 8.76 8.688 8.628 8.59 8.57 8.512 8.392 8.25 8.105 7.983 7.883 7.813 7.765 7.715 7.678 7.655 7.635 7.612 7.577 7.55 7.578 7.643 7.715 7.788 7.855 7.923 7.99 8.06 8.128 8.195 8.258 8.32 8.4 8.485 8.505 8.445 8.355 8.252 8.148 8.095 8.118 8.147 8.167 8.167 8.165 8.187 8.202 8.208 8.24 8.3 8.36 8.425 8.503 8.587 8.67
9.148 9.1 9.08 9.077 9.075 9.05 9.053 9.095 9.127 9.127 9.095 9.05 9 8.952 8.9 8.843 8.813 8.805 8.765 8.695 8.622 8.548 8.475 8.425 8.382 8.285 8.155 8.048 7.973 7.923 7.875 7.825 7.778 7.745 7.725 7.705 7.69 7.67 7.638 7.648 7.728 7.803 7.843 7.89 7.953 8.02 8.088 8.153 8.223 8.315 8.422 8.517 8.582 8.56 8.465 8.362 8.258 8.155 8.103 8.118 8.142 8.162 8.163 8.185 8.242 8.267 8.273 8.3 8.355 8.418 8.483 8.555 8.64 8.727
9.183 9.103 9.08 9.09 9.102 9.105 9.107 9.122 9.127 9.115 9.085 9.04 8.99 8.945 8.897 8.845 8.805 8.765 8.705 8.633 8.558 8.483 8.408 8.335 8.275 8.21 8.135 8.078 8.033 7.985 7.935 7.885 7.843 7.815 7.795 7.775 7.76 7.745 7.72 7.74 7.845 7.925 7.938 7.955 8.003 8.068 8.133 8.203 8.29 8.385 8.462 8.525 8.572 8.552 8.47 8.37 8.265 8.163 8.105 8.115 8.14 8.16 8.165 8.213 8.302 8.337 8.338 8.36 8.41 8.475 8.54 8.608 8.69 8.78
9.255 9.14 9.083 9.092 9.105 9.117 9.105 9.087 9.09 9.085 9.067 9.03 8.98 8.935 8.89 8.84 8.787 8.723 8.65 8.578 8.505 8.433 8.358 8.285 8.228 8.2 8.182 8.145 8.095 8.045 7.995 7.948 7.91 7.885 7.865 7.845 7.833 7.83 7.835 7.87 7.965 8.035 8.042 8.05 8.073 8.118 8.18 8.26 8.345 8.4 8.427 8.455 8.495 8.5 8.447 8.37 8.275 8.17 8.11 8.118 8.14 8.158 8.18 8.253 8.36 8.407 8.405 8.42 8.468 8.532 8.597 8.663 8.74 8.83
9.342 9.193 9.095 9.088 9.102 9.112 9.075 9.033 9.035 9.04 9.037 9.015 8.97 8.922 8.875 8.822 8.762 8.69 8.61 8.535 8.465 8.395 8.323 8.255 8.22 8.218 8.22 8.205 8.165 8.113 8.06 8.013 7.978 7.958 7.948 7.94 7.943 7.965 7.998 8.023 8.08 8.132 8.14 8.152 8.165 8.185 8.23 8.295 8.342 8.362 8.378 8.395 8.422 8.43 8.395 8.34 8.27 8.178 8.115 8.118 8.14 8.155 8.2 8.298 8.41 8.472 8.478 8.483 8.523 8.587 8.655 8.72 8.79 8.872
9.407 9.24 9.118 9.085 9.097 9.105 9.057 8.983 8.963 8.977 8.987 8.985 8.957 8.907 8.855 8.797 8.735 8.667 8.585 8.5 8.425 8.355 8.285 8.238 8.228 8.232 8.235 8.237 8.227 8.19 8.138 8.09 8.065 8.06 8.065 8.08 8.108 8.145 8.175 8.185 8.21 8.232 8.227 8.227 8.23 8.23 8.247 8.28 8.302 8.317 8.33 8.345 8.363 8.365 8.335 8.285 8.233 8.168 8.115 8.115 8.14 8.165 8.233 8.343 8.455 8.532 8.552 8.558 8.585 8.638 8.705 8.772 8.837 8.905
9.46 9.29 9.15 9.093 9.095 9.095 9.042 8.953 8.903 8.903 8.917 8.927 8.915 8.88 8.833 8.773 8.71 8.645 8.565 8.475 8.393 8.318 8.26 8.24 8.243 8.247 8.25 8.253 8.26 8.257 8.232 8.205 8.192 8.192 8.205 8.232 8.265 8.297 8.315 8.305 8.292 8.285 8.27 8.252 8.24 8.23 8.228 8.243 8.258 8.267 8.28 8.295 8.323 8.345 8.325 8.273 8.218 8.17 8.15 8.16 8.178 8.213 8.295 8.405 8.513 8.597 8.632 8.645 8.665 8.695 8.743 8.802 8.867 8.927
9.505 9.34 9.19 9.108 9.095 9.085 9.025 8.935 8.858 8.83 8.842 8.847 8.84 8.848 8.84 8.79 8.73 8.663 8.583 8.493 8.4 8.31 8.26 8.255 8.258 8.262 8.265 8.268 8.28 8.3 8.307 8.3 8.287 8.27 8.267 8.29 8.317 8.345 8.352 8.325 8.292 8.277 8.267 8.25 8.233 8.22 8.208 8.215 8.218 8.215 8.233 8.265 8.325 8.377 8.367 8.313 8.263 8.238 8.253 8.278 8.29 8.328 8.413 8.52 8.62 8.687 8.71 8.72 8.74 8.76 8.785 8.825 8.883 8.943
9.53 9.387 9.23 9.123 9.095 9.077 9.01 8.918 8.825 8.773 8.768 8.77 8.788 8.838 8.875 8.85 8.787 8.715 8.635 8.547 8.45 8.35 8.283 8.268 8.272 8.275 8.278 8.288 8.308 8.335 8.35 8.345 8.327 8.293 8.258 8.26 8.29 8.32 8.327 8.3 8.273 8.263 8.257 8.245 8.228 8.215 8.2 8.2 8.19 8.18 8.215 8.28 8.36 8.42 8.412 8.365 8.345 8.358 8.388 8.42 8.44 8.48 8.565 8.665 8.745 8.787 8.792 8.788 8.8 8.82 8.84 8.865 8.905 8.96
9.527 9.42 9.273 9.148 9.1 9.067 8.995 8.902 8.81 8.733 8.7 8.72 8.775 8.84 8.897 8.9 8.84 8.765 8.685 8.6 8.507 8.41 8.328 8.29 8.285 8.288 8.298 8.318 8.345 8.377 8.392 8.385 8.362 8.317 8.265 8.243 8.26 8.29 8.302 8.28 8.255 8.248 8.242 8.232 8.22 8.21 8.195 8.185 8.168 8.175 8.24 8.32 8.4 8.462 8.465 8.445 8.46 8.49 8.523 8.557 8.583 8.628 8.712 8.792 8.845 8.88 8.885 8.87 8.868 8.88 8.9 8.92 8.948 8.988
9.51 9.422 9.305 9.188 9.115 9.055 8.975 8.885 8.795 8.703 8.68 8.733 8.788 8.843 8.905 8.935 8.892 8.815 8.732 8.647 8.562 8.472 8.39 8.328 8.3 8.308 8.33 8.36 8.39 8.422 8.435 8.425 8.395 8.342 8.29 8.245 8.235 8.26 8.275 8.257 8.238 8.232 8.225 8.217 8.21 8.2 8.187 8.17 8.16 8.2 8.28 8.36 8.442 8.512 8.542 8.56 8.59 8.62 8.655 8.692 8.722 8.775 8.847 8.897 8.935 8.97 8.977 8.963 8.95 8.948 8.96 8.983 9.01 9.038
