EGM722_Project_Data/DTM_asc/TL4557.asc
ncols         200
nrows         200
xllcorner     545000.000
yllcorner     257000.000
cellsize      5
NODATA_value  -9999.0
[rows 0 to 31 of 200, columns 73 to 145 of 200]
12.842 12.785 12.683 12.598 12.51 12.392 12.252 12.1 11.96 11.888 11.865 11.857 11.815 11.763 11.745 11.705 11.65 11.603 11.583 11.585 11.58 11.58 11.585 11.59 11.597 11.602 11.605 11.608 11.62 11.63 11.63 11.63 11.62 11.62 11.635 11.645 11.655 11.655 11.645 11.648 11.673 11.713 11.758 11.805 11.853 11.9 11.95 11.982 11.975 11.975 12.008 12.045 12.095 12.175 12.265 12.34 12.433 12.542 12.632 12.695 12.727 12.75 12.772 12.79 12.815 12.845 12.872 12.89 12.897 12.907 12.928 12.965 13
12.815 12.872 12.817 12.737 12.615 12.46 12.292 12.138 12.045 12.01 11.985 11.965 11.915 11.845 11.788 11.725 11.668 11.61 11.58 11.578 11.57 11.57 11.577 11.583 11.59 11.595 11.595 11.598 11.605 11.61 11.613 11.618 11.615 11.62 11.635 11.645 11.655 11.655 11.645 11.64 11.653 11.688 11.735 11.783 11.828 11.875 11.923 11.97 12.002 12.027 12.06 12.09 12.128 12.19 12.265 12.335 12.425 12.515 12.58 12.64 12.687 12.71 12.72 12.735 12.763 12.795 12.832 12.867 12.895 12.925 12.952 12.982 13.012
12.737 12.877 12.892 12.807 12.655 12.48 12.315 12.203 12.155 12.13 12.1 12.06 12.005 11.928 11.848 11.778 11.715 11.645 11.6 11.59 11.578 11.565 11.565 11.572 11.577 11.582 11.585 11.588 11.598 11.605 11.608 11.613 11.618 11.628 11.64 11.65 11.655 11.65 11.642 11.638 11.643 11.673 11.72 11.768 11.818 11.87 11.918 11.965 12.018 12.062 12.095 12.125 12.155 12.195 12.255 12.325 12.4 12.465 12.52 12.58 12.637 12.675 12.69 12.7 12.715 12.73 12.75 12.778 12.81 12.855 12.905 12.947 12.975
12.627 12.8 12.87 12.807 12.667 12.493 12.363 12.305 12.272 12.237 12.192 12.137 12.082 12.012 11.93 11.855 11.782 11.698 11.638 11.62 11.602 11.575 11.555 11.555 11.562 11.567 11.57 11.575 11.597 11.615 11.615 11.62 11.63 11.642 11.652 11.655 11.65 11.64 11.635 11.633 11.64 11.673 11.72 11.773 11.828 11.88 11.93 11.985 12.045 12.087 12.115 12.145 12.175 12.195 12.233 12.3 12.36 12.41 12.463 12.52 12.58 12.63 12.657 12.67 12.683 12.697 12.71 12.72 12.735 12.763 12.795 12.833 12.857
12.51 12.695 12.815 12.795 12.672 12.533 12.45 12.407 12.36 12.307 12.25 12.198 12.152 12.087 12.005 11.925 11.842 11.748 11.678 11.65 11.625 11.595 11.565 11.548 11.548 11.552 11.555 11.57 11.602 11.62 11.625 11.635 11.645 11.655 11.657 11.65 11.64 11.63 11.628 11.633 11.643 11.678 11.73 11.785 11.842 11.895 11.948 12.01 12.075 12.115 12.138 12.165 12.195 12.205 12.218 12.268 12.32 12.363 12.408 12.46 12.52 12.575 12.617 12.64 12.65 12.663 12.677 12.69 12.7 12.713 12.728 12.748 12.755
12.393 12.58 12.745 12.775 12.68 12.593 12.532 12.475 12.415 12.355 12.298 12.258 12.225 12.162 12.078 11.993 11.907 11.81 11.723 11.675 11.645 11.615 11.588 11.563 11.543 11.538 11.548 11.573 11.607 11.627 11.637 11.65 11.66 11.662 11.655 11.643 11.63 11.625 11.63 11.64 11.653 11.688 11.743 11.8 11.86 11.918 11.975 12.04 12.102 12.142 12.165 12.188 12.215 12.225 12.223 12.243 12.28 12.32 12.36 12.405 12.46 12.515 12.567 12.605 12.62 12.63 12.643 12.657 12.67 12.68 12.693 12.705 12.708
12.31 12.5 12.672 12.742 12.692 12.632 12.585 12.525 12.465 12.405 12.355 12.325 12.297 12.237 12.153 12.067 11.977 11.88 11.785 11.72 11.685 11.655 11.628 11.598 11.565 11.543 11.548 11.578 11.612 11.632 11.64 11.65 11.66 11.662 11.655 11.643 11.63 11.633 11.648 11.66 11.673 11.708 11.763 11.82 11.885 11.948 12.005 12.07 12.13 12.167 12.193 12.215 12.238 12.25 12.245 12.235 12.248 12.283 12.32 12.36 12.405 12.458 12.512 12.562 12.59 12.6 12.61 12.625 12.64 12.65 12.658 12.665 12.67
12.26 12.447 12.595 12.68 12.685 12.66 12.63 12.57 12.51 12.458 12.423 12.398 12.372 12.315 12.227 12.14 12.048 11.955 11.868 11.795 11.748 11.715 11.685 11.653 11.62 11.588 11.568 11.583 11.615 11.63 11.633 11.638 11.645 11.652 11.655 11.65 11.64 11.645 11.667 11.685 11.695 11.73 11.788 11.848 11.92 11.987 12.043 12.103 12.16 12.197 12.223 12.248 12.27 12.282 12.272 12.245 12.238 12.26 12.29 12.323 12.36 12.405 12.455 12.51 12.552 12.57 12.58 12.593 12.607 12.617 12.622 12.627 12.63
12.21 12.382 12.502 12.587 12.647 12.667 12.657 12.615 12.558 12.518 12.495 12.47 12.445 12.39 12.3 12.21 12.12 12.028 11.958 11.893 11.82 11.778 11.75 11.72 11.685 11.645 11.613 11.603 11.62 11.632 11.63 11.628 11.63 11.64 11.65 11.652 11.645 11.653 11.68 11.702 11.718 11.755 11.818 11.885 11.957 12.027 12.085 12.14 12.195 12.232 12.258 12.285 12.31 12.315 12.295 12.265 12.243 12.25 12.275 12.3 12.333 12.365 12.405 12.455 12.505 12.537 12.55 12.56 12.572 12.58 12.585 12.59 12.59
12.16 12.307 12.4 12.485 12.57 12.63 12.662 12.655 12.615 12.585 12.565 12.542 12.517 12.462 12.372 12.272 12.172 12.085 12.05 12.015 11.928 11.858 11.82 11.787 11.745 11.7 11.67 11.648 11.638 11.637 11.633 11.628 11.625 11.63 11.64 11.645 11.645 11.66 11.69 11.715 11.74 11.785 11.853 11.925 11.995 12.065 12.127 12.183 12.235 12.27 12.295 12.325 12.347 12.342 12.315 12.285 12.255 12.245 12.263 12.29 12.32 12.345 12.375 12.413 12.455 12.495 12.517 12.53 12.537 12.54 12.545 12.55 12.55
12.098 12.218 12.31 12.413 12.51 12.582 12.63 12.655 12.647 12.627 12.61 12.59 12.57 12.517 12.422 12.313 12.215 12.15 12.14 12.137 12.065 11.963 11.893 11.85 11.805 11.76 11.728 11.702 11.668 11.643 11.638 11.633 11.628 11.63 11.64 11.645 11.65 11.67 11.697 11.723 11.77 11.833 11.893 11.96 12.032 12.105 12.17 12.227 12.277 12.31 12.335 12.365 12.38 12.365 12.335 12.305 12.275 12.248 12.25 12.28 12.307 12.333 12.36 12.388 12.418 12.453 12.48 12.495 12.497 12.495 12.495 12.492 12.49
12.053 12.168 12.28 12.397 12.487 12.535 12.568 12.607 12.622 12.607 12.59 12.577 12.572 12.537 12.45 12.35 12.275 12.23 12.233 12.255 12.207 12.095 11.993 11.918 11.863 11.82 11.785 11.75 11.695 11.655 11.648 11.64 11.635 11.64 11.65 11.655 11.66 11.68 11.705 11.745 11.825 11.9 11.95 12.003 12.068 12.14 12.207 12.27 12.32 12.35 12.37 12.39 12.395 12.375 12.347 12.32 12.29 12.258 12.248 12.27 12.295 12.32 12.35 12.38 12.418 12.46 12.465 12.443 12.43 12.422 12.417 12.41 12.402
12.05 12.18 12.297 12.392 12.445 12.475 12.505 12.54 12.56 12.553 12.543 12.545 12.55 12.54 12.485 12.408 12.345 12.31 12.325 12.36 12.337 12.242 12.13 12.025 11.94 11.88 11.835 11.782 11.715 11.673 11.66 11.65 11.645 11.65 11.657 11.663 11.67 11.688 11.728 11.8 11.895 11.972 12.022 12.068 12.118 12.175 12.243 12.312 12.355 12.372 12.382 12.387 12.387 12.372 12.35 12.325 12.297 12.272 12.253 12.265 12.308 12.353 12.4 12.45 12.497 12.515 12.467 12.403 12.363 12.335 12.323 12.317 12.31
12.06 12.197 12.295 12.352 12.385 12.415 12.445 12.475 12.5 12.51 12.515 12.525 12.53 12.532 12.517 12.472 12.415 12.393 12.417 12.452 12.455 12.385 12.275 12.165 12.055 11.958 11.878 11.803 11.73 11.688 11.675 11.665 11.658 11.66 11.665 11.67 11.68 11.71 11.78 11.873 11.967 12.045 12.097 12.145 12.193 12.24 12.298 12.36 12.387 12.387 12.387 12.382 12.377 12.365 12.345 12.32 12.295 12.275 12.258 12.29 12.38 12.465 12.535 12.585 12.597 12.555 12.47 12.393 12.333 12.285 12.248 12.225 12.218
12.067 12.195 12.26 12.295 12.325 12.355 12.385 12.42 12.457 12.482 12.492 12.5 12.51 12.52 12.522 12.507 12.477 12.47 12.487 12.507 12.52 12.482 12.39 12.28 12.165 12.05 11.945 11.848 11.763 11.718 11.708 11.7 11.695 11.71 11.728 11.738 11.75 11.783 11.855 11.95 12.045 12.12 12.175 12.225 12.275 12.325 12.375 12.41 12.41 12.397 12.387 12.372 12.36 12.347 12.332 12.312 12.288 12.265 12.263 12.328 12.447 12.56 12.637 12.655 12.62 12.557 12.475 12.388 12.32 12.27 12.215 12.168 12.138
12.057 12.162 12.205 12.235 12.265 12.295 12.328 12.373 12.42 12.452 12.467 12.478 12.495 12.507 12.505 12.497 12.492 12.49 12.49 12.495 12.505 12.505 12.462 12.37 12.255 12.14 12.035 11.93 11.83 11.778 11.77 11.768 11.77 11.805 11.847 11.87 11.888 11.91 11.955 12.033 12.125 12.202 12.26 12.31 12.36 12.397 12.422 12.435 12.417 12.385 12.36 12.343 12.328 12.318 12.312 12.302 12.28 12.255 12.27 12.353 12.47 12.567 12.62 12.625 12.587 12.532 12.467 12.385 12.313 12.257 12.203 12.155 12.125
12.017 12.107 12.142 12.175 12.205 12.238 12.28 12.333 12.38 12.415 12.442 12.462 12.48 12.49 12.485 12.48 12.477 12.465 12.453 12.455 12.465 12.48 12.485 12.442 12.345 12.23 12.125 12.025 11.935 11.878 11.855 11.85 11.855 11.895 11.957 12.002 12.03 12.055 12.085 12.133 12.21 12.287 12.345 12.387 12.412 12.42 12.425 12.437 12.425 12.38 12.34 12.313 12.29 12.283 12.285 12.282 12.267 12.255 12.288 12.377 12.467 12.515 12.543 12.56 12.54 12.49 12.437 12.375 12.307 12.245 12.203 12.185 12.185
11.96 12.04 12.075 12.112 12.147 12.19 12.245 12.297 12.34 12.377 12.412 12.44 12.46 12.467 12.465 12.47 12.467 12.448 12.428 12.418 12.423 12.44 12.457 12.46 12.415 12.322 12.228 12.148 12.08 12.02 11.97 11.94 11.938 11.98 12.05 12.115 12.16 12.192 12.227 12.262 12.312 12.37 12.405 12.415 12.41 12.408 12.42 12.437 12.43 12.392 12.348 12.305 12.268 12.25 12.253 12.255 12.25 12.263 12.31 12.377 12.425 12.45 12.48 12.502 12.485 12.437 12.39 12.34 12.29 12.253 12.245 12.255 12.265
11.9 11.972 12.007 12.035 12.067 12.12 12.182 12.25 12.302 12.34 12.377 12.41 12.435 12.445 12.45 12.46 12.455 12.435 12.413 12.39 12.385 12.4 12.418 12.435 12.44 12.4 12.335 12.277 12.222 12.167 12.11 12.057 12.033 12.063 12.127 12.192 12.247 12.29 12.33 12.367 12.395 12.41 12.41 12.398 12.395 12.405 12.42 12.435 12.432 12.405 12.362 12.315 12.258 12.223 12.223 12.225 12.225 12.253 12.305 12.342 12.37 12.4 12.43 12.45 12.43 12.383 12.338 12.295 12.27 12.272 12.287 12.3 12.31
11.84 11.905 11.922 11.91 11.927 11.985 12.075 12.19 12.265 12.305 12.345 12.38 12.407 12.427 12.44 12.45 12.445 12.422 12.398 12.375 12.365 12.375 12.395 12.415 12.425 12.41 12.377 12.335 12.285 12.235 12.18 12.125 12.09 12.115 12.182 12.247 12.302 12.345 12.387 12.417 12.42 12.402 12.385 12.38 12.39 12.405 12.42 12.435 12.437 12.415 12.372 12.315 12.24 12.198 12.195 12.195 12.198 12.228 12.272 12.3 12.323 12.35 12.38 12.397 12.375 12.328 12.293 12.273 12.268 12.28 12.297 12.31 12.32
11.78 11.81 11.775 11.735 11.753 11.835 11.975 12.13 12.222 12.267 12.31 12.347 12.382 12.412 12.43 12.44 12.432 12.408 12.388 12.37 12.358 12.365 12.385 12.402 12.392 12.368 12.35 12.325 12.285 12.232 12.178 12.125 12.1 12.133 12.207 12.29 12.35 12.385 12.415 12.43 12.415 12.385 12.368 12.373 12.387 12.402 12.42 12.435 12.445 12.427 12.372 12.297 12.215 12.17 12.165 12.168 12.173 12.2 12.237 12.26 12.28 12.303 12.33 12.345 12.32 12.285 12.273 12.27 12.273 12.283 12.3 12.317 12.333
11.69 11.647 11.57 11.54 11.598 11.73 11.9 12.067 12.175 12.222 12.267 12.31 12.352 12.39 12.415 12.427 12.42 12.4 12.383 12.367 12.353 12.355 12.375 12.38 12.35 12.32 12.307 12.295 12.272 12.227 12.175 12.13 12.115 12.14 12.208 12.3 12.357 12.377 12.397 12.412 12.397 12.37 12.355 12.36 12.375 12.39 12.41 12.427 12.445 12.425 12.355 12.273 12.19 12.145 12.14 12.143 12.148 12.168 12.197 12.22 12.24 12.26 12.283 12.295 12.283 12.27 12.272 12.275 12.278 12.288 12.305 12.325 12.345
11.578 11.45 11.36 11.368 11.488 11.653 11.825 11.997 12.12 12.177 12.222 12.268 12.315 12.36 12.395 12.41 12.407 12.397 12.38 12.363 12.348 12.348 12.36 12.345 12.303 12.273 12.26 12.25 12.237 12.215 12.175 12.143 12.14 12.155 12.205 12.28 12.322 12.343 12.377 12.395 12.375 12.368 12.36 12.345 12.353 12.368 12.385 12.405 12.425 12.402 12.33 12.248 12.178 12.145 12.138 12.13 12.128 12.138 12.158 12.18 12.203 12.225 12.245 12.26 12.265 12.265 12.268 12.275 12.288 12.3 12.315 12.335 12.358
11.527 11.34 11.203 11.245 11.405 11.578 11.75 11.922 12.06 12.132 12.178 12.225 12.278 12.33 12.372 12.385 12.38 12.377 12.37 12.357 12.343 12.34 12.337 12.305 12.258 12.225 12.21 12.2 12.19 12.18 12.165 12.148 12.142 12.15 12.19 12.247 12.288 12.328 12.372 12.38 12.363 12.38 12.377 12.34 12.333 12.345 12.358 12.375 12.395 12.375 12.305 12.235 12.19 12.168 12.155 12.145 12.145 12.15 12.155 12.165 12.178 12.195 12.215 12.238 12.253 12.26 12.27 12.288 12.313 12.327 12.335 12.35 12.373
11.53 11.35 11.155 11.185 11.345 11.508 11.675 11.848 12 12.087 12.135 12.188 12.243 12.295 12.342 12.355 12.34 12.337 12.34 12.337 12.33 12.325 12.305 12.26 12.21 12.178 12.165 12.16 12.163 12.165 12.173 12.153 12.118 12.123 12.168 12.225 12.275 12.325 12.362 12.363 12.368 12.402 12.395 12.35 12.325 12.325 12.335 12.348 12.365 12.347 12.29 12.245 12.215 12.19 12.175 12.178 12.195 12.2 12.195 12.193 12.19 12.193 12.205 12.23 12.255 12.275 12.297 12.322 12.345 12.36 12.368 12.375 12.39
11.51 11.387 11.21 11.198 11.325 11.475 11.63 11.793 11.947 12.047 12.105 12.165 12.223 12.278 12.32 12.325 12.303 12.293 12.297 12.3 12.303 12.307 12.282 12.228 12.175 12.153 12.158 12.165 12.18 12.195 12.21 12.18 12.113 12.105 12.155 12.215 12.272 12.325 12.35 12.358 12.39 12.425 12.412 12.368 12.328 12.31 12.315 12.325 12.337 12.33 12.298 12.265 12.238 12.213 12.2 12.21 12.227 12.232 12.227 12.222 12.217 12.21 12.22 12.245 12.267 12.29 12.317 12.35 12.377 12.392 12.4 12.405 12.41
11.477 11.412 11.293 11.245 11.338 11.493 11.648 11.798 11.935 12.035 12.103 12.165 12.225 12.282 12.307 12.295 12.27 12.255 12.258 12.263 12.28 12.302 12.282 12.225 12.18 12.175 12.195 12.21 12.225 12.24 12.255 12.227 12.163 12.145 12.173 12.213 12.268 12.325 12.35 12.373 12.417 12.445 12.427 12.383 12.338 12.303 12.295 12.308 12.32 12.327 12.315 12.285 12.257 12.233 12.223 12.23 12.24 12.245 12.242 12.237 12.233 12.23 12.243 12.262 12.278 12.295 12.32 12.35 12.385 12.405 12.405 12.405 12.415
11.472 11.435 11.345 11.293 11.378 11.535 11.692 11.83 11.945 12.045 12.12 12.18 12.245 12.287 12.285 12.265 12.24 12.225 12.225 12.24 12.283 12.312 12.287 12.235 12.21 12.22 12.242 12.262 12.277 12.29 12.307 12.287 12.248 12.243 12.25 12.263 12.29 12.328 12.36 12.398 12.442 12.467 12.445 12.4 12.355 12.31 12.288 12.293 12.305 12.322 12.327 12.305 12.275 12.248 12.235 12.24 12.247 12.25 12.25 12.247 12.245 12.25 12.263 12.28 12.295 12.31 12.328 12.345 12.37 12.385 12.383 12.388 12.415
11.487 11.457 11.385 11.358 11.445 11.585 11.722 11.837 11.945 12.05 12.135 12.2 12.26 12.277 12.255 12.235 12.213 12.198 12.203 12.238 12.295 12.325 12.295 12.25 12.243 12.26 12.285 12.31 12.327 12.342 12.36 12.352 12.335 12.34 12.347 12.35 12.353 12.355 12.38 12.425 12.47 12.49 12.462 12.417 12.372 12.328 12.29 12.278 12.288 12.31 12.33 12.32 12.29 12.263 12.248 12.25 12.255 12.255 12.255 12.255 12.263 12.273 12.283 12.3 12.318 12.333 12.348 12.365 12.37 12.36 12.36 12.385 12.425
11.502 11.477 11.44 11.448 11.513 11.612 11.727 11.835 11.945 12.05 12.142 12.22 12.26 12.25 12.225 12.205 12.185 12.173 12.193 12.245 12.307 12.335 12.305 12.275 12.28 12.3 12.325 12.352 12.375 12.392 12.407 12.415 12.415 12.417 12.42 12.422 12.422 12.408 12.408 12.447 12.497 12.51 12.477 12.432 12.387 12.342 12.297 12.268 12.273 12.297 12.322 12.327 12.305 12.28 12.263 12.26 12.265 12.265 12.27 12.288 12.323 12.325 12.31 12.325 12.345 12.36 12.375 12.385 12.37 12.345 12.348 12.385 12.432
11.517 11.498 11.495 11.525 11.56 11.61 11.7 11.812 11.925 12.032 12.147 12.235 12.252 12.235 12.218 12.2 12.183 12.195 12.223 12.26 12.322 12.345 12.323 12.31 12.32 12.343 12.368 12.395 12.417 12.437 12.46 12.475 12.482 12.485 12.485 12.487 12.482 12.46 12.438 12.46 12.515 12.522 12.477 12.427 12.377 12.327 12.282 12.25 12.255 12.282 12.307 12.327 12.322 12.3 12.28 12.27 12.273 12.29 12.325 12.37 12.425 12.412 12.358 12.355 12.375 12.39 12.397 12.387 12.363 12.338 12.34 12.38 12.427
11.535 11.533 11.543 11.57 11.597 11.618 11.665 11.765 11.88 11.995 12.132 12.242 12.27 12.26 12.248 12.233 12.238 12.288 12.32 12.31 12.335 12.357 12.35 12.35 12.36 12.385 12.41 12.43 12.442 12.465 12.505 12.532 12.545 12.552 12.555 12.552 12.537 12.51 12.48 12.48 12.52 12.512 12.448 12.39 12.335 12.28 12.243 12.225 12.235 12.265 12.29 12.317 12.33 12.315 12.295 12.29 12.313 12.36 12.42 12.477 12.532 12.52 12.435 12.393 12.405 12.415 12.405 12.383 12.36 12.335 12.333 12.368 12.41
