EGM722_Project_Data/DTM_asc/TL4553.asc
ncols         200
nrows         200
xllcorner     545000.000
yllcorner     253000.000
cellsize      5
NODATA_value  -9999.0
[rows 96 to 127 of 200, columns 73 to 145 of 200]
18.375 18.292 18.147 17.972 17.785 17.613 17.5 17.46 17.435 17.393 17.353 17.32 17.288 17.283 17.317 17.352 17.365 17.262 17.05 16.858 16.705 16.583 16.478 16.38 16.305 16.202 16.053 15.923 15.838 15.745 15.633 15.533 15.427 15.3 15.17 15.05 14.943 14.88 14.858 14.845 14.84 14.832 14.805 14.765 14.735 14.715 14.692 14.665 14.638 14.63 14.615 14.568 14.54 14.543 14.548 14.555 14.56 14.565 14.57 14.572 14.562 14.538 14.523 14.528 14.54 14.542 14.52 14.475 14.427 14.38 14.312 14.207 14.117
18.517 18.41 18.235 18.05 17.865 17.683 17.558 17.478 17.413 17.373 17.34 17.307 17.273 17.263 17.285 17.298 17.295 17.215 17.058 16.928 16.823 16.717 16.612 16.508 16.415 16.295 16.14 15.988 15.855 15.74 15.625 15.513 15.395 15.273 15.15 15.03 14.933 14.887 14.875 14.867 14.862 14.855 14.837 14.81 14.785 14.765 14.742 14.717 14.692 14.672 14.635 14.575 14.54 14.538 14.545 14.552 14.558 14.563 14.568 14.572 14.57 14.553 14.543 14.552 14.565 14.555 14.518 14.47 14.42 14.373 14.325 14.255 14.18
18.572 18.51 18.36 18.175 17.993 17.828 17.7 17.563 17.428 17.358 17.325 17.292 17.258 17.243 17.253 17.26 17.265 17.227 17.137 17.04 16.942 16.845 16.745 16.632 16.512 16.375 16.22 16.065 15.913 15.78 15.665 15.547 15.4 15.255 15.135 15.013 14.905 14.855 14.847 14.842 14.845 14.863 14.865 14.842 14.82 14.8 14.777 14.755 14.725 14.68 14.622 14.568 14.54 14.538 14.545 14.55 14.555 14.56 14.565 14.57 14.572 14.567 14.565 14.57 14.572 14.567 14.535 14.485 14.438 14.393 14.345 14.3 14.253
18.522 18.525 18.46 18.335 18.175 18.02 17.86 17.672 17.488 17.363 17.308 17.275 17.25 17.243 17.253 17.265 17.28 17.26 17.192 17.112 17.025 16.932 16.835 16.72 16.587 16.442 16.29 16.14 15.993 15.86 15.742 15.605 15.415 15.245 15.122 14.99 14.85 14.775 14.783 14.808 14.843 14.89 14.892 14.858 14.832 14.81 14.79 14.76 14.707 14.642 14.585 14.553 14.545 14.545 14.547 14.55 14.552 14.555 14.56 14.565 14.565 14.562 14.565 14.567 14.563 14.567 14.565 14.53 14.483 14.435 14.39 14.365 14.347
18.453 18.45 18.435 18.397 18.307 18.157 17.965 17.767 17.573 17.398 17.298 17.263 17.258 17.27 17.28 17.288 17.297 17.277 17.22 17.155 17.077 16.985 16.882 16.772 16.65 16.51 16.363 16.22 16.075 15.94 15.812 15.642 15.425 15.24 15.1 14.963 14.843 14.788 14.8 14.848 14.91 14.945 14.922 14.875 14.84 14.812 14.777 14.722 14.655 14.595 14.56 14.542 14.53 14.525 14.53 14.535 14.535 14.535 14.537 14.535 14.517 14.507 14.52 14.537 14.545 14.55 14.567 14.567 14.53 14.48 14.448 14.44 14.44
18.413 18.393 18.383 18.377 18.345 18.235 18.057 17.862 17.667 17.47 17.315 17.265 17.28 17.295 17.308 17.32 17.317 17.285 17.232 17.175 17.112 17.03 16.922 16.81 16.718 16.6 16.445 16.3 16.158 16.022 15.87 15.668 15.44 15.255 15.135 15.043 14.978 14.945 14.94 14.962 14.992 14.987 14.945 14.895 14.842 14.79 14.727 14.652 14.58 14.535 14.517 14.497 14.478 14.473 14.485 14.497 14.502 14.5 14.487 14.465 14.433 14.423 14.445 14.478 14.505 14.523 14.548 14.575 14.57 14.54 14.523 14.52 14.517
18.423 18.383 18.363 18.36 18.337 18.257 18.125 17.952 17.76 17.565 17.383 17.305 17.318 17.333 17.353 17.362 17.335 17.282 17.23 17.177 17.127 17.06 16.955 16.853 16.813 16.735 16.565 16.398 16.245 16.095 15.928 15.738 15.543 15.375 15.275 15.22 15.17 15.12 15.082 15.062 15.037 14.995 14.945 14.89 14.815 14.72 14.63 14.55 14.478 14.438 14.422 14.408 14.415 14.438 14.453 14.465 14.472 14.465 14.443 14.413 14.383 14.38 14.405 14.438 14.47 14.5 14.53 14.565 14.592 14.597 14.59 14.582 14.577
18.465 18.413 18.368 18.348 18.327 18.252 18.14 18.01 17.845 17.655 17.488 17.393 17.375 17.395 17.41 17.39 17.335 17.278 17.225 17.178 17.135 17.08 16.99 16.93 16.942 16.892 16.725 16.533 16.355 16.193 16.038 15.883 15.727 15.572 15.443 15.36 15.297 15.235 15.167 15.098 15.033 14.975 14.92 14.852 14.767 14.65 14.525 14.43 14.363 14.325 14.318 14.335 14.383 14.427 14.442 14.45 14.455 14.445 14.425 14.403 14.383 14.385 14.405 14.43 14.46 14.49 14.52 14.558 14.6 14.627 14.635 14.63 14.622
18.51 18.46 18.403 18.353 18.32 18.247 18.133 18.02 17.895 17.74 17.605 17.51 17.458 17.457 17.445 17.39 17.328 17.275 17.228 17.185 17.145 17.098 17.05 17.05 17.085 17.05 16.897 16.695 16.498 16.325 16.177 16.032 15.885 15.732 15.575 15.453 15.377 15.312 15.23 15.13 15.038 14.955 14.88 14.807 14.725 14.605 14.458 14.328 14.245 14.225 14.253 14.31 14.377 14.422 14.437 14.445 14.45 14.44 14.42 14.4 14.388 14.393 14.408 14.425 14.45 14.48 14.515 14.558 14.602 14.637 14.66 14.67 14.665
18.57 18.51 18.448 18.385 18.333 18.258 18.153 18.05 17.948 17.838 17.735 17.643 17.56 17.505 17.45 17.382 17.325 17.278 17.235 17.198 17.16 17.12 17.12 17.172 17.225 17.21 17.072 16.868 16.663 16.473 16.313 16.168 16.02 15.862 15.69 15.538 15.443 15.37 15.277 15.173 15.07 14.96 14.85 14.763 14.682 14.565 14.415 14.265 14.17 14.175 14.235 14.303 14.37 14.415 14.43 14.442 14.447 14.435 14.415 14.395 14.388 14.398 14.413 14.428 14.448 14.475 14.515 14.562 14.607 14.642 14.667 14.69 14.702
18.64 18.57 18.508 18.45 18.393 18.328 18.245 18.155 18.06 17.965 17.875 17.78 17.67 17.53 17.41 17.342 17.305 17.277 17.242 17.212 17.182 17.15 17.153 17.215 17.287 17.305 17.22 17.04 16.835 16.635 16.46 16.31 16.155 15.982 15.805 15.64 15.513 15.417 15.32 15.217 15.112 14.995 14.865 14.748 14.648 14.528 14.388 14.255 14.173 14.185 14.25 14.315 14.365 14.392 14.407 14.425 14.44 14.432 14.41 14.39 14.388 14.405 14.42 14.435 14.453 14.478 14.52 14.567 14.612 14.647 14.672 14.697 14.722
18.705 18.638 18.585 18.533 18.48 18.44 18.38 18.295 18.202 18.107 18.01 17.905 17.77 17.575 17.378 17.268 17.245 17.245 17.227 17.202 17.177 17.15 17.133 17.165 17.23 17.27 17.232 17.11 16.962 16.795 16.615 16.455 16.295 16.093 15.885 15.712 15.573 15.463 15.36 15.26 15.157 15.04 14.908 14.775 14.65 14.523 14.395 14.28 14.203 14.213 14.275 14.322 14.345 14.355 14.373 14.4 14.432 14.437 14.415 14.4 14.4 14.415 14.43 14.443 14.46 14.488 14.528 14.573 14.617 14.652 14.677 14.702 14.727
18.765 18.703 18.662 18.62 18.575 18.545 18.505 18.432 18.337 18.24 18.135 18.012 17.86 17.66 17.425 17.248 17.18 17.175 17.178 17.165 17.142 17.117 17.093 17.09 17.13 17.17 17.135 17.045 16.955 16.845 16.72 16.587 16.432 16.215 15.96 15.758 15.62 15.51 15.405 15.303 15.2 15.085 14.952 14.818 14.685 14.558 14.433 14.313 14.23 14.233 14.275 14.295 14.305 14.318 14.343 14.38 14.422 14.442 14.433 14.423 14.42 14.428 14.437 14.445 14.468 14.502 14.538 14.578 14.622 14.657 14.682 14.707 14.73
18.825 18.77 18.74 18.707 18.67 18.637 18.602 18.55 18.462 18.36 18.25 18.11 17.945 17.745 17.515 17.325 17.218 17.173 17.148 17.125 17.103 17.08 17.058 17.035 17.043 17.07 17.035 16.945 16.865 16.805 16.762 16.68 16.547 16.347 16.073 15.843 15.7 15.59 15.483 15.375 15.26 15.133 14.998 14.863 14.73 14.603 14.478 14.353 14.258 14.24 14.263 14.278 14.293 14.315 14.348 14.383 14.42 14.447 14.452 14.445 14.44 14.44 14.44 14.448 14.475 14.515 14.552 14.587 14.627 14.662 14.687 14.71 14.73
18.875 18.84 18.815 18.787 18.752 18.717 18.68 18.642 18.58 18.482 18.355 18.195 18.025 17.828 17.623 17.465 17.353 17.275 17.215 17.16 17.113 17.075 17.04 17.003 16.98 16.978 16.943 16.883 16.845 16.828 16.807 16.732 16.627 16.455 16.195 15.973 15.828 15.715 15.605 15.492 15.35 15.19 15.048 14.913 14.785 14.66 14.535 14.413 14.305 14.265 14.28 14.3 14.323 14.353 14.388 14.42 14.45 14.467 14.465 14.458 14.455 14.45 14.443 14.453 14.482 14.517 14.555 14.59 14.627 14.662 14.685 14.705 14.725
18.93 18.912 18.887 18.86 18.827 18.792 18.757 18.725 18.685 18.595 18.445 18.278 18.11 17.928 17.758 17.62 17.495 17.405 17.345 17.275 17.198 17.143 17.105 17.063 17.015 16.97 16.925 16.9 16.895 16.89 16.862 16.783 16.697 16.55 16.325 16.13 15.978 15.855 15.745 15.61 15.43 15.248 15.1 14.97 14.85 14.732 14.61 14.493 14.383 14.325 14.325 14.34 14.365 14.398 14.432 14.465 14.497 14.505 14.483 14.468 14.462 14.457 14.45 14.45 14.47 14.502 14.54 14.58 14.627 14.662 14.675 14.69 14.71
19 18.985 18.96 18.93 18.9 18.867 18.833 18.802 18.77 18.687 18.54 18.373 18.205 18.048 17.908 17.775 17.645 17.543 17.467 17.385 17.3 17.245 17.22 17.192 17.147 17.088 17.028 16.985 16.96 16.95 16.917 16.845 16.78 16.66 16.473 16.295 16.13 15.995 15.867 15.695 15.495 15.308 15.155 15.033 14.92 14.805 14.688 14.575 14.465 14.395 14.38 14.385 14.408 14.442 14.477 14.51 14.54 14.54 14.508 14.483 14.47 14.465 14.457 14.443 14.448 14.483 14.528 14.578 14.635 14.67 14.67 14.675 14.687
19.07 19.052 19.025 18.997 18.97 18.94 18.907 18.872 18.83 18.77 18.652 18.485 18.323 18.183 18.055 17.925 17.792 17.68 17.588 17.493 17.403 17.345 17.317 17.295 17.267 17.227 17.175 17.115 17.063 17.025 16.98 16.923 16.87 16.777 16.625 16.455 16.285 16.125 15.955 15.76 15.563 15.37 15.215 15.103 14.995 14.88 14.765 14.655 14.545 14.475 14.45 14.435 14.448 14.482 14.517 14.552 14.575 14.565 14.533 14.503 14.483 14.472 14.46 14.44 14.44 14.475 14.528 14.585 14.637 14.662 14.66 14.66 14.655
19.132 19.115 19.085 19.058 19.03 19.005 18.98 18.937 18.883 18.835 18.752 18.607 18.458 18.325 18.192 18.055 17.915 17.803 17.722 17.635 17.535 17.453 17.405 17.38 17.355 17.327 17.295 17.247 17.19 17.13 17.073 17.02 16.97 16.89 16.76 16.6 16.43 16.247 16.05 15.85 15.653 15.455 15.303 15.2 15.09 14.968 14.845 14.73 14.623 14.56 14.522 14.483 14.483 14.513 14.547 14.585 14.602 14.585 14.555 14.525 14.497 14.477 14.463 14.445 14.443 14.478 14.535 14.585 14.617 14.63 14.632 14.642 14.635
19.187 19.172 19.145 19.115 19.093 19.082 19.057 19.007 18.95 18.895 18.832 18.725 18.587 18.452 18.312 18.167 18.025 17.915 17.857 17.795 17.697 17.58 17.493 17.46 17.435 17.41 17.385 17.352 17.305 17.247 17.188 17.128 17.075 16.995 16.872 16.725 16.557 16.37 16.17 15.97 15.77 15.57 15.42 15.315 15.195 15.063 14.93 14.805 14.7 14.635 14.58 14.53 14.525 14.545 14.575 14.615 14.625 14.6 14.57 14.54 14.502 14.475 14.467 14.455 14.45 14.485 14.532 14.56 14.577 14.585 14.595 14.622 14.63
19.24 19.225 19.203 19.183 19.178 19.172 19.137 19.085 19.03 18.97 18.905 18.815 18.695 18.56 18.417 18.275 18.135 18.028 17.978 17.94 17.862 17.733 17.605 17.543 17.515 17.49 17.465 17.44 17.407 17.36 17.302 17.237 17.18 17.097 16.975 16.84 16.68 16.49 16.29 16.09 15.89 15.69 15.538 15.422 15.295 15.16 15.025 14.89 14.773 14.695 14.63 14.578 14.57 14.588 14.61 14.642 14.645 14.615 14.585 14.545 14.488 14.458 14.46 14.455 14.455 14.477 14.502 14.517 14.53 14.543 14.565 14.6 14.62
19.298 19.283 19.273 19.273 19.277 19.26 19.215 19.165 19.107 19.04 18.965 18.877 18.77 18.645 18.515 18.382 18.245 18.14 18.09 18.065 18.015 17.9 17.753 17.645 17.595 17.57 17.545 17.52 17.49 17.445 17.39 17.332 17.282 17.192 17.052 16.925 16.802 16.632 16.425 16.218 16.013 15.81 15.65 15.522 15.387 15.247 15.107 14.967 14.84 14.75 14.683 14.625 14.61 14.63 14.65 14.667 14.657 14.625 14.59 14.535 14.465 14.435 14.445 14.453 14.455 14.458 14.465 14.475 14.488 14.51 14.542 14.58 14.607
19.36 19.345 19.347 19.365 19.367 19.332 19.277 19.222 19.165 19.095 19.015 18.932 18.832 18.712 18.59 18.467 18.34 18.243 18.195 18.167 18.127 18.032 17.897 17.77 17.683 17.64 17.605 17.57 17.53 17.477 17.42 17.362 17.315 17.232 17.095 16.988 16.925 16.797 16.59 16.375 16.165 15.95 15.763 15.61 15.463 15.318 15.175 15.033 14.905 14.81 14.738 14.675 14.655 14.665 14.665 14.667 14.652 14.617 14.572 14.508 14.45 14.435 14.45 14.462 14.455 14.448 14.45 14.455 14.465 14.483 14.515 14.552 14.585
19.42 19.405 19.408 19.427 19.42 19.37 19.312 19.255 19.2 19.14 19.065 18.985 18.892 18.777 18.655 18.538 18.438 18.358 18.298 18.26 18.207 18.11 17.987 17.862 17.753 17.68 17.632 17.587 17.54 17.485 17.423 17.358 17.298 17.227 17.135 17.068 17.032 16.947 16.772 16.555 16.327 16.098 15.895 15.72 15.55 15.39 15.243 15.098 14.968 14.87 14.795 14.717 14.67 14.655 14.64 14.64 14.632 14.6 14.548 14.49 14.46 14.458 14.47 14.472 14.453 14.443 14.448 14.455 14.46 14.468 14.49 14.52 14.555
19.483 19.468 19.465 19.472 19.447 19.393 19.34 19.287 19.232 19.177 19.112 19.035 18.95 18.843 18.73 18.64 18.575 18.505 18.418 18.352 18.28 18.17 18.045 17.918 17.798 17.71 17.653 17.6 17.55 17.495 17.43 17.365 17.303 17.238 17.183 17.147 17.12 17.075 16.94 16.71 16.465 16.24 16.045 15.865 15.68 15.5 15.33 15.17 15.033 14.927 14.837 14.73 14.643 14.605 14.598 14.605 14.605 14.577 14.533 14.503 14.49 14.483 14.487 14.477 14.45 14.44 14.445 14.455 14.46 14.465 14.48 14.5 14.527
19.545 19.53 19.52 19.512 19.475 19.42 19.367 19.315 19.26 19.205 19.147 19.078 19.003 18.918 18.835 18.772 18.715 18.637 18.54 18.447 18.347 18.227 18.1 17.97 17.848 17.758 17.69 17.628 17.568 17.508 17.448 17.385 17.325 17.265 17.22 17.195 17.175 17.15 17.042 16.83 16.603 16.39 16.195 16.015 15.83 15.645 15.46 15.28 15.113 14.97 14.845 14.715 14.608 14.56 14.56 14.57 14.577 14.565 14.543 14.53 14.52 14.51 14.502 14.48 14.448 14.438 14.445 14.455 14.46 14.465 14.48 14.495 14.51
19.59 19.575 19.555 19.532 19.495 19.445 19.39 19.335 19.28 19.23 19.185 19.128 19.063 19 18.94 18.877 18.807 18.72 18.622 18.52 18.405 18.28 18.15 18.025 17.92 17.838 17.763 17.693 17.62 17.545 17.478 17.415 17.355 17.295 17.25 17.222 17.2 17.172 17.075 16.925 16.75 16.54 16.345 16.165 15.98 15.795 15.605 15.41 15.215 15.03 14.873 14.73 14.6 14.533 14.53 14.54 14.553 14.575 14.585 14.575 14.565 14.55 14.52 14.483 14.45 14.44 14.45 14.458 14.463 14.468 14.478 14.49 14.5
19.62 19.605 19.577 19.543 19.507 19.462 19.408 19.36 19.328 19.303 19.26 19.198 19.138 19.08 19.017 18.947 18.867 18.777 18.677 18.57 18.452 18.328 18.205 18.1 18.02 17.945 17.863 17.783 17.702 17.615 17.533 17.458 17.388 17.325 17.278 17.248 17.222 17.182 17.09 16.99 16.875 16.69 16.495 16.315 16.13 15.932 15.727 15.525 15.328 15.135 14.953 14.79 14.643 14.555 14.535 14.525 14.528 14.58 14.632 14.635 14.622 14.592 14.54 14.49 14.458 14.45 14.46 14.465 14.47 14.475 14.478 14.485 14.495
19.65 19.632 19.6 19.56 19.523 19.483 19.45 19.435 19.435 19.417 19.357 19.283 19.215 19.155 19.085 19.005 18.922 18.832 18.73 18.617 18.498 18.378 18.275 18.198 18.13 18.055 17.967 17.875 17.788 17.7 17.613 17.525 17.44 17.365 17.308 17.273 17.245 17.195 17.12 17.045 16.965 16.827 16.645 16.455 16.252 16.042 15.835 15.638 15.443 15.25 15.058 14.873 14.71 14.62 14.588 14.555 14.533 14.573 14.657 14.692 14.67 14.62 14.56 14.505 14.47 14.463 14.47 14.475 14.477 14.48 14.483 14.488 14.493
19.69 19.66 19.625 19.588 19.555 19.533 19.535 19.552 19.557 19.52 19.447 19.37 19.295 19.222 19.142 19.06 18.98 18.89 18.783 18.665 18.55 18.45 18.37 18.305 18.24 18.16 18.062 17.963 17.875 17.79 17.7 17.613 17.525 17.438 17.368 17.323 17.29 17.24 17.173 17.108 17.04 16.942 16.777 16.565 16.348 16.143 15.948 15.752 15.557 15.365 15.172 14.978 14.793 14.685 14.648 14.612 14.575 14.59 14.677 14.72 14.68 14.622 14.565 14.51 14.48 14.475 14.48 14.485 14.485 14.49 14.5 14.508 14.515
19.74 19.7 19.665 19.635 19.618 19.61 19.625 19.647 19.637 19.582 19.507 19.43 19.362 19.29 19.205 19.123 19.04 18.95 18.845 18.733 18.628 18.545 18.477 18.412 18.34 18.25 18.148 18.05 17.963 17.88 17.795 17.707 17.62 17.535 17.47 17.425 17.38 17.323 17.258 17.193 17.125 17.035 16.87 16.655 16.45 16.253 16.06 15.865 15.67 15.48 15.285 15.087 14.885 14.755 14.708 14.665 14.625 14.63 14.687 14.697 14.645 14.59 14.535 14.493 14.485 14.493 14.498 14.503 14.51 14.525 14.543 14.555 14.568
19.79 19.75 19.723 19.705 19.693 19.688 19.705 19.712 19.682 19.62 19.545 19.48 19.427 19.362 19.277 19.19 19.108 19.023 18.925 18.825 18.728 18.648 18.582 18.51 18.425 18.33 18.233 18.14 18.05 17.97 17.89 17.8 17.713 17.643 17.592 17.542 17.482 17.42 17.36 17.295 17.225 17.117 16.945 16.75 16.56 16.365 16.17 15.975 15.78 15.587 15.39 15.185 14.973 14.838 14.78 14.728 14.683 14.67 14.677 14.65 14.597 14.543 14.493 14.478 14.497 14.517 14.525 14.53 14.548 14.572 14.595 14.61 14.623
