EGM722_Project_Data/DTM_asc/TL4559.asc
ncols         200
nrows         200
xllcorner     545000.000
yllcorner     259000.000
cellsize      5
NODATA_value  -9999.0
[rows 0 to 34 of 200, columns 0 to 77 of 200]
12.51 12.37 12.275 12.238 12.217 12.19 12.155 12.115 12.083 12.078 12.105 12.145 12.172 12.175 12.17 12.145 12.08 12.005 11.97 12.003 12.082 12.14 12.07 11.912 11.768 11.653 11.578 11.518 11.455 11.405 11.365 11.325 11.29 11.27 11.273 11.278 11.298 11.337 11.342 11.312 11.277 11.235 11.165 11.068 10.965 10.87 10.793 10.745 10.743 10.77 10.805 10.845 10.872 10.872 10.888 10.935 10.993 11.07 11.145 11.202 11.257 11.307 11.34 11.36 11.375 11.393 11.42 11.45 11.475 11.483 11.585 11.802 12.022 12.217 12.375 12.515 12.66 12.825
12.518 12.385 12.288 12.245 12.225 12.205 12.18 12.153 12.133 12.14 12.175 12.215 12.255 12.282 12.275 12.22 12.137 12.053 12.033 12.1 12.19 12.245 12.175 12.02 11.865 11.705 11.6 11.54 11.473 11.413 11.36 11.318 11.298 11.305 11.317 11.32 11.312 11.3 11.28 11.245 11.21 11.167 11.09 10.985 10.878 10.775 10.715 10.715 10.743 10.775 10.81 10.85 10.892 10.922 10.95 10.995 11.042 11.097 11.157 11.215 11.275 11.33 11.365 11.388 11.408 11.428 11.455 11.488 11.525 11.593 11.75 11.975 12.205 12.412 12.577 12.737 12.91 13.087
12.532 12.4 12.298 12.25 12.232 12.215 12.195 12.185 12.18 12.192 12.227 12.262 12.297 12.33 12.325 12.265 12.18 12.09 12.073 12.137 12.22 12.282 12.22 12.065 11.905 11.69 11.543 11.54 11.517 11.448 11.383 11.335 11.33 11.35 11.36 11.36 11.32 11.255 11.213 11.178 11.148 11.115 11.055 10.96 10.853 10.748 10.703 10.723 10.75 10.78 10.815 10.858 10.9 10.935 10.972 11.017 11.062 11.107 11.157 11.212 11.27 11.33 11.382 11.425 11.455 11.478 11.505 11.555 11.638 11.755 11.923 12.135 12.357 12.53 12.655 12.815 13.015 13.202
12.542 12.415 12.308 12.255 12.238 12.222 12.208 12.203 12.205 12.212 12.235 12.265 12.295 12.317 12.312 12.275 12.207 12.12 12.093 12.14 12.213 12.287 12.24 12.077 11.867 11.57 11.393 11.452 11.532 11.51 11.443 11.388 11.373 11.39 11.4 11.392 11.322 11.213 11.148 11.115 11.093 11.075 11.045 10.982 10.887 10.783 10.735 10.745 10.765 10.795 10.83 10.87 10.902 10.925 10.958 11.003 11.048 11.093 11.143 11.195 11.25 11.31 11.375 11.442 11.495 11.53 11.585 11.683 11.808 11.945 12.098 12.295 12.495 12.635 12.738 12.865 13.047 13.207
12.542 12.432 12.338 12.283 12.25 12.23 12.222 12.218 12.215 12.215 12.223 12.243 12.27 12.287 12.275 12.25 12.215 12.148 12.115 12.153 12.215 12.287 12.245 12.037 11.745 11.413 11.24 11.305 11.442 11.535 11.525 11.46 11.425 11.43 11.44 11.407 11.305 11.173 11.09 11.058 11.043 11.027 11.005 10.972 10.91 10.82 10.775 10.78 10.79 10.813 10.842 10.872 10.895 10.915 10.945 10.99 11.035 11.08 11.13 11.18 11.233 11.29 11.355 11.43 11.507 11.583 11.692 11.84 11.99 12.135 12.275 12.445 12.612 12.732 12.833 12.935 13.087 13.212
12.528 12.438 12.378 12.33 12.283 12.248 12.235 12.233 12.228 12.225 12.225 12.228 12.245 12.255 12.238 12.213 12.19 12.155 12.135 12.17 12.225 12.28 12.197 11.917 11.585 11.255 11.088 11.158 11.308 11.472 11.575 11.55 11.49 11.475 11.475 11.41 11.28 11.143 11.043 11.005 10.998 10.983 10.958 10.933 10.9 10.845 10.815 10.82 10.822 10.83 10.848 10.868 10.885 10.903 10.933 10.977 11.02 11.065 11.115 11.165 11.215 11.273 11.345 11.428 11.518 11.623 11.755 11.915 12.082 12.24 12.39 12.557 12.715 12.83 12.927 13.022 13.137 13.21
12.513 12.445 12.407 12.372 12.325 12.28 12.255 12.25 12.248 12.243 12.24 12.235 12.235 12.23 12.21 12.188 12.165 12.143 12.13 12.155 12.2 12.245 12.117 11.79 11.443 11.1 10.938 11.025 11.19 11.365 11.532 11.617 11.585 11.53 11.49 11.397 11.268 11.143 11.04 11 10.995 10.978 10.95 10.925 10.9 10.875 10.855 10.845 10.845 10.845 10.853 10.868 10.883 10.895 10.918 10.955 10.995 11.04 11.09 11.14 11.193 11.263 11.355 11.45 11.543 11.648 11.773 11.918 12.08 12.247 12.415 12.6 12.782 12.91 12.992 13.067 13.135 13.17
12.52 12.463 12.425 12.4 12.365 12.323 12.293 12.283 12.278 12.27 12.262 12.252 12.238 12.22 12.2 12.177 12.153 12.128 12.11 12.115 12.145 12.187 12.045 11.7 11.34 10.988 10.84 10.943 11.1 11.263 11.43 11.592 11.67 11.625 11.525 11.413 11.3 11.19 11.09 11.043 11.035 11.017 10.99 10.963 10.95 10.95 10.92 10.873 10.855 10.855 10.86 10.875 10.887 10.895 10.91 10.935 10.97 11.013 11.06 11.113 11.178 11.263 11.37 11.477 11.57 11.675 11.8 11.933 12.08 12.245 12.415 12.6 12.782 12.907 12.972 13.015 13.052 13.085
12.535 12.478 12.44 12.42 12.397 12.365 12.34 12.327 12.315 12.302 12.285 12.265 12.245 12.223 12.195 12.168 12.14 12.118 12.105 12.098 12.103 12.127 11.97 11.62 11.27 10.928 10.81 10.93 11.073 11.22 11.373 11.53 11.675 11.725 11.637 11.502 11.377 11.26 11.153 11.093 11.078 11.062 11.04 11.023 11.033 11.047 11.015 10.943 10.888 10.868 10.87 10.882 10.89 10.895 10.91 10.928 10.95 10.985 11.033 11.098 11.18 11.27 11.378 11.495 11.597 11.708 11.833 11.96 12.093 12.243 12.413 12.587 12.732 12.83 12.885 12.915 12.95 12.985
12.55 12.493 12.455 12.435 12.415 12.395 12.38 12.365 12.35 12.335 12.313 12.288 12.265 12.235 12.195 12.163 12.138 12.118 12.105 12.095 12.085 12.077 11.902 11.56 11.22 10.898 10.813 10.953 11.098 11.245 11.393 11.538 11.685 11.712 11.615 11.517 11.422 11.332 11.227 11.148 11.122 11.107 11.1 11.11 11.13 11.145 11.112 11.038 10.965 10.91 10.885 10.885 10.89 10.895 10.91 10.925 10.94 10.968 11.02 11.1 11.19 11.28 11.383 11.502 11.62 11.74 11.865 11.99 12.115 12.248 12.405 12.547 12.652 12.735 12.785 12.815 12.85 12.885
12.562 12.508 12.47 12.45 12.428 12.415 12.41 12.395 12.38 12.365 12.345 12.322 12.297 12.255 12.205 12.17 12.148 12.13 12.115 12.105 12.095 12.06 11.875 11.553 11.215 10.895 10.838 11.005 11.155 11.305 11.455 11.605 11.665 11.525 11.375 11.327 11.282 11.232 11.195 11.172 11.152 11.135 11.142 11.177 11.21 11.235 11.207 11.132 11.057 10.985 10.925 10.895 10.89 10.895 10.907 10.923 10.943 10.978 11.04 11.123 11.208 11.295 11.388 11.5 11.625 11.742 11.86 11.985 12.112 12.24 12.367 12.472 12.557 12.637 12.69 12.72 12.752 12.785
12.558 12.515 12.485 12.465 12.445 12.438 12.437 12.425 12.41 12.395 12.377 12.357 12.327 12.272 12.218 12.185 12.165 12.15 12.135 12.125 12.112 12.055 11.86 11.562 11.242 10.91 10.858 11.062 11.232 11.385 11.535 11.62 11.5 11.243 11.09 11.05 11.053 11.083 11.148 11.192 11.168 11.14 11.15 11.195 11.24 11.277 11.275 11.215 11.137 11.063 10.99 10.93 10.898 10.893 10.903 10.923 10.958 11.01 11.08 11.16 11.24 11.323 11.403 11.495 11.61 11.722 11.83 11.945 12.065 12.187 12.292 12.378 12.462 12.542 12.595 12.625 12.655 12.688
12.55 12.52 12.495 12.475 12.463 12.46 12.46 12.455 12.442 12.425 12.41 12.392 12.352 12.285 12.23 12.203 12.185 12.17 12.155 12.142 12.125 12.045 11.83 11.545 11.252 10.933 10.863 11.077 11.29 11.46 11.575 11.507 11.245 10.978 10.878 10.915 10.993 11.098 11.2 11.23 11.188 11.15 11.155 11.195 11.232 11.272 11.307 11.285 11.212 11.138 11.065 10.995 10.935 10.9 10.905 10.943 10.995 11.055 11.125 11.202 11.28 11.36 11.432 11.503 11.595 11.705 11.812 11.917 12.02 12.117 12.205 12.285 12.367 12.445 12.495 12.528 12.56 12.593
12.557 12.53 12.505 12.488 12.48 12.48 12.48 12.48 12.472 12.455 12.44 12.422 12.372 12.298 12.245 12.22 12.205 12.19 12.173 12.155 12.135 12.035 11.8 11.515 11.235 10.943 10.863 11.06 11.305 11.507 11.535 11.35 11.09 10.873 10.838 10.943 11.048 11.155 11.247 11.26 11.213 11.17 11.16 11.185 11.218 11.26 11.315 11.335 11.287 11.215 11.145 11.072 11 10.935 10.928 10.98 11.04 11.1 11.17 11.242 11.305 11.37 11.442 11.515 11.595 11.687 11.782 11.875 11.96 12.037 12.115 12.195 12.275 12.35 12.4 12.433 12.465 12.498
12.55 12.537 12.517 12.503 12.5 12.5 12.5 12.502 12.5 12.487 12.472 12.422 12.357 12.302 12.255 12.235 12.228 12.22 12.205 12.185 12.162 12.052 11.813 11.53 11.253 10.995 10.878 10.983 11.215 11.447 11.482 11.313 11.108 10.923 10.893 10.998 11.105 11.212 11.29 11.29 11.243 11.203 11.183 11.19 11.213 11.25 11.308 11.36 11.35 11.282 11.207 11.132 11.057 10.983 10.97 11.025 11.085 11.135 11.182 11.237 11.287 11.34 11.412 11.495 11.572 11.642 11.715 11.795 11.87 11.945 12.025 12.105 12.185 12.255 12.307 12.347 12.378 12.408
12.508 12.505 12.512 12.52 12.522 12.525 12.525 12.527 12.527 12.52 12.49 12.388 12.27 12.248 12.265 12.265 12.268 12.27 12.26 12.235 12.2 12.097 11.875 11.6 11.345 11.13 10.98 10.938 11.063 11.295 11.405 11.335 11.172 10.983 10.948 11.055 11.165 11.27 11.332 11.32 11.28 11.25 11.228 11.225 11.235 11.26 11.315 11.372 11.372 11.322 11.255 11.178 11.102 11.028 11.018 11.072 11.125 11.157 11.173 11.198 11.24 11.295 11.365 11.442 11.51 11.565 11.628 11.702 11.778 11.855 11.935 12.012 12.087 12.15 12.205 12.257 12.297 12.335
12.475 12.443 12.478 12.527 12.542 12.547 12.55 12.55 12.55 12.547 12.49 12.37 12.245 12.225 12.282 12.307 12.32 12.325 12.312 12.277 12.23 12.142 11.95 11.703 11.483 11.293 11.15 11.043 11.01 11.145 11.26 11.252 11.19 11.043 11.005 11.113 11.22 11.327 11.377 11.357 11.328 11.302 11.278 11.268 11.273 11.285 11.328 11.375 11.367 11.327 11.285 11.222 11.147 11.073 11.063 11.117 11.155 11.167 11.17 11.175 11.2 11.248 11.315 11.385 11.44 11.49 11.545 11.61 11.685 11.765 11.842 11.915 11.982 12.042 12.097 12.15 12.205 12.265
12.495 12.425 12.448 12.525 12.56 12.565 12.57 12.57 12.57 12.575 12.525 12.43 12.348 12.293 12.3 12.335 12.36 12.372 12.355 12.31 12.257 12.192 12.05 11.843 11.64 11.458 11.323 11.217 11.113 11.085 11.108 11.105 11.103 11.055 11.065 11.173 11.28 11.382 11.42 11.4 11.375 11.35 11.325 11.31 11.307 11.308 11.338 11.375 11.362 11.318 11.28 11.245 11.19 11.118 11.108 11.152 11.17 11.172 11.175 11.175 11.182 11.208 11.258 11.315 11.365 11.415 11.465 11.523 11.595 11.672 11.747 11.817 11.877 11.932 11.993 12.055 12.12 12.188
12.555 12.47 12.455 12.517 12.57 12.582 12.587 12.59 12.595 12.615 12.592 12.517 12.442 12.365 12.333 12.355 12.385 12.405 12.385 12.335 12.285 12.242 12.162 12 11.8 11.625 11.498 11.392 11.282 11.153 11.083 11.085 11.085 11.09 11.15 11.26 11.357 11.43 11.447 11.425 11.4 11.375 11.352 11.34 11.337 11.335 11.355 11.377 11.357 11.313 11.268 11.233 11.202 11.155 11.145 11.167 11.165 11.157 11.152 11.147 11.142 11.157 11.195 11.24 11.29 11.34 11.39 11.438 11.495 11.567 11.64 11.705 11.76 11.818 11.893 11.975 12.047 12.113
12.615 12.538 12.5 12.52 12.57 12.6 12.605 12.613 12.63 12.665 12.652 12.58 12.505 12.43 12.383 12.383 12.405 12.427 12.407 12.355 12.315 12.287 12.245 12.137 11.96 11.793 11.672 11.555 11.412 11.253 11.178 11.187 11.192 11.2 11.257 11.347 11.412 11.457 11.46 11.435 11.41 11.385 11.368 11.36 11.363 11.365 11.372 11.377 11.352 11.308 11.263 11.218 11.183 11.15 11.125 11.112 11.095 11.08 11.07 11.06 11.053 11.088 11.14 11.175 11.22 11.27 11.317 11.355 11.39 11.448 11.515 11.575 11.638 11.71 11.795 11.887 11.97 12.04
12.652 12.602 12.565 12.565 12.583 12.61 12.628 12.645 12.675 12.715 12.707 12.64 12.563 12.488 12.44 12.428 12.433 12.45 12.432 12.385 12.355 12.335 12.3 12.235 12.105 11.955 11.825 11.67 11.493 11.333 11.27 11.28 11.293 11.303 11.337 11.39 11.432 11.47 11.47 11.445 11.42 11.395 11.383 11.382 11.387 11.39 11.387 11.38 11.357 11.318 11.273 11.228 11.175 11.102 11.03 10.988 10.97 10.965 10.962 10.955 10.963 11.028 11.092 11.12 11.155 11.198 11.242 11.275 11.293 11.328 11.385 11.45 11.528 11.613 11.7 11.792 11.882 11.965
12.66 12.647 12.63 12.63 12.628 12.635 12.658 12.685 12.717 12.742 12.732 12.687 12.62 12.545 12.5 12.485 12.475 12.475 12.46 12.428 12.405 12.382 12.345 12.295 12.215 12.1 11.952 11.778 11.6 11.445 11.388 11.403 11.417 11.405 11.398 11.425 11.455 11.482 11.48 11.455 11.432 11.41 11.4 11.4 11.395 11.385 11.375 11.365 11.352 11.335 11.305 11.25 11.162 11.042 10.92 10.86 10.855 10.855 10.855 10.85 10.885 10.98 11.047 11.075 11.105 11.135 11.17 11.195 11.205 11.22 11.265 11.343 11.428 11.515 11.605 11.695 11.785 11.877
12.65 12.657 12.665 12.67 12.67 12.67 12.685 12.712 12.73 12.727 12.712 12.692 12.657 12.602 12.563 12.547 12.527 12.51 12.495 12.475 12.455 12.43 12.39 12.335 12.27 12.187 12.082 11.942 11.778 11.618 11.545 11.56 11.55 11.493 11.465 11.485 11.502 11.507 11.49 11.465 11.442 11.415 11.395 11.382 11.365 11.347 11.335 11.325 11.32 11.32 11.297 11.217 11.095 10.96 10.823 10.753 10.75 10.75 10.748 10.758 10.823 10.93 11 11.03 11.06 11.085 11.108 11.125 11.135 11.145 11.178 11.248 11.33 11.415 11.505 11.595 11.685 11.772
12.64 12.65 12.665 12.677 12.685 12.69 12.7 12.712 12.708 12.693 12.68 12.67 12.66 12.637 12.607 12.582 12.555 12.532 12.522 12.512 12.497 12.475 12.427 12.357 12.283 12.215 12.152 12.065 11.955 11.815 11.72 11.695 11.632 11.555 11.535 11.552 11.552 11.527 11.497 11.472 11.445 11.41 11.37 11.34 11.32 11.303 11.293 11.285 11.277 11.267 11.22 11.117 10.99 10.857 10.728 10.663 10.658 10.655 10.653 10.69 10.78 10.885 10.952 10.98 11.007 11.032 11.052 11.065 11.08 11.103 11.13 11.173 11.238 11.32 11.405 11.487 11.57 11.647
12.635 12.643 12.655 12.67 12.685 12.697 12.702 12.702 12.695 12.688 12.68 12.673 12.668 12.66 12.632 12.59 12.555 12.538 12.535 12.532 12.527 12.51 12.45 12.365 12.29 12.222 12.157 12.095 12.035 11.945 11.857 11.785 11.69 11.618 11.605 11.607 11.58 11.535 11.497 11.47 11.44 11.407 11.36 11.313 11.283 11.26 11.25 11.24 11.22 11.192 11.117 11 10.875 10.748 10.635 10.583 10.575 10.57 10.583 10.645 10.745 10.847 10.91 10.933 10.955 10.978 10.998 11.015 11.04 11.07 11.1 11.13 11.17 11.233 11.303 11.37 11.44 11.515
12.64 12.645 12.65 12.663 12.677 12.692 12.692 12.685 12.685 12.687 12.687 12.682 12.68 12.677 12.652 12.605 12.562 12.545 12.545 12.545 12.542 12.527 12.467 12.375 12.295 12.225 12.16 12.1 12.037 11.972 11.907 11.832 11.745 11.682 11.657 11.625 11.572 11.515 11.472 11.447 11.425 11.402 11.36 11.305 11.258 11.223 11.2 11.172 11.14 11.097 11.005 10.88 10.76 10.653 10.568 10.515 10.495 10.49 10.528 10.615 10.715 10.815 10.875 10.895 10.912 10.927 10.945 10.97 10.997 11.025 11.052 11.08 11.11 11.153 11.21 11.27 11.33 11.393
12.65 12.652 12.65 12.658 12.67 12.685 12.682 12.663 12.658 12.662 12.665 12.665 12.665 12.655 12.622 12.577 12.537 12.52 12.52 12.517 12.515 12.515 12.467 12.372 12.29 12.223 12.16 12.097 12.033 11.97 11.907 11.842 11.772 11.71 11.655 11.595 11.53 11.465 11.425 11.407 11.393 11.387 11.362 11.308 11.253 11.2 11.148 11.095 11.053 10.993 10.895 10.795 10.705 10.625 10.553 10.485 10.435 10.423 10.48 10.58 10.683 10.785 10.837 10.842 10.847 10.852 10.867 10.895 10.92 10.945 10.97 10.995 11.03 11.08 11.14 11.2 11.255 11.308
12.657 12.657 12.653 12.653 12.663 12.677 12.675 12.65 12.635 12.635 12.635 12.635 12.622 12.59 12.55 12.513 12.48 12.463 12.457 12.455 12.465 12.485 12.45 12.36 12.283 12.22 12.157 12.093 12.03 11.967 11.902 11.837 11.76 11.677 11.608 11.545 11.48 11.415 11.375 11.36 11.355 11.372 11.365 11.312 11.255 11.19 11.12 11.053 10.995 10.93 10.85 10.78 10.715 10.645 10.57 10.493 10.423 10.403 10.465 10.568 10.675 10.755 10.77 10.753 10.745 10.743 10.76 10.795 10.82 10.845 10.87 10.898 10.945 11.01 11.075 11.135 11.193 11.25
12.665 12.662 12.657 12.653 12.658 12.67 12.667 12.645 12.62 12.608 12.602 12.59 12.56 12.525 12.493 12.458 12.425 12.403 12.393 12.4 12.425 12.452 12.43 12.353 12.28 12.217 12.153 12.088 12.025 11.96 11.895 11.82 11.717 11.623 11.555 11.495 11.43 11.365 11.328 11.32 11.335 11.367 11.365 11.317 11.252 11.18 11.11 11.043 10.983 10.925 10.862 10.797 10.732 10.665 10.59 10.513 10.465 10.465 10.505 10.59 10.677 10.705 10.685 10.658 10.64 10.63 10.65 10.692 10.72 10.745 10.773 10.813 10.873 10.94 11.005 11.068 11.13 11.19
12.672 12.667 12.663 12.658 12.658 12.665 12.665 12.645 12.615 12.588 12.565 12.538 12.505 12.48 12.45 12.41 12.373 12.343 12.338 12.36 12.39 12.42 12.407 12.345 12.278 12.213 12.158 12.093 12.018 11.95 11.875 11.777 11.663 11.57 11.505 11.442 11.378 11.318 11.29 11.3 11.327 11.362 11.365 11.317 11.247 11.172 11.102 11.042 10.987 10.93 10.872 10.812 10.75 10.685 10.61 10.558 10.555 10.575 10.592 10.62 10.64 10.63 10.605 10.575 10.545 10.523 10.538 10.583 10.617 10.645 10.683 10.74 10.808 10.875 10.943 11.007 11.07 11.133
12.677 12.673 12.668 12.665 12.663 12.663 12.66 12.64 12.607 12.567 12.528 12.495 12.465 12.44 12.41 12.37 12.335 12.32 12.33 12.35 12.37 12.39 12.385 12.343 12.29 12.243 12.198 12.122 12.023 11.932 11.837 11.73 11.62 11.523 11.45 11.387 11.325 11.273 11.257 11.275 11.297 11.325 11.337 11.3 11.227 11.152 11.085 11.03 10.977 10.93 10.882 10.825 10.765 10.7 10.65 10.635 10.632 10.627 10.62 10.6 10.575 10.552 10.525 10.495 10.463 10.44 10.45 10.485 10.518 10.553 10.608 10.675 10.745 10.817 10.887 10.95 11.013 11.078
12.682 12.677 12.673 12.67 12.667 12.662 12.65 12.622 12.585 12.542 12.497 12.458 12.425 12.4 12.37 12.335 12.323 12.343 12.365 12.375 12.385 12.393 12.395 12.38 12.35 12.32 12.262 12.16 12.032 11.91 11.803 11.698 11.59 11.485 11.398 11.33 11.27 11.21 11.183 11.192 11.21 11.23 11.247 11.242 11.192 11.12 11.055 11 10.96 10.935 10.895 10.838 10.78 10.718 10.672 10.647 10.62 10.59 10.56 10.53 10.502 10.475 10.445 10.42 10.403 10.398 10.41 10.433 10.46 10.503 10.558 10.618 10.685 10.76 10.832 10.895 10.955 11.018
12.687 12.682 12.675 12.667 12.66 12.647 12.627 12.59 12.545 12.502 12.457 12.415 12.382 12.36 12.335 12.323 12.343 12.38 12.405 12.415 12.422 12.428 12.432 12.435 12.427 12.392 12.302 12.17 12.027 11.893 11.778 11.67 11.56 11.453 11.355 11.278 11.212 11.138 11.078 11.07 11.09 11.107 11.122 11.137 11.132 11.087 11.025 10.98 10.96 10.947 10.91 10.855 10.805 10.752 10.678 10.598 10.55 10.52 10.49 10.458 10.428 10.408 10.385 10.368 10.368 10.373 10.385 10.41 10.45 10.498 10.54 10.585 10.638 10.703 10.775 10.84 10.893 10.955
12.682 12.675 12.662 12.647 12.63 12.612 12.592 12.557 12.505 12.45 12.405 12.363 12.333 12.32 12.32 12.343 12.38 12.42 12.445 12.453 12.458 12.465 12.465 12.462 12.465 12.405 12.287 12.155 12.01 11.872 11.75 11.64 11.53 11.42 11.318 11.23 11.153 11.07 10.988 10.955 10.968 10.983 10.998 11.013 11.028 11.025 10.997 10.977 10.97 10.96 10.927 10.877 10.832 10.785 10.702 10.59 10.505 10.465 10.448 10.428 10.41 10.403 10.385 10.363 10.35 10.345 10.36 10.4 10.455 10.505 10.542 10.58 10.62 10.668 10.723 10.783 10.833 10.895
12.657 12.645 12.63 12.61 12.59 12.575 12.555 12.525 12.48 12.415 12.355 12.308 12.278 12.29 12.33 12.367 12.405 12.442 12.482 12.51 12.52 12.53 12.512 12.472 12.44 12.332 12.182 12.065 11.947 11.832 11.72 11.61 11.5 11.39 11.282 11.183 11.103 11.023 10.928 10.868 10.863 10.883 10.905 10.925 10.945 10.955 10.947 10.937 10.93 10.925 10.912 10.877 10.83 10.78 10.697 10.583 10.5 10.47 10.463 10.458 10.453 10.445 10.425 10.395 10.365 10.345 10.363 10.415 10.47 10.505 10.532 10.57 10.61 10.65 10.69 10.735 10.773 10.828
