EGM722_Project_Data/DTM_asc/TL4559.asc
ncols         200
nrows         200
xllcorner     545000.000
yllcorner     259000.000
cellsize      5
NODATA_value  -9999.0
[rows 105 to 139 of 200, columns 0 to 77 of 200]
12.873 12.775 12.695 12.627 12.557 12.475 12.435 12.445 12.452 12.452 12.417 12.332 12.227 12.115 11.96 11.762 11.555 11.365 11.21 11.073 10.938 10.805 10.653 10.48 10.308 10.133 9.983 9.873 9.798 9.755 9.725 9.69 9.65 9.625 9.612 9.577 9.412 9.15 8.96 8.795 8.595 8.408 8.305 8.27 8.23 8.188 8.198 8.265 8.32 8.36 8.4 8.44 8.447 8.432 8.43 8.43 8.43 8.435 8.412 8.335 8.225 8.105 8.065 8.11 8.16 8.212 8.27 8.32 8.355 8.39 8.425 8.46 8.477 8.465 8.46 8.47 8.472 8.46
12.85 12.727 12.62 12.532 12.462 12.387 12.34 12.332 12.327 12.315 12.295 12.247 12.155 12.035 11.87 11.665 11.458 11.258 11.093 10.957 10.823 10.69 10.537 10.365 10.19 10.01 9.87 9.777 9.707 9.655 9.605 9.555 9.523 9.507 9.485 9.45 9.31 9.06 8.903 8.79 8.605 8.413 8.298 8.25 8.203 8.16 8.178 8.257 8.327 8.377 8.417 8.432 8.412 8.39 8.382 8.38 8.38 8.38 8.367 8.322 8.232 8.108 8.043 8.072 8.125 8.162 8.207 8.26 8.297 8.332 8.368 8.402 8.432 8.435 8.43 8.44 8.45 8.452
12.815 12.667 12.52 12.398 12.315 12.24 12.183 12.155 12.137 12.123 12.112 12.105 12.052 11.935 11.765 11.563 11.36 11.155 10.98 10.84 10.708 10.58 10.435 10.267 10.09 9.908 9.758 9.66 9.58 9.515 9.463 9.42 9.397 9.375 9.345 9.307 9.195 8.97 8.82 8.76 8.615 8.42 8.298 8.245 8.195 8.163 8.188 8.258 8.327 8.385 8.405 8.375 8.325 8.288 8.27 8.265 8.263 8.26 8.262 8.257 8.22 8.125 8.02 8.008 8.06 8.075 8.113 8.187 8.235 8.272 8.31 8.345 8.38 8.4 8.405 8.415 8.425 8.432
12.725 12.562 12.395 12.243 12.138 12.063 12.005 11.97 11.945 11.928 11.915 11.925 11.925 11.835 11.66 11.46 11.26 11.057 10.873 10.723 10.595 10.47 10.332 10.17 9.987 9.803 9.645 9.538 9.45 9.375 9.325 9.295 9.267 9.235 9.205 9.165 9.077 8.88 8.728 8.692 8.6 8.428 8.3 8.243 8.19 8.173 8.213 8.277 8.32 8.327 8.305 8.27 8.24 8.202 8.165 8.15 8.147 8.142 8.14 8.135 8.122 8.087 8.01 7.965 7.985 7.98 8.008 8.095 8.16 8.205 8.245 8.282 8.317 8.347 8.372 8.387 8.395 8.403
12.582 12.447 12.277 12.105 11.97 11.885 11.83 11.79 11.758 11.735 11.718 11.725 11.75 11.682 11.51 11.32 11.13 10.94 10.76 10.61 10.485 10.36 10.227 10.067 9.883 9.705 9.548 9.425 9.325 9.24 9.193 9.165 9.13 9.095 9.065 9.022 8.957 8.788 8.635 8.597 8.547 8.425 8.303 8.24 8.185 8.18 8.22 8.245 8.232 8.182 8.123 8.09 8.08 8.06 8.03 8.015 8.007 7.995 7.985 7.97 7.953 7.952 7.945 7.917 7.9 7.878 7.905 7.995 8.077 8.137 8.177 8.212 8.237 8.265 8.312 8.347 8.36 8.38
12.417 12.33 12.16 11.98 11.818 11.708 11.65 11.61 11.575 11.548 11.525 11.525 11.527 11.432 11.255 11.075 10.895 10.738 10.61 10.48 10.35 10.227 10.105 9.982 9.837 9.675 9.518 9.385 9.273 9.153 9.065 9.025 8.99 8.955 8.922 8.877 8.822 8.68 8.543 8.503 8.467 8.397 8.307 8.24 8.18 8.15 8.142 8.112 8.067 8.007 7.928 7.868 7.845 7.835 7.825 7.835 7.835 7.815 7.805 7.79 7.775 7.775 7.79 7.8 7.777 7.765 7.818 7.902 7.987 8.062 8.105 8.122 8.13 8.16 8.225 8.285 8.327 8.36
12.245 12.2 12.04 11.86 11.683 11.543 11.47 11.43 11.395 11.365 11.338 11.327 11.272 11.122 10.94 10.77 10.63 10.533 10.457 10.34 10.195 10.068 9.955 9.875 9.795 9.685 9.545 9.407 9.275 9.108 8.968 8.895 8.85 8.815 8.78 8.732 8.677 8.565 8.453 8.408 8.372 8.33 8.275 8.212 8.142 8.068 7.998 7.94 7.895 7.832 7.745 7.663 7.615 7.6 7.595 7.625 7.647 7.635 7.622 7.608 7.595 7.593 7.605 7.625 7.63 7.66 7.732 7.807 7.882 7.955 8 8.01 8.015 8.055 8.125 8.205 8.26 8.25
12.052 12.05 11.92 11.74 11.56 11.393 11.293 11.252 11.217 11.185 11.152 11.12 10.997 10.8 10.648 10.535 10.455 10.398 10.332 10.212 10.053 9.908 9.798 9.725 9.67 9.61 9.52 9.405 9.252 9.065 8.905 8.795 8.72 8.675 8.64 8.59 8.532 8.45 8.363 8.312 8.272 8.225 8.18 8.132 8.07 7.985 7.89 7.808 7.735 7.655 7.565 7.477 7.405 7.368 7.373 7.415 7.452 7.452 7.438 7.425 7.418 7.415 7.423 7.44 7.48 7.545 7.615 7.682 7.75 7.815 7.865 7.887 7.908 7.96 8.043 8.142 8.177 8.115
11.86 11.897 11.795 11.603 11.42 11.24 11.113 11.055 11.015 10.977 10.937 10.855 10.698 10.54 10.448 10.385 10.327 10.272 10.205 10.085 9.92 9.758 9.643 9.578 9.522 9.465 9.402 9.307 9.165 9.002 8.85 8.725 8.623 8.548 8.498 8.448 8.39 8.325 8.26 8.208 8.158 8.105 8.047 7.99 7.935 7.862 7.77 7.667 7.557 7.445 7.352 7.28 7.207 7.148 7.15 7.205 7.255 7.267 7.255 7.248 7.245 7.245 7.245 7.255 7.373 7.458 7.47 7.535 7.6 7.665 7.722 7.76 7.805 7.89 8 8.095 8.105 8.035
11.753 11.802 11.715 11.458 11.21 11.035 10.89 10.805 10.76 10.717 10.652 10.535 10.423 10.36 10.307 10.25 10.195 10.142 10.077 9.952 9.775 9.605 9.493 9.432 9.375 9.317 9.24 9.127 9 8.867 8.752 8.66 8.558 8.453 8.383 8.335 8.285 8.235 8.18 8.123 8.07 8 7.88 7.77 7.705 7.642 7.565 7.465 7.342 7.21 7.1 7.023 6.97 6.943 6.958 7.003 7.05 7.077 7.077 7.075 7.075 7.075 7.07 7.07 7.32 7.442 7.34 7.393 7.458 7.52 7.583 7.65 7.738 7.855 7.98 8.042 8.02 7.952
11.715 11.755 11.692 11.452 11.088 10.808 10.648 10.538 10.478 10.427 10.34 10.248 10.213 10.195 10.155 10.1 10.045 9.985 9.915 9.79 9.605 9.443 9.345 9.285 9.227 9.16 9.057 8.935 8.812 8.683 8.598 8.57 8.505 8.398 8.325 8.283 8.238 8.195 8.14 8.075 8.017 7.907 7.72 7.545 7.443 7.38 7.312 7.227 7.112 6.98 6.85 6.763 6.745 6.77 6.805 6.833 6.865 6.89 6.9 6.905 6.905 6.905 6.9 6.888 7.257 7.475 7.31 7.313 7.345 7.4 7.465 7.563 7.697 7.832 7.945 7.975 7.932 7.87
11.675 11.702 11.65 11.442 11.012 10.643 10.448 10.29 10.198 10.135 10.07 10.035 10.028 10.02 9.992 9.937 9.865 9.775 9.695 9.59 9.423 9.28 9.198 9.137 9.075 8.982 8.865 8.745 8.625 8.498 8.425 8.435 8.43 8.36 8.29 8.25 8.207 8.165 8.11 8.032 7.932 7.782 7.587 7.383 7.215 7.118 7.045 6.962 6.867 6.75 6.633 6.58 6.595 6.63 6.665 6.685 6.677 6.652 6.66 6.695 6.722 6.73 6.715 6.69 7.185 7.545 7.38 7.345 7.325 7.333 7.368 7.475 7.647 7.805 7.892 7.892 7.847 7.787
11.672 11.555 11.285 11.065 10.8 10.497 10.282 10.083 9.948 9.883 9.86 9.855 9.848 9.842 9.817 9.752 9.655 9.548 9.465 9.382 9.25 9.128 9.053 8.99 8.907 8.795 8.675 8.555 8.435 8.313 8.255 8.275 8.297 8.277 8.225 8.177 8.132 8.075 7.992 7.875 7.72 7.55 7.375 7.192 7.012 6.873 6.777 6.69 6.602 6.51 6.445 6.44 6.46 6.485 6.502 6.487 6.43 6.373 6.39 6.46 6.522 6.54 6.515 6.483 7.13 7.64 7.47 7.438 7.403 7.37 7.348 7.408 7.577 7.762 7.835 7.805 7.76 7.705
11.357 10.87 10.633 10.583 10.492 10.245 10.035 9.855 9.743 9.7 9.695 9.69 9.685 9.677 9.637 9.555 9.453 9.35 9.263 9.185 9.085 8.983 8.907 8.83 8.725 8.605 8.488 8.383 8.285 8.168 8.068 8.045 8.06 8.057 8.022 7.97 7.9 7.792 7.675 7.552 7.405 7.24 7.075 6.915 6.757 6.61 6.485 6.385 6.31 6.268 6.237 6.227 6.245 6.262 6.27 6.237 6.173 6.138 6.175 6.25 6.315 6.335 6.312 6.278 7.087 7.767 7.595 7.558 7.525 7.482 7.41 7.368 7.475 7.665 7.727 7.685 7.64 7.577
10.267 10.013 10.138 10.217 10.127 9.905 9.735 9.635 9.58 9.553 9.545 9.54 9.53 9.512 9.46 9.37 9.268 9.168 9.078 9.003 8.925 8.838 8.753 8.665 8.573 8.475 8.38 8.3 8.21 8.072 7.903 7.78 7.75 7.745 7.71 7.63 7.5 7.358 7.24 7.145 7.037 6.907 6.765 6.612 6.462 6.317 6.178 6.073 6.053 6.072 6.008 5.945 5.96 5.975 5.987 5.98 5.948 5.938 5.98 6.045 6.105 6.127 6.107 6.07 7.052 7.94 7.77 7.703 7.652 7.572 7.47 7.368 7.39 7.525 7.572 7.525 7.45 7.35
9.458 9.585 9.768 9.857 9.778 9.62 9.533 9.485 9.44 9.408 9.395 9.387 9.365 9.332 9.275 9.185 9.082 8.983 8.9 8.845 8.782 8.698 8.613 8.558 8.51 8.438 8.362 8.277 8.15 7.98 7.79 7.603 7.483 7.432 7.357 7.215 7.045 6.905 6.8 6.705 6.61 6.517 6.422 6.295 6.15 6.005 5.863 5.808 5.875 5.917 5.783 5.665 5.68 5.695 5.705 5.715 5.715 5.727 5.775 5.835 5.895 5.922 5.902 5.861 7.045 8.154 7.965 7.832 7.737 7.63 7.52 7.41 7.347 7.387 7.402 7.317 7.2 7.075
9.35 9.398 9.48 9.553 9.513 9.435 9.39 9.345 9.3 9.263 9.242 9.225 9.19 9.15 9.087 8.995 8.895 8.803 8.74 8.705 8.647 8.565 8.493 8.447 8.435 8.415 8.345 8.222 8.062 7.88 7.682 7.477 7.285 7.105 6.928 6.753 6.588 6.46 6.363 6.268 6.178 6.105 6.047 5.95 5.808 5.665 5.538 5.558 5.712 5.76 5.558 5.39 5.403 5.415 5.428 5.445 5.458 5.485 5.55 5.622 5.685 5.717 5.697 5.651 7.042 8.372 8.195 7.567 7.055 7.087 7.087 7.072 7.06 7.137 7.167 7.055 6.93 6.805
9.243 9.29 9.337 9.355 9.33 9.287 9.245 9.202 9.157 9.115 9.083 9.05 9.01 8.97 8.905 8.813 8.725 8.653 8.603 8.57 8.515 8.437 8.367 8.302 8.255 8.16 8.137 8.107 7.93 7.737 7.538 7.34 7.1 6.798 6.508 6.288 6.132 6.023 5.93 5.838 5.76 5.708 5.665 5.592 5.47 5.34 5.25 5.323 5.525 5.59 5.36 5.143 5.125 5.138 5.155 5.175 5.193 5.223 5.3 5.395 5.47 5.51 5.49 5.441 7.022 8.574 8.454 7.058 5.781 5.873 5.933 6.015 6.21 6.605 6.81 6.7 6.585 6.488
9.138 9.182 9.215 9.205 9.167 9.13 9.087 9.045 9.005 8.97 8.933 8.888 8.843 8.798 8.738 8.66 8.593 8.535 8.482 8.44 8.38 8.272 8.135 8 7.85 7.623 7.757 7.942 7.755 7.578 7.4 7.172 6.87 6.53 6.172 5.813 5.638 5.59 5.5 5.42 5.36 5.315 5.272 5.215 5.13 5.03 4.992 5.05 5.122 5.125 5.002 4.872 4.847 4.865 4.885 4.905 4.922 4.952 5.015 5.087 5.167 5.252 5.272 5.231 7.003 8.777 8.712 6.858 5.051 5.06 5.09 5.173 5.393 5.903 6.287 6.27 6.175 6.143
9.03 9.067 9.07 9.04 9.003 8.965 8.923 8.885 8.855 8.83 8.795 8.745 8.695 8.648 8.597 8.537 8.477 8.415 8.31 8.17 8.025 7.85 7.647 7.445 7.242 7.023 7.037 7.06 7.255 7.474 7.249 6.807 6.217 5.795 5.54 5.28 5.15 5.137 5.077 5.015 4.962 4.855 4.547 4.29 4.243 4.2 4.193 4.203 4.17 4.135 4.125 4.118 4.115 4.125 4.133 4.14 4.148 4.163 4.185 4.203 4.285 4.645 4.96 4.993 7.002 8.998 8.965 6.837 4.733 4.775 4.873 4.94 5.033 5.325 5.715 5.847 5.823 5.853
8.922 8.937 8.912 8.877 8.84 8.803 8.768 8.74 8.715 8.687 8.652 8.605 8.555 8.507 8.46 8.357 8.212 8.067 7.875 7.645 7.415 7.2 7 6.792 6.582 6.387 6.19 5.988 6.23 6.442 6.175 5.767 5.28 4.995 4.897 4.575 4.25 4.215 4.2 4.173 4.145 4.06 3.775 3.545 3.53 3.525 3.52 3.52 3.52 3.52 3.52 3.52 3.52 3.518 3.513 3.51 3.51 3.51 3.51 3.505 3.548 3.845 4.13 4.181 5.255 6.307 6.419 5.287 4.176 4.49 4.735 4.767 4.793 4.955 5.253 5.475 5.562 5.592
8.8 8.785 8.748 8.715 8.69 8.658 8.615 8.583 8.555 8.525 8.487 8.44 8.355 8.187 8.03 7.872 7.66 7.447 7.23 7.005 6.773 6.548 6.335 6.105 5.883 5.702 5.537 5.382 5.262 5.078 4.63 4.271 4.203 4.17 4.137 3.845 3.55 3.53 3.53 3.53 3.53 3.53 3.53 3.53 3.53 3.525 3.52 3.52 3.52 3.52 3.517 3.515 3.515 3.513 3.51 3.51 3.51 3.51 3.507 3.503 3.5 3.5 3.5 3.5 3.501 3.496 3.619 3.618 3.63 3.908 4.17 4.465 4.652 4.715 4.915 5.172 5.317 5.312
8.652 8.623 8.598 8.583 8.565 8.525 8.47 8.423 8.382 8.345 8.227 8.022 7.785 7.532 7.338 7.17 6.97 6.762 6.557 6.345 6.127 5.902 5.655 5.397 5.18 4.75 4.375 4.303 4.23 4.128 3.8 3.54 3.54 3.54 3.538 3.533 3.53 3.53 3.53 3.53 3.527 3.525 3.525 3.525 3.525 3.523 3.52 3.52 3.52 3.52 3.515 3.51 3.51 3.51 3.51 3.51 3.51 3.51 3.505 3.5 3.5 3.5 3.498 3.497 3.497 3.493 3.49 3.49 3.49 3.49 3.58 3.868 4.055 4.272 4.635 4.822 4.94 4.988
8.503 8.488 8.48 8.477 8.452 8.4 8.342 8.275 8.115 7.88 7.577 7.235 6.968 6.798 6.662 6.482 6.277 6.07 5.855 5.542 5.262 4.848 4.433 4.295 4.19 3.848 3.551 3.55 3.55 3.545 3.54 3.54 3.54 3.54 3.54 3.537 3.533 3.53 3.53 3.53 3.525 3.52 3.52 3.52 3.52 3.52 3.52 3.52 3.52 3.52 3.515 3.51 3.51 3.51 3.51 3.51 3.51 3.51 3.505 3.5 3.5 3.5 3.495 3.493 3.493 3.49 3.49 3.49 3.49 3.49 3.49 3.485 3.48 3.703 3.987 4.058 4.377 4.697
8.38 8.38 8.38 8.37 8.332 8.252 8.1 7.85 7.475 7.045 6.685 6.435 6.277 6.142 5.965 5.72 5.352 4.948 4.638 4.35 4.16 3.843 3.558 3.553 3.55 3.55 3.55 3.55 3.55 3.545 3.54 3.54 3.54 3.54 3.54 3.54 3.535 3.53 3.53 3.53 3.528 3.59 3.72 3.838 3.943 4.05 4.138 4.183 4.162 4.117 4.09 4.062 4.037 4.013 3.99 3.985 3.985 3.975 3.925 3.798 3.623 3.515 3.495 3.49 3.49 3.49 3.49 3.49 3.49 3.49 3.49 3.485 3.48 3.48 3.48 3.493 3.768 4.033
8.28 8.28 8.28 8.222 8.072 7.835 7.48 7.022 6.555 6.185 5.95 5.772 5.522 5.147 4.76 4.503 4.235 3.925 3.715 3.625 3.6 3.575 3.563 3.557 3.553 3.55 3.55 3.55 3.55 3.548 3.543 3.54 3.54 3.585 3.72 3.893 4.048 4.188 4.25 4.235 4.215 4.285 4.472 4.672 4.842 4.987 5.057 4.985 4.792 4.647 4.595 4.562 4.555 4.555 4.56 4.567 4.557 4.535 4.48 4.357 4.162 4.003 3.925 3.935 3.888 3.676 3.524 3.491 3.49 3.49 3.487 3.483 3.48 3.48 3.48 3.48 3.48 3.48
8.18 8.072 7.87 7.635 7.325 6.957 6.537 6.075 5.682 5.317 4.885 4.59 4.39 4.09 3.808 3.7 3.695 3.68 3.658 3.632 3.608 3.585 3.568 3.56 3.557 3.553 3.55 3.55 3.61 3.788 4.018 4.225 4.338 4.405 4.55 4.727 4.865 4.977 5.02 4.985 4.957 5.002 5.137 5.302 5.447 5.562 5.512 5.235 4.883 4.66 4.61 4.623 4.668 4.72 4.772 4.787 4.755 4.728 4.715 4.712 4.63 4.477 4.447 4.66 5.762 6.579 6.38 5.215 4.011 3.683 3.483 3.48 3.48 3.48 3.48 3.48 3.48 3.478
7.655 7.32 6.935 6.567 6.202 5.825 5.325 4.778 4.488 4.275 3.923 3.718 3.7 3.7 3.7 3.7 3.695 3.682 3.662 3.638 3.615 3.595 3.575 3.563 3.56 3.67 3.938 4.21 4.405 4.615 4.865 5.085 5.21 5.245 5.265 5.277 5.257 5.197 5.128 5.08 5.11 5.217 5.35 5.495 5.64 5.785 5.775 5.512 5.155 4.915 4.863 4.883 4.918 4.965 5.015 5.012 4.958 4.923 4.912 4.852 4.665 4.568 4.753 5.071 7.204 9.195 9.173 7.416 5.215 4.423 4.035 3.738 3.503 3.48 3.48 3.48 3.48 3.477
6.562 6.152 5.755 5.223 4.725 4.445 4.143 3.821 3.7 3.7 3.7 3.7 3.7 3.7 3.7 3.7 3.695 3.685 3.667 3.645 3.625 3.605 3.713 3.99 4.213 4.408 4.717 5.03 5.205 5.27 5.305 5.325 5.347 5.372 5.392 5.405 5.4 5.345 5.227 5.145 5.207 5.32 5.395 5.5 5.64 5.782 5.882 5.785 5.49 5.265 5.21 5.21 5.215 5.232 5.255 5.23 5.165 5.12 5.072 4.953 4.805 4.83 5.037 5.258 7.162 8.997 9.052 7.872 6.038 5.192 4.85 4.492 4.155 3.873 3.588 3.48 3.48 3.477
5.128 4.645 4.365 4.025 3.721 3.645 3.663 3.683 3.697 3.7 3.7 3.7 3.7 3.7 3.7 3.7 3.695 3.685 3.673 3.723 3.925 4.19 4.45 4.745 4.977 5.095 5.175 5.255 5.332 5.397 5.435 5.455 5.475 5.46 5.43 5.42 5.41 5.392 5.29 5.19 5.235 5.308 5.338 5.425 5.575 5.728 5.832 5.785 5.592 5.452 5.422 5.41 5.397 5.385 5.377 5.357 5.327 5.302 5.24 5.14 5.085 5.1 5.155 5.358 7.167 8.829 8.872 7.91 6.325 5.52 5.225 5.08 4.922 4.622 4.285 3.998 3.663 3.473
3.99 3.676 3.585 3.595 3.615 3.635 3.653 3.673 3.692 3.7 3.7 3.7 3.7 3.7 3.7 3.7 3.695 3.825 4.115 4.405 4.707 5.017 5.192 5.195 5.175 5.225 5.305 5.382 5.455 5.522 5.565 5.585 5.555 5.44 5.353 5.335 5.338 5.352 5.31 5.268 5.302 5.337 5.353 5.43 5.578 5.727 5.725 5.568 5.45 5.425 5.425 5.402 5.38 5.365 5.362 5.365 5.367 5.365 5.325 5.257 5.22 5.24 5.265 5.481 7.2 8.714 8.73 8 6.558 5.708 5.463 5.275 5.143 5.055 4.962 4.742 4.367 4.078
3.725 3.683 3.613 3.59 3.605 3.625 3.645 3.665 3.685 3.695 3.697 3.7 3.7 3.7 3.763 3.985 4.3 4.61 4.942 5.21 5.335 5.405 5.45 5.417 5.348 5.358 5.435 5.51 5.58 5.65 5.695 5.665 5.525 5.345 5.263 5.265 5.277 5.29 5.292 5.295 5.302 5.345 5.39 5.45 5.582 5.66 5.545 5.37 5.32 5.345 5.36 5.347 5.33 5.325 5.327 5.33 5.327 5.322 5.288 5.253 5.278 5.34 5.398 5.571 7.167 8.612 8.595 8.005 6.723 5.915 5.71 5.505 5.325 5.205 5.125 5.045 4.965 4.865
3.83 3.765 3.675 3.61 3.598 3.615 3.635 3.655 3.677 3.69 3.693 3.695 3.848 4.16 4.488 4.832 5.185 5.397 5.472 5.545 5.617 5.672 5.677 5.622 5.538 5.51 5.563 5.635 5.705 5.775 5.772 5.635 5.428 5.245 5.175 5.185 5.195 5.205 5.235 5.247 5.225 5.28 5.387 5.47 5.565 5.51 5.315 5.22 5.228 5.26 5.285 5.295 5.295 5.295 5.292 5.29 5.285 5.278 5.278 5.31 5.372 5.437 5.502 5.603 7.02 8.384 8.375 8.01 6.933 6.105 5.92 5.732 5.542 5.382 5.285 5.227 5.172 5.15
3.927 3.845 3.756 4.148 4.587 4.105 3.63 3.65 3.673 3.75 3.99 4.33 4.698 5.077 5.377 5.535 5.597 5.65 5.695 5.735 5.727 5.732 5.767 5.742 5.692 5.662 5.675 5.715 5.755 5.787 5.725 5.542 5.33 5.158 5.083 5.083 5.095 5.113 5.16 5.195 5.178 5.19 5.292 5.417 5.46 5.305 5.128 5.11 5.143 5.178 5.21 5.242 5.26 5.26 5.255 5.248 5.242 5.235 5.25 5.302 5.38 5.47 5.56 5.645 6.775 7.982 8.09 7.997 7.105 6.19 6 5.832 5.665 5.497 5.402 5.375 5.335 5.285
4.016 4.35 4.697 4.879 4.844 4.105 3.628 3.763 4.108 4.54 4.942 5.312 5.545 5.62 5.662 5.705 5.74 5.762 5.745 5.667 5.588 5.625 5.72 5.74 5.722 5.697 5.675 5.672 5.677 5.667 5.605 5.45 5.243 5.085 5 4.978 4.993 5.028 5.09 5.145 5.147 5.125 5.16 5.23 5.202 5.07 5.003 5.028 5.065 5.102 5.138 5.18 5.212 5.22 5.215 5.205 5.2 5.195 5.195 5.218 5.275 5.375 5.495 5.608 6.473 7.562 7.855 7.847 7.197 6.315 5.975 5.807 5.645 5.49 5.423 5.422 5.39 5.34
