EGM722_Project_Data/DTM_asc/TL4558.asc
ncols         200
nrows         200
xllcorner     545000.000
yllcorner     258000.000
cellsize      5
NODATA_value  -9999.0
[rows 132 to 164 of 200, columns 74 to 147 of 200]
11.472 11.558 11.65 11.753 11.858 11.985 12.172 12.335 12.375 12.35 12.312 12.267 12.232 12.207 12.19 12.18 12.17 12.18 12.22 12.27 12.32 12.362 12.395 12.417 12.417 12.403 12.393 12.395 12.4 12.392 12.355 12.275 12.23 12.235 12.227 12.205 12.178 12.153 12.125 12.105 12.108 12.163 12.26 12.36 12.42 12.383 12.353 12.385 12.405 12.415 12.42 12.407 12.38 12.335 12.272 12.235 12.3 12.432 12.535 12.615 12.69 12.69 12.605 12.508 12.42 12.343 12.267 12.193 12.165 12.21 12.27 12.317 12.355 12.39
11.463 11.562 11.667 11.77 11.875 11.995 12.14 12.267 12.305 12.288 12.277 12.27 12.247 12.21 12.18 12.175 12.172 12.175 12.2 12.238 12.282 12.317 12.34 12.36 12.372 12.37 12.368 12.378 12.385 12.377 12.362 12.325 12.293 12.295 12.29 12.273 12.26 12.255 12.253 12.243 12.245 12.285 12.353 12.427 12.43 12.34 12.268 12.265 12.285 12.295 12.305 12.315 12.325 12.317 12.292 12.268 12.31 12.41 12.49 12.565 12.64 12.647 12.572 12.485 12.405 12.327 12.25 12.175 12.153 12.198 12.262 12.322 12.367 12.405
11.453 11.52 11.608 11.712 11.82 11.94 12.072 12.192 12.237 12.23 12.238 12.25 12.235 12.195 12.155 12.145 12.16 12.17 12.19 12.205 12.207 12.222 12.245 12.27 12.302 12.33 12.345 12.362 12.375 12.365 12.348 12.335 12.332 12.342 12.365 12.4 12.425 12.44 12.452 12.425 12.41 12.452 12.49 12.49 12.432 12.323 12.208 12.158 12.168 12.18 12.193 12.208 12.223 12.235 12.247 12.247 12.27 12.342 12.427 12.512 12.592 12.61 12.547 12.467 12.39 12.312 12.235 12.158 12.138 12.185 12.248 12.31 12.362 12.405
11.458 11.485 11.533 11.6 11.69 11.818 11.965 12.102 12.172 12.197 12.227 12.242 12.222 12.18 12.138 12.11 12.12 12.145 12.145 12.115 12.095 12.115 12.15 12.18 12.218 12.265 12.307 12.342 12.362 12.355 12.335 12.335 12.358 12.378 12.425 12.507 12.572 12.617 12.632 12.588 12.575 12.602 12.577 12.507 12.427 12.332 12.208 12.12 12.1 12.105 12.12 12.14 12.16 12.175 12.187 12.182 12.188 12.235 12.315 12.412 12.502 12.537 12.495 12.427 12.36 12.292 12.222 12.145 12.125 12.175 12.235 12.295 12.35 12.395
11.483 11.51 11.538 11.563 11.605 11.698 11.835 11.982 12.075 12.12 12.167 12.207 12.202 12.16 12.12 12.083 12.075 12.077 12.027 11.958 11.953 12.002 12.052 12.087 12.125 12.175 12.23 12.285 12.32 12.33 12.333 12.355 12.39 12.41 12.458 12.537 12.607 12.667 12.722 12.735 12.712 12.665 12.577 12.493 12.417 12.34 12.24 12.15 12.11 12.098 12.095 12.103 12.12 12.135 12.13 12.108 12.108 12.135 12.183 12.263 12.347 12.39 12.37 12.317 12.26 12.203 12.153 12.11 12.113 12.163 12.22 12.28 12.337 12.382
11.502 11.527 11.547 11.562 11.573 11.615 11.718 11.85 11.945 12.003 12.068 12.137 12.162 12.132 12.095 12.055 12.025 11.975 11.888 11.81 11.813 11.875 11.937 11.987 12.03 12.08 12.135 12.19 12.24 12.29 12.335 12.375 12.41 12.43 12.467 12.527 12.577 12.62 12.705 12.775 12.74 12.647 12.555 12.48 12.405 12.33 12.253 12.185 12.15 12.13 12.11 12.098 12.095 12.093 12.075 12.055 12.058 12.073 12.09 12.128 12.175 12.203 12.2 12.173 12.138 12.108 12.088 12.083 12.11 12.16 12.213 12.268 12.323 12.368
11.51 11.522 11.532 11.54 11.548 11.573 11.643 11.748 11.838 11.91 11.988 12.062 12.107 12.097 12.06 12.02 11.965 11.88 11.785 11.708 11.705 11.765 11.828 11.882 11.932 11.985 12.037 12.085 12.143 12.217 12.285 12.345 12.387 12.405 12.432 12.477 12.52 12.56 12.645 12.695 12.652 12.602 12.555 12.495 12.423 12.35 12.28 12.223 12.188 12.165 12.145 12.125 12.105 12.09 12.083 12.078 12.075 12.078 12.083 12.093 12.108 12.118 12.115 12.105 12.095 12.088 12.085 12.09 12.12 12.173 12.225 12.275 12.325 12.368
11.5 11.503 11.508 11.515 11.525 11.545 11.595 11.68 11.765 11.838 11.913 11.985 12.05 12.06 12.022 11.977 11.905 11.807 11.705 11.62 11.615 11.675 11.727 11.767 11.815 11.875 11.93 11.975 12.033 12.105 12.178 12.257 12.317 12.34 12.37 12.417 12.46 12.5 12.562 12.582 12.553 12.553 12.55 12.517 12.465 12.4 12.33 12.268 12.225 12.2 12.178 12.155 12.138 12.13 12.13 12.132 12.132 12.132 12.135 12.14 12.142 12.135 12.117 12.1 12.09 12.085 12.088 12.098 12.133 12.187 12.24 12.29 12.34 12.385
11.485 11.485 11.488 11.493 11.5 11.52 11.558 11.625 11.705 11.773 11.84 11.91 11.982 12.012 11.98 11.922 11.842 11.74 11.63 11.535 11.525 11.577 11.615 11.645 11.69 11.76 11.83 11.88 11.928 11.995 12.078 12.165 12.235 12.27 12.303 12.35 12.397 12.442 12.48 12.49 12.493 12.51 12.517 12.505 12.477 12.435 12.375 12.31 12.265 12.238 12.213 12.19 12.175 12.17 12.173 12.178 12.18 12.185 12.188 12.18 12.163 12.138 12.113 12.093 12.083 12.085 12.093 12.108 12.148 12.2 12.25 12.3 12.353 12.413
11.475 11.472 11.47 11.47 11.475 11.493 11.525 11.578 11.645 11.713 11.78 11.85 11.917 11.955 11.925 11.857 11.775 11.67 11.56 11.455 11.428 11.465 11.495 11.528 11.578 11.653 11.735 11.797 11.843 11.91 11.998 12.085 12.155 12.197 12.238 12.283 12.33 12.38 12.417 12.435 12.45 12.47 12.485 12.477 12.455 12.432 12.395 12.345 12.305 12.275 12.247 12.225 12.213 12.213 12.223 12.233 12.24 12.255 12.255 12.23 12.2 12.168 12.138 12.11 12.09 12.09 12.1 12.12 12.16 12.21 12.26 12.315 12.38 12.455
11.462 11.458 11.455 11.453 11.453 11.468 11.503 11.548 11.6 11.665 11.735 11.802 11.867 11.895 11.857 11.792 11.707 11.603 11.495 11.393 11.368 11.405 11.435 11.468 11.515 11.575 11.643 11.71 11.77 11.843 11.925 12.01 12.08 12.125 12.167 12.212 12.258 12.307 12.355 12.385 12.407 12.43 12.452 12.452 12.428 12.405 12.382 12.362 12.337 12.305 12.275 12.248 12.255 12.28 12.295 12.313 12.328 12.342 12.332 12.298 12.265 12.232 12.197 12.158 12.12 12.105 12.108 12.128 12.17 12.22 12.278 12.348 12.425 12.497
11.453 11.448 11.445 11.44 11.435 11.448 11.488 11.535 11.58 11.633 11.693 11.758 11.822 11.832 11.777 11.712 11.637 11.542 11.438 11.35 11.345 11.395 11.43 11.463 11.503 11.548 11.595 11.645 11.703 11.775 11.853 11.932 12 12.047 12.09 12.135 12.183 12.235 12.292 12.335 12.362 12.388 12.415 12.422 12.402 12.38 12.368 12.372 12.36 12.323 12.29 12.26 12.295 12.362 12.387 12.405 12.42 12.422 12.4 12.363 12.33 12.297 12.257 12.21 12.163 12.128 12.115 12.135 12.183 12.242 12.31 12.375 12.435 12.487
11.455 11.45 11.443 11.438 11.44 11.453 11.483 11.525 11.568 11.613 11.66 11.718 11.77 11.757 11.687 11.615 11.55 11.475 11.38 11.308 11.315 11.37 11.417 11.457 11.497 11.54 11.575 11.605 11.65 11.715 11.783 11.853 11.915 11.968 12.015 12.06 12.113 12.168 12.225 12.28 12.317 12.345 12.375 12.387 12.378 12.37 12.375 12.39 12.382 12.345 12.308 12.273 12.313 12.415 12.472 12.495 12.51 12.5 12.465 12.428 12.392 12.355 12.31 12.26 12.21 12.165 12.135 12.15 12.198 12.252 12.312 12.363 12.408 12.453
11.463 11.458 11.455 11.458 11.47 11.487 11.498 11.518 11.555 11.598 11.643 11.69 11.71 11.667 11.59 11.515 11.45 11.385 11.31 11.263 11.283 11.338 11.395 11.445 11.483 11.513 11.538 11.563 11.608 11.67 11.73 11.793 11.853 11.908 11.953 11.993 12.045 12.1 12.155 12.215 12.262 12.295 12.325 12.35 12.365 12.38 12.395 12.41 12.405 12.37 12.33 12.298 12.333 12.435 12.53 12.582 12.595 12.575 12.535 12.495 12.45 12.403 12.357 12.31 12.26 12.212 12.165 12.165 12.21 12.255 12.305 12.355 12.405 12.458
11.475 11.478 11.485 11.495 11.51 11.525 11.52 11.515 11.543 11.585 11.628 11.672 11.67 11.6 11.508 11.428 11.365 11.303 11.248 11.235 11.273 11.33 11.388 11.44 11.475 11.495 11.518 11.538 11.573 11.63 11.69 11.75 11.81 11.862 11.9 11.933 11.973 12.025 12.085 12.14 12.185 12.22 12.25 12.292 12.345 12.39 12.417 12.432 12.425 12.39 12.355 12.343 12.388 12.478 12.577 12.657 12.68 12.66 12.63 12.59 12.52 12.45 12.403 12.357 12.307 12.252 12.198 12.183 12.22 12.27 12.32 12.373 12.428 12.488
11.505 11.515 11.525 11.535 11.55 11.555 11.543 11.528 11.535 11.573 11.615 11.657 11.65 11.567 11.46 11.37 11.305 11.25 11.22 11.235 11.285 11.345 11.397 11.445 11.48 11.5 11.52 11.535 11.558 11.598 11.65 11.71 11.77 11.817 11.85 11.875 11.903 11.95 12.005 12.05 12.09 12.128 12.168 12.225 12.295 12.362 12.417 12.45 12.447 12.42 12.395 12.403 12.463 12.55 12.632 12.7 12.74 12.755 12.755 12.712 12.615 12.515 12.45 12.4 12.345 12.285 12.23 12.205 12.23 12.283 12.338 12.398 12.46 12.523
11.553 11.558 11.565 11.575 11.587 11.585 11.567 11.55 11.54 11.56 11.602 11.645 11.632 11.542 11.43 11.33 11.258 11.223 11.223 11.25 11.298 11.352 11.402 11.447 11.48 11.5 11.52 11.535 11.555 11.583 11.618 11.67 11.725 11.765 11.79 11.805 11.83 11.872 11.912 11.95 11.99 12.038 12.098 12.163 12.23 12.3 12.372 12.435 12.465 12.46 12.44 12.463 12.532 12.602 12.662 12.71 12.755 12.8 12.832 12.8 12.692 12.572 12.485 12.427 12.37 12.312 12.258 12.225 12.25 12.31 12.37 12.433 12.497 12.56
11.61 11.61 11.613 11.617 11.62 11.61 11.59 11.573 11.558 11.558 11.587 11.63 11.612 11.517 11.403 11.293 11.228 11.223 11.238 11.263 11.305 11.355 11.405 11.452 11.482 11.5 11.517 11.532 11.552 11.577 11.603 11.638 11.673 11.695 11.71 11.723 11.748 11.783 11.818 11.853 11.898 11.96 12.03 12.098 12.165 12.235 12.307 12.377 12.432 12.46 12.472 12.51 12.57 12.62 12.663 12.707 12.752 12.797 12.84 12.817 12.71 12.593 12.508 12.44 12.378 12.323 12.275 12.263 12.298 12.353 12.41 12.47 12.533 12.597
11.67 11.67 11.662 11.652 11.645 11.63 11.613 11.597 11.58 11.558 11.555 11.582 11.577 11.497 11.383 11.27 11.218 11.23 11.245 11.265 11.305 11.355 11.405 11.45 11.475 11.49 11.505 11.517 11.538 11.565 11.59 11.615 11.635 11.645 11.655 11.67 11.695 11.725 11.758 11.788 11.835 11.905 11.975 12.035 12.097 12.17 12.24 12.302 12.355 12.405 12.46 12.52 12.572 12.617 12.66 12.705 12.75 12.795 12.83 12.802 12.7 12.6 12.535 12.46 12.38 12.325 12.313 12.34 12.378 12.418 12.465 12.515 12.57 12.633
11.715 11.705 11.687 11.67 11.66 11.65 11.637 11.62 11.6 11.56 11.513 11.508 11.515 11.467 11.37 11.265 11.22 11.233 11.245 11.265 11.305 11.352 11.397 11.435 11.455 11.47 11.485 11.495 11.515 11.542 11.568 11.595 11.615 11.628 11.64 11.653 11.675 11.707 11.735 11.753 11.795 11.865 11.927 11.97 12.02 12.095 12.167 12.23 12.288 12.345 12.413 12.49 12.557 12.612 12.66 12.705 12.75 12.79 12.817 12.79 12.7 12.618 12.56 12.487 12.4 12.363 12.398 12.442 12.475 12.51 12.548 12.585 12.628 12.675
11.717 11.705 11.69 11.677 11.67 11.665 11.657 11.64 11.615 11.565 11.493 11.45 11.44 11.412 11.347 11.263 11.225 11.235 11.245 11.263 11.3 11.345 11.382 11.415 11.437 11.452 11.465 11.475 11.493 11.518 11.548 11.58 11.6 11.612 11.625 11.635 11.658 11.687 11.705 11.718 11.758 11.817 11.862 11.893 11.938 12.015 12.095 12.167 12.235 12.298 12.373 12.452 12.525 12.595 12.655 12.705 12.75 12.78 12.8 12.775 12.705 12.64 12.58 12.513 12.445 12.443 12.5 12.547 12.58 12.613 12.645 12.68 12.715 12.75
11.7 11.685 11.677 11.67 11.67 11.67 11.667 11.66 11.625 11.56 11.487 11.423 11.38 11.345 11.3 11.248 11.225 11.235 11.248 11.263 11.293 11.333 11.368 11.398 11.42 11.435 11.448 11.46 11.478 11.505 11.538 11.567 11.585 11.595 11.605 11.618 11.637 11.655 11.665 11.68 11.713 11.75 11.78 11.808 11.855 11.935 12.02 12.103 12.18 12.253 12.335 12.415 12.485 12.56 12.632 12.695 12.742 12.767 12.782 12.767 12.717 12.66 12.6 12.54 12.513 12.545 12.605 12.655 12.69 12.717 12.745 12.778 12.813 12.847
11.695 11.66 11.645 11.642 11.647 11.65 11.65 11.65 11.61 11.535 11.465 11.395 11.343 11.313 11.28 11.245 11.238 11.25 11.263 11.28 11.31 11.345 11.378 11.405 11.423 11.435 11.448 11.463 11.485 11.515 11.543 11.563 11.575 11.585 11.595 11.608 11.62 11.63 11.64 11.655 11.683 11.713 11.74 11.77 11.813 11.883 11.965 12.048 12.133 12.215 12.297 12.375 12.445 12.515 12.582 12.65 12.705 12.735 12.752 12.757 12.727 12.67 12.615 12.583 12.598 12.65 12.71 12.762 12.797 12.823 12.85 12.88 12.913 12.945
11.695 11.648 11.615 11.608 11.61 11.61 11.61 11.607 11.567 11.495 11.422 11.35 11.31 11.307 11.297 11.27 11.263 11.278 11.293 11.315 11.348 11.382 11.412 11.435 11.447 11.455 11.465 11.48 11.503 11.53 11.552 11.565 11.575 11.585 11.592 11.6 11.61 11.62 11.633 11.648 11.678 11.717 11.75 11.78 11.815 11.868 11.94 12.02 12.103 12.185 12.255 12.315 12.377 12.442 12.507 12.575 12.637 12.677 12.708 12.737 12.722 12.678 12.653 12.658 12.698 12.755 12.815 12.87 12.905 12.93 12.96 12.99 13.017 13.045
11.69 11.64 11.595 11.573 11.57 11.57 11.57 11.565 11.525 11.453 11.378 11.305 11.273 11.285 11.3 11.295 11.29 11.305 11.328 11.355 11.385 11.415 11.44 11.46 11.472 11.48 11.488 11.498 11.517 11.54 11.555 11.562 11.57 11.58 11.587 11.595 11.605 11.615 11.628 11.643 11.675 11.72 11.757 11.79 11.825 11.868 11.923 11.995 12.075 12.145 12.195 12.238 12.29 12.358 12.43 12.5 12.568 12.62 12.673 12.73 12.742 12.73 12.735 12.758 12.805 12.865 12.922 12.975 13.012 13.04 13.07 13.097 13.122 13.15
11.685 11.635 11.585 11.545 11.53 11.533 11.535 11.532 11.495 11.418 11.338 11.265 11.24 11.263 11.288 11.305 11.32 11.34 11.365 11.392 11.42 11.445 11.465 11.485 11.5 11.507 11.512 11.518 11.53 11.543 11.55 11.558 11.565 11.575 11.582 11.59 11.6 11.61 11.62 11.638 11.673 11.717 11.76 11.8 11.837 11.875 11.918 11.973 12.04 12.098 12.145 12.195 12.243 12.303 12.375 12.445 12.515 12.578 12.645 12.715 12.76 12.787 12.81 12.85 12.912 12.972 13.027 13.08 13.12 13.15 13.177 13.195 13.205 13.217
11.685 11.633 11.585 11.55 11.523 11.515 11.52 11.517 11.487 11.42 11.338 11.26 11.245 11.278 11.303 11.33 11.36 11.385 11.407 11.425 11.443 11.467 11.49 11.507 11.52 11.527 11.532 11.54 11.55 11.555 11.56 11.568 11.568 11.568 11.573 11.58 11.59 11.6 11.613 11.635 11.673 11.718 11.762 11.802 11.837 11.872 11.913 11.963 12.018 12.073 12.13 12.187 12.233 12.278 12.34 12.413 12.48 12.543 12.61 12.677 12.732 12.777 12.815 12.862 12.935 13.01 13.082 13.162 13.205 13.212 13.225 13.23 13.227 13.23
11.675 11.633 11.605 11.59 11.558 11.523 11.518 11.515 11.487 11.437 11.367 11.29 11.28 11.32 11.35 11.38 11.407 11.432 11.447 11.45 11.46 11.483 11.505 11.522 11.533 11.54 11.548 11.56 11.575 11.583 11.59 11.595 11.585 11.568 11.563 11.57 11.58 11.593 11.613 11.64 11.678 11.722 11.762 11.79 11.818 11.853 11.9 11.96 12.015 12.07 12.13 12.185 12.23 12.27 12.32 12.393 12.457 12.51 12.568 12.625 12.677 12.725 12.767 12.808 12.873 12.965 13.065 13.18 13.255 13.238 13.21 13.21 13.213 13.23
11.68 11.66 11.65 11.64 11.605 11.548 11.518 11.51 11.482 11.437 11.385 11.32 11.308 11.352 11.392 11.427 11.455 11.47 11.472 11.47 11.48 11.497 11.515 11.535 11.547 11.555 11.568 11.583 11.597 11.61 11.62 11.625 11.615 11.59 11.57 11.563 11.57 11.593 11.62 11.65 11.685 11.722 11.75 11.768 11.793 11.835 11.893 11.955 12.012 12.07 12.13 12.185 12.23 12.273 12.32 12.382 12.442 12.485 12.525 12.568 12.615 12.665 12.71 12.75 12.81 12.91 13.03 13.16 13.282 13.312 13.243 13.193 13.203 13.238
11.72 11.71 11.7 11.69 11.655 11.59 11.535 11.508 11.477 11.433 11.387 11.338 11.333 11.377 11.422 11.467 11.495 11.495 11.49 11.488 11.495 11.512 11.528 11.545 11.562 11.575 11.59 11.607 11.622 11.635 11.645 11.652 11.642 11.615 11.59 11.57 11.575 11.603 11.63 11.66 11.69 11.715 11.735 11.75 11.778 11.83 11.89 11.95 12.01 12.07 12.13 12.185 12.232 12.28 12.327 12.375 12.42 12.455 12.485 12.518 12.558 12.605 12.652 12.695 12.755 12.868 13.002 13.125 13.242 13.325 13.27 13.19 13.21 13.255
11.762 11.755 11.745 11.735 11.7 11.635 11.57 11.52 11.478 11.435 11.393 11.35 11.355 11.4 11.445 11.492 11.515 11.512 11.508 11.505 11.513 11.528 11.543 11.56 11.577 11.59 11.605 11.622 11.632 11.64 11.65 11.66 11.655 11.632 11.608 11.585 11.59 11.617 11.645 11.672 11.697 11.72 11.74 11.758 11.79 11.845 11.905 11.96 12.013 12.07 12.13 12.185 12.23 12.275 12.32 12.36 12.39 12.415 12.445 12.475 12.51 12.55 12.595 12.643 12.708 12.825 12.957 13.065 13.162 13.23 13.22 13.21 13.243 13.278
11.797 11.79 11.777 11.76 11.725 11.665 11.6 11.54 11.49 11.45 11.413 11.375 11.378 11.42 11.465 11.51 11.53 11.53 11.528 11.53 11.538 11.545 11.558 11.575 11.59 11.6 11.613 11.627 11.635 11.638 11.645 11.652 11.652 11.642 11.622 11.598 11.6 11.63 11.657 11.68 11.705 11.735 11.76 11.78 11.818 11.875 11.93 11.972 12.015 12.07 12.13 12.185 12.225 12.26 12.3 12.34 12.365 12.38 12.403 12.43 12.465 12.503 12.54 12.585 12.658 12.77 12.897 13.007 13.1 13.16 13.195 13.25 13.292 13.313
11.83 11.815 11.792 11.765 11.732 11.682 11.62 11.56 11.51 11.473 11.437 11.4 11.398 11.438 11.482 11.527 11.55 11.553 11.557 11.562 11.565 11.57 11.578 11.59 11.602 11.61 11.62 11.632 11.64 11.64 11.643 11.647 11.647 11.642 11.632 11.613 11.615 11.64 11.66 11.68 11.708 11.745 11.78 11.805 11.845 11.897 11.94 11.978 12.02 12.073 12.13 12.185 12.225 12.253 12.283 12.32 12.345 12.355 12.365 12.385 12.42 12.457 12.49 12.528 12.6 12.718 12.847 12.96 13.055 13.143 13.225 13.3 13.345 13.363
