EGM722_Project_Data/DTM_asc/TL4559.asc
ncols         200
nrows         200
xllcorner     545000.000
yllcorner     259000.000
cellsize      5
NODATA_value  -9999.0
[rows 0 to 34 of 200, columns 78 to 155 of 200]
13.017 13.162 13.2 13.19 13.18 13.175 13.175 13.178 13.19 13.205 13.2 13.18 13.192 13.22 13.217 13.203 13.19 13.172 13.147 13.115 13.08 13.04 12.992 12.917 12.79 12.715 12.72 12.73 12.74 12.737 12.707 12.647 12.567 12.485 12.39 12.265 12.125 11.988 11.88 11.815 11.755 11.685 11.615 11.548 11.48 11.392 11.258 11.123 11.048 11.008 10.978 10.95 10.91 10.825 10.725 10.642 10.56 10.48 10.403 10.35 10.295 10.198 10.1 10.04 10.025 10.035 10.045 10.057 10.027 9.93 9.822 9.727 9.632 9.542 9.463 9.395 9.345 9.303
13.227 13.27 13.26 13.25 13.24 13.232 13.225 13.217 13.217 13.212 13.197 13.18 13.177 13.18 13.165 13.15 13.14 13.125 13.107 13.082 13.045 12.997 12.943 12.897 12.812 12.735 12.73 12.735 12.738 12.742 12.717 12.647 12.562 12.48 12.397 12.292 12.157 12.012 11.868 11.748 11.663 11.59 11.52 11.45 11.38 11.303 11.195 11.078 11.008 10.977 10.95 10.92 10.88 10.805 10.715 10.637 10.56 10.478 10.413 10.387 10.337 10.227 10.113 10.04 10.025 10.03 10.03 10.03 10 9.925 9.835 9.745 9.655 9.567 9.482 9.407 9.355 9.31
13.287 13.28 13.27 13.26 13.25 13.24 13.23 13.22 13.21 13.195 13.18 13.167 13.15 13.133 13.118 13.105 13.093 13.078 13.063 13.045 13.007 12.955 12.905 12.857 12.81 12.76 12.74 12.745 12.75 12.755 12.712 12.625 12.54 12.46 12.38 12.285 12.155 12 11.85 11.723 11.62 11.54 11.468 11.395 11.325 11.247 11.15 11.038 10.968 10.942 10.915 10.887 10.852 10.787 10.705 10.63 10.555 10.48 10.43 10.407 10.35 10.237 10.11 10.02 9.992 9.985 9.975 9.965 9.93 9.857 9.775 9.692 9.61 9.527 9.445 9.388 9.36 9.325
13.26 13.25 13.24 13.23 13.22 13.21 13.2 13.19 13.18 13.165 13.15 13.14 13.12 13.093 13.075 13.065 13.05 13.035 13.023 13.007 12.975 12.923 12.868 12.815 12.782 12.76 12.752 12.765 12.777 12.77 12.7 12.595 12.503 12.418 12.335 12.242 12.115 11.963 11.825 11.71 11.605 11.513 11.433 11.358 11.285 11.202 11.107 11.003 10.925 10.895 10.87 10.842 10.807 10.75 10.675 10.597 10.522 10.462 10.422 10.39 10.322 10.202 10.058 9.96 9.93 9.91 9.895 9.885 9.847 9.772 9.69 9.608 9.525 9.443 9.375 9.35 9.35 9.335
13.235 13.225 13.215 13.203 13.19 13.18 13.17 13.16 13.15 13.137 13.125 13.115 13.095 13.065 13.04 13.025 13.01 12.995 12.985 12.972 12.945 12.895 12.835 12.778 12.74 12.725 12.73 12.76 12.797 12.78 12.69 12.58 12.475 12.378 12.29 12.2 12.072 11.93 11.81 11.703 11.597 11.493 11.4 11.323 11.245 11.155 11.06 10.965 10.885 10.845 10.815 10.777 10.735 10.68 10.615 10.542 10.475 10.425 10.39 10.36 10.277 10.125 9.97 9.89 9.87 9.845 9.823 9.807 9.765 9.69 9.608 9.523 9.44 9.37 9.333 9.325 9.325 9.322
13.21 13.2 13.19 13.177 13.165 13.155 13.145 13.132 13.12 13.11 13.1 13.09 13.07 13.04 13.01 12.988 12.97 12.955 12.945 12.935 12.915 12.87 12.813 12.755 12.708 12.678 12.665 12.693 12.75 12.735 12.642 12.547 12.452 12.352 12.252 12.157 12.038 11.91 11.8 11.695 11.59 11.48 11.378 11.29 11.203 11.108 11.013 10.92 10.84 10.788 10.748 10.705 10.657 10.6 10.542 10.482 10.422 10.372 10.33 10.29 10.19 10.015 9.88 9.83 9.81 9.785 9.76 9.735 9.692 9.623 9.535 9.448 9.368 9.318 9.303 9.298 9.295 9.295
13.172 13.165 13.155 13.145 13.135 13.125 13.112 13.087 13.065 13.055 13.045 13.04 13.027 13 12.972 12.945 12.92 12.905 12.895 12.885 12.87 12.842 12.8 12.745 12.69 12.645 12.61 12.608 12.65 12.627 12.535 12.455 12.375 12.29 12.197 12.11 12.012 11.9 11.79 11.682 11.575 11.467 11.363 11.268 11.175 11.08 10.988 10.895 10.813 10.745 10.685 10.633 10.583 10.522 10.462 10.402 10.332 10.263 10.207 10.16 10.062 9.903 9.798 9.77 9.75 9.72 9.682 9.652 9.625 9.577 9.5 9.41 9.333 9.293 9.28 9.273 9.27 9.27
13.11 13.12 13.115 13.105 13.095 13.085 13.062 13.018 12.985 12.975 12.97 12.972 12.97 12.95 12.92 12.88 12.845 12.837 12.832 12.82 12.807 12.795 12.775 12.732 12.68 12.628 12.578 12.545 12.557 12.512 12.405 12.325 12.245 12.17 12.103 12.042 11.975 11.88 11.772 11.665 11.555 11.448 11.348 11.263 11.175 11.08 10.988 10.895 10.813 10.738 10.663 10.593 10.52 10.443 10.375 10.31 10.23 10.143 10.068 10.007 9.925 9.805 9.73 9.705 9.672 9.63 9.588 9.563 9.545 9.522 9.48 9.405 9.333 9.293 9.27 9.255 9.245 9.24
13.017 13.047 13.065 13.065 13.055 13.037 12.997 12.94 12.905 12.9 12.903 12.907 12.91 12.895 12.855 12.798 12.755 12.755 12.762 12.755 12.745 12.735 12.725 12.705 12.665 12.612 12.56 12.512 12.482 12.402 12.283 12.195 12.118 12.053 12.003 11.96 11.912 11.84 11.745 11.642 11.535 11.43 11.345 11.272 11.187 11.092 10.995 10.9 10.817 10.742 10.667 10.59 10.492 10.385 10.295 10.22 10.14 10.05 9.96 9.875 9.792 9.713 9.657 9.617 9.57 9.525 9.498 9.48 9.46 9.442 9.422 9.382 9.333 9.298 9.278 9.26 9.24 9.223
12.915 12.95 12.985 13.005 13.002 12.972 12.92 12.863 12.833 12.835 12.84 12.845 12.853 12.835 12.783 12.715 12.668 12.663 12.675 12.68 12.672 12.657 12.642 12.625 12.595 12.55 12.497 12.445 12.385 12.285 12.16 12.068 12.008 11.96 11.92 11.88 11.837 11.782 11.705 11.612 11.515 11.427 11.357 11.287 11.202 11.105 11.002 10.902 10.812 10.73 10.647 10.562 10.462 10.347 10.237 10.132 10.032 9.937 9.842 9.745 9.655 9.6 9.56 9.51 9.463 9.43 9.413 9.397 9.38 9.36 9.343 9.335 9.322 9.302 9.29 9.275 9.25 9.217
12.825 12.87 12.905 12.938 12.95 12.917 12.863 12.815 12.8 12.808 12.813 12.82 12.825 12.797 12.735 12.658 12.588 12.558 12.563 12.575 12.57 12.55 12.527 12.5 12.47 12.432 12.38 12.325 12.257 12.152 12.028 11.943 11.9 11.86 11.817 11.775 11.735 11.692 11.635 11.56 11.477 11.402 11.332 11.26 11.175 11.072 10.967 10.865 10.767 10.675 10.585 10.495 10.395 10.285 10.165 10.022 9.89 9.782 9.68 9.58 9.493 9.45 9.43 9.395 9.363 9.343 9.328 9.313 9.295 9.288 9.293 9.305 9.31 9.3 9.287 9.267 9.22 9.165
12.743 12.807 12.852 12.89 12.907 12.88 12.83 12.798 12.798 12.81 12.82 12.83 12.822 12.777 12.702 12.61 12.515 12.458 12.445 12.452 12.45 12.427 12.4 12.37 12.337 12.302 12.26 12.207 12.132 12.02 11.893 11.81 11.77 11.727 11.682 11.64 11.6 11.567 11.535 11.48 11.407 11.332 11.257 11.182 11.097 10.997 10.895 10.792 10.693 10.6 10.51 10.42 10.32 10.202 10.057 9.888 9.74 9.623 9.51 9.403 9.32 9.285 9.283 9.288 9.283 9.268 9.253 9.24 9.238 9.253 9.275 9.295 9.3 9.287 9.267 9.24 9.183 9.098
12.653 12.732 12.797 12.845 12.862 12.842 12.803 12.785 12.795 12.81 12.827 12.84 12.815 12.742 12.65 12.55 12.45 12.38 12.348 12.335 12.325 12.3 12.27 12.24 12.205 12.168 12.13 12.087 12.012 11.898 11.775 11.685 11.633 11.585 11.54 11.498 11.458 11.43 11.41 11.377 11.32 11.245 11.17 11.097 11.017 10.922 10.82 10.718 10.62 10.528 10.435 10.345 10.242 10.105 9.932 9.75 9.598 9.475 9.355 9.238 9.165 9.155 9.173 9.203 9.217 9.207 9.19 9.175 9.193 9.235 9.267 9.287 9.29 9.272 9.245 9.212 9.17 9.085
12.558 12.642 12.722 12.787 12.815 12.802 12.777 12.772 12.785 12.797 12.812 12.822 12.78 12.687 12.59 12.49 12.39 12.31 12.265 12.227 12.19 12.165 12.14 12.11 12.075 12.035 11.992 11.952 11.902 11.81 11.695 11.6 11.528 11.463 11.405 11.355 11.318 11.295 11.275 11.255 11.22 11.158 11.088 11.02 10.945 10.85 10.745 10.645 10.55 10.455 10.36 10.27 10.15 9.982 9.798 9.613 9.455 9.33 9.223 9.135 9.085 9.085 9.105 9.13 9.155 9.155 9.135 9.115 9.125 9.18 9.242 9.277 9.275 9.25 9.22 9.185 9.15 9.092
12.468 12.553 12.638 12.717 12.755 12.74 12.722 12.725 12.735 12.745 12.755 12.76 12.71 12.615 12.522 12.425 12.327 12.24 12.175 12.105 12.033 12 11.985 11.965 11.937 11.892 11.837 11.798 11.785 11.737 11.635 11.54 11.46 11.38 11.305 11.243 11.208 11.193 11.178 11.163 11.145 11.113 11.058 10.99 10.913 10.81 10.698 10.595 10.498 10.403 10.305 10.202 10.057 9.87 9.68 9.488 9.333 9.228 9.153 9.108 9.075 9.058 9.06 9.075 9.098 9.102 9.085 9.065 9.068 9.12 9.197 9.247 9.245 9.215 9.185 9.15 9.115 9.08
12.398 12.48 12.563 12.645 12.68 12.658 12.64 12.645 12.655 12.665 12.675 12.68 12.632 12.538 12.445 12.35 12.255 12.157 12.057 11.955 11.86 11.813 11.8 11.785 11.765 11.725 11.668 11.64 11.647 11.642 11.575 11.478 11.398 11.32 11.245 11.183 11.148 11.133 11.12 11.11 11.1 11.087 11.057 11.002 10.92 10.805 10.68 10.565 10.462 10.362 10.252 10.135 9.985 9.8 9.605 9.425 9.298 9.205 9.14 9.105 9.075 9.048 9.035 9.043 9.057 9.057 9.04 9.02 9.028 9.085 9.155 9.2 9.202 9.175 9.145 9.11 9.078 9.052
12.335 12.415 12.495 12.572 12.6 12.573 12.558 12.565 12.575 12.585 12.595 12.6 12.555 12.46 12.362 12.262 12.162 12.052 11.93 11.81 11.69 11.62 11.602 11.58 11.56 11.538 11.503 11.493 11.505 11.517 11.492 11.415 11.335 11.268 11.205 11.15 11.115 11.093 11.075 11.065 11.055 11.045 11.032 11.005 10.927 10.802 10.665 10.527 10.41 10.3 10.18 10.06 9.922 9.75 9.573 9.438 9.337 9.228 9.145 9.108 9.075 9.045 9.023 9.02 9.025 9.015 8.997 8.98 8.993 9.047 9.107 9.15 9.155 9.132 9.105 9.073 9.042 9.015
12.26 12.34 12.422 12.497 12.517 12.488 12.475 12.485 12.493 12.5 12.51 12.517 12.472 12.372 12.267 12.162 12.055 11.937 11.797 11.637 11.488 11.41 11.39 11.375 11.37 11.368 11.363 11.368 11.378 11.385 11.387 11.352 11.288 11.228 11.17 11.118 11.085 11.06 11.038 11.025 11.02 11.018 11.013 10.987 10.885 10.732 10.585 10.435 10.312 10.207 10.092 9.977 9.857 9.718 9.583 9.477 9.377 9.258 9.16 9.113 9.077 9.045 9.02 9.003 8.988 8.97 8.953 8.938 8.953 9 9.052 9.095 9.1 9.082 9.062 9.035 9.005 8.98
12.185 12.265 12.347 12.422 12.442 12.42 12.42 12.435 12.443 12.448 12.455 12.45 12.385 12.275 12.165 12.057 11.922 11.757 11.577 11.378 11.238 11.19 11.19 11.218 11.245 11.26 11.27 11.28 11.285 11.29 11.308 11.3 11.252 11.195 11.138 11.09 11.058 11.033 11.015 11.015 11.025 11.03 11.03 10.967 10.8 10.61 10.45 10.298 10.18 10.095 9.995 9.885 9.782 9.687 9.59 9.49 9.395 9.292 9.183 9.11 9.075 9.048 9.022 8.99 8.958 8.938 8.92 8.903 8.905 8.94 8.99 9.03 9.037 9.023 9.013 9.017 9.015 9
12.113 12.193 12.275 12.352 12.377 12.368 12.39 12.415 12.425 12.43 12.42 12.385 12.3 12.183 12.07 11.935 11.74 11.5 11.275 11.088 10.995 11.003 11.05 11.115 11.16 11.185 11.2 11.21 11.215 11.228 11.262 11.265 11.217 11.163 11.113 11.068 11.033 11.013 11.013 11.035 11.06 11.07 11.05 10.93 10.72 10.51 10.325 10.163 10.04 9.97 9.89 9.78 9.7 9.647 9.57 9.47 9.387 9.315 9.218 9.138 9.097 9.06 9.02 8.973 8.933 8.913 8.895 8.875 8.865 8.878 8.915 8.957 8.97 8.96 8.968 9.007 9.052 9.067
12.04 12.118 12.202 12.285 12.312 12.318 12.36 12.395 12.405 12.392 12.357 12.307 12.22 12.1 11.96 11.772 11.547 11.28 10.998 10.835 10.825 10.883 10.957 11.025 11.07 11.1 11.125 11.137 11.148 11.18 11.232 11.237 11.188 11.135 11.088 11.043 11.013 11.01 11.03 11.057 11.085 11.105 11.042 10.865 10.645 10.428 10.218 10.033 9.9 9.837 9.777 9.685 9.63 9.605 9.542 9.448 9.37 9.31 9.24 9.172 9.117 9.06 9.005 8.953 8.91 8.885 8.865 8.845 8.835 8.835 8.85 8.885 8.9 8.908 8.943 8.988 9.047 9.102
11.965 12.045 12.127 12.212 12.252 12.275 12.325 12.365 12.365 12.327 12.282 12.23 12.14 12.002 11.817 11.6 11.38 11.12 10.828 10.69 10.728 10.798 10.87 10.932 10.977 11.01 11.04 11.065 11.095 11.145 11.205 11.21 11.162 11.115 11.065 11.018 10.997 11.012 11.037 11.062 11.087 11.08 10.965 10.765 10.557 10.35 10.135 9.925 9.768 9.7 9.66 9.608 9.575 9.555 9.507 9.428 9.355 9.292 9.23 9.165 9.103 9.048 8.995 8.945 8.9 8.865 8.838 8.815 8.805 8.805 8.81 8.825 8.845 8.88 8.928 8.973 9.025 9.092
11.86 11.95 12.04 12.132 12.197 12.24 12.29 12.332 12.317 12.258 12.205 12.15 12.047 11.875 11.667 11.45 11.23 10.968 10.743 10.67 10.685 10.725 10.78 10.838 10.885 10.92 10.958 11.01 11.065 11.12 11.17 11.17 11.13 11.085 11.032 10.972 10.945 10.96 10.98 11.002 11.005 10.925 10.752 10.552 10.357 10.162 9.962 9.763 9.623 9.568 9.54 9.522 9.515 9.5 9.47 9.41 9.34 9.272 9.197 9.135 9.088 9.042 8.995 8.945 8.898 8.858 8.823 8.795 8.788 8.793 8.798 8.8 8.823 8.87 8.917 8.963 9.01 9.073
11.728 11.82 11.922 12.025 12.122 12.202 12.26 12.305 12.287 12.215 12.148 12.075 11.935 11.73 11.52 11.305 11.085 10.845 10.703 10.69 10.69 10.698 10.718 10.753 10.798 10.848 10.908 10.978 11.042 11.095 11.127 11.122 11.087 11.037 10.975 10.9 10.855 10.86 10.875 10.87 10.827 10.69 10.47 10.258 10.063 9.87 9.693 9.565 9.498 9.453 9.42 9.412 9.415 9.412 9.405 9.365 9.292 9.215 9.148 9.108 9.075 9.035 8.992 8.945 8.895 8.855 8.823 8.795 8.79 8.797 8.797 8.795 8.818 8.863 8.91 8.955 9 9.06
11.593 11.683 11.787 11.888 11.997 12.117 12.215 12.275 12.26 12.19 12.11 12.01 11.84 11.613 11.39 11.168 10.943 10.773 10.713 10.71 10.71 10.71 10.713 10.733 10.77 10.82 10.885 10.955 11.017 11.057 11.075 11.075 11.04 10.975 10.9 10.818 10.76 10.747 10.732 10.682 10.6 10.432 10.195 9.97 9.77 9.603 9.493 9.45 9.417 9.355 9.305 9.29 9.29 9.292 9.292 9.27 9.213 9.15 9.115 9.095 9.065 9.025 8.985 8.94 8.893 8.858 8.832 8.81 8.8 8.797 8.79 8.788 8.813 8.857 8.902 8.945 8.988 9.045
11.46 11.548 11.648 11.743 11.845 11.977 12.12 12.225 12.225 12.142 12.052 11.947 11.772 11.543 11.32 11.103 10.895 10.775 10.75 10.743 10.738 10.74 10.758 10.79 10.825 10.855 10.893 10.943 10.988 11.013 11.028 11.035 10.995 10.915 10.833 10.745 10.658 10.593 10.537 10.47 10.355 10.16 9.925 9.69 9.513 9.423 9.39 9.38 9.34 9.265 9.198 9.168 9.162 9.16 9.155 9.155 9.15 9.128 9.103 9.08 9.052 9.015 8.975 8.93 8.885 8.855 8.835 8.817 8.805 8.793 8.78 8.78 8.805 8.85 8.895 8.935 8.975 9.02
11.365 11.435 11.515 11.603 11.7 11.825 11.972 12.102 12.122 12.037 11.945 11.875 11.745 11.538 11.333 11.128 10.955 10.855 10.815 10.8 10.79 10.798 10.83 10.87 10.905 10.93 10.95 10.97 10.978 10.988 11.01 11.012 10.962 10.878 10.792 10.7 10.578 10.443 10.343 10.265 10.135 9.94 9.728 9.51 9.373 9.338 9.323 9.305 9.255 9.172 9.09 9.043 9.03 9.03 9.045 9.078 9.117 9.13 9.108 9.078 9.045 9.005 8.962 8.917 8.875 8.845 8.825 8.81 8.802 8.792 8.778 8.773 8.79 8.83 8.875 8.915 8.957 8.98
11.307 11.365 11.428 11.498 11.575 11.67 11.788 11.905 11.942 11.878 11.818 11.82 11.755 11.58 11.385 11.183 11.035 10.958 10.903 10.873 10.86 10.87 10.908 10.95 10.985 11.01 11.03 11.04 11.013 10.99 11.005 10.997 10.94 10.852 10.757 10.655 10.52 10.33 10.175 10.085 9.967 9.817 9.645 9.453 9.328 9.29 9.27 9.245 9.175 9.068 8.97 8.915 8.913 8.938 8.98 9.032 9.085 9.125 9.127 9.1 9.057 9 8.948 8.903 8.863 8.835 8.815 8.8 8.795 8.792 8.78 8.77 8.778 8.803 8.84 8.88 8.92 8.92
11.25 11.313 11.378 11.44 11.503 11.565 11.63 11.703 11.745 11.738 11.748 11.795 11.755 11.607 11.43 11.248 11.125 11.06 11 10.953 10.93 10.943 10.983 11.027 11.062 11.087 11.11 11.12 11.08 11.018 11.003 10.985 10.915 10.817 10.71 10.597 10.462 10.248 10.04 9.925 9.82 9.697 9.557 9.4 9.293 9.253 9.23 9.205 9.122 8.993 8.878 8.823 8.843 8.888 8.935 8.988 9.043 9.095 9.13 9.127 9.082 9.01 8.943 8.89 8.85 8.825 8.805 8.793 8.79 8.787 8.778 8.77 8.775 8.788 8.808 8.84 8.865 8.845
11.2 11.268 11.335 11.4 11.465 11.52 11.555 11.59 11.623 11.665 11.722 11.775 11.742 11.612 11.46 11.32 11.228 11.165 11.102 11.043 11.005 11.015 11.058 11.105 11.14 11.162 11.185 11.197 11.16 11.08 11.025 10.97 10.875 10.765 10.655 10.542 10.407 10.192 9.938 9.768 9.655 9.538 9.433 9.338 9.268 9.23 9.2 9.17 9.095 8.975 8.858 8.81 8.84 8.88 8.923 8.968 9.018 9.068 9.113 9.14 9.107 9.03 8.953 8.885 8.84 8.813 8.795 8.787 8.785 8.782 8.775 8.77 8.775 8.785 8.792 8.807 8.807 8.773
11.152 11.23 11.297 11.363 11.427 11.48 11.515 11.542 11.568 11.613 11.677 11.732 11.71 11.595 11.465 11.373 11.31 11.25 11.192 11.137 11.088 11.085 11.13 11.182 11.215 11.225 11.24 11.25 11.21 11.12 11.015 10.907 10.802 10.7 10.595 10.485 10.352 10.137 9.865 9.66 9.543 9.455 9.383 9.32 9.27 9.233 9.197 9.152 9.085 8.987 8.883 8.85 8.88 8.913 8.948 8.983 9.025 9.07 9.11 9.147 9.125 9.045 8.968 8.903 8.86 8.823 8.788 8.77 8.765 8.762 8.755 8.747 8.742 8.745 8.752 8.757 8.745 8.71
11.095 11.18 11.257 11.327 11.39 11.44 11.47 11.48 11.5 11.55 11.61 11.66 11.657 11.573 11.473 11.415 11.365 11.305 11.25 11.2 11.15 11.153 11.205 11.257 11.285 11.283 11.282 11.267 11.192 11.067 10.925 10.795 10.695 10.605 10.51 10.407 10.295 10.112 9.868 9.65 9.523 9.458 9.395 9.338 9.288 9.245 9.202 9.137 9.075 9.005 8.918 8.895 8.925 8.955 8.985 9.015 9.05 9.09 9.13 9.162 9.135 9.06 8.995 8.948 8.915 8.857 8.778 8.738 8.733 8.727 8.72 8.707 8.69 8.678 8.678 8.682 8.675 8.647
11.038 11.122 11.207 11.285 11.35 11.395 11.41 11.408 11.433 11.485 11.532 11.575 11.602 11.572 11.51 11.465 11.417 11.36 11.3 11.242 11.195 11.213 11.28 11.335 11.357 11.347 11.31 11.23 11.105 10.955 10.805 10.673 10.57 10.48 10.39 10.297 10.202 10.077 9.905 9.698 9.545 9.473 9.41 9.353 9.3 9.25 9.19 9.113 9.053 9.007 8.95 8.935 8.965 8.995 9.025 9.055 9.085 9.117 9.152 9.177 9.152 9.093 9.043 9.005 8.975 8.892 8.765 8.705 8.7 8.692 8.685 8.67 8.65 8.63 8.615 8.61 8.602 8.58
10.98 11.065 11.15 11.23 11.297 11.33 11.332 11.333 11.357 11.4 11.44 11.49 11.552 11.577 11.55 11.512 11.47 11.412 11.34 11.26 11.213 11.25 11.335 11.405 11.405 11.342 11.255 11.132 10.99 10.838 10.685 10.548 10.44 10.35 10.26 10.167 10.075 9.977 9.862 9.717 9.575 9.485 9.427 9.37 9.315 9.253 9.173 9.088 9.028 9 8.973 8.97 8.997 9.025 9.055 9.082 9.11 9.137 9.165 9.185 9.177 9.14 9.095 9.06 9.022 8.917 8.758 8.675 8.665 8.655 8.645 8.632 8.613 8.59 8.57 8.552 8.535 8.513
10.91 10.992 11.075 11.155 11.215 11.235 11.235 11.237 11.258 11.298 11.355 11.435 11.52 11.572 11.57 11.54 11.5 11.43 11.335 11.235 11.2 11.265 11.35 11.392 11.35 11.245 11.135 11.015 10.875 10.722 10.57 10.425 10.307 10.21 10.11 10.007 9.932 9.867 9.772 9.667 9.562 9.483 9.427 9.37 9.322 9.285 9.228 9.145 9.09 9.048 8.995 8.985 9 9.018 9.042 9.067 9.095 9.12 9.142 9.157 9.16 9.147 9.115 9.07 9.005 8.882 8.728 8.645 8.628 8.615 8.605 8.595 8.577 8.552 8.525 8.495 8.473 8.465
