EGM722_Project_Data/DTM_asc/TL4555.asc
ncols         200
nrows         200
xllcorner     545000.000
yllcorner     255000.000
cellsize      5
NODATA_value  -9999.0
[rows 0 to 31 of 200, columns 0 to 72 of 200]
13.65 13.625 13.623 13.688 13.8 13.88 13.915 13.945 13.98 14.02 14.06 14.1 14.122 14.105 14.055 14 13.953 13.923 13.905 13.875 13.83 13.783 13.775 13.805 13.835 13.86 13.85 13.795 13.73 13.68 13.633 13.593 13.58 13.575 13.575 13.613 13.672 13.667 13.605 13.545 13.485 13.422 13.36 13.303 13.248 13.193 13.155 13.153 13.175 13.205 13.232 13.257 13.285 13.3 13.28 13.232 13.175 13.115 13.075 13.083 13.107 13.115 13.075 12.99 12.905 12.868 12.888 12.927 12.972 13.01 13.012 12.99 12.98
13.63 13.605 13.615 13.7 13.82 13.897 13.932 13.965 14 14.04 14.08 14.12 14.16 14.175 14.142 14.09 14.035 13.987 13.952 13.91 13.86 13.81 13.79 13.807 13.835 13.86 13.852 13.8 13.73 13.668 13.623 13.603 13.6 13.595 13.59 13.613 13.655 13.642 13.578 13.515 13.455 13.395 13.335 13.278 13.222 13.168 13.13 13.12 13.135 13.165 13.195 13.22 13.242 13.247 13.207 13.145 13.085 13.025 12.983 12.985 13.017 13.045 13.022 12.942 12.855 12.825 12.857 12.902 12.95 12.992 13.005 12.997 12.992
13.655 13.63 13.648 13.733 13.84 13.912 13.95 13.988 14.025 14.065 14.108 14.147 14.177 14.192 14.17 14.12 14.065 14.017 13.975 13.925 13.875 13.827 13.793 13.795 13.83 13.86 13.857 13.81 13.735 13.658 13.608 13.6 13.612 13.617 13.612 13.618 13.635 13.615 13.552 13.487 13.425 13.365 13.305 13.25 13.197 13.143 13.105 13.09 13.098 13.125 13.155 13.18 13.185 13.16 13.11 13.052 12.995 12.935 12.89 12.89 12.922 12.95 12.94 12.87 12.798 12.783 12.813 12.86 12.91 12.955 12.977 12.975 12.967
13.725 13.7 13.718 13.795 13.88 13.94 13.983 14.025 14.065 14.105 14.137 14.157 14.17 14.172 14.142 14.09 14.043 14.01 13.975 13.925 13.875 13.827 13.78 13.753 13.767 13.8 13.815 13.787 13.717 13.633 13.575 13.558 13.57 13.592 13.605 13.617 13.62 13.582 13.517 13.45 13.382 13.33 13.28 13.223 13.17 13.118 13.08 13.065 13.065 13.085 13.115 13.125 13.1 13.06 13.01 12.955 12.902 12.845 12.798 12.795 12.825 12.85 12.85 12.793 12.743 12.748 12.773 12.813 12.86 12.905 12.932 12.937 12.932
13.782 13.773 13.795 13.867 13.932 13.985 14.032 14.072 14.102 14.125 14.135 14.135 14.14 14.145 14.118 14.07 14.038 14.012 13.975 13.925 13.873 13.823 13.773 13.72 13.688 13.69 13.707 13.702 13.665 13.597 13.538 13.505 13.493 13.51 13.537 13.552 13.54 13.495 13.432 13.37 13.325 13.303 13.265 13.203 13.143 13.09 13.055 13.043 13.038 13.047 13.062 13.045 13.003 12.96 12.91 12.855 12.805 12.75 12.703 12.698 12.723 12.748 12.76 12.728 12.7 12.715 12.735 12.768 12.813 12.857 12.892 12.902 12.895
13.828 13.838 13.865 13.925 13.98 14.035 14.078 14.1 14.115 14.123 14.128 14.133 14.14 14.145 14.118 14.07 14.04 14.015 13.975 13.925 13.87 13.82 13.773 13.72 13.67 13.628 13.608 13.598 13.583 13.55 13.508 13.473 13.443 13.435 13.44 13.43 13.408 13.378 13.338 13.303 13.295 13.292 13.255 13.19 13.125 13.068 13.03 13.018 13.01 13.003 12.985 12.95 12.908 12.863 12.813 12.763 12.718 12.668 12.628 12.625 12.643 12.66 12.675 12.673 12.67 12.682 12.698 12.725 12.765 12.807 12.847 12.862 12.855
13.955 13.948 13.943 13.985 14.043 14.095 14.145 14.18 14.195 14.205 14.215 14.225 14.235 14.23 14.193 14.14 14.098 14.04 13.985 13.945 13.895 13.848 13.8 13.75 13.695 13.628 13.578 13.555 13.54 13.525 13.498 13.463 13.445 13.455 13.455 13.435 13.415 13.365 13.305 13.283 13.285 13.282 13.245 13.182 13.12 13.058 13.013 12.995 12.985 12.968 12.935 12.893 12.85 12.805 12.758 12.715 12.673 12.628 12.6 12.603 12.615 12.625 12.635 12.635 12.633 12.643 12.658 12.678 12.708 12.74 12.775 12.8 12.807
14.142 14.09 14.04 14.06 14.115 14.16 14.225 14.3 14.345 14.365 14.375 14.385 14.385 14.362 14.32 14.27 14.195 14.073 13.993 13.972 13.942 13.9 13.85 13.795 13.725 13.645 13.59 13.568 13.552 13.535 13.505 13.488 13.513 13.562 13.582 13.565 13.517 13.41 13.315 13.278 13.268 13.267 13.235 13.175 13.115 13.053 13.005 12.98 12.965 12.95 12.922 12.88 12.835 12.79 12.743 12.7 12.658 12.618 12.603 12.608 12.615 12.625 12.635 12.628 12.605 12.6 12.613 12.63 12.653 12.675 12.705 12.735 12.753
14.282 14.205 14.135 14.133 14.18 14.22 14.285 14.375 14.455 14.507 14.53 14.535 14.52 14.49 14.445 14.362 14.235 14.08 13.99 13.978 13.967 13.945 13.895 13.822 13.74 13.655 13.6 13.58 13.565 13.545 13.535 13.56 13.615 13.675 13.705 13.67 13.567 13.428 13.333 13.29 13.263 13.252 13.222 13.165 13.105 13.048 13.005 12.973 12.948 12.927 12.902 12.867 12.825 12.78 12.73 12.685 12.643 12.61 12.605 12.612 12.62 12.628 12.637 12.632 12.6 12.573 12.57 12.588 12.618 12.653 12.693 12.723 12.73
14.395 14.315 14.235 14.213 14.248 14.283 14.345 14.435 14.528 14.612 14.662 14.665 14.64 14.607 14.535 14.4 14.245 14.09 14.003 13.998 14.003 13.987 13.925 13.838 13.753 13.668 13.61 13.59 13.578 13.563 13.58 13.635 13.692 13.75 13.777 13.717 13.587 13.443 13.35 13.31 13.272 13.245 13.207 13.152 13.095 13.043 13.003 12.967 12.935 12.905 12.877 12.847 12.812 12.77 12.72 12.673 12.628 12.605 12.61 12.618 12.625 12.633 12.643 12.635 12.603 12.568 12.543 12.56 12.615 12.67 12.72 12.747 12.745
14.505 14.425 14.345 14.325 14.358 14.385 14.448 14.54 14.632 14.705 14.735 14.725 14.695 14.66 14.587 14.457 14.305 14.15 14.065 14.07 14.07 14.025 13.945 13.855 13.768 13.683 13.625 13.608 13.6 13.588 13.59 13.63 13.687 13.745 13.755 13.68 13.56 13.443 13.363 13.315 13.272 13.23 13.182 13.127 13.075 13.033 12.995 12.96 12.92 12.878 12.847 12.82 12.797 12.767 12.72 12.67 12.64 12.635 12.64 12.648 12.655 12.665 12.673 12.655 12.618 12.583 12.55 12.565 12.635 12.7 12.747 12.77 12.765
14.61 14.53 14.458 14.453 14.497 14.53 14.593 14.685 14.747 14.762 14.75 14.725 14.695 14.662 14.612 14.525 14.4 14.25 14.165 14.157 14.122 14.05 13.967 13.88 13.79 13.71 13.66 13.64 13.633 13.62 13.595 13.59 13.63 13.69 13.682 13.59 13.498 13.435 13.37 13.303 13.25 13.2 13.15 13.098 13.053 13.02 12.985 12.945 12.895 12.845 12.813 12.79 12.78 12.767 12.73 12.695 12.705 12.718 12.708 12.708 12.715 12.725 12.725 12.695 12.65 12.613 12.578 12.583 12.652 12.727 12.772 12.79 12.785
14.702 14.63 14.57 14.578 14.63 14.672 14.73 14.785 14.79 14.77 14.747 14.722 14.695 14.665 14.615 14.545 14.46 14.34 14.258 14.217 14.15 14.07 13.99 13.905 13.823 13.76 13.718 13.688 13.67 13.655 13.627 13.595 13.593 13.63 13.605 13.525 13.48 13.45 13.387 13.3 13.228 13.17 13.12 13.075 13.04 13.01 12.972 12.922 12.865 12.813 12.778 12.76 12.755 12.752 12.74 12.753 12.805 12.825 12.805 12.787 12.777 12.782 12.772 12.732 12.687 12.645 12.605 12.6 12.665 12.75 12.797 12.81 12.81
14.777 14.722 14.683 14.702 14.75 14.787 14.82 14.817 14.79 14.768 14.743 14.718 14.693 14.665 14.615 14.548 14.48 14.402 14.327 14.255 14.173 14.09 14.01 13.93 13.865 13.82 13.78 13.745 13.717 13.692 13.662 13.628 13.598 13.588 13.558 13.52 13.507 13.482 13.415 13.32 13.23 13.15 13.095 13.06 13.03 13 12.955 12.895 12.835 12.78 12.745 12.733 12.73 12.733 12.75 12.805 12.865 12.877 12.862 12.845 12.825 12.825 12.81 12.765 12.72 12.675 12.635 12.623 12.678 12.767 12.822 12.837 12.845
14.843 14.798 14.765 14.775 14.81 14.84 14.857 14.845 14.818 14.788 14.758 14.728 14.695 14.665 14.62 14.565 14.51 14.458 14.39 14.303 14.213 14.125 14.043 13.965 13.91 13.87 13.83 13.792 13.76 13.73 13.695 13.657 13.623 13.59 13.568 13.555 13.542 13.515 13.445 13.35 13.255 13.155 13.088 13.055 13.025 12.99 12.935 12.87 12.808 12.748 12.715 12.713 12.718 12.725 12.758 12.82 12.852 12.842 12.83 12.82 12.812 12.827 12.825 12.785 12.74 12.695 12.65 12.63 12.678 12.767 12.835 12.865 12.877
14.91 14.863 14.823 14.805 14.818 14.845 14.87 14.88 14.87 14.842 14.808 14.77 14.733 14.708 14.67 14.618 14.573 14.527 14.46 14.37 14.275 14.183 14.095 14.01 13.95 13.907 13.865 13.825 13.79 13.76 13.725 13.685 13.65 13.623 13.605 13.592 13.575 13.545 13.475 13.38 13.282 13.173 13.095 13.06 13.025 12.98 12.92 12.855 12.79 12.733 12.705 12.703 12.71 12.72 12.757 12.805 12.805 12.778 12.76 12.753 12.768 12.81 12.825 12.792 12.747 12.7 12.638 12.615 12.668 12.752 12.827 12.872 12.9
14.972 14.923 14.885 14.858 14.843 14.85 14.873 14.895 14.907 14.9 14.87 14.833 14.808 14.8 14.767 14.705 14.65 14.6 14.53 14.44 14.347 14.252 14.158 14.063 13.988 13.938 13.895 13.855 13.82 13.787 13.753 13.718 13.685 13.658 13.64 13.625 13.602 13.572 13.505 13.405 13.3 13.185 13.105 13.065 13.02 12.97 12.913 12.853 12.798 12.753 12.725 12.71 12.708 12.715 12.745 12.762 12.74 12.713 12.695 12.703 12.743 12.795 12.822 12.8 12.75 12.687 12.615 12.608 12.668 12.742 12.812 12.865 12.92
15.03 14.983 14.95 14.923 14.898 14.88 14.885 14.905 14.923 14.935 14.93 14.91 14.897 14.89 14.86 14.802 14.737 14.677 14.605 14.512 14.417 14.32 14.22 14.12 14.028 13.965 13.928 13.89 13.853 13.815 13.78 13.753 13.725 13.695 13.672 13.652 13.627 13.6 13.53 13.42 13.31 13.195 13.113 13.065 13.015 12.965 12.915 12.868 12.827 12.787 12.755 12.735 12.72 12.718 12.72 12.705 12.675 12.648 12.645 12.68 12.73 12.78 12.817 12.802 12.74 12.66 12.598 12.61 12.67 12.735 12.8 12.862 12.927
15.123 15.065 15.03 15.003 14.978 14.948 14.93 14.94 14.958 14.972 14.965 14.94 14.922 14.907 14.877 14.827 14.772 14.727 14.667 14.575 14.475 14.375 14.275 14.175 14.083 14.023 13.988 13.95 13.913 13.87 13.83 13.803 13.775 13.737 13.698 13.665 13.637 13.61 13.537 13.422 13.31 13.203 13.128 13.08 13.03 12.98 12.935 12.895 12.857 12.815 12.78 12.76 12.74 12.72 12.698 12.67 12.643 12.615 12.625 12.675 12.723 12.77 12.82 12.8 12.713 12.628 12.585 12.615 12.675 12.738 12.795 12.85 12.907
15.24 15.165 15.123 15.095 15.065 15.03 15.003 15.005 15.025 15.015 14.965 14.915 14.883 14.862 14.832 14.785 14.75 14.745 14.71 14.622 14.525 14.425 14.325 14.225 14.153 14.115 14.08 14.04 14 13.95 13.905 13.875 13.835 13.78 13.72 13.665 13.628 13.6 13.53 13.415 13.305 13.21 13.148 13.107 13.06 13.01 12.965 12.925 12.882 12.833 12.795 12.775 12.752 12.72 12.69 12.665 12.64 12.615 12.625 12.675 12.728 12.795 12.86 12.82 12.698 12.598 12.575 12.628 12.69 12.755 12.805 12.835 12.875
15.35 15.265 15.213 15.183 15.148 15.113 15.08 15.073 15.072 15.025 14.958 14.903 14.855 14.823 14.79 14.76 14.755 14.772 14.745 14.662 14.57 14.47 14.37 14.285 14.238 14.212 14.18 14.135 14.082 14.028 13.98 13.937 13.88 13.815 13.75 13.68 13.625 13.587 13.517 13.413 13.315 13.225 13.163 13.127 13.087 13.04 12.995 12.952 12.902 12.848 12.81 12.785 12.755 12.72 12.69 12.665 12.638 12.613 12.625 12.69 12.775 12.877 12.937 12.87 12.73 12.595 12.57 12.645 12.712 12.78 12.83 12.848 12.863
15.493 15.403 15.34 15.3 15.255 15.21 15.168 15.133 15.088 15.015 14.95 14.895 14.84 14.795 14.768 14.768 14.788 14.81 14.78 14.697 14.61 14.515 14.423 14.365 14.335 14.31 14.275 14.22 14.163 14.11 14.053 13.985 13.913 13.845 13.78 13.713 13.648 13.588 13.513 13.42 13.33 13.243 13.18 13.143 13.107 13.067 13.022 12.972 12.918 12.863 12.823 12.79 12.755 12.723 12.693 12.668 12.64 12.618 12.655 12.755 12.868 12.985 13.02 12.922 12.762 12.588 12.55 12.645 12.732 12.81 12.857 12.872 12.87
15.68 15.603 15.543 15.49 15.438 15.383 15.328 15.248 15.15 15.065 14.98 14.908 14.853 14.825 14.823 14.815 14.823 14.845 14.817 14.735 14.648 14.565 14.5 14.465 14.443 14.418 14.38 14.328 14.273 14.22 14.155 14.075 13.995 13.928 13.84 13.748 13.682 13.615 13.535 13.445 13.355 13.273 13.21 13.165 13.128 13.09 13.045 12.993 12.938 12.885 12.845 12.813 12.78 12.748 12.718 12.693 12.665 12.638 12.698 12.837 12.97 13.095 13.095 12.945 12.752 12.555 12.51 12.615 12.72 12.805 12.84 12.832 12.807
15.89 15.83 15.775 15.72 15.67 15.615 15.545 15.427 15.288 15.182 15.053 14.94 14.888 14.908 14.947 14.92 14.895 14.89 14.855 14.785 14.718 14.658 14.615 14.59 14.567 14.537 14.5 14.457 14.405 14.35 14.285 14.205 14.133 14.077 13.965 13.813 13.718 13.65 13.57 13.483 13.398 13.32 13.255 13.2 13.155 13.115 13.07 13.018 12.965 12.918 12.883 12.855 12.825 12.792 12.762 12.735 12.697 12.658 12.72 12.88 13.035 13.165 13.127 12.93 12.725 12.523 12.47 12.575 12.657 12.68 12.67 12.655 12.635
16.115 16.06 16.007 15.952 15.892 15.81 15.725 15.61 15.453 15.317 15.153 14.995 14.925 14.995 15.082 15.06 15.02 14.97 14.915 14.872 14.837 14.795 14.752 14.722 14.695 14.66 14.62 14.58 14.532 14.48 14.415 14.343 14.287 14.242 14.127 13.94 13.783 13.685 13.608 13.525 13.448 13.375 13.308 13.245 13.188 13.143 13.097 13.045 12.998 12.953 12.918 12.892 12.865 12.835 12.805 12.767 12.718 12.675 12.74 12.892 13.03 13.125 13.067 12.89 12.697 12.49 12.433 12.5 12.5 12.438 12.4 12.413 12.425
16.315 16.247 16.182 16.115 16 15.837 15.75 15.707 15.61 15.47 15.28 15.078 15 15.117 15.22 15.192 15.13 15.047 14.98 14.95 14.93 14.902 14.865 14.837 14.815 14.78 14.74 14.7 14.657 14.61 14.55 14.485 14.427 14.37 14.257 14.08 13.895 13.748 13.653 13.577 13.502 13.43 13.36 13.295 13.233 13.175 13.125 13.08 13.035 12.99 12.955 12.93 12.902 12.87 12.837 12.79 12.733 12.68 12.718 12.837 12.945 12.99 12.915 12.772 12.615 12.443 12.363 12.35 12.295 12.26 12.275 12.305 12.333
16.437 16.355 16.255 16.115 15.912 15.715 15.648 15.66 15.647 15.552 15.382 15.187 15.065 15.1 15.197 15.24 15.195 15.105 15.033 14.995 14.977 14.95 14.91 14.885 14.87 14.85 14.817 14.772 14.727 14.68 14.625 14.56 14.492 14.42 14.312 14.16 13.985 13.815 13.7 13.627 13.552 13.477 13.405 13.34 13.277 13.213 13.16 13.117 13.072 13.022 12.98 12.95 12.917 12.885 12.852 12.807 12.752 12.69 12.66 12.715 12.815 12.832 12.73 12.59 12.458 12.34 12.253 12.195 12.173 12.22 12.287 12.327 12.357
16.507 16.38 16.2 15.98 15.738 15.575 15.543 15.555 15.532 15.437 15.302 15.152 15.035 15.01 15.065 15.13 15.142 15.125 15.082 15.035 15 14.95 14.905 14.878 14.858 14.85 14.827 14.782 14.735 14.682 14.627 14.57 14.507 14.425 14.315 14.185 14.03 13.865 13.748 13.672 13.597 13.517 13.443 13.378 13.313 13.25 13.2 13.155 13.102 13.04 12.988 12.95 12.915 12.882 12.85 12.815 12.772 12.715 12.628 12.603 12.68 12.675 12.55 12.42 12.31 12.22 12.143 12.098 12.133 12.225 12.3 12.345 12.38
16.49 16.282 16.04 15.8 15.565 15.44 15.437 15.422 15.335 15.203 15.095 15.028 15.013 15.035 15.05 15.06 15.08 15.112 15.105 15.05 14.99 14.935 14.898 14.873 14.848 14.83 14.808 14.77 14.728 14.678 14.625 14.575 14.517 14.427 14.31 14.19 14.057 13.908 13.793 13.717 13.637 13.553 13.48 13.415 13.35 13.29 13.237 13.185 13.12 13.048 12.99 12.95 12.913 12.878 12.845 12.815 12.782 12.732 12.63 12.53 12.538 12.507 12.385 12.285 12.2 12.123 12.08 12.09 12.15 12.24 12.31 12.355 12.395
16.35 16.108 15.865 15.623 15.408 15.32 15.307 15.232 15.118 15.035 15.01 15.023 15.048 15.072 15.095 15.11 15.12 15.133 15.127 15.065 14.978 14.923 14.893 14.87 14.853 14.838 14.815 14.783 14.748 14.713 14.665 14.605 14.543 14.45 14.328 14.205 14.08 13.95 13.845 13.765 13.68 13.593 13.52 13.455 13.39 13.328 13.265 13.203 13.135 13.063 13.003 12.958 12.913 12.875 12.845 12.818 12.793 12.757 12.662 12.523 12.435 12.36 12.265 12.188 12.128 12.105 12.133 12.178 12.225 12.295 12.355 12.393 12.425
16.175 15.93 15.69 15.448 15.268 15.195 15.128 15.048 15.005 15.003 15.03 15.057 15.083 15.108 15.132 15.155 15.17 15.18 15.172 15.102 15.01 14.968 14.953 14.94 14.933 14.913 14.88 14.85 14.82 14.795 14.75 14.68 14.61 14.518 14.398 14.275 14.15 14.03 13.933 13.848 13.76 13.663 13.578 13.51 13.445 13.385 13.315 13.243 13.175 13.108 13.05 13 12.953 12.918 12.885 12.855 12.835 12.81 12.722 12.572 12.395 12.258 12.18 12.138 12.15 12.2 12.255 12.292 12.33 12.388 12.442 12.475 12.5
16.088 15.785 15.513 15.27 15.115 15.053 15 14.988 15.013 15.038 15.063 15.09 15.117 15.142 15.167 15.192 15.215 15.23 15.22 15.155 15.095 15.088 15.088 15.082 15.062 15.015 14.97 14.94 14.91 14.885 14.84 14.77 14.7 14.615 14.505 14.385 14.263 14.145 14.048 13.96 13.862 13.748 13.65 13.583 13.523 13.47 13.4 13.315 13.24 13.173 13.115 13.068 13.033 13.012 12.98 12.938 12.908 12.882 12.797 12.617 12.37 12.198 12.163 12.193 12.26 12.325 12.372 12.407 12.44 12.485 12.537 12.572 12.595
