EGM722_Project_Data/DTM_asc/TL4558.asc
ncols         200
nrows         200
xllcorner     545000.000
yllcorner     258000.000
cellsize      5
NODATA_value  -9999.0
[rows 66 to 98 of 200, columns 0 to 73 of 200]
9.492 9.405 9.31 9.207 9.115 9.037 8.955 8.862 8.77 8.678 8.685 8.787 8.865 8.918 8.965 8.987 8.945 8.862 8.775 8.687 8.602 8.517 8.442 8.373 8.333 8.343 8.373 8.405 8.435 8.467 8.477 8.46 8.422 8.368 8.315 8.263 8.228 8.235 8.25 8.238 8.223 8.215 8.208 8.202 8.197 8.19 8.18 8.165 8.175 8.235 8.315 8.395 8.475 8.542 8.592 8.637 8.682 8.72 8.757 8.8 8.837 8.89 8.947 8.987 9.025 9.06 9.07 9.055 9.037 9.028 9.035 9.06 9.088 9.113
9.475 9.385 9.292 9.175 9.063 8.987 8.92 8.837 8.742 8.65 8.67 8.812 8.95 9.047 9.08 9.037 8.962 8.88 8.79 8.7 8.61 8.533 8.47 8.405 8.358 8.373 8.417 8.45 8.48 8.512 8.52 8.492 8.447 8.392 8.338 8.285 8.238 8.22 8.227 8.22 8.205 8.198 8.193 8.188 8.183 8.183 8.188 8.19 8.21 8.265 8.34 8.42 8.487 8.54 8.59 8.645 8.695 8.727 8.765 8.812 8.862 8.92 8.975 9.022 9.067 9.11 9.122 9.105 9.095 9.105 9.125 9.148 9.172 9.198
9.455 9.362 9.257 9.11 8.98 8.91 8.855 8.792 8.71 8.625 8.658 8.81 8.96 9.085 9.112 9.025 8.94 8.87 8.78 8.69 8.603 8.538 8.487 8.427 8.368 8.38 8.45 8.495 8.525 8.555 8.557 8.522 8.472 8.417 8.363 8.308 8.255 8.215 8.205 8.2 8.188 8.183 8.18 8.185 8.193 8.203 8.223 8.245 8.268 8.303 8.365 8.435 8.485 8.53 8.578 8.62 8.65 8.673 8.71 8.765 8.83 8.895 8.95 9.003 9.058 9.107 9.128 9.13 9.15 9.185 9.215 9.235 9.258 9.283
9.41 9.315 9.192 9.033 8.898 8.82 8.765 8.712 8.652 8.598 8.638 8.767 8.89 9 9.047 8.98 8.905 8.852 8.767 8.675 8.598 8.545 8.502 8.45 8.385 8.383 8.455 8.525 8.57 8.597 8.592 8.547 8.495 8.442 8.388 8.333 8.28 8.228 8.193 8.18 8.18 8.188 8.198 8.215 8.233 8.248 8.27 8.307 8.34 8.36 8.398 8.445 8.488 8.535 8.578 8.603 8.62 8.643 8.683 8.743 8.81 8.875 8.933 8.993 9.055 9.11 9.15 9.185 9.225 9.267 9.302 9.325 9.345 9.37
9.34 9.245 9.11 8.953 8.82 8.725 8.665 8.615 8.575 8.568 8.603 8.673 8.765 8.87 8.96 8.935 8.86 8.822 8.752 8.663 8.598 8.555 8.517 8.47 8.405 8.39 8.45 8.532 8.602 8.64 8.625 8.573 8.518 8.465 8.415 8.365 8.318 8.268 8.22 8.198 8.205 8.225 8.245 8.262 8.277 8.29 8.313 8.372 8.425 8.44 8.453 8.48 8.525 8.573 8.615 8.648 8.668 8.685 8.723 8.78 8.845 8.91 8.968 9.025 9.088 9.15 9.202 9.247 9.29 9.332 9.365 9.385 9.405 9.432
9.27 9.167 9.03 8.885 8.755 8.64 8.565 8.528 8.528 8.568 8.603 8.625 8.668 8.745 8.85 8.867 8.815 8.785 8.732 8.66 8.605 8.568 8.532 8.485 8.423 8.398 8.448 8.533 8.617 8.67 8.662 8.62 8.57 8.52 8.475 8.43 8.385 8.343 8.3 8.268 8.26 8.275 8.292 8.307 8.32 8.323 8.35 8.435 8.507 8.53 8.533 8.545 8.583 8.628 8.675 8.72 8.755 8.78 8.813 8.863 8.923 8.985 9.04 9.09 9.145 9.205 9.255 9.3 9.345 9.387 9.41 9.418 9.438 9.47
9.177 9.09 8.957 8.825 8.695 8.568 8.49 8.488 8.53 8.59 8.635 8.65 8.655 8.683 8.74 8.78 8.77 8.743 8.707 8.66 8.617 8.582 8.545 8.497 8.448 8.428 8.475 8.563 8.64 8.667 8.665 8.662 8.645 8.612 8.567 8.523 8.478 8.435 8.395 8.355 8.325 8.323 8.337 8.347 8.347 8.345 8.393 8.495 8.582 8.62 8.62 8.618 8.64 8.685 8.732 8.778 8.825 8.865 8.902 8.952 9.005 9.06 9.115 9.165 9.215 9.265 9.31 9.355 9.403 9.447 9.465 9.46 9.475 9.51
9.075 8.995 8.865 8.732 8.6 8.478 8.44 8.493 8.555 8.612 8.662 8.687 8.692 8.698 8.708 8.73 8.735 8.718 8.685 8.635 8.595 8.562 8.527 8.512 8.497 8.483 8.53 8.617 8.657 8.63 8.618 8.64 8.657 8.66 8.645 8.615 8.57 8.525 8.485 8.447 8.41 8.382 8.382 8.385 8.373 8.378 8.445 8.553 8.652 8.707 8.71 8.697 8.705 8.742 8.787 8.833 8.88 8.925 8.97 9.025 9.08 9.137 9.195 9.245 9.295 9.34 9.378 9.42 9.467 9.512 9.53 9.518 9.518 9.548
8.967 8.88 8.745 8.603 8.47 8.385 8.41 8.497 8.575 8.637 8.692 8.722 8.728 8.733 8.738 8.743 8.743 8.735 8.687 8.605 8.54 8.5 8.473 8.5 8.542 8.543 8.585 8.65 8.64 8.583 8.565 8.585 8.607 8.632 8.652 8.657 8.647 8.617 8.57 8.52 8.47 8.418 8.418 8.445 8.443 8.463 8.535 8.633 8.73 8.78 8.772 8.755 8.757 8.792 8.84 8.885 8.928 8.973 9.02 9.075 9.138 9.207 9.275 9.33 9.38 9.425 9.46 9.495 9.535 9.577 9.597 9.59 9.598 9.633
8.845 8.775 8.635 8.47 8.35 8.328 8.4 8.49 8.577 8.655 8.72 8.755 8.765 8.77 8.772 8.775 8.777 8.77 8.707 8.605 8.51 8.443 8.42 8.47 8.555 8.592 8.63 8.647 8.6 8.54 8.515 8.53 8.553 8.578 8.602 8.627 8.66 8.66 8.61 8.547 8.482 8.418 8.44 8.507 8.525 8.565 8.645 8.715 8.762 8.777 8.762 8.745 8.763 8.822 8.882 8.932 8.975 9.02 9.07 9.128 9.195 9.27 9.35 9.415 9.465 9.51 9.547 9.58 9.613 9.648 9.668 9.68 9.723 9.775
8.725 8.67 8.54 8.353 8.258 8.295 8.385 8.475 8.565 8.652 8.732 8.785 8.802 8.805 8.805 8.807 8.812 8.795 8.72 8.615 8.51 8.413 8.383 8.445 8.542 8.62 8.647 8.615 8.555 8.495 8.463 8.473 8.497 8.523 8.553 8.59 8.637 8.655 8.612 8.55 8.485 8.42 8.44 8.535 8.595 8.64 8.692 8.715 8.715 8.713 8.705 8.693 8.74 8.837 8.91 8.967 9.02 9.07 9.123 9.188 9.26 9.333 9.415 9.492 9.547 9.59 9.63 9.667 9.7 9.73 9.758 9.798 9.865 9.927
8.605 8.555 8.448 8.298 8.24 8.295 8.385 8.475 8.565 8.653 8.74 8.807 8.832 8.835 8.832 8.827 8.822 8.792 8.71 8.602 8.495 8.393 8.353 8.41 8.507 8.605 8.625 8.567 8.51 8.45 8.413 8.418 8.443 8.478 8.523 8.575 8.63 8.652 8.615 8.55 8.487 8.423 8.425 8.537 8.642 8.677 8.685 8.683 8.678 8.675 8.673 8.675 8.748 8.86 8.935 8.995 9.055 9.115 9.178 9.25 9.325 9.395 9.475 9.565 9.632 9.673 9.71 9.75 9.788 9.825 9.873 9.937 10.012 10.075
8.505 8.465 8.415 8.363 8.323 8.34 8.418 8.505 8.595 8.677 8.747 8.805 8.837 8.842 8.83 8.81 8.795 8.76 8.675 8.565 8.463 8.375 8.333 8.373 8.463 8.555 8.572 8.517 8.462 8.408 8.365 8.368 8.408 8.46 8.515 8.57 8.627 8.65 8.61 8.542 8.48 8.42 8.425 8.545 8.667 8.712 8.723 8.725 8.723 8.72 8.718 8.733 8.813 8.91 8.975 9.038 9.1 9.163 9.233 9.307 9.38 9.455 9.54 9.635 9.722 9.782 9.825 9.865 9.905 9.933 9.972 10.042 10.115 10.177
8.455 8.44 8.443 8.447 8.43 8.418 8.463 8.547 8.622 8.685 8.737 8.782 8.822 8.835 8.81 8.775 8.755 8.722 8.64 8.535 8.445 8.365 8.318 8.343 8.42 8.502 8.515 8.463 8.408 8.36 8.335 8.355 8.41 8.468 8.523 8.58 8.635 8.655 8.605 8.525 8.46 8.425 8.46 8.578 8.705 8.767 8.787 8.802 8.812 8.815 8.813 8.83 8.9 8.972 9.028 9.092 9.155 9.218 9.288 9.36 9.435 9.52 9.61 9.705 9.807 9.9 9.967 10.015 10.055 10.045 10.045 10.11 10.177 10.24
8.455 8.46 8.47 8.48 8.49 8.485 8.505 8.565 8.617 8.665 8.713 8.758 8.802 8.827 8.805 8.758 8.723 8.685 8.61 8.52 8.44 8.36 8.303 8.318 8.385 8.45 8.455 8.413 8.375 8.343 8.348 8.39 8.44 8.49 8.543 8.595 8.64 8.667 8.615 8.513 8.45 8.458 8.525 8.623 8.74 8.81 8.833 8.857 8.88 8.895 8.902 8.925 8.977 9.03 9.083 9.145 9.208 9.273 9.34 9.413 9.495 9.585 9.678 9.778 9.882 9.987 10.082 10.155 10.192 10.142 10.113 10.172 10.237 10.3
8.46 8.467 8.472 8.477 8.485 8.5 8.527 8.565 8.608 8.653 8.695 8.738 8.78 8.815 8.805 8.758 8.713 8.663 8.593 8.512 8.435 8.355 8.288 8.293 8.358 8.415 8.423 8.395 8.375 8.365 8.39 8.44 8.485 8.53 8.578 8.618 8.653 8.687 8.645 8.528 8.473 8.513 8.59 8.673 8.78 8.855 8.878 8.903 8.928 8.952 8.975 9.005 9.05 9.098 9.148 9.203 9.263 9.325 9.393 9.472 9.56 9.65 9.745 9.85 9.955 10.06 10.165 10.262 10.295 10.215 10.173 10.227 10.295 10.36
8.432 8.437 8.44 8.44 8.453 8.493 8.537 8.575 8.615 8.655 8.695 8.735 8.775 8.815 8.812 8.768 8.728 8.68 8.598 8.503 8.423 8.345 8.275 8.278 8.345 8.405 8.422 8.407 8.39 8.398 8.437 8.485 8.53 8.573 8.628 8.675 8.71 8.75 8.717 8.603 8.56 8.608 8.665 8.735 8.832 8.9 8.923 8.95 8.978 9.005 9.035 9.075 9.125 9.175 9.225 9.275 9.33 9.388 9.445 9.517 9.602 9.69 9.785 9.89 10 10.112 10.227 10.337 10.365 10.273 10.218 10.265 10.335 10.405
8.39 8.393 8.398 8.408 8.448 8.507 8.552 8.588 8.625 8.665 8.705 8.743 8.78 8.82 8.822 8.788 8.762 8.722 8.625 8.505 8.41 8.333 8.273 8.28 8.348 8.41 8.427 8.415 8.4 8.412 8.452 8.493 8.548 8.618 8.705 8.772 8.81 8.85 8.822 8.725 8.7 8.745 8.785 8.838 8.902 8.947 8.975 9.005 9.038 9.07 9.103 9.148 9.202 9.255 9.305 9.355 9.41 9.467 9.5 9.535 9.605 9.69 9.788 9.895 10.005 10.12 10.242 10.36 10.405 10.325 10.26 10.293 10.355 10.427
8.35 8.35 8.358 8.398 8.467 8.525 8.565 8.6 8.635 8.675 8.715 8.75 8.785 8.825 8.835 8.818 8.807 8.767 8.665 8.535 8.415 8.32 8.278 8.3 8.36 8.417 8.43 8.41 8.388 8.395 8.438 8.498 8.585 8.693 8.805 8.885 8.922 8.955 8.93 8.853 8.84 8.88 8.92 8.957 8.98 9.005 9.04 9.07 9.103 9.138 9.177 9.225 9.277 9.332 9.385 9.437 9.492 9.55 9.567 9.555 9.595 9.683 9.785 9.892 9.998 10.108 10.22 10.33 10.395 10.357 10.313 10.328 10.375 10.443
8.318 8.313 8.343 8.42 8.492 8.535 8.575 8.612 8.648 8.685 8.725 8.763 8.803 8.85 8.87 8.86 8.852 8.807 8.702 8.575 8.445 8.33 8.295 8.335 8.388 8.427 8.425 8.39 8.358 8.383 8.463 8.563 8.675 8.787 8.9 8.967 8.995 9.027 9.025 8.973 8.958 8.995 9.025 9.04 9.043 9.068 9.11 9.14 9.17 9.202 9.242 9.287 9.332 9.38 9.435 9.497 9.56 9.622 9.642 9.61 9.608 9.678 9.785 9.893 10.003 10.118 10.228 10.323 10.375 10.378 10.37 10.375 10.405 10.463
8.295 8.298 8.365 8.452 8.512 8.548 8.585 8.625 8.663 8.7 8.745 8.795 8.848 8.907 8.932 8.915 8.9 8.847 8.737 8.61 8.495 8.398 8.36 8.395 8.442 8.465 8.443 8.398 8.38 8.438 8.545 8.657 8.77 8.88 8.99 9.03 9.018 9.035 9.07 9.067 9.062 9.09 9.1 9.1 9.098 9.125 9.175 9.205 9.225 9.245 9.267 9.3 9.34 9.38 9.437 9.51 9.577 9.652 9.71 9.7 9.67 9.71 9.813 9.928 10.043 10.16 10.277 10.365 10.405 10.428 10.44 10.445 10.46 10.505
8.3 8.325 8.405 8.477 8.525 8.563 8.6 8.645 8.695 8.745 8.8 8.86 8.92 8.982 9.007 8.98 8.95 8.89 8.783 8.673 8.583 8.508 8.458 8.47 8.51 8.52 8.49 8.45 8.465 8.54 8.64 8.75 8.86 8.97 9.08 9.102 9.035 9.015 9.065 9.112 9.135 9.145 9.147 9.152 9.152 9.18 9.227 9.247 9.252 9.26 9.27 9.29 9.323 9.363 9.423 9.495 9.563 9.65 9.76 9.795 9.775 9.81 9.893 9.99 10.098 10.215 10.335 10.425 10.472 10.502 10.517 10.525 10.535 10.57
8.348 8.378 8.437 8.495 8.54 8.59 8.64 8.695 8.755 8.815 8.875 8.935 8.995 9.055 9.085 9.057 9.007 8.947 8.865 8.78 8.7 8.623 8.553 8.543 8.57 8.57 8.54 8.52 8.563 8.64 8.735 8.845 8.953 9.06 9.167 9.172 9.073 9.015 9.045 9.105 9.14 9.145 9.145 9.152 9.165 9.212 9.262 9.273 9.268 9.27 9.28 9.295 9.315 9.348 9.405 9.478 9.55 9.65 9.785 9.87 9.898 9.945 10.013 10.083 10.168 10.27 10.38 10.475 10.545 10.582 10.595 10.605 10.615 10.64
8.407 8.427 8.465 8.515 8.57 8.632 8.695 8.755 8.817 8.88 8.942 9.005 9.065 9.125 9.155 9.105 9.022 8.995 8.96 8.882 8.807 8.732 8.658 8.623 8.625 8.62 8.595 8.605 8.67 8.745 8.835 8.94 9.047 9.155 9.245 9.227 9.125 9.038 9.023 9.065 9.103 9.125 9.12 9.113 9.15 9.235 9.302 9.313 9.298 9.29 9.298 9.315 9.33 9.358 9.415 9.485 9.558 9.668 9.81 9.935 10.017 10.077 10.142 10.207 10.275 10.348 10.43 10.523 10.61 10.66 10.675 10.685 10.695 10.71
8.43 8.445 8.445 8.465 8.527 8.592 8.655 8.717 8.782 8.847 8.912 8.975 9.035 9.095 9.127 9.062 8.98 9.02 9.037 8.965 8.895 8.825 8.77 8.725 8.685 8.665 8.663 8.705 8.78 8.855 8.938 9.035 9.137 9.22 9.252 9.2 9.103 9.045 9.05 9.078 9.103 9.125 9.125 9.128 9.193 9.295 9.362 9.375 9.363 9.35 9.353 9.373 9.4 9.443 9.505 9.575 9.653 9.765 9.905 10.035 10.13 10.195 10.26 10.325 10.382 10.435 10.498 10.585 10.67 10.722 10.745 10.755 10.765 10.773
8.43 8.435 8.403 8.365 8.403 8.465 8.528 8.592 8.655 8.72 8.785 8.845 8.902 8.96 9.01 8.967 8.93 9.032 9.097 9.047 8.975 8.92 8.895 8.855 8.788 8.733 8.738 8.802 8.877 8.955 9.032 9.105 9.167 9.21 9.19 9.113 9.063 9.088 9.142 9.17 9.18 9.188 9.195 9.218 9.28 9.367 9.427 9.445 9.44 9.433 9.445 9.48 9.525 9.58 9.645 9.723 9.815 9.925 10.05 10.16 10.24 10.305 10.367 10.425 10.47 10.513 10.57 10.652 10.725 10.772 10.802 10.815 10.822 10.823
8.465 8.44 8.397 8.308 8.28 8.338 8.402 8.465 8.527 8.59 8.65 8.71 8.765 8.82 8.88 8.868 8.888 9.027 9.137 9.13 9.07 9.053 9.045 8.997 8.92 8.838 8.805 8.848 8.917 8.99 9.052 9.095 9.127 9.152 9.125 9.088 9.115 9.18 9.245 9.28 9.29 9.3 9.312 9.33 9.37 9.438 9.492 9.51 9.515 9.53 9.565 9.615 9.665 9.72 9.788 9.873 9.97 10.075 10.182 10.275 10.347 10.407 10.462 10.51 10.55 10.59 10.645 10.717 10.775 10.818 10.857 10.88 10.88 10.868
8.533 8.483 8.422 8.3 8.198 8.213 8.275 8.335 8.398 8.455 8.51 8.57 8.625 8.68 8.74 8.78 8.868 9.02 9.162 9.215 9.203 9.212 9.197 9.132 9.042 8.95 8.888 8.88 8.913 8.958 8.998 9.033 9.07 9.098 9.108 9.14 9.203 9.27 9.345 9.39 9.4 9.41 9.42 9.433 9.465 9.52 9.568 9.595 9.623 9.66 9.705 9.755 9.805 9.86 9.93 10.017 10.11 10.205 10.297 10.382 10.45 10.497 10.542 10.585 10.627 10.67 10.72 10.775 10.822 10.865 10.907 10.937 10.935 10.915
8.61 8.547 8.462 8.327 8.173 8.113 8.16 8.228 8.293 8.355 8.42 8.488 8.55 8.613 8.68 8.77 8.91 9.07 9.217 9.302 9.327 9.35 9.33 9.255 9.163 9.07 9 8.96 8.953 8.975 9.005 9.038 9.073 9.11 9.163 9.225 9.288 9.36 9.442 9.495 9.51 9.515 9.513 9.528 9.573 9.63 9.68 9.72 9.76 9.8 9.845 9.895 9.942 9.987 10.055 10.145 10.235 10.322 10.407 10.485 10.537 10.577 10.62 10.66 10.703 10.745 10.775 10.805 10.847 10.89 10.93 10.967 10.977 10.96
8.68 8.595 8.485 8.35 8.188 8.08 8.1 8.178 8.253 8.328 8.405 8.482 8.555 8.628 8.705 8.815 8.982 9.165 9.305 9.377 9.412 9.437 9.427 9.372 9.29 9.2 9.125 9.073 9.043 9.05 9.08 9.11 9.143 9.183 9.243 9.312 9.378 9.453 9.537 9.597 9.615 9.603 9.6 9.64 9.703 9.77 9.822 9.86 9.898 9.938 9.985 10.03 10.062 10.09 10.158 10.257 10.35 10.435 10.515 10.575 10.613 10.653 10.695 10.735 10.777 10.8 10.795 10.81 10.847 10.885 10.925 10.97 11.002 11
8.725 8.615 8.5 8.385 8.233 8.098 8.088 8.16 8.24 8.32 8.397 8.475 8.553 8.643 8.743 8.858 9.015 9.197 9.36 9.45 9.487 9.5 9.49 9.465 9.41 9.33 9.258 9.202 9.148 9.13 9.155 9.185 9.218 9.253 9.313 9.392 9.468 9.545 9.63 9.697 9.71 9.685 9.693 9.753 9.835 9.92 9.97 10 10.035 10.075 10.117 10.142 10.157 10.18 10.25 10.36 10.46 10.545 10.612 10.655 10.69 10.73 10.77 10.81 10.832 10.812 10.793 10.813 10.845 10.88 10.92 10.965 11.012 11.035
8.768 8.66 8.555 8.455 8.305 8.143 8.09 8.14 8.217 8.295 8.373 8.46 8.565 8.68 8.792 8.903 9.04 9.205 9.377 9.507 9.557 9.555 9.54 9.525 9.497 9.45 9.387 9.32 9.248 9.215 9.235 9.265 9.295 9.328 9.388 9.47 9.558 9.648 9.735 9.795 9.8 9.808 9.85 9.925 10.033 10.115 10.145 10.175 10.205 10.213 10.222 10.232 10.245 10.27 10.34 10.455 10.565 10.647 10.7 10.735 10.77 10.807 10.845 10.867 10.847 10.803 10.79 10.815 10.845 10.878 10.915 10.96 11.01 11.055
8.835 8.742 8.645 8.545 8.422 8.25 8.12 8.123 8.193 8.28 8.385 8.505 8.632 8.745 8.845 8.948 9.08 9.24 9.387 9.475 9.51 9.517 9.502 9.485 9.47 9.477 9.47 9.41 9.333 9.295 9.313 9.345 9.375 9.413 9.475 9.56 9.663 9.765 9.852 9.89 9.923 10.015 10.103 10.195 10.297 10.34 10.343 10.372 10.412 10.38 10.32 10.315 10.337 10.363 10.43 10.54 10.637 10.702 10.747 10.787 10.827 10.867 10.9 10.895 10.853 10.81 10.808 10.84 10.87 10.9 10.933 10.975 11.025 11.078
