EGM722_Project_Data/DTM_asc/TL4559.asc
ncols         200
nrows         200
xllcorner     545000.000
yllcorner     259000.000
cellsize      5
NODATA_value  -9999.0
[rows 35 to 69 of 200, columns 78 to 155 of 200]
10.825 10.905 10.985 11.065 11.112 11.122 11.125 11.125 11.155 11.223 11.31 11.41 11.497 11.555 11.57 11.55 11.502 11.412 11.303 11.203 11.19 11.255 11.287 11.27 11.212 11.125 11.02 10.9 10.76 10.607 10.455 10.29 10.148 10.037 9.925 9.818 9.76 9.74 9.685 9.59 9.508 9.46 9.41 9.35 9.315 9.315 9.307 9.265 9.205 9.115 9.025 8.998 9 9.005 9.018 9.033 9.055 9.08 9.095 9.1 9.095 9.08 9.05 8.997 8.91 8.778 8.665 8.62 8.6 8.583 8.57 8.555 8.527 8.492 8.457 8.42 8.4 8.42
10.743 10.818 10.893 10.967 11.005 11.008 11.03 11.07 11.123 11.198 11.29 11.39 11.475 11.53 11.56 11.557 11.5 11.392 11.273 11.18 11.162 11.175 11.15 11.11 11.062 10.995 10.902 10.785 10.645 10.487 10.315 10.123 9.963 9.845 9.73 9.625 9.57 9.565 9.552 9.505 9.455 9.425 9.385 9.333 9.308 9.315 9.317 9.297 9.24 9.142 9.053 9.02 9.02 9.02 9.025 9.03 9.035 9.04 9.037 9.027 9.002 8.965 8.925 8.877 8.788 8.678 8.623 8.605 8.585 8.563 8.545 8.52 8.473 8.418 8.373 8.338 8.318 8.345
10.67 10.735 10.805 10.873 10.925 10.965 11.025 11.105 11.17 11.225 11.29 11.373 11.452 11.505 11.542 11.555 11.495 11.375 11.245 11.138 11.073 11.03 10.99 10.95 10.907 10.85 10.772 10.667 10.52 10.34 10.148 9.955 9.793 9.66 9.54 9.435 9.383 9.385 9.4 9.407 9.395 9.375 9.35 9.317 9.297 9.292 9.28 9.25 9.205 9.14 9.07 9.037 9.03 9.022 9.017 9.012 9.002 8.977 8.96 8.942 8.9 8.85 8.803 8.755 8.688 8.63 8.608 8.59 8.57 8.547 8.525 8.487 8.428 8.363 8.303 8.255 8.23 8.255
10.645 10.725 10.805 10.878 10.945 11.02 11.1 11.177 11.242 11.295 11.34 11.393 11.437 11.47 11.51 11.527 11.46 11.327 11.192 11.065 10.963 10.888 10.835 10.795 10.752 10.697 10.627 10.537 10.395 10.208 10.02 9.838 9.673 9.53 9.395 9.283 9.243 9.265 9.3 9.325 9.32 9.305 9.29 9.275 9.26 9.24 9.22 9.187 9.14 9.09 9.042 9.012 8.995 8.977 8.962 8.947 8.92 8.883 8.873 8.865 8.822 8.765 8.71 8.67 8.638 8.61 8.59 8.572 8.552 8.53 8.507 8.463 8.395 8.328 8.26 8.198 8.158 8.18
10.705 10.813 10.905 10.985 11.045 11.103 11.175 11.252 11.32 11.372 11.41 11.432 11.433 11.435 11.465 11.477 11.395 11.253 11.118 10.993 10.885 10.788 10.705 10.648 10.597 10.532 10.455 10.37 10.257 10.11 9.937 9.753 9.59 9.448 9.315 9.21 9.173 9.198 9.235 9.252 9.24 9.225 9.21 9.195 9.19 9.182 9.162 9.125 9.075 9.028 8.985 8.95 8.925 8.905 8.887 8.865 8.815 8.778 8.785 8.79 8.755 8.698 8.658 8.643 8.623 8.593 8.57 8.555 8.535 8.51 8.492 8.46 8.4 8.33 8.26 8.203 8.163 8.16
10.805 10.925 11.025 11.105 11.16 11.205 11.263 11.33 11.395 11.437 11.452 11.447 11.43 11.418 11.425 11.425 11.332 11.18 11.04 10.918 10.815 10.715 10.615 10.528 10.44 10.348 10.263 10.177 10.085 9.975 9.837 9.67 9.508 9.378 9.275 9.185 9.133 9.138 9.167 9.177 9.16 9.145 9.13 9.11 9.108 9.117 9.105 9.065 9.018 8.975 8.935 8.893 8.855 8.833 8.812 8.77 8.708 8.683 8.7 8.712 8.688 8.65 8.643 8.64 8.617 8.583 8.553 8.533 8.513 8.493 8.48 8.462 8.422 8.36 8.305 8.278 8.25 8.213
10.905 11.03 11.14 11.225 11.28 11.325 11.372 11.422 11.457 11.465 11.46 11.447 11.43 11.415 11.405 11.38 11.275 11.113 10.965 10.845 10.745 10.632 10.518 10.43 10.323 10.193 10.08 9.983 9.893 9.795 9.69 9.568 9.44 9.34 9.255 9.168 9.105 9.088 9.1 9.1 9.08 9.065 9.05 9.03 9.023 9.038 9.04 9.008 8.965 8.923 8.88 8.838 8.795 8.763 8.725 8.658 8.6 8.595 8.62 8.645 8.645 8.64 8.65 8.642 8.613 8.578 8.545 8.515 8.493 8.478 8.465 8.452 8.432 8.402 8.385 8.382 8.352 8.295
11.005 11.13 11.25 11.345 11.4 11.44 11.465 11.475 11.455 11.417 11.397 11.385 11.372 11.36 11.345 11.31 11.205 11.045 10.895 10.762 10.637 10.508 10.405 10.347 10.25 10.1 9.958 9.83 9.74 9.673 9.598 9.525 9.448 9.365 9.28 9.183 9.105 9.065 9.048 9.038 9.023 9.01 8.998 8.985 8.975 8.985 8.992 8.965 8.925 8.88 8.835 8.795 8.758 8.72 8.655 8.575 8.543 8.56 8.593 8.628 8.65 8.658 8.662 8.65 8.618 8.585 8.555 8.515 8.483 8.468 8.455 8.442 8.427 8.42 8.422 8.425 8.392 8.327
11.125 11.243 11.36 11.45 11.482 11.487 11.48 11.455 11.402 11.33 11.285 11.27 11.257 11.245 11.23 11.202 11.112 10.962 10.802 10.635 10.483 10.378 10.323 10.28 10.18 10.03 9.882 9.735 9.65 9.63 9.61 9.575 9.512 9.432 9.332 9.215 9.13 9.083 9.045 9.02 9.005 8.995 8.988 8.98 8.968 8.97 8.967 8.935 8.892 8.848 8.805 8.775 8.758 8.72 8.645 8.575 8.558 8.585 8.62 8.655 8.68 8.685 8.682 8.668 8.64 8.61 8.572 8.52 8.478 8.46 8.447 8.43 8.41 8.4 8.4 8.402 8.375 8.318
11.27 11.38 11.48 11.545 11.54 11.495 11.455 11.417 11.36 11.27 11.19 11.155 11.14 11.122 11.105 11.082 11.005 10.865 10.69 10.493 10.353 10.295 10.26 10.212 10.11 9.96 9.807 9.655 9.578 9.58 9.59 9.585 9.555 9.477 9.352 9.238 9.165 9.12 9.08 9.043 9.013 8.995 8.987 8.977 8.965 8.957 8.937 8.9 8.858 8.82 8.795 8.788 8.79 8.752 8.68 8.615 8.59 8.613 8.648 8.685 8.71 8.712 8.707 8.697 8.672 8.63 8.575 8.515 8.473 8.45 8.43 8.41 8.393 8.383 8.38 8.38 8.358 8.335
11.41 11.515 11.582 11.625 11.605 11.537 11.472 11.37 11.257 11.175 11.092 11.04 11.02 10.998 10.975 10.955 10.892 10.762 10.578 10.395 10.288 10.238 10.202 10.147 10.035 9.882 9.728 9.578 9.508 9.518 9.533 9.545 9.535 9.472 9.357 9.258 9.202 9.16 9.12 9.077 9.03 8.998 8.982 8.97 8.957 8.945 8.92 8.875 8.838 8.823 8.82 8.825 8.83 8.8 8.732 8.66 8.623 8.637 8.675 8.712 8.732 8.73 8.722 8.715 8.682 8.622 8.56 8.5 8.46 8.435 8.41 8.388 8.373 8.365 8.36 8.36 8.353 8.383
11.487 11.58 11.625 11.66 11.64 11.547 11.402 11.207 11.058 10.982 10.93 10.913 10.902 10.875 10.848 10.825 10.78 10.657 10.485 10.35 10.255 10.188 10.147 10.075 9.945 9.793 9.65 9.525 9.465 9.475 9.495 9.497 9.462 9.41 9.34 9.27 9.22 9.172 9.125 9.075 9.022 8.988 8.97 8.955 8.94 8.93 8.925 8.888 8.853 8.853 8.855 8.857 8.852 8.817 8.755 8.687 8.643 8.643 8.672 8.705 8.72 8.715 8.705 8.692 8.652 8.59 8.53 8.48 8.448 8.42 8.393 8.365 8.35 8.347 8.343 8.34 8.35 8.405
11.5 11.575 11.625 11.665 11.597 11.402 11.172 10.96 10.823 10.76 10.753 10.785 10.79 10.76 10.73 10.703 10.67 10.567 10.43 10.328 10.23 10.145 10.087 9.995 9.858 9.728 9.613 9.51 9.448 9.445 9.452 9.427 9.38 9.335 9.297 9.255 9.2 9.145 9.09 9.035 8.99 8.965 8.952 8.938 8.923 8.913 8.925 8.912 8.885 8.885 8.882 8.872 8.847 8.802 8.745 8.685 8.64 8.628 8.64 8.665 8.68 8.675 8.665 8.65 8.607 8.548 8.498 8.465 8.442 8.415 8.385 8.355 8.338 8.333 8.328 8.325 8.338 8.388
11.497 11.55 11.552 11.507 11.365 11.13 10.915 10.725 10.6 10.58 10.62 10.672 10.68 10.65 10.62 10.59 10.557 10.49 10.392 10.3 10.205 10.11 10.027 9.927 9.81 9.705 9.605 9.505 9.43 9.407 9.39 9.35 9.313 9.28 9.25 9.215 9.165 9.108 9.053 8.998 8.96 8.945 8.935 8.922 8.908 8.898 8.912 8.922 8.915 8.91 8.895 8.872 8.835 8.785 8.73 8.67 8.628 8.618 8.623 8.635 8.642 8.635 8.622 8.605 8.565 8.515 8.483 8.458 8.435 8.41 8.382 8.355 8.335 8.325 8.318 8.315 8.325 8.365
11.42 11.395 11.327 11.218 11.078 10.9 10.708 10.525 10.438 10.46 10.51 10.56 10.57 10.54 10.507 10.472 10.437 10.395 10.33 10.245 10.152 10.057 9.962 9.867 9.772 9.677 9.582 9.487 9.405 9.36 9.33 9.295 9.265 9.235 9.208 9.18 9.135 9.075 9.018 8.963 8.93 8.922 8.915 8.905 8.89 8.88 8.895 8.922 8.932 8.917 8.89 8.862 8.82 8.765 8.71 8.655 8.62 8.613 8.618 8.622 8.617 8.603 8.583 8.56 8.533 8.503 8.477 8.452 8.427 8.402 8.377 8.353 8.335 8.325 8.313 8.303 8.313 8.348
11.298 11.19 11.1 11.015 10.905 10.743 10.558 10.413 10.363 10.395 10.44 10.467 10.457 10.422 10.387 10.35 10.315 10.28 10.232 10.162 10.072 9.977 9.882 9.79 9.702 9.615 9.525 9.438 9.365 9.323 9.295 9.265 9.235 9.208 9.182 9.15 9.1 9.04 8.983 8.928 8.893 8.885 8.885 8.88 8.87 8.863 8.875 8.897 8.915 8.91 8.88 8.847 8.802 8.748 8.695 8.65 8.618 8.608 8.612 8.612 8.6 8.577 8.553 8.53 8.51 8.49 8.465 8.44 8.417 8.392 8.368 8.348 8.335 8.325 8.31 8.308 8.328 8.35
11.22 11.088 10.973 10.875 10.762 10.608 10.463 10.363 10.325 10.352 10.382 10.372 10.335 10.298 10.265 10.23 10.195 10.16 10.122 10.075 9.992 9.895 9.8 9.705 9.618 9.53 9.448 9.378 9.325 9.298 9.275 9.245 9.215 9.19 9.16 9.115 9.062 9.005 8.947 8.89 8.843 8.825 8.83 8.835 8.835 8.835 8.84 8.843 8.865 8.887 8.872 8.835 8.788 8.738 8.69 8.65 8.615 8.603 8.605 8.597 8.577 8.553 8.53 8.507 8.488 8.47 8.447 8.423 8.4 8.377 8.355 8.343 8.335 8.325 8.325 8.35 8.38 8.388
11.155 11.015 10.877 10.752 10.632 10.513 10.413 10.325 10.283 10.295 10.292 10.255 10.208 10.17 10.14 10.108 10.08 10.05 10.013 9.977 9.915 9.82 9.72 9.623 9.535 9.458 9.393 9.338 9.293 9.27 9.252 9.225 9.197 9.17 9.13 9.078 9.025 8.97 8.91 8.853 8.798 8.763 8.76 8.77 8.775 8.78 8.782 8.783 8.808 8.845 8.855 8.825 8.778 8.733 8.69 8.65 8.613 8.598 8.595 8.577 8.553 8.53 8.507 8.482 8.465 8.45 8.43 8.407 8.383 8.363 8.348 8.34 8.335 8.338 8.368 8.412 8.445 8.445
11.05 10.907 10.762 10.617 10.493 10.412 10.352 10.28 10.233 10.212 10.177 10.13 10.083 10.048 10.025 10.005 9.993 9.977 9.933 9.878 9.83 9.752 9.648 9.553 9.478 9.415 9.358 9.303 9.26 9.24 9.227 9.205 9.177 9.142 9.095 9.042 8.988 8.933 8.875 8.818 8.76 8.71 8.693 8.698 8.703 8.708 8.713 8.723 8.75 8.79 8.817 8.81 8.772 8.73 8.69 8.65 8.61 8.593 8.582 8.555 8.53 8.507 8.477 8.445 8.427 8.422 8.41 8.39 8.368 8.353 8.345 8.34 8.35 8.382 8.43 8.48 8.51 8.5
10.872 10.732 10.587 10.442 10.313 10.24 10.215 10.195 10.162 10.113 10.063 10.015 9.97 9.948 9.94 9.93 9.925 9.92 9.88 9.81 9.748 9.678 9.59 9.515 9.453 9.393 9.335 9.278 9.238 9.218 9.203 9.185 9.155 9.11 9.057 9 8.953 8.91 8.858 8.803 8.745 8.69 8.665 8.665 8.668 8.67 8.673 8.678 8.695 8.73 8.767 8.775 8.747 8.712 8.677 8.645 8.61 8.583 8.562 8.535 8.507 8.475 8.432 8.388 8.365 8.367 8.367 8.362 8.352 8.342 8.337 8.333 8.357 8.415 8.472 8.53 8.562 8.55
10.657 10.525 10.385 10.245 10.14 10.095 10.095 10.12 10.102 10.028 9.963 9.915 9.875 9.863 9.865 9.862 9.857 9.85 9.83 9.775 9.695 9.62 9.555 9.5 9.442 9.38 9.32 9.265 9.228 9.205 9.185 9.162 9.117 9.057 8.997 8.943 8.925 8.907 8.86 8.81 8.755 8.7 8.673 8.67 8.67 8.672 8.67 8.66 8.66 8.678 8.71 8.72 8.698 8.67 8.643 8.62 8.597 8.57 8.542 8.507 8.465 8.42 8.37 8.32 8.293 8.293 8.3 8.312 8.32 8.32 8.317 8.31 8.335 8.4 8.47 8.552 8.61 8.602
10.442 10.315 10.208 10.143 10.118 10.098 10.073 10.087 10.067 9.975 9.883 9.818 9.785 9.78 9.783 9.785 9.785 9.78 9.772 9.735 9.66 9.593 9.54 9.49 9.435 9.37 9.303 9.252 9.217 9.185 9.157 9.125 9.062 8.983 8.918 8.9 8.92 8.91 8.867 8.82 8.765 8.71 8.678 8.67 8.672 8.672 8.662 8.648 8.643 8.648 8.663 8.667 8.653 8.633 8.613 8.598 8.58 8.555 8.525 8.478 8.415 8.355 8.3 8.25 8.22 8.22 8.233 8.248 8.262 8.277 8.285 8.28 8.305 8.378 8.47 8.58 8.665 8.667
10.26 10.193 10.158 10.165 10.175 10.145 10.095 10.077 10.035 9.935 9.828 9.735 9.703 9.708 9.703 9.7 9.703 9.703 9.703 9.685 9.63 9.575 9.53 9.482 9.427 9.36 9.285 9.225 9.185 9.145 9.11 9.075 9.02 8.945 8.888 8.898 8.927 8.91 8.87 8.825 8.772 8.72 8.683 8.67 8.672 8.665 8.648 8.63 8.625 8.63 8.633 8.633 8.628 8.618 8.603 8.59 8.57 8.543 8.517 8.47 8.398 8.325 8.258 8.195 8.158 8.158 8.173 8.188 8.205 8.223 8.238 8.248 8.293 8.388 8.5 8.62 8.71 8.717
10.168 10.148 10.152 10.157 10.142 10.105 10.07 10.04 9.977 9.877 9.767 9.658 9.628 9.662 9.67 9.663 9.658 9.655 9.655 9.642 9.605 9.557 9.512 9.47 9.41 9.332 9.252 9.18 9.133 9.095 9.06 9.03 9.005 8.967 8.915 8.915 8.935 8.91 8.87 8.825 8.777 8.73 8.688 8.673 8.67 8.655 8.635 8.613 8.603 8.607 8.61 8.61 8.61 8.607 8.597 8.58 8.56 8.54 8.515 8.485 8.435 8.368 8.3 8.2 8.123 8.12 8.138 8.153 8.17 8.188 8.203 8.245 8.328 8.428 8.54 8.66 8.73 8.725
10.133 10.095 10.1 10.095 10.057 10.013 9.98 9.952 9.895 9.8 9.692 9.58 9.55 9.605 9.647 9.662 9.66 9.655 9.645 9.612 9.567 9.522 9.48 9.442 9.38 9.293 9.21 9.133 9.08 9.048 9.018 8.998 8.992 8.987 8.955 8.943 8.942 8.91 8.87 8.825 8.78 8.737 8.693 8.67 8.66 8.64 8.62 8.595 8.58 8.582 8.585 8.585 8.585 8.585 8.58 8.56 8.532 8.505 8.47 8.467 8.492 8.47 8.377 8.208 8.095 8.103 8.122 8.138 8.155 8.173 8.198 8.285 8.395 8.48 8.583 8.687 8.73 8.717
10.098 10.045 10.045 10.02 9.965 9.92 9.893 9.87 9.815 9.72 9.615 9.508 9.468 9.513 9.575 9.625 9.655 9.662 9.635 9.58 9.525 9.48 9.443 9.41 9.35 9.26 9.17 9.085 9.03 9.005 8.988 8.973 8.968 8.975 8.975 8.97 8.95 8.91 8.87 8.825 8.78 8.74 8.695 8.663 8.642 8.62 8.6 8.575 8.558 8.555 8.555 8.555 8.555 8.555 8.55 8.522 8.468 8.41 8.365 8.412 8.525 8.542 8.402 8.168 8.055 8.082 8.107 8.125 8.142 8.158 8.218 8.348 8.465 8.545 8.632 8.7 8.715 8.705
10.07 10 9.98 9.935 9.875 9.83 9.805 9.787 9.732 9.635 9.533 9.43 9.383 9.418 9.48 9.54 9.595 9.625 9.597 9.537 9.485 9.443 9.413 9.385 9.322 9.23 9.138 9.048 8.993 8.973 8.96 8.948 8.943 8.95 8.96 8.965 8.945 8.902 8.86 8.815 8.77 8.727 8.685 8.653 8.628 8.603 8.58 8.558 8.538 8.53 8.53 8.53 8.53 8.53 8.522 8.487 8.415 8.333 8.26 8.285 8.465 8.572 8.422 8.158 8.038 8.06 8.09 8.112 8.128 8.163 8.27 8.422 8.535 8.612 8.682 8.715 8.708 8.693
10.05 9.955 9.902 9.842 9.783 9.743 9.72 9.702 9.647 9.55 9.45 9.355 9.305 9.318 9.365 9.425 9.48 9.527 9.527 9.477 9.435 9.405 9.38 9.355 9.295 9.205 9.115 9.028 8.973 8.95 8.933 8.92 8.918 8.922 8.927 8.927 8.912 8.88 8.84 8.795 8.75 8.705 8.665 8.638 8.615 8.59 8.565 8.543 8.52 8.51 8.51 8.51 8.51 8.507 8.492 8.46 8.392 8.3 8.208 8.228 8.42 8.542 8.407 8.165 8.055 8.06 8.075 8.095 8.118 8.195 8.347 8.5 8.6 8.667 8.72 8.732 8.715 8.698
10.03 9.903 9.81 9.745 9.693 9.66 9.64 9.62 9.565 9.468 9.373 9.293 9.25 9.248 9.268 9.303 9.348 9.405 9.432 9.4 9.368 9.357 9.337 9.307 9.255 9.182 9.097 9.013 8.96 8.935 8.913 8.895 8.89 8.89 8.89 8.882 8.867 8.847 8.817 8.775 8.73 8.685 8.648 8.625 8.602 8.578 8.555 8.53 8.505 8.493 8.49 8.49 8.49 8.48 8.457 8.43 8.367 8.275 8.185 8.277 8.437 8.447 8.327 8.153 8.085 8.085 8.083 8.088 8.13 8.245 8.407 8.547 8.64 8.705 8.745 8.748 8.735 8.73
10 9.86 9.743 9.675 9.635 9.6 9.568 9.54 9.485 9.395 9.315 9.245 9.21 9.213 9.218 9.225 9.245 9.283 9.325 9.32 9.298 9.302 9.292 9.257 9.205 9.145 9.075 9 8.95 8.925 8.9 8.875 8.858 8.85 8.847 8.837 8.822 8.805 8.782 8.75 8.71 8.668 8.633 8.61 8.587 8.565 8.542 8.518 8.495 8.478 8.473 8.475 8.47 8.45 8.423 8.395 8.34 8.255 8.163 8.257 8.387 8.352 8.248 8.14 8.115 8.115 8.115 8.115 8.16 8.28 8.425 8.55 8.647 8.727 8.772 8.777 8.778 8.785
9.947 9.822 9.708 9.638 9.607 9.57 9.523 9.475 9.415 9.34 9.27 9.205 9.175 9.178 9.182 9.188 9.193 9.203 9.225 9.233 9.23 9.24 9.24 9.207 9.15 9.09 9.03 8.977 8.942 8.917 8.893 8.865 8.838 8.818 8.805 8.793 8.775 8.755 8.738 8.717 8.687 8.65 8.618 8.595 8.572 8.55 8.527 8.505 8.485 8.465 8.458 8.457 8.442 8.415 8.387 8.36 8.312 8.232 8.135 8.205 8.307 8.265 8.195 8.15 8.153 8.158 8.163 8.168 8.193 8.285 8.422 8.542 8.64 8.727 8.785 8.805 8.817 8.83
9.882 9.77 9.665 9.598 9.572 9.542 9.5 9.443 9.37 9.295 9.225 9.165 9.143 9.145 9.148 9.153 9.158 9.163 9.165 9.158 9.155 9.165 9.175 9.152 9.095 9.035 8.978 8.938 8.922 8.91 8.89 8.865 8.835 8.803 8.778 8.758 8.735 8.715 8.698 8.68 8.657 8.625 8.592 8.567 8.54 8.512 8.49 8.477 8.467 8.452 8.442 8.43 8.405 8.378 8.353 8.325 8.282 8.205 8.13 8.18 8.232 8.203 8.2 8.215 8.23 8.238 8.238 8.235 8.243 8.31 8.43 8.537 8.63 8.712 8.775 8.81 8.827 8.842
9.817 9.713 9.625 9.56 9.525 9.502 9.475 9.422 9.34 9.258 9.185 9.128 9.108 9.112 9.115 9.118 9.123 9.127 9.122 9.093 9.075 9.085 9.102 9.095 9.045 8.988 8.933 8.89 8.88 8.887 8.882 8.862 8.832 8.8 8.773 8.745 8.718 8.695 8.675 8.655 8.63 8.585 8.54 8.51 8.48 8.453 8.438 8.443 8.442 8.43 8.422 8.405 8.375 8.35 8.325 8.3 8.262 8.185 8.13 8.153 8.185 8.21 8.26 8.31 8.33 8.325 8.315 8.302 8.303 8.363 8.457 8.535 8.615 8.695 8.762 8.805 8.823 8.84
9.752 9.655 9.582 9.523 9.48 9.457 9.435 9.387 9.307 9.225 9.145 9.088 9.073 9.077 9.08 9.083 9.087 9.09 9.067 9.018 8.995 9.008 9.027 9.03 8.992 8.94 8.885 8.84 8.83 8.845 8.855 8.85 8.827 8.8 8.775 8.748 8.72 8.693 8.668 8.645 8.61 8.535 8.47 8.44 8.41 8.395 8.4 8.415 8.417 8.405 8.397 8.385 8.36 8.335 8.318 8.305 8.268 8.21 8.17 8.155 8.178 8.232 8.295 8.352 8.385 8.382 8.37 8.355 8.358 8.42 8.492 8.535 8.598 8.675 8.745 8.795 8.817 8.83
9.685 9.598 9.528 9.473 9.435 9.41 9.385 9.337 9.26 9.18 9.1 9.045 9.035 9.042 9.045 9.047 9.052 9.042 9 8.94 8.915 8.933 8.955 8.962 8.935 8.885 8.833 8.79 8.78 8.795 8.81 8.817 8.817 8.805 8.78 8.752 8.725 8.695 8.665 8.637 8.587 8.493 8.408 8.368 8.353 8.358 8.373 8.387 8.39 8.38 8.373 8.365 8.35 8.333 8.322 8.317 8.292 8.262 8.237 8.205 8.19 8.22 8.282 8.342 8.385 8.405 8.412 8.405 8.413 8.465 8.512 8.538 8.585 8.655 8.725 8.782 8.807 8.805
