EGM722_Project_Data/DTM_asc/TL4553.asc
ncols         200
nrows         200
xllcorner     545000.000
yllcorner     253000.000
cellsize      5
NODATA_value  -9999.0
[rows 64 to 95 of 200, columns 0 to 72 of 200]
20.638 20.575 20.535 20.512 20.482 20.442 20.395 20.33 20.235 20.127 20.022 19.915 19.808 19.71 19.622 19.527 19.417 19.308 19.233 19.19 19.137 19.062 18.972 18.875 18.78 18.69 18.6 18.507 18.413 18.32 18.22 18.113 18.008 17.908 17.838 17.79 17.745 17.71 17.713 17.753 17.802 17.817 17.775 17.72 17.657 17.583 17.505 17.428 17.355 17.295 17.25 17.213 17.18 17.165 17.175 17.2 17.235 17.28 17.335 17.362 17.357 17.337 17.29 17.23 17.17 17.115 17.075 17.035 16.955 16.83 16.695 16.57 16.473
20.648 20.585 20.545 20.52 20.495 20.47 20.42 20.332 20.225 20.115 20.01 19.907 19.802 19.7 19.6 19.49 19.373 19.258 19.178 19.138 19.1 19.052 18.982 18.895 18.805 18.717 18.63 18.54 18.448 18.355 18.255 18.148 18.043 17.938 17.865 17.82 17.775 17.74 17.74 17.773 17.812 17.817 17.773 17.72 17.668 17.608 17.535 17.455 17.38 17.32 17.278 17.243 17.205 17.185 17.198 17.223 17.25 17.283 17.318 17.333 17.328 17.32 17.29 17.233 17.17 17.11 17.057 16.985 16.868 16.733 16.598 16.49 16.44
20.675 20.608 20.563 20.538 20.512 20.475 20.405 20.307 20.2 20.09 19.985 19.885 19.785 19.69 19.588 19.473 19.355 19.235 19.145 19.1 19.065 19.025 18.965 18.882 18.798 18.725 18.657 18.577 18.49 18.397 18.298 18.19 18.083 17.975 17.898 17.853 17.807 17.763 17.758 17.79 17.82 17.822 17.792 17.75 17.7 17.645 17.578 17.5 17.423 17.36 17.318 17.283 17.25 17.238 17.255 17.28 17.305 17.325 17.325 17.32 17.315 17.307 17.287 17.242 17.183 17.12 17.05 16.948 16.818 16.69 16.575 16.5 16.465
20.71 20.638 20.588 20.56 20.517 20.447 20.36 20.267 20.167 20.06 19.953 19.853 19.763 19.685 19.592 19.478 19.36 19.24 19.143 19.08 19.035 18.995 18.932 18.85 18.78 18.73 18.68 18.615 18.535 18.442 18.345 18.24 18.125 18.01 17.93 17.882 17.832 17.775 17.765 17.797 17.817 17.822 17.81 17.782 17.745 17.695 17.63 17.555 17.478 17.413 17.365 17.335 17.32 17.318 17.333 17.357 17.37 17.357 17.332 17.32 17.315 17.302 17.277 17.242 17.2 17.145 17.067 16.958 16.84 16.738 16.653 16.595 16.553
20.74 20.665 20.607 20.56 20.487 20.403 20.315 20.222 20.127 20.025 19.92 19.83 19.755 19.687 19.6 19.485 19.365 19.245 19.148 19.075 19.013 18.965 18.903 18.833 18.788 18.75 18.7 18.64 18.572 18.49 18.392 18.282 18.16 18.04 17.96 17.907 17.847 17.785 17.773 17.797 17.812 17.82 17.81 17.79 17.767 17.735 17.68 17.608 17.535 17.468 17.42 17.403 17.4 17.4 17.405 17.407 17.39 17.355 17.328 17.32 17.312 17.292 17.263 17.23 17.2 17.16 17.097 17.008 16.915 16.835 16.76 16.705 16.665
20.762 20.685 20.61 20.532 20.445 20.358 20.27 20.178 20.085 19.99 19.9 19.828 19.76 19.695 19.61 19.492 19.37 19.25 19.153 19.08 19.01 18.945 18.888 18.84 18.802 18.765 18.715 18.655 18.595 18.527 18.432 18.315 18.193 18.073 17.988 17.927 17.863 17.798 17.775 17.793 17.808 17.817 17.81 17.793 17.775 17.757 17.735 17.682 17.608 17.535 17.495 17.49 17.49 17.487 17.46 17.418 17.382 17.348 17.325 17.315 17.3 17.278 17.25 17.22 17.188 17.155 17.122 17.077 17.015 16.94 16.87 16.817 16.775
20.77 20.69 20.605 20.515 20.428 20.348 20.265 20.175 20.085 19.993 19.908 19.838 19.773 19.707 19.62 19.503 19.38 19.263 19.168 19.095 19.025 18.948 18.885 18.845 18.805 18.765 18.715 18.655 18.598 18.55 18.47 18.35 18.23 18.118 18.02 17.943 17.88 17.82 17.793 17.803 17.815 17.825 17.82 17.805 17.79 17.775 17.775 17.762 17.705 17.63 17.595 17.595 17.595 17.587 17.52 17.428 17.375 17.343 17.323 17.305 17.285 17.265 17.24 17.207 17.173 17.153 17.145 17.125 17.082 17.027 16.972 16.917 16.865
20.765 20.685 20.6 20.513 20.438 20.377 20.305 20.215 20.122 20.025 19.935 19.858 19.788 19.722 19.632 19.515 19.398 19.285 19.19 19.115 19.04 18.955 18.885 18.838 18.795 18.755 18.705 18.648 18.603 18.575 18.507 18.39 18.283 18.19 18.075 17.968 17.898 17.85 17.833 17.83 17.835 17.845 17.84 17.823 17.808 17.793 17.793 17.807 17.795 17.74 17.705 17.705 17.705 17.692 17.612 17.485 17.388 17.338 17.315 17.295 17.275 17.255 17.227 17.193 17.17 17.17 17.167 17.145 17.118 17.095 17.052 16.987 16.925
20.75 20.675 20.595 20.523 20.465 20.415 20.345 20.252 20.155 20.055 19.965 19.885 19.808 19.74 19.65 19.533 19.42 19.308 19.213 19.132 19.045 18.955 18.885 18.835 18.788 18.745 18.698 18.653 18.625 18.605 18.542 18.443 18.358 18.277 18.152 18.01 17.918 17.883 17.875 17.865 17.863 17.867 17.862 17.845 17.828 17.81 17.81 17.827 17.84 17.83 17.807 17.792 17.775 17.747 17.667 17.54 17.418 17.34 17.308 17.285 17.265 17.245 17.215 17.188 17.185 17.195 17.195 17.183 17.17 17.162 17.125 17.052 16.983
20.73 20.665 20.6 20.547 20.5 20.45 20.38 20.285 20.185 20.083 19.993 19.915 19.835 19.76 19.667 19.555 19.445 19.333 19.233 19.142 19.05 18.96 18.888 18.835 18.785 18.74 18.703 18.675 18.655 18.635 18.585 18.51 18.44 18.362 18.235 18.07 17.955 17.918 17.91 17.902 17.897 17.892 17.885 17.87 17.85 17.83 17.827 17.837 17.847 17.857 17.847 17.82 17.785 17.745 17.665 17.545 17.435 17.36 17.318 17.283 17.255 17.233 17.208 17.198 17.205 17.215 17.222 17.227 17.227 17.225 17.19 17.117 17.045
20.715 20.658 20.605 20.557 20.51 20.46 20.395 20.305 20.205 20.103 20.013 19.937 19.86 19.777 19.68 19.57 19.46 19.353 19.25 19.155 19.065 18.968 18.885 18.83 18.783 18.74 18.708 18.685 18.667 18.65 18.61 18.545 18.477 18.405 18.28 18.113 17.983 17.933 17.925 17.917 17.912 17.905 17.895 17.877 17.857 17.84 17.825 17.823 17.83 17.832 17.822 17.802 17.772 17.735 17.655 17.543 17.455 17.393 17.345 17.303 17.263 17.23 17.213 17.215 17.222 17.23 17.24 17.255 17.267 17.27 17.235 17.163 17.095
20.71 20.653 20.6 20.55 20.5 20.45 20.387 20.307 20.217 20.12 20.03 19.953 19.875 19.792 19.695 19.585 19.475 19.37 19.273 19.177 19.08 18.968 18.875 18.823 18.78 18.743 18.71 18.683 18.663 18.645 18.605 18.54 18.47 18.402 18.285 18.128 18 17.935 17.923 17.915 17.91 17.907 17.895 17.873 17.853 17.835 17.813 17.798 17.798 17.797 17.79 17.775 17.752 17.722 17.647 17.553 17.485 17.428 17.378 17.335 17.29 17.25 17.235 17.238 17.24 17.243 17.25 17.27 17.295 17.305 17.27 17.205 17.15
20.702 20.647 20.593 20.54 20.49 20.437 20.372 20.3 20.225 20.137 20.05 19.97 19.888 19.805 19.71 19.603 19.497 19.393 19.295 19.195 19.082 18.96 18.868 18.82 18.783 18.75 18.72 18.69 18.663 18.64 18.597 18.532 18.465 18.4 18.29 18.15 18.035 17.95 17.92 17.915 17.91 17.91 17.895 17.87 17.85 17.83 17.807 17.785 17.77 17.765 17.758 17.743 17.725 17.705 17.653 17.58 17.52 17.463 17.41 17.365 17.313 17.273 17.265 17.263 17.26 17.26 17.265 17.28 17.305 17.332 17.315 17.263 17.215
20.685 20.637 20.587 20.535 20.483 20.425 20.36 20.29 20.22 20.145 20.065 19.985 19.902 19.817 19.722 19.62 19.52 19.415 19.31 19.2 19.078 18.953 18.865 18.823 18.79 18.757 18.725 18.695 18.665 18.637 18.592 18.528 18.463 18.397 18.302 18.185 18.072 17.968 17.92 17.918 17.915 17.913 17.895 17.87 17.85 17.828 17.803 17.78 17.758 17.745 17.738 17.728 17.72 17.708 17.675 17.62 17.56 17.5 17.445 17.39 17.328 17.293 17.29 17.288 17.285 17.285 17.288 17.298 17.328 17.375 17.38 17.333 17.28
20.66 20.625 20.582 20.53 20.478 20.423 20.36 20.29 20.22 20.145 20.065 19.985 19.905 19.82 19.727 19.63 19.53 19.427 19.322 19.212 19.09 18.965 18.873 18.825 18.792 18.757 18.72 18.685 18.652 18.62 18.582 18.527 18.465 18.4 18.312 18.205 18.093 17.993 17.953 17.955 17.955 17.945 17.913 17.878 17.855 17.833 17.81 17.788 17.763 17.753 17.755 17.755 17.753 17.74 17.71 17.665 17.608 17.545 17.488 17.425 17.373 17.335 17.315 17.315 17.315 17.315 17.318 17.335 17.378 17.432 17.447 17.407 17.355
20.638 20.615 20.577 20.525 20.478 20.43 20.37 20.3 20.227 20.145 20.06 19.98 19.897 19.81 19.72 19.627 19.53 19.43 19.33 19.227 19.115 18.995 18.895 18.833 18.79 18.755 18.712 18.665 18.625 18.59 18.56 18.525 18.475 18.41 18.32 18.21 18.115 18.045 18.018 18.022 18.025 18.007 17.96 17.905 17.868 17.845 17.825 17.802 17.78 17.773 17.79 17.805 17.8 17.78 17.745 17.705 17.657 17.6 17.54 17.488 17.457 17.41 17.358 17.343 17.34 17.34 17.355 17.393 17.44 17.492 17.512 17.48 17.43
20.628 20.61 20.575 20.525 20.48 20.437 20.38 20.307 20.227 20.142 20.06 19.977 19.89 19.8 19.71 19.62 19.527 19.43 19.33 19.232 19.132 19.02 18.923 18.853 18.795 18.753 18.707 18.653 18.603 18.563 18.533 18.507 18.475 18.42 18.333 18.238 18.168 18.11 18.078 18.083 18.092 18.072 18.02 17.955 17.895 17.858 17.835 17.815 17.795 17.783 17.81 17.845 17.842 17.815 17.775 17.735 17.695 17.65 17.6 17.565 17.552 17.505 17.425 17.378 17.365 17.375 17.408 17.455 17.505 17.555 17.577 17.552 17.505
20.617 20.605 20.572 20.527 20.485 20.445 20.387 20.31 20.225 20.14 20.057 19.97 19.877 19.785 19.697 19.61 19.52 19.427 19.33 19.235 19.14 19.037 18.948 18.877 18.812 18.753 18.7 18.645 18.59 18.543 18.508 18.483 18.457 18.42 18.355 18.285 18.225 18.165 18.133 18.137 18.15 18.127 18.07 18.005 17.935 17.878 17.845 17.825 17.805 17.79 17.818 17.872 17.88 17.845 17.805 17.765 17.722 17.68 17.653 17.647 17.647 17.602 17.515 17.435 17.403 17.425 17.467 17.512 17.557 17.597 17.612 17.597 17.57
20.567 20.565 20.545 20.507 20.465 20.422 20.367 20.295 20.21 20.125 20.042 19.955 19.863 19.77 19.68 19.59 19.5 19.41 19.315 19.22 19.125 19.032 18.955 18.887 18.82 18.753 18.693 18.638 18.583 18.533 18.498 18.473 18.445 18.417 18.375 18.315 18.255 18.203 18.178 18.18 18.185 18.155 18.092 18.027 17.962 17.9 17.855 17.83 17.81 17.795 17.82 17.877 17.895 17.865 17.825 17.785 17.743 17.703 17.693 17.712 17.727 17.697 17.622 17.533 17.468 17.468 17.507 17.55 17.582 17.6 17.602 17.595 17.585
20.48 20.485 20.475 20.447 20.407 20.362 20.315 20.257 20.18 20.095 20.015 19.935 19.85 19.76 19.665 19.565 19.468 19.375 19.282 19.19 19.1 19.018 18.948 18.882 18.815 18.748 18.688 18.633 18.58 18.533 18.5 18.475 18.448 18.425 18.385 18.325 18.27 18.23 18.21 18.21 18.202 18.162 18.1 18.035 17.978 17.923 17.873 17.835 17.81 17.795 17.82 17.865 17.885 17.875 17.84 17.8 17.763 17.73 17.728 17.752 17.772 17.757 17.702 17.635 17.565 17.523 17.53 17.557 17.572 17.575 17.575 17.57 17.562
20.39 20.395 20.385 20.362 20.332 20.297 20.255 20.205 20.142 20.065 19.988 19.912 19.835 19.75 19.655 19.55 19.445 19.345 19.253 19.168 19.085 19.01 18.94 18.875 18.81 18.743 18.683 18.63 18.583 18.538 18.503 18.477 18.452 18.43 18.39 18.338 18.298 18.265 18.245 18.237 18.215 18.17 18.112 18.05 17.995 17.945 17.895 17.85 17.815 17.795 17.813 17.847 17.875 17.885 17.86 17.823 17.788 17.76 17.76 17.78 17.795 17.78 17.735 17.685 17.632 17.58 17.548 17.545 17.55 17.55 17.548 17.543 17.543
20.303 20.305 20.295 20.273 20.25 20.23 20.195 20.145 20.092 20.03 19.96 19.885 19.81 19.735 19.645 19.54 19.432 19.325 19.23 19.152 19.075 19 18.93 18.865 18.802 18.737 18.678 18.63 18.585 18.54 18.505 18.48 18.457 18.432 18.4 18.365 18.335 18.305 18.28 18.255 18.22 18.18 18.13 18.073 18.018 17.965 17.915 17.87 17.83 17.798 17.803 17.838 17.875 17.897 17.88 17.845 17.81 17.785 17.785 17.798 17.81 17.8 17.757 17.705 17.658 17.62 17.58 17.543 17.528 17.53 17.538 17.545 17.558
20.222 20.223 20.22 20.21 20.19 20.175 20.145 20.093 20.04 19.987 19.925 19.85 19.775 19.707 19.625 19.522 19.415 19.305 19.21 19.132 19.057 18.985 18.92 18.857 18.795 18.73 18.673 18.63 18.585 18.54 18.508 18.483 18.46 18.432 18.407 18.385 18.357 18.33 18.307 18.283 18.248 18.215 18.17 18.113 18.058 18.008 17.958 17.91 17.87 17.83 17.82 17.85 17.89 17.915 17.9 17.865 17.838 17.82 17.813 17.815 17.825 17.82 17.782 17.73 17.69 17.665 17.627 17.573 17.54 17.545 17.568 17.59 17.602
20.147 20.145 20.15 20.16 20.15 20.132 20.1 20.048 19.995 19.945 19.885 19.81 19.738 19.672 19.592 19.495 19.392 19.285 19.188 19.108 19.035 18.968 18.907 18.847 18.785 18.723 18.67 18.63 18.587 18.543 18.51 18.485 18.455 18.423 18.398 18.38 18.36 18.335 18.323 18.32 18.302 18.272 18.227 18.17 18.12 18.083 18.033 17.975 17.93 17.893 17.873 17.88 17.91 17.935 17.92 17.89 17.878 17.867 17.85 17.84 17.845 17.84 17.805 17.763 17.735 17.715 17.675 17.628 17.603 17.603 17.622 17.642 17.642
20.072 20.065 20.07 20.09 20.097 20.087 20.055 20.005 19.952 19.9 19.84 19.77 19.705 19.64 19.56 19.465 19.365 19.262 19.165 19.085 19.015 18.95 18.892 18.835 18.775 18.715 18.665 18.625 18.585 18.543 18.508 18.48 18.445 18.408 18.383 18.37 18.357 18.338 18.33 18.342 18.347 18.327 18.285 18.238 18.2 18.167 18.117 18.053 17.995 17.955 17.935 17.928 17.938 17.955 17.945 17.928 17.923 17.913 17.895 17.878 17.87 17.86 17.83 17.803 17.785 17.762 17.728 17.698 17.68 17.67 17.677 17.685 17.675
19.995 19.985 19.99 20.007 20.02 20.025 20 19.95 19.897 19.845 19.792 19.732 19.67 19.607 19.527 19.43 19.332 19.235 19.143 19.065 18.997 18.932 18.875 18.82 18.762 18.705 18.655 18.618 18.58 18.54 18.503 18.47 18.435 18.395 18.37 18.36 18.35 18.338 18.338 18.355 18.37 18.372 18.35 18.315 18.285 18.252 18.202 18.137 18.073 18.02 17.995 17.988 17.985 17.985 17.98 17.975 17.973 17.963 17.945 17.928 17.913 17.893 17.87 17.853 17.835 17.813 17.79 17.772 17.757 17.743 17.733 17.725 17.71
19.928 19.918 19.903 19.9 19.91 19.92 19.9 19.852 19.805 19.773 19.74 19.682 19.617 19.555 19.482 19.39 19.292 19.198 19.11 19.037 18.972 18.907 18.847 18.792 18.74 18.698 18.658 18.615 18.577 18.54 18.5 18.463 18.428 18.393 18.37 18.36 18.35 18.343 18.35 18.37 18.388 18.402 18.4 18.377 18.35 18.317 18.267 18.202 18.138 18.085 18.063 18.058 18.05 18.043 18.04 18.038 18.035 18.028 18.013 17.998 17.978 17.95 17.928 17.91 17.893 17.878 17.863 17.847 17.833 17.818 17.8 17.78 17.76
19.872 19.862 19.828 19.788 19.783 19.795 19.775 19.728 19.698 19.702 19.685 19.62 19.553 19.487 19.42 19.342 19.25 19.155 19.073 19.003 18.935 18.87 18.813 18.76 18.72 18.7 18.67 18.618 18.573 18.535 18.497 18.46 18.428 18.4 18.38 18.37 18.36 18.355 18.368 18.392 18.412 18.427 18.43 18.417 18.395 18.362 18.312 18.248 18.193 18.155 18.138 18.13 18.122 18.118 18.115 18.11 18.105 18.102 18.095 18.08 18.05 18.015 17.99 17.973 17.96 17.95 17.937 17.923 17.908 17.892 17.875 17.85 17.825
19.815 19.81 19.775 19.715 19.678 19.673 19.65 19.62 19.625 19.65 19.635 19.565 19.49 19.423 19.355 19.285 19.205 19.115 19.035 18.968 18.9 18.835 18.783 18.745 18.725 18.715 18.685 18.63 18.575 18.53 18.495 18.463 18.435 18.41 18.39 18.38 18.372 18.368 18.38 18.41 18.435 18.452 18.455 18.445 18.43 18.405 18.358 18.303 18.263 18.23 18.21 18.2 18.195 18.19 18.185 18.18 18.175 18.175 18.17 18.152 18.115 18.075 18.053 18.043 18.035 18.025 18.012 17.998 17.983 17.967 17.947 17.92 17.895
19.752 19.752 19.722 19.665 19.608 19.568 19.543 19.545 19.57 19.592 19.575 19.505 19.427 19.355 19.285 19.217 19.147 19.07 18.998 18.932 18.865 18.8 18.758 18.74 18.732 18.725 18.697 18.645 18.585 18.53 18.495 18.47 18.445 18.42 18.4 18.39 18.385 18.38 18.39 18.42 18.45 18.475 18.48 18.47 18.46 18.445 18.413 18.373 18.338 18.303 18.28 18.27 18.262 18.255 18.25 18.245 18.24 18.24 18.24 18.23 18.195 18.153 18.13 18.12 18.11 18.1 18.087 18.073 18.058 18.042 18.023 17.995 17.968
19.645 19.655 19.65 19.607 19.55 19.495 19.455 19.448 19.465 19.487 19.48 19.422 19.347 19.27 19.197 19.132 19.07 19.015 18.957 18.89 18.823 18.765 18.728 18.707 18.7 18.695 18.677 18.637 18.58 18.523 18.487 18.467 18.445 18.428 18.418 18.41 18.405 18.398 18.41 18.448 18.48 18.507 18.517 18.51 18.503 18.505 18.5 18.473 18.438 18.4 18.36 18.335 18.325 18.315 18.31 18.305 18.3 18.305 18.315 18.317 18.295 18.255 18.228 18.213 18.198 18.18 18.163 18.148 18.133 18.12 18.113 18.1 18.08
19.505 19.532 19.547 19.53 19.487 19.435 19.38 19.335 19.325 19.342 19.345 19.31 19.25 19.175 19.103 19.04 18.993 18.96 18.91 18.843 18.783 18.735 18.695 18.66 18.643 18.635 18.625 18.605 18.562 18.508 18.47 18.45 18.44 18.445 18.45 18.445 18.432 18.418 18.435 18.485 18.525 18.552 18.562 18.56 18.57 18.592 18.602 18.59 18.562 18.522 18.465 18.41 18.385 18.375 18.37 18.368 18.368 18.38 18.395 18.4 18.392 18.362 18.333 18.317 18.297 18.267 18.24 18.225 18.213 18.208 18.225 18.24 18.235
