EGM722_Project_Data/DTM_asc/TL4554.asc
ncols         200
nrows         200
xllcorner     545000.000
yllcorner     254000.000
cellsize      5
NODATA_value  -9999.0
[rows 64 to 95 of 200, columns 0 to 72 of 200]
17.655 17.625 17.497 17.252 16.988 16.74 16.588 16.518 16.45 16.4 16.395 16.415 16.435 16.445 16.432 16.402 16.373 16.417 16.477 16.115 15.475 15.165 15.155 15.295 15.688 16.177 16.335 16.215 16.062 15.888 15.718 15.552 15.387 15.22 15.05 14.89 14.763 14.673 14.62 14.603 14.595 14.593 14.59 14.578 14.573 14.575 14.577 14.58 14.58 14.588 14.59 14.58 14.57 14.563 14.563 14.565 14.56 14.542 14.525 14.515 14.502 14.472 14.422 14.365 14.308 14.255 14.243 14.257 14.245 14.218 14.218 14.24 14.252
17.692 17.657 17.515 17.265 17 16.748 16.593 16.52 16.453 16.413 16.42 16.45 16.48 16.485 16.45 16.408 16.397 16.375 16.025 15.405 15.123 15.17 15.36 15.785 16.227 16.337 16.202 16.068 15.915 15.745 15.58 15.418 15.253 15.088 14.923 14.79 14.71 14.643 14.598 14.588 14.583 14.578 14.573 14.57 14.572 14.575 14.575 14.575 14.578 14.587 14.595 14.585 14.568 14.553 14.545 14.543 14.543 14.538 14.525 14.518 14.512 14.497 14.455 14.397 14.342 14.29 14.265 14.252 14.228 14.203 14.203 14.225 14.248
17.685 17.625 17.47 17.242 17.002 16.758 16.6 16.543 16.5 16.478 16.495 16.532 16.562 16.542 16.475 16.417 16.302 15.912 15.348 15.115 15.183 15.438 15.9 16.267 16.325 16.19 16.06 15.95 15.825 15.663 15.498 15.333 15.168 15.003 14.848 14.745 14.685 14.623 14.583 14.575 14.573 14.568 14.565 14.565 14.565 14.565 14.568 14.57 14.575 14.59 14.605 14.61 14.597 14.573 14.56 14.555 14.55 14.548 14.54 14.533 14.525 14.51 14.475 14.422 14.367 14.315 14.28 14.258 14.235 14.213 14.21 14.233 14.26
17.642 17.545 17.377 17.165 16.953 16.75 16.635 16.608 16.59 16.575 16.588 16.617 16.63 16.59 16.51 16.282 15.807 15.305 15.125 15.193 15.513 16.032 16.32 16.31 16.178 16.05 15.953 15.903 15.817 15.663 15.498 15.33 15.163 14.998 14.85 14.748 14.68 14.62 14.583 14.57 14.565 14.562 14.558 14.555 14.555 14.558 14.563 14.568 14.578 14.593 14.608 14.622 14.625 14.61 14.597 14.59 14.582 14.575 14.565 14.555 14.545 14.517 14.475 14.432 14.382 14.333 14.3 14.28 14.26 14.238 14.233 14.255 14.29
17.565 17.45 17.282 17.08 16.905 16.768 16.693 16.673 16.665 16.665 16.678 16.695 16.687 16.612 16.29 15.728 15.265 15.135 15.253 15.625 16.152 16.377 16.295 16.16 16.043 15.945 15.898 15.892 15.827 15.685 15.522 15.355 15.188 15.023 14.878 14.77 14.688 14.62 14.585 14.57 14.558 14.555 14.552 14.55 14.55 14.552 14.558 14.565 14.58 14.595 14.61 14.627 14.64 14.64 14.63 14.62 14.61 14.6 14.59 14.58 14.562 14.515 14.463 14.432 14.392 14.348 14.32 14.3 14.283 14.265 14.258 14.28 14.325
17.468 17.353 17.218 17.07 16.945 16.838 16.753 16.725 16.738 16.758 16.77 16.757 16.642 16.222 15.613 15.215 15.148 15.328 15.74 16.252 16.425 16.285 16.15 16.033 15.94 15.883 15.875 15.887 15.83 15.7 15.545 15.378 15.212 15.045 14.903 14.8 14.71 14.63 14.588 14.573 14.558 14.548 14.545 14.545 14.545 14.545 14.552 14.565 14.577 14.592 14.607 14.625 14.645 14.662 14.662 14.65 14.64 14.63 14.62 14.607 14.57 14.5 14.445 14.42 14.393 14.363 14.34 14.32 14.305 14.29 14.285 14.315 14.365
17.438 17.335 17.24 17.143 17.035 16.928 16.848 16.825 16.843 16.862 16.835 16.62 16.082 15.455 15.155 15.16 15.405 15.875 16.305 16.41 16.278 16.153 16.04 15.943 15.873 15.85 15.865 15.88 15.827 15.702 15.557 15.4 15.235 15.065 14.93 14.835 14.745 14.66 14.61 14.593 14.575 14.558 14.545 14.54 14.54 14.54 14.545 14.557 14.57 14.582 14.597 14.613 14.653 14.695 14.697 14.685 14.673 14.66 14.645 14.62 14.575 14.505 14.448 14.42 14.403 14.385 14.363 14.343 14.327 14.31 14.305 14.325 14.365
17.485 17.398 17.312 17.225 17.132 17.033 16.968 16.963 16.97 16.917 16.557 15.93 15.348 15.113 15.223 15.53 16.01 16.365 16.41 16.3 16.193 16.09 15.99 15.893 15.828 15.825 15.852 15.87 15.817 15.68 15.535 15.402 15.25 15.08 14.955 14.872 14.785 14.698 14.648 14.63 14.607 14.583 14.558 14.54 14.535 14.535 14.538 14.545 14.557 14.57 14.583 14.61 14.682 14.735 14.73 14.72 14.707 14.687 14.655 14.615 14.58 14.53 14.473 14.44 14.433 14.425 14.398 14.37 14.35 14.333 14.323 14.325 14.343
17.545 17.462 17.378 17.293 17.21 17.13 17.102 17.092 16.967 16.417 15.69 15.26 15.133 15.303 15.72 16.202 16.46 16.447 16.35 16.265 16.175 16.075 15.968 15.868 15.793 15.775 15.802 15.827 15.777 15.63 15.48 15.372 15.25 15.09 14.97 14.897 14.82 14.735 14.683 14.662 14.637 14.61 14.58 14.553 14.533 14.525 14.53 14.538 14.545 14.555 14.57 14.628 14.727 14.772 14.76 14.75 14.732 14.697 14.65 14.605 14.575 14.545 14.498 14.465 14.473 14.475 14.445 14.408 14.378 14.358 14.348 14.347 14.35
17.592 17.52 17.45 17.385 17.32 17.265 17.195 16.892 16.272 15.518 15.123 15.145 15.383 15.907 16.397 16.567 16.52 16.435 16.35 16.26 16.16 16.055 15.945 15.845 15.765 15.715 15.718 15.722 15.667 15.552 15.42 15.32 15.225 15.095 14.985 14.915 14.845 14.77 14.718 14.69 14.663 14.635 14.607 14.58 14.55 14.528 14.523 14.53 14.538 14.543 14.578 14.67 14.772 14.807 14.792 14.77 14.732 14.685 14.638 14.595 14.565 14.545 14.515 14.5 14.517 14.52 14.492 14.455 14.417 14.385 14.37 14.367 14.362
17.593 17.548 17.512 17.465 17.387 17.284 16.785 15.998 15.395 15.135 15.215 15.573 16.12 16.535 16.642 16.577 16.517 16.437 16.347 16.245 16.14 16.035 15.925 15.825 15.745 15.678 15.635 15.593 15.53 15.455 15.36 15.27 15.185 15.088 15.005 14.94 14.87 14.8 14.75 14.72 14.69 14.66 14.633 14.607 14.58 14.548 14.528 14.528 14.533 14.538 14.603 14.727 14.817 14.837 14.812 14.77 14.72 14.67 14.623 14.583 14.555 14.532 14.502 14.49 14.502 14.502 14.48 14.445 14.405 14.38 14.375 14.372 14.365
17.585 17.583 17.552 17.477 17.227 16.587 15.76 15.261 15.153 15.296 15.823 16.442 16.712 16.687 16.6 16.555 16.507 16.43 16.32 16.2 16.08 15.96 15.87 15.802 15.73 15.66 15.593 15.528 15.46 15.385 15.308 15.237 15.16 15.073 15.01 14.96 14.895 14.828 14.78 14.75 14.72 14.69 14.66 14.632 14.605 14.57 14.545 14.535 14.53 14.535 14.615 14.767 14.855 14.85 14.81 14.76 14.71 14.66 14.61 14.57 14.545 14.505 14.453 14.428 14.428 14.43 14.412 14.378 14.353 14.355 14.365 14.365 14.362
17.625 17.64 17.57 17.117 16.342 15.573 15.173 15.171 15.523 16.127 16.665 16.885 16.755 16.638 16.565 16.525 16.475 16.362 16.205 16.065 15.933 15.84 15.815 15.785 15.72 15.653 15.587 15.512 15.427 15.34 15.263 15.202 15.137 15.058 14.998 14.96 14.912 14.853 14.805 14.775 14.745 14.717 14.69 14.657 14.625 14.59 14.565 14.55 14.538 14.538 14.615 14.747 14.807 14.802 14.782 14.747 14.7 14.65 14.6 14.56 14.517 14.445 14.385 14.365 14.36 14.362 14.348 14.328 14.33 14.345 14.355 14.355 14.357
17.69 17.667 17.047 16.043 15.406 15.193 15.336 15.848 16.532 16.934 16.955 16.825 16.695 16.593 16.535 16.495 16.425 16.272 16.073 15.895 15.798 15.8 15.812 15.775 15.713 15.653 15.585 15.493 15.393 15.298 15.218 15.158 15.103 15.04 14.985 14.95 14.917 14.872 14.83 14.8 14.77 14.742 14.715 14.68 14.645 14.61 14.585 14.57 14.555 14.548 14.58 14.625 14.64 14.65 14.657 14.652 14.635 14.615 14.585 14.535 14.46 14.373 14.323 14.313 14.308 14.305 14.303 14.308 14.323 14.338 14.345 14.348 14.353
17.564 16.885 15.87 15.273 15.226 15.583 16.24 16.884 17.154 17.025 16.895 16.765 16.638 16.55 16.505 16.462 16.37 16.202 15.998 15.818 15.763 15.807 15.825 15.787 15.73 15.673 15.6 15.5 15.395 15.298 15.213 15.148 15.095 15.04 14.99 14.955 14.922 14.88 14.845 14.822 14.795 14.765 14.735 14.7 14.665 14.63 14.605 14.59 14.575 14.56 14.543 14.533 14.53 14.528 14.523 14.523 14.53 14.54 14.537 14.5 14.425 14.338 14.293 14.29 14.285 14.283 14.293 14.308 14.325 14.358 14.38 14.383 14.388
16.56 15.683 15.256 15.386 15.948 16.71 17.159 17.225 17.095 16.962 16.83 16.7 16.585 16.515 16.475 16.427 16.31 16.125 15.94 15.815 15.773 15.795 15.822 15.805 15.762 15.707 15.632 15.533 15.43 15.335 15.25 15.178 15.115 15.058 15.01 14.975 14.932 14.873 14.838 14.827 14.81 14.785 14.752 14.718 14.685 14.65 14.625 14.61 14.59 14.565 14.54 14.527 14.517 14.495 14.465 14.45 14.455 14.465 14.47 14.457 14.415 14.34 14.293 14.29 14.288 14.288 14.298 14.315 14.35 14.415 14.457 14.46 14.46
15.523 15.323 15.678 16.35 17.087 17.424 17.292 17.16 17.03 16.898 16.765 16.635 16.538 16.485 16.442 16.382 16.245 16.048 15.898 15.83 15.798 15.795 15.807 15.8 15.78 15.74 15.665 15.568 15.472 15.378 15.293 15.218 15.143 15.078 15.03 14.987 14.93 14.86 14.825 14.82 14.813 14.797 14.768 14.735 14.705 14.673 14.647 14.627 14.597 14.565 14.538 14.517 14.495 14.463 14.428 14.403 14.398 14.408 14.41 14.395 14.372 14.33 14.295 14.29 14.29 14.293 14.305 14.34 14.405 14.485 14.532 14.535 14.522
15.441 16.028 16.857 17.372 17.49 17.36 17.228 17.095 16.965 16.835 16.705 16.583 16.503 16.457 16.407 16.325 16.17 15.983 15.875 15.843 15.817 15.8 15.793 15.788 15.78 15.76 15.697 15.605 15.515 15.423 15.338 15.26 15.183 15.11 15.048 14.988 14.918 14.848 14.818 14.82 14.823 14.82 14.788 14.748 14.72 14.69 14.662 14.635 14.6 14.565 14.535 14.508 14.478 14.448 14.42 14.393 14.375 14.368 14.355 14.338 14.32 14.3 14.29 14.292 14.295 14.3 14.328 14.387 14.462 14.537 14.585 14.59 14.577
16.388 17.222 17.657 17.56 17.425 17.295 17.165 17.035 16.905 16.775 16.645 16.538 16.473 16.425 16.372 16.27 16.103 15.958 15.885 15.853 15.83 15.81 15.795 15.788 15.78 15.772 15.725 15.635 15.545 15.465 15.388 15.305 15.228 15.153 15.085 15.023 14.95 14.878 14.845 14.85 14.86 14.867 14.825 14.755 14.718 14.69 14.66 14.627 14.592 14.56 14.533 14.508 14.48 14.455 14.43 14.405 14.385 14.36 14.33 14.308 14.29 14.275 14.278 14.292 14.3 14.303 14.33 14.39 14.46 14.53 14.572 14.58 14.58
17.489 17.695 17.61 17.515 17.38 17.238 17.105 16.975 16.845 16.715 16.585 16.49 16.435 16.385 16.332 16.217 16.073 15.985 15.925 15.875 15.845 15.825 15.81 15.802 15.795 15.787 15.742 15.655 15.575 15.515 15.445 15.358 15.275 15.2 15.143 15.092 15.027 14.955 14.915 14.91 14.915 14.925 14.88 14.788 14.72 14.68 14.648 14.613 14.58 14.55 14.528 14.512 14.49 14.465 14.44 14.415 14.395 14.367 14.33 14.295 14.273 14.258 14.263 14.285 14.297 14.303 14.318 14.353 14.41 14.48 14.52 14.525 14.533
17.68 17.545 17.487 17.45 17.355 17.213 17.063 16.918 16.78 16.65 16.53 16.45 16.4 16.35 16.285 16.185 16.095 16.035 15.975 15.918 15.87 15.84 15.825 15.818 15.81 15.802 15.76 15.685 15.625 15.577 15.51 15.418 15.328 15.253 15.2 15.155 15.1 15.035 14.993 14.983 14.98 14.982 14.937 14.845 14.755 14.683 14.638 14.605 14.575 14.545 14.525 14.517 14.5 14.475 14.45 14.425 14.402 14.37 14.33 14.29 14.26 14.24 14.245 14.27 14.29 14.305 14.32 14.34 14.373 14.43 14.467 14.475 14.49
17.53 17.395 17.34 17.325 17.29 17.202 17.057 16.895 16.743 16.598 16.483 16.418 16.37 16.32 16.263 16.2 16.142 16.085 16.025 15.97 15.915 15.865 15.84 15.833 15.825 15.817 15.787 15.735 15.687 15.645 15.58 15.485 15.385 15.308 15.257 15.212 15.165 15.11 15.07 15.057 15.05 15.037 14.985 14.892 14.792 14.695 14.633 14.6 14.57 14.54 14.52 14.517 14.507 14.485 14.46 14.435 14.41 14.375 14.335 14.293 14.253 14.225 14.228 14.252 14.277 14.3 14.32 14.34 14.36 14.393 14.42 14.435 14.455
17.413 17.268 17.2 17.18 17.162 17.132 17.05 16.907 16.748 16.595 16.47 16.4 16.355 16.305 16.265 16.23 16.185 16.13 16.07 16.012 15.957 15.898 15.858 15.848 15.842 15.832 15.812 15.78 15.737 15.695 15.635 15.545 15.443 15.36 15.307 15.262 15.217 15.17 15.132 15.11 15.092 15.057 14.995 14.912 14.812 14.708 14.635 14.598 14.565 14.535 14.515 14.515 14.515 14.497 14.47 14.445 14.417 14.38 14.34 14.297 14.255 14.213 14.2 14.222 14.25 14.29 14.327 14.35 14.37 14.39 14.41 14.43 14.45
17.37 17.213 17.12 17.075 17.043 17.02 16.987 16.907 16.777 16.635 16.5 16.408 16.355 16.305 16.268 16.245 16.215 16.167 16.11 16.05 15.99 15.925 15.88 15.865 15.855 15.84 15.822 15.805 15.772 15.727 15.667 15.585 15.492 15.408 15.347 15.3 15.25 15.2 15.157 15.127 15.097 15.035 14.962 14.902 14.822 14.72 14.645 14.603 14.563 14.53 14.513 14.515 14.522 14.51 14.482 14.455 14.42 14.38 14.34 14.3 14.26 14.193 14.155 14.183 14.225 14.282 14.335 14.365 14.385 14.405 14.425 14.445 14.468
17.37 17.205 17.098 17.033 16.978 16.935 16.91 16.885 16.81 16.685 16.545 16.428 16.355 16.305 16.27 16.25 16.227 16.195 16.145 16.082 16.015 15.943 15.895 15.878 15.86 15.84 15.825 15.815 15.797 15.762 15.697 15.615 15.53 15.445 15.375 15.317 15.262 15.208 15.163 15.132 15.085 14.998 14.918 14.87 14.817 14.732 14.658 14.61 14.563 14.525 14.51 14.515 14.525 14.517 14.492 14.46 14.42 14.38 14.343 14.305 14.255 14.16 14.113 14.158 14.215 14.277 14.337 14.375 14.398 14.42 14.44 14.46 14.485
17.352 17.195 17.08 17.017 16.955 16.898 16.863 16.847 16.802 16.71 16.59 16.46 16.363 16.305 16.27 16.25 16.23 16.205 16.16 16.095 16.022 15.948 15.908 15.895 15.873 15.85 15.833 15.82 15.808 15.787 15.732 15.647 15.56 15.475 15.398 15.328 15.27 15.215 15.168 15.127 15.057 14.955 14.875 14.83 14.787 14.73 14.67 14.62 14.57 14.528 14.51 14.515 14.522 14.52 14.5 14.465 14.425 14.385 14.348 14.312 14.242 14.128 14.09 14.145 14.208 14.272 14.335 14.382 14.412 14.435 14.455 14.478 14.508
17.302 17.17 17.065 17.005 16.948 16.89 16.835 16.805 16.77 16.7 16.61 16.495 16.38 16.305 16.27 16.25 16.227 16.197 16.15 16.085 16.012 15.943 15.918 15.922 15.905 15.88 15.863 15.848 15.83 15.805 15.755 15.677 15.592 15.508 15.425 15.35 15.283 15.223 15.175 15.112 15.02 14.915 14.835 14.788 14.743 14.703 14.672 14.637 14.59 14.545 14.523 14.523 14.528 14.527 14.507 14.473 14.435 14.395 14.355 14.312 14.227 14.118 14.075 14.12 14.197 14.265 14.327 14.387 14.425 14.448 14.47 14.495 14.53
17.225 17.127 17.05 16.997 16.942 16.885 16.82 16.77 16.735 16.675 16.595 16.505 16.4 16.315 16.275 16.25 16.215 16.175 16.127 16.067 15.998 15.935 15.92 15.937 15.94 15.925 15.907 15.887 15.857 15.815 15.76 15.697 15.625 15.54 15.455 15.38 15.305 15.235 15.17 15.082 14.977 14.873 14.793 14.743 14.703 14.67 14.655 14.645 14.615 14.575 14.55 14.548 14.55 14.542 14.517 14.483 14.445 14.405 14.367 14.315 14.22 14.125 14.07 14.085 14.162 14.242 14.317 14.385 14.432 14.462 14.488 14.518 14.555
17.1 17.07 17.028 16.982 16.935 16.88 16.815 16.75 16.703 16.647 16.57 16.49 16.405 16.325 16.272 16.235 16.19 16.145 16.1 16.047 15.983 15.925 15.918 15.94 15.96 15.965 15.945 15.91 15.865 15.815 15.76 15.705 15.645 15.567 15.485 15.41 15.332 15.24 15.14 15.04 14.935 14.83 14.75 14.703 14.67 14.638 14.623 14.625 14.62 14.6 14.58 14.575 14.57 14.555 14.53 14.497 14.46 14.42 14.382 14.32 14.218 14.133 14.083 14.06 14.105 14.197 14.287 14.367 14.435 14.477 14.508 14.542 14.58
17.015 17.04 17.015 16.968 16.925 16.875 16.81 16.74 16.68 16.62 16.545 16.465 16.382 16.305 16.247 16.205 16.162 16.117 16.07 16.02 15.962 15.915 15.915 15.937 15.957 15.975 15.957 15.91 15.86 15.807 15.747 15.692 15.642 15.582 15.512 15.427 15.325 15.207 15.095 14.992 14.887 14.785 14.713 14.673 14.64 14.605 14.59 14.6 14.61 14.612 14.602 14.59 14.58 14.565 14.54 14.51 14.475 14.435 14.395 14.322 14.22 14.145 14.1 14.06 14.068 14.143 14.235 14.328 14.42 14.487 14.53 14.565 14.6
17.02 17.052 17.02 16.97 16.923 16.87 16.805 16.735 16.668 16.595 16.513 16.43 16.347 16.268 16.21 16.17 16.13 16.085 16.035 15.985 15.93 15.89 15.892 15.91 15.925 15.947 15.937 15.89 15.84 15.782 15.707 15.635 15.582 15.537 15.485 15.397 15.277 15.155 15.043 14.938 14.835 14.755 14.713 14.683 14.65 14.615 14.598 14.608 14.623 14.627 14.615 14.6 14.59 14.575 14.55 14.52 14.487 14.45 14.402 14.323 14.238 14.183 14.135 14.088 14.06 14.105 14.205 14.308 14.41 14.492 14.545 14.582 14.62
17.037 17.062 17.025 16.975 16.925 16.87 16.805 16.735 16.67 16.602 16.51 16.403 16.31 16.23 16.17 16.13 16.087 16.04 15.99 15.94 15.888 15.848 15.843 15.86 15.883 15.91 15.907 15.862 15.805 15.74 15.655 15.56 15.488 15.44 15.392 15.322 15.222 15.105 14.99 14.888 14.808 14.765 14.745 14.722 14.697 14.665 14.64 14.643 14.652 14.645 14.628 14.613 14.6 14.585 14.562 14.533 14.5 14.467 14.41 14.333 14.275 14.235 14.187 14.135 14.095 14.12 14.213 14.317 14.417 14.502 14.557 14.59 14.61
