EGM722_Project_Data/DTM_asc/TL4561.asc
ncols         200
nrows         200
xllcorner     545000.000
yllcorner     261000.000
cellsize      5
NODATA_value  -9999.0
[rows 32 to 63 of 200, columns 73 to 145 of 200]
12.44 12.418 12.445 12.508 12.565 12.607 12.64 12.665 12.682 12.697 12.71 12.717 12.72 12.73 12.755 12.747 12.7 12.66 12.643 12.66 12.715 12.777 12.807 12.823 12.86 12.92 13.008 13.112 13.212 13.237 13.18 13.11 13.063 13.065 13.09 13.105 13.097 13.07 13.05 13.053 13.07 13.085 13.09 13.067 13.015 13 13.04 13.062 13.02 12.968 12.953 12.96 12.97 12.945 12.898 12.868 12.88 12.952 13 12.95 12.86 12.775 12.69 12.665 12.718 12.775 12.822 12.867 12.91 12.925 12.905 12.867 12.825
12.428 12.38 12.383 12.44 12.507 12.57 12.627 12.675 12.712 12.737 12.747 12.752 12.755 12.76 12.757 12.722 12.67 12.62 12.588 12.61 12.675 12.745 12.795 12.838 12.9 12.973 13.057 13.15 13.225 13.212 13.135 13.063 12.998 12.983 13.005 13.01 12.992 12.965 12.935 12.915 12.915 12.928 12.942 12.945 12.918 12.918 12.965 13.015 13.035 13.037 13.057 13.077 13.087 13.075 13.055 13.06 13.075 13.087 13.05 12.96 12.87 12.785 12.7 12.658 12.688 12.737 12.782 12.822 12.86 12.89 12.902 12.89 12.867
12.45 12.388 12.353 12.385 12.452 12.515 12.575 12.635 12.697 12.732 12.737 12.742 12.747 12.752 12.74 12.697 12.645 12.595 12.568 12.598 12.665 12.733 12.81 12.89 12.96 13.02 13.073 13.14 13.207 13.19 13.105 13.023 12.945 12.91 12.912 12.905 12.885 12.86 12.83 12.8 12.778 12.775 12.785 12.805 12.823 12.838 12.873 12.917 12.96 13.005 13.052 13.092 13.137 13.167 13.172 13.177 13.177 13.15 13.077 12.985 12.893 12.803 12.713 12.648 12.653 12.692 12.73 12.767 12.802 12.83 12.842 12.84 12.837
12.475 12.408 12.34 12.338 12.398 12.46 12.523 12.588 12.657 12.692 12.688 12.69 12.697 12.7 12.69 12.665 12.625 12.573 12.563 12.615 12.682 12.75 12.858 12.965 13.025 13.057 13.075 13.113 13.177 13.175 13.09 13 12.915 12.85 12.818 12.798 12.775 12.75 12.72 12.69 12.67 12.675 12.698 12.735 12.78 12.785 12.775 12.8 12.84 12.888 12.948 13.02 13.11 13.175 13.19 13.187 13.182 13.165 13.112 13.027 12.933 12.838 12.748 12.678 12.638 12.64 12.673 12.71 12.745 12.767 12.775 12.77 12.765
12.495 12.43 12.348 12.308 12.343 12.408 12.475 12.545 12.62 12.657 12.648 12.64 12.643 12.642 12.63 12.615 12.592 12.55 12.56 12.632 12.7 12.778 12.912 13.03 13.07 13.085 13.095 13.11 13.15 13.152 13.08 12.987 12.887 12.795 12.735 12.698 12.668 12.64 12.618 12.613 12.63 12.663 12.698 12.738 12.78 12.77 12.723 12.703 12.728 12.795 12.88 12.975 13.075 13.147 13.177 13.187 13.185 13.167 13.135 13.07 12.98 12.895 12.83 12.778 12.705 12.643 12.628 12.65 12.685 12.702 12.705 12.7 12.695
12.5 12.442 12.363 12.3 12.313 12.38 12.45 12.52 12.592 12.627 12.618 12.603 12.595 12.59 12.578 12.565 12.55 12.533 12.565 12.645 12.718 12.81 12.947 13.045 13.072 13.087 13.102 13.117 13.14 13.132 13.06 12.955 12.842 12.748 12.68 12.625 12.578 12.558 12.573 12.605 12.65 12.69 12.72 12.75 12.78 12.765 12.708 12.66 12.663 12.735 12.837 12.94 13.04 13.117 13.155 13.172 13.18 13.17 13.145 13.102 13.042 12.985 12.945 12.9 12.822 12.728 12.653 12.618 12.625 12.638 12.635 12.63 12.628
12.495 12.445 12.373 12.31 12.323 12.388 12.455 12.525 12.595 12.622 12.61 12.598 12.588 12.58 12.568 12.555 12.538 12.52 12.558 12.645 12.73 12.825 12.935 13.005 13.03 13.05 13.07 13.09 13.11 13.092 13.007 12.892 12.778 12.688 12.625 12.565 12.518 12.523 12.57 12.617 12.662 12.697 12.725 12.75 12.77 12.75 12.695 12.665 12.668 12.705 12.785 12.887 12.992 13.077 13.115 13.127 13.135 13.125 13.1 13.085 13.082 13.072 13.057 13.02 12.94 12.845 12.753 12.665 12.615 12.603 12.605 12.61 12.615
12.485 12.44 12.375 12.325 12.348 12.413 12.478 12.545 12.612 12.635 12.623 12.618 12.612 12.605 12.59 12.57 12.545 12.515 12.538 12.622 12.717 12.805 12.887 12.945 12.97 12.99 13.01 13.03 13.05 13.027 12.935 12.818 12.703 12.613 12.553 12.508 12.488 12.51 12.56 12.61 12.657 12.69 12.71 12.733 12.752 12.73 12.693 12.693 12.705 12.718 12.75 12.825 12.925 13.002 13.04 13.052 13.05 13.035 13.025 13.04 13.07 13.092 13.11 13.115 13.06 12.965 12.872 12.775 12.7 12.655 12.638 12.645 12.655
12.475 12.43 12.375 12.343 12.373 12.437 12.5 12.565 12.627 12.65 12.643 12.64 12.637 12.625 12.602 12.575 12.545 12.515 12.523 12.59 12.682 12.768 12.848 12.903 12.918 12.93 12.95 12.97 12.99 12.96 12.86 12.743 12.628 12.54 12.495 12.478 12.473 12.498 12.55 12.602 12.655 12.687 12.703 12.72 12.735 12.723 12.713 12.727 12.74 12.752 12.765 12.793 12.845 12.893 12.93 12.958 12.965 12.968 12.983 13.01 13.037 13.07 13.12 13.172 13.165 13.087 12.99 12.9 12.845 12.79 12.728 12.698 12.695
12.457 12.415 12.368 12.355 12.398 12.462 12.525 12.585 12.637 12.665 12.665 12.66 12.66 12.637 12.6 12.57 12.54 12.51 12.513 12.573 12.655 12.74 12.832 12.897 12.91 12.908 12.913 12.918 12.927 12.89 12.785 12.673 12.56 12.485 12.465 12.46 12.458 12.483 12.537 12.592 12.647 12.682 12.7 12.715 12.725 12.725 12.727 12.74 12.747 12.757 12.77 12.775 12.79 12.818 12.848 12.88 12.9 12.918 12.942 12.967 12.993 13.035 13.107 13.185 13.235 13.2 13.095 13.028 13 12.945 12.865 12.795 12.755
12.43 12.39 12.358 12.37 12.42 12.485 12.547 12.597 12.637 12.667 12.68 12.68 12.68 12.65 12.598 12.56 12.53 12.503 12.513 12.573 12.648 12.733 12.83 12.915 12.945 12.935 12.925 12.915 12.905 12.86 12.765 12.658 12.53 12.438 12.418 12.42 12.433 12.463 12.515 12.57 12.637 12.687 12.705 12.723 12.737 12.725 12.71 12.717 12.722 12.73 12.737 12.743 12.76 12.785 12.81 12.84 12.86 12.87 12.888 12.913 12.938 12.985 13.063 13.15 13.222 13.23 13.182 13.15 13.132 13.08 12.997 12.915 12.845
12.398 12.368 12.368 12.4 12.448 12.505 12.555 12.595 12.63 12.66 12.687 12.7 12.7 12.67 12.608 12.555 12.52 12.5 12.52 12.578 12.653 12.74 12.833 12.93 12.977 12.97 12.96 12.947 12.917 12.862 12.787 12.672 12.51 12.383 12.353 12.375 12.405 12.438 12.485 12.548 12.637 12.7 12.718 12.743 12.767 12.742 12.695 12.685 12.69 12.7 12.705 12.71 12.728 12.753 12.78 12.807 12.827 12.83 12.835 12.858 12.883 12.935 13.017 13.092 13.137 13.16 13.18 13.195 13.2 13.17 13.097 13.018 12.948
12.373 12.37 12.4 12.435 12.47 12.512 12.55 12.585 12.62 12.65 12.685 12.712 12.72 12.69 12.625 12.56 12.51 12.498 12.53 12.58 12.655 12.75 12.84 12.937 13 13.005 12.995 12.97 12.92 12.847 12.765 12.647 12.48 12.35 12.323 12.353 12.385 12.415 12.458 12.54 12.65 12.712 12.738 12.77 12.8 12.775 12.705 12.665 12.66 12.667 12.673 12.683 12.698 12.72 12.75 12.775 12.795 12.797 12.79 12.803 12.828 12.883 12.962 13.015 13.04 13.063 13.095 13.135 13.17 13.185 13.167 13.117 13.055
12.355 12.377 12.41 12.437 12.457 12.485 12.525 12.565 12.602 12.637 12.675 12.71 12.732 12.71 12.645 12.575 12.508 12.488 12.52 12.555 12.633 12.75 12.85 12.942 13.017 13.04 13.022 12.977 12.892 12.775 12.68 12.6 12.46 12.343 12.328 12.353 12.38 12.408 12.455 12.56 12.675 12.732 12.762 12.795 12.827 12.807 12.733 12.668 12.635 12.633 12.64 12.655 12.67 12.69 12.72 12.745 12.767 12.772 12.755 12.753 12.775 12.83 12.89 12.92 12.943 12.97 13.005 13.045 13.088 13.132 13.167 13.167 13.145
12.33 12.36 12.387 12.41 12.42 12.44 12.483 12.525 12.567 12.61 12.65 12.687 12.715 12.7 12.632 12.55 12.483 12.46 12.48 12.508 12.583 12.715 12.84 12.945 13.037 13.07 13.02 12.925 12.795 12.65 12.573 12.547 12.44 12.335 12.338 12.367 12.392 12.418 12.485 12.595 12.677 12.717 12.752 12.805 12.852 12.837 12.767 12.692 12.63 12.605 12.61 12.625 12.64 12.66 12.69 12.715 12.74 12.745 12.727 12.715 12.728 12.767 12.8 12.823 12.848 12.878 12.915 12.958 13.008 13.062 13.107 13.132 13.132
12.305 12.335 12.36 12.375 12.38 12.4 12.44 12.48 12.522 12.56 12.582 12.595 12.6 12.595 12.552 12.475 12.43 12.425 12.438 12.465 12.53 12.653 12.795 12.925 13.04 13.055 12.947 12.805 12.655 12.528 12.478 12.482 12.407 12.328 12.345 12.38 12.405 12.44 12.52 12.602 12.645 12.673 12.705 12.755 12.795 12.785 12.74 12.68 12.608 12.57 12.578 12.595 12.61 12.63 12.657 12.682 12.705 12.707 12.695 12.68 12.675 12.685 12.703 12.728 12.753 12.785 12.83 12.883 12.94 12.997 13.042 13.07 13.037
12.28 12.307 12.325 12.335 12.34 12.358 12.39 12.412 12.427 12.437 12.435 12.423 12.413 12.42 12.425 12.403 12.39 12.398 12.405 12.423 12.478 12.59 12.733 12.875 13 12.977 12.82 12.665 12.515 12.415 12.393 12.4 12.358 12.323 12.353 12.388 12.418 12.465 12.53 12.575 12.605 12.635 12.66 12.698 12.735 12.728 12.688 12.635 12.575 12.548 12.555 12.565 12.578 12.598 12.618 12.638 12.653 12.65 12.643 12.633 12.62 12.615 12.623 12.638 12.663 12.703 12.755 12.815 12.875 12.932 12.98 12.995 12.93
12.247 12.275 12.29 12.3 12.308 12.318 12.328 12.325 12.313 12.3 12.29 12.278 12.28 12.315 12.36 12.375 12.37 12.373 12.375 12.383 12.423 12.528 12.67 12.812 12.922 12.872 12.698 12.53 12.38 12.308 12.308 12.315 12.318 12.333 12.368 12.403 12.438 12.475 12.508 12.535 12.565 12.595 12.64 12.713 12.772 12.765 12.71 12.653 12.61 12.595 12.595 12.593 12.6 12.615 12.625 12.638 12.645 12.643 12.64 12.638 12.635 12.645 12.648 12.635 12.633 12.65 12.693 12.75 12.808 12.865 12.915 12.9 12.805
12.2 12.237 12.265 12.277 12.285 12.295 12.298 12.288 12.273 12.258 12.245 12.24 12.263 12.323 12.377 12.387 12.373 12.36 12.353 12.353 12.373 12.463 12.6 12.725 12.812 12.752 12.577 12.403 12.265 12.233 12.265 12.298 12.343 12.398 12.445 12.48 12.513 12.533 12.543 12.558 12.578 12.603 12.665 12.76 12.827 12.825 12.77 12.723 12.698 12.688 12.685 12.683 12.69 12.703 12.71 12.718 12.723 12.725 12.725 12.725 12.73 12.76 12.782 12.765 12.725 12.698 12.71 12.743 12.775 12.81 12.84 12.823 12.763
12.14 12.185 12.23 12.257 12.27 12.283 12.295 12.292 12.278 12.263 12.253 12.265 12.305 12.365 12.402 12.4 12.385 12.368 12.353 12.343 12.34 12.395 12.503 12.605 12.685 12.625 12.45 12.303 12.23 12.25 12.308 12.365 12.423 12.495 12.565 12.607 12.637 12.65 12.655 12.665 12.683 12.7 12.735 12.81 12.882 12.885 12.835 12.803 12.79 12.78 12.775 12.78 12.795 12.81 12.82 12.825 12.828 12.832 12.835 12.838 12.848 12.885 12.935 12.942 12.898 12.838 12.813 12.82 12.83 12.843 12.85 12.848 12.84
12.083 12.125 12.175 12.22 12.253 12.27 12.283 12.29 12.282 12.27 12.275 12.305 12.35 12.402 12.422 12.41 12.398 12.383 12.368 12.358 12.35 12.368 12.413 12.48 12.555 12.497 12.36 12.288 12.283 12.33 12.39 12.45 12.508 12.583 12.67 12.732 12.762 12.775 12.788 12.805 12.83 12.85 12.855 12.88 12.94 12.95 12.91 12.89 12.88 12.87 12.868 12.88 12.9 12.917 12.927 12.932 12.935 12.94 12.947 12.953 12.968 13.01 13.07 13.107 13.082 13.007 12.945 12.93 12.937 12.945 12.95 12.952 12.95
12.045 12.083 12.133 12.19 12.247 12.28 12.285 12.285 12.285 12.29 12.315 12.355 12.398 12.432 12.438 12.425 12.418 12.41 12.403 12.4 12.4 12.403 12.408 12.43 12.463 12.428 12.365 12.343 12.358 12.41 12.47 12.53 12.59 12.665 12.76 12.845 12.887 12.902 12.917 12.935 12.955 12.975 12.985 12.99 13.017 13.022 12.995 12.98 12.97 12.962 12.965 12.975 12.985 12.995 12.997 12.995 12.992 13.005 13.037 13.062 13.085 13.13 13.185 13.23 13.217 13.142 13.06 13.017 13.017 13.025 13.032 13.04 13.045
12.075 12.098 12.133 12.193 12.26 12.315 12.327 12.315 12.315 12.338 12.375 12.415 12.455 12.475 12.473 12.468 12.465 12.465 12.465 12.465 12.465 12.465 12.47 12.473 12.463 12.443 12.418 12.428 12.48 12.535 12.585 12.635 12.685 12.742 12.817 12.9 12.947 12.96 12.972 12.987 13.002 13.017 13.035 13.055 13.077 13.082 13.067 13.052 13.03 13.002 12.992 12.995 12.995 12.995 12.995 12.99 12.978 12.995 13.05 13.097 13.13 13.167 13.207 13.23 13.21 13.14 13.06 13.025 13.03 13.04 13.05 13.06 13.07
12.152 12.163 12.17 12.208 12.27 12.345 12.385 12.38 12.388 12.418 12.458 12.5 12.542 12.553 12.54 12.54 12.54 12.538 12.535 12.535 12.535 12.535 12.537 12.53 12.51 12.488 12.49 12.558 12.652 12.715 12.755 12.79 12.792 12.79 12.833 12.9 12.94 12.953 12.967 12.983 12.998 13.015 13.04 13.073 13.11 13.125 13.112 13.082 13.03 12.978 12.95 12.945 12.945 12.948 12.952 12.955 12.945 12.958 13.007 13.05 13.08 13.11 13.132 13.135 13.11 13.048 12.99 12.985 13 13.01 13.02 13.03 13.042
12.225 12.24 12.235 12.24 12.283 12.36 12.43 12.455 12.475 12.515 12.558 12.603 12.65 12.655 12.625 12.615 12.615 12.612 12.61 12.608 12.605 12.602 12.595 12.577 12.555 12.553 12.61 12.717 12.827 12.9 12.925 12.912 12.85 12.8 12.828 12.895 12.935 12.948 12.963 12.978 12.993 13.02 13.062 13.107 13.15 13.16 13.127 13.07 13 12.945 12.915 12.9 12.898 12.902 12.907 12.912 12.913 12.925 12.957 12.987 13.013 13.035 13.042 13.032 13.01 12.965 12.938 12.95 12.967 12.98 12.99 13.003 13.02
12.282 12.305 12.302 12.297 12.31 12.37 12.455 12.522 12.572 12.618 12.663 12.71 12.757 12.76 12.72 12.695 12.69 12.687 12.685 12.68 12.675 12.665 12.645 12.623 12.61 12.653 12.755 12.872 12.987 13.045 13.017 12.945 12.855 12.8 12.823 12.89 12.932 12.945 12.96 12.978 12.995 13.028 13.077 13.13 13.17 13.162 13.105 13.035 12.965 12.91 12.883 12.865 12.855 12.855 12.86 12.868 12.875 12.887 12.905 12.928 12.95 12.958 12.948 12.933 12.915 12.898 12.898 12.915 12.933 12.948 12.96 12.975 12.993
12.312 12.322 12.32 12.32 12.32 12.365 12.452 12.547 12.647 12.72 12.77 12.817 12.862 12.865 12.825 12.79 12.77 12.76 12.755 12.75 12.742 12.725 12.695 12.668 12.663 12.73 12.847 12.957 13.055 13.082 13.02 12.932 12.845 12.788 12.803 12.862 12.917 12.947 12.965 12.983 13 13.033 13.083 13.132 13.152 13.12 13.057 12.992 12.928 12.875 12.85 12.838 12.825 12.823 12.83 12.84 12.837 12.84 12.868 12.893 12.91 12.91 12.89 12.878 12.88 12.883 12.88 12.89 12.908 12.923 12.93 12.938 12.953
12.317 12.31 12.305 12.305 12.305 12.348 12.438 12.54 12.662 12.777 12.862 12.922 12.97 12.975 12.93 12.865 12.823 12.822 12.822 12.817 12.81 12.79 12.755 12.72 12.708 12.77 12.875 12.96 13.03 13.04 12.982 12.902 12.818 12.765 12.773 12.82 12.882 12.937 12.97 12.987 13.005 13.04 13.09 13.117 13.107 13.065 13.005 12.943 12.903 12.883 12.85 12.825 12.815 12.815 12.82 12.812 12.788 12.788 12.835 12.875 12.892 12.89 12.875 12.883 12.915 12.927 12.905 12.885 12.89 12.905 12.905 12.9 12.908
12.31 12.3 12.295 12.292 12.29 12.333 12.425 12.53 12.645 12.772 12.897 13.002 13.075 13.075 13.002 12.895 12.843 12.86 12.875 12.88 12.877 12.857 12.822 12.785 12.753 12.785 12.862 12.925 12.987 12.992 12.935 12.865 12.785 12.748 12.758 12.785 12.838 12.902 12.957 12.992 13.013 13.045 13.08 13.077 13.052 13.01 12.96 12.93 12.938 12.955 12.92 12.865 12.825 12.803 12.787 12.757 12.725 12.735 12.792 12.847 12.875 12.878 12.885 12.92 12.965 12.982 12.96 12.92 12.895 12.89 12.885 12.875 12.87
12.3 12.293 12.287 12.28 12.275 12.32 12.415 12.52 12.627 12.747 12.882 13.015 13.122 13.122 13.02 12.903 12.858 12.88 12.905 12.927 12.937 12.922 12.88 12.825 12.765 12.763 12.82 12.88 12.952 12.962 12.895 12.825 12.76 12.738 12.753 12.77 12.803 12.858 12.922 12.98 13.015 13.04 13.045 13.023 12.998 12.973 12.965 12.985 13.017 13.042 13.007 12.925 12.843 12.793 12.758 12.705 12.665 12.683 12.745 12.808 12.858 12.888 12.923 12.97 13.015 13.037 13.02 12.977 12.933 12.9 12.883 12.868 12.853
12.29 12.285 12.28 12.27 12.265 12.305 12.395 12.497 12.6 12.7 12.815 12.94 13.062 13.072 12.965 12.875 12.85 12.87 12.895 12.927 12.955 12.947 12.895 12.82 12.743 12.73 12.785 12.848 12.95 12.99 12.92 12.843 12.778 12.758 12.775 12.785 12.783 12.813 12.878 12.942 12.99 13.017 13.02 12.998 12.978 12.968 12.98 13.007 13.035 13.062 13.027 12.932 12.835 12.788 12.767 12.71 12.663 12.685 12.755 12.825 12.888 12.92 12.95 13 13.045 13.072 13.062 13.022 12.975 12.935 12.908 12.885 12.865
12.28 12.275 12.27 12.26 12.255 12.285 12.36 12.455 12.555 12.638 12.718 12.825 12.947 12.962 12.868 12.82 12.825 12.838 12.855 12.883 12.912 12.907 12.862 12.797 12.72 12.7 12.75 12.84 12.992 13.062 13 12.92 12.843 12.81 12.825 12.81 12.76 12.768 12.832 12.882 12.905 12.947 13.005 13.015 12.998 12.983 12.978 12.983 13 13.03 13 12.907 12.81 12.77 12.782 12.755 12.725 12.76 12.833 12.902 12.965 12.983 12.978 13.01 13.055 13.085 13.087 13.06 13.015 12.975 12.943 12.915 12.895
