EGM722_Project_Data/DTM_asc/TL4555.asc
ncols         200
nrows         200
xllcorner     545000.000
yllcorner     255000.000
cellsize      5
NODATA_value  -9999.0
[rows 160 to 191 of 200, columns 73 to 145 of 200]
13.09 13.023 12.958 12.9 12.853 12.808 12.775 12.757 12.717 12.65 12.58 12.51 11.968 11.46 11.46 11.46 11.46 11.46 11.883 12.367 12.442 12.475 12.518 12.575 12.663 12.778 12.9 13.005 13.085 13.153 13.225 13.308 13.422 13.445 13.345 13.248 13.163 13.11 13.065 12.995 12.915 12.883 12.9 12.948 13.023 13.045 13.005 12.955 12.955 13 13.048 13.135 13.27 13.26 13.04 12.77 12.497 11.835 11.948 12.722 13.007 13.152 13.147 13.127 13.095 13.113 13.167 13.205 13.235 13.25 13.248 13.245 13.255
13.173 13.09 13.008 12.933 12.868 12.805 12.758 12.738 12.713 12.655 12.585 12.512 11.968 11.46 11.46 11.46 11.46 11.56 12.013 12.427 12.51 12.55 12.59 12.63 12.688 12.785 12.908 13.027 13.132 13.215 13.29 13.365 13.447 13.442 13.338 13.23 13.13 13.055 12.985 12.905 12.825 12.808 13.045 13.4 13.69 13.775 13.675 13.573 13.398 13.13 13.025 13.155 13.307 13.305 13.1 12.85 12.61 12.02 12.01 12.667 13.01 13.155 13.15 13.15 13.145 13.16 13.195 13.225 13.257 13.275 13.273 13.267 13.26
13.29 13.222 13.142 13.06 12.98 12.9 12.838 12.8 12.74 12.65 12.575 12.512 11.97 11.46 11.46 11.46 11.46 11.82 12.35 12.55 12.6 12.64 12.68 12.72 12.758 12.828 12.94 13.06 13.175 13.252 13.312 13.382 13.442 13.432 13.34 13.23 13.125 13.02 12.92 12.835 12.858 13.243 13.88 14.412 14.83 14.945 14.82 14.725 14.522 13.963 13.335 13.163 13.27 13.325 13.225 13.02 12.792 12.46 12.078 12.355 12.962 13.15 13.17 13.173 13.178 13.195 13.225 13.255 13.287 13.305 13.3 13.293 13.288
13.335 13.287 13.23 13.17 13.11 13.05 12.99 12.925 12.81 12.653 12.54 12.507 12.237 11.713 11.46 11.46 11.705 12.24 12.575 12.65 12.7 12.74 12.78 12.817 12.853 12.908 13.005 13.122 13.222 13.272 13.303 13.358 13.41 13.402 13.335 13.24 13.132 13.015 12.893 12.793 13.143 14.08 14.905 15.397 15.815 15.962 15.86 15.762 15.57 14.952 13.983 13.34 13.198 13.25 13.285 13.185 12.98 12.7 11.981 12.038 12.835 13.085 13.177 13.207 13.213 13.23 13.26 13.292 13.325 13.337 13.33 13.32 13.315
13.31 13.27 13.23 13.19 13.152 13.115 13.062 12.995 12.87 12.675 12.515 12.505 12.515 12.22 11.955 11.943 12.187 12.502 12.62 12.722 12.795 12.84 12.88 12.915 12.948 12.988 13.07 13.18 13.265 13.302 13.313 13.343 13.375 13.357 13.305 13.237 13.14 13.02 12.89 12.94 13.673 14.742 15.545 16.177 16.695 16.895 16.825 16.682 16.312 15.582 14.628 13.795 13.393 13.318 13.285 13.253 13.145 12.882 12.3 12.108 12.59 12.957 13.115 13.2 13.24 13.262 13.292 13.327 13.362 13.375 13.362 13.35 13.345
13.29 13.253 13.215 13.178 13.143 13.108 13.068 13.017 12.927 12.745 12.528 12.485 12.512 12.472 12.447 12.422 12.432 12.518 12.643 12.765 12.87 12.935 12.975 13.01 13.04 13.07 13.135 13.227 13.302 13.337 13.343 13.35 13.347 13.315 13.265 13.212 13.137 13.017 12.873 13.233 14.292 15.312 16.052 16.75 17.312 17.59 17.672 17.45 16.9 16.132 15.182 14.308 13.845 13.685 13.53 13.43 13.317 13.06 12.692 12.075 12.173 12.822 13.01 13.12 13.212 13.275 13.317 13.352 13.387 13.402 13.392 13.38 13.373
13.28 13.26 13.235 13.205 13.17 13.135 13.098 13.045 12.972 12.837 12.618 12.493 12.485 12.465 12.44 12.43 12.465 12.558 12.683 12.808 12.942 13.027 13.055 13.087 13.12 13.152 13.195 13.26 13.332 13.367 13.372 13.365 13.33 13.28 13.23 13.18 13.125 13.022 12.86 13.29 14.535 15.732 16.55 17.172 17.562 17.825 17.942 17.652 17.085 16.4 15.587 14.75 14.252 14.052 13.852 13.655 13.437 13.187 12.877 12.088 11.963 12.65 12.905 13.015 13.16 13.277 13.32 13.352 13.385 13.4 13.395 13.387 13.383
13.252 13.247 13.237 13.222 13.205 13.185 13.147 13.077 12.982 12.872 12.722 12.553 12.47 12.455 12.448 12.47 12.52 12.613 12.738 12.875 13.035 13.127 13.138 13.158 13.19 13.222 13.25 13.293 13.36 13.395 13.395 13.365 13.305 13.25 13.2 13.16 13.127 13.035 12.873 13.22 14.488 16.005 16.997 17.422 17.612 17.765 17.68 17.32 16.935 16.447 15.74 14.887 14.32 14.135 13.955 13.715 13.47 13.245 13.007 12.515 12.078 12.36 12.792 12.913 13.115 13.28 13.307 13.335 13.367 13.385 13.38 13.375 13.375
13.22 13.223 13.225 13.225 13.225 13.222 13.185 13.09 12.98 12.87 12.75 12.608 12.493 12.463 12.488 12.53 12.578 12.668 12.805 12.965 13.135 13.23 13.237 13.24 13.26 13.287 13.31 13.338 13.39 13.425 13.402 13.342 13.275 13.22 13.18 13.158 13.14 13.042 12.88 13.255 14.515 16.212 17.279 17.49 17.605 17.6 17.33 17.008 16.807 16.457 15.697 14.743 14.05 13.87 13.857 13.722 13.5 13.275 13.07 12.827 12.023 11.96 12.66 12.82 13.07 13.27 13.295 13.32 13.352 13.372 13.372 13.37 13.37
13.205 13.215 13.227 13.237 13.242 13.247 13.217 13.115 12.985 12.868 12.753 12.648 12.555 12.525 12.56 12.598 12.638 12.728 12.875 13.037 13.202 13.3 13.317 13.317 13.322 13.342 13.367 13.392 13.427 13.437 13.385 13.31 13.245 13.198 13.175 13.162 13.147 13.062 12.913 13.308 14.502 15.915 16.835 17.282 17.505 17.347 17.045 16.845 16.742 16.392 15.595 14.587 13.72 13.42 13.51 13.54 13.465 13.305 13.1 12.895 12.163 11.863 12.422 12.777 13.075 13.26 13.285 13.31 13.34 13.36 13.365 13.367 13.37
13.185 13.193 13.202 13.212 13.22 13.227 13.2 13.102 12.978 12.893 12.82 12.74 12.67 12.643 12.665 12.695 12.73 12.783 12.893 13.05 13.207 13.31 13.342 13.35 13.352 13.37 13.4 13.427 13.45 13.43 13.363 13.29 13.225 13.188 13.173 13.16 13.155 13.095 12.99 13.238 14.2 15.26 16.02 16.717 17.097 17.052 16.855 16.66 16.467 16.03 15.222 14.205 13.4 13.193 13.285 13.378 13.427 13.332 13.133 12.945 12.655 12.035 12.083 12.767 13.112 13.25 13.275 13.295 13.315 13.327 13.332 13.337 13.34
13.168 13.168 13.165 13.163 13.165 13.17 13.132 13.048 12.958 12.92 12.922 12.887 12.82 12.778 12.785 12.818 12.855 12.87 12.905 13.025 13.18 13.282 13.33 13.35 13.355 13.375 13.405 13.427 13.442 13.415 13.345 13.28 13.22 13.183 13.168 13.16 13.175 13.138 13.123 13.29 13.853 14.675 15.367 15.92 16.347 16.54 16.46 16.21 15.875 15.352 14.575 13.68 13.223 13.273 13.365 13.435 13.457 13.36 13.173 13.043 12.985 12.205 11.878 12.692 13.147 13.23 13.247 13.257 13.265 13.272 13.278 13.282 13.285
13.165 13.16 13.15 13.14 13.132 13.122 13.085 13.02 12.945 12.913 12.95 12.98 12.955 12.91 12.905 12.943 12.982 12.997 12.993 13.033 13.15 13.25 13.302 13.342 13.36 13.378 13.4 13.415 13.425 13.397 13.333 13.275 13.22 13.18 13.17 13.18 13.21 13.22 13.325 13.55 13.808 14.138 14.563 15.047 15.455 15.692 15.712 15.542 15.192 14.62 13.893 13.338 13.27 13.412 13.475 13.492 13.487 13.392 13.253 13.198 13.182 12.66 11.995 12.403 13.08 13.2 13.2 13.203 13.208 13.215 13.222 13.227 13.233
13.168 13.153 13.135 13.118 13.1 13.075 13.04 12.992 12.93 12.895 12.925 12.987 13.027 13.025 13.03 13.07 13.11 13.122 13.115 13.113 13.153 13.215 13.268 13.32 13.357 13.377 13.387 13.395 13.405 13.382 13.327 13.272 13.218 13.185 13.19 13.215 13.247 13.3 13.442 13.635 13.777 13.76 13.8 14.145 14.507 14.702 14.75 14.692 14.357 13.798 13.34 13.215 13.387 13.512 13.527 13.52 13.512 13.462 13.405 13.385 13.37 13.14 12.113 11.976 12.887 13.16 13.177 13.17 13.165 13.163 13.168 13.173 13.18
13.23 13.19 13.15 13.113 13.078 13.038 12.99 12.945 12.9 12.868 12.885 12.94 13 13.045 13.072 13.11 13.172 13.205 13.192 13.182 13.183 13.21 13.263 13.312 13.342 13.355 13.362 13.37 13.37 13.34 13.29 13.237 13.198 13.19 13.21 13.237 13.265 13.303 13.403 13.56 13.65 13.53 13.345 13.408 13.598 13.698 13.705 13.675 13.53 13.298 13.18 13.24 13.427 13.535 13.537 13.537 13.53 13.525 13.535 13.555 13.557 13.42 12.483 11.931 12.6 13.08 13.16 13.167 13.153 13.138 13.128 13.13 13.138
13.375 13.305 13.237 13.172 13.107 13.04 12.973 12.92 12.878 12.845 12.845 12.865 12.898 12.945 12.99 13.07 13.19 13.24 13.223 13.21 13.208 13.235 13.282 13.315 13.32 13.32 13.33 13.33 13.307 13.267 13.22 13.188 13.188 13.203 13.22 13.243 13.27 13.29 13.348 13.48 13.52 13.363 13.203 13.175 13.22 13.243 13.22 13.19 13.22 13.273 13.27 13.29 13.415 13.515 13.525 13.532 13.535 13.537 13.557 13.605 13.652 13.65 13.132 12.108 12.198 12.925 13.092 13.157 13.16 13.137 13.11 13.103 13.105
13.5 13.402 13.308 13.215 13.13 13.05 12.975 12.917 12.868 12.833 12.825 12.823 12.828 12.845 12.918 13.073 13.225 13.272 13.253 13.238 13.233 13.257 13.287 13.295 13.29 13.29 13.29 13.267 13.233 13.198 13.175 13.183 13.21 13.23 13.24 13.255 13.28 13.298 13.318 13.405 13.397 13.273 13.24 13.265 13.3 13.312 13.287 13.26 13.27 13.31 13.332 13.343 13.415 13.49 13.5 13.5 13.49 13.442 13.44 13.532 13.62 13.61 13.29 12.26 11.993 12.692 12.98 13.105 13.157 13.142 13.108 13.083 13.075
13.605 13.495 13.385 13.275 13.173 13.078 12.983 12.908 12.853 12.823 12.82 12.817 12.815 12.82 12.918 13.1 13.247 13.297 13.282 13.265 13.255 13.265 13.27 13.265 13.26 13.253 13.238 13.21 13.183 13.17 13.183 13.21 13.238 13.255 13.265 13.275 13.29 13.303 13.308 13.343 13.335 13.305 13.33 13.355 13.375 13.375 13.355 13.33 13.318 13.338 13.37 13.392 13.417 13.43 13.42 13.4 13.355 13.223 13.133 13.225 13.395 13.392 13.142 12.607 12.103 12.375 12.85 13 13.117 13.145 13.11 13.075 13.053
13.697 13.585 13.472 13.352 13.227 13.105 12.988 12.9 12.845 12.808 12.795 12.79 12.783 12.805 12.91 13.08 13.23 13.285 13.272 13.265 13.285 13.28 13.253 13.248 13.243 13.23 13.21 13.19 13.17 13.18 13.217 13.25 13.275 13.283 13.285 13.295 13.305 13.315 13.323 13.33 13.345 13.365 13.387 13.41 13.41 13.395 13.382 13.365 13.35 13.363 13.395 13.412 13.39 13.335 13.285 13.25 13.175 12.985 12.803 12.79 13.028 13.212 13.015 12.76 12.028 12.003 12.717 12.875 13.052 13.132 13.095 13.06 13.028
13.75 13.625 13.5 13.37 13.237 13.103 12.98 12.898 12.848 12.8 12.76 12.74 12.73 12.768 12.878 13.028 13.177 13.24 13.235 13.273 13.365 13.367 13.29 13.253 13.24 13.23 13.212 13.193 13.17 13.19 13.25 13.297 13.322 13.322 13.315 13.32 13.33 13.338 13.345 13.358 13.375 13.395 13.415 13.422 13.4 13.375 13.365 13.36 13.365 13.382 13.402 13.39 13.335 13.255 13.178 13.118 13.005 12.795 12.66 12.673 12.898 13.072 12.868 12.66 12.103 11.945 12.492 12.778 13.005 13.105 13.068 13.033 12.998
13.73 13.61 13.487 13.36 13.23 13.097 12.973 12.893 12.853 12.815 12.763 12.71 12.683 12.733 12.855 12.99 13.13 13.203 13.243 13.348 13.48 13.497 13.4 13.313 13.255 13.228 13.215 13.197 13.178 13.205 13.275 13.337 13.37 13.367 13.355 13.35 13.355 13.363 13.37 13.385 13.405 13.425 13.435 13.417 13.38 13.353 13.348 13.358 13.375 13.392 13.385 13.342 13.277 13.195 13.11 13.048 12.973 12.835 12.783 12.855 13.005 13.037 12.843 12.675 12.482 12.048 12.178 12.73 12.977 13.077 13.042 13.005 12.97
13.637 13.532 13.425 13.31 13.192 13.075 12.963 12.895 12.865 12.835 12.782 12.71 12.663 12.715 12.843 12.97 13.103 13.21 13.318 13.452 13.587 13.622 13.54 13.432 13.313 13.235 13.215 13.2 13.19 13.225 13.295 13.365 13.412 13.415 13.4 13.388 13.38 13.388 13.4 13.415 13.433 13.445 13.435 13.4 13.36 13.338 13.345 13.365 13.385 13.385 13.345 13.287 13.22 13.135 13.063 13.055 13.087 13.07 13.05 13.07 13.1 13.08 12.955 12.793 12.663 12.208 12.293 12.82 12.963 13.051 13.016 13.036 13.143
13.56 13.455 13.35 13.243 13.138 13.043 12.96 12.908 12.88 12.847 12.792 12.73 12.7 12.75 12.865 12.99 13.128 13.273 13.415 13.552 13.69 13.73 13.632 13.492 13.338 13.24 13.218 13.205 13.21 13.255 13.325 13.392 13.442 13.452 13.437 13.423 13.425 13.443 13.455 13.468 13.478 13.472 13.448 13.41 13.373 13.37 13.395 13.415 13.437 13.385 13.29 13.23 13.16 13.085 13.063 13.117 13.175 13.187 13.18 13.168 13.15 13.133 13.065 13.093 13.265 13.32 13.555 13.863 14.006 14.196 14.366 14.568 14.88
13.515 13.41 13.305 13.208 13.123 13.048 12.98 12.925 12.892 12.857 12.808 12.775 12.775 12.815 12.913 13.045 13.195 13.352 13.5 13.64 13.762 13.762 13.632 13.47 13.315 13.238 13.228 13.228 13.248 13.298 13.362 13.422 13.467 13.477 13.46 13.46 13.498 13.53 13.54 13.547 13.54 13.515 13.488 13.458 13.425 13.435 13.477 13.507 13.532 13.442 13.27 13.17 13.103 13.073 13.1 13.14 13.155 13.145 13.185 13.28 13.435 13.668 13.923 14.298 14.798 15.227 15.515 15.757 16.067 16.445 16.819 17.134 17.439
13.475 13.375 13.288 13.21 13.145 13.082 13.015 12.945 12.903 12.878 12.85 12.845 12.855 12.878 12.963 13.108 13.268 13.432 13.585 13.71 13.777 13.717 13.575 13.425 13.303 13.255 13.255 13.265 13.29 13.337 13.392 13.442 13.487 13.5 13.498 13.53 13.582 13.617 13.627 13.62 13.59 13.555 13.533 13.512 13.485 13.495 13.547 13.595 13.627 13.537 13.32 13.143 13.068 13.128 13.253 13.358 13.46 13.608 13.86 14.175 14.588 15.082 15.572 16.047 16.507 16.892 17.157 17.4 17.704 18.037 18.332 18.602 18.852
13.45 13.375 13.307 13.242 13.177 13.115 13.05 12.97 12.92 12.918 12.923 12.93 12.94 12.953 13.025 13.172 13.34 13.51 13.655 13.737 13.74 13.647 13.503 13.38 13.338 13.338 13.328 13.323 13.333 13.368 13.413 13.458 13.503 13.533 13.565 13.615 13.667 13.702 13.7 13.67 13.63 13.595 13.575 13.56 13.54 13.558 13.612 13.665 13.71 13.68 13.552 13.413 13.355 13.468 13.73 14.062 14.385 14.712 15.082 15.445 15.83 16.214 16.557 16.892 17.227 17.535 17.817 18.092 18.332 18.552 18.787 19.045 19.315
13.407 13.36 13.307 13.255 13.202 13.145 13.082 13.003 12.958 12.975 12.997 13.01 13.02 13.033 13.08 13.198 13.36 13.532 13.65 13.685 13.667 13.572 13.428 13.385 13.457 13.487 13.465 13.44 13.423 13.438 13.475 13.518 13.56 13.608 13.66 13.71 13.752 13.77 13.75 13.71 13.668 13.633 13.615 13.6 13.583 13.59 13.63 13.68 13.73 13.755 13.74 13.717 13.717 13.857 14.175 14.567 14.945 15.267 15.567 15.855 16.13 16.39 16.645 16.912 17.195 17.495 17.805 18.1 18.357 18.565 18.76 18.967 19.167
13.33 13.29 13.253 13.218 13.183 13.143 13.097 13.043 13.02 13.043 13.065 13.082 13.095 13.11 13.14 13.208 13.338 13.492 13.572 13.585 13.58 13.495 13.408 13.478 13.61 13.65 13.625 13.587 13.555 13.56 13.593 13.628 13.668 13.717 13.762 13.79 13.8 13.795 13.78 13.747 13.703 13.67 13.655 13.64 13.62 13.608 13.618 13.655 13.705 13.725 13.715 13.715 13.735 13.917 14.245 14.557 14.857 15.147 15.43 15.697 15.947 16.145 16.297 16.482 16.7 16.917 17.135 17.337 17.505 17.644 17.767 17.88 17.987
13.395 13.353 13.313 13.278 13.24 13.178 13.115 13.095 13.103 13.118 13.135 13.155 13.173 13.193 13.225 13.268 13.343 13.43 13.473 13.485 13.49 13.453 13.48 13.625 13.765 13.807 13.767 13.72 13.683 13.685 13.715 13.745 13.777 13.805 13.817 13.815 13.805 13.798 13.795 13.777 13.74 13.71 13.693 13.677 13.66 13.645 13.638 13.645 13.68 13.7 13.683 13.66 13.653 13.743 13.96 14.212 14.46 14.7 14.905 15.07 15.22 15.305 15.325 15.365 15.422 15.5 15.612 15.727 15.715 15.723 15.843 15.937 16.022
13.622 13.55 13.462 13.375 13.292 13.215 13.16 13.173 13.205 13.215 13.225 13.238 13.253 13.275 13.307 13.345 13.388 13.415 13.425 13.43 13.43 13.455 13.56 13.717 13.86 13.902 13.86 13.82 13.792 13.795 13.812 13.83 13.845 13.845 13.833 13.818 13.805 13.8 13.8 13.795 13.775 13.75 13.73 13.715 13.7 13.685 13.675 13.663 13.665 13.672 13.66 13.635 13.61 13.54 13.483 13.548 13.673 13.783 13.858 13.913 13.965 13.985 13.975 13.968 13.96 13.973 14.018 14.075 13.998 13.926 13.966 13.986 14.008
13.702 13.585 13.452 13.345 13.275 13.235 13.218 13.265 13.325 13.335 13.34 13.345 13.358 13.363 13.375 13.41 13.447 13.462 13.458 13.45 13.443 13.473 13.565 13.702 13.842 13.887 13.855 13.83 13.827 13.847 13.862 13.87 13.875 13.867 13.853 13.835 13.818 13.81 13.81 13.808 13.802 13.787 13.768 13.752 13.735 13.718 13.705 13.692 13.678 13.663 13.645 13.623 13.597 13.473 13.29 13.245 13.288 13.315 13.328 13.31 13.273 13.26 13.26 13.25 13.235 13.218 13.205 13.198 13.165 13.168 13.128 13.038 13.003
13.6 13.48 13.39 13.34 13.32 13.3 13.28 13.343 13.432 13.452 13.458 13.468 13.49 13.485 13.458 13.47 13.505 13.517 13.512 13.505 13.498 13.513 13.563 13.655 13.775 13.82 13.8 13.795 13.81 13.847 13.882 13.9 13.905 13.895 13.878 13.862 13.845 13.835 13.833 13.83 13.835 13.825 13.803 13.785 13.767 13.747 13.725 13.71 13.695 13.67 13.64 13.615 13.59 13.468 13.348 13.368 13.422 13.425 13.37 13.28 13.178 13.138 13.15 13.155 13.145 13.133 13.128 13.125 13.125 13.16 13.142 13.073 13.038
