EGM722_Project_Data/DTM_asc/TL4561.asc
ncols         200
nrows         200
xllcorner     545000.000
yllcorner     261000.000
cellsize      5
NODATA_value  -9999.0
[rows 160 to 191 of 200, columns 73 to 145 of 200]
12.825 12.782 12.705 12.65 12.64 12.695 12.79 12.897 12.977 13.02 13.057 13.092 13.097 13.045 12.98 12.955 12.95 12.958 12.985 12.987 12.955 12.928 12.917 12.907 12.893 12.888 12.9 12.915 12.93 12.94 12.94 12.943 12.955 12.983 13.017 13.047 13.067 13.035 12.975 12.958 12.965 12.985 13.02 13.062 13.105 13.143 13.18 13.21 13.217 13.197 13.165 13.135 13.095 13.09 13.132 13.187 13.252 13.315 13.347 13.198 12.985 12.925 12.923 12.918 12.93 12.975 13.02 13.035 13.035 13.025 12.957 12.84 12.725
12.783 12.763 12.73 12.715 12.72 12.77 12.852 12.94 13.005 13.043 13.075 13.107 13.122 13.1 13.08 13.08 13.075 13.072 13.067 13.04 12.997 12.968 12.95 12.935 12.925 12.918 12.923 12.935 12.95 12.96 12.96 12.955 12.963 12.985 13 13.02 13.038 13.018 12.993 12.995 13.005 13.018 13.043 13.08 13.12 13.16 13.197 13.232 13.255 13.24 13.205 13.172 13.138 13.142 13.212 13.31 13.395 13.462 13.525 13.457 13.253 13.08 12.96 12.903 12.918 12.965 13.025 13.07 13.082 13.05 12.96 12.84 12.723
12.795 12.793 12.782 12.775 12.78 12.828 12.905 12.977 13.032 13.072 13.105 13.135 13.16 13.165 13.16 13.16 13.155 13.145 13.117 13.075 13.03 13 12.99 12.977 12.965 12.955 12.95 12.955 12.97 12.98 12.98 12.985 13.008 13.035 13.043 13.045 13.048 13.048 13.053 13.063 13.067 13.052 13.058 13.092 13.13 13.17 13.207 13.245 13.27 13.265 13.24 13.207 13.165 13.13 13.173 13.292 13.41 13.51 13.607 13.672 13.647 13.47 13.192 12.957 12.895 12.955 13.015 13.075 13.11 13.065 12.955 12.835 12.715
12.855 12.845 12.828 12.815 12.818 12.863 12.937 13.005 13.062 13.107 13.14 13.167 13.19 13.2 13.2 13.197 13.192 13.182 13.15 13.105 13.06 13.03 13.025 13.017 13.005 12.995 12.985 12.98 12.99 13 13.003 13.03 13.072 13.105 13.127 13.135 13.13 13.133 13.145 13.14 13.112 13.07 13.063 13.098 13.133 13.17 13.21 13.225 13.235 13.262 13.265 13.24 13.195 13.13 13.095 13.158 13.285 13.417 13.525 13.575 13.582 13.425 13.107 12.86 12.8 12.897 13.007 13.075 13.102 13.05 12.942 12.825 12.705
12.917 12.9 12.878 12.858 12.855 12.898 12.967 13.032 13.095 13.142 13.172 13.195 13.215 13.232 13.24 13.235 13.23 13.217 13.18 13.135 13.09 13.06 13.055 13.052 13.045 13.035 13.025 13.015 13.013 13.018 13.04 13.09 13.135 13.165 13.195 13.22 13.232 13.227 13.207 13.165 13.108 13.068 13.07 13.105 13.14 13.175 13.197 13.175 13.178 13.232 13.27 13.267 13.225 13.157 13.083 13.065 13.148 13.22 13.212 13.145 13.065 12.9 12.698 12.64 12.66 12.748 12.917 13.055 13.07 13 12.912 12.81 12.695
12.975 12.952 12.927 12.905 12.895 12.928 12.993 13.058 13.122 13.175 13.205 13.225 13.245 13.262 13.275 13.275 13.27 13.252 13.21 13.165 13.12 13.088 13.08 13.08 13.077 13.07 13.06 13.05 13.04 13.05 13.102 13.162 13.197 13.217 13.232 13.247 13.26 13.25 13.21 13.155 13.095 13.065 13.08 13.113 13.147 13.175 13.152 13.115 13.135 13.188 13.242 13.277 13.252 13.177 13.097 13.035 13.02 12.978 12.873 12.768 12.665 12.555 12.505 12.523 12.54 12.575 12.715 12.932 13 12.925 12.847 12.765 12.677
12.985 12.96 12.935 12.915 12.915 12.958 13.023 13.085 13.15 13.2 13.227 13.25 13.27 13.288 13.305 13.312 13.307 13.285 13.24 13.192 13.145 13.105 13.088 13.085 13.085 13.082 13.077 13.07 13.06 13.085 13.145 13.18 13.19 13.195 13.195 13.195 13.195 13.185 13.16 13.125 13.08 13.065 13.09 13.117 13.147 13.16 13.11 13.065 13.09 13.14 13.192 13.24 13.23 13.157 13.08 13.03 12.983 12.895 12.785 12.673 12.558 12.445 12.4 12.418 12.435 12.455 12.523 12.712 12.852 12.82 12.745 12.673 12.638
12.95 12.93 12.905 12.9 12.93 12.99 13.055 13.115 13.175 13.215 13.238 13.262 13.287 13.312 13.335 13.347 13.342 13.315 13.27 13.217 13.165 13.12 13.09 13.08 13.08 13.08 13.08 13.075 13.068 13.097 13.13 13.117 13.105 13.105 13.105 13.105 13.105 13.095 13.075 13.055 13.055 13.073 13.093 13.115 13.14 13.137 13.093 13.05 13.05 13.09 13.132 13.162 13.16 13.113 13.063 13.045 13.025 12.95 12.84 12.727 12.612 12.47 12.35 12.323 12.34 12.365 12.405 12.503 12.657 12.702 12.628 12.585 12.608
12.91 12.9 12.885 12.91 12.96 13.02 13.085 13.145 13.195 13.225 13.245 13.268 13.295 13.325 13.352 13.375 13.375 13.342 13.295 13.24 13.185 13.14 13.105 13.083 13.075 13.075 13.075 13.073 13.077 13.09 13.075 13.038 13.018 13.015 13.015 13.017 13.017 13.005 12.993 13.005 13.058 13.1 13.11 13.12 13.135 13.125 13.087 13.052 13.028 13.038 13.065 13.088 13.1 13.092 13.082 13.08 13.07 13.005 12.892 12.78 12.665 12.54 12.368 12.248 12.248 12.283 12.33 12.378 12.483 12.557 12.528 12.543 12.602
12.87 12.878 12.888 12.935 12.993 13.053 13.115 13.17 13.207 13.23 13.252 13.275 13.298 13.328 13.36 13.39 13.397 13.365 13.315 13.26 13.205 13.16 13.125 13.095 13.073 13.065 13.068 13.07 13.07 13.05 13.01 12.97 12.938 12.925 12.925 12.93 12.93 12.93 12.958 13.017 13.075 13.1 13.105 13.107 13.115 13.11 13.08 13.045 13.01 13.003 13.025 13.045 13.055 13.065 13.08 13.09 13.095 13.047 12.945 12.832 12.717 12.602 12.427 12.228 12.163 12.205 12.255 12.303 12.36 12.415 12.458 12.53 12.597
12.883 12.883 12.91 12.965 13.025 13.085 13.142 13.187 13.215 13.235 13.258 13.283 13.308 13.338 13.37 13.4 13.412 13.385 13.332 13.277 13.222 13.175 13.137 13.102 13.073 13.06 13.065 13.067 13.055 13.023 12.98 12.94 12.908 12.893 12.885 12.878 12.878 12.91 12.977 13.032 13.047 13.047 13.05 13.058 13.072 13.077 13.057 13.023 12.99 12.99 13.012 13.017 13.008 13.01 13.03 13.05 13.052 13.007 12.922 12.822 12.72 12.62 12.507 12.315 12.193 12.223 12.27 12.318 12.363 12.4 12.458 12.55 12.62
13.01 12.948 12.953 12.995 13.055 13.115 13.165 13.197 13.222 13.245 13.268 13.293 13.32 13.35 13.38 13.41 13.427 13.405 13.35 13.29 13.22 13.16 13.12 13.088 13.07 13.065 13.067 13.065 13.052 13.025 12.983 12.945 12.928 12.92 12.905 12.89 12.895 12.94 12.992 13.005 12.99 12.985 12.993 13.005 13.025 13.035 13.027 13 12.973 12.977 12.987 12.975 12.955 12.955 12.975 12.985 12.962 12.902 12.82 12.732 12.645 12.583 12.555 12.455 12.345 12.348 12.393 12.435 12.477 12.503 12.523 12.593 12.672
13.157 13.063 13.038 13.045 13.085 13.142 13.182 13.205 13.23 13.255 13.28 13.305 13.33 13.36 13.39 13.42 13.442 13.422 13.36 13.28 13.188 13.125 13.098 13.08 13.073 13.07 13.067 13.06 13.047 13.025 12.988 12.96 12.955 12.95 12.938 12.935 12.947 12.965 12.967 12.95 12.93 12.925 12.938 12.955 12.975 12.985 12.985 12.972 12.957 12.955 12.945 12.925 12.905 12.905 12.917 12.902 12.86 12.797 12.715 12.64 12.59 12.575 12.585 12.565 12.498 12.48 12.527 12.57 12.607 12.622 12.62 12.655 12.725
13.217 13.17 13.15 13.135 13.138 13.165 13.192 13.215 13.24 13.265 13.29 13.315 13.34 13.37 13.4 13.43 13.455 13.425 13.343 13.25 13.16 13.11 13.095 13.085 13.075 13.07 13.062 13.05 13.04 13.022 12.998 12.983 12.98 12.977 12.972 12.975 12.98 12.97 12.94 12.905 12.875 12.868 12.885 12.905 12.928 12.937 12.935 12.932 12.927 12.915 12.895 12.875 12.855 12.852 12.845 12.802 12.75 12.69 12.635 12.608 12.605 12.615 12.625 12.635 12.612 12.61 12.652 12.687 12.717 12.735 12.737 12.743 12.785
13.213 13.22 13.22 13.207 13.192 13.183 13.195 13.22 13.245 13.272 13.297 13.322 13.342 13.365 13.392 13.42 13.445 13.425 13.352 13.265 13.185 13.14 13.123 13.108 13.087 13.065 13.047 13.032 13.02 13.01 13.01 13.012 13.01 13.007 12.997 12.987 12.982 12.97 12.935 12.89 12.858 12.855 12.873 12.89 12.905 12.9 12.89 12.882 12.857 12.82 12.8 12.8 12.797 12.785 12.747 12.687 12.628 12.61 12.633 12.65 12.66 12.67 12.68 12.688 12.698 12.708 12.722 12.747 12.775 12.802 12.82 12.832 12.86
13.2 13.222 13.24 13.24 13.227 13.21 13.203 13.218 13.245 13.272 13.297 13.317 13.32 13.33 13.355 13.38 13.405 13.405 13.37 13.312 13.245 13.2 13.172 13.137 13.095 13.048 13.013 12.993 12.98 12.988 13.02 13.042 13.045 13.04 13.017 12.99 12.978 12.965 12.933 12.898 12.88 12.883 12.897 12.91 12.902 12.875 12.852 12.822 12.77 12.708 12.665 12.658 12.667 12.652 12.603 12.545 12.498 12.548 12.667 12.725 12.733 12.74 12.75 12.765 12.8 12.803 12.775 12.775 12.795 12.825 12.855 12.882 12.897
13.2 13.22 13.242 13.26 13.26 13.245 13.225 13.223 13.243 13.267 13.29 13.292 13.275 13.28 13.305 13.33 13.355 13.355 13.335 13.31 13.27 13.227 13.185 13.135 13.08 13.025 12.978 12.945 12.943 12.975 13.025 13.062 13.077 13.07 13.04 13.005 12.98 12.96 12.935 12.918 12.91 12.908 12.92 12.922 12.892 12.848 12.818 12.778 12.713 12.643 12.573 12.52 12.49 12.475 12.47 12.47 12.448 12.498 12.652 12.77 12.807 12.815 12.828 12.865 12.922 12.925 12.875 12.84 12.83 12.842 12.86 12.87 12.87
13.2 13.22 13.24 13.265 13.28 13.275 13.257 13.24 13.243 13.262 13.27 13.25 13.225 13.23 13.255 13.28 13.305 13.302 13.277 13.252 13.237 13.19 13.122 13.077 13.03 12.98 12.933 12.918 12.945 12.988 13.033 13.078 13.107 13.1 13.065 13.028 12.995 12.968 12.95 12.945 12.943 12.94 12.93 12.897 12.845 12.81 12.807 12.775 12.705 12.63 12.555 12.475 12.458 12.5 12.54 12.565 12.503 12.5 12.63 12.77 12.865 12.892 12.918 12.98 13.037 13.025 12.965 12.91 12.86 12.835 12.83 12.822 12.817
13.208 13.23 13.25 13.272 13.272 13.25 13.237 13.232 13.237 13.245 13.23 13.2 13.175 13.18 13.202 13.22 13.237 13.232 13.203 13.18 13.185 13.127 13.028 12.975 12.933 12.908 12.91 12.945 12.998 13.04 13.08 13.123 13.157 13.155 13.12 13.08 13.038 13 12.988 12.99 12.99 12.99 12.95 12.863 12.793 12.793 12.822 12.795 12.725 12.645 12.553 12.498 12.593 12.722 12.765 12.725 12.588 12.545 12.645 12.773 12.895 12.962 12.995 13.037 13.067 13.045 12.982 12.917 12.852 12.805 12.783 12.77 12.762
13.223 13.247 13.27 13.27 13.227 13.175 13.155 13.162 13.177 13.175 13.152 13.13 13.125 13.13 13.133 13.14 13.15 13.145 13.125 13.12 13.132 13.077 12.955 12.88 12.868 12.895 12.95 13.01 13.067 13.115 13.155 13.195 13.232 13.232 13.195 13.15 13.092 13.045 13.038 13.047 13.05 13.05 12.995 12.885 12.808 12.808 12.84 12.81 12.725 12.625 12.535 12.583 12.787 12.947 12.955 12.84 12.675 12.605 12.675 12.795 12.91 12.98 13 13.01 13.02 13.002 12.952 12.89 12.828 12.78 12.743 12.72 12.71
13.24 13.262 13.267 13.227 13.163 13.11 13.075 13.063 13.068 13.063 13.058 13.07 13.103 13.115 13.098 13.085 13.075 13.065 13.063 13.07 13.08 13.035 12.933 12.873 12.893 12.953 13.015 13.075 13.135 13.187 13.23 13.27 13.31 13.305 13.255 13.197 13.133 13.085 13.08 13.097 13.107 13.11 13.052 12.955 12.88 12.85 12.847 12.79 12.685 12.573 12.573 12.755 13.002 13.145 13.09 12.93 12.765 12.663 12.703 12.817 12.902 12.94 12.948 12.955 12.965 12.952 12.915 12.86 12.803 12.758 12.713 12.678 12.657
13.257 13.262 13.225 13.162 13.1 13.048 13.008 12.98 12.973 12.985 13.015 13.06 13.112 13.14 13.125 13.098 13.07 13.048 13.04 13.043 13.048 13.03 12.993 12.97 12.975 13.013 13.072 13.135 13.197 13.255 13.3 13.337 13.367 13.35 13.29 13.227 13.163 13.12 13.12 13.14 13.157 13.162 13.117 13.04 12.967 12.907 12.838 12.735 12.625 12.585 12.723 12.96 13.167 13.237 13.145 13.005 12.852 12.718 12.723 12.82 12.875 12.892 12.898 12.903 12.91 12.9 12.868 12.825 12.78 12.738 12.698 12.66 12.615
13.25 13.227 13.16 13.095 13.035 12.98 12.948 12.943 12.955 12.985 13.033 13.085 13.137 13.172 13.167 13.142 13.117 13.088 13.06 13.05 13.05 13.06 13.077 13.092 13.092 13.093 13.125 13.183 13.25 13.31 13.352 13.382 13.395 13.367 13.31 13.247 13.183 13.148 13.155 13.177 13.2 13.207 13.172 13.105 13.032 12.957 12.87 12.758 12.635 12.67 12.88 13.07 13.182 13.17 13.065 12.955 12.83 12.72 12.713 12.777 12.827 12.845 12.85 12.855 12.86 12.857 12.833 12.808 12.798 12.79 12.783 12.772 12.68
13.212 13.175 13.098 13.025 12.958 12.925 12.94 12.975 13.01 13.04 13.078 13.123 13.17 13.205 13.207 13.187 13.162 13.132 13.098 13.078 13.075 13.09 13.125 13.165 13.19 13.202 13.215 13.243 13.298 13.357 13.397 13.412 13.41 13.382 13.327 13.263 13.2 13.173 13.188 13.212 13.235 13.242 13.21 13.145 13.075 13.003 12.932 12.85 12.733 12.765 12.937 13.035 13.07 13.022 12.908 12.793 12.705 12.673 12.683 12.715 12.76 12.792 12.802 12.808 12.815 12.822 12.812 12.8 12.822 12.857 12.877 12.87 12.745
13.165 13.122 13.045 12.958 12.89 12.898 12.96 13.02 13.065 13.102 13.135 13.167 13.207 13.24 13.245 13.232 13.21 13.18 13.145 13.113 13.103 13.123 13.16 13.197 13.235 13.275 13.302 13.325 13.357 13.402 13.435 13.435 13.422 13.397 13.345 13.28 13.223 13.203 13.222 13.245 13.265 13.27 13.24 13.185 13.12 13.05 12.98 12.912 12.83 12.823 12.887 12.915 12.927 12.875 12.755 12.668 12.643 12.653 12.67 12.69 12.715 12.743 12.758 12.765 12.775 12.785 12.785 12.783 12.815 12.862 12.885 12.837 12.695
13.115 13.057 12.967 12.883 12.855 12.893 12.958 13.027 13.082 13.127 13.167 13.202 13.24 13.262 13.265 13.262 13.252 13.227 13.19 13.15 13.13 13.147 13.185 13.222 13.26 13.297 13.335 13.375 13.405 13.435 13.452 13.447 13.437 13.415 13.365 13.298 13.243 13.233 13.255 13.275 13.295 13.297 13.265 13.215 13.16 13.095 13.028 12.968 12.913 12.863 12.803 12.773 12.78 12.72 12.638 12.63 12.655 12.673 12.688 12.705 12.72 12.728 12.725 12.725 12.735 12.745 12.752 12.765 12.805 12.857 12.875 12.79 12.622
13.052 12.957 12.86 12.818 12.845 12.898 12.955 13.022 13.08 13.123 13.167 13.21 13.237 13.24 13.237 13.24 13.24 13.23 13.202 13.165 13.133 13.133 13.165 13.202 13.24 13.277 13.315 13.352 13.39 13.422 13.432 13.427 13.42 13.405 13.37 13.312 13.255 13.25 13.282 13.305 13.325 13.322 13.287 13.24 13.187 13.137 13.092 13.047 13 12.947 12.843 12.72 12.65 12.605 12.605 12.65 12.687 12.707 12.722 12.737 12.75 12.74 12.705 12.688 12.695 12.705 12.712 12.728 12.775 12.84 12.842 12.727 12.555
12.952 12.838 12.78 12.8 12.85 12.903 12.955 13.018 13.077 13.12 13.162 13.195 13.2 13.19 13.183 13.18 13.18 13.18 13.172 13.15 13.115 13.098 13.115 13.148 13.185 13.225 13.265 13.303 13.342 13.375 13.385 13.38 13.367 13.355 13.345 13.317 13.263 13.255 13.297 13.327 13.35 13.347 13.312 13.26 13.2 13.162 13.145 13.12 13.087 13.047 12.977 12.833 12.663 12.598 12.63 12.68 12.72 12.74 12.755 12.77 12.77 12.74 12.69 12.658 12.655 12.665 12.667 12.673 12.718 12.782 12.787 12.687 12.513
12.825 12.748 12.755 12.807 12.86 12.91 12.96 13.015 13.072 13.12 13.15 13.157 13.15 13.14 13.13 13.123 13.12 13.12 13.12 13.115 13.095 13.075 13.073 13.095 13.135 13.175 13.215 13.255 13.295 13.327 13.337 13.327 13.307 13.29 13.29 13.29 13.26 13.258 13.3 13.34 13.372 13.372 13.33 13.265 13.2 13.168 13.16 13.147 13.132 13.11 13.08 12.995 12.825 12.68 12.66 12.71 12.75 12.772 12.787 12.797 12.78 12.735 12.685 12.64 12.62 12.622 12.62 12.615 12.645 12.685 12.692 12.655 12.533
12.725 12.715 12.76 12.813 12.865 12.918 12.97 13.02 13.073 13.11 13.117 13.11 13.1 13.09 13.08 13.07 13.063 13.06 13.06 13.06 13.055 13.05 13.045 13.053 13.085 13.125 13.165 13.205 13.245 13.28 13.285 13.265 13.243 13.228 13.23 13.243 13.248 13.268 13.313 13.36 13.395 13.385 13.332 13.265 13.2 13.17 13.165 13.153 13.14 13.13 13.12 13.082 12.982 12.823 12.723 12.74 12.78 12.805 12.82 12.815 12.78 12.73 12.68 12.63 12.593 12.578 12.57 12.565 12.58 12.598 12.603 12.608 12.583
12.705 12.738 12.79 12.84 12.893 12.948 13 13.053 13.09 13.095 13.085 13.073 13.06 13.048 13.035 13.023 13.01 13.003 13.003 13.008 13.013 13.017 13.018 13.03 13.068 13.11 13.15 13.19 13.217 13.23 13.24 13.235 13.215 13.205 13.21 13.225 13.258 13.305 13.353 13.395 13.407 13.377 13.325 13.263 13.203 13.173 13.167 13.16 13.15 13.14 13.125 13.095 13.05 12.965 12.835 12.78 12.812 12.837 12.842 12.817 12.77 12.72 12.67 12.62 12.58 12.563 12.558 12.558 12.568 12.58 12.59 12.6 12.615
12.77 12.8 12.848 12.898 12.953 13.005 13.058 13.105 13.112 13.093 13.078 13.06 13.045 13.03 13.015 13 12.983 12.968 12.963 12.968 12.977 12.985 12.99 13.025 13.08 13.125 13.165 13.185 13.162 13.145 13.182 13.225 13.225 13.213 13.218 13.245 13.303 13.362 13.402 13.417 13.395 13.355 13.312 13.26 13.205 13.178 13.173 13.167 13.157 13.145 13.122 13.083 13.045 13.017 12.95 12.86 12.845 12.87 12.857 12.812 12.76 12.71 12.658 12.61 12.588 12.583 12.58 12.583 12.595 12.612 12.625 12.635 12.648
