EGM722_Project_Data/DTM_asc/TL4553.asc
ncols         200
nrows         200
xllcorner     545000.000
yllcorner     253000.000
cellsize      5
NODATA_value  -9999.0
[rows 160 to 191 of 200, columns 73 to 145 of 200]
21.817 21.772 21.692 21.582 21.46 21.383 21.35 21.32 21.293 21.27 21.25 21.23 21.21 21.192 21.165 21.115 21.05 20.975 20.895 20.818 20.748 20.685 20.625 20.56 20.495 20.427 20.342 20.245 20.145 20.05 19.96 19.872 19.777 19.67 19.555 19.435 19.312 19.167 19.003 18.845 18.7 18.563 18.425 18.265 18.085 17.965 17.902 17.835 17.765 17.695 17.62 17.55 17.48 17.377 17.248 17.115 16.982 16.83 16.645 16.46 16.323 16.222 16.125 16.02 15.915 15.833 15.762 15.677 15.57 15.448 15.325 15.2 15.09
21.985 21.92 21.81 21.688 21.563 21.485 21.455 21.425 21.395 21.37 21.347 21.325 21.302 21.267 21.21 21.145 21.08 21.005 20.925 20.845 20.775 20.715 20.655 20.593 20.53 20.462 20.375 20.275 20.175 20.083 19.995 19.91 19.817 19.708 19.59 19.47 19.35 19.205 19.04 18.875 18.71 18.555 18.405 18.255 18.093 17.975 17.915 17.852 17.785 17.715 17.648 17.595 17.552 17.47 17.342 17.208 17.075 16.935 16.77 16.598 16.45 16.333 16.225 16.115 16.01 15.928 15.857 15.765 15.65 15.528 15.405 15.283 15.16
22.115 22.035 21.915 21.795 21.67 21.59 21.56 21.53 21.492 21.452 21.422 21.397 21.372 21.322 21.248 21.175 21.108 21.035 20.958 20.888 20.825 20.765 20.705 20.643 20.577 20.497 20.4 20.303 20.213 20.125 20.038 19.955 19.867 19.76 19.638 19.515 19.385 19.237 19.08 18.915 18.748 18.585 18.425 18.268 18.113 18.003 17.938 17.873 17.805 17.743 17.693 17.655 17.62 17.555 17.445 17.312 17.178 17.042 16.9 16.745 16.588 16.453 16.34 16.222 16.105 16.015 15.952 15.875 15.765 15.645 15.525 15.403 15.265
22.215 22.135 22.022 21.905 21.78 21.7 21.67 21.63 21.572 21.518 21.48 21.453 21.427 21.375 21.295 21.213 21.138 21.073 21.008 20.948 20.892 20.832 20.77 20.705 20.625 20.527 20.425 20.338 20.267 20.185 20.09 20.003 19.917 19.815 19.692 19.56 19.407 19.255 19.11 18.955 18.792 18.63 18.47 18.313 18.163 18.055 17.985 17.912 17.83 17.77 17.742 17.715 17.68 17.632 17.542 17.415 17.282 17.15 17.02 16.882 16.732 16.593 16.467 16.322 16.188 16.103 16.053 16.005 15.915 15.795 15.672 15.54 15.39
22.315 22.235 22.125 22.012 21.89 21.808 21.767 21.71 21.64 21.583 21.543 21.51 21.48 21.425 21.342 21.255 21.178 21.12 21.067 21.012 20.957 20.897 20.83 20.752 20.655 20.55 20.463 20.395 20.335 20.252 20.15 20.053 19.962 19.862 19.737 19.587 19.42 19.265 19.125 18.982 18.832 18.675 18.518 18.363 18.22 18.12 18.042 17.952 17.853 17.783 17.762 17.752 17.732 17.7 17.63 17.515 17.385 17.257 17.13 17 16.865 16.725 16.575 16.4 16.265 16.2 16.158 16.122 16.055 15.945 15.812 15.662 15.505
22.412 22.332 22.22 22.11 21.992 21.9 21.837 21.77 21.7 21.642 21.605 21.57 21.53 21.47 21.385 21.295 21.22 21.165 21.115 21.065 21.015 20.96 20.882 20.785 20.68 20.585 20.518 20.46 20.4 20.317 20.215 20.113 20.013 19.907 19.77 19.605 19.435 19.283 19.148 19.013 18.875 18.727 18.573 18.415 18.278 18.175 18.077 17.972 17.868 17.788 17.76 17.757 17.752 17.737 17.702 17.612 17.48 17.352 17.225 17.095 16.962 16.817 16.65 16.47 16.35 16.303 16.265 16.23 16.185 16.087 15.94 15.78 15.62
22.462 22.385 22.27 22.157 22.03 21.915 21.835 21.765 21.695 21.64 21.605 21.575 21.545 21.5 21.422 21.33 21.258 21.205 21.152 21.1 21.052 21 20.927 20.833 20.728 20.645 20.585 20.525 20.465 20.385 20.282 20.177 20.067 19.945 19.805 19.65 19.488 19.333 19.198 19.07 18.932 18.782 18.628 18.473 18.333 18.208 18.093 17.988 17.883 17.8 17.768 17.763 17.758 17.752 17.745 17.687 17.567 17.435 17.305 17.172 17.03 16.875 16.707 16.543 16.445 16.407 16.372 16.337 16.292 16.2 16.055 15.895 15.73
22.455 22.387 22.272 22.147 22 21.868 21.775 21.7 21.633 21.583 21.555 21.538 21.525 21.507 21.457 21.373 21.295 21.238 21.18 21.125 21.075 21.022 20.965 20.89 20.793 20.71 20.65 20.593 20.535 20.452 20.347 20.235 20.102 19.96 19.825 19.69 19.545 19.397 19.263 19.135 18.992 18.838 18.688 18.543 18.403 18.265 18.135 18.013 17.905 17.83 17.79 17.778 17.773 17.767 17.76 17.735 17.647 17.517 17.382 17.235 17.08 16.92 16.76 16.62 16.543 16.505 16.467 16.43 16.367 16.27 16.147 16.002 15.827
22.43 22.377 22.262 22.118 21.96 21.823 21.72 21.638 21.573 21.535 21.523 21.515 21.505 21.495 21.475 21.417 21.34 21.272 21.208 21.147 21.095 21.045 20.992 20.932 20.852 20.773 20.713 20.657 20.6 20.517 20.402 20.262 20.107 19.96 19.825 19.698 19.573 19.448 19.325 19.197 19.052 18.903 18.763 18.625 18.487 18.35 18.21 18.073 17.958 17.875 17.818 17.793 17.787 17.78 17.77 17.76 17.71 17.595 17.45 17.303 17.158 17.013 16.868 16.73 16.64 16.595 16.555 16.507 16.427 16.32 16.21 16.092 15.92
22.405 22.362 22.253 22.105 21.958 21.825 21.72 21.633 21.555 21.515 21.508 21.5 21.49 21.48 21.467 21.44 21.382 21.307 21.23 21.155 21.097 21.052 21.005 20.955 20.897 20.833 20.775 20.72 20.662 20.57 20.425 20.26 20.105 19.973 19.85 19.73 19.615 19.5 19.382 19.257 19.117 18.977 18.845 18.71 18.572 18.435 18.297 18.163 18.038 17.94 17.865 17.818 17.803 17.795 17.788 17.78 17.755 17.687 17.572 17.44 17.308 17.175 17.037 16.885 16.753 16.68 16.64 16.577 16.48 16.37 16.258 16.157 16.007
22.42 22.385 22.297 22.17 22.035 21.908 21.8 21.703 21.6 21.535 21.515 21.505 21.495 21.485 21.473 21.45 21.397 21.317 21.232 21.148 21.083 21.037 20.992 20.95 20.92 20.89 20.845 20.79 20.72 20.6 20.435 20.268 20.115 19.99 19.88 19.767 19.655 19.54 19.417 19.285 19.145 19.01 18.88 18.745 18.6 18.47 18.365 18.25 18.123 18.02 17.94 17.87 17.838 17.83 17.825 17.815 17.79 17.76 17.707 17.615 17.492 17.355 17.207 17.05 16.893 16.78 16.72 16.64 16.53 16.42 16.308 16.217 16.095
22.47 22.437 22.37 22.275 22.152 22.02 21.91 21.797 21.675 21.588 21.543 21.525 21.515 21.505 21.49 21.452 21.392 21.315 21.227 21.14 21.065 21.013 20.97 20.945 20.955 20.957 20.92 20.867 20.77 20.62 20.458 20.293 20.133 20 19.89 19.78 19.665 19.542 19.415 19.277 19.135 19 18.867 18.727 18.568 18.443 18.37 18.287 18.19 18.1 18.02 17.943 17.895 17.883 17.875 17.85 17.815 17.788 17.762 17.72 17.647 17.527 17.37 17.21 17.052 16.91 16.797 16.692 16.58 16.468 16.363 16.282 16.182
22.517 22.482 22.415 22.342 22.25 22.132 22.017 21.887 21.755 21.66 21.588 21.548 21.535 21.522 21.495 21.445 21.385 21.31 21.22 21.13 21.048 20.99 20.968 20.983 21.025 21.035 20.995 20.93 20.805 20.64 20.48 20.317 20.153 20.013 19.9 19.782 19.655 19.525 19.395 19.26 19.122 18.987 18.85 18.68 18.513 18.41 18.348 18.293 18.24 18.177 18.1 18.02 17.958 17.935 17.917 17.875 17.838 17.812 17.785 17.755 17.725 17.632 17.477 17.32 17.162 17.005 16.86 16.74 16.627 16.513 16.418 16.347 16.27
22.55 22.527 22.458 22.385 22.312 22.225 22.112 21.97 21.833 21.735 21.653 21.585 21.555 21.532 21.487 21.432 21.375 21.302 21.215 21.125 21.038 20.99 21.005 21.05 21.097 21.1 21.052 20.952 20.8 20.642 20.487 20.332 20.172 20.025 19.9 19.77 19.635 19.505 19.375 19.24 19.105 18.975 18.83 18.638 18.488 18.423 18.375 18.338 18.302 18.25 18.175 18.097 18.025 17.98 17.945 17.898 17.863 17.835 17.805 17.778 17.752 17.672 17.53 17.375 17.215 17.055 16.908 16.785 16.673 16.565 16.48 16.415 16.352
22.562 22.56 22.507 22.435 22.365 22.292 22.205 22.075 21.94 21.84 21.753 21.665 21.593 21.535 21.475 21.418 21.363 21.297 21.215 21.13 21.06 21.035 21.063 21.11 21.145 21.132 21.06 20.91 20.735 20.585 20.437 20.29 20.142 20.022 19.91 19.775 19.64 19.515 19.395 19.27 19.145 19.028 18.903 18.735 18.583 18.5 18.45 18.412 18.375 18.32 18.247 18.173 18.098 18.035 17.983 17.93 17.893 17.868 17.843 17.818 17.792 17.715 17.572 17.418 17.26 17.113 16.993 16.87 16.733 16.623 16.548 16.49 16.437
22.542 22.545 22.537 22.492 22.425 22.36 22.307 22.205 22.078 21.982 21.885 21.78 21.67 21.57 21.493 21.428 21.363 21.295 21.228 21.17 21.128 21.103 21.118 21.16 21.175 21.147 21.037 20.838 20.643 20.488 20.343 20.2 20.08 20.005 19.935 19.82 19.685 19.573 19.472 19.362 19.248 19.143 19.067 18.94 18.765 18.633 18.54 18.485 18.447 18.392 18.32 18.248 18.178 18.115 18.053 17.983 17.935 17.915 17.895 17.872 17.85 17.765 17.61 17.465 17.333 17.213 17.128 17.032 16.885 16.763 16.698 16.642 16.562
22.495 22.495 22.515 22.515 22.477 22.428 22.407 22.337 22.218 22.12 22.01 21.89 21.77 21.65 21.55 21.475 21.4 21.328 21.278 21.245 21.21 21.173 21.175 21.202 21.2 21.147 20.997 20.775 20.563 20.393 20.25 20.13 20.043 19.983 19.937 19.862 19.747 19.643 19.555 19.46 19.353 19.258 19.212 19.122 18.965 18.818 18.683 18.58 18.523 18.465 18.393 18.328 18.265 18.205 18.135 18.05 17.99 17.965 17.945 17.927 17.905 17.82 17.683 17.56 17.45 17.35 17.275 17.212 17.105 16.995 16.917 16.817 16.68
22.458 22.46 22.478 22.495 22.498 22.485 22.495 22.457 22.35 22.237 22.117 21.995 21.872 21.745 21.625 21.535 21.46 21.39 21.345 21.315 21.282 21.248 21.232 21.232 21.217 21.127 20.937 20.713 20.49 20.305 20.18 20.093 20.018 19.96 19.92 19.87 19.795 19.707 19.622 19.537 19.447 19.372 19.34 19.29 19.17 19.022 18.875 18.733 18.62 18.54 18.475 18.415 18.355 18.29 18.21 18.12 18.048 18.01 17.993 17.977 17.952 17.89 17.792 17.685 17.578 17.49 17.425 17.37 17.297 17.197 17.075 16.925 16.765
22.485 22.49 22.508 22.523 22.538 22.555 22.572 22.545 22.455 22.34 22.22 22.1 21.977 21.847 21.715 21.605 21.52 21.453 21.41 21.38 21.35 21.31 21.272 21.252 21.222 21.095 20.878 20.653 20.433 20.26 20.16 20.088 20.015 19.96 19.92 19.875 19.817 19.737 19.647 19.565 19.482 19.43 19.42 19.41 19.327 19.177 19.02 18.862 18.735 18.65 18.58 18.513 18.448 18.37 18.28 18.19 18.105 18.055 18.038 18.022 17.997 17.955 17.887 17.797 17.705 17.627 17.56 17.492 17.422 17.317 17.17 17.01 16.85
22.565 22.57 22.59 22.607 22.622 22.64 22.637 22.597 22.522 22.425 22.317 22.2 22.08 21.952 21.818 21.69 21.585 21.518 21.48 21.44 21.392 21.335 21.288 21.265 21.21 21.052 20.835 20.623 20.418 20.268 20.18 20.11 20.04 19.985 19.945 19.897 19.837 19.745 19.638 19.548 19.463 19.42 19.425 19.435 19.385 19.25 19.09 18.955 18.868 18.795 18.715 18.638 18.558 18.468 18.375 18.283 18.185 18.115 18.085 18.067 18.04 18 17.952 17.885 17.805 17.727 17.65 17.57 17.49 17.387 17.25 17.095 16.935
22.645 22.65 22.67 22.69 22.707 22.71 22.68 22.63 22.562 22.48 22.392 22.292 22.18 22.055 21.92 21.785 21.66 21.575 21.525 21.465 21.397 21.335 21.292 21.252 21.175 21.022 20.823 20.625 20.43 20.29 20.21 20.14 20.07 20.015 19.972 19.92 19.862 19.77 19.645 19.533 19.44 19.403 19.41 19.417 19.397 19.3 19.17 19.085 19.02 18.945 18.862 18.775 18.68 18.585 18.49 18.387 18.28 18.188 18.135 18.11 18.08 18.04 17.997 17.945 17.875 17.795 17.715 17.635 17.555 17.457 17.33 17.18 17.02
22.707 22.702 22.72 22.737 22.745 22.74 22.71 22.662 22.602 22.522 22.44 22.355 22.26 22.15 22.02 21.88 21.74 21.618 21.53 21.462 21.395 21.332 21.28 21.212 21.132 21.002 20.817 20.63 20.44 20.31 20.24 20.17 20.1 20.043 19.993 19.938 19.882 19.795 19.67 19.543 19.43 19.385 19.395 19.4 19.4 19.36 19.292 19.235 19.17 19.09 18.997 18.9 18.8 18.7 18.592 18.48 18.37 18.27 18.195 18.153 18.12 18.077 18.032 17.987 17.935 17.865 17.785 17.705 17.625 17.527 17.402 17.26 17.105
22.728 22.708 22.722 22.73 22.712 22.71 22.722 22.697 22.642 22.565 22.48 22.398 22.322 22.232 22.105 21.962 21.82 21.668 21.535 21.453 21.387 21.32 21.25 21.178 21.102 20.977 20.797 20.615 20.458 20.355 20.285 20.215 20.145 20.08 20.02 19.963 19.907 19.83 19.718 19.593 19.47 19.39 19.375 19.38 19.385 19.377 19.35 19.315 19.277 19.212 19.112 19.01 18.907 18.8 18.687 18.575 18.463 18.36 18.275 18.205 18.155 18.11 18.065 18.017 17.97 17.92 17.85 17.77 17.69 17.59 17.465 17.33 17.172
22.72 22.693 22.702 22.69 22.65 22.645 22.685 22.705 22.677 22.607 22.525 22.453 22.395 22.307 22.177 22.04 21.897 21.735 21.568 21.445 21.37 21.3 21.223 21.15 21.077 20.952 20.773 20.615 20.513 20.435 20.358 20.283 20.21 20.138 20.065 20.003 19.947 19.877 19.785 19.672 19.55 19.44 19.375 19.36 19.362 19.353 19.333 19.328 19.33 19.29 19.205 19.107 19.002 18.892 18.78 18.67 18.558 18.455 18.362 18.265 18.188 18.138 18.092 18.04 17.99 17.952 17.905 17.835 17.755 17.652 17.525 17.397 17.25
22.71 22.678 22.672 22.632 22.58 22.575 22.615 22.66 22.682 22.647 22.583 22.528 22.477 22.382 22.25 22.115 21.972 21.81 21.63 21.468 21.358 21.28 21.2 21.123 21.05 20.928 20.778 20.675 20.597 20.52 20.44 20.36 20.283 20.208 20.13 20.058 19.995 19.922 19.84 19.747 19.635 19.52 19.42 19.358 19.34 19.335 19.335 19.355 19.367 19.332 19.265 19.187 19.095 18.987 18.875 18.763 18.65 18.547 18.445 18.335 18.233 18.165 18.117 18.06 18.013 17.977 17.94 17.89 17.822 17.72 17.595 17.48 17.36
22.705 22.653 22.62 22.57 22.52 22.513 22.55 22.595 22.642 22.655 22.632 22.605 22.557 22.455 22.32 22.185 22.045 21.885 21.705 21.525 21.373 21.27 21.19 21.11 21.033 20.933 20.835 20.762 20.685 20.605 20.522 20.44 20.36 20.282 20.205 20.125 20.048 19.968 19.885 19.805 19.712 19.605 19.495 19.393 19.343 19.345 19.365 19.392 19.402 19.367 19.3 19.232 19.16 19.072 18.97 18.857 18.743 18.633 18.525 18.413 18.298 18.205 18.14 18.083 18.037 18 17.96 17.92 17.872 17.785 17.667 17.555 17.447
22.713 22.66 22.615 22.57 22.52 22.485 22.5 22.545 22.592 22.62 22.625 22.62 22.592 22.5 22.365 22.23 22.09 21.947 21.785 21.605 21.435 21.31 21.225 21.145 21.065 20.985 20.91 20.84 20.762 20.68 20.597 20.512 20.432 20.355 20.275 20.192 20.105 20.02 19.938 19.855 19.77 19.667 19.555 19.448 19.388 19.39 19.415 19.435 19.42 19.37 19.305 19.235 19.172 19.122 19.052 18.95 18.837 18.723 18.61 18.498 18.382 18.268 18.168 18.098 18.05 18.01 17.97 17.932 17.895 17.82 17.707 17.6 17.505
22.745 22.715 22.675 22.625 22.567 22.508 22.48 22.503 22.547 22.572 22.575 22.585 22.59 22.515 22.377 22.237 22.098 21.98 21.857 21.695 21.525 21.395 21.3 21.215 21.135 21.057 20.982 20.907 20.827 20.743 20.66 20.578 20.498 20.422 20.342 20.255 20.163 20.075 19.99 19.905 19.817 19.713 19.605 19.513 19.453 19.448 19.47 19.457 19.392 19.33 19.28 19.215 19.158 19.13 19.102 19.032 18.93 18.817 18.705 18.59 18.467 18.34 18.215 18.113 18.048 18.005 17.968 17.938 17.907 17.837 17.735 17.643 17.557
22.8 22.775 22.732 22.675 22.612 22.55 22.498 22.478 22.503 22.525 22.538 22.57 22.59 22.52 22.38 22.235 22.095 21.985 21.887 21.765 21.617 21.488 21.385 21.29 21.205 21.127 21.05 20.97 20.89 20.807 20.725 20.645 20.565 20.487 20.405 20.312 20.215 20.125 20.04 19.952 19.862 19.765 19.673 19.588 19.518 19.502 19.495 19.43 19.34 19.28 19.245 19.19 19.143 19.125 19.115 19.087 19.017 18.912 18.795 18.67 18.542 18.415 18.285 18.16 18.06 18.003 17.973 17.953 17.922 17.86 17.78 17.697 17.612
22.86 22.832 22.785 22.722 22.658 22.595 22.538 22.488 22.473 22.485 22.507 22.54 22.555 22.487 22.355 22.22 22.09 21.985 21.893 21.797 21.692 21.583 21.477 21.375 21.28 21.195 21.115 21.035 20.955 20.875 20.795 20.715 20.635 20.552 20.462 20.365 20.268 20.177 20.09 20 19.913 19.828 19.745 19.662 19.585 19.532 19.47 19.383 19.295 19.235 19.205 19.163 19.128 19.115 19.105 19.092 19.057 18.98 18.867 18.742 18.617 18.49 18.36 18.23 18.105 18.033 18.01 17.992 17.94 17.87 17.81 17.735 17.657
22.915 22.885 22.835 22.772 22.708 22.645 22.588 22.53 22.48 22.445 22.44 22.46 22.47 22.407 22.282 22.163 22.073 21.995 21.905 21.823 21.755 21.672 21.567 21.465 21.365 21.273 21.188 21.105 21.025 20.945 20.867 20.787 20.697 20.605 20.512 20.415 20.318 20.225 20.138 20.05 19.968 19.89 19.81 19.727 19.637 19.55 19.468 19.383 19.298 19.238 19.208 19.168 19.113 19.078 19.065 19.052 19.022 18.962 18.875 18.775 18.672 18.56 18.432 18.298 18.165 18.09 18.07 18.03 17.942 17.865 17.815 17.75 17.68
22.965 22.935 22.885 22.825 22.763 22.7 22.643 22.587 22.527 22.445 22.373 22.36 22.372 22.312 22.195 22.11 22.07 22.015 21.93 21.87 21.832 21.76 21.655 21.558 21.46 21.363 21.27 21.183 21.1 21.02 20.94 20.85 20.742 20.64 20.552 20.462 20.365 20.27 20.185 20.103 20.025 19.95 19.865 19.77 19.665 19.575 19.505 19.427 19.343 19.283 19.245 19.19 19.113 19.045 19.01 18.995 18.957 18.887 18.81 18.73 18.652 18.57 18.477 18.362 18.228 18.15 18.117 18.037 17.928 17.855 17.812 17.757 17.687
