EGM722_Project_Data/DTM_asc/TL4557.asc
ncols         200
nrows         200
xllcorner     545000.000
yllcorner     257000.000
cellsize      5
NODATA_value  -9999.0
[rows 32 to 63 of 200, columns 0 to 72 of 200]
10.49 10.373 10.293 10.255 10.215 10.158 10.143 10.238 10.395 10.553 10.785 10.997 11.03 10.963 10.91 10.9 10.943 11.03 11.065 11.045 11.025 10.998 10.973 10.965 10.973 10.99 11.01 11.03 11.063 11.11 11.16 11.21 11.28 11.367 11.43 11.432 11.395 11.36 11.36 11.42 11.477 11.477 11.448 11.423 11.413 11.425 11.47 11.525 11.57 11.607 11.632 11.647 11.662 11.652 11.62 11.592 11.555 11.505 11.485 11.495 11.507 11.515 11.515 11.512 11.508 11.508 11.52 11.54 11.555 11.567 11.57 11.565 11.565
10.545 10.428 10.393 10.398 10.378 10.34 10.288 10.295 10.403 10.558 10.722 10.797 10.768 10.743 10.773 10.855 10.945 11.035 11.082 11.065 11.035 11.013 10.998 10.995 10.998 11.008 11.025 11.05 11.09 11.14 11.188 11.238 11.305 11.39 11.445 11.435 11.395 11.358 11.338 11.35 11.355 11.335 11.323 11.33 11.353 11.38 11.425 11.485 11.54 11.587 11.615 11.63 11.645 11.652 11.642 11.605 11.555 11.508 11.488 11.495 11.51 11.522 11.522 11.517 11.512 11.513 11.523 11.54 11.558 11.575 11.585 11.592 11.605
10.62 10.555 10.64 10.737 10.735 10.675 10.58 10.498 10.485 10.58 10.675 10.685 10.663 10.665 10.738 10.847 10.945 11.035 11.095 11.092 11.06 11.038 11.028 11.023 11.02 11.025 11.043 11.075 11.12 11.167 11.213 11.265 11.328 11.4 11.445 11.432 11.395 11.355 11.323 11.305 11.29 11.278 11.285 11.31 11.335 11.36 11.395 11.445 11.507 11.557 11.58 11.592 11.607 11.622 11.617 11.582 11.535 11.498 11.485 11.49 11.505 11.52 11.52 11.513 11.51 11.515 11.528 11.545 11.563 11.582 11.6 11.615 11.63
10.713 10.733 10.89 11.045 11.08 11 10.9 10.8 10.707 10.677 10.692 10.677 10.643 10.62 10.683 10.812 10.932 11.035 11.107 11.12 11.095 11.08 11.07 11.06 11.053 11.05 11.065 11.1 11.145 11.19 11.238 11.295 11.347 11.4 11.437 11.422 11.383 11.35 11.323 11.305 11.293 11.288 11.298 11.32 11.345 11.372 11.39 11.42 11.48 11.517 11.53 11.54 11.553 11.565 11.565 11.538 11.5 11.483 11.48 11.483 11.493 11.505 11.507 11.503 11.505 11.518 11.533 11.55 11.568 11.59 11.61 11.625 11.635
10.848 10.95 11.125 11.14 10.997 10.872 10.767 10.707 10.697 10.69 10.677 10.652 10.617 10.583 10.625 10.753 10.89 11.015 11.117 11.152 11.135 11.127 11.12 11.11 11.1 11.09 11.093 11.12 11.165 11.21 11.26 11.315 11.355 11.393 11.422 11.41 11.375 11.35 11.328 11.308 11.298 11.3 11.31 11.328 11.355 11.387 11.398 11.408 11.445 11.47 11.48 11.49 11.5 11.51 11.517 11.503 11.483 11.483 11.483 11.48 11.483 11.49 11.495 11.5 11.51 11.523 11.538 11.555 11.575 11.6 11.622 11.632 11.63
11.027 11.132 11.087 10.77 10.47 10.405 10.393 10.425 10.508 10.593 10.63 10.61 10.582 10.553 10.578 10.69 10.827 10.962 11.097 11.17 11.17 11.162 11.157 11.15 11.14 11.132 11.128 11.145 11.188 11.23 11.275 11.32 11.358 11.395 11.417 11.405 11.378 11.355 11.333 11.31 11.303 11.31 11.32 11.337 11.367 11.397 11.405 11.397 11.408 11.425 11.435 11.445 11.458 11.47 11.483 11.485 11.483 11.487 11.487 11.483 11.48 11.483 11.49 11.503 11.517 11.53 11.542 11.562 11.587 11.612 11.627 11.625 11.615
11.14 10.992 10.693 10.363 10.2 10.228 10.293 10.368 10.453 10.537 10.575 10.558 10.538 10.53 10.545 10.63 10.767 10.903 11.057 11.167 11.185 11.177 11.172 11.165 11.157 11.152 11.15 11.17 11.21 11.255 11.303 11.345 11.385 11.428 11.442 11.423 11.4 11.377 11.347 11.318 11.31 11.32 11.327 11.332 11.345 11.365 11.372 11.367 11.378 11.395 11.408 11.42 11.433 11.448 11.468 11.48 11.485 11.495 11.495 11.485 11.48 11.48 11.488 11.502 11.517 11.53 11.537 11.55 11.572 11.597 11.605 11.595 11.585
11.015 10.725 10.445 10.285 10.238 10.26 10.3 10.35 10.413 10.483 10.518 10.518 10.525 10.543 10.548 10.59 10.71 10.853 11.027 11.157 11.185 11.182 11.175 11.168 11.162 11.155 11.158 11.185 11.225 11.275 11.34 11.397 11.44 11.485 11.49 11.458 11.435 11.402 11.355 11.32 11.315 11.322 11.32 11.305 11.293 11.298 11.308 11.323 11.355 11.38 11.392 11.405 11.42 11.44 11.465 11.48 11.488 11.507 11.51 11.493 11.483 11.48 11.485 11.497 11.51 11.517 11.52 11.523 11.533 11.552 11.562 11.555 11.548
10.868 10.653 10.435 10.318 10.308 10.32 10.353 10.39 10.428 10.495 10.54 10.538 10.553 10.578 10.578 10.573 10.65 10.81 11.007 11.145 11.182 11.185 11.178 11.172 11.165 11.158 11.168 11.2 11.24 11.29 11.362 11.442 11.5 11.542 11.54 11.492 11.447 11.395 11.34 11.315 11.315 11.31 11.295 11.275 11.255 11.243 11.245 11.278 11.332 11.365 11.378 11.393 11.415 11.44 11.465 11.485 11.5 11.525 11.53 11.51 11.492 11.483 11.482 11.492 11.505 11.51 11.508 11.505 11.505 11.51 11.518 11.518 11.515
10.825 10.612 10.423 10.365 10.387 10.385 10.405 10.465 10.545 10.645 10.692 10.665 10.648 10.645 10.623 10.58 10.62 10.783 10.992 11.13 11.172 11.185 11.182 11.175 11.168 11.165 11.183 11.22 11.258 11.305 11.373 11.46 11.545 11.595 11.58 11.512 11.438 11.37 11.325 11.31 11.302 11.285 11.265 11.245 11.228 11.213 11.205 11.24 11.307 11.348 11.368 11.393 11.423 11.453 11.483 11.51 11.533 11.55 11.542 11.517 11.495 11.477 11.47 11.485 11.512 11.523 11.518 11.513 11.508 11.503 11.508 11.515 11.518
10.76 10.548 10.413 10.42 10.462 10.458 10.505 10.628 10.755 10.865 10.895 10.86 10.81 10.765 10.75 10.725 10.68 10.765 10.977 11.115 11.16 11.182 11.185 11.178 11.173 11.175 11.2 11.237 11.273 11.32 11.385 11.462 11.562 11.63 11.585 11.497 11.427 11.355 11.313 11.298 11.283 11.268 11.253 11.238 11.225 11.215 11.203 11.225 11.293 11.353 11.393 11.425 11.46 11.495 11.53 11.56 11.577 11.572 11.542 11.51 11.483 11.46 11.453 11.478 11.525 11.547 11.542 11.538 11.533 11.533 11.543 11.55 11.555
10.69 10.49 10.415 10.455 10.49 10.508 10.603 10.797 10.977 11.082 11.085 11.017 10.935 10.903 10.94 10.972 10.895 10.835 10.963 11.1 11.145 11.172 11.185 11.182 11.175 11.185 11.217 11.253 11.29 11.305 11.292 11.33 11.502 11.672 11.612 11.435 11.333 11.29 11.292 11.302 11.29 11.28 11.27 11.26 11.25 11.237 11.22 11.228 11.3 11.387 11.442 11.482 11.52 11.555 11.587 11.61 11.607 11.58 11.54 11.503 11.47 11.443 11.438 11.475 11.535 11.567 11.567 11.563 11.56 11.57 11.585 11.59 11.595
10.605 10.463 10.43 10.46 10.475 10.528 10.645 10.857 11.107 11.235 11.202 11.095 11.033 11.06 11.12 11.18 11.182 11.02 10.97 11.085 11.13 11.16 11.182 11.185 11.18 11.198 11.233 11.27 11.257 11.14 11.01 11.065 11.358 11.675 11.695 11.46 11.255 11.173 11.238 11.317 11.32 11.31 11.3 11.29 11.277 11.26 11.24 11.233 11.318 11.43 11.485 11.532 11.577 11.617 11.642 11.64 11.615 11.58 11.54 11.5 11.463 11.43 11.428 11.475 11.542 11.585 11.592 11.588 11.593 11.61 11.625 11.632 11.637
10.505 10.44 10.435 10.45 10.46 10.528 10.663 10.862 11.075 11.182 11.192 11.157 11.155 11.197 11.24 11.28 11.297 11.175 11.048 11.07 11.115 11.145 11.172 11.185 11.193 11.215 11.255 11.24 11.095 10.903 10.775 10.883 11.228 11.612 11.76 11.587 11.345 11.183 11.178 11.287 11.347 11.34 11.33 11.317 11.3 11.28 11.263 11.265 11.358 11.467 11.522 11.572 11.617 11.66 11.675 11.65 11.615 11.58 11.54 11.5 11.46 11.425 11.425 11.475 11.545 11.6 11.617 11.618 11.63 11.65 11.665 11.675 11.68
10.468 10.438 10.44 10.445 10.45 10.495 10.625 10.795 10.912 10.988 11.075 11.162 11.212 11.237 11.26 11.275 11.252 11.19 11.102 11.068 11.1 11.13 11.16 11.182 11.205 11.242 11.23 11.128 10.985 10.875 10.805 10.938 11.305 11.642 11.735 11.622 11.502 11.37 11.26 11.28 11.35 11.365 11.355 11.34 11.323 11.308 11.295 11.328 11.412 11.475 11.517 11.565 11.605 11.645 11.662 11.645 11.615 11.58 11.54 11.5 11.47 11.46 11.473 11.51 11.558 11.61 11.642 11.653 11.67 11.69 11.705 11.712 11.715
10.503 10.473 10.47 10.473 10.47 10.478 10.535 10.635 10.725 10.81 10.928 11.075 11.18 11.22 11.242 11.24 11.19 11.133 11.093 11.073 11.085 11.115 11.145 11.18 11.225 11.275 11.238 11.145 11.09 11.038 10.993 11.165 11.532 11.705 11.655 11.61 11.602 11.555 11.457 11.39 11.398 11.4 11.38 11.368 11.355 11.345 11.34 11.392 11.45 11.453 11.473 11.515 11.555 11.592 11.615 11.62 11.61 11.58 11.545 11.525 11.525 11.543 11.565 11.59 11.618 11.648 11.67 11.685 11.705 11.72 11.722 11.725 11.73
10.55 10.51 10.505 10.53 10.54 10.517 10.488 10.493 10.55 10.655 10.803 10.968 11.112 11.195 11.217 11.193 11.145 11.115 11.095 11.078 11.078 11.1 11.138 11.188 11.242 11.285 11.317 11.32 11.28 11.225 11.205 11.412 11.662 11.67 11.625 11.625 11.625 11.627 11.597 11.55 11.507 11.453 11.418 11.405 11.392 11.38 11.395 11.445 11.46 11.435 11.435 11.465 11.502 11.535 11.558 11.573 11.583 11.585 11.585 11.595 11.615 11.635 11.657 11.68 11.695 11.697 11.7 11.715 11.73 11.73 11.715 11.713 11.725
10.547 10.525 10.537 10.59 10.605 10.562 10.507 10.448 10.46 10.58 10.73 10.88 11.03 11.152 11.19 11.165 11.143 11.128 11.11 11.095 11.085 11.098 11.145 11.2 11.245 11.275 11.335 11.41 11.437 11.412 11.425 11.582 11.672 11.643 11.64 11.64 11.64 11.643 11.647 11.645 11.59 11.51 11.468 11.445 11.428 11.415 11.44 11.467 11.45 11.425 11.41 11.42 11.453 11.49 11.528 11.56 11.59 11.623 11.652 11.677 11.7 11.722 11.72 11.702 11.692 11.677 11.695 11.732 11.74 11.725 11.702 11.692 11.702
10.455 10.467 10.512 10.575 10.597 10.557 10.495 10.465 10.518 10.638 10.773 10.91 11.048 11.157 11.195 11.185 11.17 11.155 11.14 11.123 11.105 11.11 11.155 11.207 11.242 11.265 11.303 11.387 11.487 11.547 11.6 11.65 11.66 11.655 11.655 11.658 11.663 11.668 11.673 11.68 11.655 11.578 11.518 11.49 11.468 11.46 11.467 11.465 11.443 11.422 11.398 11.393 11.428 11.473 11.523 11.575 11.622 11.667 11.71 11.742 11.765 11.755 11.65 11.555 11.535 11.525 11.575 11.65 11.677 11.67 11.645 11.627 11.63
10.338 10.373 10.43 10.498 10.547 10.523 10.49 10.535 10.63 10.753 10.888 11.025 11.14 11.2 11.217 11.217 11.207 11.192 11.177 11.16 11.138 11.13 11.165 11.21 11.235 11.255 11.278 11.34 11.447 11.56 11.645 11.675 11.672 11.67 11.672 11.68 11.69 11.7 11.702 11.702 11.7 11.63 11.555 11.532 11.51 11.497 11.485 11.467 11.445 11.417 11.385 11.383 11.423 11.468 11.518 11.57 11.623 11.685 11.747 11.787 11.81 11.727 11.493 11.32 11.28 11.298 11.37 11.45 11.507 11.54 11.537 11.52 11.55
10.238 10.293 10.365 10.447 10.505 10.508 10.55 10.645 10.74 10.865 11.002 11.122 11.192 11.22 11.237 11.242 11.235 11.225 11.215 11.2 11.175 11.153 11.17 11.205 11.225 11.245 11.265 11.305 11.39 11.492 11.585 11.655 11.68 11.68 11.682 11.687 11.69 11.692 11.692 11.69 11.687 11.647 11.59 11.56 11.54 11.517 11.497 11.475 11.437 11.395 11.365 11.375 11.418 11.463 11.513 11.568 11.628 11.7 11.77 11.817 11.825 11.67 11.365 11.12 11.033 11.073 11.15 11.218 11.283 11.348 11.393 11.428 11.52
10.158 10.238 10.325 10.407 10.465 10.505 10.612 10.747 10.852 10.98 11.107 11.187 11.22 11.24 11.26 11.265 11.257 11.252 11.24 11.225 11.207 11.178 11.175 11.2 11.22 11.24 11.26 11.283 11.328 11.405 11.495 11.577 11.617 11.62 11.622 11.625 11.625 11.625 11.627 11.632 11.632 11.627 11.61 11.583 11.56 11.532 11.5 11.46 11.41 11.365 11.348 11.37 11.413 11.458 11.513 11.578 11.645 11.72 11.792 11.842 11.79 11.562 11.247 10.95 10.818 10.873 10.965 11.053 11.143 11.235 11.325 11.435 11.565
10.113 10.205 10.287 10.362 10.428 10.498 10.635 10.792 10.927 11.072 11.177 11.22 11.24 11.26 11.27 11.24 11.197 11.17 11.137 11.155 11.205 11.2 11.19 11.21 11.23 11.253 11.27 11.28 11.295 11.333 11.398 11.46 11.49 11.495 11.5 11.51 11.523 11.535 11.55 11.568 11.58 11.595 11.617 11.617 11.587 11.542 11.488 11.435 11.383 11.335 11.33 11.368 11.413 11.463 11.525 11.595 11.668 11.743 11.815 11.82 11.682 11.42 11.11 10.835 10.733 10.82 10.945 11.058 11.173 11.285 11.4 11.545 11.687
10.085 10.17 10.245 10.32 10.393 10.488 10.628 10.783 10.945 11.107 11.21 11.245 11.265 11.262 11.22 11.14 11.05 10.975 10.945 11.03 11.175 11.222 11.215 11.235 11.255 11.273 11.285 11.298 11.313 11.328 11.35 11.375 11.393 11.408 11.423 11.44 11.46 11.483 11.508 11.53 11.553 11.58 11.622 11.645 11.607 11.54 11.475 11.418 11.363 11.318 11.328 11.383 11.435 11.49 11.555 11.625 11.698 11.77 11.84 11.752 11.525 11.27 10.985 10.805 10.768 10.86 11.025 11.162 11.275 11.388 11.513 11.67 11.827
10.05 10.127 10.202 10.28 10.358 10.465 10.612 10.775 10.945 11.112 11.23 11.27 11.255 11.195 11.105 11.012 10.913 10.808 10.815 10.95 11.122 11.225 11.242 11.26 11.282 11.3 11.318 11.34 11.36 11.37 11.368 11.36 11.36 11.378 11.4 11.423 11.445 11.467 11.49 11.513 11.538 11.568 11.615 11.64 11.6 11.53 11.465 11.405 11.353 11.318 11.34 11.407 11.47 11.53 11.592 11.66 11.73 11.8 11.867 11.747 11.428 11.125 10.925 10.85 10.83 10.88 11.042 11.222 11.367 11.492 11.625 11.79 11.96
9.995 10.072 10.15 10.23 10.312 10.405 10.545 10.722 10.9 11.077 11.212 11.235 11.162 11.067 10.973 10.885 10.788 10.723 10.8 10.953 11.098 11.217 11.267 11.283 11.305 11.332 11.36 11.39 11.412 11.412 11.397 11.38 11.368 11.37 11.385 11.408 11.43 11.453 11.475 11.498 11.525 11.56 11.607 11.622 11.58 11.515 11.453 11.4 11.355 11.325 11.35 11.423 11.495 11.565 11.622 11.675 11.737 11.802 11.865 11.73 11.353 11.058 10.958 10.93 10.908 10.908 11.02 11.22 11.41 11.577 11.737 11.91 12.085
9.92 10 10.08 10.16 10.247 10.29 10.355 10.515 10.7 10.885 11.032 11.072 11.017 10.932 10.838 10.755 10.678 10.698 10.85 11.012 11.142 11.245 11.295 11.305 11.325 11.355 11.385 11.415 11.437 11.437 11.42 11.403 11.388 11.378 11.378 11.393 11.415 11.438 11.46 11.483 11.515 11.555 11.6 11.605 11.558 11.51 11.478 11.468 11.455 11.425 11.433 11.483 11.545 11.62 11.658 11.673 11.718 11.775 11.807 11.615 11.223 11.06 11.072 11.035 11 10.965 11.025 11.208 11.423 11.637 11.832 12.01 12.185
9.835 9.915 9.995 10.075 10.172 10.19 10.145 10.218 10.39 10.575 10.722 10.795 10.802 10.772 10.702 10.628 10.61 10.708 10.882 11.05 11.19 11.29 11.33 11.33 11.343 11.368 11.395 11.42 11.442 11.452 11.442 11.427 11.413 11.398 11.383 11.383 11.4 11.422 11.445 11.47 11.508 11.55 11.592 11.602 11.575 11.555 11.553 11.582 11.62 11.615 11.61 11.633 11.668 11.715 11.715 11.68 11.695 11.747 11.722 11.452 11.113 11.115 11.217 11.173 11.128 11.08 11.093 11.243 11.47 11.7 11.905 12.08 12.227
9.75 9.83 9.91 9.995 10.102 10.13 10.04 9.99 10.085 10.265 10.407 10.475 10.505 10.527 10.533 10.515 10.57 10.722 10.887 11.05 11.205 11.325 11.37 11.365 11.365 11.378 11.398 11.42 11.445 11.465 11.465 11.452 11.437 11.42 11.403 11.39 11.39 11.408 11.433 11.463 11.503 11.55 11.597 11.625 11.632 11.632 11.638 11.675 11.735 11.77 11.78 11.787 11.792 11.795 11.77 11.718 11.693 11.722 11.632 11.238 11.015 11.222 11.357 11.317 11.272 11.21 11.193 11.323 11.543 11.77 11.967 12.11 12.21
9.67 9.75 9.828 9.92 10.037 10.07 9.985 9.878 9.845 9.955 10.092 10.155 10.188 10.26 10.383 10.453 10.545 10.72 10.885 11.045 11.207 11.35 11.41 11.405 11.4 11.405 11.418 11.43 11.448 11.47 11.48 11.475 11.46 11.44 11.425 11.41 11.398 11.398 11.418 11.46 11.508 11.558 11.61 11.647 11.67 11.682 11.695 11.732 11.785 11.83 11.857 11.86 11.85 11.837 11.807 11.762 11.72 11.71 11.495 11.048 10.985 11.31 11.48 11.462 11.405 11.32 11.288 11.413 11.628 11.835 11.992 12.09 12.172
9.585 9.665 9.745 9.848 9.975 10.012 9.93 9.823 9.723 9.705 9.778 9.868 9.973 10.125 10.315 10.425 10.533 10.717 10.895 11.057 11.215 11.37 11.447 11.447 11.443 11.445 11.455 11.46 11.468 11.483 11.495 11.497 11.49 11.463 11.433 11.417 11.405 11.395 11.408 11.46 11.527 11.59 11.642 11.67 11.682 11.692 11.708 11.742 11.785 11.825 11.862 11.885 11.882 11.87 11.842 11.797 11.755 11.675 11.283 10.918 11.053 11.385 11.59 11.597 11.518 11.423 11.435 11.633 11.81 11.897 11.977 12.045 12.123
9.497 9.58 9.668 9.78 9.91 9.952 9.877 9.77 9.663 9.575 9.583 9.71 9.89 10.08 10.27 10.392 10.515 10.705 10.892 11.067 11.23 11.387 11.475 11.487 11.487 11.488 11.495 11.5 11.505 11.512 11.52 11.528 11.532 11.497 11.44 11.413 11.4 11.39 11.39 11.428 11.5 11.577 11.622 11.632 11.662 11.69 11.705 11.738 11.775 11.815 11.855 11.892 11.91 11.902 11.875 11.83 11.775 11.612 11.16 10.915 11.153 11.477 11.707 11.762 11.732 11.698 11.74 11.87 11.92 11.915 11.958 12.015 12.08
