EGM722_Project_Data/DTM_asc/TL4654.asc
ncols         200
nrows         200
xllcorner     546000.000
yllcorner     254000.000
cellsize      5
NODATA_value  -9999.0
[rows 160 to 191 of 200, columns 73 to 145 of 200]
24.665 24.9 25.125 25.345 25.56 25.81 26.1 26.365 26.58 26.783 27 27.22 27.44 27.642 27.83 28.017 28.202 28.372 28.52 28.655 28.785 28.897 28.995 29.1 29.22 29.285 29.283 29.29 29.325 29.325 29.275 29.23 29.19 29.15 29.113 29.08 29.05 29.02 28.99 28.96 28.93 28.892 28.848 28.805 28.765 28.705 28.622 28.535 28.43 28.275 28.08 27.877 27.675 27.495 27.338 27.183 27.03 26.84 26.64 26.495 26.383 26.33 26.32 26.292 26.248 26.243 26.318 26.417 26.502 26.56 26.597 26.625 26.647
24.972 25.205 25.425 25.638 25.85 26.1 26.39 26.68 26.947 27.177 27.397 27.62 27.84 28.045 28.232 28.417 28.6 28.757 28.89 29.02 29.15 29.265 29.362 29.458 29.557 29.607 29.602 29.6 29.607 29.595 29.555 29.515 29.475 29.438 29.405 29.375 29.345 29.315 29.285 29.253 29.22 29.185 29.142 29.098 29.052 28.987 28.9 28.81 28.71 28.557 28.362 28.165 27.965 27.788 27.633 27.475 27.32 27.155 27.005 26.885 26.763 26.68 26.637 26.588 26.533 26.54 26.625 26.73 26.83 26.892 26.92 26.94 26.96
25.268 25.522 25.772 25.988 26.195 26.43 26.705 27 27.29 27.54 27.765 27.99 28.212 28.422 28.612 28.797 28.977 29.13 29.26 29.39 29.515 29.625 29.722 29.817 29.902 29.925 29.91 29.91 29.905 29.892 29.865 29.825 29.785 29.75 29.72 29.69 29.655 29.618 29.585 29.553 29.52 29.483 29.44 29.395 29.34 29.253 29.15 29.057 28.957 28.81 28.617 28.425 28.248 28.095 27.945 27.788 27.633 27.495 27.375 27.252 27.128 27.025 26.955 26.893 26.835 26.84 26.92 27.02 27.12 27.182 27.202 27.217 27.232
25.555 25.835 26.137 26.387 26.6 26.82 27.065 27.343 27.63 27.882 28.108 28.335 28.565 28.78 28.975 29.162 29.345 29.5 29.63 29.755 29.872 29.98 30.077 30.167 30.245 30.255 30.22 30.21 30.205 30.2 30.187 30.155 30.115 30.08 30.05 30.015 29.97 29.925 29.888 29.855 29.825 29.785 29.74 29.692 29.632 29.53 29.4 29.293 29.197 29.055 28.863 28.685 28.54 28.407 28.267 28.12 27.968 27.833 27.717 27.597 27.475 27.375 27.3 27.238 27.19 27.175 27.21 27.288 27.385 27.445 27.46 27.47 27.485
25.845 26.128 26.452 26.755 27.002 27.225 27.455 27.7 27.972 28.227 28.455 28.688 28.92 29.135 29.332 29.527 29.715 29.867 29.992 30.112 30.227 30.335 30.427 30.512 30.587 30.595 30.548 30.518 30.505 30.5 30.495 30.477 30.447 30.412 30.375 30.33 30.28 30.235 30.195 30.158 30.125 30.085 30.035 29.98 29.92 29.822 29.683 29.548 29.437 29.297 29.125 28.978 28.845 28.712 28.58 28.445 28.3 28.168 28.055 27.94 27.82 27.723 27.658 27.613 27.58 27.558 27.55 27.575 27.65 27.71 27.722 27.728 27.737
26.107 26.417 26.74 27.062 27.362 27.617 27.852 28.085 28.33 28.575 28.808 29.04 29.27 29.485 29.682 29.88 30.072 30.227 30.35 30.468 30.583 30.687 30.775 30.857 30.927 30.93 30.882 30.84 30.81 30.8 30.795 30.785 30.77 30.737 30.69 30.64 30.59 30.545 30.505 30.465 30.427 30.382 30.325 30.262 30.2 30.105 29.97 29.827 29.695 29.558 29.415 29.282 29.15 29.017 28.885 28.752 28.623 28.505 28.392 28.277 28.163 28.078 28.035 28.005 27.975 27.953 27.938 27.925 27.94 27.97 27.985 27.99 27.995
26.34 26.665 26.977 27.3 27.622 27.937 28.212 28.45 28.682 28.925 29.165 29.398 29.63 29.835 30.02 30.212 30.407 30.577 30.712 30.83 30.945 31.047 31.13 31.205 31.257 31.25 31.205 31.163 31.13 31.118 31.113 31.105 31.085 31.045 30.995 30.945 30.897 30.848 30.8 30.76 30.72 30.665 30.597 30.532 30.47 30.375 30.24 30.097 29.955 29.825 29.702 29.575 29.445 29.312 29.178 29.05 28.943 28.837 28.722 28.61 28.508 28.445 28.42 28.397 28.37 28.345 28.327 28.31 28.288 28.258 28.243 28.248 28.255
26.57 26.885 27.18 27.495 27.818 28.162 28.5 28.777 29.017 29.265 29.517 29.76 29.995 30.19 30.358 30.54 30.732 30.91 31.062 31.195 31.312 31.412 31.487 31.542 31.575 31.562 31.518 31.483 31.463 31.453 31.447 31.432 31.395 31.345 31.295 31.248 31.205 31.153 31.09 31.04 30.997 30.935 30.858 30.79 30.727 30.632 30.497 30.352 30.208 30.083 29.972 29.855 29.727 29.595 29.468 29.358 29.267 29.165 29.05 28.95 28.868 28.818 28.795 28.772 28.74 28.712 28.697 28.68 28.657 28.6 28.528 28.505 28.512
26.802 27.115 27.4 27.698 28.013 28.358 28.725 29.065 29.345 29.6 29.86 30.112 30.355 30.552 30.71 30.878 31.06 31.235 31.395 31.547 31.677 31.77 31.825 31.857 31.882 31.875 31.838 31.815 31.8 31.79 31.775 31.74 31.695 31.645 31.598 31.555 31.517 31.467 31.395 31.33 31.277 31.21 31.13 31.055 30.985 30.887 30.752 30.607 30.46 30.335 30.232 30.127 30.01 29.883 29.77 29.678 29.592 29.493 29.39 29.31 29.24 29.19 29.16 29.125 29.08 29.053 29.047 29.037 29.022 28.967 28.868 28.793 28.77
27.042 27.345 27.63 27.918 28.213 28.55 28.92 29.287 29.625 29.91 30.17 30.427 30.685 30.895 31.055 31.217 31.39 31.563 31.725 31.885 32.025 32.105 32.137 32.16 32.185 32.187 32.167 32.152 32.137 32.12 32.085 32.04 31.995 31.95 31.91 31.87 31.832 31.782 31.71 31.635 31.565 31.49 31.413 31.335 31.26 31.153 31.008 30.86 30.713 30.59 30.487 30.385 30.28 30.175 30.082 30 29.917 29.827 29.745 29.675 29.605 29.55 29.507 29.46 29.413 29.388 29.385 29.382 29.372 29.317 29.222 29.128 29.055
27.265 27.56 27.845 28.133 28.44 28.77 29.12 29.49 29.85 30.155 30.415 30.677 30.955 31.185 31.35 31.515 31.708 31.897 32.06 32.215 32.345 32.415 32.44 32.463 32.485 32.492 32.485 32.472 32.457 32.43 32.387 32.342 32.277 32.22 32.187 32.15 32.11 32.06 31.987 31.907 31.837 31.777 31.717 31.647 31.57 31.455 31.298 31.133 30.973 30.845 30.74 30.635 30.535 30.447 30.37 30.29 30.21 30.14 30.075 30.005 29.935 29.875 29.827 29.782 29.74 29.71 29.697 29.69 29.675 29.622 29.535 29.445 29.35
27.465 27.76 28.045 28.358 28.712 29.042 29.348 29.695 30.057 30.365 30.628 30.905 31.205 31.445 31.613 31.8 32.033 32.242 32.4 32.537 32.65 32.715 32.74 32.762 32.782 32.79 32.785 32.775 32.76 32.73 32.687 32.625 32.525 32.45 32.42 32.387 32.35 32.297 32.223 32.148 32.09 32.05 32.012 31.962 31.897 31.787 31.622 31.435 31.25 31.103 30.99 30.883 30.783 30.7 30.627 30.552 30.475 30.415 30.367 30.305 30.235 30.175 30.13 30.092 30.055 30.015 29.985 29.968 29.947 29.895 29.812 29.725 29.63
27.665 27.96 28.268 28.625 29.005 29.337 29.62 29.923 30.265 30.577 30.855 31.155 31.465 31.705 31.895 32.125 32.375 32.582 32.727 32.842 32.947 33.015 33.04 33.06 33.08 33.087 33.082 33.075 33.062 33.032 32.97 32.872 32.755 32.68 32.65 32.62 32.585 32.532 32.463 32.395 32.338 32.295 32.265 32.227 32.172 32.08 31.922 31.725 31.53 31.37 31.245 31.13 31.03 30.953 30.885 30.815 30.74 30.68 30.642 30.597 30.535 30.478 30.435 30.4 30.367 30.323 30.275 30.248 30.222 30.165 30.085 30 29.908
27.87 28.185 28.54 28.92 29.3 29.637 29.922 30.2 30.498 30.803 31.105 31.415 31.725 31.985 32.215 32.465 32.715 32.91 33.032 33.135 33.24 33.312 33.337 33.355 33.375 33.382 33.377 33.372 33.365 33.317 33.22 33.105 32.985 32.91 32.88 32.85 32.815 32.772 32.718 32.653 32.59 32.533 32.48 32.425 32.362 32.29 32.165 31.985 31.8 31.645 31.515 31.393 31.29 31.213 31.145 31.075 31.003 30.945 30.908 30.872 30.827 30.783 30.747 30.712 30.68 30.637 30.583 30.538 30.497 30.435 30.355 30.273 30.188
28.078 28.42 28.802 29.185 29.555 29.897 30.197 30.472 30.745 31.04 31.355 31.667 31.972 32.257 32.52 32.77 33.017 33.197 33.305 33.408 33.52 33.6 33.627 33.645 33.662 33.667 33.66 33.655 33.64 33.565 33.45 33.335 33.225 33.145 33.1 33.067 33.033 33.017 32.997 32.94 32.873 32.778 32.68 32.61 32.543 32.475 32.387 32.247 32.088 31.978 31.878 31.755 31.648 31.565 31.495 31.423 31.333 31.238 31.175 31.138 31.102 31.077 31.052 31.017 30.985 30.945 30.89 30.835 30.782 30.717 30.64 30.56 30.483
28.29 28.64 29.022 29.397 29.745 30.082 30.415 30.712 30.985 31.28 31.595 31.902 32.197 32.487 32.77 33.032 33.28 33.452 33.56 33.673 33.792 33.88 33.915 33.932 33.942 33.94 33.932 33.917 33.877 33.792 33.678 33.573 33.495 33.413 33.325 33.273 33.24 33.248 33.275 33.247 33.18 33.057 32.91 32.815 32.745 32.678 32.617 32.517 32.385 32.32 32.287 32.2 32.09 32.005 31.93 31.835 31.71 31.573 31.463 31.403 31.368 31.352 31.342 31.315 31.282 31.24 31.187 31.13 31.07 31.007 30.94 30.865 30.788
28.51 28.86 29.23 29.577 29.905 30.238 30.587 30.925 31.225 31.522 31.83 32.122 32.41 32.7 32.99 33.272 33.532 33.71 33.827 33.95 34.07 34.162 34.202 34.212 34.215 34.212 34.197 34.16 34.105 34.02 33.918 33.843 33.795 33.717 33.598 33.5 33.45 33.46 33.51 33.53 33.487 33.362 33.19 33.045 32.95 32.888 32.837 32.775 32.673 32.613 32.62 32.595 32.522 32.435 32.332 32.205 32.065 31.927 31.793 31.688 31.633 31.618 31.62 31.61 31.58 31.535 31.48 31.415 31.35 31.29 31.23 31.167 31.095
28.73 29.067 29.413 29.74 30.06 30.393 30.743 31.1 31.442 31.755 32.05 32.338 32.623 32.91 33.2 33.487 33.762 33.957 34.085 34.215 34.342 34.442 34.482 34.485 34.485 34.475 34.44 34.387 34.332 34.26 34.19 34.145 34.105 34.032 33.907 33.773 33.68 33.675 33.725 33.77 33.772 33.667 33.495 33.325 33.182 33.102 33.055 33.01 32.942 32.9 32.907 32.912 32.9 32.827 32.7 32.56 32.42 32.283 32.147 32.015 31.915 31.883 31.888 31.887 31.87 31.827 31.765 31.695 31.63 31.57 31.51 31.452 31.387
28.897 29.257 29.612 29.935 30.258 30.59 30.943 31.305 31.665 31.987 32.273 32.56 32.847 33.123 33.395 33.677 33.96 34.167 34.3 34.435 34.565 34.662 34.707 34.715 34.717 34.697 34.65 34.597 34.547 34.492 34.44 34.397 34.355 34.292 34.177 34.035 33.918 33.895 33.942 33.985 33.962 33.83 33.655 33.485 33.337 33.255 33.215 33.175 33.168 33.185 33.192 33.197 33.202 33.205 33.127 32.948 32.775 32.638 32.502 32.365 32.238 32.17 32.163 32.165 32.157 32.117 32.053 31.985 31.915 31.84 31.77 31.71 31.647
29.013 29.412 29.82 30.172 30.498 30.835 31.193 31.555 31.91 32.227 32.51 32.795 33.082 33.345 33.593 33.858 34.137 34.352 34.49 34.617 34.732 34.82 34.875 34.9 34.907 34.885 34.835 34.79 34.752 34.702 34.64 34.585 34.537 34.48 34.39 34.265 34.143 34.113 34.157 34.145 34.02 33.84 33.665 33.513 33.4 33.338 33.305 33.318 33.405 33.47 33.477 33.48 33.48 33.535 33.58 33.457 33.208 32.995 32.85 32.708 32.58 32.498 32.463 32.455 32.452 32.415 32.348 32.282 32.21 32.118 32.025 31.953 31.89
29.133 29.535 29.97 30.385 30.742 31.085 31.445 31.805 32.152 32.465 32.75 33.032 33.317 33.58 33.82 34.063 34.32 34.532 34.667 34.78 34.887 34.97 35.025 35.067 35.087 35.067 35.025 34.988 34.955 34.907 34.838 34.77 34.715 34.652 34.575 34.48 34.365 34.327 34.322 34.202 34.018 33.838 33.68 33.563 33.473 33.423 33.443 33.543 33.682 33.755 33.76 33.76 33.76 33.808 33.902 33.907 33.672 33.375 33.193 33.043 32.923 32.848 32.795 32.758 32.745 32.712 32.645 32.58 32.51 32.415 32.31 32.215 32.138
29.255 29.655 30.092 30.535 30.942 31.312 31.675 32.035 32.382 32.692 32.977 33.26 33.545 33.807 34.04 34.267 34.5 34.692 34.817 34.925 35.035 35.115 35.165 35.215 35.255 35.252 35.222 35.192 35.16 35.112 35.042 34.967 34.897 34.825 34.745 34.667 34.575 34.495 34.382 34.203 34.015 33.85 33.73 33.633 33.56 33.57 33.675 33.815 33.955 34.032 34.04 34.04 34.04 34.065 34.107 34.13 34.027 33.797 33.568 33.383 33.265 33.2 33.145 33.09 33.053 33.007 32.94 32.875 32.802 32.707 32.602 32.497 32.398
29.375 29.758 30.175 30.61 31.037 31.432 31.797 32.162 32.525 32.845 33.13 33.415 33.65 33.905 34.19 34.425 34.647 34.827 34.95 35.057 35.16 35.237 35.29 35.34 35.4 35.42 35.392 35.367 35.34 35.292 35.222 35.145 35.065 34.985 34.907 34.832 34.757 34.642 34.475 34.295 34.113 33.968 33.868 33.773 33.715 33.775 33.915 34.055 34.195 34.27 34.275 34.275 34.277 34.285 34.295 34.302 34.272 34.135 33.917 33.723 33.615 33.568 33.523 33.472 33.385 33.285 33.21 33.142 33.07 32.977 32.872 32.767 32.65
29.49 29.855 30.23 30.64 31.07 31.467 31.835 32.21 32.595 32.932 33.22 33.467 33.605 33.85 34.237 34.537 34.772 34.952 35.075 35.177 35.27 35.345 35.4 35.46 35.537 35.565 35.538 35.512 35.485 35.437 35.37 35.295 35.215 35.138 35.063 34.99 34.925 34.817 34.657 34.487 34.313 34.175 34.078 33.988 33.928 33.98 34.12 34.26 34.4 34.47 34.468 34.465 34.468 34.478 34.49 34.497 34.472 34.355 34.173 34.035 33.988 33.975 33.935 33.842 33.687 33.55 33.465 33.39 33.32 33.232 33.127 33.015 32.885
29.602 29.965 30.323 30.695 31.103 31.502 31.88 32.268 32.662 33.012 33.282 33.445 33.52 33.765 34.195 34.585 34.885 35.075 35.19 35.285 35.375 35.452 35.518 35.598 35.685 35.71 35.682 35.655 35.622 35.572 35.51 35.445 35.37 35.293 35.22 35.155 35.095 34.99 34.835 34.675 34.513 34.385 34.298 34.213 34.143 34.185 34.323 34.46 34.6 34.67 34.665 34.658 34.655 34.665 34.68 34.69 34.675 34.565 34.425 34.363 34.355 34.36 34.295 34.137 33.955 33.818 33.728 33.648 33.572 33.485 33.375 33.25 33.115
29.707 30.077 30.435 30.79 31.16 31.545 31.933 32.33 32.725 33.072 33.282 33.363 33.435 33.7 34.128 34.555 34.942 35.185 35.3 35.39 35.48 35.563 35.645 35.74 35.83 35.855 35.825 35.795 35.76 35.71 35.65 35.588 35.52 35.45 35.385 35.325 35.265 35.16 35.005 34.848 34.71 34.608 34.525 34.44 34.36 34.393 34.525 34.66 34.797 34.865 34.86 34.85 34.85 34.863 34.873 34.883 34.877 34.813 34.75 34.725 34.705 34.667 34.555 34.392 34.22 34.08 33.99 33.91 33.827 33.73 33.61 33.48 33.345
29.775 30.155 30.507 30.862 31.215 31.59 32 32.407 32.802 33.115 33.255 33.345 33.5 33.803 34.225 34.65 35.037 35.287 35.41 35.5 35.59 35.677 35.767 35.862 35.95 35.982 35.96 35.93 35.897 35.855 35.8 35.735 35.67 35.61 35.552 35.495 35.432 35.322 35.165 35.02 34.925 34.847 34.76 34.675 34.598 34.595 34.685 34.815 34.952 35.025 35.025 35.015 35.053 35.097 35.103 35.11 35.097 35.065 35.037 35.01 34.985 34.905 34.76 34.612 34.45 34.32 34.237 34.152 34.065 33.957 33.83 33.7 33.57
29.807 30.19 30.54 30.89 31.235 31.618 32.05 32.477 32.892 33.185 33.338 33.513 33.733 34.055 34.477 34.865 35.17 35.377 35.51 35.61 35.7 35.79 35.877 35.965 36.05 36.09 36.082 36.06 36.03 35.995 35.95 35.895 35.833 35.773 35.715 35.652 35.585 35.472 35.323 35.218 35.165 35.095 35 34.913 34.853 34.83 34.853 34.938 35.065 35.152 35.165 35.18 35.28 35.362 35.367 35.355 35.312 35.272 35.245 35.217 35.19 35.102 34.955 34.795 34.613 34.498 34.45 34.375 34.282 34.17 34.04 33.913 33.793
29.832 30.215 30.562 30.905 31.245 31.63 32.067 32.49 32.897 33.262 33.545 33.777 33.993 34.308 34.692 35 35.255 35.455 35.595 35.715 35.815 35.903 35.985 36.07 36.155 36.195 36.195 36.185 36.16 36.125 36.085 36.042 35.992 35.935 35.87 35.8 35.73 35.623 35.508 35.45 35.415 35.345 35.243 35.155 35.113 35.103 35.098 35.115 35.19 35.28 35.318 35.385 35.537 35.625 35.612 35.57 35.51 35.467 35.442 35.42 35.39 35.292 35.127 34.937 34.733 34.625 34.62 34.582 34.495 34.38 34.253 34.13 34.018
29.86 30.227 30.572 30.915 31.255 31.627 32.015 32.377 32.773 33.24 33.67 33.977 34.232 34.527 34.827 35.088 35.34 35.54 35.68 35.813 35.927 36.015 36.098 36.183 36.262 36.3 36.3 36.298 36.285 36.255 36.212 36.17 36.127 36.072 36.005 35.937 35.87 35.793 35.732 35.7 35.665 35.597 35.492 35.41 35.38 35.375 35.37 35.36 35.375 35.428 35.498 35.617 35.777 35.842 35.802 35.745 35.685 35.642 35.62 35.6 35.565 35.447 35.255 35.052 34.848 34.743 34.755 34.76 34.702 34.593 34.47 34.35 34.243
29.857 30.205 30.542 30.887 31.197 31.545 31.862 32.173 32.613 33.12 33.635 34.055 34.38 34.677 34.957 35.22 35.475 35.673 35.813 35.943 36.057 36.15 36.233 36.315 36.382 36.417 36.425 36.425 36.417 36.382 36.33 36.285 36.24 36.185 36.12 36.055 35.998 35.955 35.927 35.902 35.875 35.812 35.713 35.65 35.628 35.612 35.607 35.602 35.597 35.605 35.665 35.79 35.93 35.977 35.927 35.865 35.807 35.77 35.75 35.727 35.682 35.55 35.352 35.155 34.968 34.888 34.91 34.933 34.942 34.922 34.765 34.57 34.468
29.825 30.165 30.49 30.817 31.045 31.365 31.705 32.008 32.468 32.98 33.52 34.027 34.437 34.777 35.095 35.387 35.655 35.85 35.982 36.097 36.205 36.305 36.39 36.462 36.512 36.545 36.567 36.575 36.565 36.517 36.45 36.398 36.352 36.297 36.233 36.175 36.13 36.095 36.07 36.053 36.037 35.975 35.903 35.895 35.875 35.825 35.805 35.805 35.8 35.795 35.815 35.895 36.02 36.077 36.03 35.96 35.903 35.865 35.842 35.812 35.762 35.632 35.438 35.258 35.128 35.095 35.122 35.128 35.16 35.27 35.3 35.217 34.923
