EGM722_Project_Data/DTM_asc/TL4662.asc
ncols         200
nrows         200
xllcorner     546000.000
yllcorner     262000.000
cellsize      5
NODATA_value  -9999.0
[rows 128 to 159 of 200, columns 73 to 145 of 200]
11.428 11.455 11.485 11.51 11.535 11.565 11.612 11.598 11.493 11.428 11.478 11.575 11.68 11.758 11.848 11.963 12.05 12.185 12.5 13.012 13.54 14 14.38 14.76 15.122 15.397 15.615 15.747 15.795 15.92 16.213 16.56 16.905 17.22 17.512 17.782 17.993 18.333 18.825 19.275 19.575 19.677 19.685 19.688 19.718 19.77 19.813 19.825 19.805 19.77 19.74 19.662 19.515 19.41 19.4 19.44 19.495 19.558 19.723 19.985 20.258 20.578 21.147 21.59 21.507 21.43 21.532 21.582 21.562 21.43 21.208 20.99 20.813
11.525 11.555 11.585 11.612 11.638 11.665 11.675 11.637 11.555 11.475 11.473 11.513 11.62 11.727 11.763 11.755 11.71 11.718 11.893 12.295 12.79 13.28 13.735 14.132 14.465 14.753 14.977 15.072 15.095 15.235 15.538 15.88 16.223 16.55 16.86 17.17 17.47 17.82 18.213 18.58 18.887 19.043 19.098 19.16 19.233 19.295 19.345 19.39 19.403 19.38 19.35 19.315 19.255 19.223 19.255 19.31 19.368 19.423 19.57 19.828 20.103 20.375 20.738 21.077 21.175 21.22 21.342 21.457 21.512 21.397 21.165 20.935 20.743
11.625 11.655 11.685 11.715 11.74 11.75 11.722 11.665 11.607 11.548 11.523 11.543 11.615 11.702 11.765 11.78 11.718 11.633 11.555 11.66 12.045 12.515 12.937 13.342 13.795 14.185 14.37 14.415 14.44 14.603 14.915 15.253 15.598 15.963 16.318 16.645 16.97 17.305 17.635 17.95 18.265 18.555 18.743 18.85 18.95 19.02 19.06 19.095 19.113 19.1 19.068 19.033 19.02 19.068 19.142 19.205 19.263 19.325 19.46 19.7 19.977 20.24 20.458 20.66 20.855 20.98 21.082 21.21 21.31 21.237 21.022 20.805 20.653
11.665 11.727 11.78 11.815 11.83 11.805 11.75 11.685 11.63 11.597 11.59 11.607 11.628 11.668 11.74 11.79 11.765 11.68 11.51 11.345 11.395 11.643 11.955 12.345 12.92 13.547 13.83 13.808 13.815 14.003 14.33 14.673 15.023 15.41 15.81 16.167 16.5 16.84 17.18 17.5 17.825 18.175 18.482 18.665 18.767 18.835 18.872 18.895 18.9 18.887 18.855 18.838 18.868 18.94 19.03 19.107 19.168 19.248 19.388 19.598 19.86 20.105 20.295 20.487 20.66 20.743 20.8 20.903 21.002 20.942 20.748 20.6 20.545
11.643 11.722 11.805 11.865 11.87 11.817 11.755 11.692 11.635 11.61 11.618 11.633 11.638 11.658 11.708 11.767 11.792 11.727 11.55 11.328 11.128 11.075 11.205 11.448 11.853 12.538 13.102 13.195 13.288 13.568 13.875 14.185 14.498 14.85 15.25 15.648 16.018 16.37 16.715 17.047 17.388 17.748 18.113 18.415 18.582 18.645 18.67 18.68 18.68 18.67 18.655 18.675 18.733 18.81 18.905 18.997 19.073 19.173 19.33 19.515 19.745 19.967 20.138 20.32 20.465 20.527 20.563 20.62 20.7 20.647 20.508 20.458 20.453
11.74 11.683 11.728 11.807 11.82 11.765 11.705 11.658 11.628 11.625 11.65 11.678 11.685 11.695 11.723 11.758 11.792 11.76 11.612 11.417 11.183 10.978 10.92 10.96 11.135 11.693 12.363 12.693 12.99 13.352 13.633 13.908 14.19 14.51 14.88 15.275 15.635 15.883 16.113 16.42 16.96 17.497 17.82 18.14 18.365 18.437 18.45 18.457 18.46 18.463 18.485 18.535 18.6 18.68 18.775 18.878 18.975 19.1 19.27 19.448 19.637 19.822 19.985 20.152 20.267 20.313 20.348 20.383 20.425 20.407 20.367 20.367 20.365
11.95 11.81 11.75 11.733 11.723 11.69 11.655 11.638 11.635 11.665 11.717 11.75 11.745 11.738 11.757 11.78 11.802 11.79 11.695 11.52 11.27 10.995 10.83 10.78 10.878 11.333 11.938 12.413 12.837 13.195 13.478 13.758 14.053 14.37 14.723 15.1 15.402 15.518 15.58 15.72 16.393 17.307 17.745 17.965 18.085 18.105 18.115 18.14 18.19 18.263 18.347 18.42 18.483 18.575 18.688 18.793 18.9 19.043 19.22 19.39 19.527 19.668 19.83 19.977 20.067 20.108 20.143 20.172 20.172 20.16 20.165 20.17 20.177
12.153 12.095 11.98 11.835 11.73 11.678 11.665 11.665 11.665 11.708 11.79 11.837 11.81 11.768 11.775 11.8 11.812 11.795 11.735 11.605 11.375 11.095 10.898 10.833 10.91 11.293 11.815 12.253 12.68 13.04 13.328 13.618 13.92 14.238 14.575 14.94 15.21 15.293 15.32 15.445 15.955 16.85 17.49 17.725 17.735 17.693 17.75 17.828 17.935 18.068 18.207 18.312 18.38 18.488 18.63 18.747 18.855 19 19.177 19.312 19.398 19.515 19.665 19.785 19.865 19.912 19.945 19.945 19.895 19.86 19.865 19.878 19.908
12.362 12.382 12.265 12.062 11.878 11.77 11.718 11.695 11.698 11.743 11.83 11.882 11.857 11.803 11.793 11.81 11.8 11.765 11.722 11.667 11.507 11.245 11.088 11.06 11.145 11.495 11.895 12.18 12.533 12.887 13.185 13.488 13.795 14.113 14.44 14.79 15.02 15.125 15.308 15.632 16.013 16.493 16.897 17.108 17.283 17.403 17.513 17.63 17.75 17.885 18.037 18.177 18.275 18.39 18.547 18.692 18.815 18.957 19.105 19.192 19.25 19.355 19.482 19.58 19.662 19.717 19.722 19.672 19.598 19.56 19.575 19.61 19.66
12.475 12.555 12.46 12.252 12.065 11.94 11.848 11.778 11.745 11.768 11.825 11.857 11.857 11.827 11.81 11.805 11.777 11.74 11.703 11.69 11.617 11.42 11.295 11.288 11.395 11.68 11.967 12.193 12.455 12.753 13.053 13.36 13.67 13.985 14.31 14.642 14.898 15.115 15.417 15.762 16.082 16.347 16.46 16.595 16.95 17.22 17.333 17.45 17.568 17.7 17.853 18.01 18.148 18.288 18.45 18.612 18.76 18.892 18.99 19.047 19.1 19.183 19.282 19.37 19.457 19.495 19.452 19.378 19.3 19.273 19.312 19.365 19.42
12.465 12.542 12.47 12.307 12.182 12.085 11.992 11.9 11.823 11.785 11.79 11.805 11.82 11.825 11.815 11.792 11.757 11.72 11.688 11.68 11.67 11.59 11.505 11.475 11.568 11.777 11.99 12.207 12.433 12.675 12.953 13.255 13.565 13.88 14.203 14.515 14.807 15.09 15.372 15.657 15.945 16.165 16.278 16.458 16.797 17.05 17.16 17.273 17.4 17.548 17.705 17.865 18.03 18.185 18.333 18.497 18.665 18.782 18.845 18.895 18.94 19.005 19.093 19.178 19.265 19.257 19.165 19.085 19.005 18.968 19.002 19.065 19.127
12.435 12.455 12.39 12.29 12.238 12.17 12.082 11.997 11.915 11.84 11.79 11.78 11.793 11.805 11.8 11.775 11.74 11.703 11.678 11.678 11.692 11.68 11.622 11.58 11.65 11.818 12 12.198 12.42 12.65 12.895 13.178 13.483 13.797 14.115 14.412 14.687 14.955 15.23 15.515 15.802 15.997 16.14 16.35 16.645 16.877 16.993 17.12 17.275 17.44 17.6 17.77 17.957 18.107 18.22 18.36 18.525 18.637 18.687 18.73 18.765 18.825 18.915 19.002 19.075 19.032 18.9 18.798 18.715 18.655 18.645 18.688 18.758
12.418 12.41 12.375 12.335 12.307 12.245 12.16 12.083 12.005 11.93 11.855 11.8 11.785 11.785 11.777 11.755 11.723 11.695 11.685 11.695 11.715 11.705 11.66 11.653 11.72 11.86 12.03 12.203 12.408 12.637 12.87 13.118 13.4 13.71 14.015 14.3 14.572 14.835 15.1 15.375 15.652 15.857 16.035 16.255 16.505 16.71 16.848 17.005 17.175 17.343 17.513 17.7 17.9 18.05 18.147 18.253 18.382 18.477 18.52 18.555 18.585 18.645 18.735 18.825 18.872 18.805 18.66 18.528 18.428 18.368 18.333 18.32 18.365
12.423 12.428 12.417 12.402 12.38 12.325 12.245 12.17 12.095 12.02 11.945 11.868 11.81 11.778 11.76 11.743 11.72 11.705 11.708 11.725 11.745 11.738 11.723 11.748 11.798 11.905 12.065 12.222 12.403 12.622 12.857 13.09 13.338 13.618 13.903 14.18 14.458 14.725 14.985 15.248 15.507 15.735 15.945 16.165 16.385 16.573 16.735 16.905 17.078 17.248 17.43 17.63 17.83 17.972 18.057 18.14 18.227 18.292 18.33 18.367 18.402 18.465 18.555 18.647 18.67 18.575 18.433 18.29 18.168 18.1 18.065 18.025 18.025
12.448 12.465 12.465 12.455 12.422 12.377 12.322 12.247 12.172 12.097 12.02 11.943 11.873 11.805 11.763 11.748 11.735 11.725 11.733 11.755 11.777 11.792 11.81 11.827 11.835 11.908 12.055 12.212 12.383 12.595 12.835 13.07 13.303 13.558 13.83 14.105 14.368 14.62 14.88 15.135 15.372 15.597 15.82 16.04 16.257 16.462 16.645 16.815 16.99 17.148 17.31 17.505 17.705 17.83 17.887 17.955 18.022 18.077 18.12 18.16 18.192 18.252 18.347 18.447 18.465 18.36 18.22 18.08 17.965 17.918 17.9 17.865 17.838
12.485 12.505 12.505 12.48 12.417 12.382 12.37 12.312 12.237 12.16 12.083 12.013 11.952 11.875 11.798 11.765 11.755 11.748 11.757 11.775 11.802 11.835 11.847 11.835 11.81 11.865 12.01 12.168 12.335 12.55 12.8 13.04 13.275 13.53 13.8 14.057 14.285 14.518 14.775 15.012 15.225 15.44 15.66 15.88 16.105 16.335 16.55 16.735 16.907 17.052 17.18 17.345 17.54 17.65 17.68 17.733 17.797 17.852 17.895 17.927 17.945 18 18.103 18.212 18.25 18.162 18.025 17.885 17.798 17.79 17.802 17.792 17.763
12.525 12.545 12.532 12.475 12.39 12.358 12.375 12.36 12.3 12.223 12.15 12.088 12.035 11.952 11.84 11.78 11.772 11.77 11.775 11.783 11.81 11.837 11.825 11.795 11.77 11.825 11.968 12.12 12.285 12.5 12.755 13.005 13.245 13.497 13.75 13.975 14.185 14.413 14.652 14.867 15.068 15.28 15.5 15.723 15.948 16.18 16.417 16.637 16.825 16.967 17.083 17.213 17.38 17.48 17.493 17.52 17.573 17.627 17.66 17.675 17.688 17.748 17.858 17.975 18.032 17.965 17.832 17.698 17.635 17.65 17.675 17.695 17.688
12.562 12.577 12.537 12.453 12.36 12.325 12.35 12.37 12.35 12.29 12.225 12.168 12.115 12.01 11.865 11.79 11.78 11.78 11.78 11.785 11.805 11.82 11.8 11.765 11.735 11.783 11.92 12.07 12.235 12.453 12.708 12.963 13.215 13.45 13.665 13.875 14.085 14.303 14.515 14.715 14.91 15.117 15.34 15.565 15.79 16.02 16.26 16.502 16.72 16.87 16.982 17.097 17.225 17.302 17.317 17.333 17.36 17.395 17.413 17.42 17.438 17.505 17.62 17.74 17.815 17.765 17.635 17.52 17.485 17.513 17.54 17.57 17.588
12.59 12.6 12.55 12.463 12.37 12.333 12.353 12.377 12.377 12.347 12.305 12.25 12.195 12.075 11.9 11.8 11.78 11.78 11.78 11.783 11.795 11.8 11.777 11.742 11.708 11.753 11.89 12.04 12.205 12.428 12.688 12.943 13.2 13.407 13.58 13.783 13.995 14.203 14.403 14.595 14.76 14.938 15.157 15.383 15.628 15.883 16.125 16.365 16.582 16.715 16.805 16.92 17.032 17.097 17.12 17.135 17.153 17.183 17.205 17.215 17.233 17.3 17.415 17.533 17.62 17.585 17.455 17.375 17.375 17.403 17.43 17.46 17.478
12.612 12.617 12.577 12.507 12.423 12.385 12.4 12.4 12.36 12.342 12.357 12.33 12.275 12.155 11.96 11.82 11.78 11.78 11.78 11.78 11.782 11.775 11.75 11.717 11.685 11.738 11.88 12.03 12.193 12.418 12.687 12.947 13.197 13.387 13.53 13.705 13.91 14.115 14.315 14.485 14.605 14.745 14.95 15.195 15.485 15.767 16.007 16.23 16.427 16.535 16.588 16.683 16.795 16.865 16.895 16.915 16.935 16.982 17.032 17.055 17.068 17.133 17.247 17.36 17.455 17.43 17.32 17.278 17.293 17.318 17.345 17.365 17.363
12.635 12.632 12.595 12.542 12.475 12.445 12.432 12.377 12.295 12.273 12.327 12.365 12.35 12.235 12.035 11.855 11.78 11.78 11.78 11.78 11.775 11.755 11.723 11.693 11.665 11.723 11.868 12.015 12.175 12.4 12.677 12.947 13.192 13.372 13.505 13.648 13.825 14.025 14.207 14.34 14.44 14.558 14.748 15.035 15.367 15.652 15.875 16.075 16.262 16.372 16.408 16.463 16.555 16.627 16.662 16.69 16.718 16.768 16.832 16.882 16.908 16.97 17.08 17.187 17.287 17.282 17.218 17.205 17.213 17.235 17.252 17.25 17.235
12.655 12.645 12.605 12.562 12.512 12.465 12.4 12.308 12.215 12.185 12.238 12.31 12.347 12.277 12.105 11.905 11.793 11.78 11.78 11.78 11.777 11.76 11.725 11.688 11.658 11.72 11.865 12.01 12.165 12.385 12.665 12.942 13.187 13.36 13.49 13.62 13.765 13.927 14.068 14.175 14.278 14.383 14.578 14.898 15.245 15.52 15.72 15.91 16.097 16.21 16.245 16.278 16.333 16.39 16.428 16.46 16.498 16.553 16.618 16.682 16.737 16.807 16.907 17.01 17.112 17.147 17.13 17.13 17.132 17.14 17.132 17.112 17.095
12.64 12.625 12.585 12.55 12.512 12.445 12.355 12.26 12.18 12.138 12.145 12.178 12.19 12.147 12.037 11.9 11.805 11.78 11.78 11.78 11.78 11.775 11.755 11.715 11.693 11.758 11.877 11.997 12.148 12.375 12.655 12.932 13.152 13.302 13.432 13.56 13.687 13.827 13.962 14.07 14.175 14.28 14.448 14.74 15.085 15.352 15.545 15.735 15.925 16.04 16.072 16.097 16.125 16.16 16.2 16.235 16.27 16.33 16.402 16.468 16.535 16.612 16.705 16.807 16.912 16.977 16.99 16.99 16.99 16.987 16.975 16.952 16.93
12.587 12.57 12.535 12.515 12.492 12.43 12.338 12.263 12.228 12.178 12.123 12.108 12.09 12.04 11.965 11.918 11.875 11.81 11.78 11.78 11.78 11.78 11.772 11.747 11.73 11.768 11.85 11.955 12.123 12.368 12.645 12.877 13.03 13.165 13.307 13.437 13.563 13.712 13.882 14.022 14.135 14.243 14.368 14.583 14.895 15.165 15.36 15.55 15.737 15.845 15.87 15.89 15.91 15.94 15.98 16.007 16.03 16.093 16.18 16.252 16.318 16.393 16.48 16.578 16.682 16.752 16.78 16.79 16.79 16.79 16.787 16.775 16.755
12.53 12.515 12.498 12.495 12.48 12.42 12.348 12.318 12.315 12.285 12.19 12.128 12.125 12.088 12.043 12.05 12.022 11.903 11.805 11.78 11.775 11.762 11.747 11.752 11.747 11.74 11.788 11.91 12.11 12.36 12.592 12.74 12.848 12.985 13.142 13.29 13.425 13.578 13.765 13.945 14.087 14.207 14.328 14.478 14.723 14.977 15.17 15.357 15.537 15.635 15.655 15.673 15.693 15.722 15.752 15.765 15.778 15.843 15.942 16.03 16.102 16.178 16.263 16.35 16.45 16.52 16.552 16.577 16.585 16.587 16.59 16.587 16.578
12.495 12.483 12.478 12.48 12.468 12.433 12.408 12.405 12.407 12.405 12.273 12.145 12.147 12.148 12.165 12.207 12.177 12.037 11.88 11.778 11.733 11.705 11.69 11.722 11.755 11.747 11.755 11.875 12.097 12.31 12.457 12.56 12.665 12.8 12.96 13.12 13.272 13.437 13.63 13.825 14.005 14.16 14.292 14.42 14.59 14.787 14.975 15.16 15.332 15.425 15.442 15.457 15.477 15.5 15.512 15.515 15.525 15.587 15.692 15.792 15.88 15.962 16.047 16.132 16.222 16.287 16.32 16.35 16.372 16.382 16.388 16.39 16.387
12.533 12.535 12.528 12.518 12.493 12.483 12.495 12.5 12.502 12.505 12.372 12.198 12.163 12.197 12.25 12.295 12.287 12.172 11.995 11.835 11.718 11.64 11.628 11.675 11.732 11.737 11.71 11.82 12.027 12.172 12.275 12.375 12.478 12.61 12.77 12.93 13.09 13.265 13.46 13.66 13.872 14.075 14.23 14.36 14.487 14.59 14.723 14.907 15.08 15.17 15.187 15.205 15.222 15.235 15.242 15.245 15.25 15.295 15.385 15.482 15.582 15.675 15.755 15.845 15.967 16.062 16.103 16.135 16.165 16.18 16.185 16.19 16.172
12.627 12.65 12.632 12.597 12.545 12.53 12.557 12.577 12.59 12.595 12.5 12.285 12.18 12.218 12.26 12.295 12.307 12.257 12.122 11.96 11.805 11.66 11.593 11.62 11.685 11.687 11.633 11.708 11.867 11.98 12.08 12.177 12.28 12.415 12.575 12.735 12.895 13.07 13.268 13.485 13.725 13.95 14.127 14.27 14.397 14.445 14.47 14.603 14.775 14.865 14.887 14.905 14.915 14.925 14.932 14.94 14.942 14.95 15.005 15.103 15.212 15.308 15.398 15.53 15.712 15.842 15.892 15.932 15.965 15.98 15.985 15.972 15.923
12.73 12.747 12.707 12.645 12.575 12.555 12.585 12.617 12.647 12.667 12.545 12.43 12.377 12.268 12.243 12.275 12.285 12.27 12.21 12.082 11.922 11.75 11.605 11.57 11.625 11.637 11.58 11.59 11.683 11.78 11.878 11.97 12.078 12.22 12.38 12.54 12.7 12.883 13.1 13.34 13.587 13.81 14.005 14.175 14.312 14.355 14.323 14.348 14.468 14.56 14.577 14.587 14.595 14.605 14.615 14.627 14.627 14.588 14.605 14.72 14.838 14.948 15.093 15.285 15.487 15.615 15.672 15.722 15.762 15.782 15.77 15.717 15.653
12.742 12.74 12.677 12.61 12.565 12.563 12.595 12.635 12.67 12.7 12.137 11.648 12.117 12.45 12.37 12.303 12.268 12.28 12.27 12.18 12.025 11.837 11.638 11.545 11.575 11.592 11.56 11.558 11.585 11.623 11.685 11.76 11.873 12.02 12.18 12.348 12.508 12.705 12.955 13.205 13.45 13.67 13.87 14.06 14.217 14.267 14.232 14.198 14.21 14.247 14.257 14.265 14.275 14.287 14.305 14.322 14.315 14.233 14.215 14.335 14.482 14.65 14.85 15.065 15.262 15.385 15.445 15.502 15.552 15.565 15.517 15.442 15.38
12.655 12.635 12.578 12.548 12.545 12.555 12.585 12.635 12.677 12.63 11.665 10.759 11.21 12.077 12.499 12.435 12.355 12.375 12.35 12.245 12.11 11.92 11.673 11.54 11.548 11.555 11.593 11.713 11.755 11.66 11.59 11.598 11.69 11.848 12.02 12.187 12.33 12.528 12.795 13.057 13.307 13.52 13.707 13.892 14.062 14.127 14.087 14.032 13.975 13.928 13.913 13.92 13.93 13.95 13.977 14.002 13.985 13.868 13.795 13.883 14.045 14.225 14.46 14.747 14.992 15.09 15.077 15.08 15.107 15.125 15.117 15.107 15.095
12.558 12.543 12.528 12.535 12.545 12.55 12.568 12.615 12.67 12.392 11.42 10.75 10.75 11.158 11.935 12.429 12.54 12.505 12.422 12.3 12.185 12.02 11.745 11.573 11.588 11.638 11.783 12.042 12.132 11.96 11.738 11.588 11.583 11.718 11.892 12.022 12.14 12.345 12.615 12.85 13.035 13.222 13.42 13.605 13.76 13.837 13.832 13.782 13.715 13.638 13.575 13.553 13.558 13.582 13.615 13.625 13.587 13.473 13.35 13.38 13.523 13.668 13.868 14.148 14.41 14.487 14.437 14.417 14.425 14.46 14.51 14.555 14.582
