EGM722_Project_Data/DTM_asc/TL4658.asc
ncols         200
nrows         200
xllcorner     546000.000
yllcorner     258000.000
cellsize      5
NODATA_value  -9999.0
[rows 66 to 98 of 200, columns 74 to 147 of 200]
12.193 12.165 12.157 12.112 12.035 12.19 12.277 12.193 12.662 13.162 13.26 13.345 13.425 13.49 13.543 13.598 13.622 13.603 13.57 13.543 13.523 13.483 13.41 13.31 13.19 13.062 12.902 11.857 10.813 10.748 11.46 12.242 12.287 12.2 12.14 12.088 12.04 12.007 11.925 11.755 11.593 11.513 11.488 11.472 11.437 11.38 11.32 11.275 11.27 11.293 11.33 11.38 11.422 11.355 11.185 11 10.86 10.767 10.66 10.55 10.49 10.482 10.458 10.415 10.373 10.333 10.295 10.26 10.23 10.215 10.215 10.215 10.19 10.12
12.165 12.133 12.135 12.122 12.098 12.328 12.727 12.914 12.962 13.048 13.162 13.255 13.33 13.398 13.48 13.587 13.662 13.677 13.66 13.63 13.627 13.637 13.6 13.51 13.387 13.225 13.007 12.1 11.06 10.743 11.04 11.862 12.3 12.245 12.19 12.14 12.09 12.06 12.032 11.93 11.778 11.66 11.59 11.56 11.525 11.468 11.42 11.393 11.388 11.393 11.41 11.44 11.47 11.4 11.215 11.018 10.903 10.852 10.765 10.658 10.603 10.617 10.627 10.6 10.558 10.517 10.475 10.42 10.365 10.328 10.3 10.275 10.265 10.247
12.145 12.1 12.098 12.108 12.155 12.365 12.647 12.762 12.81 12.923 13.048 13.158 13.245 13.343 13.468 13.592 13.675 13.717 13.732 13.715 13.713 13.742 13.755 13.697 13.545 13.325 13.082 12.6 11.595 10.83 10.808 11.637 12.345 12.292 12.24 12.19 12.138 12.105 12.097 12.062 11.97 11.852 11.745 11.67 11.623 11.583 11.555 11.54 11.54 11.547 11.553 11.56 11.542 11.417 11.203 11.015 10.925 10.895 10.845 10.76 10.715 10.737 10.767 10.77 10.742 10.705 10.655 10.597 10.552 10.512 10.46 10.408 10.373 10.343
12.188 12.135 12.113 12.12 12.178 12.308 12.468 12.593 12.705 12.843 12.98 13.103 13.21 13.333 13.47 13.595 13.677 13.73 13.772 13.787 13.8 13.825 13.845 13.817 13.655 13.407 13.163 12.942 11.97 10.968 10.87 11.413 12.142 12.337 12.29 12.24 12.185 12.15 12.148 12.152 12.11 12.01 11.897 11.803 11.75 11.725 11.705 11.69 11.69 11.7 11.707 11.685 11.602 11.422 11.183 11.013 10.945 10.915 10.885 10.835 10.812 10.84 10.875 10.905 10.897 10.842 10.765 10.697 10.65 10.61 10.57 10.53 10.49 10.45
12.302 12.245 12.19 12.175 12.218 12.313 12.438 12.583 12.735 12.885 13.033 13.138 13.228 13.348 13.477 13.6 13.685 13.745 13.802 13.837 13.855 13.867 13.867 13.83 13.705 13.487 13.232 12.99 12.462 11.518 10.97 11.1 11.825 12.382 12.335 12.285 12.233 12.205 12.213 12.232 12.21 12.12 12.013 11.943 11.905 11.875 11.855 11.843 11.843 11.85 11.827 11.74 11.617 11.427 11.17 11.008 10.96 10.927 10.892 10.857 10.845 10.867 10.902 10.94 10.955 10.9 10.815 10.75 10.688 10.63 10.585 10.55 10.522 10.497
12.43 12.365 12.295 12.248 12.273 12.38 12.53 12.695 12.855 13.005 13.132 13.2 13.265 13.375 13.477 13.59 13.71 13.792 13.842 13.862 13.867 13.855 13.815 13.74 13.637 13.494 13.285 13.05 12.934 12.035 11.103 11.06 11.75 12.424 12.375 12.328 12.285 12.275 12.295 12.317 12.307 12.23 12.14 12.1 12.07 12.03 12.005 11.995 11.995 11.967 11.877 11.75 11.625 11.435 11.173 11.013 10.965 10.925 10.885 10.85 10.83 10.838 10.865 10.897 10.927 10.917 10.865 10.805 10.742 10.678 10.615 10.563 10.523 10.49
12.555 12.485 12.415 12.353 12.37 12.495 12.655 12.815 12.975 13.12 13.207 13.244 13.287 13.355 13.423 13.55 13.74 13.847 13.867 13.842 13.787 13.72 13.632 13.204 12.493 12.103 12.627 13.107 12.982 12.123 11.238 11.155 11.455 12.117 12.42 12.378 12.353 12.358 12.382 12.405 12.405 12.35 12.29 12.267 12.237 12.193 12.158 12.142 12.107 12.015 11.89 11.76 11.635 11.447 11.193 11.035 10.975 10.92 10.878 10.845 10.825 10.818 10.828 10.852 10.872 10.88 10.862 10.827 10.782 10.725 10.667 10.607 10.548 10.498
12.69 12.63 12.573 12.52 12.558 12.7 12.848 12.973 13.102 12.735 12.233 12.125 12.697 13.322 13.358 13.515 13.75 13.82 13.752 13.667 13.484 12.845 12.308 11.875 11.106 10.726 11.93 13.009 12.937 12.6 11.75 11.263 11.461 12.1 12.477 12.44 12.428 12.443 12.468 12.492 12.505 12.485 12.455 12.435 12.405 12.357 12.307 12.252 12.155 12.028 11.9 11.77 11.642 11.46 11.218 11.063 10.998 10.938 10.89 10.855 10.835 10.823 10.81 10.803 10.798 10.795 10.792 10.787 10.77 10.737 10.695 10.64 10.582 10.527
12.867 12.82 12.773 12.74 12.805 12.95 13.07 13.16 13.25 12.35 11.281 11.066 11.985 13.167 13.343 13.48 13.642 13.609 13.11 12.563 12.345 11.75 11.146 10.916 10.771 10.778 11.367 11.823 12.372 13.032 12.61 12.103 12.252 12.527 12.565 12.535 12.518 12.53 12.555 12.58 12.605 12.615 12.605 12.585 12.535 12.46 12.395 12.315 12.208 12.085 11.955 11.823 11.685 11.498 11.28 11.145 11.083 11.033 10.975 10.918 10.89 10.88 10.848 10.795 10.758 10.738 10.723 10.71 10.703 10.695 10.677 10.64 10.592 10.545
13.062 13.022 12.975 12.97 13.055 13.17 13.257 13.325 13.385 12.675 11.625 11.23 11.505 12.622 13.367 13.247 12.885 12.598 12.16 11.663 11.515 11.33 11.081 10.911 11.455 11.487 10.871 10.786 11.59 12.732 13.005 12.877 12.747 12.697 12.675 12.652 12.628 12.623 12.643 12.67 12.7 12.725 12.73 12.71 12.632 12.515 12.428 12.357 12.272 12.172 12.055 11.92 11.765 11.583 11.415 11.303 11.235 11.18 11.102 11.02 10.98 10.96 10.912 10.845 10.783 10.738 10.703 10.673 10.653 10.638 10.623 10.602 10.577 10.54
13.18 13.212 13.175 13.192 13.267 13.335 13.392 13.44 13.477 13.245 12.257 11.42 11.236 12.298 13.422 13.025 12.228 11.753 11.703 11.67 11.508 11.613 12.03 12.198 12.727 12.742 11.558 10.858 11.061 12.17 12.982 12.885 12.825 12.802 12.78 12.76 12.735 12.72 12.733 12.76 12.79 12.822 12.845 12.825 12.735 12.6 12.48 12.393 12.312 12.23 12.135 12.017 11.87 11.72 11.595 11.482 11.392 11.312 11.22 11.125 11.07 11.03 10.967 10.9 10.833 10.773 10.723 10.685 10.655 10.623 10.59 10.568 10.55 10.518
13.25 13.38 13.352 13.355 13.4 13.44 13.477 13.515 13.55 13.579 12.692 11.653 11.423 12.21 13.277 13.23 12.423 11.803 11.745 12.16 12.475 12.69 13.172 13.262 13.2 13.304 12.18 10.921 10.848 11.968 13.042 12.945 12.917 12.89 12.862 12.84 12.815 12.805 12.823 12.852 12.885 12.917 12.95 12.932 12.832 12.697 12.563 12.438 12.34 12.257 12.17 12.075 11.955 11.825 11.702 11.585 11.48 11.387 11.302 11.217 11.152 11.095 11.025 10.955 10.888 10.82 10.758 10.71 10.675 10.64 10.605 10.575 10.543 10.508
13.35 13.502 13.475 13.45 13.475 13.515 13.552 13.587 13.62 13.652 12.972 12.023 11.643 11.788 12.795 13.467 12.628 11.851 11.835 12.332 13.169 13.427 13.292 13.175 13.15 13.245 12.235 11.041 10.891 11.808 12.927 13.047 12.985 12.955 12.925 12.9 12.878 12.878 12.907 12.937 12.962 12.99 13.02 13.01 12.915 12.777 12.637 12.488 12.358 12.258 12.167 12.08 11.97 11.84 11.712 11.598 11.505 11.41 11.32 11.25 11.187 11.132 11.077 11.015 10.945 10.875 10.808 10.745 10.695 10.658 10.625 10.595 10.56 10.525
13.452 13.59 13.562 13.533 13.55 13.59 13.627 13.66 13.69 13.725 13.477 12.642 11.918 11.636 12.55 13.504 13.04 12.255 11.85 11.908 12.755 13.475 13.338 13.278 13.285 13.295 12.835 11.663 11.291 12.228 13.037 13.187 13.088 13.02 12.985 12.958 12.943 12.958 12.985 12.995 13.008 13.035 13.06 13.06 12.982 12.845 12.695 12.533 12.385 12.26 12.155 12.065 11.955 11.83 11.713 11.608 11.532 11.44 11.325 11.24 11.183 11.14 11.1 11.05 10.992 10.932 10.865 10.795 10.73 10.68 10.645 10.612 10.578 10.545
13.54 13.657 13.642 13.62 13.628 13.665 13.7 13.73 13.763 13.797 13.83 13.115 12.223 11.906 12.463 13.317 13.467 12.662 11.85 11.85 12.722 13.524 13.415 13.425 13.472 13.45 13.44 12.862 12.643 13.267 13.465 13.35 13.22 13.113 13.055 13.015 13.01 13.03 13.037 13.033 13.045 13.072 13.095 13.107 13.045 12.905 12.745 12.578 12.428 12.29 12.163 12.055 11.943 11.828 11.723 11.625 11.555 11.482 11.36 11.245 11.183 11.14 11.1 11.055 11.01 10.965 10.912 10.852 10.785 10.72 10.67 10.63 10.595 10.565
13.617 13.715 13.71 13.697 13.703 13.737 13.77 13.8 13.835 13.87 13.9 13.358 12.84 12.86 13.023 13.35 13.49 12.813 11.995 11.85 12.293 13.122 13.532 13.61 13.67 13.678 13.69 13.725 13.782 13.834 13.77 13.6 13.438 13.298 13.175 13.09 13.072 13.077 13.067 13.062 13.077 13.102 13.127 13.15 13.097 12.952 12.785 12.617 12.465 12.327 12.192 12.063 11.945 11.838 11.735 11.643 11.573 11.515 11.4 11.275 11.205 11.155 11.113 11.065 11.015 10.97 10.93 10.882 10.827 10.77 10.71 10.655 10.615 10.585
13.635 13.722 13.73 13.74 13.762 13.795 13.825 13.855 13.887 13.917 13.945 13.735 13.612 13.747 13.725 13.592 13.462 13.202 12.423 11.851 12.006 12.903 13.705 13.812 13.882 13.932 13.987 14.037 13.557 13.5 13.974 13.95 13.827 13.68 13.52 13.25 13.055 13.045 13.038 13.06 13.09 13.107 13.135 13.162 13.117 12.975 12.805 12.635 12.485 12.352 12.215 12.075 11.955 11.85 11.745 11.65 11.58 11.53 11.435 11.33 11.26 11.198 11.143 11.093 11.045 10.998 10.95 10.898 10.848 10.8 10.747 10.693 10.643 10.602
13.535 13.625 13.648 13.712 13.777 13.797 13.82 13.85 13.877 13.902 13.922 13.917 13.887 13.835 13.74 13.61 13.44 13.345 12.992 12.693 12.958 13.522 13.932 14.02 14.084 13.74 13.248 13.145 12.655 12.593 13.602 14.145 14.08 13.925 13.695 13.275 12.96 12.95 12.98 13.055 13.097 13.1 13.12 13.147 13.102 12.967 12.805 12.635 12.49 12.362 12.227 12.09 11.968 11.862 11.75 11.633 11.56 11.525 11.467 11.395 11.325 11.255 11.188 11.128 11.08 11.037 10.99 10.94 10.888 10.835 10.785 10.733 10.678 10.617
13.367 13.468 13.535 13.672 13.77 13.778 13.78 13.8 13.825 13.845 13.847 13.83 13.833 13.845 13.785 13.64 13.455 13.303 13.373 13.612 13.867 14.059 13.864 13.385 13.17 12.795 12.278 12.163 12.195 12.233 13.22 14.077 13.847 13.562 13.315 13.097 12.91 12.893 12.98 13.075 13.11 13.105 13.113 13.13 13.075 12.942 12.797 12.635 12.49 12.365 12.237 12.105 11.98 11.867 11.737 11.598 11.518 11.48 11.44 11.405 11.365 11.315 11.25 11.18 11.118 11.065 11.02 10.98 10.935 10.887 10.837 10.783 10.727 10.645
13.233 13.353 13.488 13.665 13.77 13.78 13.77 13.77 13.777 13.78 13.77 13.768 13.795 13.837 13.812 13.688 13.565 13.528 13.61 13.84 13.583 13.188 12.935 12.421 12.178 12.191 12.215 12.353 12.597 12.703 13.102 13.467 13.21 12.908 12.805 12.828 12.843 12.888 13.002 13.09 13.117 13.115 13.112 13.112 13.045 12.907 12.772 12.627 12.487 12.36 12.235 12.107 11.98 11.852 11.712 11.568 11.468 11.405 11.36 11.345 11.335 11.312 11.275 11.232 11.175 11.107 11.048 11 10.96 10.92 10.877 10.832 10.785 10.687
13.235 13.34 13.465 13.642 13.755 13.77 13.757 13.742 13.73 13.718 13.71 13.728 13.768 13.815 13.845 13.838 13.84 13.867 13.908 14.085 13.418 12.406 12.211 12.215 12.308 12.563 12.737 12.842 12.995 12.965 12.765 12.638 12.54 12.483 12.543 12.643 12.773 12.89 12.992 13.057 13.075 13.077 13.077 13.07 12.987 12.84 12.7 12.56 12.427 12.3 12.18 12.067 11.945 11.805 11.66 11.517 11.403 11.325 11.28 11.265 11.255 11.24 11.225 11.212 11.185 11.142 11.092 11.037 10.985 10.94 10.9 10.86 10.82 10.705
13.327 13.393 13.455 13.605 13.717 13.727 13.712 13.695 13.678 13.66 13.663 13.705 13.768 13.833 13.913 14 14.067 14.117 14.162 14.245 13.992 13.048 12.58 12.755 12.85 13.087 13.187 13.07 12.895 12.678 12.463 12.29 12.263 12.363 12.495 12.635 12.765 12.87 12.937 12.97 12.982 12.987 12.992 12.99 12.902 12.745 12.593 12.445 12.318 12.205 12.1 12 11.885 11.74 11.585 11.44 11.325 11.245 11.2 11.185 11.172 11.158 11.145 11.135 11.122 11.107 11.087 11.055 11.015 10.967 10.92 10.88 10.827 10.7
13.41 13.457 13.485 13.583 13.672 13.675 13.658 13.643 13.65 13.68 13.703 13.74 13.81 13.89 13.983 14.088 14.178 14.247 14.302 14.17 14.027 13.632 13.277 13.307 13.252 13.185 13.06 12.87 12.668 12.463 12.305 12.255 12.3 12.39 12.5 12.63 12.75 12.822 12.855 12.875 12.887 12.893 12.9 12.902 12.82 12.66 12.5 12.35 12.233 12.137 12.04 11.942 11.83 11.685 11.525 11.37 11.248 11.163 11.118 11.105 11.09 11.075 11.065 11.055 11.04 11.025 11.015 11.005 10.99 10.96 10.927 10.887 10.812 10.705
13.49 13.522 13.542 13.585 13.638 13.67 13.7 13.733 13.788 13.865 13.905 13.913 13.94 13.978 14.055 14.192 14.315 14.345 14.327 14.037 13.665 13.58 13.435 13.232 13.11 12.982 12.85 12.685 12.49 12.33 12.275 12.3 12.357 12.437 12.527 12.63 12.71 12.745 12.763 12.78 12.793 12.8 12.808 12.812 12.737 12.583 12.425 12.275 12.163 12.072 11.977 11.885 11.777 11.635 11.478 11.32 11.188 11.088 11.035 11.025 11.013 11.003 10.995 10.985 10.975 10.965 10.958 10.95 10.938 10.928 10.92 10.862 10.753 10.658
13.487 13.49 13.51 13.53 13.655 13.81 13.89 13.97 14.047 14.1 14.1 14.077 14.067 14.065 14.115 14.277 14.477 14.26 13.915 13.717 13.438 13.255 13.13 13.003 12.878 12.75 12.625 12.488 12.35 12.288 12.3 12.325 12.36 12.425 12.51 12.595 12.655 12.685 12.703 12.72 12.733 12.738 12.74 12.732 12.657 12.512 12.358 12.208 12.09 12 11.91 11.82 11.717 11.587 11.437 11.283 11.148 11.048 10.995 10.98 10.973 10.968 10.963 10.955 10.948 10.943 10.938 10.933 10.925 10.917 10.897 10.805 10.693 10.66
13.417 13.378 13.375 13.398 13.602 13.937 14.125 14.21 14.275 14.26 14.172 14.118 14.105 14.113 14.153 14.283 14.512 14.24 13.633 13.363 13.238 13.113 12.985 12.855 12.728 12.6 12.473 12.35 12.285 12.288 12.302 12.31 12.323 12.368 12.443 12.525 12.597 12.647 12.675 12.695 12.705 12.705 12.695 12.66 12.575 12.442 12.295 12.143 12.02 11.93 11.837 11.74 11.637 11.527 11.397 11.248 11.115 11.038 11.003 10.98 10.968 10.962 10.957 10.952 10.945 10.94 10.935 10.928 10.922 10.915 10.862 10.753 10.68 10.717
13.36 13.3 13.258 13.258 13.435 13.847 14.242 14.432 14.445 14.347 14.215 14.138 14.13 14.155 14.195 14.263 14.43 14.515 13.947 13.333 13.188 13.06 12.93 12.8 12.67 12.54 12.41 12.305 12.275 12.287 12.288 12.288 12.298 12.323 12.38 12.46 12.532 12.592 12.637 12.665 12.675 12.662 12.625 12.57 12.48 12.355 12.222 12.078 11.953 11.857 11.757 11.65 11.543 11.44 11.332 11.203 11.095 11.045 11.018 10.993 10.97 10.958 10.95 10.945 10.942 10.937 10.932 10.925 10.917 10.902 10.832 10.733 10.68 10.717
13.3 13.24 13.183 13.145 13.268 13.64 14.067 14.437 14.55 14.413 14.275 14.175 14.163 14.2 14.24 14.28 14.375 14.612 14.135 13.358 13.148 13.01 12.88 12.75 12.62 12.49 12.36 12.285 12.285 12.29 12.275 12.268 12.275 12.29 12.328 12.395 12.465 12.525 12.585 12.63 12.63 12.587 12.533 12.475 12.382 12.258 12.133 12.003 11.88 11.775 11.67 11.563 11.458 11.355 11.258 11.158 11.09 11.062 11.035 11.008 10.983 10.96 10.943 10.935 10.935 10.93 10.925 10.922 10.915 10.885 10.815 10.728 10.668 10.665
13.24 13.18 13.125 13.075 13.135 13.398 13.753 14.312 14.625 14.482 14.34 14.24 14.208 14.208 14.23 14.27 14.325 14.482 14.252 13.58 13.145 12.963 12.83 12.7 12.57 12.44 12.315 12.27 12.295 12.292 12.268 12.25 12.253 12.27 12.29 12.333 12.398 12.46 12.525 12.577 12.565 12.505 12.447 12.385 12.297 12.185 12.06 11.935 11.818 11.708 11.61 11.525 11.42 11.305 11.21 11.133 11.093 11.077 11.055 11.025 10.998 10.973 10.948 10.93 10.925 10.92 10.915 10.915 10.91 10.875 10.805 10.723 10.658 10.63
13.18 13.123 13.08 13.055 13.105 13.29 13.558 14.23 14.687 14.54 14.41 14.335 14.29 14.245 14.223 14.225 14.26 14.368 14.532 13.987 13.203 12.95 12.785 12.653 12.523 12.395 12.288 12.273 12.305 12.295 12.265 12.243 12.245 12.268 12.288 12.313 12.35 12.4 12.465 12.51 12.49 12.43 12.365 12.29 12.21 12.12 12.007 11.885 11.773 11.678 11.603 11.542 11.432 11.29 11.183 11.115 11.093 11.087 11.075 11.05 11.02 10.993 10.965 10.938 10.92 10.91 10.905 10.905 10.897 10.86 10.792 10.715 10.66 10.655
13.128 13.093 13.078 13.075 13.145 13.327 13.5 14.155 14.707 14.598 14.498 14.442 14.397 14.35 14.3 14.253 14.233 14.278 14.62 14.252 13.36 12.993 12.763 12.608 12.478 12.35 12.27 12.285 12.312 12.298 12.275 12.265 12.275 12.3 12.325 12.348 12.36 12.37 12.41 12.442 12.41 12.34 12.268 12.19 12.11 12.03 11.94 11.843 11.755 11.685 11.625 11.567 11.46 11.298 11.16 11.098 11.09 11.087 11.082 11.07 11.045 11.015 10.985 10.955 10.928 10.908 10.898 10.895 10.882 10.84 10.775 10.705 10.663 10.668
13.113 13.105 13.105 13.105 13.185 13.352 13.498 13.89 14.475 14.67 14.587 14.532 14.477 14.422 14.367 14.31 14.255 14.233 14.475 14.415 13.67 13.07 12.783 12.575 12.433 12.3 12.25 12.292 12.32 12.315 12.307 12.31 12.327 12.352 12.375 12.4 12.412 12.4 12.395 12.385 12.33 12.253 12.178 12.1 12.023 11.945 11.87 11.815 11.767 11.712 11.655 11.595 11.492 11.322 11.158 11.09 11.087 11.083 11.08 11.077 11.065 11.04 11.01 10.98 10.95 10.923 10.9 10.888 10.867 10.818 10.753 10.695 10.668 10.675
13.13 13.135 13.137 13.14 13.22 13.367 13.493 13.628 14.255 14.74 14.643 14.58 14.517 14.455 14.398 14.345 14.295 14.243 14.338 14.63 14.06 13.163 12.85 12.575 12.388 12.255 12.208 12.245 12.267 12.275 12.285 12.3 12.322 12.347 12.37 12.395 12.412 12.4 12.367 12.322 12.257 12.185 12.11 12.033 11.958 11.883 11.828 11.805 11.775 11.725 11.672 11.615 11.5 11.307 11.153 11.083 11.068 11.077 11.08 11.077 11.072 11.062 11.04 11.01 10.98 10.948 10.915 10.89 10.863 10.815 10.76 10.713 10.695 10.71
