EGM722_Project_Data/DTM_asc/TL4656.asc
ncols         200
nrows         200
xllcorner     546000.000
yllcorner     256000.000
cellsize      5
NODATA_value  -9999.0
[rows 0 to 32 of 200, columns 0 to 74 of 200]
15.785 15.785 15.755 15.665 15.543 15.44 15.39 15.39 15.42 15.46 15.503 15.547 15.577 15.59 15.63 15.647 15.54 15.35 15.495 15.727 15.465 15.35 15.485 15.49 15.508 15.525 15.535 15.54 15.558 15.608 15.635 15.617 15.577 15.52 15.46 15.4 15.365 15.378 15.423 15.48 15.545 15.633 15.748 15.885 16.04 16.205 16.4 16.625 16.835 16.96 16.978 16.995 17.072 17.122 17.095 17.038 17.02 17.04 17.03 17.008 17.003 17.005 17.033 17.09 17.178 17.282 17.325 17.29 17.235 17.18 17.143 17.125 17.115 17.105 17.095
15.743 15.74 15.717 15.645 15.545 15.493 15.517 15.567 15.617 15.672 15.722 15.752 15.755 15.742 15.717 15.615 15.433 15.235 15.779 15.74 15.166 15.382 15.492 15.495 15.5 15.51 15.518 15.52 15.52 15.538 15.553 15.545 15.522 15.477 15.423 15.393 15.415 15.465 15.52 15.58 15.645 15.705 15.81 15.968 16.123 16.28 16.455 16.665 16.845 16.94 16.99 17.06 17.155 17.215 17.2 17.137 17.075 17.038 17.02 17.01 17.007 17.008 17.048 17.14 17.255 17.337 17.335 17.285 17.233 17.193 17.178 17.17 17.16 17.148 17.132
15.72 15.713 15.7 15.657 15.585 15.538 15.565 15.637 15.712 15.782 15.835 15.84 15.822 15.812 15.757 15.608 15.403 15.195 15.405 15.42 15.223 15.412 15.502 15.507 15.51 15.513 15.515 15.515 15.518 15.523 15.518 15.498 15.473 15.443 15.425 15.453 15.507 15.562 15.612 15.657 15.702 15.743 15.865 16.062 16.225 16.37 16.525 16.707 16.852 16.928 17.01 17.112 17.215 17.285 17.267 17.192 17.117 17.037 16.993 16.99 16.992 17.005 17.08 17.212 17.33 17.367 17.33 17.283 17.248 17.23 17.222 17.215 17.207 17.195 17.165
15.708 15.7 15.695 15.682 15.635 15.585 15.608 15.682 15.752 15.812 15.86 15.845 15.803 15.79 15.76 15.67 15.495 15.273 15.13 15.138 15.25 15.415 15.512 15.522 15.527 15.53 15.53 15.53 15.532 15.535 15.527 15.505 15.48 15.463 15.48 15.53 15.577 15.622 15.655 15.677 15.703 15.75 15.903 16.132 16.335 16.495 16.635 16.765 16.858 16.925 17.015 17.127 17.225 17.275 17.245 17.162 17.075 16.985 16.943 16.948 16.96 16.993 17.095 17.247 17.36 17.382 17.347 17.313 17.285 17.27 17.26 17.25 17.245 17.237 17.202
15.715 15.688 15.685 15.682 15.665 15.633 15.653 15.72 15.78 15.837 15.89 15.87 15.798 15.763 15.73 15.68 15.582 15.403 15.29 15.295 15.338 15.435 15.52 15.54 15.542 15.542 15.532 15.517 15.502 15.487 15.477 15.472 15.47 15.477 15.512 15.562 15.605 15.64 15.66 15.673 15.693 15.76 15.93 16.165 16.4 16.61 16.775 16.862 16.885 16.928 17.02 17.115 17.175 17.195 17.16 17.09 17.015 16.933 16.895 16.91 16.935 16.975 17.078 17.217 17.325 17.367 17.357 17.34 17.315 17.295 17.285 17.275 17.267 17.257 17.232
15.845 15.675 15.672 15.667 15.665 15.655 15.682 15.747 15.802 15.86 15.917 15.9 15.815 15.75 15.7 15.653 15.6 15.51 15.452 15.462 15.475 15.502 15.525 15.517 15.502 15.485 15.46 15.432 15.405 15.375 15.36 15.365 15.375 15.41 15.475 15.537 15.59 15.637 15.667 15.678 15.688 15.77 15.96 16.195 16.43 16.662 16.875 16.975 16.96 16.953 17.003 17.06 17.095 17.105 17.068 17.003 16.945 16.895 16.878 16.898 16.923 16.958 17.043 17.152 17.25 17.32 17.332 17.32 17.307 17.295 17.285 17.275 17.265 17.255 17.25
16.165 15.695 15.65 15.643 15.645 15.62 15.608 15.662 15.732 15.802 15.895 15.91 15.827 15.745 15.68 15.633 15.588 15.55 15.525 15.52 15.525 15.522 15.49 15.435 15.393 15.363 15.335 15.307 15.28 15.25 15.238 15.245 15.265 15.323 15.405 15.48 15.542 15.6 15.662 15.695 15.7 15.79 15.988 16.217 16.45 16.682 16.905 17.03 17.052 17.038 17.028 17.048 17.068 17.063 17.028 16.98 16.94 16.915 16.915 16.935 16.953 16.97 17.008 17.08 17.173 17.262 17.302 17.292 17.28 17.272 17.265 17.255 17.242 17.235 17.257
16.78 15.838 15.61 15.61 15.637 15.605 15.483 15.458 15.56 15.693 15.837 15.882 15.812 15.73 15.665 15.618 15.58 15.558 15.528 15.5 15.495 15.477 15.425 15.353 15.288 15.243 15.21 15.182 15.155 15.125 15.115 15.13 15.173 15.248 15.33 15.41 15.482 15.543 15.64 15.717 15.743 15.845 16.028 16.235 16.463 16.697 16.9 17.022 17.09 17.127 17.127 17.125 17.125 17.105 17.073 17.04 17.01 16.985 16.985 17 17.007 17.007 17.01 17.043 17.108 17.192 17.257 17.267 17.255 17.248 17.242 17.232 17.213 17.203 17.24
17.422 16.23 15.668 15.603 15.665 15.58 15.34 15.29 15.45 15.64 15.795 15.83 15.78 15.71 15.648 15.613 15.59 15.572 15.542 15.5 15.467 15.425 15.36 15.288 15.213 15.145 15.093 15.058 15.03 15.003 14.995 15.025 15.09 15.17 15.25 15.33 15.412 15.485 15.595 15.715 15.798 15.925 16.095 16.275 16.483 16.712 16.895 16.997 17.072 17.145 17.192 17.215 17.212 17.185 17.15 17.112 17.08 17.057 17.052 17.052 17.047 17.04 17.043 17.058 17.083 17.133 17.202 17.237 17.23 17.223 17.217 17.202 17.175 17.168 17.21
18.042 16.943 15.873 15.673 15.707 15.53 15.26 15.228 15.393 15.597 15.745 15.77 15.73 15.682 15.643 15.622 15.605 15.585 15.555 15.51 15.435 15.365 15.312 15.238 15.153 15.073 15.003 14.945 14.905 14.88 14.883 14.933 15.01 15.09 15.173 15.255 15.338 15.418 15.53 15.695 15.852 16.005 16.175 16.345 16.525 16.732 16.892 16.972 17.04 17.107 17.172 17.23 17.247 17.217 17.172 17.13 17.092 17.062 17.045 17.035 17.03 17.042 17.075 17.097 17.105 17.123 17.16 17.195 17.203 17.2 17.192 17.17 17.14 17.14 17.188
18.529 17.762 16.388 15.865 15.822 15.595 15.37 15.285 15.343 15.517 15.675 15.71 15.67 15.648 15.637 15.622 15.605 15.59 15.565 15.505 15.372 15.278 15.26 15.217 15.145 15.055 14.968 14.88 14.805 14.763 14.78 14.853 14.943 15.038 15.135 15.233 15.328 15.42 15.55 15.735 15.905 16.05 16.212 16.387 16.562 16.745 16.87 16.93 16.99 17.05 17.11 17.172 17.215 17.195 17.14 17.09 17.04 16.993 16.96 16.955 16.973 17.023 17.102 17.147 17.155 17.165 17.173 17.183 17.188 17.183 17.175 17.155 17.138 17.17 17.235
18.72 18.517 17.168 16.108 15.99 15.743 15.553 15.443 15.383 15.45 15.597 15.65 15.623 15.625 15.625 15.61 15.6 15.595 15.572 15.47 15.278 15.165 15.162 15.157 15.132 15.08 15 14.895 14.793 14.748 14.793 14.878 14.975 15.085 15.193 15.3 15.41 15.518 15.665 15.832 15.965 16.088 16.225 16.383 16.555 16.732 16.837 16.875 16.925 16.985 17.045 17.102 17.15 17.155 17.112 17.058 17 16.943 16.905 16.91 16.943 17.008 17.11 17.187 17.21 17.212 17.212 17.208 17.2 17.19 17.18 17.165 17.18 17.26 17.345
18.84 18.957 18.187 16.835 16.143 15.91 15.745 15.64 15.535 15.478 15.545 15.6 15.593 15.612 15.615 15.603 15.6 15.6 15.56 15.407 15.178 15.055 15.048 15.045 15.042 15.035 15.005 14.94 14.86 14.86 14.948 15.035 15.125 15.223 15.318 15.418 15.525 15.633 15.772 15.92 16.038 16.155 16.275 16.403 16.545 16.71 16.82 16.845 16.868 16.915 16.975 17.027 17.072 17.105 17.087 17.032 16.975 16.918 16.89 16.903 16.93 16.993 17.095 17.195 17.242 17.242 17.238 17.235 17.23 17.22 17.208 17.2 17.253 17.357 17.42
18.902 19.052 19.002 17.64 16.281 16.09 15.945 15.837 15.732 15.625 15.565 15.563 15.575 15.6 15.613 15.608 15.605 15.605 15.522 15.32 15.08 14.948 14.933 14.93 14.928 14.923 14.923 14.92 14.933 15.015 15.132 15.227 15.313 15.398 15.483 15.57 15.665 15.755 15.865 15.995 16.112 16.23 16.347 16.465 16.585 16.72 16.82 16.848 16.853 16.87 16.908 16.95 16.995 17.042 17.05 17.005 16.948 16.9 16.885 16.9 16.923 16.975 17.073 17.177 17.25 17.27 17.265 17.265 17.26 17.25 17.24 17.255 17.337 17.422 17.435
18.965 19.107 19.212 18.587 17.11 16.238 16.1 15.975 15.855 15.732 15.602 15.55 15.578 15.603 15.635 15.665 15.675 15.66 15.515 15.25 14.99 14.843 14.823 14.833 14.848 14.86 14.875 14.9 14.993 15.15 15.302 15.42 15.502 15.58 15.657 15.732 15.81 15.88 15.955 16.06 16.18 16.3 16.417 16.535 16.652 16.767 16.855 16.89 16.895 16.895 16.89 16.89 16.918 16.965 16.997 16.977 16.923 16.888 16.885 16.898 16.915 16.958 17.048 17.152 17.242 17.29 17.292 17.29 17.287 17.28 17.27 17.315 17.4 17.435 17.427
19.025 19.165 19.283 19.391 17.927 16.354 16.217 16.065 15.912 15.712 15.57 15.562 15.59 15.615 15.66 15.725 15.772 15.747 15.625 15.473 15.338 15.25 15.21 15.18 15.153 15.125 15.095 15.05 15.115 15.308 15.5 15.61 15.658 15.725 15.795 15.865 15.935 15.997 16.05 16.128 16.24 16.36 16.48 16.6 16.715 16.82 16.905 16.952 16.965 16.962 16.938 16.9 16.885 16.898 16.932 16.94 16.898 16.873 16.883 16.895 16.91 16.945 17.025 17.127 17.22 17.292 17.317 17.315 17.315 17.31 17.313 17.367 17.42 17.425 17.42
19.06 19.255 19.382 19.49 18.747 17.188 16.33 16.152 15.842 15.528 15.47 15.542 15.595 15.627 15.673 15.743 15.822 15.855 15.832 15.815 15.802 15.782 15.772 15.775 15.767 15.715 15.615 15.45 15.398 15.558 15.75 15.822 15.81 15.85 15.92 15.99 16.06 16.117 16.16 16.213 16.303 16.42 16.54 16.66 16.77 16.865 16.945 17 17.027 17.03 17.005 16.965 16.925 16.895 16.888 16.893 16.878 16.865 16.88 16.895 16.91 16.935 17.003 17.1 17.19 17.28 17.335 17.345 17.345 17.34 17.358 17.397 17.415 17.417 17.412
19.025 19.33 19.492 19.585 19.614 18.047 16.398 16.205 15.707 15.298 15.333 15.435 15.53 15.615 15.698 15.78 15.875 15.96 15.995 15.977 15.94 15.915 15.955 16.045 16.125 16.16 16.12 15.95 15.78 15.84 16.005 16.052 16.015 16.003 16.045 16.115 16.182 16.235 16.275 16.315 16.38 16.483 16.6 16.715 16.815 16.905 16.985 17.042 17.082 17.097 17.075 17.035 16.995 16.955 16.913 16.885 16.875 16.878 16.893 16.908 16.923 16.938 16.983 17.065 17.157 17.252 17.332 17.367 17.372 17.372 17.385 17.402 17.405 17.407 17.397
18.93 19.302 19.54 19.662 19.755 18.865 17.138 15.988 15.395 15.15 15.21 15.345 15.488 15.64 15.758 15.845 15.945 16.03 16.08 16.09 16.065 16.038 16.075 16.165 16.255 16.335 16.35 16.252 16.105 16.128 16.257 16.28 16.245 16.2 16.195 16.25 16.31 16.353 16.39 16.43 16.478 16.555 16.66 16.762 16.855 16.945 17.025 17.082 17.125 17.152 17.14 17.097 17.055 17.012 16.967 16.928 16.92 16.933 16.943 16.958 16.973 16.973 16.965 17.013 17.107 17.202 17.28 17.307 17.307 17.312 17.345 17.375 17.375 17.377 17.37
18.825 19.222 19.515 19.682 19.805 19.769 18.027 15.751 15.093 15.098 15.22 15.39 15.565 15.735 15.845 15.92 16.015 16.1 16.15 16.18 16.185 16.163 16.195 16.285 16.365 16.422 16.417 16.35 16.323 16.417 16.51 16.497 16.447 16.39 16.373 16.413 16.46 16.495 16.528 16.562 16.597 16.64 16.71 16.797 16.882 16.967 17.04 17.092 17.135 17.17 17.177 17.147 17.103 17.058 17.015 16.99 17.007 17.02 17.018 17.032 17.047 17.027 16.965 16.965 17.045 17.137 17.187 17.177 17.16 17.158 17.205 17.29 17.33 17.332 17.332
18.72 19.13 19.46 19.652 19.785 19.909 17.857 15.413 15.078 15.168 15.343 15.508 15.677 15.837 15.937 16 16.085 16.17 16.22 16.255 16.285 16.283 16.315 16.395 16.452 16.497 16.485 16.465 16.527 16.615 16.657 16.65 16.61 16.55 16.543 16.582 16.62 16.652 16.67 16.677 16.685 16.69 16.73 16.81 16.89 16.967 17.03 17.077 17.122 17.16 17.18 17.177 17.147 17.105 17.063 17.055 17.097 17.117 17.105 17.11 17.12 17.08 16.995 16.943 16.983 17.06 17.077 17.053 17.03 17.015 17.025 17.127 17.25 17.285 17.285
18.61 19.02 19.352 19.545 19.678 19.883 17.547 15.059 15.128 15.318 15.488 15.63 15.795 15.942 16.032 16.09 16.163 16.24 16.29 16.325 16.362 16.385 16.425 16.482 16.527 16.57 16.577 16.6 16.647 16.66 16.667 16.685 16.69 16.677 16.682 16.702 16.722 16.737 16.735 16.722 16.707 16.688 16.74 16.833 16.895 16.963 17.018 17.063 17.108 17.145 17.168 17.182 17.182 17.152 17.115 17.128 17.185 17.22 17.207 17.193 17.182 17.125 17.035 16.948 16.935 16.965 16.953 16.93 16.91 16.888 16.868 16.925 17.095 17.225 17.25
18.5 18.915 19.247 19.428 19.635 18.679 16.294 16.36 16.722 15.703 15.67 15.745 15.905 16.045 16.127 16.185 16.248 16.31 16.36 16.4 16.435 16.455 16.472 16.507 16.555 16.597 16.625 16.637 16.64 16.64 16.643 16.658 16.682 16.71 16.732 16.742 16.747 16.747 16.737 16.717 16.687 16.648 16.755 16.962 17.062 17.103 17.135 17.158 17.163 17.16 17.165 17.178 17.19 17.185 17.18 17.212 17.27 17.312 17.305 17.275 17.235 17.16 17.067 16.973 16.918 16.91 16.903 16.888 16.875 16.86 16.843 16.868 17.045 17.22 17.25
18.388 18.828 19.265 19.518 19.788 17.512 15.141 17.996 18.443 16.056 15.91 15.895 16.003 16.14 16.222 16.28 16.34 16.398 16.45 16.485 16.497 16.49 16.475 16.488 16.53 16.57 16.592 16.605 16.615 16.62 16.62 16.633 16.655 16.68 16.71 16.732 16.747 16.745 16.717 16.675 16.625 16.575 16.685 17.012 17.28 17.345 17.327 17.3 17.255 17.21 17.193 17.2 17.208 17.213 17.215 17.237 17.282 17.32 17.315 17.292 17.257 17.18 17.088 17.003 16.94 16.923 16.95 16.97 16.968 16.96 16.95 16.975 17.132 17.265 17.265
18.345 18.828 19.36 19.599 18.559 16.254 16.626 19.648 18.574 16.144 16.142 16.122 16.138 16.235 16.32 16.383 16.448 16.507 16.542 16.545 16.53 16.51 16.49 16.48 16.503 16.532 16.55 16.565 16.578 16.59 16.597 16.608 16.625 16.65 16.68 16.705 16.72 16.702 16.655 16.603 16.55 16.515 16.563 16.85 17.255 17.417 17.392 17.36 17.315 17.265 17.243 17.247 17.25 17.25 17.238 17.225 17.233 17.253 17.255 17.26 17.255 17.193 17.115 17.05 16.995 16.958 16.98 17.04 17.08 17.09 17.085 17.115 17.217 17.285 17.267
18.438 18.953 19.48 19.478 17.09 14.924 17.987 21.002 18.545 16.221 16.307 16.322 16.308 16.35 16.425 16.498 16.56 16.592 16.587 16.565 16.545 16.525 16.505 16.485 16.485 16.503 16.518 16.53 16.543 16.558 16.57 16.58 16.598 16.623 16.65 16.672 16.665 16.625 16.575 16.533 16.51 16.515 16.538 16.695 17.072 17.327 17.35 17.345 17.327 17.302 17.29 17.29 17.29 17.287 17.277 17.25 17.218 17.208 17.22 17.247 17.257 17.22 17.165 17.11 17.055 17.005 16.985 17.033 17.112 17.17 17.202 17.235 17.272 17.28 17.255
18.593 19.098 19.639 18.432 15.916 16.239 19.332 20.406 17.975 16.311 16.452 16.5 16.515 16.553 16.607 16.65 16.647 16.61 16.585 16.565 16.545 16.525 16.505 16.485 16.485 16.503 16.518 16.53 16.543 16.558 16.568 16.565 16.573 16.597 16.622 16.627 16.595 16.545 16.515 16.513 16.528 16.555 16.583 16.638 16.89 17.182 17.265 17.267 17.27 17.265 17.277 17.295 17.295 17.292 17.282 17.255 17.213 17.193 17.213 17.242 17.24 17.215 17.185 17.142 17.097 17.055 17.018 17.025 17.093 17.18 17.242 17.267 17.27 17.255 17.232
18.748 19.23 19.761 17.45 14.843 17.604 20.709 19.172 16.771 16.358 16.56 16.693 16.742 16.765 16.785 16.765 16.682 16.59 16.558 16.55 16.535 16.512 16.49 16.48 16.5 16.527 16.545 16.56 16.57 16.58 16.587 16.57 16.553 16.57 16.585 16.563 16.528 16.508 16.515 16.545 16.57 16.595 16.625 16.653 16.763 17.02 17.18 17.182 17.185 17.173 17.205 17.255 17.262 17.262 17.255 17.228 17.195 17.195 17.22 17.225 17.182 17.148 17.137 17.12 17.09 17.055 17.022 17.023 17.083 17.17 17.23 17.245 17.24 17.225 17.205
18.905 19.385 19.721 17.312 15.077 17.35 20.227 18.572 16.164 16.383 16.883 17.09 16.893 16.882 16.867 16.802 16.685 16.57 16.52 16.52 16.515 16.497 16.478 16.485 16.52 16.552 16.572 16.585 16.595 16.6 16.6 16.572 16.538 16.538 16.533 16.513 16.513 16.533 16.558 16.585 16.612 16.638 16.665 16.695 16.73 16.908 17.082 17.1 17.092 17.078 17.123 17.2 17.227 17.227 17.222 17.205 17.193 17.202 17.212 17.177 17.103 17.063 17.06 17.057 17.045 17.018 16.998 17.023 17.083 17.16 17.215 17.22 17.207 17.192 17.175
19.063 19.542 18.547 16.066 15.683 16.895 17.847 17.22 16.073 16.236 18.029 18.377 16.991 16.967 16.922 16.815 16.685 16.555 16.485 16.48 16.48 16.475 16.475 16.5 16.54 16.565 16.58 16.597 16.61 16.617 16.607 16.565 16.52 16.508 16.51 16.52 16.545 16.575 16.602 16.628 16.655 16.682 16.708 16.735 16.765 16.845 16.965 17.012 16.988 16.98 17.04 17.137 17.19 17.192 17.172 17.167 17.187 17.202 17.182 17.11 17.023 16.98 16.983 16.985 16.985 16.978 16.99 17.037 17.09 17.155 17.195 17.187 17.17 17.152 17.142
19.217 19.696 17.445 14.88 15.69 16.25 15.814 15.803 15.943 16.294 19.072 19.639 17.396 17.033 16.942 16.81 16.68 16.55 16.473 16.463 16.468 16.473 16.49 16.525 16.552 16.545 16.545 16.572 16.592 16.617 16.617 16.57 16.518 16.505 16.53 16.557 16.585 16.612 16.64 16.667 16.695 16.725 16.75 16.775 16.805 16.835 16.893 16.925 16.903 16.918 16.99 17.082 17.132 17.117 17.078 17.088 17.14 17.175 17.147 17.068 16.993 16.943 16.933 16.935 16.935 16.94 16.975 17.032 17.085 17.142 17.152 17.118 17.092 17.07 17.055
19.257 18.692 16.355 14.823 15.193 15.613 15.65 15.76 15.898 17.643 20.361 20.581 18.46 17.068 16.935 16.81 16.69 16.57 16.495 16.483 16.49 16.5 16.52 16.545 16.535 16.493 16.485 16.515 16.553 16.615 16.647 16.605 16.543 16.53 16.56 16.59 16.618 16.643 16.67 16.7 16.73 16.76 16.788 16.815 16.842 16.86 16.867 16.865 16.858 16.893 16.973 17.05 17.062 17.01 16.985 17.023 17.085 17.137 17.132 17.075 17.015 16.96 16.925 16.91 16.908 16.913 16.945 17.005 17.065 17.12 17.105 17.038 16.988 16.953 16.928
19.322 17.63 15.231 14.88 15.095 15.458 15.68 15.763 15.997 18.847 21.366 21.149 19.155 17.111 16.938 16.827 16.72 16.608 16.533 16.518 16.525 16.533 16.542 16.535 16.485 16.433 16.428 16.473 16.545 16.635 16.697 16.667 16.588 16.565 16.595 16.625 16.653 16.68 16.71 16.74 16.77 16.8 16.825 16.84 16.85 16.85 16.84 16.828 16.828 16.875 16.962 17.015 16.99 16.955 16.975 17.03 17.09 17.135 17.14 17.102 17.048 16.995 16.948 16.908 16.888 16.885 16.915 16.978 17.045 17.097 17.075 16.995 16.92 16.855 16.813
