EGM722_Project_Data/DTM_asc/TL4659.asc
ncols         200
nrows         200
xllcorner     546000.000
yllcorner     259000.000
cellsize      5
NODATA_value  -9999.0
[rows 70 to 104 of 200, columns 78 to 155 of 200]
6.46 6.457 6.442 6.415 6.382 6.342 6.287 6.213 6.168 6.205 6.282 6.342 6.34 6.23 6.055 5.875 5.73 5.628 5.575 5.465 5.315 5.215 5.103 5.02 4.99 4.98 4.96 4.93 4.942 4.955 4.892 4.77 4.69 4.67 4.643 4.655 4.667 4.637 4.59 4.51 4.415 4.355 4.39 4.48 4.555 4.628 4.703 4.86 4.98 4.635 4.273 4.24 4.195 4.135 4.335 4.98 5.385 5.365 5.345 5.34 5.358 5.383 5.408 5.42 5.395 5.345 5.292 5.232 5.182 5.125 5.038 4.97 4.965 4.993 5.023 5.05 5.073 5.11
6.465 6.462 6.452 6.432 6.405 6.357 6.282 6.195 6.165 6.218 6.282 6.325 6.36 6.345 6.225 6.058 5.915 5.835 5.83 5.747 5.41 5.115 5 4.903 4.86 4.845 4.807 4.77 4.79 4.84 4.84 4.78 4.722 4.687 4.65 4.68 4.72 4.662 4.552 4.413 4.333 4.393 4.525 4.63 4.7 4.772 4.845 4.992 4.807 4.425 4.335 4.33 4.312 4.28 4.727 5.265 5.33 5.325 5.338 5.373 5.42 5.46 5.487 5.487 5.452 5.4 5.34 5.263 5.228 5.225 5.17 5.11 5.11 5.137 5.155 5.162 5.17 5.203
6.465 6.457 6.452 6.445 6.42 6.355 6.265 6.175 6.163 6.222 6.268 6.305 6.35 6.395 6.367 6.242 6.135 6.108 6.115 6.1 5.837 5.278 4.9 4.788 4.73 4.7 4.645 4.608 4.63 4.69 4.735 4.73 4.698 4.673 4.645 4.662 4.657 4.537 4.385 4.315 4.39 4.543 4.682 4.78 4.847 4.915 4.985 5.125 4.795 4.358 4.352 4.347 4.342 4.345 4.825 5.305 5.318 5.348 5.4 5.462 5.517 5.552 5.557 5.542 5.507 5.447 5.372 5.288 5.253 5.275 5.275 5.25 5.247 5.26 5.262 5.257 5.263 5.295
6.442 6.43 6.432 6.435 6.412 6.342 6.248 6.165 6.16 6.215 6.263 6.313 6.37 6.432 6.452 6.39 6.337 6.35 6.362 6.332 6.242 5.78 5.065 4.688 4.6 4.54 4.475 4.445 4.475 4.535 4.615 4.688 4.695 4.668 4.64 4.625 4.55 4.39 4.315 4.4 4.555 4.71 4.837 4.925 4.993 5.06 5.13 5.15 4.755 4.373 4.367 4.362 4.358 4.523 4.997 5.327 5.378 5.433 5.492 5.557 5.61 5.627 5.615 5.595 5.555 5.482 5.397 5.313 5.278 5.3 5.33 5.342 5.34 5.34 5.34 5.338 5.353 5.39
6.405 6.39 6.395 6.4 6.39 6.335 6.24 6.17 6.175 6.23 6.29 6.35 6.413 6.477 6.505 6.475 6.432 6.412 6.425 6.422 6.33 5.762 4.98 4.628 4.515 4.42 4.335 4.31 4.373 4.47 4.588 4.702 4.735 4.703 4.668 4.64 4.555 4.403 4.393 4.552 4.722 4.877 4.995 5.07 5.14 5.21 5.272 5.03 4.57 4.38 4.377 4.375 4.373 4.768 5.235 5.362 5.457 5.52 5.57 5.622 5.652 5.637 5.61 5.592 5.545 5.46 5.378 5.323 5.313 5.335 5.365 5.385 5.39 5.39 5.39 5.408 5.453 5.503
6.363 6.353 6.357 6.36 6.36 6.325 6.25 6.205 6.223 6.273 6.333 6.395 6.457 6.52 6.555 6.532 6.473 6.405 6.368 6.357 5.862 5.013 4.643 4.582 4.475 4.373 4.31 4.318 4.39 4.508 4.64 4.757 4.792 4.76 4.733 4.712 4.652 4.54 4.513 4.655 4.86 5.035 5.15 5.21 5.26 5.307 5.32 4.885 4.42 4.38 4.38 4.38 4.51 4.982 5.282 5.328 5.477 5.56 5.6 5.642 5.65 5.603 5.553 5.527 5.475 5.4 5.355 5.35 5.365 5.38 5.405 5.425 5.43 5.433 5.453 5.505 5.57 5.627
6.323 6.318 6.32 6.32 6.32 6.315 6.295 6.28 6.295 6.33 6.38 6.44 6.5 6.562 6.607 6.59 6.528 6.465 6.405 5.907 4.92 4.448 4.522 4.522 4.46 4.413 4.418 4.458 4.513 4.593 4.7 4.815 4.852 4.825 4.805 4.785 4.747 4.678 4.648 4.743 4.94 5.127 5.227 5.27 5.3 5.322 5.075 4.6 4.38 4.38 4.38 4.38 4.78 5.257 5.275 5.28 5.415 5.525 5.595 5.65 5.647 5.582 5.513 5.46 5.418 5.393 5.395 5.41 5.425 5.433 5.448 5.465 5.478 5.503 5.555 5.625 5.69 5.75
6.283 6.28 6.28 6.285 6.295 6.325 6.37 6.397 6.415 6.438 6.468 6.503 6.545 6.602 6.662 6.667 6.615 6.56 6.167 5.118 4.328 4.285 4.415 4.488 4.513 4.545 4.575 4.613 4.665 4.728 4.803 4.887 4.917 4.895 4.875 4.855 4.832 4.802 4.8 4.848 4.965 5.112 5.21 5.257 5.275 5.19 4.74 4.38 4.38 4.38 4.38 4.535 5.077 5.405 5.28 5.248 5.338 5.453 5.555 5.635 5.63 5.552 5.472 5.408 5.393 5.412 5.435 5.46 5.482 5.493 5.5 5.52 5.56 5.615 5.68 5.75 5.818 5.88
6.243 6.25 6.258 6.27 6.295 6.348 6.427 6.5 6.552 6.587 6.61 6.627 6.642 6.163 6.215 6.757 6.735 6.617 5.64 4.521 4.283 4.33 4.428 4.498 4.572 4.66 4.722 4.767 4.817 4.88 4.932 4.975 4.985 4.965 4.945 4.925 4.9 4.89 4.907 4.925 4.958 5.045 5.16 5.217 5.215 4.92 4.505 4.38 4.38 4.38 4.473 4.923 5.362 5.38 5.255 5.223 5.305 5.415 5.515 5.58 5.562 5.482 5.408 5.363 5.363 5.39 5.435 5.503 5.55 5.565 5.585 5.635 5.715 5.79 5.855 5.925 5.995 6.048
6.223 6.24 6.258 6.275 6.31 6.378 6.462 6.537 6.6 6.645 6.672 6.692 6.39 5.383 5.188 6.282 6.854 6.122 4.883 4.335 4.36 4.43 4.48 4.525 4.598 4.705 4.807 4.89 4.952 5 5.032 5.055 5.055 5.035 5.012 4.985 4.95 4.943 4.965 4.972 4.953 4.983 5.087 5.14 4.955 4.578 4.38 4.38 4.38 4.38 4.768 5.332 5.445 5.31 5.213 5.22 5.31 5.412 5.475 5.485 5.455 5.398 5.348 5.32 5.325 5.375 5.463 5.57 5.635 5.663 5.718 5.8 5.9 5.997 6.075 6.145 6.205 6.233
6.218 6.238 6.26 6.285 6.335 6.402 6.465 6.515 6.555 6.59 6.62 6.619 5.84 4.863 4.613 5.143 5.689 5.025 4.368 4.357 4.392 4.452 4.507 4.555 4.625 4.728 4.838 4.955 5.035 5.072 5.102 5.125 5.125 5.1 5.067 5.027 4.985 4.985 5.017 5.025 4.985 4.953 5.005 4.94 4.603 4.38 4.38 4.38 4.38 4.618 5.182 5.462 5.36 5.243 5.188 5.23 5.31 5.372 5.383 5.378 5.395 5.398 5.375 5.355 5.373 5.45 5.55 5.658 5.738 5.798 5.88 5.973 6.073 6.182 6.285 6.365 6.402 6.418
6.228 6.243 6.265 6.292 6.337 6.383 6.418 6.45 6.483 6.518 6.55 6.095 5.156 4.65 4.575 4.5 4.438 4.388 4.338 4.335 4.395 4.46 4.522 4.58 4.653 4.758 4.875 4.997 5.082 5.125 5.162 5.192 5.187 5.148 5.105 5.063 5.02 5.025 5.07 5.085 5.052 4.98 4.915 4.683 4.425 4.38 4.38 4.38 4.538 5.045 5.402 5.365 5.27 5.193 5.185 5.233 5.282 5.308 5.315 5.33 5.4 5.482 5.5 5.485 5.515 5.6 5.688 5.788 5.883 5.965 6.055 6.15 6.248 6.353 6.467 6.567 6.602 6.623
6.25 6.26 6.277 6.278 6.335 6.415 6.445 6.475 6.505 6.535 6.57 6.1 5.135 4.62 4.52 4.425 4.39 4.37 4.328 4.33 4.39 4.457 4.523 4.595 4.683 4.793 4.917 5.037 5.125 5.177 5.22 5.257 5.252 5.205 5.158 5.112 5.063 5.063 5.12 5.16 5.14 5.01 4.745 4.48 4.38 4.38 4.38 4.38 4.805 5.32 5.365 5.283 5.205 5.175 5.208 5.25 5.27 5.28 5.305 5.33 5.42 5.577 5.65 5.64 5.68 5.77 5.868 5.978 6.073 6.153 6.24 6.333 6.428 6.52 6.63 6.745 6.8 6.838
6.27 6.277 6.282 6.253 6.318 6.477 6.56 6.59 6.62 6.658 6.692 6.629 5.59 4.545 4.385 4.305 4.335 4.367 4.35 4.338 4.38 4.448 4.523 4.633 4.745 4.838 4.95 5.07 5.157 5.22 5.275 5.32 5.325 5.285 5.232 5.16 5.09 5.1 5.178 5.255 5.155 4.822 4.503 4.38 4.38 4.38 4.38 4.655 5.18 5.392 5.32 5.255 5.2 5.195 5.24 5.287 5.302 5.293 5.305 5.333 5.445 5.652 5.777 5.8 5.85 5.948 6.063 6.185 6.28 6.353 6.433 6.52 6.612 6.693 6.79 6.908 7.04 7.358
6.3 6.293 6.28 6.238 6.23 6.45 6.67 6.703 6.74 6.805 6.827 6.247 5.138 4.478 4.3 4.25 4.28 4.32 4.347 4.343 4.37 4.445 4.558 4.717 4.84 4.905 4.99 5.097 5.182 5.25 5.315 5.372 5.395 5.35 5.262 5.15 5.093 5.168 5.295 5.187 4.827 4.508 4.38 4.38 4.38 4.38 4.663 5.225 5.467 5.395 5.325 5.26 5.218 5.228 5.273 5.32 5.348 5.335 5.32 5.345 5.48 5.702 5.88 5.962 6.03 6.143 6.27 6.392 6.485 6.558 6.633 6.713 6.797 6.87 6.945 7.365 7.925 8.32
6.395 6.333 6.28 6.225 6.165 6.26 6.595 6.822 6.882 6.972 6.515 5.378 4.658 4.463 4.323 4.29 4.29 4.303 4.328 4.338 4.375 4.485 4.645 4.822 4.937 4.992 5.055 5.132 5.207 5.272 5.335 5.397 5.43 5.367 5.238 5.138 5.173 5.335 5.232 4.785 4.458 4.38 4.38 4.38 4.38 4.678 5.252 5.542 5.515 5.435 5.358 5.288 5.255 5.283 5.335 5.385 5.433 5.445 5.42 5.423 5.548 5.765 5.97 6.117 6.227 6.35 6.48 6.6 6.69 6.762 6.837 6.912 6.985 7.032 7.063 7.687 8.567 8.817
6.527 6.367 6.24 6.167 6.112 6.06 6.468 6.917 6.97 7.062 6.073 4.873 4.635 4.458 4.358 4.35 4.347 4.337 4.325 4.33 4.398 4.543 4.717 4.887 4.997 5.052 5.102 5.152 5.21 5.27 5.33 5.4 5.442 5.375 5.24 5.228 5.385 5.337 4.84 4.438 4.38 4.38 4.38 4.38 4.69 5.287 5.6 5.612 5.592 5.55 5.48 5.41 5.375 5.405 5.465 5.523 5.585 5.635 5.635 5.61 5.688 5.88 6.088 6.27 6.412 6.54 6.662 6.762 6.842 6.915 6.99 7.07 7.152 7.197 7.205 7.55 8.295 8.692
6.562 6.345 6.158 6.055 6.005 6.24 6.725 6.962 6.995 7.054 5.972 4.77 4.605 4.448 4.368 4.352 4.337 4.315 4.305 4.33 4.423 4.58 4.75 4.912 5.02 5.07 5.105 5.138 5.188 5.25 5.32 5.412 5.467 5.4 5.33 5.435 5.44 4.965 4.478 4.37 4.377 4.38 4.38 4.705 5.32 5.655 5.707 5.675 5.66 5.682 5.657 5.6 5.555 5.575 5.635 5.698 5.765 5.835 5.875 5.86 5.895 6.045 6.245 6.43 6.575 6.7 6.8 6.87 6.94 7.015 7.098 7.198 7.302 7.38 7.408 7.513 7.993 8.48
6.392 6.247 6.082 5.945 6.153 6.7 6.99 6.99 7.024 6.489 5.353 4.708 4.562 4.413 4.323 4.285 4.26 4.258 4.29 4.345 4.453 4.613 4.78 4.937 5.035 5.072 5.095 5.118 5.163 5.235 5.328 5.435 5.49 5.458 5.502 5.585 5.145 4.525 4.355 4.365 4.375 4.38 4.723 5.432 5.782 5.8 5.79 5.708 5.695 5.745 5.777 5.77 5.735 5.745 5.808 5.875 5.945 6.015 6.082 6.11 6.128 6.233 6.41 6.59 6.735 6.837 6.91 6.97 7.038 7.123 7.228 7.345 7.455 7.547 7.6 7.655 7.865 8.168
6.023 5.93 5.895 5.96 6.522 6.99 7.003 7.02 6.482 5.348 4.726 4.637 4.512 4.368 4.268 4.218 4.21 4.25 4.31 4.373 4.485 4.647 4.812 4.955 5.032 5.06 5.082 5.105 5.153 5.243 5.35 5.46 5.522 5.55 5.62 5.295 4.628 4.335 4.343 4.355 4.368 4.72 5.412 5.847 5.937 5.902 5.82 5.74 5.73 5.78 5.83 5.87 5.885 5.917 5.985 6.055 6.125 6.195 6.27 6.332 6.355 6.433 6.593 6.755 6.877 6.947 7.005 7.06 7.135 7.247 7.372 7.497 7.61 7.7 7.77 7.855 7.975 8.105
5.682 5.53 5.475 5.765 6.557 7.045 7.015 7.044 5.907 4.716 4.638 4.56 4.452 4.32 4.223 4.185 4.21 4.27 4.33 4.393 4.505 4.67 4.822 4.925 4.975 5 5.025 5.085 5.183 5.288 5.395 5.5 5.557 5.582 5.29 4.653 4.325 4.328 4.333 4.34 4.7 5.407 5.772 5.872 5.952 5.92 5.85 5.77 5.76 5.81 5.86 5.895 5.925 6.01 6.12 6.205 6.287 6.37 6.45 6.525 6.575 6.65 6.777 6.892 6.97 7.027 7.082 7.117 7.188 7.315 7.445 7.577 7.692 7.775 7.865 7.992 8.13 8.26
5.377 5.248 5.155 5.485 6.375 6.999 7.037 6.467 5.275 4.628 4.552 4.475 4.385 4.273 4.193 4.185 4.225 4.285 4.342 4.403 4.515 4.67 4.782 4.837 4.87 4.898 4.948 5.09 5.252 5.357 5.45 5.535 5.567 5.355 4.735 4.32 4.32 4.323 4.325 4.683 5.397 5.77 5.8 5.887 5.945 5.915 5.867 5.8 5.79 5.837 5.857 5.835 5.853 5.985 6.157 6.287 6.39 6.485 6.575 6.66 6.74 6.825 6.91 6.977 7.033 7.09 7.132 7.14 7.19 7.313 7.445 7.58 7.697 7.785 7.903 8.062 8.217 8.352
5.12 5.058 5.085 5.435 5.867 5.99 5.915 5.265 4.618 4.543 4.465 4.388 4.31 4.225 4.183 4.198 4.24 4.297 4.35 4.41 4.52 4.637 4.697 4.733 4.765 4.81 4.935 5.152 5.32 5.405 5.48 5.547 5.56 5.032 4.423 4.32 4.32 4.32 4.675 5.392 5.77 5.8 5.83 5.892 5.925 5.898 5.867 5.825 5.805 5.805 5.767 5.705 5.753 5.928 6.122 6.297 6.435 6.542 6.637 6.732 6.83 6.925 6.995 7.048 7.1 7.142 7.157 7.15 7.193 7.31 7.445 7.58 7.7 7.81 7.955 8.125 8.295 8.445
5.035 4.993 5.073 5.345 5.36 5.04 4.786 4.643 4.56 4.48 4.398 4.315 4.235 4.183 4.185 4.218 4.263 4.313 4.36 4.418 4.495 4.57 4.628 4.685 4.74 4.81 4.985 5.227 5.365 5.423 5.49 5.547 5.247 4.623 4.32 4.32 4.32 4.67 5.387 5.77 5.8 5.83 5.86 5.9 5.91 5.883 5.857 5.827 5.782 5.72 5.645 5.608 5.69 5.87 6.065 6.258 6.437 6.585 6.695 6.79 6.905 7.012 7.08 7.127 7.172 7.185 7.17 7.16 7.195 7.305 7.442 7.58 7.708 7.848 8.015 8.185 8.36 8.527
5.008 4.99 5.075 5.26 5.26 5.01 4.775 4.635 4.545 4.458 4.37 4.28 4.208 4.19 4.22 4.293 4.365 4.403 4.44 4.488 4.545 4.615 4.695 4.775 4.848 4.915 5.068 5.295 5.42 5.458 5.51 5.297 4.688 4.32 4.32 4.32 4.413 5.122 5.757 5.79 5.82 5.852 5.885 5.905 5.897 5.87 5.845 5.815 5.755 5.675 5.653 5.728 5.843 5.975 6.123 6.27 6.418 6.58 6.735 6.853 6.982 7.1 7.162 7.205 7.24 7.23 7.19 7.17 7.198 7.3 7.438 7.59 7.76 7.933 8.103 8.268 8.44 8.62
4.983 4.993 5.08 5.2 5.145 4.925 4.753 4.633 4.54 4.45 4.365 4.295 4.25 4.248 4.288 4.423 4.545 4.573 4.6 4.635 4.7 4.785 4.865 4.942 5.007 5.063 5.175 5.365 5.485 5.515 5.507 4.96 4.378 4.32 4.32 4.32 4.775 5.497 5.772 5.785 5.782 5.772 5.762 5.757 5.782 5.825 5.835 5.808 5.765 5.763 5.868 6.037 6.182 6.29 6.388 6.483 6.578 6.698 6.827 6.92 7.027 7.152 7.232 7.28 7.305 7.282 7.23 7.193 7.205 7.298 7.458 7.663 7.878 8.07 8.24 8.4 8.573 8.768
4.973 5.008 5.095 5.14 5.045 4.883 4.75 4.63 4.53 4.45 4.39 4.35 4.32 4.31 4.388 4.585 4.722 4.747 4.773 4.8 4.863 4.952 5.035 5.105 5.162 5.218 5.293 5.435 5.545 5.565 5.22 4.595 4.32 4.32 4.32 4.685 5.415 5.77 5.74 5.695 5.632 5.56 5.488 5.438 5.495 5.638 5.753 5.818 5.878 6 6.167 6.332 6.47 6.58 6.68 6.77 6.857 6.922 6.947 6.958 7.03 7.162 7.28 7.352 7.37 7.337 7.283 7.233 7.223 7.333 7.555 7.797 8.015 8.212 8.395 8.563 8.745 8.958
4.962 5.007 5.072 5.075 4.982 4.86 4.74 4.622 4.533 4.483 4.45 4.42 4.39 4.39 4.533 4.775 4.9 4.922 4.945 4.96 5.01 5.102 5.195 5.265 5.317 5.373 5.428 5.522 5.59 5.35 4.715 4.32 4.32 4.32 4.56 5.295 5.77 5.715 5.635 5.545 5.455 5.365 5.303 5.313 5.43 5.648 5.878 5.998 6.1 6.267 6.43 6.56 6.657 6.767 6.882 6.982 7.037 7.032 6.995 6.963 7.023 7.158 7.293 7.405 7.435 7.398 7.35 7.303 7.313 7.468 7.715 7.945 8.147 8.345 8.54 8.725 8.927 9.15
4.895 4.917 4.96 4.96 4.882 4.767 4.655 4.578 4.55 4.535 4.51 4.48 4.453 4.448 4.627 4.927 5.057 5.062 5.065 5.06 5.1 5.175 5.175 5.255 5.44 5.542 5.595 5.615 5.397 4.833 4.4 4.32 4.32 4.32 4.923 5.63 5.687 5.59 5.495 5.405 5.318 5.283 5.333 5.47 5.658 5.88 6.147 6.277 6.353 6.515 6.647 6.725 6.803 6.918 7.042 7.13 7.172 7.165 7.115 7.075 7.128 7.26 7.393 7.487 7.512 7.49 7.45 7.413 7.478 7.675 7.877 8.06 8.25 8.445 8.632 8.795 9.012 9.277
4.8 4.78 4.8 4.81 4.745 4.633 4.55 4.535 4.555 4.565 4.557 4.535 4.503 4.465 4.605 4.915 5.095 5.127 5.122 5.108 5.147 5.155 5.005 4.995 5.275 5.587 5.72 5.635 5.05 4.435 4.32 4.32 4.32 4.678 5.387 5.67 5.55 5.45 5.355 5.293 5.285 5.36 5.51 5.693 5.883 6.07 6.295 6.48 6.607 6.735 6.815 6.865 6.945 7.062 7.157 7.187 7.247 7.33 7.33 7.295 7.345 7.467 7.552 7.567 7.577 7.597 7.575 7.558 7.668 7.86 8 8.138 8.317 8.492 8.62 8.71 8.913 9.23
4.718 4.678 4.663 4.665 4.608 4.528 4.513 4.53 4.55 4.57 4.585 4.585 4.565 4.545 4.608 4.8 4.987 5.087 5.142 5.152 5.157 5.067 4.873 4.79 5.08 5.567 5.732 5.402 4.718 4.32 4.32 4.32 4.52 5.192 5.725 5.675 5.46 5.31 5.273 5.315 5.41 5.553 5.73 5.92 6.11 6.3 6.488 6.677 6.827 6.905 6.955 7.005 7.087 7.182 7.212 7.203 7.265 7.395 7.485 7.507 7.552 7.62 7.627 7.605 7.623 7.672 7.687 7.72 7.842 7.98 8.09 8.213 8.35 8.46 8.525 8.575 8.745 9.06
4.635 4.593 4.56 4.538 4.503 4.488 4.51 4.53 4.55 4.567 4.582 4.597 4.61 4.632 4.668 4.758 4.88 4.99 5.095 5.165 5.157 5.045 4.905 4.895 5.19 5.592 5.655 5.042 4.423 4.32 4.32 4.32 4.873 5.48 5.675 5.78 5.57 5.34 5.345 5.465 5.6 5.77 5.96 6.15 6.34 6.53 6.715 6.882 6.995 7.05 7.095 7.145 7.212 7.252 7.235 7.22 7.288 7.42 7.552 7.65 7.687 7.685 7.663 7.645 7.668 7.723 7.78 7.86 7.965 8.075 8.185 8.292 8.38 8.44 8.488 8.533 8.678 8.988
4.578 4.54 4.503 4.465 4.443 4.452 4.475 4.497 4.525 4.547 4.56 4.575 4.6 4.635 4.698 4.798 4.878 4.95 5.053 5.157 5.165 5.082 5.012 5.055 5.28 5.56 5.362 4.678 4.32 4.32 4.32 4.613 5.265 5.545 5.58 5.757 5.742 5.568 5.525 5.648 5.808 5.998 6.19 6.38 6.57 6.757 6.927 7.06 7.14 7.188 7.235 7.285 7.322 7.328 7.31 7.295 7.35 7.475 7.61 7.725 7.757 7.73 7.703 7.685 7.71 7.795 7.923 8.005 8.07 8.18 8.29 8.387 8.46 8.518 8.57 8.615 8.735 9.04
4.535 4.512 4.48 4.44 4.405 4.393 4.405 4.43 4.467 4.507 4.53 4.545 4.57 4.623 4.743 4.882 4.945 4.975 5.055 5.16 5.16 5.073 5.003 5.06 5.275 5.475 5.005 4.39 4.32 4.32 4.32 4.96 5.505 5.418 5.493 5.618 5.727 5.722 5.72 5.855 6.03 6.225 6.42 6.61 6.8 6.97 7.102 7.21 7.28 7.325 7.375 7.425 7.455 7.458 7.445 7.425 7.45 7.553 7.687 7.792 7.82 7.792 7.76 7.743 7.805 7.963 8.137 8.19 8.198 8.29 8.4 8.49 8.555 8.615 8.677 8.735 8.833 9.103
4.485 4.47 4.452 4.417 4.378 4.35 4.34 4.358 4.4 4.45 4.49 4.515 4.553 4.658 4.835 4.98 5.03 5.04 5.078 5.157 5.157 5.073 5.005 5.088 5.312 5.155 4.603 4.32 4.32 4.32 4.705 5.347 5.495 5.428 5.515 5.61 5.718 5.81 5.925 6.085 6.26 6.452 6.647 6.84 7.015 7.15 7.252 7.35 7.42 7.465 7.515 7.565 7.602 7.605 7.58 7.555 7.555 7.63 7.757 7.855 7.88 7.855 7.823 7.803 7.938 8.187 8.367 8.397 8.353 8.4 8.505 8.585 8.648 8.71 8.775 8.843 8.933 9.173
