EGM722_Project_Data/DTM_asc/TL4659.asc
ncols         200
nrows         200
xllcorner     546000.000
yllcorner     259000.000
cellsize      5
NODATA_value  -9999.0
[rows 35 to 69 of 200, columns 0 to 77 of 200]
8.505 8.502 8.497 8.497 8.49 8.465 8.437 8.395 8.333 8.28 8.245 8.215 8.185 8.152 8.12 8.103 8.1 8.105 8.115 8.115 8.11 8.11 8.11 8.113 8.123 8.14 8.16 8.167 8.158 8.155 8.165 8.17 8.167 8.15 8.112 8.065 8.025 7.977 7.908 7.848 7.802 7.755 7.705 7.647 7.583 7.528 7.5 7.49 7.48 7.473 7.475 7.488 7.51 7.522 7.505 7.46 7.39 7.313 7.24 7.18 7.14 7.11 7.1 7.165 7.303 7.457 7.58 7.617 7.565 7.478 7.392 7.305 7.218 7.133 7.083 7.078 7.088 7.1
8.48 8.47 8.462 8.465 8.472 8.462 8.432 8.382 8.318 8.263 8.225 8.195 8.165 8.135 8.113 8.105 8.105 8.108 8.11 8.11 8.11 8.11 8.115 8.125 8.138 8.155 8.172 8.17 8.15 8.14 8.145 8.142 8.125 8.1 8.06 8.02 7.997 7.952 7.87 7.79 7.73 7.678 7.625 7.572 7.515 7.455 7.415 7.4 7.393 7.395 7.413 7.438 7.462 7.475 7.462 7.435 7.392 7.33 7.268 7.223 7.188 7.155 7.123 7.12 7.198 7.34 7.457 7.525 7.545 7.492 7.408 7.322 7.235 7.153 7.118 7.127 7.14 7.152
8.448 8.425 8.418 8.425 8.44 8.45 8.425 8.367 8.305 8.25 8.21 8.177 8.145 8.12 8.11 8.11 8.11 8.11 8.11 8.113 8.12 8.128 8.138 8.15 8.16 8.165 8.162 8.152 8.14 8.128 8.118 8.1 8.075 8.05 8.02 7.998 7.98 7.927 7.84 7.75 7.673 7.608 7.548 7.495 7.443 7.385 7.335 7.313 7.318 7.335 7.36 7.39 7.415 7.427 7.417 7.39 7.362 7.34 7.307 7.268 7.232 7.2 7.17 7.138 7.138 7.225 7.328 7.39 7.448 7.47 7.422 7.337 7.253 7.18 7.143 7.147 7.172 7.197
8.425 8.395 8.388 8.398 8.413 8.43 8.412 8.352 8.29 8.233 8.19 8.16 8.13 8.113 8.11 8.11 8.11 8.113 8.12 8.133 8.148 8.16 8.172 8.185 8.187 8.17 8.145 8.13 8.123 8.115 8.1 8.078 8.055 8.033 8.013 7.992 7.965 7.91 7.825 7.735 7.655 7.59 7.53 7.47 7.413 7.355 7.293 7.255 7.263 7.288 7.313 7.34 7.367 7.382 7.372 7.345 7.328 7.337 7.342 7.312 7.275 7.245 7.215 7.183 7.15 7.168 7.235 7.31 7.388 7.45 7.432 7.35 7.28 7.228 7.17 7.128 7.138 7.172
8.4 8.383 8.378 8.383 8.397 8.412 8.395 8.337 8.275 8.213 8.165 8.138 8.118 8.11 8.11 8.11 8.11 8.118 8.138 8.162 8.182 8.195 8.207 8.215 8.2 8.168 8.14 8.123 8.113 8.108 8.097 8.082 8.062 8.042 8.02 7.987 7.952 7.902 7.822 7.738 7.673 7.62 7.565 7.503 7.44 7.372 7.295 7.245 7.24 7.253 7.268 7.29 7.32 7.337 7.328 7.31 7.313 7.335 7.357 7.35 7.317 7.285 7.255 7.23 7.215 7.218 7.258 7.33 7.415 7.47 7.442 7.378 7.33 7.29 7.227 7.145 7.088 7.09
8.383 8.38 8.375 8.37 8.38 8.397 8.377 8.32 8.26 8.198 8.145 8.115 8.108 8.11 8.11 8.11 8.113 8.128 8.155 8.185 8.21 8.227 8.237 8.23 8.2 8.165 8.138 8.118 8.11 8.105 8.095 8.085 8.068 8.043 8.01 7.973 7.937 7.892 7.82 7.748 7.695 7.648 7.597 7.537 7.467 7.385 7.303 7.255 7.243 7.24 7.243 7.255 7.275 7.29 7.29 7.293 7.31 7.335 7.36 7.372 7.357 7.325 7.308 7.305 7.312 7.33 7.362 7.41 7.47 7.502 7.475 7.43 7.39 7.35 7.292 7.21 7.118 7.055
8.373 8.375 8.372 8.365 8.365 8.38 8.362 8.302 8.24 8.18 8.128 8.103 8.103 8.108 8.11 8.11 8.118 8.14 8.17 8.2 8.227 8.25 8.255 8.232 8.197 8.162 8.13 8.113 8.11 8.108 8.1 8.093 8.085 8.06 8.015 7.97 7.928 7.88 7.825 7.77 7.723 7.68 7.635 7.565 7.475 7.385 7.31 7.268 7.25 7.245 7.245 7.248 7.253 7.263 7.278 7.295 7.315 7.34 7.365 7.385 7.39 7.38 7.38 7.39 7.4 7.412 7.437 7.475 7.517 7.54 7.522 7.487 7.45 7.412 7.362 7.282 7.187 7.083
8.37 8.37 8.368 8.362 8.358 8.362 8.345 8.287 8.223 8.16 8.115 8.1 8.103 8.108 8.11 8.11 8.123 8.147 8.175 8.205 8.23 8.245 8.245 8.222 8.187 8.15 8.123 8.118 8.118 8.115 8.113 8.11 8.11 8.095 8.052 8 7.95 7.9 7.855 7.813 7.77 7.73 7.685 7.59 7.473 7.38 7.315 7.283 7.26 7.25 7.25 7.25 7.255 7.27 7.293 7.315 7.335 7.36 7.385 7.402 7.412 7.417 7.42 7.425 7.43 7.435 7.455 7.49 7.532 7.567 7.565 7.535 7.502 7.47 7.43 7.35 7.242 7.125
8.37 8.37 8.365 8.36 8.355 8.352 8.327 8.27 8.207 8.145 8.105 8.098 8.105 8.11 8.11 8.113 8.128 8.15 8.175 8.2 8.212 8.212 8.21 8.2 8.17 8.133 8.118 8.127 8.132 8.13 8.13 8.13 8.13 8.125 8.095 8.045 7.998 7.953 7.91 7.87 7.83 7.787 7.74 7.625 7.478 7.378 7.323 7.298 7.273 7.255 7.253 7.258 7.27 7.293 7.32 7.345 7.368 7.392 7.412 7.422 7.425 7.425 7.423 7.423 7.428 7.435 7.455 7.493 7.54 7.59 7.602 7.575 7.545 7.51 7.467 7.395 7.29 7.165
8.37 8.37 8.365 8.358 8.353 8.35 8.317 8.253 8.19 8.13 8.095 8.095 8.105 8.11 8.11 8.115 8.13 8.15 8.17 8.18 8.18 8.177 8.173 8.167 8.15 8.125 8.12 8.132 8.142 8.145 8.145 8.145 8.147 8.15 8.132 8.09 8.045 8.005 7.965 7.925 7.885 7.842 7.79 7.665 7.495 7.385 7.338 7.312 7.287 7.265 7.26 7.273 7.293 7.32 7.35 7.375 7.4 7.425 7.437 7.437 7.435 7.435 7.433 7.428 7.428 7.435 7.458 7.5 7.55 7.605 7.632 7.612 7.57 7.52 7.472 7.417 7.332 7.202
8.37 8.37 8.368 8.363 8.358 8.357 8.322 8.248 8.178 8.115 8.085 8.09 8.1 8.108 8.113 8.118 8.13 8.142 8.147 8.147 8.143 8.14 8.137 8.133 8.125 8.12 8.128 8.14 8.15 8.157 8.16 8.16 8.162 8.165 8.157 8.13 8.09 8.05 8.01 7.97 7.93 7.89 7.832 7.702 7.523 7.4 7.35 7.325 7.3 7.273 7.268 7.29 7.32 7.35 7.38 7.405 7.43 7.45 7.455 7.452 7.45 7.448 7.445 7.44 7.433 7.435 7.463 7.513 7.565 7.617 7.65 7.63 7.572 7.515 7.468 7.422 7.362 7.242
8.365 8.373 8.375 8.375 8.373 8.375 8.34 8.26 8.183 8.118 8.09 8.095 8.108 8.12 8.13 8.135 8.132 8.125 8.118 8.113 8.108 8.105 8.105 8.103 8.105 8.118 8.132 8.145 8.157 8.165 8.162 8.16 8.16 8.16 8.155 8.142 8.115 8.075 8.035 7.995 7.955 7.92 7.86 7.725 7.553 7.423 7.358 7.33 7.305 7.275 7.27 7.297 7.33 7.36 7.39 7.42 7.452 7.467 7.465 7.465 7.465 7.462 7.458 7.452 7.44 7.433 7.468 7.527 7.582 7.635 7.66 7.63 7.573 7.52 7.47 7.425 7.377 7.27
8.355 8.38 8.39 8.39 8.39 8.395 8.36 8.28 8.205 8.158 8.138 8.13 8.138 8.15 8.16 8.157 8.135 8.115 8.105 8.1 8.1 8.088 8.08 8.088 8.098 8.115 8.132 8.148 8.162 8.162 8.15 8.143 8.14 8.14 8.135 8.13 8.115 8.08 8.04 8 7.968 7.945 7.88 7.748 7.603 7.478 7.383 7.33 7.302 7.275 7.268 7.293 7.325 7.355 7.388 7.425 7.465 7.48 7.475 7.475 7.475 7.475 7.472 7.457 7.43 7.418 7.46 7.532 7.597 7.655 7.67 7.632 7.58 7.53 7.48 7.432 7.367 7.245
8.353 8.39 8.405 8.407 8.41 8.415 8.38 8.305 8.253 8.233 8.22 8.2 8.185 8.182 8.182 8.165 8.135 8.113 8.1 8.133 8.167 8.14 8.108 8.095 8.095 8.11 8.13 8.15 8.162 8.157 8.143 8.13 8.123 8.12 8.115 8.11 8.102 8.08 8.045 8.01 7.99 7.977 7.917 7.803 7.683 7.565 7.45 7.355 7.3 7.273 7.265 7.288 7.32 7.353 7.393 7.435 7.475 7.502 7.498 7.485 7.485 7.485 7.485 7.45 7.4 7.395 7.445 7.522 7.597 7.667 7.682 7.64 7.59 7.54 7.49 7.44 7.342 7.182
8.355 8.4 8.42 8.425 8.43 8.432 8.4 8.35 8.33 8.32 8.302 8.267 8.22 8.18 8.157 8.142 8.127 8.107 8.12 8.207 8.265 8.24 8.2 8.16 8.13 8.117 8.128 8.153 8.163 8.155 8.14 8.123 8.11 8.103 8.095 8.09 8.085 8.075 8.055 8.03 8.012 7.997 7.955 7.872 7.767 7.652 7.537 7.423 7.328 7.273 7.263 7.285 7.318 7.355 7.4 7.445 7.485 7.525 7.53 7.505 7.495 7.503 7.5 7.437 7.37 7.373 7.43 7.507 7.585 7.647 7.655 7.617 7.572 7.53 7.487 7.432 7.307 7.123
8.345 8.392 8.42 8.43 8.437 8.445 8.417 8.372 8.347 8.32 8.282 8.235 8.177 8.112 8.063 8.042 8.04 8.035 8.062 8.137 8.17 8.147 8.13 8.117 8.102 8.095 8.135 8.192 8.19 8.163 8.145 8.128 8.115 8.103 8.085 8.073 8.068 8.065 8.06 8.045 8.025 8.005 7.97 7.912 7.835 7.735 7.622 7.51 7.398 7.3 7.263 7.285 7.325 7.365 7.41 7.455 7.495 7.535 7.562 7.548 7.52 7.532 7.52 7.423 7.34 7.35 7.413 7.49 7.552 7.577 7.572 7.547 7.51 7.472 7.435 7.377 7.255 7.075
8.335 8.37 8.397 8.413 8.428 8.447 8.41 8.323 8.262 8.215 8.168 8.122 8.075 8.017 7.953 7.9 7.883 7.895 7.918 7.928 7.947 7.972 7.983 7.998 8.015 8.04 8.152 8.267 8.235 8.178 8.16 8.145 8.137 8.127 8.1 8.068 8.055 8.052 8.05 8.045 8.032 8.015 7.98 7.925 7.865 7.79 7.705 7.61 7.497 7.385 7.32 7.333 7.378 7.42 7.465 7.51 7.553 7.59 7.612 7.605 7.583 7.582 7.542 7.418 7.318 7.328 7.397 7.455 7.477 7.48 7.48 7.462 7.425 7.385 7.34 7.282 7.192 7.037
8.348 8.36 8.378 8.398 8.42 8.442 8.397 8.273 8.165 8.1 8.053 8.008 7.963 7.915 7.86 7.8 7.773 7.793 7.825 7.743 7.705 7.802 7.875 7.935 7.967 7.99 8.14 8.312 8.282 8.2 8.175 8.163 8.16 8.16 8.135 8.088 8.055 8.04 8.035 8.035 8.032 8.022 7.99 7.935 7.87 7.8 7.74 7.675 7.595 7.502 7.438 7.44 7.478 7.523 7.568 7.612 7.652 7.67 7.662 7.65 7.642 7.632 7.562 7.42 7.303 7.303 7.36 7.38 7.38 7.383 7.39 7.375 7.335 7.292 7.24 7.177 7.107 6.987
8.38 8.365 8.368 8.395 8.42 8.44 8.402 8.272 8.12 8.005 7.938 7.895 7.853 7.81 7.775 7.743 7.718 7.728 7.752 7.568 7.415 7.515 7.635 7.747 7.83 7.905 8.07 8.275 8.31 8.227 8.19 8.185 8.185 8.187 8.17 8.125 8.078 8.04 8.025 8.025 8.025 8.022 7.995 7.937 7.865 7.79 7.73 7.68 7.63 7.575 7.552 7.563 7.585 7.63 7.675 7.71 7.725 7.715 7.698 7.685 7.677 7.657 7.57 7.42 7.29 7.263 7.287 7.293 7.298 7.308 7.315 7.287 7.24 7.195 7.137 7.07 7 6.915
8.41 8.363 8.355 8.385 8.412 8.437 8.38 8.212 8.025 7.885 7.825 7.795 7.755 7.715 7.69 7.685 7.672 7.67 7.642 7.38 7.15 7.205 7.325 7.445 7.573 7.74 7.885 8.045 8.172 8.172 8.157 8.152 8.15 8.152 8.17 8.162 8.115 8.068 8.043 8.04 8.04 8.032 7.995 7.93 7.855 7.78 7.718 7.673 7.64 7.618 7.637 7.675 7.7 7.74 7.772 7.78 7.77 7.75 7.733 7.72 7.702 7.665 7.57 7.42 7.29 7.233 7.225 7.23 7.24 7.255 7.252 7.205 7.148 7.095 7.035 6.975 6.915 6.853
8.42 8.35 8.34 8.37 8.4 8.405 8.272 8.027 7.813 7.708 7.7 7.697 7.67 7.63 7.6 7.602 7.615 7.617 7.507 7.17 6.89 6.895 7.015 7.153 7.333 7.557 7.695 7.75 7.863 7.95 7.96 7.95 7.955 7.982 8.042 8.11 8.135 8.112 8.083 8.075 8.07 8.047 7.995 7.923 7.845 7.775 7.725 7.698 7.685 7.675 7.7 7.755 7.8 7.832 7.837 7.822 7.805 7.785 7.767 7.747 7.712 7.665 7.57 7.43 7.318 7.253 7.218 7.195 7.19 7.202 7.185 7.128 7.073 7.02 6.968 6.918 6.863 6.805
8.417 8.34 8.325 8.342 8.332 8.282 8.095 7.808 7.598 7.535 7.555 7.572 7.572 7.545 7.51 7.51 7.535 7.552 7.375 6.965 6.633 6.585 6.73 6.923 7.155 7.4 7.587 7.6 7.58 7.635 7.653 7.663 7.7 7.753 7.818 7.925 8.04 8.105 8.115 8.1 8.08 8.047 7.992 7.92 7.86 7.818 7.788 7.763 7.745 7.735 7.76 7.815 7.867 7.895 7.885 7.865 7.845 7.822 7.8 7.765 7.715 7.665 7.572 7.453 7.36 7.295 7.25 7.205 7.173 7.157 7.122 7.07 7.025 6.98 6.932 6.877 6.815 6.758
8.41 8.328 8.293 8.288 8.258 8.167 7.95 7.655 7.473 7.425 7.42 7.43 7.442 7.442 7.42 7.42 7.445 7.467 7.25 6.785 6.383 6.308 6.515 6.753 6.998 7.24 7.47 7.522 7.418 7.368 7.38 7.423 7.48 7.535 7.593 7.693 7.827 7.96 8.057 8.087 8.067 8.035 7.997 7.955 7.925 7.905 7.882 7.852 7.822 7.8 7.812 7.857 7.9 7.925 7.922 7.902 7.877 7.852 7.825 7.78 7.723 7.667 7.582 7.478 7.385 7.318 7.275 7.23 7.182 7.13 7.075 7.03 6.99 6.945 6.892 6.83 6.765 6.713
8.393 8.325 8.293 8.28 8.237 8.097 7.847 7.585 7.455 7.405 7.348 7.32 7.32 7.328 7.323 7.328 7.352 7.372 7.137 6.65 6.28 6.228 6.41 6.635 6.86 7.088 7.327 7.432 7.35 7.248 7.208 7.218 7.26 7.315 7.37 7.463 7.595 7.733 7.88 7.997 8.02 7.99 7.98 7.98 7.965 7.945 7.925 7.897 7.862 7.84 7.832 7.847 7.88 7.907 7.92 7.912 7.892 7.867 7.84 7.797 7.74 7.68 7.6 7.5 7.398 7.325 7.285 7.24 7.18 7.105 7.04 6.993 6.95 6.905 6.85 6.785 6.718 6.665
8.388 8.355 8.34 8.31 8.195 7.997 7.743 7.54 7.475 7.43 7.353 7.285 7.245 7.23 7.23 7.238 7.258 7.275 7.035 6.603 6.395 6.39 6.468 6.623 6.815 7.025 7.247 7.375 7.335 7.233 7.15 7.098 7.078 7.1 7.153 7.238 7.365 7.513 7.673 7.832 7.92 7.92 7.923 7.942 7.947 7.935 7.912 7.883 7.858 7.855 7.833 7.813 7.835 7.862 7.88 7.887 7.89 7.877 7.85 7.81 7.76 7.7 7.615 7.517 7.415 7.338 7.295 7.24 7.162 7.078 7.01 6.96 6.912 6.865 6.807 6.742 6.675 6.618
8.417 8.402 8.38 8.29 8.107 7.895 7.663 7.518 7.49 7.455 7.387 7.305 7.23 7.175 7.153 7.155 7.168 7.177 6.95 6.66 6.61 6.63 6.663 6.738 6.868 7.05 7.23 7.325 7.312 7.23 7.145 7.075 7.005 6.965 6.96 7.013 7.143 7.305 7.47 7.635 7.777 7.84 7.857 7.885 7.907 7.915 7.9 7.878 7.875 7.88 7.847 7.798 7.795 7.817 7.833 7.845 7.857 7.862 7.855 7.827 7.785 7.722 7.63 7.532 7.433 7.353 7.295 7.222 7.137 7.05 6.978 6.925 6.875 6.825 6.765 6.698 6.63 6.57
8.42 8.415 8.367 8.215 8.005 7.795 7.613 7.525 7.507 7.482 7.422 7.33 7.23 7.143 7.098 7.09 7.088 7.08 6.95 6.835 6.855 6.875 6.9 6.937 6.997 7.092 7.18 7.23 7.252 7.215 7.14 7.07 7 6.933 6.873 6.888 7.013 7.18 7.345 7.51 7.665 7.75 7.782 7.815 7.842 7.867 7.882 7.89 7.905 7.91 7.872 7.808 7.77 7.773 7.788 7.8 7.813 7.833 7.853 7.85 7.815 7.742 7.645 7.548 7.45 7.36 7.28 7.198 7.11 7.02 6.945 6.89 6.84 6.787 6.725 6.655 6.585 6.525
8.295 8.3 8.242 8.082 7.882 7.683 7.553 7.51 7.49 7.465 7.407 7.305 7.19 7.108 7.07 7.055 7.04 7.02 6.997 6.99 7.002 7.015 7.027 7.05 7.085 7.117 7.14 7.165 7.19 7.187 7.142 7.078 7.013 6.95 6.893 6.908 7.028 7.188 7.342 7.48 7.59 7.65 7.685 7.72 7.75 7.79 7.847 7.897 7.93 7.937 7.898 7.838 7.783 7.76 7.775 7.795 7.82 7.85 7.875 7.88 7.845 7.765 7.668 7.573 7.475 7.378 7.288 7.2 7.11 7.018 6.928 6.858 6.805 6.75 6.685 6.615 6.55 6.5
8.113 8.092 8.037 7.9 7.725 7.558 7.47 7.442 7.415 7.385 7.332 7.235 7.138 7.08 7.05 7.032 7.012 6.988 6.99 7.012 7.025 7.03 7.035 7.05 7.078 7.112 7.135 7.148 7.168 7.185 7.162 7.107 7.05 6.99 6.95 6.99 7.1 7.222 7.34 7.432 7.495 7.537 7.575 7.61 7.65 7.725 7.817 7.885 7.94 7.97 7.947 7.902 7.85 7.81 7.818 7.848 7.875 7.902 7.92 7.912 7.87 7.792 7.7 7.605 7.505 7.41 7.322 7.235 7.142 7.042 6.935 6.838 6.768 6.71 6.645 6.583 6.533 6.493
7.99 7.913 7.825 7.7 7.56 7.443 7.383 7.35 7.32 7.29 7.25 7.173 7.098 7.058 7.03 7.007 6.977 6.945 6.95 6.987 7.017 7.03 7.038 7.055 7.078 7.107 7.132 7.153 7.188 7.207 7.182 7.135 7.085 7.033 7.02 7.067 7.127 7.193 7.272 7.34 7.385 7.425 7.465 7.51 7.585 7.698 7.802 7.875 7.958 8.017 8.007 7.972 7.93 7.888 7.883 7.905 7.925 7.947 7.957 7.935 7.89 7.82 7.73 7.635 7.538 7.443 7.355 7.265 7.165 7.06 6.952 6.845 6.748 6.675 6.615 6.565 6.528 6.49
7.91 7.805 7.71 7.605 7.485 7.39 7.335 7.295 7.258 7.22 7.178 7.123 7.07 7.033 7.003 6.975 6.94 6.908 6.913 6.95 6.99 7.017 7.038 7.06 7.08 7.103 7.133 7.175 7.222 7.232 7.197 7.152 7.107 7.068 7.068 7.097 7.12 7.15 7.198 7.245 7.283 7.32 7.368 7.445 7.56 7.685 7.793 7.893 8.01 8.075 8.055 8.02 7.993 7.97 7.963 7.97 7.98 7.995 7.992 7.955 7.907 7.842 7.755 7.662 7.57 7.475 7.382 7.277 7.158 7.055 6.96 6.855 6.748 6.66 6.603 6.56 6.523 6.485
7.84 7.748 7.682 7.607 7.5 7.395 7.328 7.283 7.238 7.19 7.135 7.095 7.065 7.025 6.988 6.955 6.923 6.903 6.908 6.933 6.97 7.008 7.035 7.055 7.075 7.095 7.133 7.187 7.232 7.24 7.205 7.16 7.118 7.098 7.108 7.125 7.145 7.165 7.188 7.218 7.253 7.29 7.348 7.448 7.573 7.698 7.818 7.943 8.077 8.137 8.115 8.09 8.075 8.065 8.06 8.06 8.06 8.055 8.022 7.973 7.925 7.862 7.78 7.69 7.6 7.505 7.4 7.275 7.138 7.03 6.945 6.852 6.752 6.663 6.603 6.56 6.52 6.48
7.773 7.693 7.64 7.585 7.507 7.405 7.325 7.278 7.23 7.172 7.11 7.08 7.065 7.03 6.993 6.96 6.94 6.94 6.945 6.95 6.975 7.015 7.037 7.048 7.065 7.088 7.128 7.177 7.215 7.23 7.207 7.163 7.138 7.15 7.165 7.173 7.19 7.212 7.235 7.26 7.293 7.33 7.393 7.495 7.62 7.755 7.89 8.02 8.142 8.202 8.197 8.185 8.175 8.165 8.16 8.157 8.147 8.117 8.06 7.995 7.943 7.887 7.807 7.715 7.625 7.522 7.4 7.265 7.128 7.008 6.915 6.835 6.747 6.665 6.608 6.565 6.523 6.48
7.71 7.64 7.59 7.54 7.485 7.405 7.328 7.272 7.212 7.14 7.08 7.058 7.05 7.03 6.998 6.975 6.975 6.985 6.99 6.988 6.995 7.022 7.042 7.048 7.058 7.08 7.117 7.157 7.192 7.22 7.21 7.18 7.185 7.215 7.227 7.228 7.238 7.26 7.285 7.31 7.338 7.37 7.438 7.553 7.693 7.837 7.975 8.097 8.197 8.26 8.277 8.275 8.272 8.265 8.255 8.24 8.212 8.172 8.112 8.038 7.97 7.91 7.832 7.732 7.627 7.512 7.387 7.255 7.12 6.99 6.883 6.8 6.725 6.663 6.613 6.57 6.527 6.483
7.65 7.59 7.54 7.49 7.44 7.382 7.32 7.255 7.183 7.105 7.053 7.038 7.033 7.023 7.008 7.005 7.018 7.03 7.035 7.032 7.03 7.035 7.045 7.052 7.058 7.073 7.103 7.135 7.168 7.202 7.215 7.22 7.245 7.275 7.29 7.29 7.295 7.312 7.335 7.357 7.38 7.413 7.495 7.628 7.775 7.922 8.052 8.152 8.232 8.297 8.327 8.335 8.342 8.352 8.34 8.303 8.265 8.225 8.165 8.09 8.015 7.935 7.845 7.737 7.62 7.5 7.38 7.25 7.113 6.975 6.855 6.77 6.71 6.663 6.617 6.573 6.53 6.485
