EGM722_Project_Data/DTM_asc/TL4660.asc
ncols         200
nrows         200
xllcorner     546000.000
yllcorner     260000.000
cellsize      5
NODATA_value  -9999.0
[rows 34 to 67 of 200, columns 0 to 77 of 200]
12 11.85 11.705 11.648 11.725 11.847 11.897 11.907 11.915 11.91 11.908 11.912 11.918 11.935 11.922 11.85 11.757 11.662 11.565 11.465 11.39 11.34 11.25 11.17 11.14 11.107 11.07 11.033 11.018 11.025 10.985 10.885 10.778 10.685 10.623 10.585 10.555 10.525 10.49 10.45 10.402 10.335 10.253 10.2 10.245 10.35 10.387 10.36 10.333 10.31 10.308 10.318 10.325 10.33 10.33 10.325 10.318 10.325 10.375 10.45 10.515 10.573 10.62 10.658 10.687 10.682 10.6 10.49 10.423 10.383 10.4 10.487 10.545 10.495 10.36 10.183 10.095 10.12
11.95 11.813 11.718 11.735 11.847 11.93 11.952 11.945 11.925 11.893 11.875 11.88 11.893 11.927 11.94 11.89 11.81 11.715 11.618 11.553 11.543 11.55 11.423 11.223 11.135 11.105 11.068 11.043 11.043 11.05 11.01 10.913 10.81 10.718 10.645 10.593 10.555 10.525 10.49 10.442 10.375 10.293 10.208 10.16 10.218 10.332 10.372 10.347 10.32 10.295 10.295 10.312 10.325 10.332 10.332 10.327 10.323 10.33 10.393 10.49 10.575 10.645 10.692 10.722 10.74 10.73 10.645 10.505 10.385 10.325 10.318 10.322 10.283 10.2 10.118 10.058 10.053 10.085
11.918 11.818 11.775 11.83 11.92 11.96 11.965 11.945 11.91 11.87 11.848 11.853 11.883 11.935 11.95 11.91 11.85 11.772 11.715 11.715 11.74 11.765 11.68 11.427 11.195 11.1 11.068 11.055 11.065 11.075 11.037 10.945 10.845 10.753 10.68 10.62 10.568 10.528 10.482 10.415 10.338 10.268 10.198 10.163 10.215 10.32 10.36 10.333 10.307 10.285 10.285 10.305 10.322 10.335 10.335 10.33 10.328 10.335 10.397 10.502 10.602 10.69 10.747 10.772 10.785 10.777 10.695 10.552 10.4 10.303 10.243 10.183 10.15 10.12 10.09 10.06 10.045 10.06
11.925 11.845 11.838 11.9 11.95 11.975 11.965 11.93 11.89 11.85 11.82 11.83 11.883 11.945 11.96 11.92 11.867 11.795 11.752 11.767 11.787 11.815 11.76 11.557 11.317 11.143 11.073 11.065 11.065 11.065 11.027 10.947 10.86 10.78 10.715 10.655 10.593 10.538 10.488 10.43 10.37 10.315 10.27 10.255 10.282 10.335 10.35 10.32 10.293 10.27 10.27 10.292 10.315 10.33 10.332 10.33 10.327 10.328 10.365 10.45 10.545 10.637 10.707 10.745 10.772 10.792 10.722 10.565 10.4 10.315 10.278 10.21 10.16 10.125 10.095 10.065 10.043 10.043
11.942 11.873 11.868 11.915 11.947 11.955 11.94 11.91 11.87 11.83 11.8 11.82 11.885 11.937 11.947 11.915 11.862 11.782 11.688 11.62 11.625 11.627 11.533 11.408 11.295 11.13 11.035 11.045 11.035 11.025 10.982 10.91 10.848 10.795 10.74 10.677 10.613 10.555 10.505 10.465 10.427 10.385 10.347 10.327 10.327 10.33 10.322 10.302 10.275 10.25 10.248 10.265 10.285 10.3 10.312 10.317 10.312 10.305 10.3 10.338 10.42 10.51 10.58 10.63 10.677 10.725 10.687 10.54 10.393 10.37 10.367 10.283 10.205 10.143 10.1 10.07 10.043 10.033
11.94 11.878 11.865 11.897 11.902 11.88 11.877 11.875 11.845 11.805 11.785 11.818 11.87 11.89 11.89 11.877 11.842 11.777 11.658 11.525 11.5 11.47 11.378 11.3 11.197 11.013 10.923 10.975 10.987 10.98 10.937 10.873 10.838 10.81 10.757 10.693 10.633 10.577 10.52 10.47 10.435 10.402 10.355 10.308 10.283 10.273 10.272 10.267 10.247 10.225 10.215 10.22 10.233 10.248 10.27 10.287 10.287 10.282 10.26 10.248 10.298 10.385 10.452 10.5 10.552 10.605 10.612 10.51 10.413 10.452 10.462 10.377 10.29 10.205 10.135 10.083 10.045 10.033
11.933 11.863 11.845 11.855 11.82 11.78 11.785 11.805 11.802 11.775 11.768 11.8 11.82 11.815 11.808 11.807 11.8 11.765 11.675 11.568 11.508 11.46 11.42 11.34 11.142 10.878 10.78 10.855 10.91 10.927 10.898 10.86 10.85 10.827 10.773 10.713 10.657 10.6 10.543 10.488 10.44 10.4 10.342 10.275 10.228 10.208 10.21 10.215 10.207 10.192 10.178 10.173 10.18 10.195 10.22 10.247 10.26 10.26 10.24 10.205 10.203 10.26 10.327 10.375 10.428 10.48 10.522 10.473 10.44 10.53 10.55 10.47 10.383 10.297 10.21 10.13 10.065 10.038
11.93 11.853 11.808 11.775 11.72 11.68 11.683 11.708 11.73 11.735 11.74 11.75 11.745 11.735 11.725 11.723 11.727 11.722 11.672 11.595 11.522 11.462 11.425 11.275 11.018 10.805 10.745 10.803 10.863 10.895 10.888 10.88 10.877 10.847 10.793 10.738 10.68 10.623 10.568 10.51 10.455 10.402 10.335 10.257 10.19 10.155 10.153 10.16 10.163 10.155 10.143 10.133 10.133 10.145 10.17 10.2 10.222 10.232 10.217 10.185 10.153 10.155 10.203 10.255 10.305 10.358 10.415 10.438 10.488 10.6 10.63 10.562 10.475 10.38 10.28 10.182 10.088 10.04
11.93 11.85 11.783 11.728 11.673 11.633 11.633 11.658 11.683 11.687 11.687 11.687 11.673 11.658 11.645 11.638 11.638 11.64 11.607 11.537 11.47 11.415 11.36 11.2 10.995 10.87 10.84 10.883 10.907 10.905 10.915 10.932 10.93 10.888 10.823 10.765 10.708 10.653 10.595 10.537 10.462 10.375 10.295 10.22 10.163 10.133 10.125 10.125 10.128 10.128 10.118 10.108 10.11 10.123 10.143 10.165 10.185 10.203 10.2 10.178 10.15 10.133 10.158 10.213 10.268 10.323 10.37 10.413 10.49 10.607 10.655 10.592 10.492 10.385 10.275 10.165 10.078 10.043
11.93 11.853 11.788 11.732 11.678 11.638 11.638 11.657 11.657 11.622 11.613 11.632 11.625 11.608 11.593 11.57 11.548 11.54 11.51 11.445 11.385 11.343 11.302 11.235 11.115 10.99 10.963 10.982 10.95 10.918 10.94 10.98 10.997 10.957 10.87 10.795 10.74 10.685 10.622 10.542 10.422 10.308 10.235 10.183 10.148 10.128 10.118 10.113 10.11 10.11 10.108 10.11 10.123 10.138 10.155 10.17 10.185 10.203 10.208 10.2 10.185 10.175 10.203 10.257 10.305 10.342 10.37 10.39 10.43 10.53 10.592 10.537 10.435 10.325 10.215 10.118 10.065 10.048
11.933 11.858 11.79 11.735 11.683 11.643 11.635 11.63 11.592 11.535 11.525 11.565 11.587 11.582 11.562 11.522 11.473 11.445 11.412 11.358 11.313 11.285 11.265 11.242 11.187 11.105 11.06 11.017 10.94 10.915 10.955 11.005 11.047 11.04 10.942 10.835 10.772 10.707 10.615 10.487 10.345 10.248 10.205 10.175 10.145 10.123 10.113 10.108 10.103 10.098 10.1 10.12 10.145 10.165 10.185 10.2 10.215 10.23 10.235 10.235 10.23 10.225 10.247 10.287 10.312 10.33 10.35 10.37 10.39 10.453 10.497 10.455 10.367 10.26 10.16 10.095 10.07 10.058
11.935 11.86 11.79 11.735 11.685 11.64 11.605 11.563 11.505 11.445 11.435 11.48 11.525 11.545 11.522 11.47 11.413 11.365 11.323 11.283 11.255 11.238 11.225 11.213 11.198 11.167 11.102 11.015 10.93 10.915 10.965 11.015 11.062 11.087 11.017 10.89 10.79 10.69 10.565 10.425 10.303 10.23 10.198 10.17 10.143 10.12 10.108 10.102 10.097 10.09 10.09 10.11 10.14 10.167 10.192 10.217 10.242 10.257 10.257 10.252 10.247 10.253 10.27 10.29 10.305 10.32 10.34 10.36 10.378 10.408 10.408 10.358 10.29 10.2 10.128 10.095 10.077 10.063
11.97 11.88 11.805 11.758 11.713 11.663 11.605 11.543 11.48 11.418 11.39 11.42 11.468 11.495 11.472 11.417 11.362 11.305 11.27 11.26 11.25 11.24 11.235 11.23 11.22 11.197 11.132 11.04 10.948 10.905 10.935 10.985 11.03 11.057 11.005 10.89 10.782 10.665 10.535 10.408 10.31 10.248 10.2 10.165 10.138 10.115 10.103 10.097 10.087 10.078 10.08 10.093 10.113 10.14 10.17 10.205 10.24 10.255 10.252 10.245 10.248 10.27 10.288 10.298 10.313 10.328 10.345 10.365 10.383 10.4 10.373 10.303 10.233 10.163 10.12 10.097 10.075 10.055
12.04 11.92 11.838 11.805 11.767 11.715 11.652 11.585 11.517 11.453 11.398 11.395 11.43 11.442 11.415 11.365 11.312 11.255 11.24 11.275 11.295 11.29 11.283 11.277 11.267 11.24 11.175 11.082 10.98 10.908 10.895 10.925 10.97 10.982 10.92 10.833 10.762 10.66 10.53 10.418 10.34 10.278 10.218 10.17 10.135 10.11 10.098 10.09 10.073 10.06 10.068 10.08 10.095 10.115 10.14 10.175 10.212 10.23 10.233 10.24 10.265 10.3 10.312 10.313 10.325 10.342 10.358 10.375 10.398 10.415 10.38 10.3 10.215 10.143 10.11 10.092 10.07 10.05
12.087 11.95 11.868 11.842 11.807 11.752 11.687 11.62 11.552 11.487 11.423 11.388 11.388 11.382 11.35 11.3 11.253 11.205 11.203 11.265 11.325 11.34 11.33 11.322 11.307 11.277 11.215 11.117 11.01 10.93 10.893 10.885 10.912 10.912 10.85 10.783 10.727 10.645 10.53 10.438 10.375 10.312 10.25 10.19 10.14 10.108 10.09 10.077 10.058 10.045 10.055 10.07 10.085 10.1 10.118 10.148 10.187 10.215 10.23 10.258 10.292 10.325 10.337 10.335 10.34 10.355 10.373 10.393 10.42 10.427 10.38 10.297 10.21 10.128 10.09 10.082 10.065 10.045
12.125 11.978 11.898 11.867 11.83 11.775 11.71 11.645 11.58 11.515 11.453 11.408 11.373 11.335 11.293 11.248 11.205 11.165 11.17 11.235 11.315 11.37 11.38 11.367 11.342 11.305 11.245 11.15 11.043 10.955 10.908 10.883 10.875 10.855 10.8 10.74 10.683 10.62 10.54 10.465 10.405 10.345 10.285 10.22 10.157 10.11 10.08 10.06 10.04 10.033 10.045 10.06 10.075 10.095 10.115 10.135 10.173 10.215 10.245 10.28 10.317 10.35 10.365 10.365 10.365 10.37 10.387 10.417 10.45 10.442 10.377 10.29 10.2 10.113 10.068 10.063 10.053 10.038
12.22 12.058 11.945 11.89 11.85 11.797 11.733 11.667 11.603 11.54 11.49 11.46 11.42 11.353 11.275 11.215 11.175 11.135 11.143 11.208 11.285 11.362 11.41 11.4 11.355 11.305 11.245 11.165 11.072 10.98 10.923 10.897 10.867 10.823 10.765 10.705 10.648 10.592 10.53 10.462 10.4 10.34 10.28 10.215 10.15 10.11 10.085 10.058 10.023 10.022 10.057 10.078 10.098 10.123 10.148 10.16 10.183 10.225 10.262 10.297 10.332 10.36 10.35 10.332 10.337 10.342 10.36 10.392 10.44 10.45 10.385 10.295 10.205 10.123 10.078 10.068 10.058 10.043
12.317 12.187 12.028 11.92 11.87 11.82 11.755 11.69 11.633 11.583 11.543 11.525 11.497 11.417 11.305 11.205 11.145 11.105 11.115 11.182 11.26 11.317 11.357 11.375 11.34 11.285 11.225 11.155 11.08 10.995 10.935 10.902 10.865 10.812 10.745 10.68 10.622 10.562 10.495 10.425 10.36 10.3 10.24 10.175 10.115 10.103 10.1 10.065 9.998 9.97 10.052 10.127 10.153 10.177 10.2 10.205 10.208 10.238 10.277 10.31 10.335 10.35 10.315 10.258 10.245 10.258 10.283 10.33 10.405 10.45 10.405 10.318 10.243 10.183 10.145 10.13 10.118 10.103
12.34 12.28 12.147 11.988 11.893 11.84 11.778 11.72 11.678 11.64 11.6 11.587 11.565 11.475 11.358 11.24 11.14 11.078 11.088 11.147 11.192 11.207 11.23 11.277 11.295 11.262 11.202 11.135 11.06 10.975 10.915 10.887 10.855 10.805 10.737 10.665 10.598 10.53 10.46 10.39 10.323 10.26 10.2 10.138 10.095 10.105 10.11 10.052 9.95 9.86 9.935 10.117 10.207 10.232 10.247 10.247 10.243 10.258 10.287 10.312 10.33 10.34 10.305 10.225 10.168 10.17 10.223 10.3 10.387 10.45 10.432 10.365 10.315 10.272 10.238 10.223 10.217 10.21
12.343 12.327 12.257 12.097 11.948 11.868 11.815 11.77 11.735 11.7 11.663 11.655 11.627 11.53 11.412 11.295 11.175 11.073 11.04 11.055 11.055 11.058 11.095 11.15 11.2 11.217 11.17 11.085 10.992 10.895 10.833 10.82 10.81 10.782 10.73 10.655 10.58 10.508 10.433 10.36 10.29 10.223 10.16 10.103 10.085 10.115 10.105 10.01 9.885 9.768 9.763 9.952 10.167 10.27 10.292 10.287 10.28 10.28 10.293 10.31 10.325 10.335 10.302 10.228 10.153 10.14 10.21 10.298 10.382 10.452 10.457 10.42 10.387 10.352 10.325 10.315 10.312 10.307
12.4 12.4 12.342 12.197 12.035 11.928 11.875 11.835 11.798 11.76 11.72 11.7 11.665 11.577 11.465 11.345 11.225 11.105 11.003 10.933 10.9 10.913 10.96 11.015 11.067 11.115 11.09 10.992 10.888 10.785 10.72 10.708 10.718 10.74 10.717 10.642 10.567 10.49 10.413 10.338 10.265 10.193 10.123 10.078 10.078 10.105 10.082 9.985 9.86 9.733 9.643 9.765 10.06 10.252 10.31 10.315 10.305 10.3 10.305 10.32 10.332 10.335 10.312 10.26 10.195 10.17 10.223 10.307 10.385 10.445 10.455 10.427 10.4 10.37 10.35 10.345 10.342 10.35
12.505 12.502 12.43 12.28 12.138 12.03 11.955 11.905 11.865 11.825 11.765 11.705 11.66 11.59 11.49 11.382 11.272 11.155 11.023 10.89 10.793 10.773 10.818 10.87 10.92 10.97 10.965 10.885 10.782 10.678 10.608 10.593 10.623 10.69 10.697 10.627 10.552 10.475 10.397 10.32 10.242 10.165 10.093 10.055 10.058 10.072 10.055 9.98 9.87 9.743 9.62 9.728 9.995 10.157 10.255 10.312 10.325 10.32 10.325 10.337 10.34 10.33 10.315 10.287 10.245 10.208 10.238 10.315 10.375 10.422 10.43 10.4 10.37 10.34 10.32 10.318 10.328 10.355
12.61 12.605 12.522 12.38 12.26 12.153 12.058 11.985 11.937 11.887 11.8 11.703 11.643 11.58 11.485 11.39 11.292 11.187 11.07 10.938 10.8 10.715 10.698 10.72 10.77 10.82 10.837 10.78 10.677 10.573 10.498 10.493 10.553 10.64 10.67 10.615 10.537 10.46 10.377 10.295 10.215 10.135 10.073 10.038 10.028 10.037 10.025 9.957 9.86 9.752 9.653 9.73 9.907 10.023 10.135 10.24 10.315 10.337 10.34 10.345 10.335 10.32 10.305 10.285 10.262 10.233 10.248 10.305 10.352 10.397 10.405 10.373 10.34 10.31 10.293 10.303 10.333 10.367
12.677 12.692 12.625 12.5 12.387 12.275 12.172 12.082 12.01 11.932 11.83 11.72 11.635 11.565 11.475 11.38 11.285 11.188 11.112 11.017 10.88 10.765 10.688 10.65 10.645 10.67 10.71 10.675 10.573 10.468 10.4 10.42 10.5 10.59 10.64 10.602 10.518 10.435 10.353 10.27 10.188 10.113 10.065 10.038 10.015 10.008 9.995 9.932 9.838 9.75 9.688 9.713 9.815 9.923 10.028 10.135 10.245 10.322 10.345 10.34 10.325 10.308 10.292 10.272 10.25 10.24 10.255 10.288 10.328 10.372 10.38 10.348 10.315 10.288 10.283 10.308 10.345 10.38
12.667 12.692 12.66 12.565 12.45 12.335 12.23 12.137 12.057 11.955 11.838 11.737 11.642 11.555 11.465 11.367 11.27 11.17 11.112 11.067 10.962 10.845 10.76 10.693 10.63 10.595 10.595 10.557 10.473 10.388 10.355 10.405 10.49 10.578 10.637 10.617 10.535 10.45 10.37 10.29 10.208 10.135 10.088 10.055 10.023 9.995 9.97 9.92 9.858 9.81 9.783 9.785 9.828 9.903 9.995 10.095 10.2 10.305 10.347 10.333 10.315 10.295 10.275 10.253 10.235 10.245 10.273 10.295 10.323 10.355 10.358 10.333 10.308 10.285 10.29 10.323 10.357 10.387
12.587 12.6 12.59 12.542 12.45 12.333 12.228 12.148 12.087 11.982 11.84 11.723 11.625 11.535 11.445 11.35 11.25 11.15 11.08 11.062 11.022 10.925 10.835 10.767 10.7 10.627 10.542 10.473 10.418 10.355 10.36 10.435 10.517 10.6 10.66 10.665 10.605 10.518 10.433 10.35 10.27 10.193 10.135 10.095 10.058 10.038 10.038 10.005 9.96 9.94 9.928 9.93 9.943 9.973 10.025 10.108 10.213 10.312 10.35 10.327 10.302 10.277 10.253 10.23 10.23 10.26 10.295 10.32 10.34 10.363 10.362 10.338 10.315 10.295 10.303 10.337 10.365 10.38
12.48 12.493 12.49 12.47 12.422 12.327 12.23 12.165 12.115 12.022 11.875 11.723 11.593 11.49 11.405 11.32 11.23 11.135 11.053 11.03 11.037 10.99 10.912 10.83 10.722 10.605 10.475 10.4 10.382 10.353 10.378 10.46 10.542 10.625 10.68 10.697 10.67 10.595 10.505 10.418 10.333 10.25 10.188 10.145 10.143 10.19 10.25 10.217 10.123 10.08 10.073 10.08 10.09 10.105 10.123 10.16 10.233 10.317 10.347 10.32 10.29 10.258 10.23 10.223 10.245 10.285 10.32 10.345 10.368 10.39 10.385 10.355 10.328 10.308 10.318 10.345 10.355 10.355
12.385 12.398 12.393 12.37 12.347 12.302 12.242 12.19 12.14 12.06 11.925 11.765 11.6 11.465 11.373 11.288 11.203 11.113 11.023 10.988 11.005 10.997 10.93 10.805 10.648 10.483 10.358 10.323 10.338 10.353 10.403 10.485 10.567 10.65 10.697 10.71 10.71 10.667 10.585 10.495 10.405 10.318 10.255 10.235 10.272 10.345 10.407 10.38 10.282 10.222 10.21 10.22 10.23 10.242 10.255 10.265 10.292 10.335 10.34 10.308 10.275 10.243 10.22 10.233 10.27 10.31 10.347 10.375 10.4 10.417 10.405 10.375 10.345 10.323 10.322 10.332 10.33 10.325
12.343 12.338 12.318 12.295 12.275 12.255 12.232 12.205 12.167 12.1 11.975 11.79 11.61 11.478 11.375 11.285 11.195 11.105 11.003 10.923 10.905 10.912 10.862 10.737 10.58 10.408 10.308 10.31 10.338 10.368 10.428 10.51 10.59 10.67 10.715 10.725 10.735 10.725 10.665 10.575 10.485 10.395 10.32 10.292 10.317 10.362 10.405 10.39 10.322 10.265 10.245 10.255 10.265 10.275 10.285 10.3 10.327 10.352 10.342 10.308 10.275 10.25 10.24 10.258 10.295 10.335 10.372 10.402 10.427 10.435 10.415 10.385 10.355 10.325 10.31 10.31 10.305 10.3
12.325 12.295 12.263 12.24 12.22 12.203 12.19 12.18 12.162 12.092 11.95 11.77 11.62 11.505 11.4 11.31 11.215 11.107 10.98 10.863 10.793 10.775 10.747 10.67 10.555 10.398 10.318 10.34 10.372 10.405 10.455 10.532 10.615 10.69 10.73 10.74 10.75 10.757 10.732 10.657 10.565 10.478 10.388 10.305 10.275 10.305 10.35 10.337 10.27 10.208 10.185 10.195 10.205 10.22 10.245 10.28 10.325 10.362 10.357 10.325 10.3 10.288 10.288 10.3 10.328 10.365 10.4 10.427 10.442 10.435 10.41 10.38 10.345 10.305 10.288 10.29 10.287 10.283
12.285 12.245 12.208 12.183 12.165 12.15 12.14 12.097 12.045 11.98 11.868 11.755 11.65 11.535 11.43 11.332 11.215 11.08 10.943 10.828 10.733 10.663 10.61 10.55 10.477 10.383 10.345 10.375 10.408 10.44 10.48 10.55 10.637 10.707 10.74 10.75 10.76 10.77 10.772 10.732 10.65 10.565 10.475 10.37 10.283 10.26 10.29 10.285 10.222 10.153 10.125 10.14 10.165 10.2 10.243 10.29 10.34 10.377 10.375 10.353 10.343 10.34 10.345 10.355 10.37 10.398 10.427 10.442 10.44 10.427 10.405 10.367 10.32 10.278 10.265 10.27 10.27 10.268
12.235 12.192 12.15 12.123 12.11 12.09 12.057 11.993 11.92 11.87 11.807 11.732 11.647 11.552 11.447 11.325 11.185 11.04 10.908 10.795 10.698 10.603 10.525 10.465 10.41 10.38 10.39 10.42 10.45 10.48 10.51 10.563 10.64 10.702 10.732 10.745 10.757 10.77 10.782 10.78 10.732 10.652 10.56 10.455 10.345 10.263 10.243 10.232 10.175 10.103 10.085 10.12 10.163 10.21 10.258 10.305 10.355 10.395 10.405 10.4 10.4 10.4 10.405 10.415 10.422 10.43 10.44 10.44 10.43 10.42 10.395 10.347 10.295 10.253 10.24 10.247 10.25 10.253
12.145 12.12 12.09 12.062 12.022 11.992 11.967 11.92 11.87 11.817 11.752 11.68 11.605 11.525 11.422 11.29 11.145 11 10.87 10.763 10.665 10.573 10.5 10.448 10.418 10.418 10.44 10.47 10.5 10.53 10.553 10.573 10.618 10.675 10.705 10.715 10.73 10.745 10.76 10.755 10.745 10.722 10.642 10.537 10.43 10.323 10.24 10.188 10.145 10.11 10.11 10.148 10.193 10.238 10.285 10.335 10.382 10.405 10.412 10.427 10.44 10.445 10.447 10.45 10.447 10.44 10.432 10.427 10.42 10.405 10.37 10.32 10.27 10.228 10.213 10.22 10.227 10.233
12.01 11.995 11.985 11.957 11.877 11.84 11.862 11.855 11.817 11.762 11.7 11.63 11.55 11.457 11.355 11.237 11.105 10.963 10.833 10.73 10.635 10.548 10.488 10.46 10.46 10.47 10.493 10.525 10.555 10.585 10.6 10.593 10.6 10.645 10.675 10.678 10.69 10.707 10.712 10.668 10.663 10.717 10.69 10.592 10.485 10.375 10.265 10.193 10.18 10.185 10.19 10.205 10.238 10.28 10.325 10.375 10.405 10.395 10.39 10.412 10.437 10.455 10.457 10.45 10.44 10.43 10.42 10.412 10.402 10.377 10.337 10.29 10.24 10.205 10.193 10.193 10.2 10.205
