EGM722_Project_Data/DTM_asc/TL4658.asc
ncols         200
nrows         200
xllcorner     546000.000
yllcorner     258000.000
cellsize      5
NODATA_value  -9999.0
[rows 33 to 65 of 200, columns 0 to 73 of 200]
13.073 13.04 13.003 12.96 12.918 12.86 12.778 12.685 12.605 12.545 12.503 12.465 12.428 12.4 12.392 12.397 12.402 12.405 12.395 12.365 12.325 12.293 12.32 12.387 12.345 12.27 12.307 12.337 11.459 9.726 8.794 8.646 8.576 9.106 10.14 11.415 12.225 12.135 12.028 12.225 12.215 11.875 11.675 11.62 11.573 11.528 11.523 11.595 11.705 11.812 11.915 12.012 12.107 12.202 12.297 12.372 12.432 12.522 12.617 12.673 12.708 12.74 12.765 12.785 12.803 12.82 12.838 12.84 12.828 12.813 12.788 12.75 12.71 12.665
13.198 13.173 13.168 13.163 13.127 13.047 12.93 12.8 12.673 12.583 12.538 12.5 12.46 12.428 12.415 12.415 12.412 12.407 12.395 12.365 12.325 12.305 12.36 12.455 12.467 12.388 12.34 12.343 12.327 11.47 10.588 10.52 10.503 10.987 11.802 12.18 12.262 11.538 11.396 12.18 12.2 11.89 11.645 11.55 11.503 11.473 11.52 11.635 11.747 11.855 11.96 12.057 12.15 12.235 12.312 12.375 12.435 12.512 12.57 12.603 12.635 12.67 12.708 12.74 12.768 12.79 12.785 12.755 12.725 12.708 12.695 12.665 12.625 12.57
13.36 13.35 13.39 13.41 13.33 13.21 13.082 12.947 12.795 12.66 12.585 12.545 12.497 12.442 12.413 12.405 12.398 12.392 12.385 12.36 12.32 12.318 12.393 12.502 12.585 12.532 12.415 12.388 12.362 12.292 12.219 12.154 12.119 12.117 12.157 12.23 11.913 11.368 11.76 12.275 12.12 11.9 11.638 11.485 11.443 11.438 11.515 11.647 11.772 11.892 12 12.087 12.167 12.24 12.302 12.355 12.408 12.477 12.535 12.568 12.605 12.65 12.695 12.73 12.76 12.785 12.78 12.755 12.743 12.75 12.76 12.74 12.687 12.6
13.477 13.502 13.555 13.567 13.472 13.36 13.232 13.085 12.922 12.763 12.653 12.6 12.51 12.42 12.395 12.388 12.382 12.375 12.37 12.355 12.32 12.333 12.423 12.532 12.61 12.597 12.545 12.475 12.373 12.295 12.24 12.195 12.175 12.178 12.208 12.272 11.96 11.98 12.277 12.13 11.982 11.825 11.612 11.44 11.395 11.415 11.5 11.632 11.755 11.857 11.96 12.07 12.16 12.227 12.285 12.335 12.385 12.445 12.497 12.538 12.585 12.635 12.68 12.717 12.75 12.777 12.78 12.773 12.785 12.805 12.823 12.805 12.727 12.615
13.54 13.62 13.652 13.617 13.54 13.452 13.34 13.2 13.045 12.885 12.743 12.657 12.512 12.385 12.375 12.37 12.365 12.358 12.352 12.342 12.315 12.343 12.447 12.54 12.577 12.572 12.58 12.502 12.378 12.325 12.285 12.245 12.213 12.22 12.255 11.915 11.963 12.29 12.14 11.988 11.838 11.69 11.527 11.39 11.362 11.405 11.482 11.582 11.66 11.72 11.81 11.96 12.112 12.215 12.273 12.32 12.368 12.418 12.468 12.515 12.565 12.617 12.665 12.705 12.74 12.783 12.825 12.853 12.875 12.898 12.92 12.89 12.783 12.648
13.577 13.68 13.7 13.632 13.555 13.477 13.39 13.272 13.132 12.985 12.835 12.69 12.495 12.365 12.357 12.352 12.347 12.342 12.335 12.327 12.313 12.352 12.432 12.465 12.485 12.505 12.497 12.435 12.373 12.35 12.327 12.295 12.255 12.252 12.075 11.721 11.9 12.162 12.01 11.858 11.705 11.555 11.405 11.29 11.258 11.297 11.375 11.447 11.5 11.548 11.628 11.78 12.01 12.207 12.3 12.355 12.4 12.445 12.488 12.52 12.555 12.603 12.653 12.695 12.745 12.815 12.907 12.987 13.025 13.05 13.07 13.02 12.893 12.745
13.61 13.705 13.717 13.647 13.57 13.495 13.415 13.312 13.185 13.045 12.905 12.7 12.468 12.353 12.333 12.327 12.325 12.32 12.312 12.31 12.305 12.322 12.337 12.325 12.348 12.397 12.417 12.397 12.363 12.343 12.337 12.325 12.3 12.29 12.105 12.092 12.192 12.037 11.885 11.735 11.582 11.43 11.28 11.163 11.105 11.105 11.158 11.235 11.31 11.37 11.445 11.615 11.915 12.195 12.335 12.41 12.472 12.522 12.555 12.573 12.59 12.618 12.658 12.71 12.783 12.865 12.975 13.102 13.182 13.22 13.225 13.155 13.027 12.885
13.635 13.722 13.732 13.662 13.587 13.512 13.43 13.34 13.23 13.095 12.927 12.713 12.513 12.375 12.305 12.29 12.287 12.282 12.28 12.28 12.282 12.278 12.26 12.245 12.248 12.283 12.337 12.36 12.347 12.327 12.315 12.317 12.315 12.31 12.3 12.21 12.047 11.885 11.725 11.565 11.415 11.28 11.153 11.083 11.068 11.053 11.065 11.115 11.175 11.228 11.29 11.498 11.855 12.175 12.347 12.432 12.515 12.585 12.63 12.655 12.675 12.695 12.723 12.773 12.84 12.915 13.025 13.167 13.295 13.375 13.372 13.282 13.157 13.025
13.655 13.732 13.74 13.677 13.605 13.53 13.445 13.357 13.265 13.14 12.958 12.77 12.61 12.45 12.318 12.255 12.243 12.238 12.238 12.248 12.262 12.26 12.243 12.228 12.213 12.21 12.24 12.277 12.295 12.292 12.265 12.23 12.197 12.16 12.082 11.958 11.82 11.683 11.545 11.408 11.283 11.173 11.075 11.088 11.145 11.145 11.148 11.16 11.185 11.215 11.268 11.473 11.818 12.157 12.362 12.445 12.527 12.61 12.672 12.712 12.747 12.782 12.82 12.865 12.917 12.975 13.068 13.202 13.35 13.48 13.505 13.412 13.288 13.165
13.665 13.722 13.73 13.685 13.62 13.547 13.465 13.375 13.287 13.177 13.027 12.867 12.71 12.55 12.388 12.255 12.2 12.193 12.2 12.225 12.245 12.242 12.227 12.213 12.2 12.18 12.168 12.188 12.21 12.23 12.132 11.983 11.91 11.865 11.83 11.755 11.65 11.545 11.44 11.335 11.23 11.125 11.055 11.13 11.24 11.255 11.255 11.258 11.273 11.298 11.355 11.543 11.84 12.157 12.367 12.452 12.53 12.61 12.672 12.72 12.767 12.815 12.87 12.927 12.98 13.025 13.093 13.21 13.355 13.505 13.58 13.54 13.435 13.318
13.657 13.7 13.715 13.682 13.625 13.56 13.48 13.387 13.295 13.197 13.07 12.922 12.772 12.617 12.462 12.308 12.19 12.158 12.18 12.207 12.227 12.227 12.213 12.2 12.187 12.17 12.145 12.13 12.14 12.175 12.012 11.71 11.575 11.583 11.637 11.655 11.595 11.495 11.39 11.285 11.18 11.075 11.045 11.168 11.315 11.362 11.365 11.365 11.37 11.385 11.445 11.638 11.92 12.182 12.36 12.452 12.53 12.607 12.667 12.715 12.768 12.823 12.883 12.947 13.007 13.055 13.115 13.21 13.338 13.485 13.582 13.605 13.567 13.48
13.64 13.68 13.702 13.677 13.622 13.557 13.477 13.387 13.295 13.202 13.082 12.937 12.79 12.642 12.497 12.347 12.203 12.143 12.165 12.192 12.212 12.212 12.198 12.185 12.173 12.16 12.14 12.118 12.115 12.14 11.967 11.538 11.29 11.315 11.385 11.452 11.48 11.435 11.34 11.235 11.13 11.025 11.038 11.203 11.385 11.467 11.47 11.47 11.472 11.48 11.535 11.72 11.972 12.19 12.345 12.445 12.53 12.605 12.665 12.718 12.775 12.835 12.898 12.962 13.027 13.083 13.145 13.23 13.333 13.465 13.56 13.6 13.625 13.612
13.62 13.66 13.687 13.67 13.61 13.537 13.46 13.377 13.292 13.205 13.092 12.95 12.802 12.655 12.503 12.345 12.203 12.143 12.155 12.177 12.195 12.195 12.183 12.17 12.16 12.148 12.133 12.125 12.12 12.122 11.937 11.51 11.243 11.203 11.188 11.205 11.265 11.302 11.272 11.187 11.08 10.988 11.043 11.235 11.437 11.555 11.57 11.567 11.567 11.57 11.61 11.763 11.975 12.177 12.335 12.437 12.525 12.602 12.667 12.725 12.788 12.85 12.913 12.977 13.042 13.105 13.173 13.258 13.35 13.458 13.535 13.562 13.585 13.605
13.597 13.64 13.675 13.66 13.59 13.512 13.437 13.36 13.282 13.202 13.097 12.96 12.81 12.66 12.513 12.365 12.23 12.16 12.155 12.168 12.18 12.18 12.17 12.16 12.153 12.145 12.14 12.14 12.138 12.132 11.94 11.605 11.413 11.315 11.215 11.148 11.123 11.113 11.123 11.11 11.032 10.973 11.068 11.265 11.452 11.585 11.625 11.62 11.615 11.62 11.648 11.773 11.975 12.18 12.34 12.438 12.523 12.6 12.67 12.737 12.802 12.865 12.928 12.992 13.057 13.123 13.208 13.31 13.408 13.507 13.53 13.485 13.47 13.475
13.573 13.615 13.657 13.642 13.56 13.473 13.395 13.32 13.245 13.172 13.092 12.987 12.85 12.708 12.573 12.438 12.31 12.21 12.163 12.16 12.17 12.175 12.17 12.16 12.155 12.155 12.155 12.157 12.16 12.155 11.97 11.715 11.598 11.505 11.405 11.305 11.205 11.11 11.055 11.023 10.968 10.965 11.088 11.267 11.435 11.575 11.635 11.633 11.635 11.653 11.68 11.788 11.983 12.192 12.355 12.447 12.53 12.605 12.663 12.73 12.81 12.88 12.942 13.005 13.07 13.145 13.258 13.392 13.507 13.612 13.602 13.48 13.38 13.34
13.553 13.598 13.637 13.625 13.545 13.445 13.353 13.263 13.175 13.098 13.038 12.995 12.922 12.802 12.668 12.535 12.413 12.3 12.205 12.163 12.165 12.173 12.175 12.173 12.17 12.17 12.17 12.173 12.175 12.172 12.04 11.868 11.782 11.692 11.595 11.495 11.395 11.293 11.188 11.085 11.003 11.008 11.113 11.253 11.405 11.56 11.64 11.652 11.672 11.7 11.73 11.815 11.993 12.207 12.372 12.465 12.542 12.612 12.655 12.7 12.78 12.87 12.95 13.02 13.085 13.18 13.315 13.465 13.605 13.722 13.725 13.592 13.43 13.305
13.54 13.59 13.62 13.61 13.55 13.452 13.348 13.243 13.14 13.045 12.97 12.943 12.932 12.875 12.762 12.633 12.515 12.402 12.288 12.2 12.175 12.183 12.188 12.19 12.188 12.185 12.185 12.187 12.19 12.19 12.14 12.05 11.967 11.88 11.785 11.685 11.585 11.48 11.375 11.275 11.175 11.143 11.218 11.333 11.458 11.585 11.642 11.652 11.677 11.702 11.727 11.818 12.005 12.222 12.39 12.485 12.557 12.62 12.66 12.69 12.738 12.82 12.922 13.015 13.097 13.212 13.362 13.515 13.665 13.805 13.837 13.722 13.557 13.385
13.538 13.585 13.605 13.59 13.547 13.465 13.36 13.255 13.15 13.038 12.945 12.903 12.898 12.887 12.83 12.727 12.615 12.5 12.385 12.278 12.213 12.205 12.21 12.21 12.207 12.2 12.195 12.2 12.205 12.21 12.215 12.187 12.132 12.065 11.975 11.875 11.772 11.667 11.565 11.465 11.368 11.32 11.38 11.495 11.592 11.642 11.63 11.605 11.61 11.63 11.65 11.778 12.01 12.235 12.407 12.505 12.57 12.62 12.655 12.687 12.72 12.77 12.858 12.96 13.055 13.117 13.183 13.305 13.457 13.597 13.659 13.595 13.552 13.48
13.565 13.597 13.592 13.565 13.537 13.472 13.372 13.267 13.155 13.028 12.935 12.903 12.887 12.872 12.847 12.79 12.705 12.6 12.485 12.375 12.278 12.233 12.23 12.23 12.227 12.215 12.205 12.21 12.22 12.238 12.26 12.257 12.23 12.19 12.125 12.032 11.925 11.82 11.717 11.628 11.553 11.5 11.543 11.635 11.672 11.65 11.6 11.55 11.525 11.535 11.568 11.733 12.007 12.25 12.412 12.495 12.547 12.59 12.625 12.657 12.69 12.723 12.785 12.88 12.97 13.01 13.008 12.965 13 12.835 12.553 12.495 12.628 13.125
13.607 13.62 13.6 13.56 13.525 13.472 13.382 13.27 13.145 13.01 12.923 12.897 12.877 12.855 12.83 12.792 12.735 12.652 12.56 12.467 12.365 12.28 12.25 12.247 12.24 12.225 12.218 12.228 12.248 12.273 12.297 12.302 12.28 12.247 12.202 12.125 12.02 11.928 11.85 11.782 11.727 11.675 11.68 11.705 11.675 11.625 11.575 11.52 11.468 11.448 11.505 11.705 11.995 12.24 12.377 12.442 12.492 12.54 12.58 12.61 12.64 12.673 12.72 12.798 12.885 12.965 13.015 12.902 12.517 11.953 11.608 11.588 11.706 12.665
13.632 13.635 13.627 13.59 13.535 13.477 13.382 13.255 13.125 13.005 12.925 12.883 12.853 12.827 12.8 12.77 12.72 12.65 12.58 12.507 12.425 12.338 12.283 12.263 12.25 12.238 12.238 12.258 12.285 12.31 12.332 12.337 12.312 12.275 12.232 12.18 12.105 12.032 11.977 11.917 11.857 11.775 11.72 11.697 11.65 11.6 11.55 11.497 11.435 11.38 11.445 11.673 11.955 12.19 12.315 12.375 12.432 12.487 12.53 12.562 12.595 12.63 12.668 12.723 12.8 12.88 12.96 12.82 12.175 11.62 11.55 11.598 11.65 12.605
13.65 13.65 13.65 13.625 13.562 13.482 13.372 13.238 13.113 13.023 12.953 12.885 12.835 12.8 12.773 12.747 12.705 12.64 12.57 12.5 12.43 12.368 12.32 12.288 12.27 12.265 12.275 12.3 12.322 12.335 12.345 12.335 12.297 12.255 12.215 12.195 12.167 12.107 12.045 11.982 11.89 11.745 11.66 11.642 11.605 11.565 11.522 11.475 11.417 11.36 11.41 11.615 11.882 12.127 12.262 12.318 12.375 12.432 12.477 12.51 12.54 12.57 12.602 12.653 12.723 12.802 12.842 12.532 11.963 11.65 11.615 11.645 11.678 12.165
13.617 13.622 13.627 13.62 13.565 13.47 13.355 13.22 13.115 13.055 12.99 12.913 12.845 12.79 12.75 12.72 12.685 12.63 12.56 12.49 12.43 12.388 12.358 12.328 12.303 12.3 12.31 12.322 12.33 12.33 12.327 12.3 12.253 12.208 12.165 12.165 12.18 12.142 12.077 11.99 11.827 11.643 11.568 11.562 11.54 11.51 11.477 11.437 11.392 11.38 11.443 11.583 11.803 12.06 12.215 12.27 12.325 12.382 12.425 12.445 12.463 12.488 12.523 12.58 12.65 12.73 12.645 12.268 11.865 11.715 11.73 11.745 11.76 11.768
13.482 13.535 13.55 13.557 13.53 13.45 13.335 13.215 13.14 13.095 13.03 12.948 12.875 12.81 12.75 12.703 12.665 12.617 12.553 12.495 12.458 12.43 12.403 12.373 12.343 12.32 12.31 12.31 12.307 12.305 12.295 12.257 12.208 12.163 12.123 12.13 12.17 12.165 12.087 11.93 11.705 11.525 11.47 11.472 11.465 11.44 11.407 11.37 11.33 11.353 11.475 11.615 11.765 11.985 12.155 12.222 12.28 12.34 12.387 12.388 12.38 12.405 12.45 12.515 12.585 12.642 12.482 12.15 11.915 11.835 11.85 11.862 11.857 11.83
13.28 13.373 13.442 13.47 13.472 13.425 13.323 13.233 13.18 13.135 13.07 12.985 12.908 12.84 12.775 12.715 12.66 12.607 12.56 12.527 12.502 12.477 12.45 12.42 12.39 12.33 12.285 12.285 12.283 12.28 12.26 12.212 12.16 12.115 12.085 12.1 12.145 12.142 12.025 11.81 11.565 11.405 11.373 11.378 11.382 11.362 11.317 11.272 11.228 11.243 11.387 11.58 11.747 11.932 12.092 12.18 12.24 12.3 12.36 12.355 12.313 12.325 12.38 12.447 12.51 12.555 12.425 12.135 11.97 11.955 11.96 11.95 11.915 11.87
13.183 13.235 13.303 13.355 13.395 13.382 13.325 13.265 13.22 13.175 13.11 13.025 12.943 12.87 12.805 12.745 12.675 12.593 12.532 12.505 12.48 12.477 12.487 12.47 12.437 12.363 12.283 12.26 12.257 12.252 12.222 12.168 12.115 12.068 12.045 12.07 12.082 12.012 11.845 11.622 11.408 11.295 11.29 11.3 11.302 11.27 11.213 11.16 11.113 11.105 11.225 11.435 11.647 11.85 12.027 12.14 12.203 12.265 12.327 12.342 12.29 12.26 12.295 12.353 12.407 12.465 12.377 12.155 12.06 12.06 12.035 11.997 11.953 11.908
13.208 13.223 13.238 13.275 13.288 13.303 13.327 13.3 13.26 13.215 13.15 13.065 12.978 12.9 12.835 12.77 12.685 12.575 12.47 12.413 12.388 12.433 12.53 12.535 12.483 12.42 12.315 12.245 12.232 12.217 12.177 12.125 12.072 12.02 12.005 11.995 11.92 11.785 11.595 11.4 11.265 11.218 11.225 11.24 11.227 11.175 11.113 11.053 11 10.968 11.065 11.275 11.485 11.7 11.915 12.077 12.167 12.23 12.297 12.352 12.29 12.205 12.22 12.26 12.303 12.352 12.312 12.203 12.155 12.125 12.08 12.038 11.995 11.955
13.235 13.245 13.26 13.275 13.26 13.268 13.3 13.302 13.29 13.255 13.187 13.102 13.015 12.933 12.862 12.782 12.677 12.562 12.44 12.34 12.295 12.388 12.587 12.632 12.548 12.482 12.375 12.255 12.208 12.182 12.135 12.082 12.027 11.967 11.907 11.812 11.68 11.535 11.373 11.248 11.185 11.163 11.165 11.172 11.145 11.082 11.018 10.955 10.895 10.843 10.915 11.115 11.328 11.545 11.765 11.972 12.115 12.19 12.27 12.34 12.247 12.145 12.17 12.2 12.23 12.268 12.28 12.255 12.22 12.178 12.135 12.095 12.058 12.023
13.265 13.27 13.283 13.297 13.31 13.28 13.25 13.265 13.277 13.267 13.212 13.13 13.047 12.965 12.88 12.777 12.663 12.548 12.43 12.308 12.243 12.365 12.617 12.722 12.647 12.557 12.447 12.302 12.197 12.127 12.055 11.98 11.907 11.837 11.75 11.623 11.473 11.333 11.23 11.175 11.135 11.108 11.105 11.097 11.055 10.99 10.925 10.862 10.798 10.738 10.78 10.958 11.175 11.395 11.613 11.83 12.025 12.147 12.212 12.225 12.148 12.103 12.138 12.173 12.208 12.245 12.282 12.302 12.285 12.245 12.205 12.165 12.13 12.098
13.297 13.303 13.31 13.323 13.337 13.27 13.2 13.213 13.222 13.227 13.197 13.125 13.045 12.982 12.9 12.78 12.66 12.538 12.418 12.303 12.298 12.455 12.665 12.76 12.682 12.55 12.382 12.177 12 11.892 11.835 11.777 11.707 11.633 11.587 11.497 11.333 11.208 11.153 11.12 11.08 11.05 11.042 11.02 10.962 10.898 10.833 10.768 10.708 10.675 10.703 10.843 11.058 11.273 11.485 11.698 11.912 12.087 12.152 12.13 12.103 12.103 12.13 12.17 12.21 12.25 12.287 12.322 12.337 12.315 12.275 12.238 12.205 12.178
13.33 13.335 13.34 13.35 13.362 13.29 13.195 13.168 13.158 13.165 13.152 13.095 13.028 12.997 12.932 12.808 12.68 12.55 12.425 12.33 12.378 12.54 12.697 12.72 12.577 12.41 12.202 11.933 11.67 11.513 11.495 11.527 11.505 11.43 11.415 11.37 11.215 11.11 11.08 11.055 11.022 10.993 10.972 10.932 10.868 10.808 10.748 10.688 10.645 10.688 10.723 10.788 10.98 11.19 11.4 11.61 11.817 12.007 12.125 12.152 12.148 12.13 12.135 12.175 12.215 12.253 12.29 12.327 12.36 12.37 12.347 12.315 12.287 12.26
13.363 13.368 13.373 13.38 13.387 13.342 13.26 13.193 13.148 13.12 13.103 13.068 13.035 13.03 12.965 12.84 12.718 12.605 12.5 12.418 12.415 12.52 12.655 12.62 12.428 12.24 12.037 11.773 11.495 11.273 11.193 11.252 11.28 11.228 11.225 11.22 11.105 11.02 11 10.98 10.957 10.932 10.898 10.845 10.788 10.733 10.678 10.625 10.64 10.775 10.81 10.78 10.915 11.125 11.335 11.54 11.735 11.917 12.082 12.182 12.202 12.178 12.158 12.18 12.22 12.257 12.295 12.332 12.367 12.397 12.39 12.352 12.322 12.29
13.395 13.4 13.407 13.412 13.415 13.377 13.307 13.242 13.18 13.118 13.073 13.053 13.062 13.075 13.017 12.91 12.805 12.71 12.628 12.55 12.488 12.518 12.587 12.5 12.295 12.093 11.89 11.67 11.395 11.128 11 10.998 11.03 11.02 11.025 11.06 11.005 10.94 10.92 10.903 10.89 10.877 10.837 10.778 10.723 10.668 10.615 10.608 10.715 10.897 10.917 10.795 10.85 11.06 11.267 11.462 11.642 11.82 12 12.157 12.24 12.242 12.2 12.188 12.225 12.262 12.3 12.335 12.367 12.4 12.392 12.348 12.305 12.267
