EGM722_Project_Data/DTM_asc/TL4656.asc
ncols         200
nrows         200
xllcorner     546000.000
yllcorner     256000.000
cellsize      5
NODATA_value  -9999.0
[rows 165 to 197 of 200, columns 0 to 74 of 200]
14.088 14.038 14 13.973 13.993 14.085 14.202 14.29 14.342 14.4 14.447 14.422 14.345 14.265 14.218 14.208 14.203 14.21 14.228 14.23 14.243 14.318 14.445 14.585 14.722 14.805 14.722 14.6 14.565 14.588 14.665 14.755 14.853 14.982 15.08 15.095 15.08 15.063 15.055 15.058 15.065 15.073 15.09 15.125 15.165 15.203 15.233 15.255 15.273 15.29 15.293 15.28 15.273 15.268 15.285 15.312 15.322 15.305 15.248 15.178 15.108 15.08 15.138 15.238 15.34 15.395 15.375 15.32 15.273 15.268 15.288 15.305 15.325 15.335 15.307
14.2 14.163 14.145 14.133 14.13 14.215 14.362 14.45 14.492 14.53 14.492 14.388 14.295 14.218 14.175 14.175 14.198 14.24 14.255 14.25 14.27 14.335 14.448 14.58 14.717 14.812 14.735 14.575 14.51 14.538 14.62 14.713 14.833 14.992 15.102 15.135 15.14 15.123 15.105 15.1 15.105 15.123 15.155 15.198 15.235 15.26 15.278 15.295 15.315 15.335 15.342 15.335 15.32 15.297 15.297 15.315 15.325 15.31 15.255 15.188 15.12 15.088 15.138 15.233 15.327 15.397 15.395 15.342 15.29 15.265 15.273 15.295 15.315 15.312 15.28
14.325 14.303 14.295 14.292 14.283 14.34 14.45 14.507 14.543 14.577 14.525 14.395 14.278 14.188 14.165 14.203 14.26 14.327 14.34 14.303 14.3 14.365 14.465 14.58 14.712 14.82 14.755 14.558 14.455 14.485 14.57 14.683 14.835 15.007 15.115 15.157 15.19 15.187 15.165 15.158 15.17 15.198 15.235 15.278 15.317 15.345 15.36 15.373 15.39 15.405 15.397 15.372 15.34 15.3 15.295 15.325 15.347 15.335 15.277 15.205 15.135 15.095 15.14 15.235 15.32 15.39 15.395 15.345 15.298 15.278 15.29 15.305 15.3 15.272 15.235
14.46 14.44 14.435 14.442 14.443 14.478 14.54 14.575 14.6 14.625 14.57 14.44 14.335 14.268 14.258 14.298 14.355 14.422 14.435 14.378 14.34 14.39 14.488 14.59 14.71 14.827 14.772 14.558 14.42 14.433 14.535 14.683 14.855 15.022 15.127 15.172 15.217 15.242 15.243 15.25 15.275 15.305 15.338 15.373 15.407 15.432 15.445 15.452 15.46 15.457 15.425 15.375 15.328 15.285 15.278 15.315 15.357 15.36 15.305 15.228 15.153 15.103 15.138 15.227 15.305 15.377 15.392 15.348 15.308 15.295 15.3 15.287 15.255 15.218 15.182
14.6 14.58 14.573 14.58 14.587 14.602 14.625 14.645 14.663 14.675 14.632 14.545 14.49 14.457 14.443 14.453 14.478 14.523 14.53 14.47 14.403 14.42 14.515 14.613 14.715 14.832 14.787 14.575 14.403 14.393 14.53 14.698 14.873 15.04 15.142 15.188 15.235 15.28 15.317 15.357 15.395 15.425 15.455 15.482 15.497 15.502 15.507 15.512 15.512 15.495 15.45 15.39 15.335 15.283 15.265 15.303 15.355 15.372 15.327 15.25 15.173 15.113 15.13 15.21 15.285 15.36 15.387 15.357 15.323 15.3 15.28 15.245 15.205 15.165 15.128
14.747 14.725 14.71 14.705 14.708 14.713 14.72 14.733 14.743 14.745 14.72 14.68 14.647 14.627 14.637 14.652 14.655 14.668 14.647 14.575 14.498 14.485 14.558 14.648 14.738 14.842 14.8 14.595 14.413 14.408 14.565 14.735 14.908 15.072 15.17 15.215 15.265 15.318 15.372 15.43 15.482 15.53 15.565 15.575 15.565 15.553 15.553 15.557 15.552 15.532 15.492 15.432 15.37 15.308 15.275 15.305 15.36 15.38 15.34 15.265 15.19 15.123 15.125 15.2 15.275 15.347 15.382 15.362 15.327 15.29 15.25 15.208 15.163 15.12 15.078
14.885 14.88 14.86 14.843 14.83 14.823 14.822 14.83 14.835 14.832 14.81 14.775 14.755 14.768 14.812 14.85 14.862 14.847 14.785 14.698 14.618 14.578 14.62 14.705 14.79 14.88 14.827 14.64 14.503 14.513 14.655 14.825 14.995 15.152 15.237 15.268 15.308 15.36 15.415 15.478 15.55 15.617 15.647 15.635 15.613 15.598 15.597 15.597 15.585 15.565 15.53 15.475 15.413 15.355 15.323 15.33 15.372 15.392 15.35 15.275 15.2 15.13 15.128 15.197 15.27 15.34 15.377 15.36 15.323 15.285 15.243 15.195 15.145 15.1 15.06
14.96 14.995 15 14.982 14.957 14.933 14.918 14.918 14.92 14.915 14.89 14.87 14.885 14.92 14.972 15.032 15.057 15.015 14.93 14.84 14.753 14.68 14.693 14.775 14.858 14.937 14.885 14.743 14.665 14.663 14.77 14.94 15.11 15.262 15.337 15.355 15.378 15.41 15.46 15.53 15.61 15.677 15.697 15.682 15.66 15.643 15.64 15.632 15.615 15.595 15.562 15.515 15.455 15.408 15.388 15.375 15.393 15.405 15.36 15.285 15.21 15.143 15.133 15.19 15.26 15.332 15.377 15.365 15.325 15.288 15.25 15.21 15.17 15.133 15.1
15.005 15.065 15.105 15.095 15.067 15.04 15.02 15.01 15.005 14.998 14.988 15.003 15.038 15.075 15.125 15.192 15.225 15.177 15.09 15 14.91 14.82 14.805 14.873 14.945 15.007 14.982 14.9 14.845 14.81 14.883 15.05 15.22 15.367 15.437 15.452 15.465 15.475 15.505 15.565 15.637 15.702 15.725 15.717 15.705 15.69 15.68 15.665 15.645 15.625 15.595 15.55 15.5 15.468 15.45 15.43 15.423 15.415 15.37 15.298 15.228 15.165 15.148 15.188 15.253 15.327 15.377 15.37 15.33 15.29 15.257 15.232 15.21 15.19 15.152
15.07 15.14 15.192 15.195 15.172 15.148 15.128 15.113 15.1 15.098 15.118 15.155 15.193 15.23 15.277 15.325 15.345 15.325 15.265 15.18 15.09 15 14.978 15.033 15.092 15.12 15.095 15.042 14.99 14.973 15.06 15.225 15.39 15.492 15.52 15.53 15.54 15.548 15.558 15.593 15.655 15.72 15.747 15.742 15.735 15.725 15.71 15.69 15.67 15.655 15.638 15.6 15.563 15.54 15.52 15.5 15.48 15.448 15.39 15.32 15.255 15.195 15.178 15.208 15.255 15.32 15.372 15.37 15.33 15.29 15.26 15.242 15.227 15.215 15.162
15.143 15.222 15.28 15.292 15.277 15.253 15.233 15.218 15.213 15.233 15.27 15.31 15.348 15.385 15.417 15.435 15.44 15.437 15.417 15.362 15.28 15.19 15.17 15.227 15.26 15.24 15.195 15.145 15.13 15.188 15.31 15.47 15.585 15.595 15.583 15.597 15.61 15.62 15.625 15.635 15.678 15.74 15.77 15.765 15.755 15.742 15.725 15.705 15.698 15.705 15.702 15.675 15.645 15.625 15.605 15.585 15.565 15.525 15.445 15.355 15.283 15.225 15.213 15.24 15.273 15.32 15.37 15.37 15.33 15.29 15.26 15.245 15.23 15.215 15.152
15.22 15.305 15.367 15.382 15.375 15.357 15.338 15.333 15.353 15.39 15.427 15.465 15.508 15.555 15.57 15.55 15.54 15.535 15.527 15.51 15.457 15.378 15.363 15.4 15.387 15.342 15.295 15.283 15.345 15.45 15.572 15.68 15.7 15.655 15.64 15.66 15.677 15.69 15.695 15.695 15.713 15.76 15.79 15.783 15.77 15.758 15.748 15.743 15.753 15.775 15.775 15.753 15.73 15.71 15.692 15.67 15.647 15.625 15.545 15.425 15.323 15.255 15.248 15.275 15.303 15.335 15.372 15.37 15.33 15.29 15.26 15.245 15.23 15.213 15.165
15.328 15.395 15.45 15.468 15.465 15.458 15.453 15.472 15.507 15.545 15.585 15.627 15.677 15.732 15.737 15.685 15.645 15.633 15.625 15.62 15.602 15.555 15.535 15.527 15.49 15.445 15.425 15.477 15.575 15.675 15.77 15.802 15.765 15.718 15.703 15.72 15.74 15.757 15.767 15.77 15.773 15.793 15.808 15.805 15.805 15.805 15.81 15.82 15.835 15.852 15.852 15.835 15.815 15.798 15.782 15.752 15.72 15.702 15.632 15.507 15.385 15.303 15.293 15.32 15.348 15.373 15.395 15.38 15.335 15.295 15.268 15.26 15.26 15.255 15.223
15.498 15.55 15.605 15.633 15.628 15.613 15.59 15.598 15.63 15.665 15.702 15.742 15.79 15.84 15.84 15.787 15.748 15.733 15.725 15.72 15.715 15.697 15.67 15.632 15.59 15.555 15.56 15.622 15.71 15.8 15.855 15.852 15.822 15.783 15.763 15.775 15.795 15.812 15.822 15.827 15.83 15.84 15.853 15.865 15.88 15.89 15.9 15.912 15.925 15.932 15.935 15.925 15.908 15.892 15.872 15.832 15.788 15.755 15.68 15.563 15.458 15.39 15.37 15.383 15.408 15.432 15.447 15.407 15.343 15.3 15.3 15.328 15.345 15.355 15.315
15.7 15.76 15.83 15.882 15.882 15.85 15.79 15.745 15.735 15.753 15.783 15.813 15.85 15.892 15.895 15.863 15.845 15.835 15.828 15.822 15.815 15.805 15.78 15.738 15.7 15.685 15.688 15.71 15.775 15.855 15.885 15.875 15.86 15.835 15.82 15.825 15.837 15.85 15.855 15.86 15.875 15.903 15.932 15.955 15.97 15.98 15.99 16 16.005 16.005 16.01 16.01 16 15.985 15.957 15.91 15.855 15.805 15.725 15.625 15.545 15.498 15.478 15.47 15.478 15.5 15.51 15.452 15.363 15.305 15.33 15.405 15.447 15.462 15.42
15.895 15.967 16.05 16.135 16.152 16.102 16.037 15.97 15.91 15.875 15.873 15.895 15.922 15.947 15.96 15.955 15.945 15.935 15.93 15.925 15.915 15.905 15.882 15.848 15.828 15.827 15.83 15.833 15.86 15.897 15.908 15.9 15.89 15.883 15.878 15.873 15.873 15.88 15.888 15.903 15.938 15.98 16.012 16.037 16.055 16.062 16.07 16.075 16.075 16.075 16.08 16.085 16.082 16.072 16.04 15.985 15.925 15.862 15.79 15.715 15.648 15.605 15.59 15.575 15.565 15.573 15.57 15.51 15.408 15.323 15.338 15.435 15.52 15.562 15.525
16.057 16.142 16.227 16.31 16.327 16.27 16.2 16.13 16.06 15.99 15.955 15.96 15.975 15.99 16.015 16.042 16.047 16.04 16.032 16.025 16.015 16.007 15.99 15.97 15.965 15.96 15.95 15.942 15.945 15.955 15.96 15.958 15.955 15.948 15.935 15.928 15.923 15.925 15.94 15.973 16.018 16.06 16.093 16.117 16.127 16.125 16.127 16.132 16.137 16.142 16.147 16.15 16.147 16.135 16.095 16.035 15.98 15.927 15.872 15.812 15.752 15.717 15.702 15.687 15.672 15.662 15.645 15.583 15.485 15.39 15.393 15.488 15.588 15.652 15.62
16.095 16.187 16.27 16.33 16.347 16.305 16.232 16.16 16.088 16.05 16.045 16.018 16.005 16.02 16.05 16.095 16.127 16.14 16.135 16.125 16.11 16.095 16.077 16.062 16.052 16.035 16.015 16 16.005 16.025 16.037 16.04 16.04 16.022 16 15.993 15.99 16 16.025 16.063 16.105 16.145 16.18 16.197 16.187 16.173 16.17 16.175 16.185 16.192 16.187 16.182 16.185 16.162 16.115 16.065 16.02 15.98 15.937 15.885 15.835 15.805 15.785 15.767 15.747 15.735 15.727 15.695 15.625 15.535 15.535 15.628 15.702 15.732 15.692
16.035 16.135 16.22 16.272 16.297 16.28 16.217 16.145 16.105 16.138 16.157 16.098 16.05 16.053 16.08 16.123 16.17 16.2 16.197 16.182 16.16 16.135 16.115 16.097 16.08 16.06 16.045 16.045 16.065 16.09 16.11 16.122 16.117 16.09 16.065 16.058 16.065 16.093 16.125 16.158 16.195 16.235 16.265 16.265 16.243 16.223 16.213 16.215 16.225 16.22 16.198 16.185 16.187 16.177 16.145 16.105 16.065 16.022 15.972 15.915 15.873 15.847 15.822 15.8 15.785 15.79 15.805 15.807 15.782 15.715 15.715 15.785 15.807 15.795 15.745
15.98 16.085 16.167 16.212 16.235 16.242 16.203 16.16 16.19 16.265 16.272 16.195 16.118 16.09 16.11 16.15 16.192 16.212 16.207 16.19 16.167 16.145 16.123 16.105 16.092 16.078 16.078 16.097 16.122 16.147 16.175 16.195 16.185 16.15 16.128 16.133 16.155 16.188 16.222 16.255 16.288 16.325 16.342 16.325 16.3 16.278 16.258 16.255 16.26 16.237 16.205 16.193 16.193 16.2 16.19 16.155 16.115 16.07 16.01 15.945 15.898 15.87 15.845 15.83 15.84 15.865 15.885 15.89 15.89 15.865 15.86 15.877 15.865 15.845 15.795
15.94 16.045 16.115 16.148 16.17 16.192 16.198 16.22 16.287 16.36 16.367 16.295 16.205 16.143 16.14 16.172 16.197 16.208 16.202 16.185 16.167 16.15 16.128 16.11 16.1 16.09 16.105 16.142 16.17 16.195 16.225 16.245 16.235 16.208 16.203 16.225 16.255 16.285 16.318 16.352 16.385 16.41 16.407 16.382 16.358 16.333 16.31 16.3 16.287 16.25 16.218 16.213 16.22 16.23 16.232 16.21 16.17 16.12 16.057 15.995 15.938 15.895 15.878 15.888 15.915 15.945 15.962 15.962 15.955 15.945 15.935 15.925 15.912 15.895 15.837
15.938 16.042 16.097 16.108 16.125 16.15 16.188 16.242 16.307 16.367 16.385 16.352 16.287 16.208 16.175 16.193 16.21 16.217 16.205 16.18 16.163 16.147 16.13 16.117 16.107 16.095 16.118 16.167 16.205 16.235 16.265 16.282 16.273 16.26 16.28 16.317 16.35 16.38 16.41 16.442 16.467 16.47 16.457 16.44 16.415 16.39 16.368 16.35 16.333 16.303 16.278 16.265 16.258 16.26 16.27 16.26 16.222 16.167 16.105 16.045 15.99 15.95 15.943 15.965 15.995 16.02 16.025 16.012 15.997 15.985 15.975 15.962 15.95 15.935 15.867
15.96 16.067 16.112 16.103 16.105 16.125 16.165 16.215 16.272 16.325 16.34 16.335 16.312 16.26 16.228 16.233 16.242 16.242 16.222 16.19 16.163 16.143 16.128 16.118 16.11 16.1 16.123 16.177 16.23 16.272 16.305 16.32 16.315 16.318 16.35 16.397 16.437 16.47 16.5 16.522 16.522 16.5 16.49 16.492 16.477 16.452 16.428 16.415 16.415 16.405 16.385 16.36 16.335 16.32 16.313 16.305 16.272 16.22 16.168 16.113 16.065 16.04 16.038 16.053 16.072 16.077 16.065 16.048 16.035 16.025 16.012 15.997 15.985 15.965 15.89
15.972 16.085 16.127 16.115 16.108 16.118 16.15 16.19 16.24 16.282 16.29 16.285 16.288 16.282 16.272 16.27 16.27 16.267 16.247 16.21 16.175 16.145 16.125 16.115 16.11 16.105 16.128 16.185 16.242 16.295 16.34 16.36 16.365 16.38 16.415 16.465 16.512 16.552 16.58 16.58 16.555 16.52 16.503 16.52 16.532 16.515 16.498 16.5 16.51 16.51 16.495 16.47 16.445 16.42 16.395 16.375 16.34 16.293 16.248 16.2 16.163 16.148 16.145 16.14 16.13 16.115 16.095 16.08 16.07 16.057 16.042 16.03 16.017 15.985 15.9
15.985 16.102 16.15 16.14 16.133 16.143 16.17 16.203 16.238 16.265 16.275 16.278 16.288 16.3 16.302 16.295 16.29 16.29 16.27 16.233 16.197 16.16 16.13 16.115 16.11 16.108 16.135 16.195 16.253 16.31 16.368 16.402 16.42 16.443 16.48 16.53 16.58 16.627 16.645 16.62 16.583 16.545 16.515 16.53 16.568 16.578 16.58 16.59 16.6 16.607 16.602 16.582 16.555 16.525 16.495 16.46 16.42 16.377 16.335 16.293 16.267 16.255 16.235 16.202 16.168 16.145 16.125 16.108 16.095 16.083 16.07 16.057 16.035 15.99 15.9
16.007 16.13 16.18 16.173 16.175 16.193 16.22 16.25 16.27 16.283 16.3 16.315 16.325 16.335 16.337 16.328 16.318 16.312 16.292 16.257 16.22 16.18 16.14 16.115 16.11 16.115 16.16 16.23 16.293 16.355 16.413 16.452 16.478 16.51 16.558 16.61 16.66 16.7 16.7 16.665 16.628 16.59 16.57 16.595 16.643 16.673 16.685 16.693 16.7 16.708 16.707 16.69 16.655 16.617 16.58 16.54 16.5 16.46 16.42 16.382 16.357 16.335 16.297 16.25 16.208 16.18 16.157 16.135 16.12 16.108 16.095 16.075 16.04 15.99 15.9
16.032 16.157 16.21 16.21 16.225 16.248 16.275 16.297 16.302 16.305 16.325 16.35 16.365 16.375 16.375 16.362 16.35 16.337 16.312 16.275 16.235 16.192 16.148 16.118 16.115 16.13 16.198 16.29 16.358 16.422 16.475 16.508 16.543 16.59 16.645 16.7 16.747 16.767 16.752 16.72 16.683 16.663 16.675 16.712 16.755 16.782 16.795 16.805 16.815 16.82 16.815 16.787 16.745 16.705 16.665 16.625 16.583 16.54 16.5 16.46 16.425 16.392 16.35 16.3 16.253 16.218 16.19 16.165 16.147 16.132 16.115 16.082 16.037 15.987 15.897
16.06 16.182 16.242 16.255 16.275 16.3 16.325 16.332 16.328 16.328 16.345 16.375 16.397 16.41 16.41 16.395 16.38 16.365 16.332 16.29 16.25 16.208 16.175 16.155 16.14 16.148 16.225 16.34 16.422 16.487 16.535 16.573 16.623 16.678 16.735 16.79 16.825 16.827 16.807 16.778 16.755 16.765 16.792 16.825 16.857 16.878 16.892 16.907 16.922 16.932 16.922 16.887 16.842 16.797 16.752 16.71 16.665 16.617 16.575 16.53 16.485 16.442 16.395 16.345 16.295 16.253 16.223 16.198 16.175 16.155 16.125 16.082 16.035 15.982 15.892
16.085 16.2 16.272 16.305 16.33 16.35 16.36 16.358 16.355 16.358 16.375 16.405 16.433 16.448 16.443 16.425 16.408 16.39 16.358 16.318 16.285 16.263 16.258 16.247 16.21 16.188 16.25 16.37 16.477 16.552 16.603 16.655 16.71 16.765 16.825 16.875 16.89 16.88 16.863 16.848 16.858 16.882 16.907 16.937 16.962 16.975 16.987 16.995 16.997 16.997 16.99 16.967 16.925 16.877 16.83 16.785 16.74 16.69 16.637 16.58 16.527 16.482 16.435 16.385 16.335 16.295 16.268 16.24 16.213 16.178 16.13 16.08 16.03 15.977 15.882
16.09 16.2 16.28 16.327 16.37 16.402 16.418 16.423 16.428 16.435 16.455 16.485 16.513 16.517 16.498 16.473 16.448 16.425 16.398 16.37 16.358 16.36 16.37 16.36 16.315 16.285 16.34 16.45 16.558 16.64 16.698 16.755 16.81 16.865 16.922 16.957 16.958 16.945 16.93 16.928 16.95 16.977 17.005 17.032 17.047 17.052 17.052 17.045 17.032 17.018 17.012 17.01 16.985 16.942 16.897 16.852 16.802 16.737 16.66 16.59 16.548 16.512 16.465 16.415 16.37 16.353 16.343 16.315 16.29 16.253 16.2 16.145 16.09 16.002 15.872
16.08 16.19 16.27 16.32 16.372 16.432 16.492 16.53 16.545 16.558 16.578 16.605 16.617 16.6 16.57 16.54 16.51 16.483 16.465 16.46 16.465 16.475 16.485 16.472 16.433 16.423 16.49 16.592 16.682 16.76 16.823 16.878 16.932 16.982 17.022 17.045 17.048 17.04 17.023 17.005 17.013 17.04 17.07 17.09 17.092 17.092 17.082 17.063 17.048 17.035 17.03 17.035 17.035 17.005 16.96 16.907 16.832 16.74 16.645 16.585 16.565 16.535 16.485 16.435 16.413 16.433 16.44 16.418 16.405 16.382 16.333 16.275 16.22 16.06 15.855
16.07 16.177 16.257 16.31 16.358 16.425 16.515 16.59 16.645 16.68 16.7 16.715 16.705 16.675 16.645 16.61 16.57 16.53 16.542 16.577 16.583 16.59 16.6 16.585 16.555 16.568 16.638 16.727 16.812 16.892 16.957 17.012 17.06 17.092 17.115 17.135 17.147 17.145 17.127 17.098 17.078 17.088 17.115 17.127 17.12 17.118 17.107 17.085 17.068 17.053 17.048 17.055 17.062 17.052 17.005 16.925 16.825 16.72 16.633 16.59 16.58 16.552 16.505 16.475 16.49 16.53 16.54 16.525 16.525 16.517 16.47 16.407 16.317 16.085 15.825
16.06 16.162 16.245 16.297 16.34 16.405 16.495 16.585 16.675 16.75 16.797 16.805 16.78 16.747 16.705 16.655 16.602 16.555 16.6 16.687 16.71 16.71 16.715 16.705 16.685 16.705 16.772 16.855 16.94 17.025 17.087 17.13 17.16 17.18 17.2 17.22 17.237 17.245 17.232 17.2 17.165 17.148 17.155 17.162 17.155 17.147 17.135 17.112 17.09 17.07 17.06 17.06 17.055 17.045 16.99 16.89 16.787 16.688 16.62 16.598 16.59 16.568 16.54 16.548 16.585 16.628 16.645 16.643 16.648 16.65 16.607 16.537 16.377 16.078 15.798
