EGM722_Project_Data/DTM_asc/TL4656.asc
ncols         200
nrows         200
xllcorner     546000.000
yllcorner     256000.000
cellsize      5
NODATA_value  -9999.0
[rows 33 to 65 of 200, columns 75 to 149 of 200]
16.78 16.933 17.035 17.087 17.145 17.207 17.255 17.267 17.265 17.265 17.26 17.248 17.24 17.237 17.232 17.207 17.157 17.097 17.017 16.933 16.863 16.8 16.753 16.745 16.78 16.83 16.875 16.867 16.81 16.75 16.697 16.652 16.607 16.562 16.515 16.47 16.43 16.39 16.347 16.297 16.238 16.175 16.125 16.09 16.06 16.03 16 15.952 15.87 15.767 15.665 15.525 15.345 15.165 14.982 14.813 14.685 14.582 14.472 14.345 14.205 14.078 13.98 13.895 13.81 13.725 13.64 13.57 13.51 13.448 13.37 13.25 13.1 12.938 12.813
16.763 16.925 17.035 17.092 17.15 17.202 17.237 17.247 17.243 17.24 17.235 17.228 17.223 17.22 17.217 17.192 17.142 17.085 17.02 16.947 16.88 16.818 16.758 16.718 16.71 16.74 16.787 16.782 16.728 16.675 16.635 16.605 16.57 16.527 16.482 16.44 16.397 16.355 16.312 16.272 16.225 16.163 16.105 16.065 16.035 16.005 15.975 15.912 15.797 15.675 15.565 15.407 15.21 15.025 14.848 14.69 14.575 14.478 14.375 14.252 14.11 13.98 13.875 13.785 13.698 13.618 13.545 13.48 13.42 13.358 13.275 13.15 13.003 12.86 12.753
16.82 16.957 17.03 17.09 17.145 17.185 17.217 17.235 17.23 17.228 17.227 17.22 17.21 17.205 17.202 17.177 17.127 17.07 17 16.935 16.887 16.832 16.773 16.725 16.688 16.673 16.7 16.697 16.65 16.615 16.59 16.565 16.53 16.48 16.427 16.387 16.35 16.31 16.268 16.237 16.21 16.157 16.103 16.065 16.035 16.005 15.975 15.887 15.723 15.565 15.445 15.285 15.078 14.883 14.703 14.558 14.463 14.38 14.282 14.157 14.013 13.878 13.77 13.683 13.605 13.543 13.485 13.425 13.362 13.287 13.187 13.065 12.932 12.793 12.673
16.87 16.962 17.025 17.082 17.13 17.165 17.2 17.22 17.22 17.223 17.227 17.222 17.208 17.195 17.187 17.162 17.107 17.027 16.925 16.865 16.86 16.84 16.787 16.735 16.695 16.655 16.638 16.623 16.593 16.57 16.548 16.522 16.485 16.425 16.363 16.323 16.295 16.262 16.223 16.195 16.182 16.147 16.1 16.065 16.035 16.003 15.972 15.875 15.685 15.488 15.335 15.17 14.958 14.75 14.558 14.423 14.345 14.275 14.187 14.062 13.915 13.775 13.668 13.593 13.538 13.49 13.437 13.375 13.297 13.207 13.097 12.975 12.85 12.72 12.593
16.89 16.958 17.023 17.075 17.115 17.153 17.19 17.213 17.218 17.223 17.228 17.227 17.215 17.195 17.18 17.137 17.052 16.943 16.823 16.773 16.795 16.812 16.792 16.747 16.705 16.662 16.618 16.583 16.558 16.533 16.505 16.477 16.432 16.365 16.3 16.258 16.233 16.205 16.175 16.155 16.145 16.127 16.097 16.065 16.032 15.997 15.965 15.855 15.655 15.44 15.245 15.057 14.848 14.638 14.438 14.303 14.23 14.163 14.085 13.965 13.818 13.688 13.598 13.54 13.493 13.445 13.387 13.31 13.217 13.122 13.01 12.885 12.763 12.638 12.51
16.9 16.97 17.037 17.087 17.123 17.16 17.2 17.225 17.23 17.235 17.24 17.24 17.235 17.22 17.2 17.122 16.995 16.875 16.76 16.715 16.735 16.757 16.767 16.75 16.712 16.665 16.615 16.573 16.54 16.51 16.48 16.442 16.383 16.31 16.245 16.2 16.175 16.15 16.128 16.115 16.105 16.092 16.07 16.04 16.005 15.97 15.907 15.767 15.57 15.355 15.145 14.96 14.77 14.563 14.36 14.218 14.135 14.06 13.985 13.872 13.735 13.633 13.57 13.52 13.47 13.412 13.31 13.192 13.1 13.027 12.942 12.825 12.703 12.578 12.455
16.935 17 17.062 17.11 17.147 17.183 17.22 17.245 17.25 17.255 17.26 17.263 17.265 17.255 17.235 17.137 16.978 16.845 16.73 16.685 16.7 16.715 16.73 16.732 16.707 16.66 16.61 16.565 16.53 16.503 16.475 16.43 16.353 16.268 16.2 16.155 16.128 16.103 16.083 16.07 16.057 16.042 16.02 15.99 15.955 15.892 15.775 15.617 15.435 15.225 15.028 14.867 14.705 14.51 14.303 14.153 14.06 13.978 13.9 13.793 13.68 13.61 13.56 13.51 13.455 13.347 13.178 13.043 12.975 12.943 12.892 12.79 12.667 12.545 12.423
16.975 17.032 17.09 17.132 17.17 17.207 17.242 17.265 17.27 17.275 17.28 17.285 17.292 17.287 17.267 17.16 16.973 16.818 16.7 16.655 16.67 16.682 16.695 16.7 16.685 16.647 16.602 16.56 16.525 16.498 16.472 16.427 16.34 16.24 16.163 16.115 16.085 16.058 16.038 16.022 16.005 15.988 15.967 15.94 15.882 15.765 15.612 15.457 15.292 15.098 14.913 14.76 14.61 14.445 14.25 14.093 13.995 13.907 13.82 13.73 13.657 13.602 13.55 13.5 13.4 13.21 13.02 12.92 12.89 12.875 12.84 12.755 12.632 12.51 12.385
17.007 17.055 17.095 17.135 17.185 17.23 17.267 17.287 17.292 17.298 17.302 17.308 17.315 17.317 17.295 17.175 16.975 16.798 16.668 16.623 16.637 16.647 16.655 16.66 16.652 16.627 16.59 16.552 16.523 16.495 16.47 16.425 16.335 16.23 16.143 16.088 16.05 16.013 15.988 15.973 15.955 15.935 15.915 15.867 15.757 15.608 15.45 15.293 15.138 14.968 14.8 14.65 14.503 14.355 14.188 14.038 13.932 13.837 13.738 13.65 13.592 13.542 13.492 13.44 13.305 13.088 12.903 12.823 12.812 12.802 12.785 12.715 12.592 12.47 12.345
17.02 17.055 17.075 17.105 17.165 17.227 17.282 17.31 17.315 17.32 17.325 17.332 17.337 17.342 17.315 17.185 16.987 16.795 16.643 16.59 16.602 16.61 16.615 16.62 16.62 16.602 16.568 16.54 16.522 16.503 16.48 16.435 16.347 16.245 16.163 16.108 16.063 16.008 15.96 15.938 15.92 15.9 15.872 15.792 15.648 15.488 15.33 15.173 15.018 14.86 14.705 14.555 14.408 14.26 14.11 13.973 13.858 13.755 13.65 13.538 13.455 13.407 13.365 13.305 13.195 13.027 12.835 12.73 12.717 12.71 12.692 12.622 12.5 12.375 12.252
17.02 17.047 17.06 17.075 17.118 17.187 17.237 17.24 17.237 17.247 17.257 17.27 17.277 17.282 17.255 17.132 16.95 16.767 16.61 16.553 16.565 16.57 16.575 16.58 16.585 16.575 16.545 16.528 16.522 16.512 16.495 16.452 16.37 16.28 16.213 16.16 16.107 16.032 15.958 15.92 15.897 15.87 15.83 15.745 15.598 15.425 15.26 15.103 14.945 14.785 14.63 14.48 14.33 14.183 14.045 13.913 13.78 13.665 13.56 13.435 13.32 13.255 13.21 13.14 13.05 12.94 12.782 12.653 12.613 12.597 12.565 12.492 12.368 12.228 12.1
17.015 17.035 17.045 17.055 17.075 17.11 17.115 17.078 17.053 17.055 17.07 17.082 17.085 17.082 17.06 16.955 16.787 16.637 16.515 16.473 16.495 16.512 16.527 16.537 16.545 16.542 16.525 16.515 16.515 16.512 16.505 16.47 16.398 16.325 16.265 16.207 16.137 16.045 15.953 15.897 15.865 15.822 15.777 15.707 15.57 15.388 15.21 15.04 14.875 14.715 14.558 14.405 14.26 14.125 14 13.87 13.725 13.59 13.473 13.345 13.213 13.115 13.048 12.97 12.88 12.79 12.685 12.568 12.5 12.47 12.43 12.365 12.247 12.1 11.96
17.007 17.02 17.028 17.035 17.043 17.045 17.02 16.963 16.903 16.865 16.855 16.853 16.843 16.828 16.81 16.733 16.6 16.483 16.385 16.355 16.385 16.415 16.443 16.465 16.485 16.5 16.502 16.5 16.5 16.5 16.5 16.482 16.432 16.37 16.31 16.237 16.142 16.035 15.93 15.85 15.797 15.755 15.717 15.67 15.547 15.362 15.178 14.995 14.813 14.642 14.485 14.335 14.203 14.08 13.96 13.827 13.68 13.535 13.398 13.26 13.123 12.998 12.898 12.81 12.723 12.635 12.545 12.455 12.388 12.345 12.303 12.245 12.14 11.998 11.858
16.995 17.005 17.01 17.015 17.02 17.017 16.987 16.92 16.843 16.778 16.735 16.715 16.7 16.678 16.653 16.62 16.55 16.445 16.345 16.303 16.31 16.33 16.363 16.395 16.425 16.455 16.472 16.477 16.477 16.475 16.475 16.467 16.43 16.37 16.302 16.212 16.105 15.992 15.882 15.773 15.69 15.65 15.62 15.582 15.492 15.335 15.152 14.967 14.75 14.553 14.405 14.267 14.145 14.022 13.9 13.767 13.622 13.477 13.33 13.188 13.05 12.915 12.793 12.685 12.595 12.51 12.423 12.345 12.285 12.238 12.192 12.137 12.042 11.91 11.775
16.972 16.985 16.99 16.995 16.997 16.99 16.962 16.9 16.828 16.768 16.715 16.678 16.652 16.622 16.585 16.577 16.565 16.485 16.388 16.335 16.318 16.31 16.323 16.35 16.38 16.41 16.432 16.445 16.45 16.45 16.447 16.432 16.39 16.322 16.24 16.147 16.045 15.935 15.827 15.705 15.585 15.52 15.49 15.445 15.377 15.275 15.122 14.942 14.683 14.445 14.31 14.185 14.067 13.945 13.817 13.687 13.552 13.41 13.263 13.123 12.988 12.858 12.73 12.603 12.493 12.4 12.315 12.243 12.185 12.135 12.09 12.032 11.942 11.825 11.698
16.945 16.962 16.97 16.975 16.975 16.962 16.937 16.885 16.82 16.762 16.705 16.658 16.605 16.55 16.513 16.51 16.53 16.505 16.438 16.39 16.368 16.343 16.328 16.325 16.338 16.365 16.387 16.4 16.41 16.42 16.422 16.4 16.342 16.26 16.173 16.085 15.985 15.878 15.775 15.655 15.515 15.41 15.358 15.305 15.232 15.155 15.052 14.907 14.643 14.365 14.21 14.093 13.98 13.862 13.735 13.605 13.472 13.335 13.197 13.062 12.93 12.802 12.675 12.543 12.415 12.303 12.208 12.138 12.085 12.035 11.987 11.922 11.83 11.727 11.618
16.923 16.935 16.948 16.955 16.952 16.937 16.915 16.872 16.815 16.755 16.695 16.652 16.612 16.52 16.438 16.435 16.462 16.48 16.467 16.44 16.417 16.395 16.372 16.347 16.335 16.338 16.345 16.355 16.365 16.38 16.392 16.362 16.288 16.2 16.113 16.025 15.925 15.82 15.72 15.602 15.465 15.33 15.233 15.162 15.085 15.005 14.927 14.832 14.62 14.325 14.125 14.008 13.89 13.773 13.653 13.525 13.39 13.252 13.115 12.982 12.86 12.737 12.615 12.487 12.355 12.228 12.113 12.035 11.988 11.94 11.89 11.817 11.72 11.623 11.528
16.94 16.938 16.94 16.94 16.93 16.915 16.897 16.857 16.8 16.74 16.68 16.643 16.635 16.567 16.423 16.365 16.405 16.445 16.467 16.452 16.422 16.4 16.377 16.355 16.332 16.318 16.32 16.33 16.34 16.353 16.36 16.33 16.262 16.18 16.09 16.002 15.87 15.728 15.625 15.507 15.367 15.222 15.098 15.007 14.93 14.85 14.778 14.72 14.607 14.343 14.103 13.98 13.855 13.733 13.59 13.438 13.302 13.152 13 12.87 12.755 12.645 12.54 12.422 12.29 12.16 12.035 11.95 11.903 11.855 11.802 11.725 11.625 11.528 11.45
16.99 16.98 16.968 16.95 16.92 16.895 16.88 16.84 16.78 16.722 16.665 16.63 16.625 16.612 16.52 16.423 16.405 16.433 16.467 16.445 16.395 16.365 16.343 16.32 16.303 16.3 16.31 16.32 16.33 16.335 16.327 16.297 16.247 16.182 16.102 16.002 15.82 15.62 15.495 15.372 15.225 15.08 14.945 14.843 14.77 14.71 14.665 14.628 14.57 14.375 14.14 14 13.877 13.73 13.535 13.35 13.202 13.035 12.878 12.753 12.635 12.543 12.46 12.35 12.222 12.095 11.968 11.878 11.827 11.777 11.717 11.635 11.538 11.455 11.4
17.042 17.027 17.01 16.985 16.94 16.893 16.863 16.82 16.763 16.707 16.65 16.618 16.612 16.61 16.595 16.545 16.493 16.483 16.487 16.452 16.39 16.34 16.308 16.29 16.285 16.29 16.3 16.31 16.315 16.307 16.287 16.252 16.21 16.165 16.107 15.985 15.77 15.538 15.37 15.235 15.088 14.943 14.8 14.703 14.655 14.625 14.605 14.562 14.49 14.372 14.187 14.02 13.88 13.69 13.468 13.27 13.09 12.908 12.76 12.648 12.55 12.462 12.367 12.262 12.152 12.032 11.905 11.808 11.75 11.695 11.63 11.548 11.465 11.408 11.363
17.09 17.07 17.05 17.022 16.975 16.915 16.858 16.803 16.747 16.69 16.628 16.598 16.595 16.59 16.585 16.57 16.55 16.525 16.5 16.46 16.397 16.333 16.288 16.275 16.275 16.28 16.288 16.29 16.285 16.27 16.245 16.21 16.167 16.125 16.08 15.947 15.717 15.473 15.268 15.115 14.978 14.838 14.698 14.615 14.59 14.572 14.547 14.49 14.41 14.33 14.195 14.027 13.847 13.627 13.397 13.175 12.957 12.777 12.652 12.545 12.447 12.34 12.22 12.112 12.017 11.917 11.812 11.73 11.667 11.605 11.543 11.478 11.42 11.372 11.325
17.188 17.138 17.093 17.055 17 16.93 16.855 16.788 16.73 16.667 16.6 16.568 16.57 16.567 16.56 16.545 16.525 16.505 16.49 16.457 16.397 16.335 16.295 16.285 16.285 16.288 16.285 16.273 16.258 16.24 16.205 16.16 16.117 16.073 16.027 15.89 15.655 15.413 15.198 15.035 14.9 14.765 14.63 14.553 14.53 14.515 14.515 14.485 14.408 14.323 14.185 13.992 13.78 13.547 13.312 13.075 12.677 11.99 11.695 11.925 12.13 12.16 12.04 11.925 11.822 11.727 11.535 11.415 11.462 11.495 11.475 11.42 11.372 11.322 11.265
17.335 17.295 17.218 17.143 17.04 16.933 16.845 16.773 16.708 16.64 16.57 16.533 16.535 16.54 16.535 16.52 16.503 16.49 16.48 16.452 16.395 16.343 16.323 16.32 16.317 16.31 16.292 16.27 16.247 16.215 16.16 16.103 16.06 16.017 15.97 15.825 15.585 15.348 15.14 14.978 14.835 14.698 14.563 14.485 14.47 14.463 14.49 14.535 14.525 14.395 14.145 13.89 13.667 13.44 13.212 13 12.28 11.076 10.633 10.913 11.158 11.225 11.143 11.063 11.025 11.008 10.903 10.893 11.05 11.195 11.283 11.317 11.305 11.247 11.183
17.437 17.48 17.432 17.322 17.175 17.015 16.857 16.755 16.695 16.623 16.55 16.505 16.498 16.505 16.51 16.5 16.487 16.48 16.47 16.445 16.4 16.368 16.357 16.352 16.34 16.32 16.297 16.27 16.23 16.175 16.11 16.045 15.995 15.955 15.897 15.745 15.512 15.28 15.078 14.92 14.777 14.635 14.498 14.423 14.418 14.42 14.443 14.522 14.345 13.812 13.32 13.098 13.045 12.992 12.94 12.902 11.903 10.714 10.513 10.508 10.488 10.455 10.41 10.365 10.365 10.415 10.52 10.675 10.835 10.993 11.145 11.252 11.242 11.163 11.095
17.5 17.595 17.625 17.525 17.312 17.045 16.813 16.733 16.71 16.638 16.563 16.51 16.495 16.498 16.498 16.483 16.47 16.465 16.457 16.44 16.412 16.39 16.367 16.345 16.322 16.302 16.285 16.25 16.19 16.122 16.057 15.99 15.93 15.87 15.79 15.637 15.417 15.193 14.998 14.845 14.707 14.567 14.433 14.368 14.37 14.377 14.362 14.182 13.595 12.818 12.358 12.29 12.39 12.51 12.63 12.747 12.23 11.63 11.58 11.068 10.581 10.57 10.548 10.515 10.483 10.503 10.61 10.765 10.923 11.075 11.195 11.25 11.207 11.108 11.02
17.535 17.637 17.692 17.565 17.262 16.915 16.69 16.678 16.712 16.672 16.598 16.545 16.53 16.527 16.51 16.47 16.44 16.432 16.43 16.42 16.397 16.367 16.33 16.292 16.263 16.245 16.23 16.192 16.132 16.065 16 15.935 15.852 15.755 15.66 15.512 15.3 15.088 14.908 14.758 14.617 14.48 14.358 14.308 14.312 14.27 14.135 13.725 13.02 12.395 12.158 12.173 12.215 12.305 12.425 12.545 12.642 12.629 12.527 11.96 11.418 11.365 11.312 11.25 10.925 10.65 10.73 10.875 11.027 11.145 11.202 11.225 11.187 11.085 10.98
17.527 17.605 17.595 17.412 17.095 16.75 16.565 16.593 16.662 16.682 16.632 16.58 16.565 16.555 16.525 16.47 16.413 16.39 16.39 16.377 16.35 16.315 16.275 16.235 16.198 16.17 16.15 16.115 16.065 16.005 15.937 15.867 15.76 15.633 15.53 15.387 15.18 14.985 14.825 14.675 14.525 14.38 14.273 14.222 14.147 13.975 13.74 13.422 12.85 12.295 12.12 12.12 12.12 12.148 12.218 12.32 12.435 12.445 12.347 12.242 12.137 12.032 11.927 11.819 11.442 10.97 10.863 10.98 11.097 11.152 11.175 11.195 11.162 11.065 10.96
17.487 17.492 17.4 17.212 16.92 16.59 16.448 16.508 16.582 16.645 16.65 16.615 16.592 16.57 16.535 16.477 16.405 16.358 16.345 16.33 16.297 16.26 16.22 16.18 16.14 16.103 16.073 16.035 15.99 15.94 15.875 15.79 15.665 15.523 15.402 15.26 15.07 14.895 14.745 14.592 14.437 14.288 14.145 13.998 13.793 13.54 13.29 13.04 12.612 12.195 12.08 12.08 12.08 12.08 12.093 12.135 12.22 12.245 12.163 12.06 11.96 11.858 11.753 11.638 11.5 11.232 11.025 11.047 11.1 11.125 11.145 11.167 11.14 11.045 10.94
17.392 17.305 17.18 17.005 16.735 16.448 16.353 16.425 16.5 16.575 16.63 16.64 16.612 16.58 16.545 16.485 16.41 16.345 16.305 16.28 16.242 16.2 16.16 16.12 16.08 16.04 16.005 15.965 15.918 15.868 15.807 15.71 15.57 15.423 15.285 15.138 14.973 14.815 14.66 14.5 14.343 14.203 14.053 13.84 13.568 13.275 12.985 12.695 12.353 12.1 12.045 12.045 12.045 12.045 12.045 12.045 12.07 12.07 11.995 11.898 11.8 11.7 11.6 11.49 11.365 11.232 11.105 11.038 11.04 11.062 11.087 11.115 11.095 11.01 10.912
17.215 17.085 16.958 16.795 16.583 16.408 16.383 16.46 16.54 16.603 16.645 16.657 16.63 16.59 16.542 16.477 16.405 16.337 16.275 16.225 16.182 16.14 16.097 16.055 16.015 15.978 15.953 15.92 15.867 15.807 15.74 15.632 15.485 15.335 15.19 15.038 14.875 14.717 14.555 14.39 14.238 14.128 14.027 13.865 13.632 13.335 13.005 12.675 12.345 12.138 12.073 12.048 12.045 12.045 12.045 12.045 12.032 11.983 11.898 11.805 11.713 11.618 11.523 11.423 11.313 11.193 11.073 10.995 10.97 10.973 10.995 11.025 11.012 10.937 10.853
17.058 16.925 16.795 16.675 16.588 16.555 16.577 16.622 16.662 16.685 16.687 16.677 16.642 16.585 16.52 16.452 16.385 16.315 16.243 16.175 16.12 16.075 16.032 15.988 15.948 15.923 15.915 15.885 15.82 15.747 15.67 15.557 15.41 15.263 15.117 14.957 14.78 14.605 14.435 14.273 14.15 14.08 13.995 13.86 13.697 13.49 13.202 12.87 12.545 12.32 12.21 12.14 12.093 12.07 12.07 12.065 12.022 11.94 11.85 11.76 11.67 11.58 11.49 11.39 11.277 11.155 11.038 10.968 10.933 10.905 10.9 10.92 10.912 10.845 10.775
16.98 16.855 16.763 16.7 16.672 16.685 16.71 16.717 16.712 16.71 16.705 16.682 16.63 16.562 16.495 16.427 16.357 16.283 16.21 16.14 16.073 16.013 15.965 15.923 15.89 15.883 15.877 15.83 15.75 15.67 15.59 15.485 15.345 15.197 15.05 14.882 14.695 14.508 14.325 14.18 14.098 14.045 13.96 13.827 13.68 13.53 13.332 13.055 12.748 12.52 12.4 12.31 12.22 12.153 12.11 12.062 11.987 11.898 11.81 11.72 11.63 11.54 11.452 11.347 11.227 11.11 11.003 10.94 10.905 10.868 10.838 10.828 10.81 10.758 10.705
16.935 16.86 16.823 16.777 16.72 16.705 16.727 16.735 16.73 16.73 16.717 16.67 16.6 16.532 16.467 16.397 16.323 16.25 16.18 16.11 16.04 15.97 15.905 15.865 15.853 15.855 15.83 15.757 15.675 15.593 15.51 15.412 15.28 15.13 14.975 14.8 14.61 14.417 14.225 14.078 14.03 14.01 13.925 13.792 13.645 13.497 13.35 13.165 12.927 12.717 12.587 12.485 12.372 12.26 12.152 12.048 11.95 11.865 11.78 11.69 11.6 11.51 11.415 11.297 11.165 11.05 10.965 10.913 10.875 10.84 10.805 10.773 10.735 10.683 10.635
