EGM722_Project_Data/DTM_asc/TL4657.asc
ncols         200
nrows         200
xllcorner     546000.000
yllcorner     257000.000
cellsize      5
NODATA_value  -9999.0
[rows 64 to 95 of 200, columns 0 to 72 of 200]
15.277 15.325 15.312 15.277 15.237 15.182 15.12 15.063 15.025 15 14.983 15 15.05 15.113 15.172 15.225 15.275 15.31 15.305 15.28 15.285 15.318 15.368 15.435 15.5 15.542 15.57 15.59 15.597 15.595 15.575 15.545 15.565 15.56 15.505 15.503 15.525 15.545 15.555 15.547 15.512 15.432 15.378 15.36 15.315 15.283 15.275 15.27 15.267 15.252 15.228 15.225 15.27 15.345 15.49 15.705 15.922 16.15 16.29 16.317 16.335 16.347 16.34 16.317 16.285 16.245 16.205 16.165 16.125 16.088 16.065 16.05 16.022
15.285 15.325 15.307 15.272 15.235 15.192 15.145 15.105 15.078 15.05 15.02 15.003 15.023 15.078 15.135 15.185 15.235 15.285 15.32 15.34 15.365 15.395 15.438 15.497 15.547 15.567 15.575 15.56 15.52 15.478 15.433 15.39 15.435 15.507 15.502 15.5 15.52 15.54 15.557 15.54 15.457 15.34 15.28 15.288 15.285 15.268 15.255 15.248 15.243 15.233 15.238 15.285 15.352 15.43 15.575 15.777 15.977 16.182 16.3 16.315 16.328 16.337 16.318 16.278 16.24 16.2 16.16 16.12 16.083 16.05 16.028 16.01 15.993
15.29 15.322 15.297 15.26 15.222 15.188 15.167 15.155 15.13 15.1 15.07 15.04 15.025 15.048 15.095 15.148 15.205 15.263 15.318 15.367 15.412 15.457 15.507 15.547 15.565 15.567 15.565 15.543 15.493 15.44 15.388 15.338 15.36 15.443 15.48 15.488 15.502 15.517 15.532 15.505 15.405 15.298 15.258 15.273 15.295 15.29 15.265 15.248 15.233 15.235 15.275 15.335 15.392 15.46 15.585 15.762 15.95 16.167 16.307 16.332 16.345 16.347 16.312 16.258 16.215 16.175 16.135 16.095 16.06 16.03 16.005 15.988 15.973
15.267 15.31 15.287 15.24 15.205 15.175 15.175 15.19 15.18 15.155 15.125 15.095 15.065 15.055 15.083 15.135 15.198 15.26 15.32 15.37 15.415 15.472 15.532 15.555 15.55 15.553 15.56 15.56 15.527 15.473 15.42 15.383 15.385 15.433 15.475 15.488 15.483 15.475 15.48 15.467 15.395 15.328 15.318 15.33 15.35 15.345 15.315 15.29 15.268 15.265 15.295 15.34 15.393 15.455 15.56 15.72 15.92 16.16 16.312 16.347 16.365 16.362 16.32 16.255 16.203 16.16 16.12 16.083 16.05 16.023 16 15.983 15.968
15.225 15.287 15.29 15.235 15.188 15.163 15.17 15.197 15.215 15.21 15.185 15.155 15.123 15.098 15.108 15.15 15.205 15.265 15.322 15.37 15.41 15.46 15.515 15.535 15.533 15.54 15.55 15.56 15.55 15.507 15.46 15.433 15.425 15.458 15.5 15.515 15.51 15.488 15.468 15.445 15.408 15.385 15.385 15.393 15.407 15.4 15.373 15.353 15.335 15.32 15.32 15.34 15.39 15.46 15.543 15.683 15.903 16.16 16.317 16.36 16.382 16.38 16.335 16.262 16.195 16.145 16.105 16.073 16.045 16.02 15.997 15.975 15.963
15.183 15.25 15.29 15.255 15.185 15.153 15.165 15.195 15.225 15.245 15.237 15.21 15.175 15.145 15.15 15.183 15.223 15.273 15.323 15.368 15.41 15.453 15.498 15.518 15.52 15.53 15.54 15.55 15.555 15.535 15.505 15.485 15.47 15.488 15.52 15.54 15.555 15.55 15.52 15.485 15.468 15.463 15.46 15.463 15.467 15.457 15.435 15.42 15.405 15.39 15.375 15.36 15.393 15.465 15.538 15.663 15.885 16.152 16.31 16.342 16.352 16.34 16.297 16.237 16.175 16.125 16.09 16.062 16.035 16.01 15.985 15.962 15.955
15.153 15.21 15.27 15.275 15.208 15.165 15.18 15.21 15.24 15.267 15.275 15.255 15.223 15.193 15.195 15.225 15.258 15.3 15.35 15.398 15.44 15.48 15.513 15.52 15.52 15.528 15.535 15.545 15.555 15.552 15.547 15.54 15.525 15.528 15.543 15.56 15.578 15.59 15.587 15.572 15.56 15.547 15.537 15.532 15.53 15.52 15.502 15.487 15.472 15.45 15.402 15.368 15.4 15.47 15.543 15.635 15.815 16.075 16.212 16.212 16.202 16.175 16.132 16.095 16.067 16.045 16.027 16.005 15.977 15.952 15.937 15.927 15.917
15.15 15.203 15.26 15.282 15.232 15.183 15.202 15.242 15.27 15.292 15.3 15.292 15.27 15.238 15.238 15.27 15.308 15.36 15.42 15.475 15.523 15.565 15.582 15.565 15.543 15.535 15.54 15.55 15.557 15.55 15.57 15.597 15.588 15.583 15.593 15.608 15.623 15.638 15.647 15.635 15.615 15.6 15.585 15.575 15.577 15.58 15.568 15.552 15.527 15.47 15.378 15.35 15.41 15.48 15.547 15.61 15.723 15.937 16.055 16.018 15.983 15.96 15.94 15.928 15.925 15.928 15.925 15.905 15.88 15.868 15.875 15.872 15.853
15.163 15.215 15.267 15.28 15.24 15.188 15.205 15.267 15.3 15.312 15.317 15.32 15.312 15.285 15.283 15.32 15.37 15.433 15.497 15.56 15.617 15.667 15.675 15.64 15.6 15.57 15.558 15.56 15.552 15.518 15.545 15.622 15.647 15.65 15.665 15.682 15.698 15.712 15.712 15.678 15.64 15.62 15.605 15.6 15.615 15.637 15.635 15.602 15.537 15.44 15.333 15.333 15.42 15.49 15.552 15.61 15.68 15.827 15.915 15.873 15.843 15.828 15.818 15.815 15.815 15.82 15.822 15.805 15.79 15.805 15.825 15.815 15.79
15.177 15.227 15.267 15.262 15.227 15.185 15.198 15.272 15.317 15.325 15.33 15.335 15.335 15.325 15.333 15.38 15.442 15.505 15.565 15.625 15.682 15.712 15.7 15.672 15.645 15.615 15.592 15.58 15.54 15.478 15.5 15.6 15.675 15.712 15.737 15.757 15.772 15.79 15.777 15.725 15.673 15.64 15.628 15.633 15.655 15.682 15.672 15.605 15.505 15.395 15.3 15.328 15.43 15.497 15.555 15.61 15.67 15.755 15.803 15.798 15.803 15.793 15.77 15.753 15.74 15.73 15.72 15.713 15.725 15.76 15.777 15.76 15.733
15.177 15.232 15.257 15.232 15.195 15.175 15.198 15.262 15.312 15.325 15.33 15.335 15.337 15.343 15.368 15.422 15.482 15.54 15.595 15.642 15.665 15.642 15.607 15.59 15.575 15.562 15.567 15.57 15.53 15.463 15.48 15.58 15.67 15.732 15.77 15.795 15.82 15.845 15.827 15.772 15.715 15.668 15.655 15.662 15.67 15.675 15.642 15.56 15.457 15.353 15.283 15.335 15.437 15.5 15.558 15.62 15.69 15.74 15.76 15.773 15.785 15.785 15.77 15.748 15.723 15.698 15.67 15.668 15.7 15.737 15.742 15.715 15.685
15.142 15.205 15.222 15.19 15.17 15.183 15.21 15.255 15.297 15.312 15.32 15.328 15.338 15.35 15.378 15.43 15.485 15.54 15.58 15.585 15.555 15.505 15.463 15.455 15.47 15.49 15.523 15.537 15.515 15.463 15.48 15.575 15.655 15.717 15.76 15.79 15.825 15.852 15.835 15.787 15.737 15.687 15.66 15.647 15.632 15.617 15.577 15.495 15.395 15.315 15.295 15.363 15.453 15.523 15.595 15.67 15.735 15.762 15.763 15.763 15.768 15.772 15.767 15.75 15.725 15.695 15.665 15.665 15.7 15.737 15.732 15.688 15.65
15.1 15.155 15.172 15.16 15.175 15.205 15.232 15.262 15.29 15.305 15.317 15.33 15.343 15.358 15.383 15.43 15.485 15.515 15.505 15.465 15.423 15.388 15.37 15.395 15.443 15.49 15.52 15.513 15.488 15.453 15.475 15.557 15.632 15.702 15.75 15.783 15.817 15.84 15.82 15.773 15.727 15.682 15.643 15.613 15.585 15.56 15.53 15.48 15.42 15.378 15.395 15.458 15.518 15.588 15.67 15.735 15.765 15.77 15.767 15.763 15.76 15.76 15.76 15.75 15.722 15.68 15.653 15.668 15.703 15.74 15.732 15.675 15.625
15.065 15.102 15.13 15.147 15.172 15.197 15.225 15.25 15.26 15.27 15.297 15.327 15.347 15.362 15.385 15.422 15.445 15.43 15.4 15.368 15.34 15.328 15.345 15.39 15.44 15.482 15.52 15.525 15.5 15.478 15.488 15.54 15.61 15.685 15.737 15.772 15.805 15.825 15.805 15.757 15.712 15.667 15.627 15.59 15.54 15.467 15.43 15.445 15.465 15.49 15.535 15.587 15.63 15.68 15.737 15.77 15.775 15.775 15.773 15.768 15.763 15.758 15.755 15.745 15.713 15.663 15.643 15.67 15.707 15.742 15.73 15.67 15.613
14.992 15.027 15.08 15.12 15.14 15.16 15.182 15.202 15.2 15.195 15.222 15.267 15.305 15.335 15.367 15.39 15.378 15.35 15.333 15.315 15.3 15.305 15.335 15.38 15.425 15.453 15.505 15.567 15.575 15.555 15.55 15.573 15.613 15.668 15.722 15.76 15.765 15.74 15.737 15.727 15.682 15.637 15.592 15.522 15.42 15.298 15.253 15.305 15.37 15.487 15.602 15.662 15.71 15.752 15.785 15.795 15.792 15.785 15.785 15.79 15.788 15.783 15.778 15.765 15.73 15.68 15.645 15.653 15.69 15.725 15.725 15.68 15.62
14.888 14.935 15.012 15.07 15.095 15.117 15.14 15.152 15.142 15.125 15.13 15.163 15.205 15.25 15.297 15.327 15.325 15.307 15.29 15.27 15.268 15.29 15.325 15.367 15.4 15.413 15.463 15.56 15.627 15.64 15.64 15.655 15.67 15.693 15.685 15.632 15.555 15.465 15.477 15.545 15.577 15.562 15.482 15.365 15.225 15.1 15.075 15.135 15.25 15.455 15.612 15.685 15.745 15.795 15.822 15.822 15.81 15.79 15.793 15.812 15.825 15.827 15.822 15.81 15.777 15.727 15.673 15.638 15.648 15.682 15.7 15.685 15.642
14.785 14.843 14.932 15.01 15.05 15.073 15.095 15.102 15.087 15.07 15.063 15.068 15.098 15.145 15.195 15.242 15.267 15.262 15.245 15.235 15.25 15.278 15.31 15.342 15.36 15.368 15.418 15.515 15.612 15.687 15.72 15.73 15.74 15.747 15.667 15.423 15.188 15.065 15.07 15.18 15.33 15.395 15.295 15.155 15.015 14.91 14.903 15.008 15.213 15.46 15.615 15.69 15.765 15.827 15.852 15.84 15.817 15.793 15.788 15.81 15.837 15.857 15.865 15.852 15.82 15.772 15.72 15.665 15.63 15.64 15.657 15.66 15.647
14.693 14.755 14.848 14.94 15 15.027 15.05 15.052 15.033 15.015 15.005 14.995 15.003 15.04 15.093 15.145 15.19 15.21 15.205 15.213 15.24 15.268 15.293 15.308 15.315 15.323 15.375 15.48 15.59 15.702 15.767 15.775 15.78 15.787 15.705 15.367 14.95 14.695 14.67 14.83 15.06 15.18 15.092 14.948 14.805 14.718 14.77 14.968 15.22 15.462 15.617 15.693 15.77 15.842 15.867 15.847 15.822 15.795 15.785 15.803 15.83 15.86 15.882 15.875 15.845 15.807 15.757 15.702 15.65 15.62 15.618 15.62 15.62
14.635 14.69 14.765 14.86 14.94 14.982 15.005 15.002 14.978 14.957 14.945 14.933 14.938 14.978 15.03 15.08 15.128 15.175 15.2 15.218 15.253 15.288 15.308 15.31 15.32 15.343 15.388 15.478 15.595 15.715 15.787 15.802 15.81 15.79 15.657 15.347 14.9 14.47 14.365 14.58 14.85 14.977 14.895 14.748 14.603 14.565 14.723 14.973 15.227 15.467 15.62 15.697 15.772 15.84 15.86 15.84 15.817 15.793 15.783 15.798 15.825 15.855 15.877 15.87 15.842 15.81 15.762 15.71 15.655 15.605 15.595 15.605 15.605
14.625 14.673 14.72 14.788 14.87 14.932 14.955 14.947 14.922 14.89 14.868 14.88 14.925 14.99 15.05 15.103 15.16 15.243 15.29 15.285 15.3 15.333 15.353 15.37 15.41 15.455 15.488 15.533 15.615 15.725 15.805 15.83 15.81 15.697 15.47 15.18 14.837 14.408 14.228 14.395 14.64 14.772 14.697 14.555 14.448 14.483 14.702 14.977 15.235 15.472 15.62 15.697 15.77 15.83 15.845 15.823 15.8 15.785 15.783 15.798 15.823 15.85 15.867 15.857 15.827 15.792 15.747 15.692 15.622 15.568 15.575 15.605 15.615
14.627 14.687 14.725 14.76 14.813 14.875 14.905 14.885 14.85 14.815 14.815 14.883 14.97 15.052 15.127 15.198 15.285 15.4 15.457 15.427 15.395 15.4 15.433 15.483 15.547 15.592 15.62 15.645 15.68 15.75 15.825 15.83 15.717 15.507 15.24 14.95 14.66 14.345 14.205 14.293 14.458 14.57 14.518 14.425 14.39 14.423 14.623 14.95 15.242 15.477 15.62 15.692 15.76 15.817 15.83 15.808 15.785 15.78 15.79 15.805 15.823 15.845 15.857 15.842 15.812 15.777 15.73 15.66 15.573 15.525 15.545 15.585 15.612
14.61 14.69 14.745 14.78 14.81 14.85 14.87 14.845 14.813 14.793 14.815 14.892 14.99 15.09 15.185 15.28 15.382 15.492 15.547 15.517 15.467 15.463 15.53 15.622 15.69 15.725 15.75 15.775 15.795 15.825 15.832 15.735 15.53 15.28 15.005 14.735 14.503 14.298 14.228 14.283 14.363 14.425 14.413 14.39 14.39 14.39 14.515 14.83 15.185 15.465 15.617 15.685 15.75 15.805 15.817 15.803 15.793 15.798 15.81 15.823 15.835 15.85 15.85 15.825 15.795 15.76 15.702 15.615 15.518 15.483 15.515 15.555 15.593
14.623 14.71 14.78 14.823 14.855 14.862 14.857 14.85 14.83 14.818 14.835 14.883 14.96 15.065 15.175 15.277 15.382 15.49 15.545 15.523 15.49 15.498 15.583 15.715 15.797 15.825 15.84 15.857 15.872 15.887 15.81 15.588 15.32 15.073 14.848 14.653 14.49 14.33 14.27 14.32 14.363 14.385 14.39 14.39 14.39 14.39 14.43 14.655 15.032 15.37 15.585 15.685 15.75 15.805 15.82 15.813 15.818 15.832 15.845 15.855 15.865 15.862 15.83 15.79 15.757 15.722 15.657 15.563 15.48 15.463 15.5 15.54 15.58
14.68 14.762 14.832 14.877 14.89 14.855 14.84 14.857 14.85 14.843 14.865 14.9 14.945 15.03 15.135 15.218 15.323 15.457 15.537 15.54 15.53 15.543 15.615 15.745 15.842 15.875 15.877 15.882 15.89 15.897 15.77 15.5 15.233 15.013 14.85 14.705 14.547 14.378 14.315 14.36 14.385 14.39 14.39 14.39 14.39 14.39 14.39 14.523 14.845 15.185 15.455 15.65 15.76 15.817 15.835 15.835 15.85 15.867 15.88 15.89 15.89 15.865 15.81 15.75 15.705 15.67 15.605 15.518 15.468 15.468 15.5 15.54 15.585
14.753 14.823 14.89 14.917 14.885 14.825 14.808 14.847 14.867 14.868 14.893 14.927 14.96 15.013 15.093 15.155 15.248 15.395 15.522 15.575 15.583 15.598 15.653 15.752 15.835 15.857 15.85 15.85 15.852 15.85 15.735 15.525 15.31 15.095 14.925 14.77 14.597 14.423 14.355 14.382 14.39 14.39 14.39 14.39 14.39 14.39 14.39 14.433 14.653 14.967 15.24 15.502 15.712 15.827 15.857 15.865 15.885 15.902 15.912 15.91 15.887 15.85 15.795 15.725 15.663 15.617 15.555 15.493 15.473 15.475 15.5 15.545 15.6
14.84 14.895 14.937 14.922 14.863 14.798 14.775 14.825 14.872 14.892 14.92 14.955 14.99 15.025 15.07 15.105 15.178 15.32 15.482 15.595 15.632 15.648 15.685 15.757 15.795 15.767 15.738 15.73 15.732 15.725 15.642 15.495 15.327 15.142 14.972 14.805 14.625 14.455 14.383 14.39 14.39 14.39 14.39 14.39 14.39 14.39 14.39 14.39 14.505 14.76 15.04 15.318 15.593 15.802 15.877 15.887 15.905 15.922 15.922 15.9 15.867 15.83 15.775 15.705 15.635 15.573 15.52 15.49 15.485 15.483 15.505 15.56 15.617
14.9 14.937 14.942 14.907 14.848 14.783 14.758 14.803 14.857 14.907 14.955 14.99 15.025 15.06 15.09 15.105 15.155 15.273 15.43 15.582 15.667 15.695 15.718 15.74 15.72 15.66 15.608 15.58 15.577 15.57 15.487 15.342 15.2 15.06 14.902 14.725 14.55 14.428 14.39 14.39 14.39 14.39 14.39 14.39 14.39 14.39 14.45 14.593 14.723 14.91 15.195 15.475 15.693 15.83 15.882 15.885 15.897 15.912 15.902 15.865 15.83 15.795 15.74 15.67 15.6 15.543 15.513 15.5 15.495 15.49 15.515 15.575 15.63
14.912 14.922 14.91 14.882 14.837 14.778 14.75 14.787 14.82 14.86 14.955 15.03 15.065 15.1 15.13 15.148 15.19 15.28 15.4 15.545 15.68 15.742 15.752 15.717 15.638 15.563 15.5 15.448 15.423 15.41 15.33 15.187 15.042 14.897 14.735 14.558 14.43 14.39 14.39 14.39 14.39 14.39 14.39 14.39 14.39 14.39 14.533 14.855 15.15 15.397 15.617 15.78 15.872 15.892 15.885 15.873 15.875 15.887 15.875 15.828 15.783 15.745 15.69 15.62 15.563 15.53 15.518 15.51 15.505 15.503 15.528 15.585 15.642
14.895 14.887 14.87 14.845 14.812 14.768 14.74 14.752 14.75 14.748 14.857 15.022 15.107 15.142 15.17 15.19 15.238 15.325 15.42 15.53 15.667 15.767 15.787 15.725 15.615 15.515 15.428 15.343 15.283 15.252 15.17 15.03 14.885 14.732 14.568 14.435 14.39 14.39 14.39 14.39 14.39 14.39 14.39 14.39 14.39 14.4 14.59 14.962 15.335 15.65 15.815 15.865 15.9 15.91 15.895 15.875 15.86 15.862 15.847 15.795 15.743 15.7 15.645 15.588 15.555 15.535 15.525 15.52 15.515 15.515 15.54 15.595 15.655
14.865 14.852 14.827 14.802 14.775 14.743 14.712 14.69 14.665 14.645 14.705 14.895 15.095 15.185 15.212 15.235 15.285 15.375 15.47 15.565 15.67 15.777 15.817 15.75 15.638 15.525 15.415 15.308 15.213 15.128 15.013 14.87 14.725 14.57 14.443 14.393 14.39 14.39 14.39 14.39 14.39 14.39 14.39 14.39 14.39 14.425 14.64 14.995 15.332 15.645 15.825 15.877 15.917 15.925 15.905 15.885 15.86 15.845 15.82 15.765 15.708 15.658 15.613 15.58 15.56 15.542 15.532 15.527 15.522 15.523 15.553 15.608 15.665
14.83 14.815 14.785 14.763 14.745 14.725 14.675 14.615 14.58 14.563 14.57 14.698 14.947 15.155 15.25 15.282 15.335 15.425 15.52 15.612 15.695 15.77 15.83 15.795 15.683 15.57 15.463 15.355 15.245 15.118 14.928 14.733 14.575 14.448 14.395 14.39 14.39 14.39 14.39 14.39 14.39 14.39 14.39 14.39 14.39 14.425 14.625 14.95 15.275 15.602 15.807 15.875 15.91 15.91 15.89 15.87 15.847 15.822 15.782 15.727 15.67 15.618 15.583 15.56 15.542 15.53 15.522 15.517 15.513 15.528 15.575 15.63 15.685
14.803 14.79 14.77 14.755 14.743 14.73 14.66 14.55 14.493 14.48 14.47 14.523 14.718 14.97 15.15 15.26 15.35 15.427 15.5 15.567 15.627 15.682 15.762 15.812 15.755 15.648 15.542 15.435 15.342 15.212 14.948 14.663 14.478 14.398 14.39 14.39 14.39 14.39 14.39 14.39 14.39 14.39 14.39 14.39 14.39 14.4 14.57 14.89 15.215 15.545 15.78 15.87 15.887 15.875 15.855 15.832 15.807 15.78 15.737 15.682 15.628 15.58 15.548 15.525 15.51 15.5 15.495 15.493 15.503 15.545 15.602 15.657 15.707
