EGM722_Project_Data/DTM_asc/TL4653.asc
ncols         200
nrows         200
xllcorner     546000.000
yllcorner     253000.000
cellsize      5
NODATA_value  -9999.0
[rows 96 to 127 of 200, columns 0 to 72 of 200]
15.595 15.575 15.565 15.57 15.577 15.582 15.583 15.59 15.715 15.947 16.07 16.08 16.07 16.05 16.053 16.07 16.093 16.125 16.152 16.165 16.177 16.19 16.195 16.195 16.192 16.185 16.17 16.155 16.14 16.125 16.105 16.08 16.073 16.07 16.045 16 15.968 15.96 15.955 15.935 15.9 15.853 15.843 15.885 15.922 15.937 15.932 15.918 15.908 15.905 15.895 15.88 15.875 15.875 15.885 15.91 15.943 15.983 16.025 16.068 16.113 16.163 16.227 16.292 16.345 16.395 16.47 16.573 16.678 16.79 16.89 16.95 16.975
15.55 15.528 15.52 15.53 15.543 15.558 15.563 15.563 15.718 15.952 16.04 16.05 16.058 16.06 16.07 16.09 16.105 16.125 16.147 16.16 16.17 16.182 16.19 16.19 16.187 16.182 16.17 16.155 16.14 16.125 16.11 16.1 16.102 16.1 16.072 16.027 15.983 15.948 15.918 15.875 15.823 15.768 15.763 15.812 15.862 15.892 15.895 15.88 15.863 15.855 15.85 15.845 15.845 15.845 15.855 15.877 15.9 15.925 15.96 16.005 16.055 16.107 16.165 16.217 16.265 16.315 16.39 16.495 16.602 16.71 16.792 16.827 16.84
15.525 15.5 15.498 15.518 15.535 15.555 15.56 15.55 15.69 15.925 16.022 16.035 16.053 16.08 16.105 16.123 16.137 16.142 16.138 16.138 16.147 16.162 16.175 16.18 16.175 16.17 16.162 16.147 16.132 16.123 16.117 16.117 16.117 16.112 16.085 16.037 15.992 15.947 15.895 15.838 15.78 15.723 15.703 15.735 15.785 15.827 15.837 15.822 15.81 15.81 15.815 15.815 15.815 15.818 15.818 15.825 15.845 15.865 15.888 15.922 15.97 16.025 16.075 16.12 16.17 16.223 16.303 16.41 16.517 16.615 16.685 16.72 16.735
15.515 15.493 15.495 15.522 15.545 15.565 15.57 15.553 15.638 15.872 16.017 16.03 16.06 16.112 16.15 16.167 16.172 16.152 16.125 16.11 16.11 16.122 16.137 16.15 16.152 16.147 16.14 16.128 16.118 16.118 16.117 16.115 16.113 16.107 16.082 16.035 15.99 15.95 15.9 15.842 15.785 15.723 15.683 15.683 15.713 15.755 15.765 15.753 15.755 15.772 15.785 15.785 15.788 15.795 15.785 15.768 15.775 15.795 15.81 15.828 15.863 15.915 15.965 16.01 16.065 16.125 16.21 16.317 16.415 16.5 16.572 16.625 16.652
15.49 15.485 15.49 15.522 15.552 15.575 15.577 15.553 15.578 15.807 16.007 16.033 16.083 16.152 16.195 16.2 16.18 16.147 16.118 16.095 16.08 16.08 16.093 16.11 16.122 16.122 16.113 16.105 16.108 16.112 16.113 16.11 16.11 16.105 16.077 16.035 15.995 15.955 15.905 15.847 15.79 15.728 15.688 15.67 15.665 15.688 15.698 15.698 15.715 15.737 15.752 15.758 15.765 15.775 15.765 15.733 15.718 15.728 15.74 15.75 15.768 15.805 15.855 15.908 15.97 16.035 16.118 16.215 16.297 16.375 16.447 16.51 16.56
15.435 15.457 15.477 15.515 15.55 15.58 15.585 15.55 15.533 15.735 15.975 16.048 16.115 16.19 16.225 16.207 16.173 16.14 16.112 16.09 16.07 16.055 16.055 16.067 16.082 16.092 16.092 16.095 16.102 16.107 16.11 16.107 16.105 16.097 16.067 16.027 15.99 15.955 15.91 15.85 15.79 15.73 15.69 15.67 15.65 15.643 15.645 15.658 15.682 15.705 15.72 15.732 15.745 15.755 15.745 15.713 15.683 15.67 15.675 15.685 15.695 15.715 15.758 15.818 15.883 15.945 16.018 16.098 16.173 16.25 16.323 16.385 16.445
15.368 15.408 15.45 15.49 15.527 15.57 15.59 15.553 15.518 15.668 15.925 16.067 16.142 16.215 16.237 16.21 16.175 16.135 16.105 16.085 16.065 16.035 16.015 16.02 16.032 16.032 16.03 16.037 16.042 16.06 16.075 16.072 16.065 16.042 16.005 15.965 15.927 15.907 15.895 15.857 15.8 15.74 15.695 15.67 15.65 15.63 15.62 15.628 15.65 15.675 15.69 15.703 15.718 15.735 15.73 15.697 15.658 15.628 15.625 15.635 15.645 15.655 15.683 15.738 15.8 15.863 15.93 16 16.073 16.145 16.215 16.28 16.343
15.313 15.363 15.41 15.45 15.495 15.55 15.585 15.557 15.515 15.603 15.86 16.075 16.165 16.235 16.252 16.22 16.182 16.135 16.1 16.077 16.047 15.998 15.965 15.97 15.967 15.937 15.918 15.923 15.938 15.978 16.007 16.005 15.982 15.94 15.895 15.858 15.833 15.83 15.845 15.847 15.815 15.76 15.708 15.67 15.645 15.625 15.613 15.61 15.62 15.642 15.66 15.673 15.69 15.715 15.715 15.68 15.635 15.595 15.585 15.595 15.602 15.605 15.625 15.67 15.725 15.788 15.855 15.925 15.992 16.053 16.123 16.2 16.267
15.27 15.325 15.373 15.42 15.473 15.53 15.577 15.565 15.515 15.538 15.77 16.04 16.17 16.252 16.265 16.227 16.185 16.135 16.097 16.065 16.015 15.948 15.913 15.905 15.875 15.83 15.805 15.818 15.855 15.91 15.942 15.925 15.88 15.83 15.785 15.758 15.753 15.76 15.773 15.79 15.795 15.77 15.725 15.68 15.645 15.62 15.61 15.605 15.603 15.613 15.628 15.648 15.673 15.7 15.7 15.66 15.61 15.563 15.545 15.552 15.555 15.555 15.575 15.615 15.66 15.715 15.778 15.843 15.903 15.955 16.025 16.112 16.19
15.23 15.288 15.343 15.4 15.455 15.51 15.567 15.57 15.518 15.495 15.688 15.972 16.14 16.252 16.272 16.23 16.185 16.135 16.09 16.038 15.968 15.893 15.845 15.813 15.77 15.728 15.713 15.745 15.798 15.855 15.877 15.843 15.793 15.745 15.703 15.685 15.688 15.698 15.713 15.733 15.758 15.772 15.75 15.705 15.663 15.625 15.61 15.605 15.6 15.598 15.605 15.63 15.658 15.685 15.682 15.637 15.583 15.53 15.505 15.505 15.505 15.505 15.523 15.563 15.608 15.658 15.713 15.768 15.823 15.873 15.938 16.023 16.108
15.22 15.275 15.325 15.378 15.433 15.49 15.55 15.567 15.523 15.485 15.625 15.885 16.082 16.222 16.267 16.235 16.19 16.14 16.09 16.03 15.955 15.878 15.823 15.788 15.748 15.705 15.703 15.75 15.802 15.832 15.84 15.823 15.783 15.738 15.693 15.665 15.66 15.67 15.7 15.735 15.763 15.79 15.782 15.737 15.69 15.638 15.61 15.608 15.603 15.598 15.605 15.63 15.655 15.672 15.657 15.61 15.558 15.518 15.5 15.493 15.488 15.495 15.505 15.53 15.58 15.63 15.68 15.733 15.785 15.828 15.885 15.965 16.042
15.237 15.285 15.323 15.36 15.41 15.47 15.532 15.567 15.533 15.485 15.563 15.785 16.017 16.177 16.24 16.23 16.197 16.15 16.1 16.047 15.982 15.905 15.855 15.832 15.8 15.76 15.763 15.802 15.825 15.815 15.815 15.837 15.825 15.782 15.733 15.685 15.663 15.67 15.71 15.76 15.795 15.825 15.817 15.77 15.712 15.648 15.615 15.615 15.61 15.605 15.615 15.637 15.655 15.657 15.63 15.58 15.543 15.533 15.53 15.52 15.523 15.565 15.588 15.57 15.58 15.62 15.672 15.722 15.762 15.795 15.853 15.932 15.985
15.252 15.297 15.33 15.36 15.398 15.448 15.515 15.585 15.56 15.485 15.498 15.683 15.94 16.122 16.2 16.2 16.19 16.157 16.11 16.057 16 15.933 15.883 15.863 15.842 15.815 15.81 15.817 15.802 15.778 15.778 15.815 15.842 15.825 15.777 15.723 15.678 15.67 15.71 15.765 15.815 15.857 15.852 15.797 15.722 15.65 15.62 15.62 15.617 15.615 15.625 15.637 15.637 15.632 15.605 15.568 15.555 15.557 15.555 15.56 15.605 15.69 15.735 15.693 15.64 15.633 15.663 15.7 15.73 15.76 15.82 15.882 15.9
15.265 15.31 15.34 15.37 15.4 15.433 15.498 15.595 15.58 15.485 15.458 15.605 15.855 16.057 16.155 16.155 16.155 16.145 16.115 16.065 16.01 15.955 15.913 15.893 15.875 15.855 15.827 15.798 15.773 15.748 15.743 15.775 15.82 15.845 15.82 15.762 15.708 15.68 15.71 15.768 15.823 15.875 15.875 15.81 15.728 15.653 15.62 15.62 15.62 15.62 15.622 15.62 15.613 15.607 15.593 15.583 15.585 15.585 15.595 15.643 15.73 15.827 15.875 15.835 15.755 15.69 15.67 15.683 15.703 15.73 15.772 15.8 15.8
15.265 15.305 15.335 15.365 15.395 15.443 15.505 15.585 15.595 15.505 15.45 15.558 15.773 15.995 16.122 16.13 16.13 16.13 16.127 16.102 16.055 16.005 15.963 15.933 15.913 15.892 15.843 15.788 15.758 15.73 15.72 15.748 15.79 15.835 15.832 15.775 15.72 15.693 15.718 15.775 15.832 15.877 15.872 15.812 15.733 15.655 15.615 15.61 15.61 15.61 15.605 15.595 15.59 15.588 15.598 15.62 15.627 15.625 15.66 15.74 15.827 15.887 15.905 15.89 15.845 15.772 15.723 15.715 15.718 15.712 15.695 15.685 15.682
15.25 15.285 15.315 15.345 15.398 15.485 15.545 15.59 15.625 15.545 15.45 15.51 15.688 15.94 16.105 16.127 16.135 16.135 16.145 16.155 16.132 16.085 16.033 15.985 15.958 15.935 15.877 15.803 15.753 15.72 15.713 15.738 15.775 15.817 15.815 15.763 15.72 15.705 15.733 15.79 15.837 15.86 15.85 15.807 15.737 15.658 15.61 15.595 15.59 15.59 15.585 15.578 15.575 15.578 15.605 15.65 15.677 15.685 15.727 15.797 15.837 15.842 15.835 15.842 15.847 15.825 15.792 15.767 15.74 15.695 15.618 15.56 15.545
15.227 15.262 15.295 15.348 15.448 15.547 15.597 15.625 15.662 15.592 15.465 15.458 15.6 15.89 16.08 16.11 16.132 16.142 16.155 16.18 16.19 16.162 16.11 16.053 16.008 15.977 15.922 15.835 15.76 15.715 15.71 15.735 15.765 15.8 15.797 15.758 15.735 15.725 15.748 15.795 15.82 15.83 15.817 15.78 15.73 15.663 15.615 15.595 15.578 15.57 15.568 15.565 15.565 15.57 15.6 15.652 15.702 15.737 15.767 15.787 15.782 15.77 15.765 15.77 15.785 15.805 15.802 15.77 15.725 15.667 15.57 15.465 15.415
15.203 15.24 15.298 15.398 15.525 15.615 15.65 15.67 15.697 15.64 15.495 15.425 15.55 15.857 16.055 16.085 16.115 16.142 16.165 16.19 16.215 16.22 16.185 16.127 16.073 16.027 15.965 15.877 15.793 15.725 15.71 15.735 15.76 15.787 15.792 15.772 15.757 15.745 15.755 15.777 15.79 15.8 15.785 15.745 15.705 15.658 15.62 15.6 15.578 15.563 15.56 15.56 15.56 15.565 15.593 15.637 15.682 15.727 15.747 15.733 15.713 15.698 15.695 15.71 15.733 15.76 15.762 15.732 15.695 15.64 15.54 15.415 15.318
15.185 15.225 15.303 15.425 15.552 15.64 15.672 15.69 15.707 15.665 15.525 15.425 15.525 15.825 16.035 16.073 16.108 16.142 16.172 16.198 16.225 16.252 16.237 16.182 16.127 16.072 16 15.915 15.83 15.748 15.723 15.748 15.77 15.792 15.79 15.77 15.755 15.74 15.737 15.745 15.755 15.765 15.75 15.71 15.673 15.645 15.63 15.615 15.595 15.578 15.57 15.57 15.57 15.573 15.593 15.618 15.638 15.67 15.692 15.683 15.663 15.65 15.65 15.67 15.7 15.725 15.72 15.688 15.658 15.635 15.582 15.478 15.353
15.178 15.215 15.288 15.403 15.525 15.622 15.667 15.685 15.697 15.67 15.552 15.438 15.478 15.745 15.997 16.067 16.108 16.147 16.178 16.205 16.245 16.285 16.272 16.217 16.162 16.105 16.032 15.947 15.86 15.775 15.748 15.77 15.79 15.807 15.79 15.75 15.728 15.713 15.705 15.708 15.715 15.725 15.71 15.673 15.65 15.645 15.645 15.637 15.62 15.603 15.595 15.592 15.588 15.585 15.605 15.632 15.64 15.65 15.66 15.653 15.643 15.64 15.64 15.648 15.67 15.685 15.673 15.653 15.64 15.65 15.67 15.637 15.517
15.172 15.21 15.273 15.375 15.492 15.602 15.66 15.672 15.68 15.67 15.575 15.448 15.425 15.64 15.94 16.065 16.108 16.152 16.188 16.225 16.28 16.322 16.305 16.25 16.195 16.137 16.067 15.98 15.888 15.8 15.77 15.79 15.807 15.82 15.8 15.75 15.71 15.688 15.678 15.675 15.678 15.685 15.675 15.653 15.65 15.655 15.655 15.65 15.64 15.627 15.62 15.615 15.605 15.598 15.62 15.662 15.687 15.692 15.683 15.663 15.645 15.64 15.64 15.64 15.648 15.653 15.645 15.64 15.64 15.645 15.657 15.677 15.627
15.162 15.2 15.255 15.348 15.463 15.577 15.645 15.657 15.66 15.662 15.59 15.46 15.403 15.56 15.877 16.06 16.107 16.155 16.205 16.26 16.32 16.357 16.337 16.283 16.228 16.172 16.097 16.005 15.913 15.823 15.79 15.807 15.82 15.83 15.81 15.76 15.71 15.67 15.655 15.655 15.658 15.665 15.665 15.66 15.665 15.667 15.665 15.663 15.657 15.648 15.638 15.63 15.62 15.61 15.63 15.675 15.717 15.745 15.737 15.71 15.683 15.668 15.665 15.665 15.655 15.643 15.64 15.64 15.64 15.637 15.603 15.575 15.567
15.147 15.185 15.24 15.328 15.44 15.555 15.622 15.637 15.64 15.642 15.592 15.483 15.413 15.5 15.792 16.027 16.095 16.145 16.205 16.27 16.332 16.38 16.375 16.325 16.27 16.215 16.137 16.043 15.95 15.858 15.818 15.83 15.843 15.85 15.827 15.78 15.733 15.688 15.665 15.665 15.67 15.68 15.685 15.685 15.685 15.675 15.673 15.682 15.68 15.67 15.66 15.65 15.638 15.633 15.653 15.693 15.74 15.782 15.787 15.767 15.747 15.727 15.717 15.705 15.672 15.645 15.64 15.64 15.64 15.64 15.61 15.525 15.448
15.13 15.17 15.228 15.315 15.42 15.532 15.6 15.612 15.615 15.615 15.59 15.507 15.423 15.438 15.68 15.962 16.072 16.125 16.183 16.25 16.323 16.387 16.402 16.367 16.32 16.265 16.19 16.095 16 15.908 15.863 15.87 15.88 15.88 15.857 15.817 15.773 15.73 15.705 15.7 15.703 15.71 15.715 15.71 15.695 15.67 15.67 15.697 15.707 15.7 15.69 15.68 15.675 15.685 15.703 15.728 15.77 15.815 15.825 15.81 15.797 15.78 15.757 15.722 15.675 15.645 15.64 15.64 15.64 15.64 15.635 15.56 15.428
15.115 15.15 15.213 15.305 15.408 15.515 15.577 15.585 15.585 15.588 15.592 15.532 15.43 15.398 15.583 15.877 16.035 16.102 16.165 16.24 16.32 16.395 16.417 16.392 16.362 16.315 16.24 16.148 16.053 15.96 15.915 15.915 15.915 15.91 15.89 15.855 15.813 15.77 15.745 15.74 15.738 15.74 15.737 15.717 15.69 15.66 15.66 15.695 15.722 15.727 15.72 15.72 15.735 15.755 15.77 15.783 15.808 15.842 15.852 15.837 15.82 15.8 15.78 15.75 15.713 15.675 15.648 15.64 15.64 15.64 15.64 15.602 15.493
15.11 15.138 15.2 15.295 15.397 15.5 15.555 15.557 15.555 15.563 15.595 15.557 15.448 15.395 15.515 15.78 15.98 16.072 16.152 16.24 16.323 16.405 16.432 16.407 16.385 16.355 16.297 16.213 16.115 16.018 15.965 15.958 15.953 15.948 15.928 15.89 15.853 15.815 15.79 15.783 15.778 15.772 15.75 15.713 15.68 15.65 15.65 15.685 15.72 15.742 15.755 15.772 15.795 15.817 15.835 15.845 15.857 15.872 15.87 15.847 15.82 15.803 15.803 15.802 15.795 15.76 15.698 15.653 15.64 15.64 15.64 15.63 15.57
15.1 15.123 15.183 15.28 15.38 15.48 15.532 15.533 15.53 15.54 15.59 15.575 15.473 15.405 15.453 15.68 15.915 16.03 16.125 16.23 16.325 16.41 16.442 16.42 16.395 16.382 16.357 16.297 16.21 16.11 16.053 16.045 16.035 16.018 15.99 15.95 15.915 15.88 15.848 15.833 15.827 15.815 15.783 15.738 15.698 15.66 15.64 15.658 15.69 15.72 15.75 15.775 15.797 15.835 15.857 15.86 15.87 15.875 15.86 15.83 15.81 15.815 15.835 15.857 15.88 15.87 15.8 15.713 15.658 15.64 15.64 15.64 15.622
15.08 15.1 15.16 15.26 15.36 15.46 15.51 15.51 15.518 15.538 15.585 15.58 15.495 15.415 15.4 15.59 15.84 15.977 16.087 16.202 16.317 16.41 16.447 16.433 16.415 16.412 16.4 16.367 16.317 16.235 16.18 16.165 16.14 16.107 16.07 16.03 15.995 15.96 15.92 15.893 15.88 15.867 15.837 15.792 15.748 15.703 15.658 15.63 15.64 15.67 15.7 15.728 15.765 15.825 15.85 15.838 15.838 15.842 15.83 15.81 15.818 15.845 15.875 15.905 15.937 15.94 15.882 15.795 15.71 15.652 15.627 15.615 15.605
15.06 15.08 15.14 15.24 15.34 15.44 15.492 15.503 15.523 15.55 15.585 15.585 15.517 15.428 15.383 15.528 15.757 15.915 16.045 16.165 16.292 16.402 16.452 16.45 16.445 16.445 16.432 16.407 16.38 16.335 16.292 16.26 16.225 16.19 16.15 16.11 16.073 16.037 16 15.963 15.935 15.92 15.89 15.845 15.803 15.757 15.705 15.648 15.615 15.623 15.653 15.695 15.755 15.825 15.852 15.835 15.82 15.815 15.813 15.82 15.85 15.885 15.915 15.94 15.957 15.95 15.9 15.815 15.702 15.592 15.532 15.507 15.475
15.045 15.065 15.118 15.21 15.31 15.41 15.47 15.495 15.522 15.552 15.585 15.595 15.542 15.448 15.39 15.475 15.667 15.842 15.997 16.138 16.263 16.385 16.46 16.475 16.478 16.48 16.47 16.448 16.42 16.395 16.367 16.332 16.3 16.267 16.23 16.19 16.15 16.115 16.08 16.04 16.003 15.975 15.942 15.9 15.86 15.815 15.76 15.697 15.638 15.6 15.618 15.682 15.755 15.825 15.857 15.845 15.825 15.813 15.823 15.853 15.887 15.922 15.947 15.957 15.957 15.922 15.83 15.707 15.57 15.435 15.36 15.323 15.27
15.045 15.065 15.098 15.163 15.252 15.35 15.417 15.45 15.48 15.515 15.557 15.6 15.57 15.473 15.4 15.413 15.57 15.767 15.955 16.13 16.258 16.382 16.472 16.505 16.512 16.517 16.512 16.495 16.472 16.448 16.42 16.39 16.362 16.337 16.305 16.265 16.225 16.182 16.14 16.102 16.065 16.027 15.99 15.95 15.907 15.855 15.792 15.727 15.665 15.615 15.61 15.663 15.735 15.807 15.857 15.865 15.85 15.838 15.853 15.887 15.922 15.947 15.947 15.94 15.935 15.88 15.743 15.58 15.428 15.288 15.213 15.183 15.148
15.05 15.07 15.09 15.125 15.188 15.275 15.342 15.375 15.413 15.463 15.52 15.59 15.607 15.517 15.41 15.375 15.495 15.7 15.923 16.127 16.267 16.397 16.485 16.525 16.545 16.552 16.552 16.542 16.525 16.5 16.47 16.443 16.42 16.402 16.375 16.335 16.287 16.23 16.18 16.142 16.105 16.067 16.027 15.982 15.93 15.867 15.8 15.735 15.683 15.65 15.635 15.648 15.698 15.77 15.835 15.875 15.885 15.873 15.885 15.922 15.95 15.955 15.93 15.905 15.895 15.84 15.702 15.528 15.398 15.31 15.21 15.15 15.14
