EGM722_Project_Data/DTM_asc/TL4660.asc
ncols         200
nrows         200
xllcorner     546000.000
yllcorner     260000.000
cellsize      5
NODATA_value  -9999.0
[rows 136 to 169 of 200, columns 0 to 77 of 200]
10.758 10.663 10.603 10.583 10.575 10.527 10.417 10.277 10.135 10.018 9.943 9.89 9.835 9.79 9.782 9.76 9.675 9.568 9.503 9.495 9.52 9.56 9.6 9.635 9.67 9.705 9.712 9.695 9.667 9.625 9.573 9.525 9.49 9.47 9.473 9.487 9.492 9.482 9.472 9.452 9.387 9.295 9.213 9.145 9.06 8.93 8.825 8.77 8.712 8.65 8.603 8.578 8.565 8.555 8.53 8.47 8.37 8.273 8.225 8.205 8.185 8.16 8.125 8.085 8.048 8.02 8.003 7.998 8.013 8.027 8.002 7.953 7.908 7.87 7.86 7.873 7.892 7.885
10.7 10.608 10.553 10.538 10.53 10.5 10.41 10.275 10.135 10.02 9.947 9.895 9.842 9.792 9.742 9.66 9.553 9.448 9.39 9.403 9.44 9.48 9.52 9.555 9.587 9.622 9.635 9.62 9.6 9.575 9.54 9.505 9.475 9.457 9.46 9.472 9.485 9.487 9.465 9.402 9.31 9.212 9.122 9.02 8.878 8.718 8.625 8.595 8.568 8.548 8.54 8.54 8.54 8.54 8.497 8.395 8.275 8.18 8.135 8.115 8.092 8.067 8.035 7.995 7.955 7.92 7.91 7.923 7.943 7.955 7.93 7.885 7.843 7.803 7.79 7.8 7.812 7.8
10.653 10.583 10.545 10.53 10.512 10.462 10.357 10.223 10.095 9.993 9.927 9.88 9.83 9.782 9.71 9.61 9.51 9.41 9.37 9.395 9.428 9.448 9.453 9.468 9.498 9.532 9.557 9.555 9.538 9.523 9.502 9.475 9.448 9.425 9.417 9.422 9.427 9.432 9.39 9.3 9.207 9.112 9.017 8.89 8.73 8.578 8.498 8.485 8.475 8.465 8.46 8.465 8.475 8.475 8.42 8.315 8.2 8.1 8.05 8.027 8 7.975 7.945 7.908 7.873 7.855 7.863 7.878 7.893 7.9 7.872 7.823 7.78 7.74 7.725 7.735 7.75 7.745
10.625 10.573 10.54 10.522 10.485 10.415 10.305 10.173 10.058 9.96 9.893 9.845 9.803 9.772 9.72 9.637 9.545 9.45 9.42 9.447 9.457 9.44 9.41 9.39 9.403 9.435 9.47 9.495 9.492 9.477 9.457 9.433 9.418 9.398 9.353 9.323 9.32 9.32 9.27 9.173 9.08 8.987 8.892 8.785 8.657 8.515 8.425 8.405 8.395 8.385 8.38 8.385 8.387 8.367 8.31 8.227 8.13 8.028 7.968 7.943 7.918 7.905 7.883 7.84 7.813 7.813 7.825 7.84 7.855 7.862 7.832 7.773 7.725 7.685 7.67 7.683 7.707 7.717
10.615 10.568 10.535 10.505 10.445 10.362 10.252 10.133 10.03 9.933 9.86 9.813 9.785 9.772 9.73 9.655 9.572 9.495 9.465 9.467 9.445 9.41 9.377 9.343 9.325 9.338 9.37 9.41 9.435 9.432 9.413 9.398 9.4 9.392 9.328 9.245 9.208 9.2 9.147 9.045 8.95 8.855 8.758 8.662 8.56 8.44 8.353 8.325 8.315 8.305 8.3 8.297 8.285 8.252 8.19 8.115 8.035 7.945 7.89 7.88 7.88 7.89 7.872 7.81 7.778 7.783 7.79 7.803 7.815 7.825 7.8 7.738 7.68 7.633 7.62 7.643 7.675 7.692
10.605 10.562 10.52 10.468 10.395 10.31 10.208 10.103 10.005 9.908 9.833 9.793 9.78 9.777 9.737 9.663 9.595 9.535 9.485 9.45 9.415 9.38 9.345 9.31 9.28 9.265 9.278 9.31 9.35 9.375 9.377 9.38 9.387 9.385 9.33 9.227 9.14 9.09 9.022 8.923 8.828 8.733 8.635 8.54 8.445 8.348 8.28 8.253 8.24 8.228 8.215 8.2 8.178 8.14 8.08 8.013 7.945 7.875 7.845 7.863 7.887 7.902 7.862 7.788 7.758 7.763 7.768 7.775 7.783 7.79 7.77 7.71 7.643 7.58 7.573 7.61 7.645 7.665
10.527 10.502 10.49 10.45 10.368 10.278 10.178 10.075 9.978 9.883 9.81 9.783 9.78 9.78 9.76 9.71 9.653 9.595 9.53 9.473 9.423 9.37 9.328 9.298 9.273 9.248 9.223 9.225 9.26 9.3 9.317 9.32 9.327 9.327 9.277 9.18 9.08 9 8.92 8.823 8.728 8.635 8.54 8.445 8.353 8.27 8.22 8.198 8.183 8.165 8.143 8.118 8.09 8.06 8.02 7.965 7.905 7.848 7.833 7.86 7.885 7.88 7.81 7.748 7.74 7.745 7.75 7.755 7.757 7.752 7.73 7.675 7.607 7.538 7.525 7.57 7.612 7.637
10.425 10.39 10.425 10.445 10.39 10.298 10.195 10.085 9.98 9.875 9.8 9.78 9.78 9.78 9.787 9.785 9.745 9.685 9.622 9.558 9.488 9.415 9.355 9.315 9.29 9.265 9.218 9.175 9.183 9.217 9.227 9.22 9.225 9.22 9.165 9.073 8.988 8.922 8.845 8.743 8.645 8.552 8.458 8.365 8.283 8.215 8.173 8.153 8.135 8.115 8.09 8.055 8.02 8 7.982 7.945 7.89 7.838 7.825 7.847 7.857 7.825 7.755 7.718 7.723 7.727 7.73 7.727 7.72 7.705 7.682 7.635 7.567 7.495 7.47 7.512 7.56 7.582
10.4 10.335 10.358 10.4 10.412 10.352 10.25 10.135 10.01 9.88 9.798 9.78 9.78 9.78 9.795 9.817 9.815 9.775 9.715 9.647 9.57 9.492 9.423 9.363 9.318 9.282 9.232 9.168 9.128 9.135 9.145 9.133 9.127 9.11 9.05 8.973 8.905 8.847 8.775 8.675 8.57 8.47 8.378 8.298 8.228 8.165 8.128 8.107 8.085 8.065 8.04 8 7.958 7.93 7.917 7.902 7.867 7.825 7.813 7.82 7.81 7.765 7.715 7.703 7.707 7.705 7.697 7.685 7.668 7.652 7.635 7.592 7.525 7.45 7.415 7.44 7.467 7.475
10.423 10.353 10.355 10.375 10.402 10.387 10.295 10.16 10.015 9.868 9.79 9.783 9.78 9.78 9.795 9.82 9.842 9.845 9.8 9.722 9.64 9.557 9.485 9.42 9.357 9.305 9.248 9.183 9.12 9.08 9.065 9.05 9.038 9.01 8.953 8.89 8.833 8.775 8.707 8.615 8.505 8.398 8.31 8.245 8.182 8.118 8.078 8.057 8.035 8.012 7.985 7.947 7.903 7.863 7.843 7.838 7.825 7.803 7.787 7.772 7.75 7.713 7.683 7.68 7.675 7.662 7.648 7.633 7.615 7.6 7.587 7.555 7.493 7.415 7.36 7.348 7.35 7.35
10.45 10.388 10.395 10.405 10.412 10.4 10.297 10.13 9.975 9.843 9.793 9.798 9.795 9.793 9.803 9.828 9.855 9.88 9.85 9.767 9.682 9.592 9.512 9.447 9.387 9.335 9.273 9.205 9.142 9.075 9.02 8.988 8.97 8.94 8.885 8.825 8.765 8.705 8.64 8.552 8.445 8.335 8.25 8.19 8.13 8.065 8.023 8.005 7.982 7.957 7.93 7.895 7.85 7.81 7.793 7.79 7.788 7.78 7.76 7.73 7.7 7.67 7.653 7.645 7.633 7.618 7.603 7.59 7.578 7.565 7.555 7.537 7.485 7.405 7.328 7.275 7.26 7.26
10.48 10.425 10.435 10.44 10.427 10.392 10.27 10.083 9.918 9.818 9.805 9.82 9.825 9.823 9.828 9.848 9.875 9.902 9.875 9.792 9.702 9.605 9.52 9.458 9.41 9.37 9.31 9.235 9.168 9.1 9.03 8.968 8.925 8.887 8.835 8.772 8.705 8.637 8.57 8.487 8.385 8.278 8.195 8.132 8.067 8 7.96 7.947 7.927 7.905 7.88 7.843 7.805 7.785 7.78 7.78 7.778 7.772 7.752 7.718 7.68 7.648 7.628 7.613 7.6 7.588 7.575 7.565 7.555 7.545 7.535 7.525 7.487 7.417 7.333 7.245 7.2 7.198
10.51 10.465 10.467 10.452 10.415 10.37 10.277 10.073 9.868 9.798 9.81 9.832 9.85 9.855 9.86 9.878 9.902 9.927 9.897 9.81 9.715 9.615 9.53 9.475 9.443 9.41 9.35 9.27 9.197 9.13 9.057 8.98 8.905 8.84 8.777 8.71 8.64 8.57 8.497 8.415 8.322 8.223 8.14 8.075 8.005 7.935 7.893 7.88 7.868 7.853 7.828 7.798 7.783 7.78 7.78 7.777 7.773 7.77 7.755 7.72 7.68 7.645 7.618 7.593 7.575 7.565 7.555 7.545 7.535 7.525 7.515 7.505 7.485 7.432 7.345 7.24 7.16 7.138
10.538 10.495 10.475 10.44 10.395 10.35 10.295 10.092 9.858 9.8 9.82 9.843 9.865 9.88 9.89 9.902 9.917 9.932 9.902 9.817 9.72 9.623 9.545 9.5 9.475 9.445 9.38 9.292 9.207 9.125 9.042 8.955 8.867 8.787 8.715 8.643 8.57 8.5 8.425 8.34 8.253 8.163 8.083 8.015 7.943 7.87 7.825 7.815 7.813 7.81 7.8 7.79 7.788 7.785 7.78 7.772 7.767 7.762 7.75 7.72 7.68 7.645 7.615 7.585 7.56 7.543 7.533 7.525 7.515 7.505 7.495 7.485 7.475 7.437 7.355 7.25 7.15 7.103
10.537 10.482 10.432 10.387 10.337 10.287 10.237 10.052 9.858 9.828 9.845 9.865 9.885 9.895 9.89 9.885 9.89 9.9 9.882 9.817 9.725 9.628 9.558 9.522 9.495 9.45 9.365 9.26 9.16 9.065 8.975 8.883 8.798 8.723 8.65 8.577 8.502 8.425 8.365 8.305 8.22 8.133 8.063 8.003 7.933 7.858 7.81 7.805 7.81 7.815 7.82 7.818 7.812 7.8 7.775 7.758 7.75 7.742 7.735 7.712 7.677 7.645 7.615 7.585 7.555 7.528 7.513 7.505 7.495 7.485 7.475 7.465 7.455 7.432 7.367 7.275 7.188 7.133
10.512 10.455 10.378 10.303 10.233 10.175 10.112 9.973 9.865 9.865 9.88 9.897 9.905 9.895 9.87 9.845 9.84 9.85 9.837 9.795 9.727 9.635 9.565 9.532 9.492 9.425 9.325 9.205 9.09 8.988 8.898 8.813 8.733 8.657 8.582 8.507 8.427 8.343 8.3 8.28 8.22 8.135 8.073 8.03 7.975 7.908 7.86 7.85 7.85 7.855 7.86 7.855 7.84 7.81 7.77 7.738 7.723 7.717 7.71 7.695 7.67 7.64 7.61 7.58 7.55 7.523 7.505 7.495 7.485 7.475 7.465 7.455 7.442 7.42 7.39 7.34 7.27 7.21
10.485 10.442 10.36 10.26 10.17 10.093 10.013 9.943 9.91 9.907 9.915 9.917 9.902 9.88 9.855 9.823 9.8 9.8 9.785 9.75 9.707 9.637 9.575 9.527 9.465 9.392 9.295 9.17 9.042 8.92 8.82 8.74 8.663 8.588 8.508 8.425 8.343 8.26 8.22 8.215 8.192 8.132 8.075 8.04 8 7.952 7.917 7.905 7.897 7.898 7.9 7.887 7.855 7.813 7.77 7.73 7.703 7.69 7.68 7.67 7.652 7.625 7.598 7.572 7.545 7.52 7.503 7.49 7.48 7.47 7.46 7.445 7.412 7.375 7.38 7.392 7.355 7.293
10.455 10.427 10.36 10.26 10.152 10.045 9.96 9.918 9.915 9.922 9.92 9.902 9.877 9.86 9.84 9.807 9.775 9.758 9.735 9.7 9.67 9.63 9.572 9.502 9.427 9.355 9.26 9.13 8.99 8.848 8.735 8.658 8.598 8.535 8.445 8.35 8.26 8.178 8.14 8.135 8.13 8.11 8.07 8.027 7.985 7.945 7.927 7.93 7.932 7.937 7.93 7.9 7.86 7.818 7.773 7.73 7.693 7.665 7.65 7.64 7.628 7.608 7.585 7.562 7.537 7.515 7.497 7.485 7.472 7.46 7.44 7.402 7.35 7.313 7.328 7.37 7.39 7.367
10.43 10.405 10.332 10.215 10.098 10 9.93 9.875 9.858 9.872 9.87 9.847 9.823 9.833 9.832 9.79 9.755 9.733 9.718 9.698 9.673 9.64 9.552 9.45 9.377 9.302 9.2 9.06 8.91 8.76 8.645 8.583 8.55 8.505 8.415 8.31 8.208 8.125 8.085 8.073 8.07 8.072 8.04 7.98 7.93 7.893 7.89 7.907 7.922 7.935 7.935 7.907 7.865 7.825 7.788 7.75 7.71 7.678 7.658 7.645 7.63 7.603 7.575 7.553 7.525 7.497 7.48 7.47 7.457 7.447 7.42 7.368 7.318 7.285 7.293 7.33 7.372 7.395
10.392 10.34 10.247 10.13 10.038 9.97 9.907 9.843 9.795 9.79 9.79 9.77 9.778 9.827 9.83 9.775 9.735 9.718 9.722 9.73 9.717 9.67 9.543 9.398 9.31 9.23 9.115 8.97 8.822 8.675 8.57 8.533 8.515 8.477 8.395 8.29 8.198 8.133 8.088 8.053 8.038 8.037 7.992 7.915 7.858 7.833 7.845 7.867 7.885 7.895 7.917 7.917 7.878 7.84 7.815 7.787 7.75 7.72 7.702 7.682 7.652 7.61 7.573 7.547 7.505 7.463 7.445 7.435 7.428 7.425 7.407 7.365 7.323 7.29 7.283 7.31 7.347 7.365
10.312 10.238 10.155 10.075 10.01 9.948 9.883 9.82 9.76 9.723 9.708 9.715 9.788 9.852 9.83 9.77 9.72 9.703 9.718 9.74 9.75 9.697 9.55 9.373 9.245 9.147 9.022 8.877 8.733 8.598 8.52 8.498 8.482 8.452 8.375 8.283 8.22 8.175 8.13 8.08 8.04 8.012 7.95 7.86 7.793 7.775 7.798 7.822 7.842 7.858 7.89 7.915 7.892 7.86 7.842 7.822 7.792 7.765 7.742 7.707 7.662 7.618 7.575 7.537 7.475 7.42 7.405 7.4 7.4 7.4 7.395 7.365 7.325 7.298 7.28 7.293 7.313 7.32
10.238 10.168 10.108 10.052 9.995 9.93 9.865 9.803 9.74 9.68 9.655 9.713 9.827 9.875 9.83 9.77 9.713 9.693 9.712 9.735 9.752 9.697 9.545 9.365 9.2 9.065 8.93 8.783 8.64 8.535 8.49 8.47 8.452 8.425 8.365 8.302 8.26 8.22 8.172 8.117 8.06 8 7.92 7.823 7.753 7.74 7.76 7.78 7.8 7.823 7.858 7.897 7.902 7.88 7.862 7.845 7.825 7.8 7.762 7.717 7.67 7.625 7.58 7.522 7.44 7.383 7.373 7.373 7.378 7.38 7.38 7.362 7.33 7.305 7.283 7.285 7.303 7.325
10.198 10.135 10.08 10.032 9.982 9.92 9.855 9.79 9.725 9.663 9.65 9.735 9.845 9.872 9.827 9.77 9.71 9.688 9.705 9.727 9.707 9.61 9.47 9.315 9.145 8.983 8.835 8.685 8.565 8.498 8.465 8.445 8.425 8.397 8.35 8.3 8.26 8.22 8.175 8.12 8.055 7.985 7.9 7.805 7.743 7.733 7.748 7.765 7.783 7.803 7.838 7.875 7.88 7.86 7.84 7.823 7.827 7.822 7.775 7.725 7.68 7.635 7.59 7.515 7.418 7.368 7.368 7.37 7.375 7.38 7.38 7.37 7.345 7.318 7.29 7.3 7.343 7.38
10.163 10.105 10.05 10.005 9.965 9.91 9.845 9.78 9.715 9.655 9.66 9.75 9.82 9.83 9.81 9.765 9.708 9.683 9.697 9.687 9.597 9.463 9.332 9.2 9.055 8.895 8.735 8.603 8.52 8.473 8.438 8.415 8.392 8.365 8.31 8.248 8.202 8.162 8.127 8.087 8.032 7.965 7.88 7.803 7.76 7.745 7.755 7.775 7.787 7.8 7.832 7.85 7.83 7.805 7.785 7.788 7.83 7.852 7.81 7.745 7.69 7.642 7.592 7.515 7.425 7.38 7.382 7.392 7.398 7.403 7.402 7.387 7.36 7.33 7.308 7.335 7.392 7.435
10.13 10.075 10.02 9.975 9.937 9.892 9.835 9.773 9.71 9.65 9.67 9.742 9.765 9.765 9.762 9.745 9.702 9.677 9.662 9.58 9.45 9.315 9.185 9.06 8.93 8.787 8.645 8.548 8.493 8.448 8.413 8.385 8.355 8.322 8.262 8.185 8.128 8.09 8.06 8.032 7.997 7.942 7.87 7.815 7.785 7.763 7.765 7.78 7.787 7.798 7.815 7.81 7.78 7.753 7.75 7.79 7.85 7.89 7.862 7.785 7.713 7.653 7.593 7.523 7.45 7.398 7.39 7.407 7.42 7.43 7.425 7.4 7.367 7.335 7.328 7.37 7.435 7.485
10.1 10.045 9.99 9.945 9.905 9.865 9.82 9.765 9.707 9.65 9.657 9.695 9.695 9.695 9.695 9.695 9.68 9.645 9.565 9.437 9.302 9.168 9.038 8.91 8.78 8.658 8.563 8.503 8.46 8.417 8.382 8.35 8.315 8.28 8.222 8.14 8.065 8.023 7.995 7.968 7.942 7.907 7.867 7.835 7.805 7.778 7.773 7.78 7.785 7.792 7.79 7.773 7.748 7.725 7.745 7.807 7.87 7.925 7.912 7.835 7.752 7.673 7.603 7.54 7.475 7.415 7.4 7.418 7.435 7.447 7.437 7.407 7.373 7.34 7.348 7.405 7.475 7.532
10.07 10.015 9.96 9.915 9.875 9.835 9.792 9.742 9.69 9.635 9.615 9.625 9.625 9.622 9.62 9.62 9.617 9.557 9.427 9.29 9.155 9.02 8.89 8.76 8.64 8.548 8.488 8.447 8.41 8.372 8.332 8.29 8.255 8.22 8.172 8.11 8.033 7.973 7.94 7.913 7.885 7.855 7.85 7.845 7.815 7.788 7.78 7.787 7.787 7.777 7.767 7.755 7.735 7.723 7.75 7.815 7.88 7.93 7.925 7.86 7.775 7.688 7.618 7.56 7.495 7.435 7.418 7.432 7.445 7.445 7.435 7.412 7.38 7.353 7.373 7.44 7.502 7.547
9.997 9.947 9.905 9.877 9.845 9.805 9.76 9.71 9.657 9.597 9.543 9.535 9.55 9.547 9.545 9.545 9.525 9.432 9.285 9.143 9.005 8.87 8.74 8.623 8.535 8.475 8.425 8.383 8.35 8.32 8.272 8.215 8.175 8.14 8.1 8.055 7.997 7.935 7.89 7.862 7.832 7.798 7.812 7.837 7.815 7.795 7.792 7.792 7.775 7.748 7.74 7.742 7.73 7.72 7.753 7.815 7.865 7.895 7.895 7.85 7.772 7.69 7.625 7.572 7.512 7.453 7.433 7.445 7.445 7.43 7.42 7.412 7.39 7.373 7.405 7.462 7.5 7.525
9.865 9.818 9.8 9.807 9.8 9.77 9.727 9.675 9.612 9.545 9.448 9.415 9.457 9.47 9.47 9.47 9.42 9.297 9.15 9.003 8.858 8.72 8.605 8.523 8.465 8.413 8.363 8.323 8.295 8.267 8.217 8.153 8.098 8.058 8.017 7.973 7.93 7.888 7.845 7.808 7.775 7.743 7.763 7.815 7.817 7.805 7.795 7.772 7.743 7.715 7.71 7.72 7.722 7.72 7.75 7.797 7.825 7.845 7.85 7.825 7.767 7.693 7.63 7.577 7.522 7.468 7.445 7.445 7.43 7.41 7.4 7.4 7.39 7.39 7.422 7.455 7.475 7.495
9.735 9.695 9.69 9.71 9.722 9.717 9.687 9.63 9.56 9.49 9.375 9.28 9.315 9.38 9.392 9.38 9.302 9.162 9.015 8.868 8.72 8.59 8.505 8.45 8.4 8.348 8.3 8.268 8.245 8.215 8.162 8.097 8.033 7.978 7.938 7.903 7.87 7.845 7.81 7.765 7.728 7.693 7.71 7.78 7.81 7.797 7.772 7.74 7.71 7.683 7.675 7.685 7.697 7.707 7.728 7.755 7.775 7.795 7.8 7.785 7.752 7.695 7.635 7.582 7.527 7.48 7.455 7.438 7.415 7.395 7.383 7.383 7.385 7.395 7.415 7.433 7.45 7.47
9.645 9.615 9.61 9.623 9.637 9.64 9.617 9.57 9.505 9.435 9.325 9.175 9.143 9.237 9.302 9.28 9.175 9.03 8.88 8.733 8.59 8.485 8.425 8.375 8.325 8.28 8.245 8.22 8.2 8.167 8.11 8.043 7.978 7.93 7.895 7.863 7.838 7.812 7.777 7.735 7.692 7.645 7.648 7.712 7.765 7.767 7.74 7.707 7.675 7.648 7.64 7.65 7.665 7.683 7.703 7.725 7.745 7.765 7.767 7.748 7.722 7.677 7.617 7.562 7.515 7.493 7.483 7.46 7.435 7.413 7.393 7.388 7.395 7.403 7.415 7.433 7.448 7.465
9.575 9.543 9.538 9.55 9.552 9.535 9.505 9.477 9.437 9.375 9.275 9.118 8.99 9.03 9.147 9.15 9.04 8.895 8.745 8.595 8.47 8.393 8.34 8.29 8.248 8.223 8.205 8.185 8.157 8.115 8.057 7.99 7.933 7.915 7.89 7.843 7.81 7.78 7.745 7.702 7.652 7.595 7.583 7.628 7.687 7.715 7.697 7.67 7.64 7.613 7.605 7.62 7.64 7.66 7.685 7.712 7.735 7.752 7.747 7.72 7.685 7.635 7.575 7.53 7.513 7.52 7.525 7.507 7.482 7.455 7.43 7.418 7.415 7.418 7.428 7.445 7.463 7.48
9.5 9.47 9.462 9.465 9.442 9.41 9.378 9.355 9.34 9.307 9.227 9.075 8.895 8.835 8.895 8.92 8.867 8.752 8.605 8.468 8.373 8.31 8.255 8.213 8.19 8.185 8.175 8.147 8.105 8.055 8 7.938 7.903 7.912 7.9 7.84 7.785 7.75 7.712 7.662 7.605 7.545 7.53 7.563 7.608 7.642 7.642 7.625 7.603 7.578 7.573 7.593 7.618 7.64 7.665 7.695 7.72 7.735 7.722 7.685 7.64 7.588 7.545 7.535 7.545 7.56 7.567 7.552 7.525 7.495 7.473 7.458 7.445 7.44 7.445 7.46 7.48 7.503
9.41 9.393 9.375 9.352 9.318 9.285 9.253 9.223 9.21 9.205 9.162 9.03 8.843 8.703 8.65 8.638 8.615 8.57 8.468 8.358 8.29 8.23 8.183 8.16 8.155 8.155 8.137 8.095 8.045 7.995 7.94 7.895 7.893 7.92 7.92 7.86 7.78 7.723 7.672 7.615 7.555 7.495 7.48 7.51 7.543 7.58 7.6 7.593 7.58 7.57 7.573 7.59 7.61 7.628 7.65 7.68 7.705 7.712 7.687 7.643 7.595 7.56 7.555 7.57 7.587 7.602 7.61 7.595 7.565 7.535 7.515 7.503 7.49 7.48 7.478 7.488 7.505 7.528
