EGM722_Project_Data/DTM_asc/TL4654.asc
ncols         200
nrows         200
xllcorner     546000.000
yllcorner     254000.000
cellsize      5
NODATA_value  -9999.0
[rows 64 to 95 of 200, columns 73 to 145 of 200]
15.165 15.228 15.333 15.455 15.585 15.655 15.645 15.623 15.613 15.59 15.555 15.525 15.495 15.495 15.52 15.532 15.52 15.49 15.46 15.428 15.415 15.458 15.533 15.613 15.697 15.74 15.735 15.735 15.745 15.7 15.592 15.47 15.37 15.365 15.435 15.52 15.532 15.4 15.235 15.225 15.523 15.795 15.795 15.722 15.643 15.595 15.575 15.56 15.56 15.59 15.627 15.63 15.613 15.63 15.667 15.685 15.685 15.677 15.67 15.66 15.64 15.64 15.675 15.71 15.74 15.78 15.815 15.812 15.793 15.792 15.775 15.715 15.658
15.133 15.205 15.325 15.455 15.587 15.655 15.64 15.61 15.585 15.56 15.533 15.505 15.475 15.473 15.498 15.525 15.537 15.52 15.49 15.455 15.443 15.49 15.573 15.66 15.74 15.772 15.767 15.762 15.752 15.682 15.555 15.425 15.335 15.345 15.42 15.497 15.55 15.437 15.303 15.373 15.637 15.825 15.817 15.777 15.708 15.66 15.64 15.62 15.605 15.61 15.61 15.59 15.57 15.58 15.623 15.665 15.69 15.69 15.68 15.675 15.665 15.67 15.702 15.737 15.77 15.797 15.8 15.777 15.758 15.745 15.71 15.66 15.633
15.115 15.2 15.32 15.45 15.582 15.645 15.625 15.595 15.57 15.553 15.533 15.505 15.475 15.473 15.5 15.53 15.562 15.565 15.535 15.503 15.498 15.553 15.64 15.725 15.772 15.775 15.767 15.76 15.737 15.652 15.52 15.4 15.35 15.378 15.425 15.473 15.515 15.49 15.518 15.677 15.81 15.847 15.835 15.815 15.767 15.725 15.705 15.688 15.67 15.658 15.645 15.625 15.603 15.608 15.648 15.687 15.68 15.65 15.64 15.632 15.645 15.675 15.707 15.742 15.767 15.767 15.747 15.725 15.733 15.74 15.718 15.695 15.68
15.125 15.205 15.315 15.44 15.57 15.627 15.605 15.58 15.565 15.557 15.547 15.525 15.495 15.495 15.528 15.565 15.61 15.622 15.595 15.575 15.58 15.635 15.725 15.78 15.772 15.75 15.74 15.727 15.702 15.617 15.485 15.415 15.445 15.488 15.505 15.525 15.55 15.595 15.662 15.745 15.835 15.88 15.87 15.847 15.812 15.79 15.78 15.765 15.75 15.74 15.74 15.732 15.713 15.718 15.745 15.725 15.63 15.558 15.545 15.55 15.6 15.655 15.69 15.715 15.715 15.697 15.675 15.683 15.745 15.782 15.765 15.743 15.728
15.135 15.215 15.32 15.435 15.557 15.61 15.59 15.575 15.565 15.56 15.555 15.54 15.518 15.52 15.558 15.608 15.66 15.677 15.663 15.66 15.673 15.722 15.782 15.782 15.747 15.723 15.707 15.69 15.665 15.583 15.485 15.493 15.572 15.622 15.64 15.663 15.692 15.715 15.738 15.783 15.855 15.91 15.907 15.875 15.833 15.822 15.84 15.84 15.827 15.822 15.827 15.83 15.822 15.815 15.782 15.68 15.545 15.465 15.455 15.495 15.575 15.635 15.657 15.657 15.64 15.623 15.633 15.695 15.782 15.822 15.81 15.788 15.773
15.15 15.223 15.33 15.44 15.55 15.597 15.585 15.575 15.565 15.56 15.555 15.545 15.538 15.555 15.6 15.653 15.705 15.735 15.745 15.752 15.757 15.772 15.767 15.73 15.705 15.693 15.675 15.655 15.63 15.568 15.545 15.61 15.695 15.752 15.777 15.795 15.805 15.817 15.837 15.865 15.91 15.947 15.932 15.885 15.835 15.825 15.86 15.885 15.895 15.895 15.885 15.875 15.862 15.82 15.722 15.595 15.465 15.38 15.39 15.465 15.555 15.605 15.61 15.608 15.603 15.6 15.645 15.737 15.822 15.857 15.847 15.833 15.82
15.155 15.22 15.33 15.442 15.552 15.61 15.61 15.598 15.585 15.583 15.58 15.573 15.573 15.6 15.65 15.702 15.745 15.745 15.717 15.702 15.692 15.667 15.628 15.615 15.653 15.67 15.65 15.628 15.6 15.583 15.615 15.685 15.757 15.807 15.822 15.82 15.81 15.807 15.825 15.86 15.897 15.927 15.925 15.885 15.835 15.825 15.857 15.887 15.87 15.837 15.825 15.802 15.777 15.71 15.595 15.475 15.375 15.34 15.39 15.48 15.56 15.598 15.605 15.618 15.63 15.64 15.69 15.782 15.855 15.877 15.872 15.875 15.875
15.145 15.213 15.325 15.44 15.555 15.625 15.645 15.642 15.63 15.628 15.627 15.625 15.625 15.653 15.705 15.74 15.747 15.7 15.603 15.523 15.488 15.468 15.47 15.53 15.625 15.66 15.633 15.608 15.588 15.588 15.607 15.65 15.707 15.745 15.755 15.75 15.74 15.728 15.723 15.743 15.78 15.827 15.875 15.877 15.833 15.823 15.852 15.827 15.712 15.645 15.655 15.65 15.632 15.565 15.455 15.375 15.348 15.375 15.45 15.53 15.59 15.625 15.642 15.66 15.675 15.685 15.735 15.815 15.865 15.88 15.885 15.91 15.932
15.138 15.208 15.323 15.44 15.555 15.627 15.66 15.677 15.675 15.672 15.675 15.675 15.678 15.705 15.735 15.73 15.707 15.65 15.533 15.405 15.343 15.35 15.415 15.515 15.612 15.645 15.623 15.608 15.6 15.59 15.578 15.585 15.613 15.64 15.66 15.672 15.67 15.655 15.64 15.64 15.663 15.713 15.782 15.835 15.825 15.82 15.8 15.675 15.508 15.435 15.455 15.47 15.475 15.445 15.395 15.385 15.405 15.445 15.51 15.57 15.62 15.655 15.675 15.695 15.712 15.725 15.77 15.832 15.867 15.883 15.903 15.945 15.985
15.153 15.205 15.32 15.438 15.552 15.63 15.665 15.695 15.707 15.707 15.71 15.712 15.72 15.727 15.715 15.688 15.66 15.6 15.485 15.368 15.325 15.365 15.443 15.528 15.607 15.637 15.627 15.622 15.62 15.61 15.592 15.575 15.565 15.573 15.585 15.598 15.605 15.595 15.578 15.565 15.563 15.6 15.673 15.748 15.792 15.772 15.665 15.505 15.345 15.268 15.288 15.32 15.353 15.388 15.415 15.437 15.46 15.497 15.55 15.6 15.65 15.685 15.702 15.72 15.74 15.757 15.792 15.84 15.87 15.895 15.935 15.985 16.033
15.248 15.218 15.323 15.438 15.552 15.63 15.667 15.695 15.702 15.7 15.7 15.705 15.732 15.74 15.71 15.68 15.65 15.59 15.48 15.398 15.395 15.445 15.515 15.58 15.607 15.602 15.597 15.595 15.602 15.607 15.595 15.575 15.555 15.55 15.558 15.568 15.583 15.578 15.555 15.54 15.525 15.548 15.615 15.688 15.76 15.765 15.663 15.515 15.365 15.245 15.215 15.25 15.295 15.365 15.432 15.467 15.49 15.525 15.577 15.627 15.667 15.682 15.687 15.702 15.72 15.742 15.778 15.825 15.883 15.935 15.983 16.035 16.085
15.345 15.248 15.338 15.443 15.557 15.635 15.667 15.675 15.663 15.655 15.655 15.675 15.737 15.765 15.737 15.71 15.68 15.617 15.525 15.48 15.488 15.528 15.592 15.617 15.572 15.53 15.528 15.535 15.553 15.572 15.58 15.57 15.55 15.545 15.555 15.573 15.595 15.592 15.568 15.55 15.535 15.553 15.61 15.675 15.745 15.797 15.782 15.677 15.53 15.368 15.24 15.215 15.255 15.33 15.422 15.485 15.515 15.55 15.6 15.64 15.665 15.665 15.653 15.653 15.663 15.69 15.758 15.865 15.983 16.038 16.053 16.095 16.145
15.395 15.288 15.368 15.458 15.562 15.64 15.655 15.64 15.618 15.605 15.618 15.668 15.75 15.785 15.762 15.735 15.705 15.65 15.595 15.58 15.58 15.607 15.63 15.587 15.51 15.468 15.473 15.49 15.51 15.53 15.55 15.557 15.545 15.543 15.558 15.58 15.607 15.61 15.585 15.563 15.545 15.56 15.613 15.67 15.733 15.782 15.812 15.797 15.695 15.53 15.355 15.23 15.215 15.29 15.39 15.482 15.54 15.577 15.615 15.637 15.655 15.667 15.653 15.628 15.628 15.693 15.83 16 16.155 16.2 16.175 16.175 16.205
15.407 15.33 15.4 15.487 15.575 15.627 15.622 15.6 15.575 15.565 15.603 15.677 15.762 15.802 15.785 15.757 15.727 15.69 15.665 15.655 15.645 15.647 15.617 15.545 15.473 15.44 15.453 15.468 15.483 15.498 15.515 15.53 15.535 15.545 15.568 15.593 15.62 15.625 15.602 15.578 15.555 15.568 15.618 15.675 15.733 15.775 15.805 15.835 15.807 15.675 15.5 15.325 15.225 15.265 15.365 15.47 15.547 15.582 15.605 15.622 15.64 15.66 15.683 15.698 15.72 15.825 15.993 16.163 16.325 16.38 16.343 16.308 16.295
15.368 15.343 15.4 15.477 15.55 15.582 15.57 15.55 15.53 15.535 15.59 15.677 15.77 15.812 15.787 15.745 15.7 15.67 15.66 15.647 15.635 15.627 15.6 15.54 15.47 15.45 15.475 15.49 15.498 15.5 15.508 15.523 15.538 15.558 15.583 15.608 15.632 15.637 15.62 15.595 15.57 15.58 15.633 15.695 15.753 15.795 15.823 15.845 15.822 15.7 15.525 15.363 15.28 15.328 15.43 15.533 15.582 15.558 15.545 15.565 15.585 15.615 15.743 15.882 15.943 16.048 16.203 16.36 16.505 16.55 16.51 16.467 16.428
15.335 15.325 15.358 15.413 15.477 15.512 15.505 15.49 15.5 15.535 15.58 15.64 15.725 15.767 15.735 15.68 15.623 15.595 15.592 15.585 15.575 15.575 15.575 15.54 15.478 15.468 15.51 15.535 15.54 15.535 15.53 15.538 15.553 15.573 15.597 15.622 15.645 15.652 15.638 15.618 15.605 15.618 15.665 15.725 15.785 15.83 15.855 15.84 15.76 15.617 15.448 15.35 15.373 15.463 15.567 15.64 15.63 15.548 15.48 15.475 15.495 15.573 15.808 16.07 16.187 16.285 16.437 16.58 16.685 16.702 16.66 16.617 16.575
15.315 15.308 15.323 15.353 15.405 15.442 15.445 15.458 15.513 15.567 15.595 15.617 15.65 15.657 15.632 15.592 15.543 15.52 15.522 15.522 15.513 15.513 15.525 15.52 15.483 15.483 15.535 15.572 15.582 15.575 15.563 15.558 15.57 15.59 15.613 15.638 15.66 15.672 15.668 15.658 15.655 15.67 15.71 15.76 15.815 15.86 15.855 15.782 15.675 15.533 15.423 15.435 15.508 15.597 15.682 15.7 15.652 15.565 15.463 15.405 15.408 15.558 15.86 16.182 16.397 16.527 16.665 16.772 16.842 16.847 16.805 16.765 16.725
15.298 15.293 15.308 15.325 15.353 15.385 15.417 15.472 15.545 15.582 15.585 15.582 15.57 15.545 15.52 15.49 15.455 15.443 15.448 15.453 15.448 15.45 15.465 15.475 15.475 15.5 15.555 15.602 15.622 15.615 15.6 15.587 15.593 15.61 15.633 15.66 15.688 15.707 15.712 15.707 15.7 15.71 15.752 15.802 15.85 15.862 15.797 15.695 15.59 15.5 15.5 15.572 15.645 15.722 15.76 15.735 15.677 15.587 15.48 15.383 15.378 15.58 15.91 16.245 16.545 16.745 16.86 16.932 16.985 16.99 16.95 16.91 16.87
15.295 15.285 15.295 15.312 15.328 15.338 15.365 15.425 15.49 15.522 15.515 15.495 15.472 15.445 15.418 15.398 15.393 15.398 15.4 15.403 15.413 15.43 15.448 15.465 15.49 15.533 15.585 15.622 15.632 15.625 15.612 15.602 15.61 15.638 15.67 15.7 15.73 15.752 15.757 15.752 15.695 15.632 15.65 15.702 15.757 15.792 15.747 15.645 15.54 15.518 15.595 15.685 15.772 15.82 15.805 15.762 15.702 15.613 15.52 15.483 15.583 15.838 16.155 16.48 16.75 16.895 16.965 17.02 17.07 17.092 17.072 17.035 16.995
15.315 15.295 15.29 15.3 15.315 15.307 15.28 15.298 15.355 15.4 15.412 15.4 15.375 15.348 15.333 15.34 15.368 15.387 15.39 15.398 15.43 15.465 15.485 15.508 15.535 15.575 15.617 15.627 15.613 15.6 15.595 15.6 15.62 15.662 15.712 15.75 15.78 15.8 15.802 15.75 15.602 15.47 15.438 15.463 15.52 15.61 15.667 15.63 15.538 15.528 15.622 15.725 15.815 15.842 15.817 15.785 15.728 15.688 15.703 15.79 15.998 16.29 16.587 16.82 16.945 16.987 17.01 17.053 17.1 17.137 17.155 17.14 17.105
15.347 15.325 15.3 15.293 15.305 15.29 15.233 15.195 15.22 15.265 15.29 15.295 15.278 15.268 15.283 15.315 15.355 15.38 15.393 15.423 15.475 15.515 15.535 15.555 15.58 15.612 15.63 15.615 15.59 15.58 15.588 15.603 15.628 15.675 15.735 15.79 15.83 15.85 15.805 15.657 15.465 15.328 15.27 15.255 15.28 15.36 15.47 15.54 15.523 15.53 15.62 15.72 15.78 15.782 15.765 15.773 15.838 15.943 16.063 16.215 16.445 16.7 16.892 16.99 17.035 17.065 17.07 17.093 17.13 17.162 17.197 17.217 17.212
15.385 15.362 15.327 15.303 15.297 15.267 15.205 15.143 15.113 15.13 15.163 15.193 15.21 15.233 15.268 15.305 15.345 15.378 15.413 15.465 15.525 15.565 15.582 15.6 15.62 15.64 15.64 15.618 15.595 15.59 15.603 15.618 15.638 15.683 15.745 15.81 15.867 15.855 15.722 15.528 15.335 15.2 15.155 15.148 15.16 15.223 15.32 15.42 15.493 15.528 15.553 15.6 15.64 15.635 15.663 15.815 16.073 16.297 16.455 16.62 16.797 16.937 17.015 17.062 17.11 17.14 17.137 17.135 17.155 17.185 17.217 17.25 17.277
15.4 15.375 15.337 15.302 15.27 15.22 15.152 15.09 15.058 15.075 15.118 15.163 15.205 15.243 15.278 15.315 15.353 15.385 15.425 15.48 15.537 15.58 15.6 15.615 15.632 15.655 15.667 15.655 15.638 15.635 15.645 15.658 15.673 15.708 15.765 15.83 15.892 15.832 15.645 15.45 15.26 15.145 15.14 15.165 15.19 15.245 15.328 15.425 15.555 15.642 15.625 15.58 15.55 15.55 15.698 16.01 16.347 16.605 16.757 16.857 16.94 17.002 17.057 17.11 17.15 17.177 17.187 17.178 17.178 17.198 17.227 17.26 17.292
15.34 15.312 15.275 15.235 15.19 15.13 15.068 15.038 15.055 15.1 15.147 15.192 15.235 15.27 15.305 15.342 15.375 15.398 15.418 15.455 15.507 15.555 15.587 15.607 15.625 15.657 15.695 15.702 15.69 15.693 15.705 15.718 15.735 15.76 15.8 15.857 15.905 15.82 15.62 15.423 15.23 15.14 15.177 15.227 15.26 15.315 15.415 15.558 15.722 15.847 15.89 15.84 15.74 15.74 15.953 16.283 16.622 16.875 16.945 16.935 16.97 17.03 17.085 17.13 17.147 17.172 17.21 17.217 17.208 17.21 17.233 17.265 17.298
15.228 15.198 15.16 15.123 15.08 15.035 15.018 15.043 15.087 15.132 15.175 15.217 15.26 15.297 15.332 15.365 15.395 15.415 15.423 15.438 15.478 15.525 15.565 15.595 15.615 15.65 15.702 15.74 15.745 15.75 15.767 15.782 15.8 15.82 15.848 15.89 15.907 15.8 15.6 15.4 15.203 15.133 15.198 15.268 15.323 15.41 15.56 15.74 15.907 16.022 16.105 16.13 16.065 16.083 16.3 16.602 16.907 17.082 17.065 16.998 17.003 17.06 17.107 17.13 17.13 17.155 17.205 17.242 17.247 17.24 17.248 17.27 17.305
15.123 15.093 15.058 15.025 14.995 14.988 15.02 15.065 15.107 15.152 15.197 15.24 15.282 15.322 15.355 15.382 15.41 15.432 15.44 15.443 15.46 15.495 15.535 15.572 15.605 15.645 15.7 15.755 15.787 15.805 15.825 15.842 15.862 15.885 15.907 15.937 15.917 15.772 15.555 15.338 15.188 15.203 15.3 15.383 15.463 15.578 15.748 15.932 16.092 16.2 16.282 16.357 16.365 16.428 16.652 16.892 17.085 17.17 17.137 17.073 17.05 17.085 17.112 17.115 17.11 17.135 17.188 17.242 17.275 17.28 17.278 17.288 17.33
15.05 15.025 14.995 14.968 14.955 14.978 15.022 15.065 15.107 15.152 15.2 15.247 15.292 15.33 15.36 15.388 15.425 15.457 15.465 15.468 15.48 15.483 15.495 15.535 15.578 15.637 15.705 15.76 15.805 15.835 15.855 15.865 15.842 15.825 15.842 15.865 15.815 15.637 15.403 15.238 15.24 15.375 15.52 15.625 15.715 15.825 15.973 16.137 16.28 16.38 16.46 16.542 16.607 16.695 16.85 16.997 17.11 17.175 17.17 17.13 17.098 17.095 17.1 17.098 17.095 17.12 17.173 17.235 17.303 17.343 17.35 17.36 17.408
15.005 14.985 14.958 14.94 14.94 14.97 15.017 15.06 15.103 15.148 15.195 15.242 15.287 15.322 15.35 15.39 15.45 15.49 15.498 15.51 15.537 15.515 15.473 15.49 15.538 15.612 15.7 15.767 15.815 15.845 15.837 15.785 15.69 15.628 15.637 15.647 15.582 15.4 15.235 15.243 15.38 15.56 15.742 15.89 15.995 16.105 16.24 16.36 16.46 16.555 16.642 16.725 16.807 16.857 16.895 16.983 17.097 17.172 17.175 17.145 17.12 17.105 17.098 17.093 17.103 17.148 17.218 17.3 17.39 17.452 17.475 17.49 17.53
14.965 14.948 14.93 14.928 14.935 14.963 15.01 15.055 15.098 15.143 15.19 15.235 15.28 15.318 15.355 15.413 15.48 15.52 15.538 15.57 15.61 15.582 15.495 15.46 15.498 15.575 15.67 15.76 15.81 15.795 15.717 15.605 15.485 15.42 15.415 15.405 15.338 15.233 15.24 15.38 15.553 15.733 15.925 16.11 16.257 16.38 16.482 16.547 16.61 16.702 16.805 16.902 16.992 17.017 16.99 17.003 17.083 17.167 17.18 17.153 17.135 17.125 17.115 17.128 17.18 17.258 17.345 17.435 17.525 17.59 17.615 17.63 17.66
14.925 14.918 14.915 14.92 14.93 14.955 15 15.048 15.093 15.138 15.182 15.227 15.273 15.317 15.372 15.437 15.505 15.555 15.592 15.64 15.685 15.652 15.547 15.463 15.46 15.535 15.627 15.722 15.76 15.682 15.55 15.42 15.29 15.213 15.195 15.185 15.17 15.225 15.38 15.555 15.727 15.902 16.09 16.285 16.45 16.565 16.632 16.682 16.74 16.825 16.932 17.037 17.135 17.172 17.147 17.115 17.115 17.165 17.187 17.168 17.153 17.153 17.178 17.238 17.322 17.41 17.492 17.567 17.642 17.697 17.725 17.745 17.77
14.898 14.905 14.918 14.925 14.935 14.958 15 15.05 15.098 15.138 15.175 15.22 15.265 15.305 15.357 15.425 15.492 15.542 15.582 15.63 15.677 15.65 15.55 15.455 15.428 15.488 15.575 15.665 15.685 15.585 15.44 15.3 15.175 15.105 15.09 15.09 15.113 15.243 15.452 15.65 15.842 16.045 16.23 16.387 16.522 16.615 16.68 16.745 16.817 16.91 17.015 17.115 17.212 17.267 17.265 17.24 17.208 17.21 17.225 17.218 17.21 17.223 17.283 17.367 17.452 17.53 17.595 17.655 17.712 17.755 17.785 17.812 17.837
14.883 14.898 14.927 14.945 14.955 14.978 15.018 15.065 15.115 15.15 15.175 15.213 15.257 15.288 15.32 15.38 15.445 15.482 15.503 15.54 15.59 15.567 15.478 15.42 15.413 15.448 15.518 15.605 15.615 15.505 15.365 15.248 15.155 15.103 15.09 15.09 15.095 15.205 15.417 15.633 15.875 16.137 16.31 16.417 16.53 16.615 16.683 16.758 16.848 16.952 17.062 17.167 17.267 17.332 17.34 17.323 17.33 17.348 17.345 17.34 17.34 17.35 17.388 17.458 17.542 17.61 17.655 17.703 17.757 17.8 17.828 17.855 17.883
