EGM722_Project_Data/DTM_asc/TL4661.asc
ncols         200
nrows         200
xllcorner     546000.000
yllcorner     261000.000
cellsize      5
NODATA_value  -9999.0
[rows 0 to 33 of 200, columns 0 to 74 of 200]
12.427 12.355 12.272 12.195 12.165 12.205 12.293 12.403 12.53 12.667 12.742 12.72 12.635 12.523 12.425 12.355 12.28 12.203 12.15 12.133 12.158 12.203 12.255 12.315 12.375 12.45 12.563 12.745 12.852 12.785 12.66 12.535 12.433 12.368 12.313 12.247 12.145 12 11.89 11.82 11.753 11.7 11.688 11.725 11.742 11.72 11.72 11.74 11.76 11.78 11.8 11.82 11.848 11.935 12.052 12.125 12.167 12.187 12.165 12.128 12.128 12.157 12.155 12.125 12.072 12.008 11.99 11.98 11.965 11.947 11.88 11.795 11.738 11.713 11.715
12.455 12.415 12.385 12.34 12.282 12.255 12.323 12.46 12.602 12.735 12.762 12.67 12.555 12.44 12.335 12.265 12.208 12.158 12.15 12.18 12.227 12.285 12.342 12.395 12.462 12.567 12.69 12.817 12.83 12.712 12.587 12.462 12.338 12.243 12.18 12.115 12.043 11.953 11.868 11.8 11.73 11.663 11.633 11.653 11.685 11.695 11.7 11.72 11.74 11.76 11.78 11.8 11.82 11.87 11.943 12 12.053 12.105 12.132 12.14 12.16 12.19 12.202 12.205 12.212 12.187 12.152 12.13 12.095 12.06 11.995 11.895 11.798 11.733 11.725
12.455 12.42 12.407 12.392 12.357 12.313 12.348 12.48 12.63 12.73 12.717 12.617 12.495 12.375 12.26 12.188 12.15 12.138 12.173 12.227 12.28 12.335 12.382 12.417 12.49 12.607 12.73 12.797 12.75 12.625 12.477 12.335 12.225 12.165 12.12 12.055 11.99 11.928 11.865 11.8 11.73 11.685 11.678 11.678 11.685 11.693 11.7 11.72 11.743 11.765 11.785 11.808 11.83 11.848 11.878 11.925 11.98 12.035 12.085 12.117 12.14 12.17 12.2 12.225 12.242 12.257 12.27 12.255 12.212 12.165 12.09 11.99 11.895 11.823 11.803
12.455 12.423 12.415 12.412 12.397 12.365 12.37 12.47 12.597 12.647 12.632 12.577 12.467 12.333 12.215 12.158 12.138 12.14 12.18 12.235 12.287 12.33 12.36 12.388 12.458 12.57 12.687 12.72 12.652 12.542 12.363 12.188 12.128 12.14 12.117 12.053 11.993 11.935 11.875 11.81 11.763 11.76 11.772 11.77 11.755 11.74 11.74 11.753 11.775 11.8 11.82 11.845 11.862 11.86 11.87 11.908 11.958 12.012 12.052 12.065 12.075 12.1 12.13 12.16 12.195 12.237 12.285 12.307 12.285 12.24 12.167 12.075 11.995 11.935 11.91
12.455 12.425 12.42 12.418 12.415 12.405 12.393 12.457 12.535 12.535 12.51 12.472 12.405 12.285 12.18 12.15 12.14 12.148 12.19 12.237 12.275 12.3 12.32 12.35 12.42 12.53 12.627 12.627 12.552 12.46 12.283 12.118 12.1 12.135 12.115 12.055 12 11.945 11.885 11.84 11.835 11.855 11.865 11.857 11.835 11.813 11.805 11.808 11.82 11.84 11.862 11.882 11.882 11.87 11.873 11.898 11.938 11.985 12.012 12.018 12.023 12.035 12.06 12.098 12.148 12.197 12.243 12.287 12.312 12.302 12.247 12.17 12.108 12.053 12.018
12.455 12.428 12.425 12.425 12.423 12.42 12.413 12.428 12.435 12.403 12.365 12.32 12.275 12.205 12.145 12.138 12.135 12.15 12.187 12.217 12.24 12.26 12.28 12.313 12.383 12.492 12.555 12.52 12.447 12.365 12.213 12.098 12.11 12.14 12.125 12.07 12.013 11.958 11.918 11.913 11.927 11.945 11.952 11.937 11.91 11.885 11.875 11.875 11.877 11.885 11.9 11.907 11.895 11.878 11.875 11.895 11.927 11.957 11.97 11.975 11.98 11.985 12.008 12.055 12.112 12.16 12.2 12.245 12.29 12.32 12.307 12.262 12.22 12.17 12.125
12.458 12.435 12.433 12.43 12.43 12.438 12.44 12.425 12.393 12.35 12.31 12.265 12.22 12.173 12.145 12.143 12.14 12.145 12.16 12.18 12.2 12.22 12.243 12.28 12.35 12.45 12.477 12.412 12.34 12.267 12.153 12.09 12.122 12.15 12.147 12.107 12.053 11.998 11.975 11.99 12.007 12.015 12.007 11.987 11.96 11.935 11.917 11.91 11.91 11.912 11.915 11.91 11.897 11.882 11.875 11.89 11.92 11.937 11.935 11.935 11.94 11.945 11.97 12.02 12.08 12.13 12.17 12.215 12.257 12.29 12.302 12.285 12.255 12.217 12.185
12.458 12.44 12.443 12.453 12.468 12.477 12.47 12.455 12.432 12.392 12.35 12.307 12.26 12.205 12.173 12.168 12.17 12.17 12.158 12.15 12.16 12.18 12.208 12.248 12.315 12.387 12.38 12.308 12.233 12.165 12.108 12.093 12.12 12.147 12.16 12.145 12.11 12.06 12.038 12.052 12.057 12.045 12.025 12.007 11.985 11.96 11.93 11.9 11.893 11.897 11.895 11.887 11.88 11.87 11.865 11.883 11.915 11.93 11.92 11.905 11.903 11.908 11.933 11.988 12.055 12.11 12.152 12.192 12.222 12.245 12.255 12.24 12.21 12.188 12.185
12.465 12.465 12.483 12.51 12.525 12.51 12.488 12.478 12.467 12.437 12.393 12.35 12.297 12.235 12.2 12.2 12.215 12.227 12.21 12.17 12.143 12.143 12.17 12.213 12.277 12.315 12.273 12.208 12.16 12.128 12.118 12.118 12.123 12.145 12.16 12.157 12.145 12.112 12.095 12.097 12.08 12.055 12.038 12.022 12.005 11.98 11.942 11.898 11.868 11.86 11.858 11.852 11.845 11.835 11.843 11.875 11.91 11.93 11.922 11.895 11.878 11.873 11.898 11.96 12.03 12.087 12.127 12.155 12.175 12.195 12.205 12.19 12.163 12.163 12.182
12.525 12.537 12.552 12.565 12.557 12.53 12.51 12.503 12.495 12.475 12.435 12.385 12.325 12.263 12.235 12.242 12.25 12.25 12.235 12.195 12.15 12.125 12.138 12.18 12.232 12.24 12.2 12.173 12.165 12.165 12.167 12.162 12.153 12.155 12.16 12.157 12.152 12.142 12.13 12.115 12.09 12.065 12.05 12.035 12.02 11.997 11.96 11.915 11.868 11.835 11.823 11.82 11.82 11.82 11.835 11.868 11.9 11.927 11.925 11.895 11.87 11.85 11.865 11.923 11.99 12.047 12.08 12.1 12.12 12.14 12.155 12.145 12.133 12.16 12.187
12.557 12.565 12.572 12.597 12.605 12.575 12.553 12.535 12.518 12.505 12.475 12.417 12.347 12.285 12.26 12.26 12.25 12.235 12.215 12.18 12.145 12.12 12.125 12.163 12.198 12.193 12.175 12.175 12.175 12.172 12.17 12.172 12.172 12.165 12.157 12.153 12.148 12.145 12.135 12.115 12.093 12.075 12.063 12.048 12.032 12.015 11.995 11.96 11.913 11.868 11.83 11.818 11.825 11.833 11.848 11.875 11.905 11.927 11.92 11.892 11.868 11.845 11.845 11.88 11.937 11.992 12.025 12.045 12.065 12.085 12.105 12.11 12.125 12.17 12.182
12.522 12.53 12.54 12.6 12.662 12.652 12.623 12.595 12.568 12.547 12.497 12.412 12.33 12.278 12.257 12.242 12.227 12.212 12.19 12.158 12.13 12.115 12.125 12.16 12.2 12.2 12.165 12.145 12.14 12.135 12.13 12.143 12.16 12.16 12.153 12.148 12.142 12.137 12.125 12.108 12.093 12.087 12.08 12.063 12.045 12.03 12.027 12.017 11.985 11.94 11.893 11.858 11.848 11.85 11.865 11.895 11.917 11.925 11.91 11.885 11.865 11.85 11.843 11.85 11.885 11.937 11.975 11.995 12.015 12.035 12.052 12.072 12.112 12.162 12.155
12.482 12.495 12.51 12.58 12.685 12.725 12.705 12.672 12.617 12.542 12.445 12.34 12.275 12.253 12.24 12.22 12.205 12.19 12.165 12.14 12.125 12.115 12.125 12.163 12.215 12.23 12.183 12.13 12.105 12.095 12.093 12.11 12.137 12.15 12.147 12.142 12.138 12.132 12.12 12.108 12.103 12.102 12.097 12.077 12.055 12.04 12.038 12.042 12.037 12.01 11.967 11.923 11.888 11.873 11.883 11.905 11.915 11.915 11.902 11.883 11.87 11.86 11.85 11.845 11.853 11.888 11.925 11.945 11.962 11.977 11.99 12.008 12.047 12.08 12.055
12.432 12.457 12.483 12.563 12.685 12.767 12.752 12.675 12.575 12.458 12.34 12.26 12.24 12.238 12.225 12.205 12.188 12.17 12.15 12.135 12.123 12.113 12.128 12.173 12.23 12.262 12.232 12.165 12.108 12.068 12.058 12.08 12.11 12.135 12.143 12.138 12.133 12.128 12.12 12.118 12.12 12.12 12.11 12.087 12.063 12.045 12.043 12.05 12.06 12.057 12.035 11.997 11.953 11.915 11.9 11.903 11.905 11.905 11.898 11.888 11.88 11.87 11.86 11.855 11.85 11.855 11.873 11.888 11.9 11.91 11.923 11.935 11.95 11.942 11.9
12.37 12.413 12.458 12.542 12.647 12.742 12.742 12.638 12.52 12.403 12.295 12.24 12.235 12.235 12.225 12.208 12.19 12.175 12.16 12.14 12.12 12.11 12.133 12.185 12.24 12.28 12.275 12.22 12.15 12.083 12.055 12.078 12.11 12.138 12.15 12.145 12.14 12.135 12.13 12.132 12.135 12.13 12.115 12.092 12.068 12.05 12.05 12.06 12.068 12.075 12.082 12.062 12.017 11.968 11.928 11.915 11.913 11.903 11.895 11.895 11.89 11.88 11.87 11.865 11.86 11.853 11.855 11.865 11.875 11.883 11.895 11.91 11.887 11.833 11.78
12.313 12.368 12.415 12.473 12.545 12.642 12.695 12.63 12.517 12.4 12.308 12.265 12.253 12.25 12.24 12.223 12.21 12.207 12.195 12.163 12.133 12.115 12.133 12.18 12.225 12.265 12.275 12.242 12.192 12.13 12.095 12.113 12.14 12.16 12.17 12.165 12.157 12.15 12.145 12.145 12.14 12.127 12.115 12.097 12.075 12.06 12.06 12.07 12.08 12.098 12.12 12.112 12.07 12.013 11.96 11.94 11.93 11.9 11.885 11.895 11.897 11.89 11.88 11.875 11.873 11.87 11.875 11.885 11.892 11.898 11.907 11.905 11.842 11.755 11.695
12.305 12.368 12.42 12.44 12.45 12.53 12.635 12.615 12.505 12.4 12.328 12.295 12.278 12.268 12.255 12.243 12.24 12.242 12.232 12.2 12.168 12.145 12.143 12.16 12.19 12.23 12.242 12.225 12.2 12.165 12.14 12.147 12.165 12.18 12.19 12.185 12.175 12.165 12.16 12.155 12.14 12.123 12.11 12.097 12.08 12.068 12.07 12.085 12.108 12.132 12.157 12.157 12.117 12.057 11.995 11.96 11.932 11.885 11.868 11.885 11.9 11.9 11.89 11.888 11.89 11.89 11.895 11.902 11.907 11.912 11.915 11.875 11.78 11.683 11.615
12.33 12.4 12.482 12.51 12.478 12.49 12.572 12.585 12.498 12.42 12.373 12.34 12.313 12.29 12.275 12.273 12.278 12.28 12.27 12.245 12.217 12.192 12.177 12.175 12.185 12.205 12.21 12.198 12.185 12.175 12.163 12.163 12.177 12.195 12.205 12.2 12.19 12.18 12.17 12.155 12.135 12.115 12.1 12.09 12.08 12.078 12.09 12.113 12.14 12.165 12.19 12.2 12.165 12.103 12.038 11.98 11.925 11.87 11.848 11.86 11.882 11.9 11.902 11.902 11.905 11.907 11.912 11.915 11.917 11.922 11.905 11.827 11.715 11.61 11.535
12.358 12.438 12.535 12.592 12.582 12.555 12.565 12.567 12.522 12.478 12.445 12.413 12.38 12.35 12.335 12.333 12.332 12.317 12.287 12.262 12.235 12.207 12.195 12.195 12.195 12.198 12.2 12.198 12.193 12.188 12.178 12.165 12.17 12.19 12.202 12.2 12.187 12.172 12.157 12.14 12.12 12.105 12.1 12.098 12.093 12.098 12.12 12.147 12.173 12.198 12.222 12.24 12.215 12.152 12.085 12.01 11.935 11.868 11.82 11.813 11.835 11.872 11.895 11.897 11.902 11.915 11.917 11.91 11.91 11.912 11.88 11.79 11.678 11.565 11.483
12.39 12.477 12.58 12.665 12.677 12.63 12.577 12.545 12.537 12.532 12.522 12.5 12.472 12.445 12.425 12.417 12.395 12.33 12.27 12.243 12.218 12.195 12.185 12.188 12.19 12.195 12.207 12.217 12.217 12.212 12.2 12.178 12.165 12.175 12.187 12.185 12.17 12.15 12.132 12.115 12.1 12.1 12.11 12.117 12.118 12.128 12.152 12.18 12.205 12.23 12.255 12.277 12.262 12.205 12.135 12.055 11.973 11.89 11.818 11.773 11.783 11.835 11.867 11.875 11.893 11.92 11.92 11.898 11.89 11.89 11.852 11.767 11.662 11.548 11.46
12.413 12.502 12.6 12.675 12.675 12.602 12.523 12.49 12.505 12.522 12.535 12.537 12.532 12.527 12.515 12.48 12.405 12.308 12.248 12.225 12.205 12.188 12.18 12.183 12.188 12.195 12.21 12.227 12.237 12.235 12.22 12.2 12.18 12.17 12.17 12.162 12.145 12.125 12.105 12.09 12.09 12.103 12.117 12.13 12.137 12.155 12.182 12.21 12.235 12.26 12.285 12.31 12.307 12.255 12.18 12.1 12.018 11.935 11.855 11.79 11.778 11.815 11.848 11.868 11.9 11.935 11.932 11.9 11.878 11.87 11.825 11.735 11.64 11.533 11.445
12.43 12.507 12.567 12.6 12.582 12.51 12.445 12.435 12.452 12.468 12.485 12.502 12.517 12.535 12.542 12.492 12.388 12.29 12.238 12.215 12.195 12.18 12.175 12.178 12.185 12.195 12.21 12.23 12.247 12.25 12.235 12.215 12.195 12.172 12.158 12.145 12.125 12.105 12.085 12.078 12.09 12.107 12.122 12.135 12.148 12.17 12.2 12.227 12.252 12.28 12.307 12.335 12.347 12.305 12.225 12.145 12.065 11.985 11.905 11.853 11.835 11.83 11.84 11.87 11.91 11.942 11.937 11.905 11.875 11.85 11.792 11.7 11.607 11.51 11.438
12.43 12.495 12.505 12.5 12.485 12.418 12.375 12.383 12.398 12.415 12.432 12.448 12.465 12.482 12.497 12.475 12.39 12.293 12.238 12.213 12.19 12.173 12.168 12.175 12.185 12.195 12.21 12.23 12.25 12.255 12.237 12.212 12.19 12.167 12.15 12.137 12.12 12.103 12.085 12.08 12.093 12.11 12.125 12.138 12.155 12.178 12.205 12.232 12.26 12.29 12.32 12.342 12.347 12.322 12.267 12.195 12.115 12.035 11.963 11.925 11.905 11.86 11.835 11.86 11.9 11.917 11.9 11.87 11.84 11.807 11.745 11.655 11.562 11.463 11.403
12.407 12.472 12.455 12.41 12.387 12.335 12.313 12.328 12.345 12.362 12.378 12.395 12.412 12.427 12.442 12.44 12.387 12.3 12.243 12.217 12.193 12.17 12.165 12.175 12.185 12.195 12.21 12.23 12.247 12.25 12.23 12.2 12.173 12.15 12.138 12.132 12.122 12.107 12.093 12.09 12.098 12.11 12.125 12.14 12.16 12.183 12.208 12.235 12.265 12.295 12.315 12.317 12.307 12.295 12.272 12.23 12.165 12.085 12.028 11.992 11.942 11.873 11.828 11.84 11.87 11.86 11.825 11.795 11.767 11.74 11.685 11.597 11.502 11.393 11.333
12.377 12.45 12.425 12.34 12.293 12.263 12.258 12.275 12.292 12.307 12.323 12.34 12.357 12.373 12.387 12.39 12.362 12.3 12.248 12.222 12.195 12.17 12.165 12.175 12.188 12.198 12.208 12.225 12.242 12.245 12.225 12.193 12.16 12.135 12.125 12.125 12.122 12.11 12.098 12.1 12.105 12.113 12.128 12.145 12.165 12.188 12.213 12.24 12.267 12.285 12.285 12.273 12.26 12.25 12.237 12.222 12.19 12.132 12.08 12.025 11.952 11.878 11.82 11.817 11.822 11.785 11.748 11.72 11.693 11.667 11.622 11.54 11.435 11.318 11.26
12.337 12.422 12.405 12.295 12.215 12.193 12.205 12.223 12.238 12.253 12.268 12.283 12.3 12.318 12.333 12.337 12.322 12.285 12.25 12.225 12.195 12.17 12.168 12.183 12.198 12.208 12.215 12.228 12.243 12.245 12.223 12.188 12.155 12.125 12.11 12.113 12.115 12.11 12.105 12.107 12.11 12.112 12.127 12.152 12.175 12.195 12.217 12.24 12.252 12.25 12.24 12.228 12.215 12.205 12.195 12.185 12.172 12.152 12.107 12.035 11.958 11.88 11.813 11.785 11.76 11.71 11.675 11.65 11.62 11.595 11.557 11.475 11.36 11.243 11.193
12.26 12.345 12.337 12.23 12.155 12.15 12.173 12.188 12.203 12.218 12.233 12.248 12.265 12.283 12.295 12.293 12.275 12.252 12.227 12.202 12.177 12.16 12.17 12.195 12.212 12.225 12.235 12.245 12.255 12.265 12.24 12.193 12.16 12.13 12.113 12.112 12.11 12.097 12.09 12.09 12.09 12.085 12.095 12.125 12.15 12.172 12.21 12.24 12.233 12.21 12.195 12.188 12.18 12.17 12.163 12.155 12.148 12.145 12.115 12.045 11.968 11.89 11.805 11.738 11.69 11.643 11.608 11.58 11.553 11.527 11.495 11.422 11.31 11.198 11.153
12.2 12.235 12.223 12.153 12.12 12.133 12.162 12.185 12.2 12.215 12.23 12.245 12.263 12.275 12.277 12.26 12.233 12.208 12.183 12.16 12.14 12.133 12.155 12.192 12.222 12.242 12.255 12.267 12.282 12.302 12.29 12.235 12.18 12.145 12.125 12.107 12.087 12.063 12.05 12.047 12.042 12.03 12.035 12.065 12.093 12.135 12.21 12.26 12.25 12.22 12.188 12.165 12.155 12.145 12.14 12.135 12.13 12.13 12.115 12.06 11.982 11.895 11.782 11.685 11.623 11.575 11.54 11.513 11.488 11.462 11.432 11.38 11.29 11.183 11.138
12.22 12.188 12.16 12.13 12.115 12.115 12.143 12.182 12.207 12.225 12.24 12.255 12.265 12.265 12.255 12.227 12.195 12.165 12.14 12.123 12.105 12.098 12.12 12.165 12.207 12.242 12.267 12.282 12.3 12.317 12.32 12.272 12.198 12.148 12.113 12.078 12.045 12.02 12.007 11.997 11.985 11.973 11.978 12.005 12.053 12.135 12.23 12.28 12.282 12.267 12.225 12.178 12.145 12.125 12.12 12.118 12.115 12.115 12.112 12.075 11.995 11.872 11.738 11.64 11.563 11.505 11.473 11.448 11.422 11.397 11.365 11.32 11.26 11.17 11.123
12.27 12.208 12.173 12.163 12.14 12.123 12.13 12.165 12.205 12.232 12.248 12.258 12.258 12.247 12.225 12.193 12.158 12.128 12.105 12.09 12.075 12.063 12.083 12.135 12.19 12.243 12.277 12.285 12.29 12.3 12.307 12.272 12.205 12.153 12.11 12.067 12.022 11.985 11.96 11.94 11.925 11.915 11.925 11.973 12.055 12.16 12.252 12.295 12.305 12.302 12.267 12.212 12.16 12.118 12.1 12.1 12.102 12.102 12.1 12.08 11.987 11.825 11.69 11.605 11.52 11.448 11.408 11.382 11.357 11.332 11.297 11.253 11.207 11.145 11.1
12.32 12.245 12.203 12.207 12.192 12.17 12.168 12.185 12.215 12.243 12.26 12.273 12.265 12.237 12.2 12.163 12.133 12.118 12.105 12.088 12.07 12.055 12.075 12.135 12.2 12.262 12.295 12.29 12.283 12.28 12.282 12.262 12.212 12.165 12.115 12.052 11.99 11.948 11.925 11.903 11.88 11.863 11.895 11.985 12.085 12.19 12.275 12.305 12.287 12.277 12.267 12.22 12.165 12.113 12.075 12.065 12.067 12.067 12.067 12.057 11.96 11.79 11.665 11.585 11.493 11.403 11.345 11.315 11.29 11.265 11.227 11.187 11.15 11.108 11.083
12.357 12.273 12.23 12.242 12.242 12.228 12.23 12.248 12.268 12.29 12.31 12.31 12.275 12.222 12.178 12.145 12.133 12.14 12.135 12.115 12.1 12.09 12.1 12.153 12.22 12.282 12.31 12.3 12.29 12.28 12.272 12.25 12.2 12.14 12.07 11.99 11.933 11.913 11.902 11.882 11.855 11.828 11.87 11.98 12.09 12.2 12.262 12.247 12.208 12.21 12.23 12.202 12.148 12.098 12.055 12.028 12.015 12.013 12.017 11.997 11.922 11.782 11.655 11.57 11.465 11.36 11.29 11.25 11.22 11.187 11.138 11.105 11.095 11.083 11.08
12.382 12.285 12.258 12.272 12.282 12.285 12.295 12.317 12.34 12.36 12.36 12.32 12.26 12.2 12.158 12.145 12.155 12.172 12.17 12.153 12.145 12.14 12.138 12.173 12.24 12.3 12.32 12.307 12.287 12.262 12.235 12.197 12.142 12.07 11.99 11.923 11.893 11.887 11.875 11.857 11.837 11.81 11.838 11.937 12.05 12.137 12.16 12.13 12.12 12.15 12.185 12.18 12.132 12.083 12.043 12.008 11.978 11.963 11.952 11.917 11.86 11.76 11.645 11.545 11.43 11.32 11.243 11.193 11.153 11.105 11.063 11.05 11.05 11.052 11.057
12.397 12.295 12.275 12.282 12.292 12.312 12.335 12.355 12.372 12.387 12.37 12.313 12.25 12.188 12.145 12.147 12.172 12.2 12.21 12.2 12.195 12.192 12.187 12.2 12.25 12.305 12.307 12.27 12.23 12.19 12.145 12.1 12.055 11.99 11.918 11.878 11.868 11.86 11.845 11.83 11.815 11.793 11.808 11.882 11.96 12 12.015 12.03 12.055 12.09 12.13 12.147 12.12 12.07 12.03 11.998 11.963 11.933 11.9 11.853 11.795 11.728 11.637 11.52 11.393 11.278 11.198 11.143 11.095 11.05 11.025 11.02 11.01 11.008 11.015
