EGM722_Project_Data/DTM_asc/TL4654.asc
ncols         200
nrows         200
xllcorner     546000.000
yllcorner     254000.000
cellsize      5
NODATA_value  -9999.0
[rows 32 to 63 of 200, columns 73 to 145 of 200]
15.523 15.5 15.465 15.415 15.36 15.305 15.265 15.24 15.215 15.172 15.118 15.08 15.075 15.055 14.998 14.973 14.985 15.05 15.328 15.745 16.285 16.667 16.624 16.295 15.773 15.358 14.828 14.536 14.503 14.613 14.96 15.2 15.5 15.527 15.235 14.97 14.785 14.635 14.535 14.51 14.53 14.678 14.93 15.175 15.415 15.577 15.62 15.62 15.62 15.62 15.62 15.62 15.62 15.62 15.605 15.577 15.535 15.493 15.48 15.538 15.703 15.88 16 16.092 16.177 16.197 16.15 16.062 15.903 15.768 15.74 15.795 15.89
15.537 15.512 15.47 15.42 15.373 15.338 15.32 15.305 15.28 15.237 15.182 15.13 15.09 15.045 14.978 14.908 15.145 15.59 16.017 16.367 16.469 16.232 15.76 15.412 14.925 14.603 14.62 14.595 14.748 14.992 15.195 15.4 15.597 15.56 15.267 14.957 14.698 14.55 14.51 14.51 14.545 14.71 14.967 15.22 15.465 15.602 15.62 15.62 15.62 15.62 15.62 15.62 15.62 15.62 15.615 15.61 15.595 15.57 15.56 15.56 15.608 15.705 15.8 15.885 15.97 15.99 15.932 15.812 15.63 15.465 15.433 15.525 15.63
15.547 15.52 15.475 15.43 15.393 15.37 15.362 15.352 15.335 15.295 15.24 15.187 15.117 15.04 14.977 14.923 15.163 15.849 16.322 16.072 15.663 15.392 14.925 14.643 14.668 14.658 14.78 14.95 15.05 15.225 15.427 15.56 15.597 15.425 15.115 14.822 14.595 14.515 14.51 14.51 14.533 14.693 14.962 15.23 15.49 15.617 15.62 15.62 15.62 15.62 15.62 15.62 15.623 15.637 15.65 15.653 15.658 15.642 15.612 15.597 15.583 15.56 15.593 15.678 15.762 15.782 15.702 15.55 15.373 15.253 15.27 15.378 15.48
15.542 15.522 15.483 15.445 15.415 15.395 15.385 15.375 15.365 15.335 15.285 15.225 15.125 15.023 14.97 14.94 14.833 15.055 15.482 15.355 14.878 14.678 14.708 14.693 14.82 15.01 15.1 15.168 15.263 15.42 15.527 15.517 15.417 15.135 14.795 14.59 14.515 14.51 14.51 14.51 14.513 14.64 14.905 15.182 15.455 15.605 15.62 15.62 15.62 15.62 15.62 15.623 15.633 15.658 15.702 15.74 15.752 15.722 15.65 15.605 15.585 15.513 15.448 15.478 15.557 15.572 15.46 15.308 15.205 15.188 15.258 15.36 15.462
15.505 15.522 15.5 15.467 15.438 15.42 15.41 15.4 15.39 15.37 15.327 15.242 15.113 14.998 14.94 14.85 14.695 14.678 14.685 14.668 14.693 14.69 14.85 15.067 15.172 15.245 15.315 15.385 15.48 15.56 15.517 15.362 15.14 14.825 14.575 14.51 14.51 14.51 14.51 14.515 14.548 14.638 14.835 15.105 15.38 15.57 15.62 15.62 15.62 15.623 15.628 15.635 15.65 15.66 15.713 15.8 15.842 15.812 15.72 15.633 15.587 15.517 15.405 15.338 15.36 15.345 15.243 15.17 15.15 15.18 15.263 15.365 15.47
15.472 15.517 15.507 15.485 15.46 15.445 15.435 15.425 15.415 15.402 15.352 15.235 15.088 14.97 14.875 14.785 14.64 14.593 14.655 14.683 14.863 15.1 15.235 15.325 15.395 15.465 15.532 15.6 15.66 15.595 15.398 15.135 14.843 14.623 14.535 14.53 14.563 14.628 14.693 14.743 14.748 14.748 14.853 15.07 15.323 15.535 15.62 15.62 15.62 15.628 15.642 15.655 15.667 15.66 15.7 15.81 15.895 15.887 15.797 15.692 15.61 15.522 15.407 15.293 15.23 15.195 15.158 15.15 15.148 15.18 15.27 15.375 15.48
15.467 15.512 15.502 15.487 15.455 15.425 15.415 15.402 15.387 15.355 15.282 15.177 15.055 14.94 14.703 14.555 14.59 14.605 14.775 15.005 15.155 15.265 15.347 15.447 15.56 15.642 15.68 15.705 15.715 15.635 15.413 15.115 14.853 14.73 14.71 14.75 14.875 15.015 15.107 15.1 15.007 14.958 14.998 15.125 15.335 15.535 15.62 15.62 15.623 15.635 15.655 15.67 15.58 15.55 15.657 15.747 15.835 15.85 15.775 15.677 15.587 15.487 15.37 15.265 15.225 15.238 15.248 15.25 15.235 15.243 15.315 15.41 15.497
15.462 15.507 15.497 15.467 15.402 15.355 15.342 15.315 15.27 15.202 15.12 15.042 14.798 14.595 14.575 14.57 14.703 14.865 14.97 15.085 15.2 15.275 15.325 15.423 15.567 15.665 15.685 15.677 15.67 15.685 15.617 15.387 15.138 15.025 15.055 15.198 15.395 15.502 15.462 15.315 15.205 15.195 15.21 15.26 15.403 15.562 15.62 15.623 15.63 15.642 15.657 15.67 15.5 15.443 15.59 15.64 15.695 15.722 15.667 15.58 15.505 15.41 15.31 15.275 15.325 15.387 15.41 15.42 15.39 15.36 15.405 15.492 15.54
15.457 15.502 15.48 15.417 15.33 15.27 15.232 15.18 15.112 15.04 14.788 14.61 14.585 14.57 14.745 14.875 14.885 14.93 15.02 15.123 15.232 15.307 15.335 15.375 15.47 15.557 15.595 15.612 15.613 15.64 15.68 15.602 15.423 15.363 15.49 15.647 15.77 15.795 15.665 15.493 15.423 15.435 15.447 15.462 15.517 15.592 15.62 15.622 15.63 15.64 15.65 15.66 15.53 15.448 15.547 15.583 15.58 15.6 15.567 15.495 15.43 15.358 15.33 15.38 15.465 15.542 15.57 15.457 15.327 15.35 15.47 15.582 15.587
15.462 15.49 15.44 15.347 15.247 15.172 15.11 15.045 14.803 14.635 14.598 14.588 14.792 14.947 14.972 14.967 14.965 15.01 15.093 15.18 15.275 15.337 15.36 15.375 15.408 15.455 15.493 15.525 15.545 15.58 15.645 15.682 15.655 15.672 15.78 15.86 15.897 15.885 15.792 15.69 15.647 15.64 15.63 15.622 15.615 15.615 15.62 15.62 15.623 15.63 15.64 15.65 15.56 15.453 15.522 15.58 15.535 15.515 15.483 15.423 15.383 15.378 15.422 15.497 15.575 15.65 15.647 15.373 15.115 15.118 15.18 15.432 15.625
15.442 15.432 15.342 15.235 15.137 15.065 14.825 14.665 14.63 14.62 14.827 14.985 15.037 15.067 15.065 15.053 15.048 15.09 15.17 15.252 15.31 15.342 15.367 15.38 15.393 15.413 15.44 15.47 15.508 15.563 15.63 15.695 15.747 15.795 15.84 15.88 15.92 15.91 15.845 15.79 15.757 15.73 15.7 15.67 15.64 15.623 15.62 15.62 15.62 15.623 15.63 15.64 15.59 15.455 15.495 15.59 15.54 15.498 15.458 15.408 15.38 15.408 15.467 15.535 15.605 15.672 15.64 15.313 15.015 14.945 14.878 15.275 15.692
15.33 15.302 15.195 15.097 14.838 14.685 14.663 14.658 14.87 15.027 15.062 15.082 15.137 15.17 15.15 15.135 15.128 15.168 15.25 15.305 15.305 15.315 15.352 15.37 15.385 15.408 15.435 15.47 15.52 15.585 15.652 15.705 15.743 15.792 15.852 15.9 15.94 15.927 15.847 15.783 15.755 15.73 15.702 15.675 15.645 15.625 15.62 15.62 15.62 15.62 15.623 15.63 15.62 15.458 15.465 15.597 15.553 15.515 15.482 15.442 15.408 15.415 15.46 15.52 15.588 15.657 15.667 15.317 14.998 14.973 14.915 15.325 15.76
15.162 15.14 14.863 14.708 14.688 14.688 14.915 15.077 15.117 15.125 15.11 15.133 15.23 15.275 15.245 15.22 15.205 15.243 15.302 15.302 15.268 15.275 15.32 15.355 15.377 15.4 15.438 15.488 15.545 15.607 15.662 15.7 15.728 15.775 15.845 15.907 15.957 15.935 15.838 15.768 15.74 15.718 15.695 15.672 15.645 15.625 15.62 15.62 15.62 15.62 15.62 15.623 15.645 15.46 15.44 15.602 15.565 15.535 15.505 15.472 15.44 15.44 15.473 15.515 15.573 15.642 15.64 15.287 15.008 15.03 15.125 15.497 15.777
14.843 14.718 14.698 14.72 14.965 15.125 15.172 15.187 15.167 15.123 15.125 15.22 15.33 15.36 15.337 15.312 15.292 15.3 15.3 15.263 15.225 15.235 15.28 15.325 15.365 15.403 15.455 15.512 15.57 15.622 15.66 15.69 15.715 15.758 15.83 15.91 15.967 15.932 15.825 15.755 15.73 15.71 15.688 15.665 15.643 15.625 15.62 15.62 15.62 15.623 15.625 15.628 15.657 15.475 15.433 15.595 15.58 15.555 15.525 15.495 15.465 15.468 15.5 15.53 15.57 15.522 15.35 15.14 15.2 15.422 15.572 15.702 15.76
14.713 14.74 14.992 15.172 15.252 15.275 15.232 15.177 15.135 15.123 15.152 15.247 15.357 15.39 15.375 15.357 15.342 15.32 15.283 15.24 15.213 15.228 15.273 15.318 15.355 15.4 15.46 15.517 15.58 15.635 15.67 15.698 15.725 15.773 15.85 15.927 15.965 15.925 15.825 15.765 15.748 15.725 15.703 15.68 15.642 15.61 15.607 15.612 15.622 15.632 15.637 15.643 15.662 15.503 15.43 15.592 15.642 15.62 15.59 15.56 15.545 15.567 15.607 15.525 15.368 15.255 15.31 15.463 15.652 15.842 15.855 15.795 15.77
15.02 15.21 15.3 15.372 15.41 15.38 15.273 15.15 15.213 15.205 15.11 15.213 15.335 15.38 15.365 15.353 15.347 15.325 15.285 15.25 15.233 15.253 15.297 15.332 15.35 15.383 15.44 15.505 15.583 15.655 15.7 15.728 15.76 15.818 15.892 15.94 15.947 15.912 15.838 15.795 15.782 15.76 15.737 15.697 15.628 15.583 15.585 15.59 15.602 15.625 15.645 15.657 15.667 15.515 15.41 15.58 15.717 15.732 15.71 15.692 15.717 15.622 15.473 15.383 15.395 15.5 15.69 15.87 15.877 15.852 15.825 15.8 15.798
15.325 15.42 15.49 15.517 15.52 15.505 15.375 15.133 15.35 15.315 15.03 15.202 15.327 15.37 15.36 15.353 15.35 15.33 15.295 15.27 15.258 15.278 15.315 15.335 15.345 15.373 15.428 15.503 15.59 15.675 15.73 15.765 15.805 15.862 15.915 15.927 15.92 15.9 15.855 15.825 15.817 15.795 15.75 15.675 15.595 15.557 15.56 15.557 15.558 15.585 15.62 15.645 15.662 15.505 15.368 15.535 15.74 15.822 15.792 15.613 15.543 15.515 15.473 15.56 15.735 15.862 15.845 15.825 15.802 15.775 15.768 15.79 15.843
15.535 15.602 15.617 15.605 15.59 15.577 15.452 15.168 15.135 15.197 15.075 15.125 15.295 15.362 15.36 15.355 15.35 15.335 15.31 15.29 15.28 15.295 15.317 15.33 15.34 15.365 15.425 15.51 15.603 15.695 15.76 15.805 15.852 15.89 15.905 15.9 15.892 15.885 15.865 15.845 15.837 15.802 15.725 15.635 15.562 15.452 15.452 15.522 15.515 15.535 15.568 15.6 15.647 15.462 15.308 15.55 15.685 15.61 15.603 15.535 15.518 15.63 15.752 15.825 15.805 15.79 15.773 15.75 15.73 15.733 15.778 15.847 15.917
15.667 15.67 15.64 15.617 15.592 15.567 15.435 15.197 14.915 15.16 15.215 14.975 15.22 15.35 15.347 15.342 15.335 15.32 15.302 15.287 15.285 15.302 15.32 15.333 15.345 15.373 15.44 15.53 15.623 15.712 15.767 15.805 15.855 15.852 15.805 15.782 15.777 15.772 15.762 15.762 15.8 15.76 15.635 15.532 15.005 14.445 14.445 15 15.48 15.492 15.522 15.575 15.557 15.315 15.31 15.577 15.55 15.46 15.57 15.715 15.79 15.802 15.782 15.763 15.738 15.728 15.728 15.725 15.725 15.733 15.775 15.85 15.915
15.695 15.665 15.618 15.583 15.555 15.515 15.335 15.112 14.93 15.055 15.105 14.945 15.153 15.33 15.325 15.312 15.295 15.275 15.26 15.255 15.265 15.3 15.335 15.355 15.37 15.403 15.473 15.56 15.65 15.727 15.76 15.775 15.815 15.79 15.695 15.623 15.58 15.565 15.578 15.64 15.747 15.712 15.54 15.192 14.228 13.531 13.531 14.248 15.192 15.424 15.3 15.247 15.248 15.17 15.422 15.69 15.653 15.665 15.767 15.812 15.81 15.785 15.76 15.743 15.73 15.733 15.75 15.77 15.787 15.763 15.743 15.793 15.845
15.695 15.672 15.62 15.56 15.52 15.457 15.24 14.98 14.825 14.726 15.03 15.147 15.118 15.307 15.295 15.27 15.245 15.225 15.215 15.22 15.235 15.28 15.337 15.377 15.4 15.438 15.51 15.593 15.68 15.742 15.76 15.76 15.78 15.75 15.65 15.545 15.455 15.418 15.468 15.598 15.727 15.687 15.497 14.952 14.018 13.53 13.53 13.765 14.225 14.453 14.313 14.605 15.045 15.133 15.417 15.747 15.807 15.747 15.77 15.8 15.807 15.793 15.78 15.778 15.785 15.798 15.815 15.835 15.855 15.825 15.76 15.753 15.775
15.695 15.677 15.63 15.563 15.505 15.405 15.16 14.863 14.918 15.105 15.1 15 15.098 15.275 15.25 15.22 15.195 15.18 15.183 15.198 15.215 15.258 15.32 15.377 15.423 15.475 15.55 15.63 15.71 15.755 15.757 15.753 15.755 15.72 15.633 15.538 15.445 15.39 15.45 15.595 15.707 15.65 15.455 15.002 14.09 13.53 13.53 13.53 13.783 14.183 14.326 14.705 15.107 15.16 15.303 15.545 15.682 15.693 15.72 15.762 15.792 15.807 15.82 15.835 15.85 15.865 15.885 15.905 15.922 15.892 15.815 15.755 15.723
15.642 15.642 15.632 15.587 15.522 15.405 15.173 14.973 15.02 15.172 14.93 14.773 15.102 15.277 15.245 15.213 15.175 15.165 15.185 15.205 15.228 15.27 15.328 15.385 15.443 15.505 15.58 15.657 15.725 15.755 15.753 15.75 15.712 15.675 15.645 15.572 15.488 15.425 15.473 15.61 15.67 15.562 15.372 14.995 14.12 13.53 13.53 13.96 14.627 15.025 15.172 15.162 15.183 15.233 15.305 15.418 15.548 15.625 15.668 15.718 15.765 15.797 15.822 15.847 15.87 15.89 15.907 15.925 15.947 15.927 15.852 15.77 15.705
15.527 15.548 15.592 15.607 15.562 15.45 15.243 15.135 15.028 14.93 14.94 14.935 15.145 15.322 15.287 15.242 15.183 15.17 15.207 15.237 15.263 15.305 15.362 15.415 15.463 15.523 15.597 15.665 15.72 15.747 15.75 15.717 15.615 15.575 15.615 15.6 15.532 15.46 15.498 15.612 15.605 15.437 15.242 14.647 13.833 13.538 13.94 14.795 15.222 15.215 15.252 15.257 15.263 15.305 15.378 15.463 15.54 15.593 15.633 15.685 15.735 15.765 15.788 15.813 15.837 15.86 15.878 15.9 15.932 15.92 15.852 15.775 15.708
15.4 15.43 15.5 15.572 15.587 15.49 15.335 15.275 15.273 15.265 15.235 15.165 15.255 15.365 15.322 15.257 15.183 15.168 15.215 15.262 15.297 15.338 15.39 15.435 15.478 15.538 15.607 15.662 15.71 15.74 15.72 15.627 15.49 15.45 15.515 15.562 15.555 15.495 15.523 15.587 15.517 15.31 14.76 14.148 14.078 14.21 14.652 15.16 15.21 15.215 15.275 15.332 15.35 15.38 15.452 15.53 15.592 15.617 15.625 15.66 15.705 15.735 15.755 15.778 15.802 15.823 15.845 15.88 15.917 15.905 15.845 15.777 15.71
15.273 15.313 15.395 15.485 15.56 15.555 15.52 15.532 15.55 15.532 15.48 15.417 15.405 15.4 15.338 15.26 15.18 15.165 15.218 15.272 15.32 15.365 15.41 15.45 15.493 15.548 15.607 15.655 15.7 15.712 15.64 15.513 15.378 15.335 15.393 15.458 15.507 15.51 15.525 15.525 15.43 15.24 14.748 14.543 14.827 14.937 14.972 15.083 15.175 15.217 15.27 15.352 15.412 15.457 15.52 15.582 15.632 15.652 15.648 15.655 15.677 15.702 15.725 15.745 15.767 15.793 15.825 15.865 15.905 15.895 15.832 15.768 15.713
15.208 15.26 15.353 15.445 15.54 15.61 15.637 15.652 15.667 15.647 15.595 15.542 15.487 15.435 15.378 15.305 15.225 15.19 15.22 15.272 15.325 15.372 15.417 15.46 15.508 15.558 15.605 15.653 15.7 15.697 15.603 15.47 15.34 15.298 15.348 15.405 15.46 15.513 15.533 15.503 15.43 15.288 15.187 15.167 15.11 15.06 15.055 15.085 15.145 15.203 15.27 15.353 15.44 15.507 15.555 15.605 15.65 15.667 15.662 15.652 15.645 15.657 15.68 15.703 15.73 15.77 15.815 15.855 15.895 15.882 15.818 15.763 15.733
15.208 15.275 15.37 15.465 15.56 15.63 15.655 15.668 15.68 15.662 15.615 15.565 15.51 15.467 15.435 15.382 15.31 15.255 15.243 15.27 15.32 15.368 15.418 15.47 15.53 15.58 15.613 15.655 15.705 15.702 15.62 15.5 15.373 15.333 15.38 15.43 15.49 15.56 15.587 15.565 15.515 15.39 15.278 15.25 15.213 15.18 15.182 15.188 15.193 15.228 15.303 15.393 15.49 15.552 15.575 15.603 15.642 15.66 15.647 15.622 15.595 15.598 15.625 15.658 15.695 15.745 15.797 15.842 15.882 15.867 15.81 15.783 15.778
15.213 15.295 15.39 15.485 15.58 15.65 15.675 15.685 15.692 15.675 15.63 15.582 15.533 15.493 15.465 15.432 15.385 15.337 15.305 15.293 15.318 15.37 15.43 15.493 15.56 15.607 15.633 15.665 15.707 15.697 15.62 15.52 15.408 15.37 15.418 15.485 15.577 15.645 15.657 15.645 15.61 15.5 15.393 15.358 15.325 15.305 15.305 15.305 15.305 15.323 15.38 15.47 15.565 15.612 15.615 15.618 15.635 15.64 15.615 15.583 15.553 15.555 15.588 15.625 15.665 15.715 15.77 15.823 15.867 15.858 15.825 15.83 15.835
15.215 15.307 15.405 15.502 15.597 15.665 15.69 15.7 15.705 15.682 15.637 15.592 15.55 15.517 15.49 15.462 15.435 15.4 15.365 15.335 15.338 15.388 15.453 15.52 15.587 15.632 15.66 15.687 15.717 15.697 15.615 15.525 15.433 15.408 15.465 15.555 15.645 15.702 15.725 15.72 15.7 15.617 15.53 15.482 15.427 15.397 15.4 15.41 15.415 15.43 15.48 15.557 15.632 15.662 15.657 15.65 15.645 15.635 15.61 15.58 15.553 15.558 15.59 15.623 15.66 15.705 15.755 15.808 15.855 15.867 15.87 15.89 15.892
15.205 15.295 15.392 15.49 15.592 15.662 15.68 15.685 15.69 15.667 15.622 15.577 15.543 15.53 15.517 15.49 15.462 15.432 15.4 15.37 15.368 15.413 15.478 15.545 15.617 15.66 15.678 15.702 15.73 15.702 15.615 15.522 15.433 15.415 15.477 15.57 15.612 15.6 15.64 15.72 15.767 15.73 15.652 15.582 15.505 15.458 15.458 15.475 15.49 15.515 15.567 15.63 15.672 15.685 15.68 15.67 15.66 15.652 15.637 15.61 15.58 15.585 15.62 15.65 15.685 15.725 15.77 15.817 15.845 15.862 15.887 15.9 15.882
15.185 15.263 15.358 15.463 15.582 15.655 15.655 15.648 15.65 15.63 15.588 15.548 15.518 15.518 15.53 15.517 15.49 15.46 15.43 15.4 15.393 15.435 15.503 15.573 15.655 15.697 15.698 15.713 15.737 15.705 15.612 15.507 15.408 15.39 15.453 15.542 15.542 15.423 15.388 15.505 15.68 15.777 15.74 15.655 15.575 15.525 15.51 15.51 15.525 15.56 15.615 15.652 15.657 15.67 15.685 15.68 15.67 15.665 15.657 15.637 15.61 15.613 15.647 15.68 15.713 15.753 15.8 15.83 15.825 15.83 15.85 15.83 15.775
