EGM722_Project_Data/DTM_asc/TL4656.asc
ncols         200
nrows         200
xllcorner     546000.000
yllcorner     256000.000
cellsize      5
NODATA_value  -9999.0
[rows 66 to 98 of 200, columns 75 to 149 of 200]
16.958 16.933 16.907 16.852 16.78 16.738 16.745 16.755 16.75 16.74 16.712 16.652 16.57 16.495 16.43 16.362 16.29 16.217 16.145 16.075 16.005 15.935 15.868 15.83 15.828 15.832 15.78 15.685 15.602 15.518 15.432 15.337 15.21 15.057 14.89 14.705 14.515 14.323 14.133 13.968 13.88 13.88 13.847 13.72 13.557 13.397 13.247 13.115 12.972 12.81 12.677 12.56 12.427 12.295 12.162 12.035 11.925 11.835 11.75 11.66 11.57 11.477 11.37 11.242 11.1 10.973 10.903 10.877 10.85 10.813 10.778 10.742 10.695 10.638 10.59
17.043 17.027 16.992 16.927 16.855 16.79 16.77 16.775 16.762 16.735 16.7 16.637 16.543 16.458 16.39 16.325 16.255 16.182 16.11 16.04 15.968 15.9 15.85 15.818 15.808 15.795 15.717 15.613 15.528 15.445 15.36 15.265 15.137 14.972 14.792 14.605 14.415 14.225 14.043 13.883 13.74 13.663 13.625 13.512 13.363 13.23 13.11 13.01 12.9 12.77 12.652 12.54 12.42 12.295 12.16 12.03 11.91 11.808 11.72 11.63 11.54 11.44 11.32 11.19 11.042 10.893 10.82 10.82 10.817 10.79 10.753 10.717 10.67 10.618 10.578
17.14 17.117 17.07 17 16.93 16.857 16.81 16.787 16.76 16.725 16.687 16.62 16.52 16.425 16.35 16.285 16.215 16.145 16.075 16.005 15.935 15.88 15.845 15.815 15.795 15.747 15.642 15.538 15.455 15.372 15.285 15.185 15.047 14.872 14.69 14.505 14.315 14.125 13.948 13.795 13.655 13.515 13.405 13.303 13.195 13.108 13.023 12.935 12.823 12.708 12.612 12.51 12.397 12.28 12.155 12.027 11.903 11.788 11.69 11.6 11.507 11.397 11.27 11.142 10.987 10.815 10.738 10.745 10.755 10.752 10.727 10.692 10.648 10.603 10.57
17.227 17.202 17.137 17.055 16.972 16.89 16.817 16.767 16.735 16.702 16.665 16.592 16.487 16.382 16.3 16.24 16.175 16.105 16.035 15.965 15.908 15.87 15.842 15.81 15.767 15.687 15.568 15.465 15.377 15.277 15.175 15.065 14.927 14.76 14.582 14.402 14.215 14.028 13.858 13.71 13.57 13.43 13.303 13.203 13.115 13.03 12.945 12.857 12.755 12.655 12.572 12.475 12.362 12.242 12.122 12.007 11.895 11.777 11.665 11.57 11.47 11.35 11.22 11.09 10.925 10.75 10.673 10.673 10.68 10.688 10.685 10.665 10.627 10.587 10.552
17.245 17.212 17.132 17.04 16.945 16.847 16.763 16.71 16.682 16.652 16.615 16.54 16.427 16.318 16.23 16.172 16.12 16.06 15.997 15.937 15.89 15.85 15.815 15.775 15.705 15.602 15.48 15.367 15.262 15.145 15.027 14.912 14.792 14.64 14.462 14.287 14.107 13.928 13.768 13.625 13.488 13.35 13.22 13.12 13.035 12.95 12.865 12.777 12.692 12.61 12.53 12.435 12.32 12.19 12.068 11.965 11.865 11.757 11.645 11.54 11.427 11.3 11.173 11.045 10.9 10.76 10.675 10.645 10.643 10.645 10.65 10.637 10.595 10.55 10.507
17.195 17.142 17.06 16.967 16.872 16.775 16.693 16.645 16.617 16.582 16.537 16.465 16.358 16.245 16.148 16.083 16.038 15.992 15.942 15.897 15.855 15.805 15.757 15.702 15.6 15.427 15.305 15.23 15.115 14.995 14.875 14.76 14.65 14.512 14.34 14.165 13.99 13.825 13.68 13.54 13.405 13.27 13.14 13.038 12.952 12.867 12.782 12.69 12.602 12.53 12.462 12.38 12.262 12.128 12.01 11.91 11.81 11.713 11.615 11.507 11.388 11.26 11.135 11.028 10.935 10.835 10.73 10.668 10.648 10.64 10.642 10.617 10.555 10.493 10.442
17.13 17.065 16.987 16.895 16.798 16.703 16.625 16.58 16.547 16.505 16.455 16.39 16.292 16.178 16.073 16 15.953 15.91 15.868 15.827 15.787 15.742 15.692 15.577 15.372 15.16 15.095 15.075 14.965 14.845 14.725 14.61 14.5 14.377 14.22 14.043 13.875 13.73 13.597 13.46 13.325 13.193 13.06 12.953 12.868 12.782 12.695 12.592 12.488 12.415 12.365 12.3 12.195 12.068 11.955 11.858 11.763 11.67 11.58 11.477 11.357 11.233 11.115 11.025 10.962 10.895 10.797 10.715 10.675 10.65 10.637 10.6 10.528 10.455 10.39
17.055 16.982 16.907 16.822 16.725 16.628 16.555 16.51 16.47 16.425 16.375 16.317 16.227 16.113 16.01 15.935 15.878 15.83 15.79 15.712 15.585 15.475 15.407 15.272 15.033 14.898 14.935 14.935 14.83 14.7 14.575 14.46 14.35 14.237 14.095 13.925 13.775 13.645 13.515 13.382 13.248 13.115 12.98 12.87 12.785 12.697 12.6 12.49 12.388 12.318 12.27 12.21 12.12 12.013 11.913 11.82 11.733 11.645 11.555 11.452 11.33 11.208 11.103 11.023 10.965 10.915 10.85 10.77 10.715 10.675 10.635 10.582 10.51 10.437 10.337
16.967 16.89 16.812 16.732 16.645 16.553 16.483 16.435 16.388 16.342 16.295 16.242 16.16 16.048 15.953 15.878 15.808 15.753 15.71 15.597 15.385 15.175 15.025 14.888 14.748 14.723 14.81 14.84 14.75 14.608 14.465 14.335 14.215 14.095 13.965 13.823 13.688 13.563 13.435 13.305 13.17 13.035 12.903 12.79 12.702 12.608 12.505 12.418 12.325 12.243 12.19 12.132 12.052 11.963 11.88 11.795 11.708 11.62 11.532 11.427 11.303 11.19 11.095 11.018 10.963 10.915 10.865 10.805 10.73 10.65 10.607 10.567 10.495 10.402 10.252
16.857 16.78 16.7 16.622 16.545 16.47 16.408 16.355 16.305 16.258 16.212 16.165 16.09 15.988 15.9 15.825 15.75 15.683 15.63 15.52 15.31 15.083 14.888 14.75 14.695 14.71 14.755 14.78 14.705 14.552 14.395 14.248 14.115 13.99 13.873 13.743 13.608 13.483 13.355 13.225 13.092 12.958 12.825 12.71 12.615 12.523 12.443 12.377 12.28 12.18 12.12 12.065 11.995 11.91 11.835 11.767 11.685 11.595 11.507 11.4 11.28 11.18 11.09 11.013 10.958 10.91 10.862 10.787 10.665 10.573 10.57 10.552 10.465 10.327 10.14
16.725 16.652 16.58 16.515 16.455 16.403 16.338 16.27 16.222 16.175 16.128 16.08 16.015 15.93 15.848 15.773 15.698 15.623 15.557 15.44 15.245 15.048 14.895 14.823 14.81 14.8 14.775 14.725 14.617 14.475 14.322 14.17 14.043 13.935 13.83 13.695 13.548 13.41 13.278 13.148 13.015 12.882 12.748 12.628 12.538 12.47 12.417 12.345 12.23 12.12 12.05 11.992 11.927 11.848 11.773 11.717 11.652 11.572 11.482 11.375 11.268 11.175 11.085 11.01 10.955 10.905 10.832 10.705 10.558 10.508 10.55 10.532 10.407 10.225 10.023
16.58 16.515 16.463 16.43 16.4 16.362 16.295 16.2 16.135 16.09 16.042 15.995 15.94 15.873 15.798 15.723 15.648 15.573 15.5 15.377 15.205 15.042 14.93 14.882 14.855 14.817 14.75 14.622 14.462 14.327 14.2 14.067 13.952 13.85 13.767 13.657 13.505 13.355 13.213 13.075 12.94 12.81 12.678 12.558 12.488 12.447 12.397 12.307 12.18 12.06 11.978 11.917 11.855 11.785 11.713 11.655 11.602 11.54 11.455 11.355 11.26 11.17 11.08 11.008 10.955 10.877 10.75 10.595 10.478 10.473 10.532 10.485 10.31 10.11 9.908
16.445 16.4 16.365 16.355 16.35 16.325 16.275 16.16 16.053 16 15.955 15.91 15.87 15.825 15.758 15.683 15.61 15.535 15.435 15.287 15.12 14.992 14.917 14.862 14.807 14.745 14.635 14.467 14.283 14.128 14.01 13.9 13.79 13.695 13.647 13.587 13.46 13.31 13.16 13.018 12.883 12.75 12.62 12.5 12.433 12.402 12.345 12.245 12.122 12 11.908 11.845 11.782 11.717 11.65 11.59 11.54 11.485 11.415 11.337 11.255 11.165 11.075 11.002 10.925 10.795 10.64 10.488 10.418 10.455 10.505 10.427 10.228 10.022 9.79
16.345 16.315 16.285 16.275 16.282 16.277 16.247 16.137 15.993 15.91 15.865 15.825 15.803 15.782 15.725 15.65 15.577 15.485 15.337 15.155 14.993 14.895 14.847 14.795 14.74 14.647 14.487 14.302 14.115 13.938 13.8 13.69 13.588 13.525 13.508 13.49 13.405 13.26 13.11 12.97 12.837 12.705 12.575 12.448 12.363 12.322 12.252 12.145 12.032 11.915 11.812 11.74 11.68 11.62 11.565 11.507 11.445 11.382 11.32 11.26 11.195 11.125 11.055 10.97 10.842 10.685 10.53 10.403 10.38 10.427 10.46 10.38 10.182 9.942 9.638
16.26 16.23 16.203 16.195 16.205 16.212 16.202 16.12 15.963 15.835 15.778 15.75 15.738 15.73 15.69 15.62 15.535 15.4 15.215 15.023 14.883 14.815 14.775 14.727 14.65 14.51 14.325 14.138 13.952 13.765 13.603 13.48 13.403 13.378 13.375 13.372 13.327 13.21 13.06 12.92 12.79 12.66 12.53 12.4 12.298 12.23 12.142 12.027 11.912 11.795 11.685 11.605 11.553 11.505 11.462 11.405 11.325 11.248 11.178 11.118 11.065 11.01 10.952 10.86 10.725 10.575 10.42 10.338 10.35 10.382 10.41 10.332 10.102 9.792 9.445
16.22 16.178 16.145 16.128 16.125 16.135 16.14 16.095 15.955 15.785 15.7 15.685 15.675 15.67 15.647 15.582 15.46 15.283 15.085 14.9 14.79 14.745 14.703 14.642 14.522 14.347 14.16 13.972 13.787 13.6 13.42 13.293 13.248 13.245 13.243 13.237 13.222 13.147 13.012 12.875 12.743 12.61 12.48 12.35 12.233 12.13 12.022 11.905 11.788 11.675 11.578 11.508 11.458 11.413 11.367 11.302 11.215 11.128 11.045 10.975 10.918 10.855 10.79 10.7 10.58 10.448 10.32 10.28 10.305 10.33 10.357 10.245 9.945 9.595 9.248
16.273 16.238 16.223 16.198 16.168 16.15 16.133 16.085 15.955 15.768 15.64 15.603 15.595 15.597 15.595 15.527 15.372 15.193 15.013 14.843 14.743 14.7 14.645 14.53 14.342 14.142 13.955 13.767 13.58 13.393 13.235 13.165 13.155 13.14 13.118 13.103 13.098 13.065 12.965 12.83 12.698 12.57 12.46 12.34 12.182 12.028 11.9 11.78 11.673 11.583 11.505 11.445 11.395 11.345 11.287 11.212 11.125 11.035 10.945 10.868 10.803 10.74 10.68 10.593 10.473 10.35 10.255 10.235 10.262 10.282 10.26 10.072 9.74 9.393 9.053
16.367 16.397 16.41 16.395 16.352 16.292 16.16 16.02 15.922 15.772 15.615 15.525 15.485 15.48 15.49 15.432 15.3 15.162 15.012 14.848 14.733 14.667 14.577 14.402 14.15 13.91 13.71 13.523 13.335 13.17 13.078 13.078 13.105 13.097 13.063 13.028 13.005 12.98 12.918 12.823 12.725 12.63 12.51 12.34 12.13 11.925 11.775 11.668 11.583 11.51 11.443 11.383 11.33 11.277 11.207 11.125 11.04 10.953 10.868 10.795 10.735 10.678 10.622 10.54 10.425 10.31 10.22 10.198 10.215 10.187 10.085 9.857 9.528 9.195 8.895
16.412 16.512 16.577 16.59 16.477 16.267 15.995 15.84 15.86 15.78 15.618 15.498 15.408 15.355 15.345 15.297 15.19 15.08 14.957 14.822 14.702 14.592 14.465 14.267 13.993 13.713 13.475 13.278 13.108 13.003 12.973 12.995 13.04 13.07 13.062 13.025 12.993 12.978 12.968 12.927 12.837 12.705 12.515 12.285 12.052 11.825 11.668 11.585 11.515 11.445 11.378 11.318 11.262 11.2 11.12 11.035 10.95 10.87 10.798 10.725 10.667 10.617 10.565 10.49 10.387 10.282 10.19 10.15 10.112 10.007 9.87 9.642 9.335 9.05 8.805
16.408 16.532 16.647 16.617 16.347 15.985 15.713 15.665 15.765 15.755 15.62 15.493 15.39 15.295 15.228 15.155 15.053 14.948 14.843 14.74 14.62 14.48 14.34 14.135 13.85 13.555 13.278 13.053 12.928 12.89 12.888 12.915 12.96 13.005 13.037 13.035 13.03 13.05 13.077 13.025 12.857 12.635 12.395 12.155 11.913 11.72 11.613 11.535 11.458 11.385 11.315 11.255 11.192 11.115 11.03 10.945 10.87 10.808 10.75 10.663 10.585 10.54 10.487 10.415 10.325 10.232 10.14 10.055 9.945 9.805 9.665 9.465 9.21 8.968 8.778
16.4 16.525 16.6 16.465 16.11 15.733 15.528 15.54 15.635 15.695 15.62 15.485 15.385 15.282 15.163 15.043 14.943 14.845 14.745 14.637 14.507 14.363 14.217 14 13.708 13.42 13.145 12.933 12.845 12.83 12.828 12.855 12.903 12.95 12.99 12.965 12.942 12.975 13.005 12.927 12.712 12.465 12.215 11.965 11.75 11.645 11.59 11.505 11.415 11.33 11.255 11.188 11.113 11.028 10.943 10.87 10.815 10.765 10.715 10.603 10.495 10.45 10.39 10.312 10.23 10.145 10.052 9.935 9.795 9.66 9.535 9.367 9.143 8.943 8.855
16.393 16.492 16.487 16.295 15.943 15.62 15.475 15.47 15.523 15.6 15.587 15.48 15.375 15.255 15.105 14.96 14.853 14.755 14.655 14.535 14.392 14.245 14.092 13.878 13.605 13.343 13.1 12.933 12.853 12.815 12.803 12.823 12.87 12.915 12.93 12.848 12.753 12.75 12.782 12.705 12.497 12.262 12.013 11.785 11.653 11.613 11.567 11.485 11.39 11.295 11.21 11.133 11.055 10.968 10.875 10.81 10.77 10.725 10.675 10.553 10.42 10.357 10.29 10.21 10.127 10.042 9.95 9.83 9.695 9.578 9.475 9.312 9.093 9.005 9.048
16.385 16.42 16.332 16.12 15.823 15.605 15.5 15.468 15.478 15.51 15.532 15.472 15.342 15.19 15.025 14.878 14.763 14.662 14.557 14.425 14.275 14.128 13.997 13.815 13.568 13.33 13.115 12.978 12.9 12.835 12.795 12.798 12.835 12.867 12.86 12.765 12.625 12.55 12.557 12.472 12.265 12.047 11.818 11.658 11.608 11.59 11.545 11.465 11.372 11.28 11.192 11.105 11.015 10.92 10.82 10.75 10.712 10.675 10.632 10.522 10.365 10.263 10.188 10.105 10.023 9.94 9.848 9.733 9.618 9.52 9.425 9.258 9.143 9.203 9.277
16.342 16.29 16.16 15.985 15.793 15.638 15.523 15.483 15.487 15.493 15.5 15.435 15.28 15.113 14.945 14.795 14.675 14.57 14.45 14.307 14.16 14.013 13.93 13.8 13.563 13.335 13.148 13.033 12.958 12.883 12.815 12.783 12.792 12.815 12.792 12.685 12.535 12.405 12.347 12.24 12.03 11.838 11.68 11.6 11.583 11.567 11.525 11.445 11.355 11.26 11.155 11.052 10.955 10.855 10.755 10.68 10.637 10.602 10.567 10.482 10.31 10.17 10.093 10.013 9.935 9.855 9.765 9.663 9.563 9.47 9.373 9.285 9.343 9.457 9.5
16.192 16.085 15.957 15.85 15.757 15.652 15.545 15.495 15.49 15.477 15.457 15.37 15.21 15.04 14.865 14.695 14.563 14.455 14.33 14.19 14.047 13.91 13.875 13.795 13.57 13.345 13.183 13.09 13.015 12.937 12.84 12.737 12.66 12.635 12.612 12.517 12.385 12.253 12.158 12.05 11.885 11.73 11.628 11.583 11.56 11.542 11.502 11.425 11.322 11.202 11.075 10.97 10.882 10.785 10.685 10.598 10.533 10.483 10.442 10.382 10.235 10.105 10.045 9.973 9.898 9.82 9.735 9.638 9.535 9.438 9.383 9.47 9.612 9.68 9.72
15.927 15.825 15.728 15.658 15.615 15.575 15.527 15.485 15.455 15.425 15.395 15.305 15.145 14.97 14.782 14.59 14.43 14.31 14.19 14.058 13.92 13.833 13.862 13.802 13.58 13.365 13.225 13.145 13.052 12.94 12.805 12.658 12.513 12.403 12.333 12.25 12.16 12.075 12 11.935 11.837 11.708 11.613 11.57 11.545 11.522 11.472 11.377 11.25 11.108 10.983 10.89 10.805 10.712 10.615 10.52 10.435 10.36 10.295 10.24 10.143 10.055 10.015 9.96 9.892 9.817 9.732 9.633 9.535 9.51 9.593 9.747 9.842 9.847 9.852
15.615 15.555 15.545 15.523 15.503 15.498 15.5 15.467 15.413 15.37 15.335 15.242 15.075 14.887 14.692 14.498 14.313 14.168 14.043 13.938 13.868 13.85 13.897 13.817 13.59 13.398 13.262 13.15 13.022 12.875 12.728 12.583 12.435 12.285 12.155 12.06 11.99 11.93 11.875 11.832 11.777 11.68 11.598 11.56 11.525 11.482 11.422 11.305 11.15 11.008 10.895 10.81 10.725 10.635 10.542 10.45 10.365 10.28 10.195 10.125 10.053 9.995 9.96 9.92 9.872 9.81 9.728 9.668 9.663 9.72 9.817 9.875 9.867 9.837 9.81
15.398 15.373 15.41 15.44 15.46 15.482 15.495 15.465 15.402 15.34 15.282 15.17 14.987 14.79 14.595 14.4 14.205 14.053 13.96 13.92 13.917 13.927 13.922 13.795 13.565 13.387 13.25 13.103 12.958 12.81 12.663 12.51 12.355 12.205 12.075 11.983 11.905 11.83 11.763 11.708 11.67 11.622 11.565 11.52 11.47 11.41 11.35 11.232 11.06 10.92 10.82 10.733 10.645 10.555 10.468 10.383 10.303 10.223 10.143 10.065 9.98 9.915 9.877 9.842 9.81 9.772 9.728 9.722 9.772 9.815 9.835 9.82 9.763 9.713 9.688
15.308 15.283 15.29 15.325 15.365 15.405 15.427 15.39 15.31 15.227 15.14 15.022 14.85 14.65 14.455 14.26 14.068 13.95 13.928 13.93 13.93 13.922 13.865 13.705 13.485 13.328 13.207 13.06 12.913 12.768 12.622 12.45 12.275 12.128 12.01 11.928 11.848 11.765 11.685 11.618 11.583 11.555 11.505 11.448 11.393 11.335 11.275 11.157 10.99 10.86 10.765 10.675 10.588 10.5 10.413 10.333 10.26 10.188 10.115 10.037 9.935 9.833 9.775 9.745 9.725 9.718 9.715 9.715 9.725 9.745 9.765 9.747 9.683 9.62 9.6
15.245 15.215 15.193 15.203 15.24 15.277 15.275 15.2 15.095 14.997 14.9 14.795 14.655 14.47 14.275 14.08 13.923 13.87 13.88 13.885 13.882 13.84 13.737 13.58 13.39 13.263 13.165 13.027 12.88 12.735 12.595 12.403 12.203 12.055 11.948 11.872 11.795 11.715 11.635 11.575 11.54 11.495 11.435 11.375 11.32 11.265 11.2 11.08 10.935 10.823 10.725 10.638 10.552 10.467 10.38 10.3 10.233 10.165 10.095 10.012 9.905 9.785 9.703 9.673 9.67 9.68 9.685 9.675 9.665 9.675 9.695 9.675 9.613 9.563 9.55
15.185 15.155 15.12 15.1 15.117 15.132 15.08 14.975 14.865 14.758 14.655 14.55 14.435 14.282 14.095 13.915 13.823 13.82 13.832 13.84 13.81 13.72 13.595 13.452 13.298 13.19 13.112 12.995 12.85 12.705 12.565 12.367 12.145 11.988 11.888 11.815 11.742 11.665 11.588 11.535 11.49 11.43 11.37 11.31 11.253 11.195 11.122 11.013 10.893 10.788 10.69 10.603 10.518 10.433 10.348 10.27 10.205 10.142 10.075 9.985 9.87 9.763 9.685 9.653 9.65 9.653 9.655 9.645 9.625 9.615 9.625 9.607 9.558 9.523 9.508
15.077 15.055 15.03 15.002 14.985 14.94 14.84 14.738 14.655 14.555 14.438 14.32 14.203 14.077 13.915 13.783 13.755 13.77 13.785 13.775 13.697 13.58 13.455 13.325 13.203 13.115 13.05 12.95 12.815 12.677 12.537 12.345 12.1 11.923 11.833 11.758 11.685 11.613 11.545 11.49 11.435 11.375 11.315 11.258 11.2 11.14 11.063 10.962 10.857 10.753 10.655 10.568 10.488 10.408 10.325 10.248 10.178 10.115 10.05 9.958 9.853 9.768 9.698 9.658 9.645 9.638 9.633 9.62 9.6 9.58 9.57 9.55 9.515 9.485 9.465
14.912 14.897 14.882 14.867 14.807 14.718 14.635 14.563 14.497 14.39 14.258 14.13 13.998 13.873 13.765 13.723 13.745 13.767 13.747 13.68 13.59 13.478 13.35 13.223 13.11 13.03 12.962 12.862 12.737 12.61 12.48 12.32 12.088 11.885 11.785 11.71 11.635 11.578 11.535 11.483 11.42 11.36 11.303 11.248 11.19 11.122 11.025 10.913 10.81 10.715 10.63 10.553 10.478 10.4 10.32 10.243 10.168 10.098 10.033 9.958 9.883 9.805 9.715 9.658 9.64 9.632 9.622 9.603 9.58 9.56 9.54 9.51 9.475 9.448 9.425
