EGM722_Project_Data/DTM_asc/TL4661.asc
ncols         200
nrows         200
xllcorner     546000.000
yllcorner     261000.000
cellsize      5
NODATA_value  -9999.0
[rows 34 to 67 of 200, columns 75 to 149 of 200]
10.977 10.982 10.985 10.985 10.99 10.997 10.977 10.92 10.853 10.813 10.813 10.84 10.893 10.945 10.955 10.943 10.948 10.965 10.993 11.03 11.075 11.125 11.175 11.235 11.303 11.368 11.435 11.437 11.37 11.305 11.24 11.15 11.035 10.912 10.785 10.66 10.575 10.543 10.525 10.5 10.47 10.44 10.408 10.38 10.363 10.348 10.333 10.32 10.335 10.38 10.427 10.445 10.425 10.39 10.355 10.315 10.262 10.205 10.145 10.128 10.15 10.17 10.182 10.175 10.16 10.147 10.13 10.05 9.905 9.747 9.598 9.5 9.415 9.305 9.223
10.932 10.935 10.935 10.935 10.938 10.95 10.962 10.935 10.903 10.93 10.96 10.96 10.953 10.938 10.953 10.985 11.002 11.02 11.048 11.088 11.135 11.185 11.225 11.255 11.295 11.355 11.425 11.44 11.388 11.33 11.272 11.19 11.087 10.977 10.857 10.735 10.645 10.6 10.575 10.55 10.52 10.493 10.465 10.44 10.42 10.4 10.362 10.315 10.323 10.372 10.42 10.442 10.432 10.407 10.372 10.33 10.275 10.215 10.155 10.145 10.182 10.215 10.24 10.242 10.23 10.22 10.202 10.112 9.947 9.77 9.618 9.53 9.45 9.345 9.275
10.885 10.885 10.885 10.885 10.885 10.91 10.967 11 11.04 11.107 11.125 11.095 11.035 10.965 10.943 10.99 11.05 11.08 11.105 11.145 11.19 11.225 11.247 11.263 11.298 11.358 11.42 11.45 11.42 11.365 11.307 11.225 11.125 11.022 10.915 10.807 10.725 10.672 10.632 10.6 10.572 10.55 10.525 10.5 10.48 10.442 10.37 10.295 10.3 10.36 10.41 10.435 10.432 10.42 10.39 10.342 10.285 10.225 10.165 10.155 10.195 10.235 10.272 10.277 10.26 10.25 10.235 10.137 9.957 9.775 9.605 9.432 9.26 9.27 9.342
10.835 10.835 10.835 10.835 10.835 10.873 10.957 11.065 11.195 11.262 11.23 11.16 11.08 11 10.93 10.928 11.005 11.097 11.16 11.195 11.22 11.235 11.245 11.26 11.303 11.365 11.417 11.452 11.45 11.407 11.337 11.242 11.137 11.032 10.927 10.832 10.762 10.707 10.66 10.632 10.62 10.607 10.585 10.56 10.522 10.447 10.355 10.273 10.27 10.338 10.397 10.425 10.425 10.42 10.4 10.355 10.295 10.235 10.178 10.173 10.218 10.26 10.275 10.245 10.215 10.205 10.187 10.092 9.9 9.662 9.222 8.768 8.568 8.638 8.98
10.758 10.762 10.767 10.775 10.785 10.835 10.925 11.057 11.212 11.27 11.225 11.155 11.082 11.01 10.94 10.883 10.903 11.038 11.17 11.212 11.22 11.23 11.24 11.26 11.31 11.37 11.41 11.44 11.462 11.442 11.357 11.23 11.105 10.995 10.885 10.793 10.727 10.678 10.645 10.632 10.63 10.63 10.625 10.597 10.53 10.435 10.34 10.258 10.26 10.338 10.413 10.45 10.453 10.45 10.425 10.375 10.318 10.26 10.205 10.205 10.255 10.277 10.242 10.175 10.135 10.125 10.092 10.005 9.827 9.215 8.46 8.13 8.06 8.08 8.323
10.685 10.658 10.67 10.69 10.73 10.798 10.885 10.998 11.115 11.172 11.15 11.09 11.027 10.962 10.9 10.845 10.863 11.008 11.175 11.225 11.215 11.225 11.235 11.263 11.315 11.362 11.395 11.425 11.455 11.447 11.362 11.218 11.065 10.938 10.828 10.74 10.678 10.64 10.625 10.615 10.61 10.615 10.627 10.607 10.535 10.44 10.345 10.288 10.333 10.433 10.51 10.547 10.54 10.515 10.47 10.41 10.353 10.297 10.245 10.245 10.277 10.252 10.182 10.108 10.06 10.045 9.997 9.91 9.787 9.023 8.198 8.06 8.06 8.06 8.06
10.74 10.623 10.603 10.66 10.753 10.855 10.923 10.945 11 11.075 11.07 11.01 10.95 10.885 10.82 10.808 10.898 11.053 11.215 11.265 11.225 11.22 11.23 11.265 11.315 11.35 11.377 11.403 11.43 11.43 11.357 11.222 11.06 10.903 10.775 10.688 10.64 10.62 10.607 10.595 10.593 10.603 10.62 10.612 10.55 10.458 10.365 10.353 10.458 10.585 10.655 10.657 10.617 10.562 10.505 10.445 10.387 10.332 10.283 10.272 10.262 10.2 10.12 10.043 9.988 9.957 9.895 9.8 9.722 9.385 8.795 8.363 8.138 8.06 8.06
10.978 10.823 10.74 10.798 10.923 11.047 11.067 10.948 10.9 10.972 10.987 10.93 10.87 10.808 10.775 10.838 10.973 11.115 11.265 11.315 11.258 11.225 11.228 11.262 11.305 11.332 11.355 11.378 11.402 11.407 11.347 11.225 11.07 10.897 10.738 10.643 10.613 10.6 10.585 10.57 10.573 10.595 10.62 10.62 10.565 10.475 10.4 10.438 10.585 10.712 10.745 10.7 10.642 10.585 10.527 10.47 10.41 10.355 10.307 10.267 10.212 10.137 10.06 9.98 9.915 9.862 9.785 9.697 9.63 9.555 9.372 9.09 8.653 8.21 8.06
11.325 11.188 11.06 11.05 11.16 11.26 11.217 11.02 10.858 10.86 10.895 10.85 10.79 10.748 10.785 10.905 11.045 11.172 11.28 11.312 11.275 11.245 11.235 11.253 11.282 11.305 11.325 11.35 11.375 11.382 11.33 11.207 11.047 10.872 10.705 10.61 10.585 10.568 10.552 10.54 10.545 10.572 10.605 10.622 10.59 10.528 10.503 10.585 10.72 10.787 10.765 10.69 10.625 10.572 10.517 10.462 10.377 10.29 10.232 10.155 10.07 10.005 9.942 9.877 9.797 9.675 9.522 9.45 9.435 9.385 9.375 9.412 9.227 8.542 8.06
11.592 11.562 11.417 11.338 11.397 11.447 11.34 11.127 10.9 10.79 10.797 10.772 10.715 10.728 10.835 10.967 11.075 11.155 11.215 11.232 11.217 11.207 11.215 11.238 11.258 11.275 11.295 11.32 11.345 11.36 11.31 11.172 11 10.823 10.668 10.585 10.558 10.535 10.518 10.508 10.518 10.543 10.573 10.61 10.64 10.64 10.663 10.742 10.8 10.807 10.77 10.685 10.598 10.535 10.48 10.42 10.302 10.16 10.07 9.97 9.86 9.783 9.725 9.675 9.532 9.27 8.98 8.933 9.095 9.142 9.17 9.29 9.2 8.547 8.06
10.974 11.259 11.487 11.597 11.62 11.61 11.46 11.235 11 10.8 10.723 10.698 10.68 10.76 10.87 10.955 11.017 11.062 11.11 11.127 11.115 11.135 11.19 11.23 11.245 11.258 11.273 11.293 11.315 11.335 11.282 11.132 10.955 10.775 10.633 10.565 10.535 10.508 10.485 10.478 10.493 10.518 10.543 10.588 10.67 10.742 10.787 10.815 10.817 10.812 10.78 10.7 10.6 10.51 10.44 10.365 10.225 10.05 9.917 9.8 9.675 9.563 9.475 9.382 9.135 8.755 8.413 8.338 8.478 8.643 8.91 9.047 8.695 8.215 8.06
9.368 9.915 10.697 11.209 11.585 11.742 11.58 11.345 11.11 10.875 10.7 10.643 10.675 10.752 10.817 10.863 10.91 10.957 11.002 11.02 11.035 11.105 11.187 11.23 11.245 11.255 11.265 11.278 11.293 11.307 11.247 11.092 10.915 10.738 10.603 10.54 10.51 10.48 10.455 10.453 10.473 10.5 10.528 10.575 10.665 10.762 10.815 10.825 10.822 10.815 10.787 10.715 10.615 10.513 10.42 10.297 10.115 9.915 9.725 9.567 9.442 9.325 9.217 9.052 8.747 8.433 8.183 8.06 8.06 8.165 8.4 8.442 8.208 8.06 8.06
8.461 8.761 9.243 9.933 10.847 11.457 11.632 11.487 11.255 11.023 10.798 10.663 10.653 10.693 10.735 10.773 10.81 10.853 10.898 10.938 11.008 11.115 11.195 11.225 11.235 11.245 11.255 11.265 11.277 11.27 11.195 11.055 10.887 10.718 10.583 10.515 10.485 10.455 10.423 10.42 10.455 10.49 10.52 10.573 10.657 10.73 10.772 10.802 10.817 10.815 10.795 10.73 10.63 10.517 10.375 10.17 9.937 9.72 9.495 9.285 9.128 9.01 8.857 8.575 8.343 8.317 8.2 8.06 8.06 8.06 8.06 8.06 8.06 8.06 8.06
8.46 8.46 8.461 8.806 9.61 10.517 11.279 11.59 11.475 11.253 11.03 10.83 10.708 10.693 10.725 10.755 10.785 10.82 10.875 10.96 11.058 11.15 11.215 11.23 11.223 11.228 11.24 11.25 11.247 11.197 11.107 10.997 10.857 10.703 10.565 10.49 10.457 10.422 10.383 10.378 10.425 10.477 10.515 10.568 10.635 10.682 10.717 10.752 10.785 10.807 10.805 10.745 10.622 10.457 10.255 10.007 9.74 9.503 9.277 9.04 8.825 8.667 8.388 8.058 7.98 8.17 8.26 8.128 8.06 8.06 8.06 8.06 8.06 8.06 8.225
8.46 8.46 8.46 8.46 8.715 9.308 10.29 11.242 11.595 11.53 11.31 11.1 10.908 10.785 10.77 10.8 10.83 10.88 10.95 11.032 11.115 11.18 11.237 11.252 11.23 11.22 11.225 11.227 11.187 11.103 11.01 10.92 10.815 10.682 10.543 10.458 10.42 10.378 10.335 10.333 10.383 10.445 10.5 10.55 10.592 10.625 10.66 10.698 10.733 10.77 10.802 10.727 10.538 10.325 10.105 9.862 9.575 9.3 9.06 8.82 8.545 8.265 7.995 7.85 7.85 7.958 8.227 8.282 8.123 8.08 8.103 8.163 8.325 8.588 8.92
8.46 8.46 8.46 8.46 8.46 8.576 9.16 10.222 11.152 11.594 11.59 11.38 11.175 10.983 10.863 10.845 10.885 10.945 11.002 11.06 11.13 11.197 11.257 11.272 11.25 11.23 11.215 11.185 11.115 11.025 10.938 10.855 10.762 10.645 10.51 10.42 10.377 10.333 10.29 10.295 10.353 10.42 10.493 10.538 10.558 10.583 10.61 10.66 10.728 10.793 10.867 10.775 10.5 10.218 9.96 9.715 9.427 9.08 8.74 8.405 8.125 7.94 7.85 7.85 7.85 7.85 8.143 8.447 8.468 8.523 8.72 8.882 9.03 9.332 9.535
8.46 8.46 8.46 8.46 8.46 8.46 8.568 9.165 10.15 11.032 11.579 11.647 11.452 11.242 11.035 10.918 10.928 10.972 11.01 11.065 11.135 11.202 11.257 11.275 11.257 11.235 11.21 11.145 11.055 10.97 10.885 10.805 10.71 10.595 10.468 10.38 10.335 10.298 10.27 10.288 10.358 10.435 10.512 10.55 10.555 10.568 10.588 10.668 10.8 10.917 11.02 10.93 10.62 10.275 9.902 9.49 9.072 8.588 8.203 7.975 7.85 7.85 7.85 7.85 7.943 8.098 8.363 8.675 8.882 9.042 9.34 9.532 9.542 9.64 9.705
8.46 8.46 8.46 8.46 8.46 8.46 8.46 8.613 9.215 10.1 10.985 11.584 11.635 11.417 11.18 11 10.95 10.978 11.015 11.07 11.137 11.195 11.237 11.255 11.247 11.227 11.197 11.12 11.01 10.918 10.835 10.752 10.657 10.545 10.423 10.345 10.315 10.293 10.275 10.285 10.365 10.465 10.535 10.565 10.565 10.568 10.585 10.685 10.852 11.007 11.147 11.022 10.58 10.075 9.517 8.927 8.418 8.035 7.863 7.85 7.85 7.85 7.853 7.998 8.27 8.515 8.742 8.942 9.097 9.22 9.427 9.597 9.678 9.795 9.862
9.083 8.965 8.678 8.46 8.46 8.46 8.46 8.46 8.655 9.295 10.177 10.977 11.5 11.532 11.273 11.063 10.985 10.995 11.025 11.078 11.135 11.177 11.21 11.225 11.225 11.217 11.185 11.1 10.98 10.873 10.785 10.7 10.602 10.49 10.395 10.345 10.323 10.305 10.288 10.278 10.355 10.482 10.552 10.575 10.575 10.575 10.562 10.597 10.7 10.807 10.915 10.687 10.057 9.372 8.678 8.183 7.948 7.85 7.85 7.85 7.85 7.965 8.218 8.525 8.737 8.852 9.002 9.14 9.26 9.38 9.535 9.685 9.792 9.887 9.947
10.125 9.91 9.525 9.213 9.115 8.983 8.68 8.46 8.46 8.698 9.368 10.15 10.9 11.442 11.442 11.168 11.038 11.04 11.05 11.085 11.128 11.16 11.187 11.2 11.2 11.197 11.17 11.082 10.96 10.843 10.738 10.647 10.55 10.453 10.405 10.382 10.35 10.323 10.303 10.288 10.343 10.48 10.57 10.577 10.545 10.495 10.41 10.31 10.277 10.29 10.317 10.02 9.32 8.588 8.043 7.85 7.85 7.85 7.85 7.94 8.103 8.35 8.72 8.965 9.047 9.13 9.235 9.34 9.438 9.54 9.662 9.772 9.85 9.91 9.955
10.92 10.822 10.615 10.405 10.195 9.937 9.493 9.1 8.73 8.46 8.69 9.21 9.96 10.842 11.404 11.362 11.155 11.133 11.15 11.183 11.215 11.205 11.152 11.152 11.18 11.177 11.162 11.092 10.968 10.835 10.708 10.6 10.513 10.455 10.44 10.425 10.392 10.358 10.328 10.305 10.325 10.447 10.517 10.462 10.38 10.28 10.142 9.935 9.793 9.76 9.742 9.412 8.653 8.033 7.85 7.85 7.85 7.865 8.08 8.362 8.577 8.81 9 9.14 9.245 9.36 9.48 9.59 9.66 9.692 9.737 9.795 9.845 9.892 9.917
11.3 11.395 11.262 11.005 10.775 10.577 10.37 10.067 9.47 8.765 8.46 8.57 9.113 10.023 10.88 11.272 11.27 11.272 11.32 11.33 11.285 11.195 11.063 11.06 11.142 11.16 11.155 11.117 11.012 10.868 10.725 10.598 10.515 10.488 10.482 10.465 10.435 10.4 10.365 10.338 10.325 10.387 10.415 10.275 10.12 10.02 9.87 9.62 9.39 9.3 9.215 8.835 8.19 7.85 7.85 7.85 7.955 8.185 8.577 8.837 8.93 9.11 9.252 9.37 9.482 9.6 9.702 9.772 9.79 9.76 9.745 9.775 9.825 9.852 9.84
11.31 11.487 11.472 11.257 11.053 10.905 10.767 10.55 10.17 9.485 8.745 8.46 8.623 9.3 10.107 10.592 10.872 11.135 11.34 11.317 11.2 11.07 10.935 10.94 11.075 11.137 11.135 11.117 11.052 10.925 10.78 10.658 10.58 10.543 10.525 10.505 10.475 10.445 10.415 10.39 10.363 10.35 10.36 10.2 9.925 9.763 9.6 9.34 9.05 8.845 8.652 8.288 7.95 7.85 7.85 7.99 8.352 8.767 9.082 9.23 9.292 9.37 9.48 9.605 9.702 9.772 9.81 9.815 9.787 9.75 9.733 9.755 9.785 9.775 9.745
11.363 11.467 11.52 11.442 11.287 11.135 10.99 10.817 10.572 10.18 9.492 8.758 8.46 8.71 9.083 9.315 9.745 10.337 10.727 10.925 11.002 10.937 10.808 10.813 10.97 11.087 11.115 11.1 11.067 10.977 10.85 10.753 10.685 10.625 10.578 10.548 10.523 10.5 10.475 10.447 10.415 10.37 10.347 10.192 9.865 9.582 9.325 9 8.672 8.35 8.105 7.943 7.85 7.85 7.975 8.278 8.657 9.025 9.317 9.492 9.562 9.607 9.69 9.777 9.815 9.82 9.81 9.8 9.767 9.732 9.717 9.715 9.705 9.675 9.645
11.4 11.458 11.545 11.56 11.482 11.355 11.21 11.042 10.86 10.632 10.237 9.535 8.773 8.46 8.46 8.483 8.75 9.108 9.323 9.778 10.265 10.477 10.585 10.685 10.84 10.997 11.082 11.082 11.06 11.012 10.93 10.85 10.78 10.707 10.635 10.593 10.575 10.557 10.535 10.502 10.44 10.347 10.252 10.032 9.685 9.285 8.857 8.438 8.15 7.965 7.85 7.85 7.85 7.905 8.233 8.547 8.705 8.985 9.305 9.512 9.612 9.707 9.792 9.832 9.83 9.82 9.81 9.795 9.69 9.595 9.56 9.515 9.498 9.5 9.533
11.395 11.463 11.545 11.582 11.575 11.527 11.42 11.26 11.087 10.92 10.695 10.3 9.58 8.788 8.46 8.46 8.46 8.46 8.461 8.708 9.06 9.273 9.72 10.302 10.66 10.86 10.982 11.002 10.98 10.985 10.977 10.925 10.85 10.77 10.688 10.638 10.62 10.605 10.547 10.427 10.287 10.145 10.002 9.675 9.227 8.685 8.205 7.963 7.85 7.85 7.85 7.85 7.85 8.108 8.575 8.795 8.84 8.993 9.275 9.517 9.64 9.73 9.802 9.835 9.837 9.83 9.82 9.785 9.633 9.418 9.315 9.32 9.363 9.438 9.545
11.405 11.47 11.545 11.577 11.582 11.585 11.55 11.45 11.305 11.142 10.98 10.757 10.307 9.538 8.885 8.578 8.46 8.46 8.46 8.46 8.46 8.461 8.738 9.475 10.257 10.697 10.837 10.853 10.865 10.923 10.98 10.975 10.91 10.827 10.743 10.683 10.652 10.602 10.477 10.265 10.033 9.845 9.695 9.307 8.718 8.163 7.865 7.85 7.85 7.85 7.85 7.85 7.973 8.487 8.957 9.045 9.065 9.118 9.28 9.51 9.667 9.747 9.805 9.835 9.84 9.837 9.83 9.805 9.74 9.515 9.37 9.435 9.508 9.593 9.682
11.42 11.48 11.545 11.572 11.575 11.575 11.57 11.55 11.47 11.327 11.17 11.01 10.717 10.255 9.702 9.185 8.715 8.46 8.46 8.46 8.46 8.46 8.46 8.713 9.553 10.417 10.702 10.733 10.795 10.875 10.952 10.995 10.96 10.88 10.797 10.72 10.65 10.558 10.43 10.213 9.915 9.64 9.415 8.987 8.328 7.923 7.85 7.85 7.85 7.85 7.85 7.85 8.193 8.84 9.17 9.22 9.27 9.325 9.398 9.543 9.687 9.755 9.805 9.835 9.84 9.84 9.835 9.825 9.817 9.74 9.68 9.707 9.735 9.762 9.792
11.435 11.49 11.545 11.565 11.565 11.56 11.548 11.552 11.547 11.467 11.325 11.167 10.97 10.67 10.317 9.95 9.402 8.755 8.46 8.46 8.46 8.46 8.46 8.46 9.12 10.18 10.61 10.683 10.765 10.848 10.94 10.987 10.942 10.862 10.785 10.727 10.715 10.673 10.573 10.36 10.04 9.7 9.285 8.738 8.138 7.85 7.85 7.85 7.85 7.85 7.85 7.973 8.463 9.032 9.255 9.303 9.372 9.457 9.527 9.615 9.702 9.758 9.81 9.84 9.842 9.84 9.832 9.808 9.778 9.785 9.815 9.832 9.84 9.837 9.835
11.448 11.497 11.542 11.555 11.552 11.54 11.523 11.523 11.547 11.547 11.465 11.32 11.113 10.88 10.687 10.445 10.115 9.597 9.145 8.748 8.46 8.46 8.46 8.46 9.138 10.182 10.592 10.68 10.768 10.865 10.99 10.995 10.873 10.778 10.708 10.688 10.78 10.877 10.847 10.64 10.265 9.78 9.255 8.76 8.298 7.963 7.85 7.85 7.85 7.85 7.85 8.145 8.735 9.177 9.342 9.378 9.428 9.503 9.587 9.665 9.722 9.77 9.82 9.85 9.847 9.838 9.825 9.807 9.773 9.74 9.768 9.815 9.832 9.832 9.827
11.463 11.507 11.54 11.542 11.532 11.515 11.498 11.493 11.513 11.547 11.547 11.457 11.292 11.133 11.01 10.85 10.6 10.345 10.082 9.525 9.043 8.713 8.483 8.815 9.513 10.195 10.57 10.695 10.798 10.925 11.052 10.997 10.803 10.69 10.637 10.63 10.738 10.917 11.03 10.915 10.558 10.085 9.66 9.298 8.873 8.418 8.023 7.85 7.85 7.85 7.85 8.243 8.935 9.325 9.43 9.465 9.503 9.555 9.63 9.697 9.747 9.79 9.835 9.862 9.855 9.84 9.825 9.812 9.785 9.743 9.755 9.797 9.817 9.825 9.817
11.475 11.517 11.535 11.522 11.507 11.49 11.472 11.465 11.48 11.512 11.545 11.532 11.465 11.387 11.31 11.197 10.975 10.687 10.462 10.23 9.972 9.575 9.328 9.697 10.087 10.293 10.553 10.728 10.863 11.012 11.087 10.96 10.727 10.45 10.327 10.485 10.687 10.887 11.105 11.177 11.007 10.742 10.48 10.147 9.708 9.257 8.645 8.163 8.088 8.045 8.04 8.475 9.152 9.467 9.512 9.55 9.587 9.625 9.677 9.732 9.775 9.815 9.857 9.88 9.875 9.862 9.84 9.815 9.793 9.772 9.765 9.775 9.795 9.81 9.802
11.487 11.527 11.512 11.465 11.435 11.422 11.407 11.407 11.437 11.475 11.505 11.525 11.507 11.462 11.417 11.375 11.22 10.948 10.735 10.592 10.462 10.357 10.322 10.37 10.462 10.562 10.678 10.818 10.963 11.11 11.092 10.847 10.227 9.556 9.358 9.665 10.32 10.822 11.12 11.37 11.405 11.272 11.14 10.935 10.595 10.192 9.615 8.945 8.56 8.393 8.473 8.97 9.465 9.6 9.578 9.595 9.635 9.672 9.715 9.76 9.8 9.84 9.877 9.892 9.892 9.885 9.852 9.823 9.805 9.78 9.747 9.74 9.757 9.772 9.765
11.517 11.537 11.495 11.418 11.353 11.313 11.29 11.31 11.375 11.432 11.465 11.487 11.475 11.43 11.395 11.395 11.35 11.19 11.015 10.865 10.733 10.66 10.623 10.645 10.732 10.817 10.883 10.975 11.107 11.13 10.922 10.27 9.441 9.268 9.33 9.221 9.501 10.222 10.875 11.252 11.467 11.54 11.577 11.567 11.392 11.03 10.547 9.885 9.225 8.825 8.97 9.51 9.772 9.742 9.683 9.648 9.653 9.685 9.73 9.777 9.82 9.86 9.892 9.9 9.897 9.89 9.858 9.825 9.795 9.75 9.705 9.695 9.707 9.71 9.697
