EGM722_Project_Data/DTM_asc/TL4658.asc
ncols         200
nrows         200
xllcorner     546000.000
yllcorner     258000.000
cellsize      5
NODATA_value  -9999.0
[rows 33 to 65 of 200, columns 74 to 147 of 200]
12.618 12.6 12.613 12.623 12.598 12.58 12.61 12.652 12.672 12.668 12.663 12.658 12.665 12.7 12.75 12.79 12.81 12.807 12.79 12.77 12.747 12.72 12.69 12.66 12.62 12.573 12.528 12.48 12.43 12.382 12.335 12.275 12.177 12.052 11.927 11.802 11.69 11.56 11.393 11.215 11.058 10.97 10.935 10.9 10.865 10.853 10.86 10.852 10.81 10.752 10.695 10.638 10.593 10.58 10.603 10.637 10.63 10.622 10.66 10.7 10.592 10.287 9.975 9.803 9.73 9.655 9.572 9.428 9.308 9.39 9.555 9.6 9.545 9.472
12.535 12.538 12.545 12.563 12.588 12.625 12.673 12.722 12.757 12.762 12.758 12.753 12.77 12.812 12.855 12.87 12.855 12.835 12.815 12.787 12.77 12.762 12.742 12.715 12.675 12.627 12.58 12.532 12.48 12.417 12.352 12.27 12.155 12.03 11.905 11.782 11.66 11.513 11.34 11.16 11.013 10.933 10.893 10.857 10.82 10.795 10.795 10.782 10.735 10.678 10.623 10.57 10.535 10.538 10.565 10.6 10.56 10.48 10.468 10.5 10.39 10.088 9.88 9.815 9.757 9.685 9.61 9.482 9.288 9.21 9.378 9.532 9.515 9.452
12.545 12.545 12.56 12.595 12.638 12.685 12.743 12.8 12.84 12.862 12.867 12.865 12.885 12.922 12.937 12.915 12.885 12.865 12.837 12.795 12.78 12.79 12.79 12.775 12.735 12.68 12.617 12.557 12.495 12.422 12.337 12.235 12.115 11.99 11.868 11.748 11.632 11.505 11.352 11.18 11.02 10.915 10.858 10.815 10.778 10.745 10.733 10.715 10.665 10.608 10.563 10.528 10.508 10.51 10.53 10.562 10.517 10.388 10.283 10.233 10.13 9.958 9.845 9.797 9.755 9.702 9.64 9.53 9.35 9.185 9.273 9.442 9.445 9.395
12.555 12.568 12.603 12.648 12.695 12.75 12.82 12.88 12.915 12.945 12.967 12.975 12.995 13.01 12.985 12.945 12.912 12.885 12.845 12.798 12.78 12.792 12.81 12.802 12.757 12.695 12.622 12.55 12.48 12.405 12.31 12.197 12.077 11.955 11.835 11.715 11.597 11.477 11.347 11.195 11.043 10.923 10.84 10.785 10.74 10.7 10.675 10.647 10.603 10.56 10.53 10.507 10.495 10.495 10.503 10.525 10.48 10.35 10.215 10.088 9.96 9.87 9.815 9.762 9.72 9.685 9.642 9.572 9.445 9.295 9.288 9.357 9.355 9.317
12.588 12.623 12.673 12.723 12.775 12.833 12.902 12.957 12.99 13.02 13.05 13.072 13.08 13.057 13.015 12.972 12.932 12.892 12.847 12.803 12.78 12.79 12.81 12.782 12.722 12.672 12.61 12.54 12.467 12.38 12.275 12.16 12.04 11.922 11.805 11.685 11.565 11.445 11.328 11.205 11.07 10.94 10.833 10.76 10.71 10.663 10.622 10.582 10.545 10.515 10.487 10.462 10.455 10.465 10.475 10.49 10.435 10.295 10.145 9.99 9.855 9.787 9.752 9.712 9.678 9.64 9.6 9.56 9.487 9.382 9.31 9.283 9.258 9.225
12.683 12.723 12.778 12.833 12.888 12.945 12.997 13.032 13.06 13.09 13.117 13.117 13.077 13.03 12.99 12.947 12.91 12.88 12.847 12.807 12.783 12.815 12.82 12.735 12.663 12.625 12.577 12.52 12.447 12.355 12.253 12.138 12.008 11.883 11.767 11.65 11.53 11.428 11.333 11.23 11.107 10.963 10.828 10.728 10.665 10.617 10.567 10.515 10.47 10.435 10.405 10.375 10.37 10.39 10.41 10.41 10.337 10.192 10.025 9.855 9.725 9.67 9.645 9.648 9.647 9.593 9.535 9.495 9.435 9.355 9.282 9.23 9.188 9.148
12.823 12.855 12.905 12.96 13.015 13.072 13.097 13.103 13.125 13.15 13.145 13.092 13.018 12.958 12.915 12.875 12.845 12.827 12.808 12.79 12.808 12.852 12.8 12.673 12.6 12.56 12.52 12.487 12.435 12.35 12.257 12.142 11.998 11.85 11.723 11.608 11.505 11.435 11.365 11.27 11.157 11.01 10.85 10.71 10.615 10.56 10.505 10.445 10.388 10.338 10.3 10.273 10.27 10.285 10.282 10.25 10.17 10.042 9.885 9.718 9.598 9.55 9.558 9.628 9.66 9.58 9.483 9.425 9.365 9.29 9.233 9.187 9.143 9.1
12.97 13 13.04 13.09 13.145 13.185 13.182 13.17 13.18 13.172 13.115 13.038 12.96 12.893 12.843 12.8 12.77 12.755 12.77 12.823 12.887 12.867 12.735 12.605 12.535 12.503 12.48 12.467 12.43 12.355 12.27 12.155 12.005 11.845 11.698 11.575 11.5 11.457 11.395 11.307 11.207 11.075 10.91 10.743 10.595 10.5 10.44 10.378 10.315 10.255 10.203 10.17 10.157 10.145 10.11 10.062 9.982 9.865 9.732 9.58 9.47 9.463 9.543 9.66 9.7 9.61 9.478 9.375 9.3 9.238 9.188 9.143 9.1 9.063
13.12 13.15 13.183 13.223 13.265 13.275 13.255 13.23 13.197 13.14 13.062 12.985 12.905 12.83 12.77 12.725 12.725 12.773 12.853 12.96 12.977 12.847 12.67 12.538 12.48 12.47 12.473 12.465 12.42 12.352 12.277 12.165 12.018 11.865 11.718 11.583 11.51 11.48 11.42 11.34 11.25 11.13 10.977 10.81 10.618 10.465 10.39 10.325 10.26 10.2 10.137 10.07 10.013 9.967 9.92 9.875 9.795 9.675 9.555 9.428 9.375 9.45 9.572 9.695 9.745 9.67 9.538 9.408 9.308 9.24 9.18 9.118 9.068 9.035
13.275 13.3 13.33 13.365 13.37 13.342 13.317 13.27 13.173 13.073 13 12.927 12.85 12.773 12.705 12.685 12.775 12.91 13.02 13.075 12.985 12.802 12.618 12.495 12.465 12.468 12.475 12.462 12.41 12.34 12.265 12.172 12.052 11.917 11.78 11.64 11.548 11.505 11.445 11.367 11.285 11.182 11.042 10.872 10.66 10.46 10.353 10.288 10.222 10.157 10.077 9.97 9.863 9.785 9.733 9.687 9.605 9.488 9.373 9.315 9.358 9.46 9.58 9.702 9.782 9.767 9.67 9.54 9.43 9.35 9.278 9.188 9.1 9.048
13.438 13.458 13.483 13.507 13.465 13.395 13.367 13.302 13.16 13.015 12.925 12.855 12.782 12.71 12.64 12.698 12.907 13.08 13.155 13.102 12.937 12.748 12.588 12.513 12.5 12.498 12.497 12.462 12.387 12.31 12.23 12.155 12.07 11.97 11.852 11.715 11.598 11.53 11.47 11.392 11.315 11.227 11.102 10.925 10.697 10.46 10.315 10.25 10.185 10.1 9.99 9.867 9.743 9.628 9.55 9.5 9.417 9.308 9.255 9.31 9.395 9.468 9.568 9.687 9.782 9.83 9.81 9.71 9.603 9.52 9.43 9.32 9.208 9.118
13.605 13.622 13.64 13.642 13.565 13.46 13.415 13.335 13.17 12.99 12.855 12.77 12.703 12.668 12.683 12.815 13.062 13.232 13.217 13.065 12.868 12.698 12.603 12.57 12.558 12.552 12.53 12.455 12.353 12.265 12.185 12.11 12.037 11.965 11.877 11.77 11.652 11.56 11.492 11.417 11.34 11.26 11.155 10.975 10.732 10.475 10.295 10.21 10.125 10.012 9.89 9.765 9.64 9.51 9.393 9.318 9.243 9.195 9.25 9.36 9.445 9.508 9.583 9.675 9.758 9.823 9.867 9.847 9.772 9.675 9.56 9.443 9.333 9.228
13.63 13.657 13.685 13.72 13.672 13.545 13.467 13.362 13.182 12.995 12.82 12.725 12.73 12.798 12.915 13.062 13.252 13.325 13.182 12.98 12.808 12.703 12.655 12.628 12.613 12.607 12.542 12.435 12.323 12.215 12.138 12.063 11.993 11.925 11.85 11.77 11.677 11.587 11.512 11.435 11.355 11.277 11.18 10.997 10.75 10.498 10.29 10.16 10.048 9.928 9.81 9.688 9.568 9.455 9.333 9.213 9.16 9.21 9.313 9.418 9.508 9.585 9.663 9.73 9.798 9.87 9.94 9.995 9.942 9.805 9.68 9.565 9.458 9.353
13.498 13.535 13.595 13.697 13.732 13.637 13.525 13.382 13.187 12.993 12.825 12.765 12.828 12.952 13.097 13.242 13.357 13.292 13.085 12.92 12.813 12.75 12.715 12.685 12.668 12.662 12.557 12.425 12.312 12.18 12.093 12.018 11.948 11.88 11.807 11.73 11.652 11.58 11.507 11.427 11.345 11.265 11.157 10.965 10.72 10.49 10.308 10.178 10.06 9.943 9.828 9.71 9.59 9.525 9.468 9.343 9.293 9.365 9.465 9.56 9.65 9.74 9.817 9.865 9.92 10 10.08 10.142 10.125 10.062 9.89 9.69 9.593 9.498
13.355 13.405 13.503 13.63 13.732 13.717 13.565 13.362 13.157 12.968 12.875 12.885 12.925 12.998 13.12 13.272 13.32 13.19 13.028 12.925 12.853 12.805 12.775 12.745 12.725 12.687 12.55 12.423 12.317 12.165 12.05 11.97 11.9 11.83 11.762 11.69 11.618 11.55 11.48 11.402 11.32 11.232 11.107 10.905 10.675 10.498 10.375 10.27 10.157 10.04 9.922 9.802 9.678 9.65 9.687 9.63 9.558 9.595 9.692 9.777 9.86 9.942 9.992 10.015 10.065 10.142 10.207 10.237 10.255 10.292 10.207 10.023 9.83 9.673
13.258 13.31 13.43 13.56 13.69 13.755 13.607 13.333 13.113 12.993 12.998 13.045 13.075 13.105 13.165 13.277 13.255 13.115 13.03 12.957 12.9 12.865 12.835 12.805 12.782 12.672 12.503 12.417 12.32 12.16 12.02 11.923 11.85 11.783 11.718 11.653 11.588 11.52 11.452 11.38 11.295 11.192 11.052 10.863 10.685 10.563 10.46 10.357 10.25 10.135 10.012 9.885 9.768 9.755 9.835 9.867 9.815 9.82 9.912 9.99 10.067 10.127 10.15 10.163 10.21 10.275 10.307 10.315 10.325 10.36 10.445 10.45 10.372 10.18
13.253 13.27 13.393 13.52 13.648 13.742 13.627 13.325 13.123 13.103 13.16 13.205 13.235 13.265 13.293 13.302 13.185 13.059 12.86 12.82 12.955 12.925 12.895 12.865 12.84 12.655 12.453 12.412 12.32 12.16 12.005 11.885 11.805 11.743 11.685 11.633 11.572 11.498 11.428 11.352 11.257 11.148 11.018 10.873 10.75 10.645 10.54 10.437 10.332 10.22 10.095 9.968 9.865 9.863 9.94 10.017 10.037 10.055 10.127 10.2 10.257 10.285 10.295 10.305 10.342 10.38 10.385 10.385 10.395 10.47 10.632 10.708 10.797 10.827
13.305 13.278 13.39 13.513 13.637 13.682 13.555 13.33 13.22 13.26 13.322 13.365 13.392 13.42 13.445 13.367 12.7 12.063 11.87 12.372 13.007 12.99 12.96 12.927 12.859 12.622 12.425 12.405 12.32 12.165 12.008 11.865 11.773 11.723 11.675 11.627 11.567 11.49 11.413 11.328 11.228 11.125 11.025 10.92 10.815 10.71 10.605 10.5 10.397 10.295 10.177 10.053 9.96 9.968 10.045 10.125 10.19 10.235 10.28 10.33 10.365 10.382 10.4 10.412 10.425 10.43 10.42 10.412 10.438 10.563 10.805 10.957 11.022 11.19
13.38 13.308 13.39 13.51 13.607 13.577 13.49 13.42 13.388 13.435 13.485 13.52 13.545 13.567 13.577 13.477 12.226 11.071 11.138 11.77 12.687 12.947 12.45 12.03 11.965 12.19 12.435 12.385 12.317 12.192 12.022 11.835 11.73 11.707 11.67 11.62 11.562 11.49 11.41 11.323 11.225 11.138 11.062 10.972 10.868 10.76 10.655 10.55 10.45 10.355 10.252 10.135 10.053 10.075 10.152 10.212 10.252 10.292 10.335 10.37 10.397 10.422 10.44 10.432 10.415 10.407 10.397 10.383 10.435 10.56 10.68 10.727 11.077 11.497
13.45 13.35 13.39 13.517 13.557 13.515 13.548 13.582 13.585 13.582 13.547 13.53 13.53 13.547 13.56 13.5 12.742 11.653 11.295 11.356 12.205 12.949 11.993 11.101 11.081 11.828 12.507 12.395 12.325 12.222 12.02 11.775 11.663 11.657 11.64 11.607 11.562 11.495 11.413 11.327 11.243 11.17 11.105 11.025 10.925 10.813 10.705 10.6 10.5 10.408 10.313 10.21 10.15 10.167 10.212 10.24 10.258 10.298 10.35 10.392 10.422 10.44 10.427 10.385 10.355 10.35 10.347 10.343 10.385 10.41 10.31 10.153 10.4 10.827
13.484 13.383 13.39 13.497 13.538 13.575 13.67 13.74 13.71 13.572 13.425 13.367 13.378 13.408 13.417 13.375 13.257 12.24 11.373 11.305 12.085 13.014 12.07 11.098 11.08 11.67 12.38 12.45 12.365 12.25 12.022 11.74 11.61 11.6 11.59 11.578 11.552 11.497 11.417 11.333 11.26 11.202 11.142 11.075 10.985 10.87 10.758 10.653 10.555 10.468 10.38 10.293 10.235 10.215 10.215 10.228 10.255 10.303 10.358 10.407 10.435 10.425 10.38 10.325 10.298 10.295 10.295 10.285 10.257 10.173 10.04 9.908 9.795 9.808
13.045 13.405 13.42 13.503 13.543 13.585 13.627 13.662 13.14 12.468 12.435 12.892 13.27 13.295 13.267 13.21 13.149 12.108 11.323 11.418 11.658 12.52 12.502 11.543 11.08 11.265 12.008 12.512 12.427 12.295 12.067 11.775 11.608 11.588 11.573 11.563 11.557 11.507 11.42 11.338 11.27 11.22 11.167 11.112 11.04 10.943 10.84 10.745 10.658 10.575 10.495 10.413 10.335 10.285 10.265 10.25 10.265 10.318 10.375 10.415 10.41 10.367 10.315 10.28 10.27 10.27 10.27 10.247 10.158 10.035 9.93 9.825 9.715 9.603
12.605 13.36 13.417 13.567 13.565 13.545 13.523 13.47 12.463 11.394 11.408 12.34 13.167 13.154 12.66 12.188 12.232 11.803 11.473 11.522 11.281 12.06 12.931 11.982 11.078 11.06 11.86 12.602 12.492 12.34 12.11 11.84 11.648 11.6 11.59 11.588 11.597 11.545 11.433 11.34 11.275 11.225 11.178 11.135 11.092 11.042 10.972 10.888 10.807 10.727 10.642 10.555 10.468 10.407 10.367 10.313 10.3 10.345 10.377 10.377 10.345 10.298 10.268 10.265 10.27 10.27 10.27 10.255 10.155 10 9.875 9.765 9.655 9.537
12.37 12.965 13.102 13.435 13.657 13.642 13.617 13.499 12.408 11.373 11.285 11.863 12.36 12.272 11.905 11.501 11.543 11.613 11.6 11.51 11.361 12.108 12.904 11.965 11.071 11.058 11.528 12.302 12.545 12.37 12.132 11.89 11.69 11.618 11.623 11.63 11.642 11.592 11.465 11.35 11.28 11.235 11.2 11.173 11.148 11.125 11.09 11.03 10.955 10.867 10.772 10.68 10.587 10.512 10.45 10.38 10.34 10.337 10.327 10.305 10.278 10.255 10.255 10.265 10.27 10.27 10.27 10.265 10.175 10.005 9.845 9.71 9.59 9.463
11.985 12.393 12.583 13.147 13.794 13.2 12.873 13.309 12.602 11.536 11.303 11.488 11.658 11.62 11.67 11.667 11.593 11.508 11.685 12.075 12.233 12.595 12.915 12.387 11.485 11.05 11.096 11.903 12.587 12.395 12.16 11.935 11.738 11.65 11.655 11.667 11.682 11.635 11.505 11.375 11.303 11.27 11.245 11.225 11.2 11.175 11.155 11.122 11.052 10.955 10.857 10.762 10.672 10.595 10.525 10.455 10.375 10.315 10.285 10.26 10.245 10.245 10.255 10.265 10.27 10.27 10.267 10.262 10.187 10.03 9.858 9.7 9.565 9.43
11.863 12.083 12.193 12.403 12.7 12.013 11.571 12.66 13.109 12.005 11.325 11.473 11.67 11.653 11.556 11.558 11.953 12.293 12.54 12.985 13.169 13.102 12.978 12.854 11.92 11.04 11.033 11.702 12.465 12.445 12.225 12.015 11.828 11.708 11.673 11.68 11.7 11.657 11.527 11.393 11.335 11.32 11.295 11.275 11.25 11.225 11.202 11.17 11.105 11.01 10.913 10.823 10.745 10.675 10.605 10.53 10.425 10.33 10.283 10.255 10.245 10.248 10.255 10.265 10.26 10.25 10.245 10.235 10.19 10.065 9.895 9.738 9.6 9.478
11.915 11.968 12.042 11.89 11.646 11.443 11.181 12.297 13.461 12.35 11.391 11.505 11.516 11.905 12.342 12.42 12.89 13.304 13.345 13.342 13.297 13.195 13.058 12.925 11.948 11.031 11.025 11.275 12.08 12.535 12.333 12.13 11.943 11.803 11.718 11.688 11.7 11.657 11.527 11.398 11.355 11.362 11.347 11.325 11.302 11.275 11.242 11.205 11.15 11.067 10.973 10.89 10.822 10.755 10.685 10.6 10.485 10.365 10.293 10.265 10.255 10.255 10.258 10.262 10.245 10.218 10.203 10.192 10.172 10.085 9.935 9.793 9.678 9.58
11.988 11.973 12.037 12.03 11.855 11.61 11.32 11.71 12.817 12.762 12.21 12.335 12.383 12.855 13.367 13.432 13.495 13.53 13.515 13.47 13.397 13.28 13.135 12.99 12.41 11.458 11.015 10.991 11.815 12.607 12.447 12.245 12.058 11.918 11.81 11.728 11.705 11.652 11.523 11.403 11.365 11.385 11.39 11.375 11.352 11.32 11.28 11.24 11.195 11.125 11.04 10.965 10.898 10.833 10.765 10.67 10.545 10.415 10.318 10.278 10.268 10.265 10.265 10.262 10.24 10.203 10.17 10.15 10.132 10.082 9.99 9.887 9.797 9.712
12.068 12.06 12.075 12.097 12.01 11.76 11.462 11.168 12.19 13.229 13.15 13.297 13.432 13.51 13.59 13.667 13.702 13.675 13.62 13.562 13.472 13.335 13.18 13.03 12.879 11.902 11.005 10.965 11.508 12.345 12.53 12.36 12.173 12.03 11.923 11.818 11.74 11.652 11.525 11.415 11.378 11.395 11.412 11.415 11.392 11.355 11.312 11.27 11.23 11.18 11.118 11.05 10.98 10.915 10.842 10.732 10.6 10.47 10.35 10.29 10.283 10.278 10.275 10.267 10.24 10.198 10.155 10.12 10.095 10.07 10.027 9.97 9.907 9.84
12.153 12.145 12.145 12.125 12.052 11.852 11.585 11.31 12.172 13.222 13.31 13.405 13.497 13.592 13.685 13.76 13.765 13.71 13.65 13.59 13.497 13.357 13.2 13.05 12.917 12.108 11.178 10.948 11.063 11.898 12.55 12.452 12.285 12.143 12.037 11.925 11.807 11.685 11.558 11.443 11.395 11.41 11.43 11.422 11.385 11.342 11.297 11.26 11.233 11.225 11.207 11.152 11.085 11.017 10.92 10.785 10.65 10.52 10.393 10.313 10.295 10.29 10.282 10.27 10.24 10.198 10.155 10.115 10.085 10.06 10.025 9.982 9.94 9.897
12.23 12.197 12.152 12.088 12.015 11.843 11.605 11.383 11.653 12.652 13.31 13.405 13.5 13.595 13.68 13.727 13.72 13.68 13.627 13.567 13.482 13.362 13.217 13.073 12.947 12.57 11.615 10.928 10.86 11.645 12.479 12.485 12.382 12.255 12.137 12.007 11.872 11.74 11.61 11.483 11.42 11.43 11.432 11.39 11.335 11.295 11.26 11.238 11.228 11.25 11.277 11.257 11.2 11.122 10.997 10.84 10.7 10.573 10.45 10.348 10.305 10.297 10.282 10.265 10.237 10.2 10.16 10.123 10.098 10.063 10.013 9.968 9.925 9.887
12.25 12.207 12.145 12.065 11.985 11.902 11.683 11.418 11.234 12.201 13.312 13.407 13.502 13.595 13.662 13.685 13.67 13.635 13.595 13.542 13.46 13.35 13.225 13.095 12.97 12.852 11.875 10.903 10.805 11.25 12.105 12.465 12.41 12.29 12.147 12.025 11.932 11.813 11.665 11.53 11.455 11.44 11.405 11.355 11.313 11.275 11.25 11.233 11.23 11.26 11.305 11.33 11.307 11.215 11.065 10.898 10.75 10.625 10.505 10.388 10.32 10.3 10.28 10.26 10.235 10.2 10.165 10.14 10.125 10.103 10.063 10.003 9.93 9.875
12.223 12.192 12.157 12.085 12.003 12.06 11.825 11.438 11.785 12.725 13.31 13.4 13.487 13.567 13.62 13.635 13.62 13.585 13.55 13.515 13.455 13.365 13.268 13.158 13.035 12.915 12.355 11.343 10.778 10.858 11.708 12.417 12.347 12.225 12.115 12.035 11.99 11.92 11.778 11.608 11.493 11.448 11.415 11.388 11.355 11.308 11.265 11.23 11.23 11.268 11.313 11.36 11.38 11.292 11.125 10.953 10.803 10.683 10.568 10.453 10.383 10.355 10.323 10.29 10.258 10.22 10.19 10.178 10.17 10.165 10.155 10.117 10.04 9.95
