EGM722_Project_Data/DTM_asc/TL4659.asc
ncols         200
nrows         200
xllcorner     546000.000
yllcorner     259000.000
cellsize      5
NODATA_value  -9999.0
[rows 140 to 174 of 200, columns 0 to 77 of 200]
5.882 5.938 5.993 6.048 6.135 6.26 6.38 6.472 6.502 6.585 6.61 6.488 6.37 6.263 6.19 5.968 5.8 5.865 5.902 5.89 5.86 5.833 5.833 5.85 5.86 5.865 5.84 5.775 5.692 5.595 5.455 5.285 5.143 5.105 5.142 5.165 5.178 5.22 5.29 5.347 5.365 5.335 5.277 5.21 5.143 5.098 5.08 5.08 5.095 5.11 5.1 5.062 5.017 4.97 4.89 4.78 4.665 4.55 4.453 4.423 4.448 4.473 4.5 4.528 4.543 4.525 4.465 4.413 4.388 4.36 4.34 4.335 4.335 4.332 4.335 4.335 4.32 4.3
5.787 5.843 5.897 5.95 6.013 6.113 6.232 6.347 6.44 6.657 6.78 6.668 6.56 6.46 6.397 6.06 5.765 5.817 5.84 5.82 5.79 5.768 5.775 5.802 5.825 5.822 5.767 5.677 5.58 5.47 5.31 5.115 5.008 5.015 5.055 5.09 5.13 5.19 5.26 5.333 5.385 5.365 5.297 5.23 5.157 5.085 5.05 5.055 5.068 5.08 5.07 5.03 4.982 4.932 4.847 4.735 4.62 4.51 4.42 4.355 4.338 4.355 4.373 4.39 4.41 4.41 4.39 4.367 4.34 4.313 4.293 4.285 4.288 4.295 4.31 4.322 4.317 4.303
5.693 5.747 5.802 5.855 5.908 5.98 6.085 6.192 6.283 6.68 6.98 6.875 6.77 6.678 6.617 6.158 5.745 5.782 5.78 5.75 5.72 5.705 5.72 5.74 5.745 5.722 5.647 5.545 5.445 5.342 5.185 5.01 4.95 4.978 5.015 5.063 5.13 5.208 5.283 5.36 5.425 5.402 5.313 5.235 5.16 5.085 5.05 5.05 5.055 5.062 5.042 4.992 4.94 4.887 4.805 4.693 4.585 4.495 4.42 4.335 4.29 4.302 4.318 4.335 4.347 4.35 4.337 4.312 4.287 4.265 4.245 4.24 4.253 4.27 4.29 4.31 4.32 4.315
5.608 5.653 5.707 5.76 5.812 5.867 5.935 6.01 6.078 6.685 7.197 7.085 6.985 6.9 6.837 6.255 5.718 5.727 5.707 5.68 5.65 5.64 5.647 5.645 5.63 5.6 5.525 5.42 5.318 5.215 5.093 4.993 4.97 4.99 5.03 5.098 5.188 5.275 5.355 5.427 5.48 5.462 5.36 5.248 5.163 5.09 5.055 5.055 5.057 5.06 5.025 4.958 4.898 4.845 4.765 4.66 4.57 4.5 4.43 4.33 4.255 4.248 4.262 4.277 4.287 4.292 4.277 4.248 4.225 4.207 4.193 4.202 4.23 4.25 4.273 4.305 4.34 4.347
5.543 5.565 5.612 5.662 5.702 5.735 5.765 5.808 5.865 6.697 7.422 7.295 7.203 7.125 7.057 6.353 5.678 5.662 5.638 5.613 5.588 5.573 5.55 5.523 5.508 5.48 5.407 5.303 5.208 5.13 5.065 5.018 4.993 5.003 5.063 5.155 5.255 5.347 5.425 5.482 5.522 5.537 5.455 5.305 5.183 5.098 5.065 5.062 5.057 5.045 4.997 4.927 4.865 4.805 4.733 4.65 4.575 4.515 4.442 4.335 4.23 4.193 4.205 4.215 4.222 4.227 4.22 4.19 4.158 4.138 4.123 4.14 4.182 4.22 4.262 4.31 4.362 4.387
5.495 5.488 5.503 5.535 5.56 5.578 5.595 5.62 5.66 6.712 7.652 7.513 7.423 7.35 7.277 6.443 5.63 5.603 5.575 5.548 5.53 5.525 5.503 5.46 5.42 5.375 5.313 5.235 5.168 5.123 5.088 5.052 5.018 5.033 5.118 5.22 5.32 5.41 5.477 5.527 5.567 5.602 5.552 5.405 5.248 5.118 5.063 5.055 5.042 5.007 4.947 4.885 4.825 4.768 4.717 4.652 4.585 4.535 4.457 4.343 4.22 4.15 4.145 4.153 4.158 4.165 4.167 4.14 4.098 4.065 4.055 4.085 4.135 4.185 4.242 4.307 4.372 4.42
5.462 5.425 5.393 5.4 5.42 5.44 5.458 5.468 5.483 6.737 7.889 7.74 7.645 7.572 7.497 6.525 5.575 5.545 5.515 5.488 5.478 5.487 5.49 5.462 5.405 5.34 5.285 5.235 5.19 5.155 5.122 5.085 5.058 5.093 5.188 5.29 5.377 5.43 5.467 5.517 5.567 5.615 5.592 5.462 5.292 5.128 5.045 5.032 5.01 4.96 4.895 4.838 4.785 4.743 4.707 4.655 4.598 4.555 4.48 4.363 4.243 4.158 4.125 4.113 4.103 4.103 4.108 4.09 4.055 4.028 4.028 4.06 4.103 4.145 4.203 4.278 4.353 4.435
5.437 5.38 5.298 5.275 5.295 5.315 5.33 5.335 5.348 6.792 8.109 7.943 7.858 7.785 7.715 6.62 5.525 5.48 5.45 5.43 5.433 5.445 5.455 5.455 5.422 5.362 5.305 5.258 5.22 5.19 5.155 5.118 5.118 5.173 5.262 5.35 5.395 5.4 5.415 5.463 5.518 5.577 5.565 5.437 5.272 5.11 5.023 5.002 4.967 4.91 4.848 4.8 4.76 4.725 4.69 4.65 4.61 4.577 4.51 4.398 4.293 4.215 4.168 4.133 4.1 4.08 4.073 4.06 4.048 4.043 4.043 4.055 4.075 4.103 4.16 4.253 4.363 4.49
5.407 5.332 5.21 5.153 5.165 5.185 5.198 5.21 5.246 6.87 8.322 8.133 8.06 7.993 7.939 6.742 5.503 5.423 5.388 5.378 5.388 5.4 5.41 5.42 5.417 5.38 5.328 5.288 5.255 5.223 5.188 5.165 5.193 5.26 5.322 5.357 5.36 5.35 5.363 5.408 5.468 5.532 5.512 5.38 5.225 5.078 4.993 4.965 4.92 4.863 4.813 4.775 4.74 4.708 4.685 4.665 4.64 4.612 4.545 4.443 4.355 4.283 4.233 4.195 4.155 4.12 4.093 4.08 4.085 4.093 4.098 4.105 4.113 4.128 4.188 4.308 4.453 4.6
5.365 5.27 5.138 5.048 5.035 5.053 5.07 5.105 5.161 6.717 8.336 8.352 8.248 8.19 8.164 6.872 5.506 5.388 5.333 5.333 5.345 5.355 5.365 5.375 5.385 5.38 5.352 5.32 5.29 5.257 5.225 5.228 5.277 5.325 5.34 5.332 5.318 5.305 5.313 5.358 5.422 5.487 5.46 5.32 5.168 5.04 4.965 4.925 4.875 4.828 4.795 4.77 4.75 4.735 4.728 4.723 4.702 4.662 4.592 4.505 4.425 4.35 4.297 4.257 4.21 4.163 4.145 4.16 4.175 4.185 4.195 4.205 4.215 4.243 4.31 4.428 4.57 4.715
5.32 5.205 5.073 4.953 4.908 4.928 4.968 5.028 5.103 5.98 7.77 8.592 8.43 8.378 8.384 7.003 5.521 5.405 5.348 5.338 5.345 5.355 5.368 5.38 5.39 5.392 5.377 5.35 5.32 5.29 5.275 5.292 5.325 5.335 5.322 5.307 5.29 5.28 5.285 5.318 5.378 5.445 5.41 5.263 5.125 5.018 4.94 4.89 4.858 4.835 4.82 4.813 4.81 4.808 4.803 4.8 4.777 4.715 4.635 4.557 4.48 4.402 4.342 4.292 4.235 4.198 4.223 4.275 4.297 4.305 4.315 4.325 4.34 4.393 4.473 4.565 4.69 4.835
5.35 5.218 5.063 4.91 4.83 4.86 4.938 5.023 5.113 5.319 7.248 8.864 8.643 8.558 8.587 7.268 5.711 5.498 5.455 5.423 5.403 5.403 5.418 5.43 5.432 5.42 5.397 5.372 5.347 5.322 5.315 5.32 5.317 5.312 5.3 5.283 5.275 5.28 5.285 5.298 5.34 5.402 5.357 5.215 5.1 5.008 4.938 4.903 4.895 4.893 4.89 4.887 4.885 4.882 4.878 4.875 4.847 4.765 4.668 4.59 4.515 4.433 4.363 4.305 4.253 4.255 4.32 4.39 4.422 4.43 4.438 4.445 4.478 4.555 4.645 4.72 4.818 4.955
5.49 5.373 5.203 5.04 4.918 4.905 4.983 5.075 5.16 5.221 7.28 9.162 8.878 8.738 8.775 8.214 6.588 5.56 5.537 5.515 5.492 5.477 5.475 5.475 5.462 5.437 5.412 5.387 5.355 5.315 5.292 5.292 5.292 5.288 5.278 5.27 5.278 5.29 5.295 5.3 5.318 5.355 5.307 5.188 5.103 5.033 4.978 4.958 4.96 4.962 4.965 4.962 4.96 4.957 4.952 4.947 4.91 4.812 4.705 4.62 4.537 4.453 4.378 4.315 4.293 4.34 4.42 4.497 4.542 4.555 4.563 4.575 4.63 4.725 4.815 4.885 4.958 5.075
5.66 5.587 5.427 5.275 5.125 5.025 5.045 5.133 5.22 5.271 7.445 9.456 9.145 8.953 8.965 9.059 7.322 5.538 5.532 5.53 5.525 5.512 5.502 5.492 5.472 5.445 5.42 5.387 5.335 5.275 5.24 5.245 5.263 5.273 5.275 5.283 5.298 5.307 5.3 5.295 5.302 5.315 5.282 5.205 5.145 5.09 5.035 5.015 5.02 5.025 5.03 5.032 5.035 5.032 5.027 5.02 4.967 4.85 4.735 4.645 4.555 4.47 4.393 4.345 4.37 4.443 4.52 4.6 4.655 4.675 4.685 4.718 4.795 4.895 4.987 5.057 5.115 5.207
5.752 5.707 5.562 5.41 5.26 5.128 5.113 5.2 5.287 5.313 7.602 9.751 9.44 9.198 9.155 9.247 7.395 5.493 5.49 5.487 5.483 5.483 5.485 5.477 5.457 5.432 5.412 5.382 5.333 5.275 5.24 5.25 5.28 5.303 5.318 5.33 5.335 5.332 5.305 5.263 5.25 5.257 5.24 5.195 5.145 5.095 5.05 5.042 5.06 5.07 5.077 5.085 5.092 5.097 5.1 5.09 5.002 4.84 4.723 4.66 4.585 4.498 4.418 4.405 4.47 4.545 4.62 4.7 4.765 4.795 4.813 4.87 4.965 5.062 5.157 5.232 5.29 4.892
5.77 5.74 5.615 5.463 5.33 5.215 5.19 5.267 5.32 5.298 7.127 9.436 9.735 9.458 9.36 9.432 7.475 5.461 5.448 5.445 5.448 5.453 5.455 5.452 5.435 5.41 5.395 5.38 5.35 5.3 5.278 5.305 5.342 5.367 5.377 5.377 5.365 5.35 5.312 5.238 5.18 5.17 5.157 5.12 5.072 5.007 4.97 5.012 5.062 5.075 5.087 5.1 5.11 5.12 5.127 5.097 4.97 4.778 4.668 4.647 4.612 4.537 4.468 4.473 4.545 4.635 4.72 4.8 4.875 4.915 4.953 5.035 5.132 5.228 5.325 5.404 4.974 4.06
5.78 5.77 5.67 5.533 5.418 5.31 5.27 5.305 5.297 5.243 5.894 8.345 9.999 9.735 9.595 9.632 7.577 5.451 5.41 5.415 5.425 5.43 5.427 5.425 5.412 5.39 5.375 5.365 5.35 5.317 5.312 5.342 5.367 5.397 5.41 5.395 5.378 5.362 5.32 5.24 5.153 5.1 5.075 5.032 4.962 4.865 4.84 4.957 5.05 5.06 5.072 5.085 5.095 5.102 5.105 5.04 4.887 4.703 4.603 4.602 4.6 4.567 4.538 4.543 4.595 4.692 4.79 4.882 4.975 5.04 5.107 5.202 5.297 5.395 5.492 5.039 4.078 3.615
5.79 5.802 5.737 5.62 5.51 5.4 5.333 5.305 5.265 5.218 5.211 7.735 10.161 9.962 9.845 9.857 7.7 5.456 5.388 5.398 5.402 5.405 5.4 5.395 5.387 5.37 5.355 5.337 5.315 5.29 5.282 5.295 5.305 5.332 5.372 5.392 5.39 5.375 5.33 5.247 5.153 5.07 4.997 4.915 4.813 4.7 4.705 4.875 5.015 5.047 5.055 5.065 5.073 5.077 5.07 4.977 4.805 4.628 4.543 4.55 4.558 4.565 4.58 4.6 4.643 4.725 4.825 4.927 5.03 5.122 5.212 5.305 5.397 5.097 4.645 4.045 3.575 3.612
5.817 5.812 5.775 5.695 5.585 5.475 5.383 5.323 5.278 5.235 5.216 7.777 10.259 10.1 10.01 10.017 8.532 6.216 5.398 5.39 5.38 5.375 5.372 5.365 5.362 5.337 5.297 5.265 5.23 5.2 5.18 5.178 5.185 5.21 5.267 5.332 5.375 5.382 5.34 5.255 5.15 5.04 4.922 4.805 4.754 4.485 4.05 3.95 4.522 5.037 5.045 5.053 5.057 5.05 5.015 4.915 4.748 4.573 4.498 4.51 4.52 4.54 4.573 4.618 4.683 4.765 4.855 4.953 5.055 5.152 5.245 5.252 4.777 3.99 3.533 3.468 3.545 3.602
5.827 5.772 5.742 5.717 5.64 5.535 5.443 5.378 5.325 5.275 5.236 7.542 10.068 10.195 10.095 10.092 9.729 7.397 5.426 5.397 5.375 5.345 5.325 5.323 5.345 5.315 5.22 5.158 5.123 5.09 5.07 5.063 5.065 5.088 5.14 5.215 5.292 5.337 5.3 5.195 5.07 4.945 4.378 3.853 3.882 3.69 3.26 3.081 4.023 4.997 5.045 5.05 5.037 4.997 4.94 4.855 4.705 4.528 4.458 4.475 4.488 4.513 4.563 4.638 4.73 4.82 4.9 4.985 5.08 5.174 4.727 4.175 3.655 3.236 3.315 3.4 3.49 3.57
5.775 5.703 5.678 5.68 5.657 5.587 5.505 5.442 5.38 5.307 5.248 6.426 8.994 10.284 10.188 10.168 10.186 7.835 5.434 5.387 5.345 5.29 5.263 5.285 5.335 5.325 5.213 5.098 5.025 4.98 4.96 4.953 4.95 4.963 5.013 5.075 5.12 5.147 5.1 4.983 4.888 4.82 3.853 2.941 2.988 3.03 3.058 3.083 3.673 4.645 5.042 5.027 4.98 4.92 4.865 4.795 4.65 4.475 4.415 4.438 4.463 4.513 4.593 4.69 4.79 4.882 4.962 5.037 4.85 4.412 3.685 3.171 3.17 3.188 3.245 3.328 3.418 3.558
5.7 5.633 5.613 5.617 5.62 5.6 5.545 5.477 5.4 5.31 5.233 5.387 8.015 10.376 10.28 10.255 10.249 7.837 5.391 5.33 5.27 5.213 5.215 5.272 5.33 5.345 5.257 5.113 4.985 4.893 4.853 4.853 4.853 4.855 4.875 4.893 4.89 4.878 4.843 4.79 4.763 4.735 4.06 3.188 2.993 3.035 3.06 3.085 3.231 4.195 5.017 4.978 4.925 4.875 4.83 4.737 4.568 4.443 4.413 4.433 4.488 4.56 4.65 4.75 4.848 4.942 5.027 4.602 3.89 3.406 3.17 3.17 3.17 3.17 3.193 3.255 3.623 4.44
5.625 5.563 5.548 5.552 5.557 5.557 5.522 5.455 5.382 5.302 5.215 5.199 7.89 10.471 10.373 10.348 10.331 7.833 5.312 5.25 5.19 5.135 5.155 5.242 5.322 5.367 5.302 5.157 5.01 4.883 4.818 4.808 4.81 4.81 4.803 4.788 4.773 4.755 4.735 4.73 4.717 4.665 4.417 3.59 3 3.04 3.063 3.085 3.1 4.057 4.992 4.95 4.91 4.87 4.805 4.66 4.523 4.505 4.523 4.543 4.603 4.678 4.758 4.842 4.925 5.007 4.592 3.653 3.171 3.17 3.17 3.17 3.17 3.17 3.173 3.846 4.895 5.712
5.55 5.493 5.483 5.488 5.495 5.492 5.455 5.392 5.33 5.265 5.193 5.184 7.769 10.406 10.467 10.443 10.427 9.157 6.548 5.171 5.11 5.055 5.07 5.165 5.27 5.35 5.325 5.197 5.048 4.933 4.868 4.825 4.813 4.815 4.81 4.795 4.78 4.765 4.735 4.707 4.675 4.623 4.565 3.76 3.011 3.048 3.068 3.088 3.1 3.88 4.814 4.95 4.91 4.857 4.74 4.615 4.6 4.65 4.695 4.725 4.77 4.842 4.917 4.727 4.295 4.107 3.648 3.17 3.17 3.17 3.17 3.17 3.17 3.203 3.903 5.237 5.997 6.125
5.475 5.425 5.423 5.43 5.44 5.427 5.38 5.317 5.255 5.205 5.178 5.188 6.451 9.137 10.564 10.54 10.523 10.516 7.817 5.089 5.03 4.975 4.983 5.065 5.157 5.225 5.247 5.2 5.09 4.995 4.935 4.875 4.833 4.82 4.817 4.805 4.787 4.767 4.283 4.27 4.72 4.69 4.635 4.165 3.58 3.47 3.555 3.647 3.398 3.403 4.337 4.95 4.91 4.818 4.708 4.693 4.743 4.797 4.85 4.892 4.754 4.332 4.085 3.86 3.393 3.171 3.17 3.17 3.17 3.17 3.17 3.171 3.758 4.543 5.417 6.112 6.163 6.228
5.388 5.35 5.365 5.375 5.385 5.36 5.3 5.24 5.2 5.19 5.2 5.22 5.272 7.993 10.661 10.64 10.62 10.6 7.812 5.006 4.953 4.903 4.89 4.932 4.992 5.025 5.045 5.082 5.084 5.049 5.004 4.944 4.884 4.837 4.82 4.812 4.79 4.76 3.823 3.613 4.587 4.832 4.762 4.617 4.327 4.17 4.257 4.327 3.725 3.101 4.035 4.95 4.885 4.803 4.79 4.84 4.889 4.68 4.25 4.07 3.912 3.455 3.171 3.17 3.17 3.17 3.17 3.17 3.17 3.171 3.613 4.37 5.315 6.134 6.335 6.345 6.365 6.413
5.288 5.265 5.302 5.32 5.322 5.287 5.235 5.203 5.2 5.22 5.24 5.26 5.284 8.032 10.757 10.738 9.976 8.529 6.405 4.958 4.923 4.887 4.859 4.625 4.155 3.91 3.91 3.94 3.978 3.985 3.97 3.94 3.91 4.032 4.332 4.647 4.782 4.747 3.837 3.166 3.647 3.905 4.365 4.742 4.59 4.532 4.527 4.475 3.883 3.216 4.035 4.937 4.882 4.867 4.472 4.055 4.055 3.822 3.37 3.168 3.17 3.17 3.17 3.17 3.17 3.17 3.17 3.171 3.626 4.38 5.157 5.982 6.414 6.552 6.605 6.605 6.608 6.63
5.183 5.17 5.225 5.26 5.255 5.23 5.22 5.225 5.24 5.26 5.28 5.3 5.316 6.7 8.054 8.005 7.213 5.736 4.994 4.95 4.929 4.467 3.95 3.65 3.158 2.901 2.901 2.901 2.901 2.901 2.901 2.901 2.901 3.055 3.373 3.69 3.837 3.82 3.377 2.923 2.9 2.911 3.423 3.9 4.132 4.512 4.6 4.525 4.239 3.548 3.755 4.202 4.01 4.022 3.605 3.166 3.145 3.155 3.165 3.17 3.17 3.17 3.17 3.17 3.17 3.171 3.755 4.465 5.055 5.847 6.262 6.435 6.615 6.775 6.855 6.877 6.885 6.9
5.075 5.07 5.13 5.187 5.208 5.208 5.225 5.24 5.252 5.267 5.285 5.302 5.307 5.263 5.204 5.169 5.126 5.06 4.99 4.682 4.157 3.465 2.961 2.9 2.9 2.9 2.9 2.9 2.9 2.9 2.9 2.9 2.9 2.9 2.9 2.9 2.9 2.9 2.9 2.9 2.9 2.915 2.953 3.001 3.318 3.735 3.85 3.822 3.785 3.432 3.288 3.29 3.113 3.125 3.133 3.14 3.15 3.16 3.167 3.17 3.17 3.17 3.171 3.278 3.95 4.525 5.132 5.879 6.067 6.17 6.34 6.55 6.76 6.95 7.065 7.117 7.155 7.19
4.983 4.973 5.048 5.14 5.187 5.185 5.192 5.207 5.22 5.23 5.242 5.247 5.192 5.05 4.963 4.972 4.977 4.967 4.445 3.658 3.143 2.9 2.9 2.9 2.9 2.9 2.9 2.9 2.9 2.9 2.9 2.9 2.9 2.9 2.9 2.9 2.9 2.9 2.9 2.9 2.9 2.918 2.958 3.005 3.045 3.07 3.088 3.098 3.1 3.1 3.1 3.1 3.105 3.117 3.132 3.145 3.155 3.165 3.17 3.17 3.171 3.483 4.133 4.59 5.285 5.899 5.99 6.092 6.2 6.328 6.5 6.705 6.915 7.12 7.252 7.315 7.375 7.44
4.938 4.91 5.013 5.13 5.18 5.158 5.145 5.153 5.167 5.18 5.18 5.122 4.975 4.793 4.723 4.765 4.672 4.227 3.4 2.901 2.9 2.9 2.9 2.9 2.9 2.9 2.9 2.9 2.901 2.901 2.943 3.12 3.278 3.328 3.348 3.243 3.023 2.901 2.901 2.901 2.901 2.921 2.963 3.01 3.055 3.085 3.097 3.1 3.1 3.1 3.1 3.1 3.1 3.105 3.12 3.14 3.158 3.168 3.266 3.88 4.417 4.76 5.434 5.809 5.877 5.985 6.135 6.277 6.39 6.513 6.675 6.868 7.07 7.28 7.432 7.51 7.57 7.65
5 4.933 5.01 5.127 5.175 5.148 5.118 5.105 5.112 5.115 5.055 4.925 4.783 4.665 4.64 4.242 3.7 3.24 2.9 2.9 2.9 2.9 2.9 2.9 2.9 2.901 3.205 3.72 3.945 3.975 4.038 4.192 4.307 4.35 4.382 4.317 4.14 4.03 4.04 4.05 4.06 3.985 3.635 3.206 3.068 3.096 3.101 3.101 3.101 3.101 3.101 3.101 3.101 3.101 3.106 3.408 3.983 4.297 4.463 5.122 5.684 5.74 5.795 5.87 5.98 6.115 6.28 6.45 6.577 6.695 6.855 7.04 7.23 7.435 7.607 7.705 7.77 7.865
5.132 5.035 5.025 5.122 5.167 5.14 5.107 5.077 5.055 5.017 4.923 4.808 4.72 4.672 4.225 3.343 2.901 2.9 2.9 2.9 2.9 2.9 2.901 3.263 3.777 3.943 4.275 4.827 5.094 5.159 5.159 5.067 4.965 4.937 4.967 5.052 5.162 5.222 5.249 5.269 5.289 5.214 4.852 4.4 4.235 4.253 4.26 4.258 4.255 4.258 4.263 4.265 4.268 4.288 4.308 4.6 5.167 5.499 5.602 5.682 5.745 5.805 5.875 5.98 6.108 6.245 6.415 6.602 6.755 6.878 7.035 7.22 7.403 7.595 7.78 7.895 7.975 8.088
5.19 5.147 5.085 5.12 5.165 5.132 4.939 4.37 4.325 4.8 4.885 4.805 4.73 4.245 3.348 2.9 2.9 2.9 2.9 2.9 3.151 3.665 3.943 4.33 4.869 5.059 5.11 5.167 5.23 5.277 5.235 5.105 4.975 4.925 4.963 5.058 5.192 5.307 5.365 5.375 5.377 5.38 5.382 5.384 5.399 5.429 5.444 5.439 5.442 5.464 5.484 5.489 5.494 5.534 5.589 5.607 5.612 5.658 5.728 5.798 5.87 5.94 6.015 6.113 6.233 6.375 6.55 6.742 6.922 7.062 7.215 7.4 7.58 7.763 7.952 8.09 8.19 8.313
5.167 5.175 5.147 5.145 5.045 4.46 3.838 3.286 3.263 4.285 4.902 4.817 4.29 3.353 2.9 2.9 2.9 2.9 3.111 3.623 4.187 4.725 5.024 5.075 5.115 5.15 5.19 5.232 5.275 5.292 5.24 5.127 4.995 4.925 4.96 5.063 5.197 5.315 5.377 5.382 5.367 5.35 5.345 5.368 5.425 5.48 5.495 5.495 5.515 5.56 5.597 5.61 5.615 5.653 5.725 5.77 5.775 5.82 5.902 5.975 6.045 6.115 6.185 6.263 6.365 6.508 6.685 6.878 7.07 7.232 7.395 7.58 7.76 7.948 8.155 8.313 8.423 8.548
