EGM722_Project_Data/DTM_asc/TL4661.asc
ncols         200
nrows         200
xllcorner     546000.000
yllcorner     261000.000
cellsize      5
NODATA_value  -9999.0
[rows 0 to 33 of 200, columns 75 to 149 of 200]
11.73 11.748 11.775 11.815 11.852 11.89 11.9 11.815 11.7 11.675 11.72 11.762 11.762 11.725 11.675 11.628 11.583 11.545 11.525 11.485 11.418 11.365 11.322 11.262 11.182 11.098 11.023 10.96 10.895 10.8 10.665 10.507 10.182 9.795 9.615 9.607 9.66 9.722 9.792 9.932 10.2 10.419 10.522 10.575 10.61 10.675 10.775 10.877 10.942 10.975 10.992 10.972 10.91 10.84 10.77 10.677 10.555 10.418 10.285 10.178 10.088 10.003 9.933 9.89 9.86 9.83 9.8 9.775 9.765 9.768 9.78 9.797 9.802 9.792 9.78
11.755 11.793 11.83 11.868 11.905 11.945 11.957 11.872 11.73 11.685 11.732 11.747 11.713 11.665 11.615 11.57 11.528 11.498 11.487 11.46 11.41 11.365 11.32 11.267 11.197 11.113 11.04 10.98 10.92 10.855 10.765 10.64 10.512 10.407 10.36 10.36 10.38 10.422 10.467 10.502 10.532 10.572 10.612 10.647 10.682 10.72 10.785 10.85 10.873 10.885 10.905 10.885 10.82 10.75 10.68 10.585 10.465 10.343 10.23 10.138 10.053 9.968 9.89 9.84 9.81 9.78 9.75 9.733 9.735 9.745 9.757 9.765 9.76 9.745 9.73
11.823 11.85 11.885 11.923 11.96 12 12.015 11.93 11.785 11.715 11.735 11.732 11.68 11.63 11.58 11.533 11.49 11.465 11.46 11.44 11.395 11.35 11.305 11.26 11.202 11.128 11.06 11 10.937 10.872 10.807 10.722 10.605 10.478 10.405 10.405 10.447 10.497 10.532 10.56 10.575 10.587 10.602 10.635 10.685 10.735 10.79 10.82 10.82 10.825 10.832 10.802 10.738 10.67 10.6 10.507 10.39 10.28 10.188 10.105 10.02 9.935 9.863 9.808 9.77 9.743 9.715 9.7 9.705 9.715 9.725 9.73 9.722 9.703 9.683
11.915 11.93 11.955 11.983 12.015 12.055 12.072 11.995 11.86 11.758 11.738 11.73 11.675 11.625 11.575 11.525 11.48 11.45 11.44 11.417 11.373 11.33 11.285 11.24 11.195 11.137 11.072 11.007 10.942 10.878 10.815 10.742 10.647 10.54 10.46 10.448 10.48 10.5 10.505 10.525 10.55 10.565 10.578 10.61 10.663 10.718 10.775 10.805 10.805 10.8 10.787 10.742 10.67 10.6 10.53 10.442 10.335 10.238 10.155 10.075 9.993 9.913 9.855 9.805 9.753 9.718 9.69 9.673 9.67 9.675 9.685 9.695 9.695 9.677 9.655
12.018 12.033 12.05 12.065 12.085 12.115 12.13 12.065 11.94 11.82 11.758 11.727 11.675 11.622 11.572 11.527 11.485 11.448 11.425 11.395 11.35 11.31 11.265 11.22 11.18 11.132 11.07 11.003 10.94 10.88 10.82 10.745 10.655 10.567 10.493 10.455 10.453 10.458 10.465 10.485 10.515 10.54 10.555 10.585 10.643 10.705 10.765 10.792 10.785 10.77 10.75 10.7 10.62 10.54 10.463 10.378 10.288 10.205 10.125 10.045 9.965 9.9 9.857 9.81 9.75 9.7 9.665 9.65 9.645 9.643 9.65 9.657 9.66 9.657 9.642
12.12 12.135 12.147 12.155 12.16 12.165 12.157 12.097 11.99 11.877 11.782 11.715 11.655 11.595 11.542 11.505 11.472 11.437 11.407 11.372 11.33 11.29 11.247 11.205 11.162 11.117 11.062 11 10.94 10.88 10.82 10.747 10.663 10.578 10.498 10.448 10.43 10.423 10.428 10.448 10.475 10.505 10.53 10.568 10.63 10.697 10.752 10.767 10.75 10.727 10.705 10.655 10.575 10.493 10.413 10.328 10.245 10.17 10.092 10.015 9.945 9.9 9.862 9.81 9.75 9.692 9.648 9.63 9.625 9.62 9.62 9.62 9.62 9.625 9.622
12.172 12.172 12.172 12.16 12.145 12.127 12.1 12.055 11.972 11.865 11.76 11.672 11.6 11.535 11.48 11.443 11.417 11.39 11.36 11.327 11.29 11.25 11.21 11.17 11.127 11.08 11.025 10.965 10.905 10.845 10.787 10.735 10.672 10.59 10.505 10.453 10.43 10.415 10.415 10.43 10.455 10.485 10.515 10.56 10.625 10.69 10.727 10.725 10.705 10.68 10.657 10.617 10.548 10.47 10.393 10.305 10.21 10.125 10.05 9.975 9.913 9.875 9.835 9.78 9.72 9.663 9.63 9.625 9.62 9.615 9.605 9.595 9.595 9.598 9.6
12.175 12.135 12.097 12.07 12.045 12.02 11.99 11.96 11.902 11.807 11.703 11.61 11.535 11.468 11.41 11.37 11.345 11.32 11.29 11.26 11.227 11.19 11.15 11.11 11.067 11.012 10.95 10.89 10.83 10.773 10.723 10.69 10.657 10.595 10.515 10.458 10.43 10.433 10.445 10.448 10.46 10.485 10.515 10.56 10.622 10.667 10.68 10.672 10.653 10.63 10.615 10.585 10.532 10.465 10.387 10.297 10.185 10.08 10 9.928 9.863 9.815 9.772 9.72 9.66 9.623 9.625 9.635 9.63 9.62 9.602 9.588 9.583 9.58 9.582
12.167 12.09 12.005 11.96 11.935 11.91 11.88 11.85 11.81 11.742 11.645 11.55 11.473 11.4 11.34 11.3 11.275 11.25 11.22 11.19 11.16 11.127 11.09 11.05 11 10.935 10.87 10.81 10.753 10.703 10.663 10.635 10.612 10.577 10.52 10.465 10.445 10.468 10.495 10.493 10.485 10.493 10.515 10.56 10.607 10.625 10.625 10.62 10.603 10.585 10.572 10.542 10.497 10.445 10.38 10.29 10.17 10.048 9.953 9.88 9.815 9.758 9.71 9.66 9.618 9.618 9.64 9.647 9.637 9.617 9.595 9.58 9.57 9.565 9.567
12.147 12.045 11.935 11.86 11.823 11.797 11.77 11.737 11.702 11.66 11.585 11.493 11.41 11.333 11.27 11.23 11.205 11.18 11.15 11.123 11.095 11.065 11.033 10.99 10.928 10.855 10.79 10.733 10.683 10.643 10.613 10.588 10.56 10.535 10.505 10.473 10.478 10.515 10.545 10.545 10.53 10.52 10.523 10.55 10.57 10.57 10.57 10.567 10.557 10.545 10.53 10.5 10.455 10.41 10.36 10.277 10.16 10.03 9.915 9.833 9.77 9.708 9.65 9.613 9.608 9.63 9.655 9.655 9.635 9.61 9.585 9.57 9.563 9.558 9.553
12.112 11.995 11.88 11.78 11.715 11.685 11.66 11.625 11.59 11.56 11.512 11.438 11.353 11.273 11.21 11.175 11.16 11.145 11.12 11.093 11.063 11.03 11 10.96 10.905 10.84 10.77 10.715 10.678 10.65 10.635 10.618 10.59 10.563 10.53 10.508 10.525 10.565 10.592 10.59 10.572 10.555 10.53 10.512 10.507 10.502 10.5 10.502 10.507 10.505 10.492 10.465 10.42 10.372 10.312 10.225 10.11 9.982 9.873 9.795 9.735 9.673 9.625 9.61 9.62 9.643 9.665 9.667 9.648 9.623 9.598 9.575 9.565 9.56 9.55
12.065 11.947 11.833 11.72 11.625 11.575 11.547 11.513 11.48 11.45 11.43 11.398 11.338 11.273 11.213 11.18 11.168 11.15 11.125 11.095 11.06 11.025 10.995 10.96 10.92 10.872 10.81 10.763 10.743 10.735 10.735 10.722 10.69 10.65 10.603 10.573 10.588 10.617 10.63 10.62 10.6 10.565 10.505 10.455 10.435 10.425 10.42 10.428 10.445 10.457 10.457 10.435 10.382 10.315 10.23 10.13 10.017 9.9 9.825 9.775 9.715 9.67 9.66 9.65 9.643 9.66 9.677 9.687 9.68 9.66 9.635 9.605 9.583 9.573 9.565
11.982 11.892 11.785 11.67 11.56 11.478 11.433 11.4 11.383 11.383 11.398 11.392 11.352 11.305 11.255 11.217 11.187 11.155 11.125 11.095 11.062 11.028 10.993 10.958 10.92 10.88 10.837 10.807 10.802 10.812 10.822 10.807 10.767 10.717 10.665 10.637 10.642 10.652 10.65 10.635 10.597 10.53 10.45 10.395 10.37 10.35 10.34 10.35 10.373 10.395 10.415 10.392 10.315 10.223 10.128 10.03 9.923 9.835 9.798 9.76 9.72 9.713 9.722 9.707 9.678 9.68 9.692 9.7 9.705 9.697 9.677 9.648 9.615 9.593 9.58
11.85 11.79 11.712 11.617 11.51 11.405 11.343 11.33 11.343 11.372 11.405 11.405 11.368 11.325 11.285 11.245 11.205 11.165 11.128 11.095 11.065 11.032 10.995 10.96 10.925 10.885 10.85 10.825 10.815 10.825 10.84 10.827 10.79 10.745 10.697 10.672 10.667 10.662 10.655 10.625 10.555 10.468 10.39 10.343 10.32 10.298 10.29 10.31 10.343 10.375 10.39 10.342 10.245 10.143 10.04 9.94 9.85 9.8 9.78 9.758 9.753 9.765 9.775 9.762 9.725 9.705 9.708 9.712 9.72 9.722 9.715 9.692 9.657 9.625 9.597
11.73 11.678 11.625 11.55 11.445 11.345 11.295 11.303 11.33 11.36 11.39 11.407 11.392 11.357 11.32 11.278 11.235 11.193 11.148 11.108 11.073 11.04 11.005 10.97 10.935 10.898 10.863 10.83 10.803 10.798 10.812 10.802 10.765 10.728 10.695 10.675 10.667 10.66 10.64 10.582 10.498 10.415 10.363 10.34 10.32 10.303 10.303 10.333 10.375 10.397 10.375 10.3 10.198 10.093 9.985 9.89 9.825 9.793 9.778 9.775 9.785 9.795 9.802 9.79 9.755 9.728 9.72 9.723 9.727 9.732 9.732 9.702 9.655 9.617 9.582
11.645 11.595 11.547 11.472 11.368 11.298 11.278 11.285 11.305 11.33 11.36 11.39 11.405 11.39 11.355 11.312 11.268 11.23 11.2 11.155 11.095 11.05 11.015 10.98 10.945 10.91 10.875 10.84 10.808 10.783 10.785 10.775 10.738 10.708 10.685 10.67 10.657 10.635 10.595 10.527 10.445 10.39 10.378 10.372 10.358 10.348 10.35 10.377 10.407 10.392 10.34 10.257 10.153 10.05 9.955 9.88 9.828 9.798 9.79 9.793 9.8 9.81 9.812 9.795 9.763 9.743 9.735 9.733 9.735 9.74 9.737 9.685 9.613 9.565 9.528
11.565 11.515 11.47 11.395 11.31 11.278 11.273 11.278 11.29 11.308 11.333 11.36 11.39 11.405 11.385 11.345 11.31 11.288 11.277 11.227 11.13 11.063 11.025 10.99 10.955 10.92 10.887 10.852 10.82 10.785 10.765 10.75 10.722 10.7 10.68 10.66 10.632 10.59 10.54 10.475 10.413 10.395 10.402 10.402 10.395 10.39 10.395 10.412 10.407 10.36 10.297 10.212 10.11 10.02 9.948 9.885 9.833 9.805 9.803 9.808 9.815 9.822 9.817 9.797 9.773 9.763 9.76 9.753 9.748 9.748 9.742 9.682 9.588 9.518 9.473
11.485 11.435 11.39 11.33 11.285 11.275 11.268 11.27 11.295 11.338 11.365 11.38 11.398 11.415 11.412 11.387 11.37 11.362 11.357 11.297 11.18 11.088 11.035 11 10.965 10.927 10.892 10.857 10.822 10.785 10.75 10.72 10.692 10.665 10.637 10.607 10.568 10.528 10.488 10.44 10.415 10.417 10.425 10.427 10.425 10.427 10.432 10.422 10.38 10.318 10.253 10.173 10.085 10.015 9.955 9.895 9.84 9.815 9.818 9.823 9.83 9.835 9.822 9.8 9.785 9.785 9.785 9.777 9.77 9.762 9.747 9.685 9.582 9.485 9.423
11.43 11.378 11.333 11.305 11.293 11.288 11.283 11.3 11.358 11.412 11.427 11.425 11.422 11.42 11.415 11.41 11.405 11.397 11.39 11.325 11.205 11.113 11.05 10.995 10.95 10.91 10.87 10.832 10.797 10.76 10.72 10.68 10.645 10.613 10.583 10.555 10.523 10.49 10.455 10.428 10.425 10.43 10.435 10.427 10.417 10.425 10.43 10.412 10.363 10.295 10.228 10.178 10.133 10.078 10.02 9.95 9.875 9.838 9.835 9.838 9.845 9.845 9.83 9.813 9.808 9.802 9.79 9.782 9.775 9.76 9.725 9.655 9.557 9.455 9.388
11.405 11.36 11.328 11.32 11.325 11.323 11.323 11.363 11.44 11.467 11.442 11.425 11.415 11.405 11.395 11.395 11.4 11.395 11.382 11.315 11.21 11.145 11.088 11.013 10.945 10.885 10.833 10.79 10.755 10.72 10.68 10.643 10.61 10.583 10.56 10.54 10.52 10.49 10.45 10.428 10.428 10.43 10.432 10.412 10.385 10.385 10.39 10.385 10.36 10.305 10.235 10.21 10.21 10.192 10.135 10.012 9.913 9.88 9.87 9.865 9.865 9.858 9.848 9.842 9.835 9.81 9.78 9.765 9.75 9.72 9.67 9.595 9.5 9.425 9.393
11.398 11.37 11.353 11.348 11.357 11.365 11.373 11.423 11.492 11.492 11.44 11.408 11.395 11.385 11.378 11.378 11.385 11.39 11.38 11.32 11.245 11.197 11.142 11.07 10.99 10.91 10.838 10.775 10.723 10.68 10.643 10.613 10.585 10.56 10.54 10.52 10.505 10.485 10.453 10.433 10.43 10.43 10.425 10.397 10.358 10.345 10.347 10.34 10.33 10.307 10.258 10.233 10.237 10.227 10.165 10.03 9.943 9.93 9.912 9.887 9.875 9.875 9.875 9.867 9.842 9.805 9.77 9.745 9.712 9.663 9.607 9.535 9.46 9.428 9.43
11.407 11.392 11.377 11.372 11.385 11.405 11.43 11.487 11.532 11.505 11.445 11.398 11.375 11.365 11.36 11.362 11.368 11.375 11.377 11.345 11.295 11.252 11.2 11.13 11.05 10.97 10.89 10.81 10.728 10.658 10.615 10.59 10.565 10.54 10.52 10.5 10.485 10.47 10.45 10.435 10.43 10.43 10.415 10.38 10.335 10.308 10.3 10.293 10.285 10.28 10.262 10.235 10.207 10.163 10.103 10.025 9.97 9.947 9.917 9.888 9.88 9.89 9.895 9.877 9.84 9.8 9.763 9.725 9.675 9.613 9.553 9.5 9.473 9.473 9.482
11.39 11.38 11.367 11.375 11.415 11.465 11.505 11.552 11.565 11.515 11.455 11.4 11.363 11.345 11.34 11.345 11.35 11.358 11.372 11.365 11.335 11.302 11.26 11.195 11.115 11.025 10.925 10.827 10.732 10.655 10.608 10.575 10.545 10.52 10.5 10.48 10.465 10.45 10.435 10.427 10.425 10.42 10.395 10.355 10.315 10.29 10.28 10.273 10.268 10.263 10.257 10.232 10.185 10.13 10.073 10.018 9.968 9.928 9.895 9.883 9.887 9.892 9.895 9.875 9.835 9.795 9.757 9.715 9.663 9.603 9.538 9.505 9.52 9.54 9.55
11.335 11.332 11.325 11.348 11.41 11.48 11.54 11.585 11.582 11.53 11.47 11.413 11.36 11.328 11.32 11.325 11.333 11.348 11.37 11.37 11.35 11.327 11.302 11.242 11.147 11.04 10.92 10.808 10.718 10.658 10.613 10.57 10.53 10.5 10.48 10.46 10.445 10.432 10.42 10.415 10.41 10.392 10.362 10.328 10.303 10.295 10.29 10.28 10.273 10.265 10.26 10.245 10.202 10.145 10.085 10.025 9.965 9.913 9.88 9.875 9.882 9.885 9.885 9.865 9.825 9.788 9.755 9.715 9.665 9.612 9.553 9.523 9.55 9.592 9.617
11.27 11.28 11.285 11.315 11.373 11.433 11.502 11.55 11.545 11.51 11.467 11.42 11.365 11.318 11.3 11.308 11.323 11.345 11.37 11.372 11.355 11.343 11.335 11.272 11.16 11.053 10.945 10.843 10.755 10.69 10.638 10.583 10.53 10.49 10.463 10.44 10.425 10.415 10.407 10.4 10.382 10.358 10.333 10.313 10.305 10.305 10.3 10.29 10.28 10.27 10.265 10.257 10.22 10.16 10.1 10.038 9.975 9.918 9.878 9.865 9.87 9.875 9.875 9.855 9.818 9.785 9.755 9.715 9.665 9.615 9.563 9.533 9.552 9.597 9.635
11.208 11.225 11.245 11.285 11.34 11.395 11.455 11.482 11.465 11.437 11.412 11.382 11.345 11.305 11.285 11.298 11.32 11.345 11.37 11.38 11.378 11.38 11.377 11.317 11.215 11.12 11.028 10.935 10.845 10.763 10.695 10.63 10.568 10.515 10.468 10.43 10.41 10.4 10.392 10.38 10.355 10.33 10.313 10.31 10.315 10.315 10.31 10.3 10.29 10.283 10.277 10.267 10.23 10.17 10.11 10.05 9.993 9.938 9.885 9.858 9.86 9.865 9.865 9.845 9.813 9.785 9.755 9.715 9.665 9.615 9.568 9.528 9.495 9.493 9.522
11.17 11.185 11.205 11.253 11.312 11.367 11.41 11.41 11.382 11.355 11.33 11.305 11.28 11.257 11.26 11.292 11.322 11.347 11.355 11.365 11.395 11.412 11.412 11.38 11.305 11.215 11.122 11.03 10.94 10.85 10.77 10.7 10.635 10.575 10.492 10.418 10.39 10.38 10.37 10.357 10.337 10.313 10.298 10.307 10.322 10.325 10.32 10.31 10.303 10.297 10.287 10.267 10.225 10.165 10.115 10.075 10.027 9.97 9.91 9.875 9.868 9.863 9.857 9.837 9.81 9.785 9.755 9.715 9.665 9.618 9.58 9.532 9.453 9.385 9.355
11.152 11.155 11.165 11.218 11.285 11.342 11.362 11.333 11.3 11.275 11.248 11.222 11.198 11.188 11.22 11.275 11.32 11.335 11.302 11.303 11.362 11.412 11.432 11.425 11.385 11.31 11.217 11.125 11.033 10.94 10.853 10.773 10.705 10.632 10.505 10.398 10.368 10.355 10.345 10.335 10.32 10.298 10.285 10.3 10.325 10.335 10.33 10.323 10.317 10.307 10.29 10.262 10.215 10.163 10.133 10.112 10.07 10.01 9.953 9.918 9.902 9.885 9.857 9.83 9.81 9.785 9.755 9.715 9.67 9.635 9.61 9.56 9.475 9.383 9.293
11.127 11.118 11.125 11.18 11.255 11.307 11.302 11.258 11.22 11.192 11.165 11.14 11.118 11.128 11.18 11.242 11.292 11.282 11.22 11.22 11.295 11.37 11.425 11.445 11.43 11.382 11.307 11.22 11.127 11.035 10.942 10.853 10.777 10.667 10.498 10.385 10.353 10.335 10.325 10.312 10.297 10.28 10.273 10.29 10.317 10.337 10.342 10.337 10.327 10.31 10.29 10.257 10.213 10.18 10.165 10.152 10.112 10.05 9.995 9.96 9.935 9.897 9.848 9.813 9.798 9.78 9.755 9.72 9.688 9.665 9.645 9.59 9.498 9.405 9.31
11.088 11.073 11.083 11.14 11.222 11.26 11.23 11.183 11.14 11.108 11.083 11.058 11.048 11.08 11.143 11.212 11.242 11.2 11.133 11.14 11.22 11.297 11.375 11.437 11.452 11.425 11.375 11.302 11.212 11.12 11.025 10.93 10.83 10.675 10.485 10.375 10.338 10.315 10.303 10.288 10.275 10.26 10.258 10.278 10.303 10.33 10.347 10.342 10.325 10.305 10.285 10.255 10.225 10.21 10.203 10.195 10.157 10.095 10.038 9.993 9.953 9.903 9.855 9.825 9.808 9.793 9.77 9.74 9.715 9.695 9.675 9.617 9.522 9.425 9.32
11.068 11.05 11.055 11.113 11.19 11.207 11.163 11.11 11.063 11.025 11 10.978 10.988 11.043 11.113 11.175 11.17 11.108 11.05 11.065 11.143 11.223 11.308 11.392 11.452 11.45 11.412 11.357 11.272 11.177 11.082 10.987 10.855 10.67 10.493 10.39 10.343 10.313 10.298 10.285 10.275 10.263 10.26 10.278 10.305 10.335 10.35 10.355 10.347 10.323 10.298 10.275 10.26 10.25 10.243 10.232 10.195 10.132 10.07 10.025 9.99 9.945 9.908 9.885 9.865 9.848 9.825 9.765 9.71 9.702 9.695 9.632 9.527 9.42 9.305
11.072 11.06 11.058 11.098 11.152 11.155 11.105 11.04 10.988 10.948 10.918 10.908 10.943 11.013 11.092 11.122 11.077 11.013 10.965 10.993 11.075 11.16 11.25 11.34 11.422 11.457 11.437 11.385 11.31 11.222 11.127 11.022 10.87 10.693 10.545 10.445 10.385 10.353 10.34 10.33 10.318 10.3 10.288 10.3 10.327 10.345 10.345 10.36 10.382 10.375 10.35 10.33 10.32 10.307 10.29 10.265 10.22 10.155 10.09 10.055 10.04 10.007 9.975 9.955 9.938 9.922 9.902 9.815 9.7 9.665 9.665 9.612 9.505 9.39 9.275
11.06 11.06 11.06 11.075 11.1 11.102 11.057 10.985 10.92 10.87 10.838 10.85 10.915 10.995 11.057 11.047 10.983 10.93 10.913 10.948 11.025 11.115 11.205 11.295 11.377 11.44 11.452 11.405 11.335 11.26 11.172 11.052 10.9 10.755 10.625 10.515 10.445 10.415 10.405 10.395 10.375 10.345 10.32 10.325 10.342 10.34 10.33 10.343 10.38 10.407 10.41 10.397 10.377 10.352 10.322 10.285 10.235 10.175 10.113 10.075 10.07 10.062 10.045 10.028 10.012 9.997 9.98 9.895 9.75 9.64 9.598 9.555 9.462 9.357 9.245
11.022 11.027 11.032 11.035 11.043 11.05 11.015 10.943 10.868 10.803 10.778 10.818 10.898 10.977 11 10.963 10.928 10.918 10.935 10.97 11.025 11.095 11.168 11.25 11.333 11.402 11.447 11.425 11.355 11.285 11.21 11.1 10.965 10.835 10.705 10.585 10.508 10.48 10.467 10.45 10.422 10.39 10.358 10.343 10.34 10.33 10.32 10.325 10.355 10.397 10.432 10.437 10.41 10.372 10.337 10.297 10.247 10.192 10.133 10.1 10.103 10.113 10.115 10.102 10.087 10.072 10.055 9.972 9.83 9.685 9.575 9.495 9.405 9.313 9.218
