EGM722_Project_Data/DTM_asc/TL4662.asc
ncols         200
nrows         200
xllcorner     546000.000
yllcorner     262000.000
cellsize      5
NODATA_value  -9999.0
[rows 160 to 191 of 200, columns 73 to 145 of 200]
12.513 12.51 12.523 12.535 12.545 12.55 12.555 12.587 12.65 12.162 11.195 10.75 10.75 10.75 11.065 11.725 12.364 12.61 12.505 12.398 12.31 12.192 11.933 11.76 11.81 11.91 12.083 12.35 12.477 12.355 12.098 11.828 11.625 11.61 11.735 11.808 11.93 12.14 12.347 12.505 12.62 12.78 12.998 13.215 13.36 13.433 13.48 13.49 13.45 13.373 13.288 13.22 13.193 13.198 13.21 13.208 13.193 13.123 13.025 13.04 13.158 13.293 13.43 13.598 13.755 13.785 13.74 13.725 13.735 13.768 13.803 13.823 13.838
12.525 12.523 12.528 12.535 12.545 12.55 12.445 12.465 12.632 12.197 11.235 10.75 10.75 10.75 10.75 10.935 11.475 12.155 12.532 12.55 12.49 12.42 12.228 12.098 12.16 12.26 12.405 12.402 12.487 12.612 12.47 12.26 11.943 11.693 11.64 11.635 11.715 11.885 12.043 12.188 12.323 12.455 12.625 12.845 13 13.058 13.105 13.15 13.16 13.13 13.078 13.013 12.96 12.91 12.87 12.87 12.89 12.855 12.82 12.86 12.945 13.065 13.197 13.317 13.362 13.32 13.23 13.095 13.073 13.148 13.163 13.16 13.16
12.54 12.533 12.533 12.54 12.317 12.133 12.255 12.458 12.62 12.492 11.538 10.75 10.75 10.75 10.75 10.75 10.801 11.2 11.73 12.102 12.43 12.584 12.529 12.465 12.512 12.389 11.987 11.578 12.058 12.687 12.677 12.595 12.36 12.087 11.892 11.715 11.603 11.685 11.855 12.018 12.162 12.275 12.365 12.523 12.68 12.742 12.78 12.8 12.792 12.827 12.905 12.957 12.952 12.87 12.77 12.702 12.657 12.63 12.645 12.687 12.732 12.725 12.71 12.687 12.59 12.498 12.478 12.47 12.548 12.68 12.713 12.71 12.7
12.547 12.542 12.532 12.285 12.04 12.11 12.38 12.592 12.637 12.689 11.79 10.808 10.75 10.75 10.751 10.813 10.938 11.016 11.086 11.266 11.543 11.775 11.86 11.838 11.79 11.583 11.143 10.976 11.888 12.687 12.647 12.567 12.41 12.23 12.045 11.815 11.58 11.565 11.727 11.87 12 12.11 12.168 12.243 12.362 12.435 12.445 12.412 12.355 12.405 12.572 12.68 12.652 12.515 12.377 12.325 12.325 12.337 12.362 12.39 12.412 12.24 11.955 11.805 11.725 11.675 11.74 11.93 12.135 12.28 12.35 12.375 12.373
12.545 12.547 12.317 12.065 12.273 12.525 12.57 12.607 12.642 12.677 12.25 11.705 11.658 11.725 11.74 11.8 11.922 11.997 11.965 11.84 11.753 11.678 11.543 11.471 11.523 11.673 11.8 11.918 12.332 12.595 12.458 12.325 12.17 11.995 11.833 11.675 11.478 11.435 11.578 11.708 11.833 11.942 12.002 12.033 12.08 12.105 12.075 12.02 11.965 11.97 12.028 12.033 11.955 11.82 11.743 11.8 11.91 11.965 11.965 11.975 11.997 11.782 11.448 11.355 11.39 11.408 11.433 11.543 11.725 11.87 11.955 12.02 12.048
12.542 12.268 12.035 12.317 12.56 12.547 12.538 12.565 12.602 12.64 12.587 12.535 12.627 12.709 12.714 12.702 12.695 12.69 12.685 12.68 12.667 12.545 12.345 12.29 12.41 12.587 12.669 12.652 12.595 12.45 12.265 12.1 11.945 11.808 11.685 11.565 11.44 11.41 11.498 11.603 11.703 11.79 11.842 11.87 11.885 11.863 11.818 11.773 11.728 11.705 11.678 11.623 11.553 11.468 11.423 11.453 11.54 11.592 11.583 11.575 11.585 11.42 11.223 11.205 11.227 11.24 11.228 11.245 11.343 11.46 11.545 11.633 11.72
12.302 11.963 12.198 12.547 12.57 12.552 12.515 12.518 12.555 12.582 12.493 12.518 12.672 12.695 12.675 12.655 12.645 12.64 12.625 12.603 12.597 12.605 12.607 12.615 12.615 12.602 12.58 12.54 12.472 12.33 12.13 11.96 11.858 11.803 11.735 11.65 11.593 11.56 11.578 11.648 11.692 11.698 11.7 11.72 11.742 11.725 11.675 11.63 11.585 11.587 11.59 11.527 11.437 11.34 11.258 11.205 11.208 11.22 11.21 11.195 11.188 11.125 11.06 11.06 11.067 11.078 11.093 11.115 11.168 11.275 11.4 11.515 11.638
12.018 12.135 12.497 12.57 12.58 12.56 12.508 12.485 12.51 12.495 12.433 12.513 12.635 12.642 12.625 12.605 12.595 12.59 12.565 12.528 12.515 12.52 12.518 12.518 12.517 12.505 12.47 12.417 12.35 12.21 12.025 11.91 11.875 11.87 11.847 11.805 11.805 11.787 11.745 11.732 11.687 11.617 11.578 11.578 11.597 11.585 11.538 11.492 11.445 11.47 11.492 11.415 11.31 11.21 11.13 11.055 10.998 10.978 10.973 10.963 10.95 10.928 10.895 10.883 10.897 10.955 11.065 11.182 11.282 11.402 11.545 11.672 11.79
12.19 12.442 12.567 12.582 12.592 12.57 12.515 12.47 12.47 12.44 12.415 12.512 12.59 12.585 12.572 12.558 12.547 12.535 12.5 12.455 12.435 12.435 12.433 12.428 12.423 12.4 12.35 12.292 12.227 12.093 11.955 11.9 11.878 11.87 11.87 11.87 11.895 11.862 11.775 11.692 11.585 11.503 11.465 11.45 11.455 11.445 11.402 11.35 11.265 11.307 11.377 11.292 11.18 11.083 11.008 10.945 10.9 10.883 10.88 10.875 10.862 10.815 10.74 10.685 10.685 10.788 10.96 11.122 11.215 11.267 11.332 11.395 11.457
12.452 12.525 12.545 12.565 12.585 12.582 12.538 12.475 12.438 12.427 12.445 12.502 12.535 12.527 12.52 12.51 12.5 12.475 12.433 12.388 12.355 12.35 12.385 12.42 12.38 12.303 12.238 12.17 12.1 12.005 11.933 11.907 11.882 11.87 11.87 11.87 11.885 11.815 11.685 11.583 11.47 11.393 11.358 11.335 11.323 11.305 11.233 11.133 11.023 11.025 11.087 11.053 11.003 10.955 10.908 10.865 10.83 10.808 10.798 10.79 10.772 10.715 10.628 10.543 10.498 10.593 10.785 10.947 10.985 10.935 10.895 10.855 10.813
12.475 12.475 12.495 12.502 12.533 12.6 12.6 12.527 12.428 12.383 12.417 12.445 12.452 12.45 12.447 12.44 12.437 12.457 12.458 12.42 12.395 12.425 12.49 12.48 12.352 12.225 12.148 12.073 12 11.95 11.92 11.892 11.865 11.857 11.867 11.867 11.862 11.767 11.613 11.49 11.373 11.308 11.285 11.26 11.24 11.2 11.098 10.975 10.875 10.823 10.825 10.835 10.85 10.863 10.852 10.823 10.79 10.76 10.738 10.72 10.693 10.635 10.555 10.478 10.415 10.5 10.71 10.87 10.895 10.813 10.72 10.64 10.548
12.428 12.425 12.432 12.415 12.46 12.59 12.655 12.597 12.413 12.298 12.325 12.34 12.345 12.345 12.342 12.335 12.343 12.43 12.545 12.597 12.615 12.64 12.615 12.475 12.29 12.158 12.075 11.998 11.928 11.89 11.875 11.85 11.823 11.825 11.837 11.822 11.782 11.672 11.53 11.413 11.298 11.243 11.247 11.24 11.217 11.157 11.055 10.95 10.848 10.785 10.768 10.76 10.77 10.795 10.812 10.802 10.775 10.743 10.713 10.685 10.65 10.595 10.525 10.455 10.388 10.46 10.64 10.77 10.81 10.747 10.675 10.615 10.515
12.385 12.362 12.345 12.33 12.403 12.545 12.662 12.625 12.368 12.205 12.22 12.228 12.233 12.235 12.228 12.21 12.22 12.33 12.51 12.665 12.74 12.72 12.6 12.415 12.23 12.09 12 11.92 11.85 11.818 11.81 11.795 11.775 11.772 11.765 11.73 11.677 11.577 11.453 11.34 11.23 11.173 11.192 11.22 11.21 11.142 11.035 10.928 10.823 10.758 10.73 10.708 10.7 10.715 10.745 10.765 10.755 10.725 10.695 10.665 10.63 10.573 10.5 10.433 10.365 10.413 10.552 10.665 10.722 10.688 10.66 10.615 10.51
12.34 12.293 12.248 12.255 12.363 12.515 12.635 12.55 12.29 12.153 12.148 12.15 12.153 12.155 12.138 12.11 12.113 12.185 12.332 12.482 12.507 12.455 12.38 12.257 12.132 12.015 11.912 11.817 11.753 11.735 11.73 11.722 11.712 11.695 11.667 11.63 11.58 11.495 11.385 11.275 11.165 11.098 11.113 11.165 11.187 11.127 11.015 10.905 10.798 10.73 10.7 10.672 10.643 10.64 10.67 10.702 10.722 10.71 10.683 10.658 10.625 10.568 10.493 10.42 10.353 10.365 10.46 10.565 10.637 10.648 10.655 10.628 10.565
12.29 12.235 12.18 12.19 12.318 12.5 12.587 12.47 12.278 12.183 12.16 12.155 12.155 12.15 12.103 12.055 12.048 12.06 12.135 12.18 12.095 12.035 12.012 11.95 11.9 11.845 11.755 11.66 11.628 11.635 11.63 11.625 11.622 11.6 11.563 11.527 11.487 11.425 11.33 11.22 11.11 11.05 11.078 11.14 11.177 11.125 11.008 10.893 10.778 10.698 10.657 10.62 10.578 10.57 10.6 10.63 10.665 10.69 10.685 10.662 10.632 10.58 10.505 10.428 10.368 10.373 10.44 10.525 10.603 10.755 10.95 11.037 11.02
12.24 12.185 12.15 12.163 12.253 12.417 12.53 12.49 12.355 12.258 12.225 12.213 12.21 12.195 12.118 12.03 12.003 12 12.007 11.908 11.75 11.698 11.668 11.625 11.605 11.59 11.533 11.48 11.498 11.52 11.517 11.515 11.515 11.497 11.46 11.423 11.385 11.337 11.267 11.17 11.063 11.028 11.088 11.162 11.195 11.135 11.015 10.89 10.747 10.643 10.595 10.55 10.505 10.5 10.53 10.56 10.595 10.64 10.672 10.667 10.642 10.592 10.518 10.453 10.41 10.425 10.49 10.555 10.615 10.852 11.2 11.387 11.43
12.19 12.148 12.148 12.183 12.225 12.298 12.41 12.482 12.425 12.333 12.298 12.282 12.27 12.242 12.155 12.035 11.965 11.945 11.927 11.798 11.558 11.408 11.37 11.358 11.353 11.345 11.323 11.325 11.37 11.4 11.405 11.408 11.41 11.392 11.357 11.32 11.28 11.235 11.18 11.11 11.018 11 11.087 11.18 11.215 11.15 11.015 10.857 10.68 10.563 10.52 10.477 10.435 10.43 10.46 10.49 10.525 10.57 10.62 10.652 10.652 10.607 10.543 10.495 10.46 10.478 10.54 10.592 10.635 10.803 11.095 11.29 11.397
12.33 12.323 12.34 12.345 12.308 12.26 12.29 12.387 12.432 12.402 12.365 12.327 12.272 12.207 12.102 11.97 11.872 11.837 11.832 11.787 11.497 11.238 11.223 11.215 11.21 11.205 11.203 11.22 11.253 11.283 11.297 11.305 11.307 11.287 11.253 11.215 11.177 11.132 11.078 11.025 10.963 10.975 11.08 11.185 11.222 11.132 10.962 10.775 10.59 10.48 10.44 10.4 10.363 10.36 10.39 10.42 10.455 10.5 10.55 10.6 10.635 10.622 10.583 10.545 10.513 10.53 10.58 10.617 10.65 10.72 10.858 10.987 11.107
12.67 12.632 12.6 12.53 12.422 12.313 12.265 12.308 12.387 12.387 12.315 12.24 12.15 12.052 11.932 11.8 11.7 11.67 11.677 11.645 11.38 11.165 11.18 11.177 11.173 11.168 11.163 11.163 11.175 11.19 11.195 11.203 11.205 11.185 11.15 11.11 11.072 11.03 10.98 10.933 10.9 10.92 11.005 11.112 11.115 10.97 10.793 10.655 10.55 10.475 10.428 10.383 10.338 10.328 10.355 10.385 10.42 10.47 10.528 10.583 10.638 10.652 10.625 10.592 10.558 10.56 10.592 10.617 10.64 10.652 10.643 10.643 10.703
12.787 12.715 12.647 12.567 12.482 12.39 12.3 12.285 12.317 12.262 12.148 12.05 11.96 11.86 11.74 11.61 11.51 11.477 11.447 11.34 11.18 11.108 11.13 11.14 11.137 11.132 11.127 11.123 11.128 11.132 11.118 11.105 11.105 11.087 11.047 11 10.953 10.915 10.885 10.858 10.848 10.855 10.888 10.94 10.903 10.785 10.69 10.635 10.605 10.558 10.498 10.445 10.383 10.355 10.38 10.408 10.443 10.5 10.565 10.625 10.685 10.697 10.665 10.627 10.578 10.563 10.585 10.605 10.61 10.587 10.537 10.478 10.463
12.685 12.637 12.585 12.525 12.465 12.4 12.322 12.267 12.212 12.108 11.985 11.873 11.773 11.67 11.55 11.42 11.318 11.253 11.19 11.113 11.063 11.063 11.08 11.095 11.1 11.097 11.092 11.088 11.088 11.087 11.068 11.035 11.013 10.982 10.932 10.878 10.825 10.793 10.79 10.82 10.845 10.848 10.85 10.85 10.825 10.785 10.758 10.732 10.705 10.652 10.585 10.522 10.445 10.41 10.432 10.455 10.488 10.545 10.612 10.675 10.732 10.74 10.697 10.642 10.58 10.558 10.572 10.57 10.532 10.47 10.403 10.338 10.298
12.53 12.532 12.512 12.455 12.398 12.348 12.3 12.23 12.12 11.988 11.855 11.723 11.598 11.483 11.368 11.255 11.163 11.093 11.055 11.045 11.035 11.033 11.04 11.052 11.06 11.06 11.058 11.053 11.05 11.045 11.028 10.997 10.94 10.87 10.81 10.755 10.71 10.688 10.723 10.817 10.88 10.885 10.885 10.885 10.885 10.877 10.855 10.83 10.805 10.75 10.672 10.592 10.508 10.47 10.485 10.505 10.535 10.588 10.655 10.722 10.775 10.77 10.712 10.647 10.583 10.542 10.52 10.472 10.408 10.34 10.27 10.203 10.145
12.285 12.372 12.43 12.39 12.35 12.32 12.267 12.172 12.055 11.92 11.773 11.628 11.498 11.395 11.303 11.213 11.133 11.073 11.04 11.025 11.015 11.008 11.008 11.015 11.035 11.053 11.055 11.053 11.043 11.023 11 10.952 10.855 10.758 10.69 10.635 10.6 10.615 10.698 10.815 10.905 10.935 10.935 10.935 10.94 10.945 10.94 10.925 10.902 10.85 10.76 10.663 10.573 10.528 10.538 10.56 10.583 10.628 10.693 10.76 10.81 10.777 10.698 10.632 10.567 10.502 10.435 10.368 10.303 10.235 10.168 10.1 10.048
12.023 12.138 12.285 12.342 12.345 12.307 12.22 12.107 11.992 11.865 11.72 11.585 11.49 11.423 11.35 11.27 11.188 11.113 11.055 11.018 11 10.988 10.975 10.973 11.008 11.065 11.09 11.085 11.055 11.012 10.96 10.867 10.75 10.645 10.573 10.523 10.513 10.58 10.693 10.81 10.92 10.977 10.985 10.985 10.99 10.995 11 11 10.99 10.94 10.84 10.733 10.635 10.585 10.593 10.612 10.623 10.66 10.727 10.792 10.847 10.802 10.683 10.595 10.53 10.455 10.37 10.295 10.228 10.16 10.093 10.04 10.015
11.855 11.923 12.023 12.067 12.052 12.07 12.097 12.04 11.927 11.805 11.678 11.58 11.522 11.465 11.395 11.322 11.243 11.168 11.103 11.043 10.998 10.97 10.953 10.94 10.965 11.05 11.115 11.102 11.047 10.978 10.88 10.763 10.645 10.533 10.455 10.425 10.465 10.568 10.685 10.805 10.922 11.007 11.035 11.035 11.04 11.045 11.05 11.055 11.047 11.002 10.912 10.805 10.703 10.648 10.648 10.657 10.658 10.69 10.757 10.822 10.885 10.852 10.715 10.588 10.495 10.41 10.32 10.233 10.155 10.088 10.033 10.005 9.995
11.823 11.863 11.837 11.5 11.235 11.355 11.522 11.602 11.63 11.652 11.63 11.582 11.545 11.492 11.427 11.362 11.292 11.222 11.16 11.098 11.035 10.995 10.98 10.973 11.008 11.082 11.127 11.107 11.048 10.97 10.85 10.69 10.543 10.423 10.34 10.35 10.445 10.563 10.68 10.8 10.917 11.025 11.08 11.085 11.088 11.092 11.097 11.09 11.065 11.03 10.967 10.872 10.773 10.71 10.698 10.697 10.693 10.723 10.785 10.847 10.912 10.897 10.772 10.623 10.488 10.378 10.283 10.19 10.1 10.033 10.003 9.99 9.98
11.835 11.887 11.767 11.258 10.846 10.818 10.935 11.103 11.268 11.432 11.502 11.475 11.45 11.415 11.36 11.302 11.27 11.255 11.22 11.165 11.105 11.065 11.053 11.077 11.115 11.112 11.102 11.1 11.062 11 10.902 10.733 10.543 10.373 10.275 10.32 10.44 10.557 10.675 10.795 10.912 11.03 11.112 11.135 11.135 11.137 11.13 11.102 11.068 11.035 10.992 10.92 10.83 10.763 10.738 10.732 10.728 10.745 10.795 10.857 10.922 10.915 10.802 10.655 10.505 10.378 10.278 10.183 10.1 10.053 10.033 10.02 10
11.84 11.907 11.817 11.535 11.213 10.938 10.83 10.905 11.073 11.237 11.305 11.278 11.26 11.243 11.208 11.185 11.208 11.242 11.25 11.227 11.177 11.138 11.142 11.155 11.117 11.055 11.043 11.065 11.062 11.017 10.945 10.835 10.657 10.445 10.288 10.293 10.412 10.537 10.662 10.785 10.905 11.025 11.132 11.182 11.18 11.167 11.142 11.107 11.072 11.038 11.002 10.952 10.875 10.805 10.773 10.765 10.763 10.77 10.8 10.853 10.91 10.892 10.792 10.667 10.525 10.393 10.29 10.21 10.158 10.128 10.108 10.092 10.055
11.843 11.92 11.922 11.77 11.54 11.28 11.02 10.845 10.88 11.04 11.107 11.085 11.1 11.143 11.145 11.143 11.175 11.21 11.235 11.247 11.235 11.205 11.177 11.117 11.025 10.978 10.988 11.012 11.032 11.02 10.965 10.885 10.765 10.582 10.375 10.288 10.36 10.485 10.615 10.745 10.872 10.997 11.125 11.205 11.207 11.177 11.145 11.11 11.075 11.043 11.007 10.97 10.91 10.848 10.815 10.8 10.795 10.805 10.825 10.855 10.887 10.852 10.757 10.655 10.535 10.41 10.315 10.265 10.235 10.207 10.185 10.157 10.105
11.85 11.925 11.925 11.797 11.632 11.465 11.26 11.01 10.865 10.885 10.94 11.108 11.245 11.22 11.198 11.19 11.193 11.195 11.205 11.225 11.245 11.205 11.107 11.013 10.933 10.913 10.935 10.96 10.985 10.997 10.975 10.907 10.82 10.692 10.51 10.343 10.325 10.43 10.545 10.673 10.807 10.94 11.067 11.167 11.202 11.185 11.155 11.12 11.083 11.05 11.015 10.978 10.935 10.892 10.865 10.843 10.83 10.84 10.86 10.882 10.88 10.815 10.718 10.62 10.517 10.417 10.352 10.322 10.297 10.272 10.247 10.205 10.137
11.868 11.927 11.915 11.802 11.647 11.482 11.315 11.145 10.965 11.108 11.337 11.447 11.492 11.355 11.29 11.285 11.265 11.225 11.193 11.198 11.222 11.142 11.003 10.908 10.853 10.86 10.885 10.908 10.932 10.955 10.965 10.93 10.847 10.695 10.552 10.427 10.34 10.393 10.498 10.608 10.733 10.86 10.972 11.075 11.152 11.172 11.157 11.135 11.102 11.067 11.03 10.993 10.958 10.925 10.9 10.88 10.875 10.893 10.915 10.92 10.875 10.785 10.688 10.59 10.485 10.393 10.345 10.32 10.292 10.267 10.245 10.21 10.147
11.892 11.932 11.902 11.805 11.665 11.497 11.33 11.163 11.215 11.582 11.79 11.7 11.565 11.44 11.385 11.372 11.342 11.29 11.228 11.193 11.197 11.097 10.918 10.815 10.788 10.808 10.833 10.855 10.88 10.905 10.927 10.93 10.815 10.553 10.428 10.435 10.372 10.375 10.465 10.562 10.662 10.765 10.865 10.965 11.065 11.125 11.132 11.122 11.105 11.082 11.052 11.017 10.98 10.948 10.928 10.923 10.935 10.957 10.965 10.927 10.85 10.758 10.663 10.565 10.447 10.343 10.295 10.27 10.24 10.215 10.198 10.18 10.137
