EGM722_Project_Data/DTM_asc/TL4657.asc
ncols         200
nrows         200
xllcorner     546000.000
yllcorner     257000.000
cellsize      5
NODATA_value  -9999.0
[rows 0 to 31 of 200, columns 73 to 145 of 200]
15.097 15.1 15.052 14.98 14.895 14.843 14.87 14.932 14.977 15.005 15.017 15.017 15 14.988 15 15.02 15.042 15.035 14.995 14.968 14.975 15.055 15.107 15.045 14.95 14.855 14.763 14.698 14.66 14.63 14.602 14.572 14.528 14.51 14.54 14.583 14.627 14.67 14.707 14.74 14.765 14.757 14.707 14.642 14.58 14.543 14.575 14.66 14.732 14.775 14.802 14.827 14.85 14.86 14.86 14.86 14.855 14.827 14.775 14.72 14.673 14.63 14.58 14.518 14.465 14.438 14.43 14.437 14.423 14.388 14.38 14.393 14.407
15.077 15.072 15.035 14.987 14.923 14.893 14.925 14.965 14.993 15.025 15.065 15.1 15.115 15.122 15.14 15.162 15.182 15.182 15.177 15.19 15.215 15.242 15.21 15.115 15.02 14.925 14.825 14.738 14.678 14.64 14.615 14.59 14.558 14.55 14.583 14.627 14.67 14.707 14.74 14.767 14.792 14.79 14.745 14.682 14.618 14.578 14.608 14.69 14.76 14.8 14.83 14.86 14.885 14.895 14.895 14.895 14.892 14.872 14.83 14.788 14.75 14.71 14.66 14.593 14.528 14.49 14.473 14.463 14.455 14.455 14.465 14.477 14.492
15.06 15.055 15.033 15.008 14.978 14.973 15 15.028 15.028 15.03 15.065 15.102 15.137 15.17 15.2 15.23 15.262 15.287 15.31 15.337 15.362 15.34 15.262 15.172 15.08 14.99 14.89 14.782 14.693 14.64 14.615 14.59 14.57 14.58 14.62 14.667 14.707 14.74 14.767 14.793 14.82 14.82 14.775 14.715 14.653 14.615 14.643 14.72 14.787 14.825 14.855 14.885 14.912 14.935 14.943 14.94 14.94 14.93 14.903 14.865 14.828 14.79 14.74 14.665 14.598 14.563 14.543 14.528 14.525 14.535 14.545 14.557 14.567
15.083 15.108 15.123 15.12 15.11 15.115 15.132 15.125 15.067 15.035 15.06 15.09 15.125 15.16 15.19 15.228 15.285 15.33 15.35 15.375 15.4 15.367 15.282 15.197 15.105 15.007 14.907 14.795 14.688 14.628 14.603 14.585 14.583 14.605 14.65 14.7 14.74 14.767 14.793 14.82 14.847 14.842 14.8 14.745 14.685 14.653 14.68 14.752 14.815 14.85 14.88 14.907 14.933 14.97 15.002 15.01 15.01 15.005 14.99 14.958 14.918 14.877 14.815 14.728 14.665 14.643 14.628 14.613 14.608 14.615 14.625 14.63 14.627
15.13 15.18 15.23 15.262 15.275 15.27 15.242 15.172 15.083 15.048 15.065 15.088 15.115 15.148 15.188 15.245 15.32 15.37 15.385 15.4 15.417 15.38 15.287 15.192 15.087 14.975 14.872 14.775 14.675 14.615 14.6 14.598 14.605 14.63 14.678 14.73 14.767 14.793 14.82 14.847 14.87 14.86 14.82 14.775 14.718 14.69 14.723 14.787 14.842 14.875 14.902 14.925 14.948 14.99 15.045 15.08 15.09 15.085 15.075 15.057 15.025 14.975 14.892 14.785 14.725 14.72 14.712 14.7 14.693 14.695 14.7 14.692 14.68
15.15 15.2 15.26 15.32 15.362 15.357 15.287 15.188 15.098 15.063 15.078 15.095 15.118 15.143 15.193 15.27 15.35 15.372 15.37 15.4 15.42 15.375 15.272 15.162 15.047 14.932 14.828 14.74 14.66 14.618 14.618 14.623 14.63 14.653 14.703 14.757 14.792 14.818 14.845 14.872 14.895 14.882 14.84 14.8 14.75 14.73 14.765 14.822 14.87 14.897 14.92 14.94 14.963 15.005 15.065 15.12 15.157 15.165 15.155 15.142 15.117 15.062 14.965 14.843 14.775 14.772 14.775 14.775 14.772 14.77 14.762 14.745 14.73
15.145 15.193 15.25 15.31 15.357 15.372 15.327 15.228 15.118 15.078 15.098 15.118 15.145 15.158 15.188 15.26 15.317 15.257 15.15 15.145 15.185 15.147 15.042 14.935 14.828 14.81 14.81 14.738 14.668 14.643 14.653 14.66 14.668 14.69 14.743 14.79 14.818 14.843 14.87 14.897 14.92 14.907 14.865 14.823 14.778 14.77 14.81 14.863 14.9 14.923 14.945 14.968 14.99 15.025 15.078 15.135 15.192 15.2 15.17 15.15 15.125 15.095 15.017 14.895 14.82 14.808 14.815 14.822 14.827 14.827 14.815 14.795 14.78
15.138 15.178 15.23 15.285 15.325 15.35 15.352 15.295 15.18 15.118 15.133 15.16 15.19 15.19 15.18 15.225 15.235 15.092 14.888 14.755 14.725 14.7 14.615 14.568 14.608 14.753 14.832 14.77 14.7 14.675 14.692 14.705 14.713 14.743 14.79 14.822 14.845 14.87 14.897 14.92 14.94 14.932 14.895 14.853 14.818 14.825 14.87 14.915 14.945 14.963 14.98 15.003 15.028 15.06 15.1 15.148 15.205 15.192 15.125 15.088 15.063 15.06 15.04 14.947 14.863 14.843 14.85 14.855 14.86 14.87 14.865 14.845 14.827
15.13 15.163 15.208 15.252 15.285 15.31 15.33 15.332 15.27 15.203 15.19 15.205 15.235 15.225 15.183 15.2 15.152 14.955 14.74 14.535 14.378 14.295 14.305 14.435 14.65 14.832 14.86 14.797 14.733 14.708 14.727 14.747 14.76 14.79 14.825 14.848 14.872 14.897 14.92 14.94 14.96 14.957 14.928 14.898 14.883 14.895 14.932 14.972 15.005 15.022 15.028 15.04 15.065 15.1 15.135 15.17 15.215 15.19 15.1 15.035 15 15 15.015 14.977 14.905 14.878 14.882 14.883 14.888 14.905 14.91 14.895 14.875
15.128 15.153 15.185 15.217 15.245 15.27 15.29 15.315 15.317 15.297 15.275 15.263 15.275 15.255 15.198 15.165 15.047 14.818 14.598 14.393 14.23 14.22 14.38 14.578 14.787 14.912 14.885 14.825 14.765 14.743 14.763 14.785 14.805 14.828 14.853 14.875 14.898 14.923 14.943 14.96 14.98 14.987 14.975 14.96 14.952 14.96 14.988 15.025 15.062 15.09 15.095 15.093 15.105 15.132 15.165 15.195 15.22 15.182 15.092 15.008 14.948 14.94 14.962 14.97 14.937 14.913 14.912 14.908 14.915 14.935 14.947 14.935 14.91
15.135 15.163 15.173 15.175 15.2 15.225 15.253 15.29 15.33 15.347 15.337 15.322 15.315 15.287 15.232 15.132 14.932 14.685 14.458 14.3 14.31 14.5 14.707 14.812 14.91 14.967 14.925 14.868 14.81 14.79 14.81 14.833 14.878 14.913 14.923 14.935 14.945 14.955 14.97 14.99 15.01 15.025 15.025 15.015 15.005 15.01 15.035 15.07 15.11 15.147 15.162 15.15 15.135 15.138 15.16 15.19 15.207 15.165 15.077 14.988 14.915 14.9 14.923 14.945 14.95 14.943 14.938 14.933 14.94 14.96 14.96 14.922 14.885
15.153 15.197 15.17 15.133 15.17 15.208 15.248 15.295 15.342 15.36 15.355 15.352 15.35 15.327 15.272 15.117 14.855 14.585 14.38 14.358 14.533 14.767 14.915 14.935 14.94 14.967 14.962 14.925 14.87 14.848 14.868 14.91 14.99 15.047 15.055 15.053 15.04 15.015 15.01 15.03 15.052 15.067 15.065 15.055 15.048 15.055 15.078 15.108 15.145 15.185 15.205 15.19 15.163 15.143 15.143 15.165 15.185 15.145 15.055 14.965 14.9 14.89 14.91 14.935 14.962 14.97 14.963 14.958 14.963 14.975 14.947 14.878 14.823
15.19 15.237 15.198 15.148 15.183 15.228 15.273 15.32 15.36 15.372 15.37 15.373 15.377 15.367 15.29 15.085 14.833 14.605 14.48 14.545 14.725 14.93 15.007 14.945 14.913 14.935 14.96 14.962 14.927 14.905 14.94 15.015 15.11 15.18 15.2 15.187 15.15 15.098 15.07 15.078 15.097 15.11 15.105 15.095 15.093 15.105 15.125 15.145 15.175 15.215 15.237 15.225 15.197 15.17 15.148 15.15 15.165 15.125 15.035 14.945 14.893 14.893 14.918 14.958 14.992 15 14.99 14.983 14.985 14.977 14.925 14.845 14.773
15.242 15.277 15.255 15.218 15.23 15.268 15.308 15.35 15.38 15.392 15.395 15.397 15.402 15.402 15.322 15.13 14.93 14.768 14.723 14.8 14.92 15.055 15.067 14.975 14.908 14.898 14.925 14.952 14.96 14.975 15.043 15.135 15.23 15.312 15.335 15.3 15.245 15.185 15.145 15.138 15.148 15.152 15.148 15.14 15.14 15.155 15.175 15.19 15.21 15.245 15.267 15.257 15.23 15.203 15.175 15.155 15.147 15.102 15.015 14.925 14.885 14.905 14.945 14.995 15.03 15.032 15.02 15.01 15 14.962 14.893 14.815 14.738
15.255 15.302 15.317 15.298 15.295 15.325 15.36 15.387 15.397 15.405 15.41 15.41 15.415 15.412 15.355 15.24 15.105 14.998 14.995 15.057 15.11 15.142 15.105 15.015 14.93 14.9 14.925 14.953 14.988 15.053 15.145 15.242 15.34 15.422 15.44 15.395 15.335 15.275 15.223 15.2 15.202 15.2 15.195 15.19 15.19 15.205 15.222 15.238 15.255 15.275 15.287 15.287 15.267 15.24 15.215 15.185 15.15 15.085 14.995 14.91 14.89 14.935 14.985 15.037 15.07 15.067 15.052 15.037 15.01 14.953 14.88 14.808 14.738
15.213 15.275 15.342 15.37 15.368 15.388 15.42 15.417 15.398 15.4 15.407 15.413 15.417 15.397 15.34 15.267 15.195 15.147 15.147 15.167 15.18 15.175 15.13 15.052 14.968 14.938 14.963 14.998 15.05 15.13 15.23 15.325 15.405 15.465 15.49 15.47 15.42 15.36 15.303 15.268 15.258 15.25 15.245 15.24 15.24 15.252 15.267 15.282 15.292 15.295 15.3 15.312 15.31 15.285 15.255 15.225 15.175 15.09 14.993 14.91 14.913 14.975 15.025 15.08 15.107 15.1 15.082 15.055 15.017 14.96 14.893 14.828 14.765
15.168 15.215 15.305 15.392 15.427 15.45 15.46 15.417 15.388 15.395 15.405 15.415 15.417 15.38 15.32 15.273 15.235 15.208 15.188 15.178 15.178 15.17 15.135 15.077 15.003 14.975 15.01 15.065 15.13 15.21 15.297 15.367 15.42 15.465 15.5 15.51 15.49 15.44 15.385 15.34 15.315 15.305 15.298 15.29 15.288 15.297 15.307 15.31 15.305 15.303 15.313 15.33 15.342 15.332 15.3 15.265 15.205 15.113 15.018 14.933 14.925 14.995 15.065 15.122 15.142 15.125 15.098 15.063 15.028 14.978 14.915 14.855 14.795
15.163 15.18 15.253 15.36 15.447 15.487 15.462 15.405 15.385 15.395 15.405 15.415 15.417 15.388 15.348 15.323 15.295 15.27 15.245 15.22 15.203 15.177 15.135 15.085 15.028 15.02 15.075 15.137 15.202 15.27 15.327 15.375 15.42 15.465 15.5 15.52 15.532 15.515 15.47 15.42 15.38 15.36 15.352 15.345 15.335 15.332 15.33 15.32 15.31 15.313 15.33 15.348 15.362 15.372 15.355 15.307 15.233 15.143 15.055 14.97 14.925 14.975 15.075 15.152 15.175 15.153 15.123 15.093 15.063 15.013 14.95 14.888 14.828
15.2 15.208 15.25 15.338 15.445 15.492 15.45 15.405 15.4 15.41 15.42 15.428 15.425 15.412 15.4 15.382 15.357 15.332 15.307 15.28 15.242 15.195 15.148 15.1 15.05 15.058 15.12 15.18 15.245 15.302 15.345 15.388 15.43 15.48 15.52 15.543 15.57 15.572 15.535 15.487 15.44 15.408 15.397 15.387 15.37 15.35 15.335 15.325 15.318 15.33 15.355 15.37 15.385 15.402 15.402 15.357 15.278 15.193 15.105 15.023 14.988 15.045 15.15 15.212 15.217 15.2 15.178 15.155 15.12 15.06 14.995 14.933 14.875
15.268 15.288 15.303 15.353 15.45 15.49 15.45 15.425 15.43 15.44 15.45 15.45 15.435 15.423 15.42 15.415 15.405 15.39 15.365 15.325 15.27 15.215 15.17 15.125 15.075 15.078 15.138 15.2 15.265 15.325 15.372 15.415 15.463 15.52 15.562 15.59 15.62 15.617 15.575 15.527 15.48 15.443 15.425 15.41 15.39 15.365 15.34 15.325 15.32 15.345 15.382 15.4 15.415 15.43 15.43 15.405 15.342 15.255 15.168 15.115 15.138 15.222 15.29 15.29 15.265 15.25 15.237 15.22 15.177 15.113 15.05 14.99 14.938
15.357 15.382 15.38 15.39 15.457 15.492 15.468 15.46 15.463 15.467 15.47 15.46 15.44 15.428 15.425 15.423 15.42 15.422 15.405 15.352 15.29 15.235 15.19 15.145 15.095 15.095 15.155 15.22 15.285 15.347 15.398 15.45 15.517 15.575 15.61 15.64 15.667 15.657 15.61 15.56 15.51 15.468 15.445 15.432 15.415 15.387 15.355 15.33 15.32 15.35 15.402 15.432 15.447 15.452 15.442 15.43 15.392 15.315 15.258 15.258 15.31 15.367 15.37 15.34 15.31 15.293 15.287 15.275 15.232 15.172 15.115 15.055 15.005
15.437 15.46 15.462 15.458 15.485 15.505 15.495 15.495 15.495 15.492 15.482 15.465 15.445 15.433 15.433 15.438 15.443 15.452 15.432 15.372 15.31 15.255 15.208 15.163 15.115 15.115 15.175 15.24 15.305 15.37 15.433 15.508 15.582 15.63 15.657 15.68 15.695 15.682 15.64 15.59 15.54 15.495 15.468 15.455 15.44 15.412 15.378 15.345 15.325 15.35 15.41 15.457 15.475 15.467 15.453 15.44 15.422 15.393 15.39 15.42 15.45 15.45 15.42 15.387 15.355 15.33 15.317 15.307 15.275 15.222 15.167 15.11 15.065
15.467 15.487 15.497 15.502 15.51 15.512 15.51 15.507 15.505 15.49 15.465 15.445 15.43 15.433 15.453 15.472 15.487 15.49 15.452 15.38 15.302 15.257 15.227 15.183 15.138 15.138 15.193 15.257 15.322 15.388 15.473 15.572 15.635 15.66 15.677 15.69 15.692 15.682 15.657 15.617 15.57 15.523 15.493 15.478 15.462 15.437 15.403 15.37 15.343 15.36 15.42 15.472 15.492 15.485 15.472 15.458 15.448 15.45 15.47 15.505 15.512 15.482 15.45 15.417 15.385 15.352 15.33 15.322 15.302 15.255 15.2 15.15 15.115
15.462 15.48 15.49 15.5 15.505 15.505 15.505 15.5 15.495 15.47 15.425 15.4 15.405 15.435 15.475 15.505 15.525 15.515 15.452 15.357 15.26 15.228 15.235 15.205 15.16 15.16 15.21 15.273 15.338 15.41 15.505 15.592 15.637 15.655 15.665 15.675 15.675 15.662 15.647 15.625 15.59 15.545 15.515 15.503 15.487 15.462 15.43 15.397 15.365 15.38 15.437 15.485 15.507 15.505 15.495 15.483 15.475 15.473 15.483 15.512 15.525 15.5 15.463 15.43 15.4 15.368 15.343 15.335 15.325 15.287 15.235 15.193 15.165
15.458 15.475 15.482 15.487 15.492 15.495 15.495 15.49 15.485 15.467 15.405 15.37 15.4 15.44 15.48 15.517 15.542 15.517 15.427 15.315 15.213 15.18 15.205 15.21 15.183 15.18 15.23 15.29 15.355 15.432 15.51 15.56 15.595 15.625 15.645 15.657 15.655 15.64 15.623 15.608 15.587 15.558 15.538 15.53 15.512 15.485 15.455 15.422 15.388 15.398 15.447 15.49 15.522 15.527 15.515 15.508 15.505 15.5 15.5 15.52 15.54 15.525 15.485 15.448 15.413 15.38 15.355 15.345 15.342 15.317 15.275 15.243 15.218
15.465 15.467 15.472 15.475 15.48 15.482 15.48 15.475 15.467 15.465 15.435 15.423 15.46 15.492 15.515 15.535 15.547 15.505 15.4 15.28 15.17 15.133 15.158 15.182 15.188 15.203 15.255 15.313 15.37 15.43 15.477 15.513 15.548 15.583 15.618 15.64 15.64 15.625 15.608 15.595 15.583 15.568 15.56 15.555 15.535 15.502 15.47 15.44 15.408 15.413 15.455 15.495 15.535 15.55 15.54 15.535 15.535 15.532 15.528 15.535 15.557 15.552 15.515 15.475 15.435 15.398 15.368 15.355 15.355 15.345 15.32 15.295 15.27
15.5 15.458 15.44 15.445 15.45 15.445 15.427 15.415 15.408 15.447 15.5 15.517 15.535 15.547 15.55 15.55 15.545 15.482 15.365 15.243 15.14 15.11 15.135 15.163 15.185 15.223 15.28 15.335 15.38 15.42 15.455 15.49 15.525 15.56 15.61 15.645 15.643 15.628 15.613 15.6 15.59 15.58 15.575 15.567 15.545 15.512 15.48 15.45 15.42 15.425 15.465 15.505 15.542 15.565 15.57 15.567 15.565 15.565 15.56 15.558 15.572 15.572 15.54 15.5 15.46 15.42 15.38 15.358 15.355 15.362 15.365 15.347 15.323
15.545 15.47 15.41 15.398 15.402 15.392 15.358 15.323 15.323 15.407 15.515 15.55 15.55 15.55 15.548 15.55 15.53 15.442 15.323 15.205 15.13 15.125 15.148 15.175 15.2 15.24 15.297 15.347 15.385 15.42 15.455 15.49 15.525 15.573 15.645 15.677 15.658 15.64 15.627 15.615 15.603 15.593 15.587 15.575 15.55 15.517 15.485 15.455 15.425 15.43 15.47 15.507 15.532 15.545 15.557 15.57 15.582 15.592 15.59 15.585 15.59 15.59 15.565 15.525 15.485 15.445 15.398 15.36 15.35 15.365 15.392 15.397 15.38
15.585 15.5 15.418 15.368 15.355 15.345 15.307 15.258 15.255 15.333 15.445 15.507 15.515 15.54 15.583 15.587 15.52 15.405 15.288 15.188 15.145 15.153 15.17 15.195 15.223 15.262 15.31 15.35 15.385 15.42 15.455 15.493 15.545 15.62 15.692 15.705 15.678 15.655 15.64 15.63 15.618 15.608 15.6 15.582 15.555 15.522 15.488 15.455 15.428 15.435 15.467 15.487 15.495 15.495 15.5 15.517 15.545 15.57 15.585 15.597 15.61 15.615 15.595 15.555 15.515 15.472 15.422 15.373 15.35 15.368 15.402 15.43 15.432
15.62 15.533 15.448 15.368 15.318 15.295 15.263 15.23 15.23 15.28 15.368 15.458 15.528 15.608 15.675 15.637 15.512 15.375 15.255 15.188 15.175 15.177 15.19 15.212 15.24 15.277 15.315 15.35 15.385 15.42 15.463 15.52 15.6 15.69 15.737 15.727 15.702 15.675 15.653 15.64 15.63 15.622 15.61 15.587 15.56 15.527 15.493 15.46 15.433 15.43 15.442 15.445 15.445 15.445 15.445 15.45 15.47 15.5 15.53 15.56 15.59 15.612 15.602 15.567 15.535 15.495 15.445 15.39 15.355 15.37 15.408 15.445 15.47
15.657 15.58 15.488 15.395 15.315 15.263 15.238 15.235 15.245 15.278 15.343 15.46 15.62 15.747 15.755 15.642 15.498 15.353 15.24 15.198 15.192 15.187 15.182 15.193 15.227 15.285 15.335 15.37 15.405 15.44 15.495 15.575 15.665 15.747 15.77 15.747 15.725 15.695 15.67 15.653 15.64 15.632 15.617 15.592 15.565 15.533 15.5 15.47 15.445 15.43 15.423 15.418 15.41 15.403 15.398 15.395 15.405 15.43 15.463 15.5 15.54 15.57 15.565 15.54 15.525 15.505 15.465 15.41 15.373 15.38 15.413 15.45 15.487
15.672 15.63 15.555 15.465 15.373 15.298 15.265 15.26 15.268 15.288 15.338 15.473 15.67 15.8 15.775 15.647 15.505 15.363 15.253 15.205 15.192 15.18 15.158 15.15 15.183 15.262 15.35 15.41 15.45 15.488 15.553 15.637 15.72 15.782 15.777 15.743 15.73 15.715 15.692 15.67 15.655 15.642 15.622 15.597 15.57 15.54 15.508 15.48 15.465 15.453 15.44 15.428 15.413 15.4 15.388 15.375 15.368 15.38 15.415 15.458 15.5 15.52 15.51 15.498 15.495 15.492 15.475 15.43 15.395 15.4 15.423 15.453 15.49
