EGM722_Project_Data/DTM_asc/TL4655.asc
ncols         200
nrows         200
xllcorner     546000.000
yllcorner     255000.000
cellsize      5
NODATA_value  -9999.0
[rows 64 to 95 of 200, columns 73 to 145 of 200]
16.34 16.275 16.235 16.208 16.2 16.208 16.23 16.26 16.298 16.358 16.443 16.545 16.62 16.632 16.62 16.607 16.592 16.575 16.54 16.49 16.42 16.355 16.333 16.328 16.335 16.365 16.405 16.445 16.485 16.51 16.512 16.497 16.462 16.407 16.332 16.242 16.125 15.94 15.723 15.585 15.533 15.475 15.39 15.292 15.165 15.083 15.073 15.08 15.108 15.142 15.167 15.172 15.147 15.09 14.997 14.865 14.718 14.573 14.438 14.325 14.227 14.095 13.923 13.755 13.592 13.405 13.205 13.033 12.885 12.735 12.58 12.43 12.28
16.303 16.25 16.22 16.198 16.205 16.243 16.29 16.313 16.323 16.39 16.497 16.605 16.685 16.705 16.7 16.697 16.682 16.645 16.577 16.495 16.413 16.338 16.298 16.285 16.293 16.325 16.365 16.405 16.445 16.485 16.525 16.552 16.557 16.522 16.447 16.362 16.24 16.045 15.815 15.615 15.498 15.425 15.34 15.25 15.158 15.118 15.14 15.18 15.223 15.26 15.297 15.325 15.325 15.262 15.135 14.985 14.84 14.695 14.558 14.45 14.36 14.23 14.057 13.882 13.692 13.487 13.285 13.093 12.923 12.768 12.615 12.463 12.31
16.323 16.335 16.353 16.345 16.368 16.425 16.44 16.385 16.353 16.415 16.525 16.635 16.707 16.715 16.7 16.697 16.685 16.63 16.55 16.47 16.398 16.338 16.308 16.31 16.33 16.36 16.395 16.435 16.475 16.515 16.555 16.595 16.625 16.615 16.552 16.47 16.35 16.155 15.925 15.71 15.57 15.493 15.415 15.335 15.24 15.21 15.26 15.307 15.345 15.38 15.415 15.445 15.462 15.395 15.25 15.1 14.952 14.802 14.665 14.56 14.477 14.357 14.187 14.002 13.775 13.545 13.35 13.16 12.983 12.815 12.653 12.498 12.345
16.368 16.432 16.522 16.577 16.605 16.595 16.517 16.395 16.358 16.435 16.545 16.65 16.705 16.697 16.673 16.655 16.633 16.588 16.535 16.483 16.433 16.398 16.393 16.413 16.438 16.463 16.493 16.53 16.57 16.61 16.65 16.68 16.687 16.677 16.64 16.572 16.465 16.28 16.065 15.9 15.798 15.725 15.658 15.575 15.428 15.348 15.387 15.43 15.465 15.495 15.522 15.542 15.557 15.497 15.35 15.192 15.037 14.88 14.743 14.645 14.575 14.475 14.315 14.1 13.835 13.595 13.403 13.23 13.07 12.895 12.715 12.548 12.39
16.385 16.435 16.565 16.675 16.707 16.632 16.508 16.393 16.368 16.45 16.56 16.652 16.692 16.685 16.665 16.64 16.62 16.61 16.595 16.568 16.533 16.508 16.51 16.528 16.545 16.57 16.597 16.628 16.665 16.705 16.735 16.742 16.72 16.68 16.637 16.627 16.58 16.423 16.263 16.16 16.083 16.01 15.942 15.822 15.623 15.503 15.512 15.545 15.57 15.582 15.587 15.59 15.592 15.56 15.44 15.27 15.105 14.945 14.81 14.725 14.667 14.585 14.427 14.177 13.888 13.65 13.475 13.325 13.172 12.997 12.813 12.63 12.46
16.403 16.435 16.555 16.64 16.672 16.615 16.495 16.4 16.39 16.468 16.575 16.652 16.68 16.677 16.657 16.633 16.635 16.655 16.662 16.657 16.637 16.622 16.627 16.642 16.657 16.672 16.695 16.725 16.757 16.78 16.765 16.725 16.667 16.595 16.53 16.545 16.595 16.582 16.525 16.445 16.367 16.295 16.205 16.037 15.815 15.643 15.585 15.592 15.595 15.59 15.58 15.567 15.56 15.585 15.53 15.363 15.193 15.028 14.885 14.803 14.755 14.69 14.517 14.235 13.945 13.725 13.575 13.437 13.28 13.1 12.915 12.73 12.553
16.418 16.433 16.515 16.565 16.602 16.582 16.485 16.408 16.415 16.49 16.592 16.652 16.665 16.667 16.65 16.633 16.65 16.677 16.692 16.705 16.712 16.72 16.727 16.737 16.747 16.747 16.755 16.782 16.815 16.815 16.745 16.64 16.553 16.478 16.405 16.375 16.445 16.557 16.61 16.62 16.62 16.572 16.435 16.22 15.998 15.788 15.623 15.56 15.55 15.54 15.527 15.508 15.51 15.58 15.595 15.47 15.298 15.128 14.978 14.875 14.815 14.76 14.58 14.28 14.018 13.835 13.695 13.545 13.37 13.192 13.015 12.83 12.65
16.435 16.418 16.448 16.478 16.515 16.535 16.472 16.413 16.44 16.513 16.6 16.642 16.65 16.655 16.64 16.64 16.672 16.7 16.715 16.73 16.758 16.79 16.805 16.81 16.815 16.807 16.793 16.8 16.832 16.84 16.76 16.625 16.508 16.4 16.298 16.223 16.243 16.34 16.44 16.552 16.667 16.727 16.617 16.388 16.18 15.97 15.74 15.565 15.5 15.49 15.47 15.44 15.46 15.55 15.627 15.57 15.403 15.238 15.088 14.955 14.863 14.8 14.62 14.34 14.123 13.965 13.822 13.645 13.44 13.268 13.107 12.93 12.75
16.458 16.42 16.418 16.425 16.438 16.465 16.443 16.42 16.465 16.532 16.6 16.63 16.637 16.642 16.635 16.653 16.697 16.723 16.743 16.773 16.81 16.85 16.872 16.877 16.882 16.872 16.845 16.83 16.848 16.865 16.807 16.685 16.55 16.41 16.278 16.163 16.125 16.2 16.318 16.445 16.593 16.74 16.73 16.567 16.38 16.157 15.922 15.69 15.515 15.44 15.413 15.38 15.413 15.517 15.622 15.635 15.51 15.353 15.205 15.06 14.933 14.842 14.67 14.435 14.255 14.095 13.935 13.735 13.513 13.335 13.19 13.027 12.85
16.475 16.448 16.44 16.433 16.425 16.428 16.428 16.443 16.488 16.55 16.6 16.615 16.623 16.628 16.635 16.673 16.725 16.758 16.79 16.83 16.867 16.905 16.93 16.937 16.945 16.937 16.91 16.883 16.873 16.875 16.845 16.747 16.61 16.473 16.34 16.22 16.165 16.233 16.365 16.498 16.638 16.77 16.807 16.735 16.565 16.325 16.087 15.85 15.613 15.47 15.438 15.375 15.368 15.47 15.582 15.667 15.617 15.467 15.322 15.177 15.032 14.905 14.745 14.557 14.39 14.222 14.032 13.81 13.583 13.403 13.265 13.115 12.947
16.483 16.478 16.48 16.473 16.468 16.46 16.46 16.483 16.52 16.565 16.592 16.6 16.613 16.623 16.648 16.705 16.762 16.805 16.845 16.885 16.917 16.94 16.955 16.965 16.975 16.977 16.96 16.93 16.903 16.89 16.882 16.807 16.673 16.543 16.428 16.338 16.295 16.355 16.488 16.622 16.74 16.81 16.827 16.805 16.67 16.442 16.21 15.965 15.72 15.575 15.512 15.39 15.325 15.405 15.525 15.637 15.657 15.55 15.402 15.257 15.112 14.965 14.815 14.655 14.485 14.312 14.11 13.882 13.655 13.47 13.33 13.187 13.035
16.495 16.505 16.522 16.52 16.513 16.51 16.518 16.538 16.567 16.59 16.598 16.605 16.618 16.638 16.683 16.747 16.807 16.855 16.895 16.927 16.947 16.955 16.96 16.97 16.98 16.99 16.985 16.957 16.923 16.905 16.905 16.855 16.743 16.633 16.548 16.475 16.425 16.478 16.612 16.727 16.79 16.8 16.793 16.785 16.695 16.505 16.287 16.057 15.82 15.658 15.54 15.38 15.285 15.335 15.447 15.53 15.572 15.55 15.44 15.292 15.145 14.997 14.855 14.707 14.545 14.365 14.162 13.945 13.725 13.538 13.387 13.245 13.1
16.515 16.528 16.557 16.567 16.563 16.568 16.583 16.6 16.617 16.625 16.625 16.628 16.635 16.665 16.725 16.792 16.855 16.905 16.935 16.95 16.957 16.96 16.965 16.975 16.985 16.995 17 16.98 16.94 16.92 16.917 16.897 16.832 16.752 16.685 16.617 16.56 16.603 16.712 16.767 16.775 16.767 16.76 16.75 16.697 16.545 16.335 16.12 15.9 15.713 15.545 15.37 15.245 15.258 15.34 15.387 15.422 15.452 15.427 15.315 15.168 15.025 14.885 14.745 14.597 14.417 14.205 13.982 13.763 13.578 13.425 13.28 13.132
16.543 16.553 16.588 16.613 16.625 16.638 16.653 16.663 16.663 16.66 16.66 16.658 16.658 16.693 16.762 16.835 16.9 16.94 16.952 16.957 16.96 16.962 16.967 16.975 16.982 16.99 17 16.992 16.96 16.93 16.91 16.892 16.862 16.822 16.782 16.74 16.692 16.702 16.747 16.75 16.74 16.732 16.725 16.715 16.692 16.58 16.383 16.173 15.965 15.77 15.58 15.393 15.228 15.183 15.218 15.238 15.268 15.305 15.332 15.302 15.192 15.05 14.913 14.775 14.637 14.462 14.237 14.003 13.775 13.593 13.445 13.297 13.142
16.615 16.608 16.64 16.683 16.713 16.728 16.74 16.735 16.72 16.715 16.715 16.71 16.705 16.725 16.775 16.84 16.905 16.937 16.942 16.945 16.945 16.95 16.957 16.962 16.968 16.978 16.993 17 16.98 16.923 16.865 16.83 16.805 16.787 16.77 16.75 16.727 16.72 16.72 16.71 16.7 16.69 16.68 16.67 16.67 16.61 16.445 16.24 16.035 15.84 15.65 15.445 15.248 15.18 15.2 15.205 15.22 15.24 15.258 15.267 15.21 15.08 14.945 14.813 14.677 14.5 14.27 14.022 13.78 13.593 13.445 13.29 13.122
16.72 16.695 16.72 16.772 16.815 16.832 16.835 16.815 16.793 16.785 16.782 16.778 16.778 16.783 16.795 16.825 16.878 16.912 16.915 16.915 16.915 16.92 16.932 16.943 16.953 16.97 16.99 17.005 16.992 16.92 16.82 16.758 16.73 16.71 16.69 16.675 16.67 16.67 16.665 16.657 16.65 16.64 16.63 16.63 16.65 16.627 16.5 16.307 16.105 15.91 15.712 15.472 15.268 15.235 15.277 15.288 15.293 15.295 15.295 15.275 15.207 15.102 14.985 14.857 14.722 14.542 14.305 14.037 13.775 13.58 13.425 13.257 13.08
16.825 16.79 16.805 16.86 16.915 16.932 16.92 16.895 16.87 16.858 16.85 16.845 16.85 16.855 16.855 16.858 16.875 16.887 16.885 16.885 16.885 16.89 16.908 16.927 16.947 16.967 16.985 17.002 17 16.93 16.808 16.705 16.653 16.633 16.618 16.61 16.61 16.61 16.605 16.6 16.595 16.588 16.59 16.613 16.645 16.627 16.535 16.375 16.177 15.977 15.742 15.455 15.27 15.278 15.345 15.375 15.378 15.38 15.367 15.295 15.185 15.09 14.997 14.892 14.767 14.582 14.325 14.035 13.763 13.565 13.402 13.225 13.045
16.93 16.885 16.893 16.947 17.002 17.015 16.995 16.972 16.95 16.93 16.918 16.917 16.922 16.92 16.91 16.9 16.88 16.863 16.86 16.86 16.86 16.865 16.885 16.91 16.932 16.955 16.975 16.995 17.002 16.937 16.815 16.692 16.598 16.563 16.558 16.553 16.55 16.55 16.545 16.54 16.54 16.55 16.575 16.607 16.64 16.622 16.55 16.427 16.245 16.012 15.725 15.415 15.27 15.315 15.392 15.447 15.462 15.46 15.405 15.277 15.153 15.062 14.977 14.892 14.787 14.6 14.325 14.025 13.75 13.543 13.37 13.19 13.01
17.015 16.973 16.973 17.015 17.06 17.072 17.055 17.035 17.017 16.997 16.977 16.967 16.96 16.945 16.925 16.902 16.865 16.84 16.84 16.84 16.837 16.84 16.86 16.887 16.91 16.935 16.96 16.985 16.995 16.915 16.777 16.65 16.538 16.495 16.5 16.495 16.49 16.49 16.488 16.488 16.5 16.53 16.565 16.597 16.632 16.615 16.537 16.44 16.265 15.992 15.687 15.395 15.288 15.353 15.428 15.502 15.542 15.512 15.4 15.245 15.122 15.03 14.93 14.83 14.71 14.515 14.247 13.962 13.705 13.5 13.317 13.135 12.955
17.055 17.025 17.028 17.06 17.097 17.112 17.1 17.082 17.062 17.03 17 16.98 16.96 16.94 16.917 16.885 16.843 16.82 16.82 16.817 16.808 16.808 16.833 16.865 16.89 16.915 16.953 17.002 17.002 16.88 16.705 16.56 16.453 16.42 16.435 16.437 16.433 16.433 16.44 16.453 16.475 16.507 16.542 16.562 16.555 16.512 16.44 16.355 16.192 15.902 15.585 15.38 15.395 15.46 15.478 15.547 15.55 15.43 15.265 15.135 15.047 14.945 14.827 14.7 14.545 14.345 14.095 13.835 13.615 13.43 13.247 13.065 12.885
17.063 17.05 17.07 17.103 17.135 17.152 17.145 17.115 17.067 17.015 16.985 16.972 16.957 16.94 16.91 16.865 16.82 16.8 16.797 16.787 16.773 16.778 16.807 16.84 16.87 16.915 16.98 17.05 17.022 16.86 16.665 16.488 16.368 16.34 16.36 16.375 16.38 16.387 16.405 16.425 16.452 16.475 16.47 16.432 16.367 16.305 16.247 16.18 16.075 15.813 15.583 15.558 15.617 15.607 15.543 15.552 15.387 15.115 14.98 14.935 14.902 14.81 14.682 14.532 14.365 14.172 13.938 13.71 13.523 13.347 13.172 12.995 12.815
17.08 17.083 17.115 17.145 17.175 17.19 17.167 17.11 17.04 16.99 16.97 16.96 16.95 16.932 16.895 16.845 16.8 16.775 16.765 16.753 16.74 16.75 16.772 16.787 16.815 16.885 16.977 17.037 16.967 16.78 16.582 16.385 16.263 16.248 16.265 16.28 16.292 16.315 16.345 16.375 16.385 16.357 16.297 16.22 16.145 16.085 16.03 15.975 15.925 15.795 15.717 15.747 15.73 15.667 15.597 15.45 15.065 14.758 14.72 14.733 14.735 14.665 14.52 14.355 14.183 14 13.803 13.618 13.445 13.265 13.09 12.917 12.742
17.11 17.113 17.147 17.18 17.205 17.195 17.14 17.07 17.003 16.963 16.95 16.94 16.93 16.907 16.865 16.818 16.778 16.753 16.738 16.725 16.707 16.7 16.702 16.7 16.723 16.8 16.87 16.865 16.755 16.565 16.365 16.188 16.118 16.132 16.147 16.147 16.145 16.17 16.21 16.247 16.242 16.178 16.093 16.008 15.928 15.878 15.853 15.833 15.823 15.775 15.71 15.677 15.647 15.615 15.572 15.322 14.855 14.605 14.603 14.605 14.61 14.542 14.385 14.218 14.05 13.885 13.728 13.57 13.395 13.198 13 12.82 12.65
17.14 17.14 17.173 17.205 17.217 17.177 17.103 17.028 16.958 16.92 16.913 16.907 16.902 16.88 16.838 16.795 16.76 16.738 16.722 16.7 16.66 16.62 16.603 16.6 16.627 16.667 16.647 16.572 16.45 16.27 16.073 15.96 15.97 16.005 16.017 16.002 15.978 15.99 16.03 16.065 16.07 16.015 15.92 15.835 15.78 15.768 15.783 15.798 15.812 15.745 15.61 15.54 15.517 15.495 15.445 15.237 14.828 14.575 14.563 14.555 14.55 14.47 14.305 14.14 13.98 13.825 13.687 13.547 13.362 13.145 12.928 12.723 12.54
17.17 17.17 17.2 17.225 17.22 17.165 17.085 17.003 16.92 16.875 16.873 16.875 16.872 16.855 16.822 16.785 16.748 16.722 16.697 16.652 16.595 16.538 16.503 16.495 16.482 16.43 16.345 16.255 16.142 15.975 15.82 15.788 15.835 15.872 15.877 15.852 15.82 15.818 15.848 15.88 15.9 15.863 15.785 15.728 15.713 15.738 15.767 15.79 15.805 15.727 15.555 15.43 15.383 15.36 15.282 15.115 14.788 14.55 14.533 14.518 14.505 14.417 14.25 14.083 13.918 13.765 13.64 13.51 13.322 13.1 12.877 12.655 12.448
17.203 17.198 17.225 17.237 17.215 17.152 17.07 16.985 16.893 16.838 16.833 16.837 16.837 16.822 16.795 16.765 16.732 16.697 16.65 16.59 16.53 16.473 16.405 16.365 16.31 16.188 16.053 15.94 15.837 15.703 15.628 15.653 15.7 15.737 15.735 15.708 15.683 15.678 15.703 15.738 15.765 15.748 15.7 15.665 15.668 15.702 15.737 15.77 15.782 15.697 15.525 15.363 15.263 15.21 15.105 14.947 14.708 14.53 14.505 14.487 14.457 14.36 14.2 14.03 13.863 13.71 13.585 13.44 13.247 13.035 12.812 12.59 12.37
17.235 17.225 17.245 17.242 17.205 17.137 17.052 16.962 16.865 16.8 16.788 16.793 16.797 16.78 16.745 16.72 16.695 16.65 16.59 16.528 16.47 16.417 16.313 16.228 16.162 16.02 15.848 15.693 15.555 15.473 15.488 15.543 15.598 15.633 15.628 15.613 15.605 15.613 15.645 15.68 15.69 15.673 15.642 15.61 15.613 15.645 15.68 15.707 15.69 15.595 15.447 15.295 15.162 15.05 14.92 14.773 14.605 14.495 14.47 14.44 14.362 14.25 14.13 13.982 13.817 13.658 13.525 13.355 13.135 12.93 12.725 12.507 12.285
17.255 17.252 17.257 17.24 17.195 17.125 17.035 16.932 16.83 16.76 16.743 16.758 16.767 16.74 16.693 16.658 16.63 16.585 16.525 16.47 16.425 16.36 16.225 16.105 16.017 15.872 15.7 15.533 15.418 15.413 15.463 15.505 15.545 15.573 15.575 15.575 15.583 15.6 15.63 15.645 15.632 15.61 15.585 15.553 15.543 15.565 15.595 15.587 15.522 15.42 15.295 15.165 15.03 14.91 14.795 14.66 14.523 14.445 14.412 14.332 14.195 14.073 13.987 13.885 13.757 13.61 13.46 13.262 13.015 12.805 12.62 12.417 12.2
17.26 17.27 17.257 17.23 17.185 17.107 17.005 16.898 16.795 16.723 16.7 16.737 16.755 16.71 16.655 16.603 16.565 16.523 16.47 16.43 16.392 16.295 16.133 15.988 15.872 15.727 15.563 15.44 15.438 15.505 15.543 15.562 15.56 15.553 15.555 15.558 15.565 15.585 15.6 15.59 15.568 15.545 15.522 15.495 15.475 15.485 15.482 15.422 15.337 15.237 15.115 14.985 14.863 14.77 14.69 14.587 14.465 14.38 14.305 14.17 14.01 13.883 13.795 13.715 13.627 13.52 13.372 13.157 12.903 12.678 12.49 12.305 12.11
17.247 17.255 17.237 17.215 17.167 17.075 16.968 16.865 16.765 16.685 16.673 16.727 16.735 16.68 16.625 16.565 16.515 16.473 16.433 16.397 16.342 16.215 16.04 15.875 15.73 15.595 15.463 15.423 15.51 15.605 15.64 15.63 15.59 15.56 15.555 15.552 15.55 15.552 15.545 15.525 15.502 15.477 15.455 15.43 15.405 15.382 15.325 15.238 15.15 15.053 14.94 14.823 14.718 14.633 14.56 14.482 14.385 14.275 14.142 13.985 13.825 13.695 13.605 13.523 13.437 13.345 13.202 13.002 12.782 12.557 12.355 12.175 11.997
17.205 17.2 17.187 17.175 17.13 17.037 16.933 16.833 16.735 16.648 16.663 16.725 16.707 16.653 16.598 16.543 16.49 16.44 16.4 16.365 16.28 16.125 15.95 15.742 15.583 15.498 15.433 15.478 15.607 15.692 15.692 15.642 15.593 15.57 15.565 15.547 15.52 15.492 15.458 15.428 15.405 15.38 15.355 15.33 15.305 15.252 15.165 15.075 14.983 14.888 14.79 14.693 14.598 14.515 14.44 14.357 14.255 14.12 13.965 13.803 13.64 13.508 13.415 13.333 13.247 13.127 12.955 12.767 12.585 12.395 12.217 12.052 11.878
17.14 17.135 17.128 17.12 17.08 16.995 16.9 16.817 16.73 16.64 16.665 16.722 16.687 16.633 16.58 16.53 16.477 16.423 16.375 16.322 16.172 15.912 15.642 15.468 15.415 15.4 15.45 15.587 15.735 15.775 15.708 15.64 15.598 15.58 15.545 15.465 15.428 15.422 15.378 15.328 15.285 15.25 15.225 15.2 15.175 15.12 15.03 14.94 14.845 14.753 14.665 14.575 14.483 14.397 14.315 14.212 14.08 13.935 13.787 13.63 13.468 13.325 13.225 13.145 13.045 12.887 12.695 12.505 12.32 12.168 12.055 11.927 11.76
