EGM722_Project_Data/DTM_asc/TL4658.asc
ncols         200
nrows         200
xllcorner     546000.000
yllcorner     258000.000
cellsize      5
NODATA_value  -9999.0
[rows 132 to 164 of 200, columns 0 to 73 of 200]
12.215 12.193 12.18 12.178 12.193 12.213 12.24 12.29 12.31 12.27 12.225 12.218 12.24 12.27 12.318 12.415 12.548 12.68 12.73 12.685 12.617 12.54 12.483 12.447 12.41 12.378 12.405 12.492 12.59 12.677 12.755 13.51 14.207 14.19 14.203 14.225 14.24 14.253 14.27 14.255 14.177 14.075 13.965 13.8 13.587 13.373 13.24 13.203 13.18 13.16 13.15 13.16 13.137 13.07 12.998 12.942 12.887 12.838 12.82 12.815 12.828 12.865 12.91 12.952 12.987 13.005 13.02 13.032 13.035 13.033 13.043 13.078 13.122 13.147
12.233 12.205 12.198 12.21 12.238 12.255 12.28 12.33 12.388 12.393 12.328 12.268 12.248 12.263 12.338 12.46 12.592 12.725 12.77 12.715 12.64 12.56 12.5 12.462 12.42 12.368 12.39 12.49 12.59 12.7 12.88 13.63 14.232 14.2 14.21 14.238 14.26 14.27 14.272 14.257 14.19 14.085 13.962 13.795 13.59 13.388 13.275 13.25 13.23 13.21 13.19 13.172 13.13 13.057 12.985 12.915 12.84 12.795 12.785 12.775 12.77 12.775 12.805 12.855 12.897 12.922 12.94 12.957 12.965 12.975 13.007 13.052 13.087 13.125
12.245 12.253 12.28 12.288 12.31 12.42 12.605 12.775 12.765 12.588 12.47 12.416 12.383 12.38 12.413 12.505 12.635 12.767 12.807 12.74 12.663 12.585 12.523 12.472 12.41 12.348 12.37 12.47 12.588 12.74 13.205 13.942 14.272 14.245 14.263 14.285 14.292 14.287 14.27 14.24 14.177 14.08 13.952 13.78 13.578 13.393 13.288 13.252 13.23 13.21 13.19 13.16 13.105 13.03 12.955 12.882 12.805 12.76 12.75 12.74 12.743 12.74 12.695 12.69 12.747 12.79 12.815 12.835 12.85 12.867 12.892 12.935 13.003 13.087
12.283 12.345 12.4 12.403 12.475 12.713 13.055 13.39 13.54 13.5 13.502 13.557 13.485 13.225 12.893 12.751 12.805 12.865 12.865 12.8 12.733 12.658 12.563 12.468 12.385 12.323 12.35 12.47 12.63 12.815 13.55 14.267 14.322 14.305 14.312 14.307 14.29 14.27 14.25 14.217 14.162 14.075 13.942 13.765 13.573 13.408 13.295 13.235 13.198 13.17 13.147 13.115 13.062 12.99 12.918 12.852 12.778 12.73 12.72 12.72 12.74 12.76 12.668 12.535 12.528 12.57 12.595 12.615 12.635 12.653 12.695 12.783 12.905 13.027
12.36 12.475 12.523 12.563 12.735 13.018 13.345 13.715 14.097 14.345 14.477 14.619 14.614 14.385 14.052 13.855 13.752 13.565 13.335 13.095 12.923 12.82 12.695 12.548 12.408 12.31 12.353 12.518 12.708 12.9 13.707 14.405 14.377 14.355 14.33 14.3 14.273 14.25 14.227 14.19 14.14 14.065 13.932 13.755 13.583 13.433 13.31 13.235 13.185 13.143 13.105 13.065 13.017 12.95 12.88 12.817 12.748 12.705 12.703 12.72 12.75 12.78 12.715 12.53 12.405 12.395 12.415 12.435 12.455 12.49 12.575 12.703 12.84 12.967
12.485 12.617 12.66 12.783 13.04 13.335 13.64 13.985 14.302 14.425 14.483 14.617 14.735 14.782 14.767 14.732 14.62 14.407 14.162 13.917 13.677 13.405 13.103 12.868 12.67 12.495 12.47 12.603 12.793 12.985 13.762 14.44 14.42 14.385 14.345 14.305 14.27 14.24 14.205 14.16 14.11 14.047 13.925 13.758 13.603 13.458 13.323 13.238 13.193 13.15 13.098 13.035 12.975 12.91 12.845 12.788 12.73 12.698 12.705 12.73 12.76 12.79 12.755 12.608 12.46 12.4 12.4 12.423 12.445 12.495 12.583 12.69 12.81 12.923
12.647 12.76 12.845 13.065 13.36 13.655 13.95 14.257 14.437 14.455 14.51 14.622 14.705 14.732 14.72 14.703 14.68 14.632 14.57 14.505 14.375 14.135 13.865 13.702 13.512 13.183 12.943 12.883 12.93 13.071 13.823 14.467 14.427 14.38 14.34 14.3 14.265 14.232 14.193 14.145 14.093 14.035 13.93 13.785 13.643 13.503 13.368 13.27 13.223 13.187 13.13 13.05 12.97 12.898 12.838 12.785 12.735 12.708 12.715 12.74 12.77 12.8 12.795 12.705 12.595 12.52 12.48 12.488 12.51 12.56 12.648 12.745 12.84 12.905
12.8 12.928 13.103 13.385 13.68 13.95 14.187 14.415 14.5 14.495 14.565 14.645 14.69 14.71 14.702 14.678 14.655 14.622 14.58 14.525 14.46 14.402 14.36 14.345 14.257 14.045 13.872 13.787 13.755 13.65 14.028 14.475 14.405 14.355 14.315 14.28 14.25 14.222 14.192 14.148 14.095 14.045 13.967 13.852 13.72 13.585 13.455 13.338 13.268 13.232 13.175 13.092 13.005 12.92 12.855 12.805 12.755 12.723 12.725 12.75 12.78 12.81 12.827 12.802 12.74 12.665 12.595 12.565 12.575 12.625 12.715 12.807 12.867 12.88
12.958 13.15 13.382 13.622 13.857 14.067 14.245 14.415 14.492 14.523 14.59 14.635 14.665 14.69 14.695 14.677 14.648 14.613 14.58 14.537 14.493 14.462 14.445 14.435 14.43 14.44 14.465 14.49 14.512 14.367 14.362 14.46 14.375 14.328 14.295 14.268 14.24 14.215 14.19 14.162 14.132 14.087 14.02 13.927 13.812 13.685 13.555 13.425 13.328 13.278 13.22 13.135 13.042 12.95 12.88 12.828 12.775 12.738 12.735 12.76 12.79 12.82 12.845 12.847 12.822 12.782 12.727 12.67 12.65 12.695 12.775 12.83 12.84 12.83
13.125 13.327 13.525 13.693 13.858 14.03 14.205 14.375 14.482 14.532 14.577 14.61 14.64 14.667 14.677 14.67 14.652 14.625 14.59 14.55 14.52 14.51 14.507 14.502 14.5 14.502 14.512 14.525 14.537 14.545 14.515 14.43 14.35 14.31 14.283 14.257 14.23 14.203 14.178 14.172 14.177 14.14 14.062 13.977 13.885 13.777 13.655 13.525 13.408 13.33 13.262 13.175 13.08 12.985 12.91 12.852 12.797 12.75 12.743 12.772 12.805 12.835 12.855 12.852 12.837 12.825 12.805 12.765 12.732 12.752 12.792 12.8 12.787 12.775
13.247 13.45 13.623 13.775 13.928 14.09 14.245 14.377 14.475 14.525 14.553 14.58 14.61 14.64 14.657 14.655 14.643 14.635 14.617 14.575 14.53 14.513 14.515 14.515 14.52 14.522 14.517 14.515 14.52 14.525 14.495 14.413 14.335 14.298 14.27 14.243 14.215 14.188 14.165 14.165 14.177 14.152 14.087 14.012 13.932 13.845 13.745 13.625 13.498 13.393 13.305 13.212 13.117 13.025 12.94 12.87 12.81 12.75 12.735 12.77 12.805 12.827 12.825 12.81 12.797 12.782 12.77 12.757 12.74 12.735 12.735 12.722 12.707 12.693
13.338 13.575 13.782 13.95 14.09 14.215 14.32 14.405 14.47 14.507 14.533 14.558 14.583 14.61 14.635 14.64 14.635 14.652 14.65 14.6 14.543 14.51 14.505 14.508 14.51 14.505 14.493 14.488 14.493 14.497 14.475 14.402 14.325 14.283 14.257 14.23 14.2 14.173 14.155 14.155 14.15 14.12 14.075 14.017 13.947 13.872 13.795 13.7 13.577 13.445 13.332 13.24 13.15 13.06 12.968 12.88 12.808 12.74 12.718 12.75 12.775 12.772 12.745 12.713 12.695 12.682 12.67 12.66 12.65 12.64 12.63 12.615 12.6 12.605
13.43 13.678 13.917 14.085 14.18 14.265 14.34 14.415 14.47 14.495 14.518 14.542 14.565 14.588 14.613 14.625 14.643 14.682 14.677 14.62 14.56 14.513 14.498 14.502 14.497 14.485 14.47 14.463 14.468 14.475 14.452 14.385 14.313 14.268 14.242 14.215 14.187 14.16 14.142 14.135 14.115 14.082 14.042 13.995 13.94 13.875 13.802 13.725 13.615 13.472 13.34 13.24 13.16 13.08 12.992 12.898 12.808 12.73 12.703 12.72 12.717 12.69 12.655 12.615 12.585 12.57 12.56 12.55 12.54 12.53 12.52 12.508 12.505 12.553
13.528 13.788 14.03 14.165 14.22 14.283 14.35 14.42 14.465 14.485 14.505 14.528 14.553 14.578 14.603 14.62 14.655 14.702 14.695 14.64 14.578 14.518 14.493 14.492 14.48 14.465 14.455 14.445 14.443 14.45 14.427 14.363 14.295 14.253 14.228 14.2 14.173 14.145 14.123 14.103 14.078 14.047 14.007 13.962 13.917 13.865 13.797 13.722 13.622 13.49 13.348 13.23 13.143 13.075 13.005 12.912 12.818 12.73 12.683 12.665 12.635 12.6 12.565 12.525 12.488 12.463 12.45 12.44 12.43 12.42 12.41 12.403 12.435 12.525
13.65 13.927 14.135 14.225 14.275 14.325 14.38 14.438 14.475 14.498 14.523 14.545 14.57 14.6 14.63 14.638 14.658 14.695 14.69 14.652 14.595 14.53 14.493 14.485 14.48 14.475 14.478 14.458 14.433 14.432 14.415 14.36 14.298 14.255 14.228 14.2 14.173 14.148 14.123 14.093 14.06 14.017 13.97 13.925 13.88 13.837 13.785 13.715 13.627 13.507 13.363 13.23 13.123 13.063 13.007 12.92 12.83 12.75 12.693 12.648 12.6 12.555 12.513 12.468 12.423 12.383 12.365 12.368 12.37 12.373 12.378 12.37 12.415 12.525
13.863 14.09 14.222 14.277 14.325 14.375 14.425 14.482 14.528 14.553 14.578 14.6 14.623 14.65 14.677 14.668 14.66 14.675 14.665 14.642 14.605 14.55 14.513 14.513 14.52 14.525 14.53 14.495 14.443 14.425 14.41 14.372 14.317 14.27 14.243 14.215 14.19 14.17 14.145 14.11 14.057 13.988 13.928 13.883 13.84 13.8 13.755 13.697 13.627 13.52 13.378 13.23 13.113 13.063 13.012 12.93 12.855 12.798 12.75 12.698 12.643 12.59 12.54 12.49 12.44 12.4 12.395 12.415 12.433 12.45 12.45 12.41 12.435 12.547
14.137 14.222 14.27 14.315 14.365 14.415 14.465 14.532 14.597 14.63 14.65 14.667 14.685 14.707 14.722 14.7 14.667 14.652 14.635 14.615 14.592 14.558 14.54 14.557 14.575 14.582 14.577 14.532 14.463 14.423 14.4 14.37 14.33 14.288 14.26 14.237 14.215 14.192 14.165 14.117 14.04 13.953 13.885 13.84 13.8 13.76 13.715 13.665 13.61 13.525 13.407 13.278 13.165 13.09 13.025 12.963 12.91 12.863 12.815 12.763 12.71 12.66 12.613 12.565 12.515 12.495 12.52 12.547 12.565 12.567 12.527 12.458 12.465 12.567
14.295 14.295 14.305 14.34 14.392 14.447 14.503 14.575 14.655 14.69 14.692 14.695 14.697 14.702 14.697 14.667 14.632 14.625 14.62 14.6 14.58 14.555 14.555 14.587 14.617 14.635 14.622 14.567 14.492 14.43 14.39 14.36 14.327 14.295 14.272 14.255 14.237 14.217 14.175 14.1 14.013 13.925 13.853 13.805 13.765 13.725 13.683 13.64 13.6 13.537 13.442 13.337 13.232 13.13 13.05 13.002 12.967 12.927 12.88 12.833 12.785 12.735 12.688 12.643 12.603 12.605 12.65 12.682 12.685 12.647 12.58 12.51 12.503 12.583
14.345 14.348 14.353 14.368 14.41 14.47 14.53 14.607 14.67 14.672 14.647 14.63 14.62 14.61 14.592 14.563 14.55 14.575 14.602 14.6 14.58 14.558 14.565 14.602 14.637 14.665 14.647 14.582 14.505 14.428 14.375 14.342 14.307 14.278 14.26 14.245 14.23 14.222 14.18 14.095 14.008 13.92 13.848 13.8 13.758 13.715 13.683 13.655 13.625 13.565 13.467 13.363 13.26 13.165 13.085 13.025 12.99 12.962 12.932 12.902 12.862 12.815 12.765 12.718 12.7 12.73 12.777 12.797 12.752 12.66 12.56 12.48 12.518 12.635
14.4 14.402 14.405 14.408 14.433 14.485 14.55 14.615 14.632 14.602 14.565 14.535 14.513 14.495 14.478 14.46 14.47 14.5 14.547 14.585 14.58 14.563 14.573 14.607 14.637 14.652 14.627 14.562 14.485 14.408 14.353 14.315 14.28 14.25 14.23 14.218 14.21 14.215 14.185 14.107 14.02 13.933 13.865 13.82 13.775 13.728 13.705 13.692 13.662 13.592 13.49 13.39 13.295 13.205 13.125 13.055 13 12.965 12.947 12.945 12.93 12.892 12.845 12.805 12.813 12.855 12.872 12.83 12.725 12.597 12.468 12.433 12.568 12.707
14.455 14.455 14.455 14.455 14.465 14.5 14.56 14.592 14.572 14.535 14.498 14.463 14.425 14.395 14.375 14.375 14.398 14.423 14.468 14.53 14.565 14.565 14.578 14.605 14.617 14.615 14.582 14.522 14.452 14.38 14.325 14.288 14.253 14.22 14.203 14.2 14.205 14.217 14.187 14.112 14.032 13.948 13.883 13.837 13.79 13.74 13.72 13.722 13.695 13.62 13.523 13.428 13.335 13.245 13.165 13.095 13.03 12.975 12.943 12.95 12.967 12.957 12.923 12.907 12.917 12.915 12.882 12.79 12.658 12.525 12.448 12.513 12.652 12.735
14.513 14.51 14.51 14.51 14.513 14.528 14.547 14.54 14.508 14.473 14.438 14.403 14.368 14.335 14.31 14.308 14.325 14.348 14.38 14.44 14.51 14.552 14.572 14.58 14.578 14.573 14.54 14.48 14.418 14.353 14.3 14.265 14.23 14.198 14.19 14.2 14.213 14.23 14.2 14.123 14.045 13.963 13.898 13.85 13.803 13.755 13.733 13.745 13.727 13.655 13.565 13.47 13.375 13.285 13.205 13.138 13.072 13.005 12.953 12.95 12.978 12.995 12.985 12.97 12.947 12.9 12.837 12.735 12.603 12.5 12.51 12.602 12.685 12.737
14.575 14.568 14.565 14.565 14.565 14.562 14.538 14.495 14.458 14.425 14.393 14.358 14.325 14.295 14.273 14.265 14.27 14.28 14.298 14.345 14.425 14.52 14.567 14.565 14.563 14.563 14.535 14.475 14.415 14.36 14.31 14.268 14.233 14.21 14.218 14.235 14.25 14.267 14.235 14.155 14.075 14 13.94 13.89 13.84 13.793 13.775 13.795 13.777 13.697 13.605 13.51 13.415 13.325 13.245 13.18 13.115 13.053 13.003 12.995 13.023 13.037 13.02 12.975 12.923 12.87 12.795 12.68 12.553 12.5 12.55 12.62 12.685 12.742
14.64 14.63 14.623 14.62 14.617 14.597 14.552 14.498 14.448 14.403 14.36 14.323 14.29 14.258 14.238 14.235 14.235 14.235 14.243 14.273 14.363 14.502 14.575 14.578 14.583 14.59 14.565 14.505 14.45 14.405 14.353 14.298 14.258 14.245 14.265 14.29 14.307 14.32 14.285 14.205 14.13 14.065 14.01 13.96 13.908 13.863 13.853 13.872 13.842 13.75 13.653 13.555 13.458 13.365 13.288 13.228 13.173 13.125 13.085 13.08 13.097 13.08 13.027 12.965 12.905 12.85 12.772 12.655 12.545 12.518 12.563 12.62 12.685 12.747
14.707 14.695 14.685 14.677 14.662 14.625 14.575 14.52 14.465 14.413 14.358 14.31 14.27 14.228 14.21 14.22 14.23 14.24 14.253 14.288 14.383 14.517 14.587 14.597 14.61 14.62 14.595 14.54 14.495 14.452 14.397 14.338 14.288 14.278 14.305 14.337 14.362 14.375 14.34 14.263 14.198 14.14 14.083 14.033 13.988 13.95 13.938 13.945 13.902 13.805 13.705 13.608 13.51 13.408 13.333 13.292 13.255 13.215 13.175 13.157 13.14 13.087 13.023 12.96 12.9 12.842 12.767 12.663 12.585 12.568 12.593 12.64 12.693 12.75
14.772 14.757 14.742 14.707 14.672 14.637 14.585 14.53 14.475 14.425 14.37 14.315 14.263 14.218 14.22 14.255 14.28 14.3 14.325 14.383 14.472 14.555 14.597 14.615 14.635 14.652 14.632 14.585 14.545 14.5 14.445 14.385 14.325 14.31 14.342 14.38 14.412 14.43 14.4 14.332 14.272 14.212 14.155 14.112 14.075 14.038 14.023 14.015 13.957 13.86 13.76 13.662 13.565 13.448 13.36 13.33 13.302 13.27 13.24 13.212 13.162 13.088 13.02 12.96 12.9 12.838 12.765 12.688 12.64 12.623 12.638 12.677 12.715 12.76
14.822 14.792 14.725 14.65 14.642 14.637 14.582 14.528 14.475 14.422 14.367 14.313 14.26 14.228 14.245 14.3 14.347 14.375 14.415 14.475 14.53 14.565 14.585 14.607 14.632 14.65 14.622 14.582 14.57 14.545 14.495 14.43 14.36 14.33 14.35 14.385 14.422 14.45 14.427 14.362 14.295 14.225 14.185 14.18 14.162 14.125 14.107 14.085 14.012 13.915 13.815 13.715 13.607 13.475 13.373 13.333 13.305 13.283 13.267 13.247 13.205 13.145 13.08 13.008 12.935 12.863 12.785 12.723 12.69 12.668 12.668 12.697 12.735 12.772
14.822 14.732 14.595 14.53 14.587 14.617 14.577 14.525 14.472 14.417 14.363 14.308 14.265 14.243 14.253 14.31 14.38 14.43 14.472 14.505 14.522 14.538 14.555 14.577 14.595 14.602 14.575 14.518 14.5 14.507 14.502 14.462 14.39 14.345 14.345 14.368 14.393 14.422 14.405 14.333 14.258 14.195 14.183 14.21 14.225 14.21 14.192 14.152 14.065 13.968 13.87 13.765 13.64 13.495 13.385 13.335 13.31 13.295 13.285 13.27 13.245 13.215 13.172 13.11 13.035 12.955 12.87 12.79 12.733 12.698 12.685 12.703 12.74 12.777
14.732 14.603 14.493 14.458 14.518 14.582 14.575 14.522 14.467 14.413 14.358 14.308 14.278 14.26 14.26 14.31 14.385 14.455 14.495 14.498 14.5 14.51 14.525 14.54 14.545 14.55 14.545 14.475 14.393 14.388 14.43 14.45 14.412 14.363 14.355 14.37 14.38 14.395 14.382 14.325 14.258 14.208 14.203 14.228 14.255 14.27 14.265 14.212 14.117 14.022 13.922 13.802 13.66 13.51 13.393 13.34 13.325 13.315 13.307 13.292 13.265 13.24 13.215 13.182 13.137 13.075 12.995 12.9 12.81 12.74 12.7 12.708 12.743 12.78
14.653 14.565 14.523 14.473 14.463 14.53 14.557 14.517 14.462 14.408 14.355 14.315 14.295 14.28 14.27 14.31 14.385 14.46 14.515 14.52 14.503 14.493 14.495 14.503 14.505 14.51 14.515 14.46 14.343 14.3 14.338 14.375 14.392 14.375 14.368 14.377 14.382 14.382 14.38 14.357 14.305 14.253 14.24 14.26 14.285 14.31 14.307 14.247 14.155 14.062 13.96 13.83 13.683 13.535 13.423 13.38 13.365 13.348 13.335 13.32 13.298 13.275 13.255 13.235 13.215 13.167 13.085 12.995 12.907 12.817 12.743 12.723 12.745 12.777
14.68 14.643 14.617 14.545 14.465 14.475 14.522 14.512 14.458 14.405 14.36 14.33 14.315 14.3 14.305 14.358 14.44 14.535 14.585 14.56 14.52 14.495 14.485 14.488 14.49 14.495 14.502 14.442 14.315 14.263 14.288 14.313 14.345 14.37 14.372 14.37 14.37 14.368 14.375 14.382 14.355 14.303 14.283 14.3 14.325 14.34 14.312 14.242 14.158 14.088 14.002 13.87 13.723 13.588 13.503 13.478 13.463 13.44 13.42 13.403 13.385 13.368 13.353 13.335 13.307 13.23 13.125 13.04 12.957 12.872 12.79 12.73 12.725 12.755
14.763 14.737 14.712 14.642 14.53 14.468 14.488 14.497 14.455 14.405 14.37 14.35 14.353 14.4 14.49 14.545 14.6 14.695 14.697 14.615 14.543 14.503 14.49 14.49 14.493 14.5 14.51 14.43 14.288 14.24 14.265 14.293 14.328 14.372 14.38 14.358 14.35 14.35 14.36 14.38 14.385 14.352 14.328 14.342 14.357 14.35 14.3 14.225 14.165 14.127 14.055 13.92 13.775 13.668 13.615 13.6 13.595 13.58 13.56 13.54 13.518 13.5 13.485 13.457 13.387 13.26 13.14 13.055 12.973 12.893 12.815 12.74 12.703 12.72
14.845 14.83 14.81 14.747 14.625 14.518 14.478 14.477 14.452 14.408 14.4 14.445 14.535 14.672 14.822 14.822 14.81 14.852 14.792 14.695 14.6 14.525 14.493 14.493 14.5 14.51 14.52 14.435 14.275 14.218 14.253 14.298 14.35 14.402 14.405 14.368 14.343 14.333 14.34 14.36 14.38 14.382 14.372 14.375 14.37 14.345 14.295 14.24 14.208 14.182 14.107 13.97 13.848 13.775 13.733 13.718 13.72 13.715 13.7 13.68 13.655 13.632 13.612 13.55 13.425 13.278 13.16 13.075 12.995 12.917 12.84 12.765 12.705 12.703
