EGM722_Project_Data/DTM_asc/TL4661.asc
ncols         200
nrows         200
xllcorner     546000.000
yllcorner     261000.000
cellsize      5
NODATA_value  -9999.0
[rows 136 to 169 of 200, columns 75 to 149 of 200]
10.307 10.225 10.135 10.013 9.883 9.795 9.768 9.787 9.81 9.83 9.837 9.825 9.797 9.76 9.72 9.698 9.695 9.708 9.745 9.762 9.753 9.748 9.748 9.745 9.727 9.705 9.685 9.668 9.663 9.67 9.68 9.687 9.69 9.682 9.667 9.67 9.697 9.735 9.772 9.792 9.8 9.81 9.822 9.835 9.83 9.795 9.745 9.69 9.643 9.62 9.615 9.638 9.672 9.69 9.685 9.662 9.64 9.625 9.62 9.63 9.658 9.711 10.518 11.295 12.06 12.806 11.944 10.323 9.528 9.495 9.48 9.495 9.535 9.575 9.617
10.327 10.24 10.152 10.032 9.88 9.778 9.763 9.785 9.805 9.827 9.845 9.84 9.815 9.787 9.767 9.757 9.755 9.755 9.762 9.767 9.77 9.777 9.785 9.782 9.762 9.738 9.715 9.695 9.683 9.685 9.695 9.7 9.692 9.665 9.627 9.63 9.675 9.725 9.772 9.8 9.81 9.817 9.82 9.807 9.773 9.725 9.678 9.64 9.623 9.623 9.623 9.62 9.618 9.615 9.608 9.595 9.588 9.588 9.595 9.61 9.635 9.665 9.698 9.746 10.548 11.329 10.528 9.626 9.528 9.51 9.493 9.508 9.55 9.588 9.625
10.345 10.255 10.167 10.057 9.903 9.775 9.743 9.76 9.78 9.8 9.82 9.822 9.8 9.783 9.785 9.79 9.79 9.787 9.77 9.755 9.765 9.782 9.797 9.807 9.8 9.778 9.753 9.73 9.715 9.713 9.702 9.672 9.635 9.585 9.535 9.545 9.605 9.67 9.742 9.787 9.8 9.81 9.812 9.788 9.745 9.7 9.665 9.655 9.653 9.655 9.66 9.65 9.63 9.61 9.595 9.59 9.59 9.593 9.603 9.613 9.625 9.65 9.675 9.713 9.765 9.808 9.755 9.628 9.56 9.54 9.515 9.515 9.575 9.635 9.7
10.355 10.27 10.18 10.077 9.935 9.78 9.713 9.725 9.743 9.76 9.777 9.785 9.783 9.785 9.8 9.81 9.805 9.787 9.75 9.728 9.738 9.758 9.783 9.81 9.827 9.822 9.8 9.775 9.763 9.757 9.715 9.61 9.515 9.455 9.425 9.455 9.523 9.6 9.685 9.747 9.77 9.79 9.81 9.795 9.753 9.718 9.708 9.707 9.7 9.698 9.7 9.69 9.67 9.655 9.648 9.643 9.64 9.645 9.663 9.668 9.66 9.665 9.673 9.698 9.737 9.762 9.742 9.662 9.598 9.572 9.543 9.533 9.585 9.68 9.81
10.352 10.28 10.195 10.09 9.957 9.8 9.7 9.693 9.708 9.725 9.74 9.75 9.772 9.8 9.82 9.825 9.805 9.767 9.723 9.703 9.713 9.735 9.765 9.795 9.825 9.845 9.842 9.825 9.813 9.805 9.747 9.585 9.415 9.325 9.318 9.375 9.455 9.543 9.63 9.705 9.745 9.775 9.81 9.805 9.77 9.758 9.765 9.765 9.755 9.745 9.74 9.732 9.718 9.707 9.7 9.695 9.7 9.718 9.745 9.752 9.74 9.728 9.713 9.703 9.705 9.713 9.715 9.68 9.63 9.597 9.565 9.56 9.585 9.615 9.757
10.343 10.278 10.205 10.097 9.965 9.825 9.703 9.66 9.675 9.692 9.7 9.708 9.74 9.785 9.82 9.825 9.795 9.75 9.703 9.68 9.693 9.72 9.75 9.78 9.813 9.845 9.867 9.87 9.857 9.845 9.782 9.605 9.383 9.238 9.238 9.325 9.418 9.513 9.608 9.68 9.71 9.742 9.797 9.817 9.81 9.812 9.817 9.815 9.805 9.79 9.777 9.772 9.765 9.755 9.747 9.75 9.767 9.797 9.83 9.84 9.827 9.802 9.765 9.72 9.688 9.68 9.685 9.675 9.645 9.615 9.585 9.537 9.468 9.39 9.568
10.343 10.28 10.212 10.105 9.968 9.835 9.703 9.635 9.642 9.65 9.645 9.655 9.693 9.737 9.78 9.81 9.805 9.765 9.715 9.69 9.705 9.735 9.765 9.795 9.828 9.86 9.885 9.897 9.892 9.882 9.817 9.625 9.388 9.245 9.258 9.355 9.455 9.558 9.642 9.672 9.655 9.648 9.69 9.732 9.742 9.757 9.79 9.802 9.787 9.772 9.757 9.75 9.745 9.737 9.735 9.75 9.792 9.852 9.907 9.92 9.89 9.842 9.785 9.733 9.693 9.67 9.668 9.662 9.64 9.612 9.585 9.522 9.393 9.2 9.383
10.352 10.297 10.227 10.12 9.98 9.845 9.71 9.618 9.595 9.59 9.583 9.603 9.642 9.677 9.718 9.77 9.807 9.797 9.758 9.735 9.745 9.77 9.8 9.832 9.862 9.885 9.9 9.91 9.912 9.902 9.812 9.608 9.428 9.355 9.368 9.448 9.55 9.632 9.672 9.657 9.608 9.558 9.538 9.558 9.595 9.648 9.715 9.737 9.713 9.695 9.68 9.67 9.668 9.665 9.668 9.685 9.74 9.825 9.922 9.96 9.915 9.857 9.8 9.748 9.708 9.675 9.658 9.647 9.625 9.593 9.56 9.525 9.455 9.263 9.343
10.335 10.302 10.245 10.14 10 9.855 9.703 9.595 9.558 9.545 9.533 9.545 9.58 9.61 9.653 9.71 9.765 9.8 9.795 9.78 9.785 9.805 9.835 9.865 9.887 9.902 9.915 9.922 9.92 9.89 9.773 9.62 9.545 9.515 9.498 9.545 9.622 9.655 9.655 9.625 9.573 9.52 9.478 9.483 9.535 9.603 9.662 9.67 9.64 9.618 9.603 9.595 9.595 9.598 9.603 9.613 9.66 9.758 9.9 9.967 9.922 9.87 9.815 9.76 9.72 9.685 9.655 9.633 9.605 9.575 9.548 9.52 9.493 9.445 9.448
10.295 10.28 10.252 10.165 10.02 9.86 9.698 9.62 9.623 9.613 9.57 9.54 9.54 9.553 9.595 9.655 9.713 9.77 9.807 9.817 9.827 9.845 9.867 9.887 9.902 9.917 9.93 9.932 9.91 9.857 9.773 9.705 9.675 9.645 9.615 9.62 9.642 9.645 9.63 9.59 9.543 9.498 9.483 9.51 9.55 9.595 9.622 9.61 9.578 9.545 9.528 9.525 9.528 9.533 9.538 9.543 9.593 9.72 9.88 9.945 9.91 9.867 9.82 9.772 9.735 9.7 9.665 9.643 9.623 9.6 9.58 9.558 9.55 9.572 9.572
10.255 10.243 10.242 10.217 10.122 9.978 9.823 9.768 9.79 9.75 9.66 9.6 9.57 9.565 9.605 9.665 9.725 9.785 9.82 9.832 9.847 9.862 9.877 9.892 9.907 9.92 9.932 9.93 9.887 9.83 9.787 9.755 9.725 9.695 9.665 9.645 9.638 9.632 9.61 9.568 9.525 9.498 9.51 9.55 9.582 9.602 9.602 9.58 9.545 9.513 9.485 9.465 9.463 9.468 9.475 9.48 9.513 9.622 9.767 9.84 9.83 9.795 9.765 9.76 9.75 9.717 9.685 9.675 9.675 9.657 9.635 9.618 9.625 9.652 9.667
10.218 10.218 10.235 10.255 10.242 10.172 10.043 9.978 9.952 9.845 9.73 9.67 9.648 9.645 9.678 9.735 9.795 9.83 9.827 9.828 9.84 9.855 9.87 9.885 9.9 9.913 9.93 9.917 9.865 9.815 9.78 9.752 9.725 9.695 9.665 9.645 9.635 9.622 9.595 9.555 9.52 9.518 9.547 9.575 9.587 9.592 9.59 9.57 9.538 9.527 9.497 9.435 9.405 9.405 9.415 9.423 9.433 9.478 9.58 9.68 9.697 9.663 9.678 9.737 9.757 9.735 9.708 9.705 9.72 9.712 9.69 9.685 9.702 9.715 9.71
10.193 10.21 10.235 10.255 10.27 10.27 10.222 10.155 10.055 9.915 9.803 9.748 9.735 9.735 9.755 9.805 9.842 9.832 9.818 9.825 9.835 9.848 9.86 9.875 9.893 9.91 9.925 9.902 9.853 9.808 9.77 9.745 9.72 9.692 9.665 9.645 9.63 9.61 9.582 9.545 9.525 9.54 9.562 9.57 9.573 9.577 9.577 9.558 9.54 9.555 9.527 9.443 9.375 9.35 9.355 9.368 9.38 9.393 9.435 9.52 9.557 9.558 9.638 9.73 9.755 9.747 9.735 9.74 9.76 9.765 9.755 9.755 9.762 9.755 9.74
10.185 10.21 10.235 10.255 10.27 10.285 10.287 10.24 10.125 9.985 9.875 9.83 9.825 9.827 9.837 9.855 9.847 9.818 9.81 9.82 9.833 9.848 9.86 9.873 9.89 9.91 9.917 9.89 9.845 9.802 9.763 9.735 9.71 9.685 9.663 9.64 9.618 9.593 9.568 9.54 9.533 9.545 9.55 9.553 9.558 9.56 9.563 9.558 9.568 9.587 9.55 9.47 9.383 9.323 9.315 9.328 9.338 9.345 9.358 9.393 9.433 9.5 9.627 9.722 9.745 9.75 9.76 9.775 9.795 9.81 9.812 9.807 9.797 9.78 9.76
10.182 10.21 10.235 10.255 10.27 10.277 10.267 10.245 10.175 10.053 9.95 9.913 9.907 9.907 9.892 9.86 9.825 9.805 9.813 9.828 9.843 9.858 9.87 9.883 9.9 9.917 9.917 9.885 9.838 9.795 9.755 9.725 9.702 9.678 9.668 9.663 9.645 9.62 9.588 9.553 9.54 9.548 9.55 9.553 9.555 9.555 9.56 9.598 9.65 9.65 9.582 9.485 9.375 9.305 9.305 9.323 9.33 9.335 9.345 9.353 9.39 9.493 9.632 9.725 9.75 9.765 9.785 9.808 9.83 9.835 9.8 9.762 9.745 9.722 9.697
10.175 10.21 10.237 10.255 10.262 10.257 10.242 10.225 10.19 10.105 10.01 9.972 9.965 9.945 9.892 9.833 9.803 9.81 9.835 9.852 9.865 9.872 9.88 9.895 9.912 9.925 9.92 9.885 9.835 9.788 9.745 9.715 9.695 9.685 9.708 9.73 9.712 9.677 9.635 9.583 9.555 9.56 9.567 9.572 9.575 9.575 9.588 9.682 9.755 9.695 9.585 9.46 9.333 9.278 9.3 9.327 9.345 9.355 9.363 9.373 9.425 9.533 9.662 9.75 9.78 9.8 9.82 9.842 9.855 9.83 9.748 9.655 9.61 9.588 9.57
10.165 10.205 10.237 10.25 10.245 10.232 10.215 10.195 10.175 10.13 10.053 10.008 9.987 9.935 9.86 9.8 9.793 9.825 9.857 9.875 9.882 9.887 9.895 9.907 9.917 9.925 9.92 9.885 9.835 9.785 9.738 9.705 9.7 9.725 9.765 9.785 9.762 9.717 9.67 9.618 9.575 9.565 9.577 9.59 9.597 9.6 9.633 9.735 9.77 9.67 9.54 9.413 9.3 9.263 9.29 9.32 9.347 9.37 9.38 9.405 9.48 9.585 9.705 9.787 9.815 9.835 9.855 9.867 9.85 9.8 9.715 9.595 9.498 9.453 9.448
10.152 10.187 10.222 10.235 10.222 10.205 10.185 10.165 10.145 10.125 10.082 10.03 9.975 9.9 9.823 9.78 9.795 9.827 9.857 9.882 9.892 9.9 9.907 9.915 9.92 9.925 9.92 9.885 9.835 9.785 9.735 9.708 9.717 9.747 9.775 9.785 9.772 9.742 9.702 9.652 9.598 9.573 9.583 9.595 9.605 9.618 9.642 9.687 9.7 9.622 9.495 9.368 9.275 9.258 9.283 9.31 9.34 9.37 9.393 9.445 9.54 9.64 9.75 9.825 9.85 9.87 9.885 9.872 9.825 9.765 9.685 9.568 9.438 9.343 9.328
10.125 10.15 10.182 10.205 10.202 10.185 10.165 10.145 10.125 10.108 10.085 10.03 9.948 9.863 9.79 9.765 9.782 9.802 9.833 9.87 9.895 9.907 9.913 9.918 9.923 9.927 9.922 9.895 9.85 9.8 9.75 9.715 9.713 9.73 9.75 9.757 9.75 9.737 9.72 9.682 9.628 9.59 9.588 9.603 9.63 9.65 9.623 9.603 9.62 9.572 9.45 9.32 9.245 9.25 9.277 9.305 9.333 9.363 9.398 9.46 9.56 9.67 9.782 9.85 9.867 9.882 9.892 9.865 9.805 9.743 9.672 9.57 9.438 9.32 9.293
10.105 10.105 10.13 10.16 10.177 10.17 10.15 10.13 10.11 10.098 10.087 10.035 9.945 9.853 9.765 9.73 9.74 9.76 9.8 9.845 9.882 9.907 9.917 9.923 9.927 9.927 9.92 9.902 9.87 9.83 9.785 9.733 9.7 9.705 9.725 9.73 9.723 9.715 9.712 9.712 9.687 9.628 9.61 9.653 9.69 9.685 9.622 9.543 9.528 9.507 9.4 9.275 9.22 9.24 9.27 9.3 9.33 9.365 9.405 9.455 9.543 9.66 9.777 9.842 9.855 9.865 9.875 9.852 9.795 9.733 9.672 9.592 9.475 9.363 9.338
10.12 10.088 10.088 10.108 10.132 10.145 10.135 10.115 10.103 10.103 10.1 10.05 9.96 9.86 9.748 9.685 9.693 9.725 9.77 9.815 9.855 9.895 9.92 9.927 9.927 9.922 9.915 9.897 9.872 9.845 9.812 9.765 9.713 9.69 9.7 9.705 9.698 9.695 9.703 9.73 9.75 9.72 9.703 9.737 9.742 9.7 9.637 9.53 9.453 9.43 9.35 9.24 9.208 9.233 9.26 9.295 9.335 9.375 9.418 9.468 9.535 9.635 9.752 9.82 9.835 9.845 9.855 9.837 9.785 9.728 9.67 9.607 9.515 9.408 9.383
10.152 10.108 10.078 10.075 10.09 10.11 10.118 10.113 10.113 10.117 10.115 10.065 9.967 9.855 9.735 9.655 9.658 9.703 9.75 9.795 9.838 9.885 9.92 9.927 9.922 9.917 9.91 9.892 9.868 9.843 9.822 9.79 9.74 9.698 9.683 9.683 9.68 9.685 9.698 9.725 9.765 9.795 9.807 9.8 9.762 9.707 9.65 9.55 9.423 9.363 9.297 9.21 9.2 9.228 9.26 9.303 9.35 9.405 9.463 9.512 9.54 9.6 9.717 9.792 9.812 9.825 9.835 9.825 9.78 9.725 9.67 9.612 9.542 9.45 9.425
10.185 10.148 10.118 10.1 10.098 10.11 10.125 10.13 10.13 10.133 10.13 10.075 9.965 9.845 9.725 9.658 9.67 9.715 9.765 9.81 9.855 9.897 9.92 9.92 9.915 9.912 9.905 9.887 9.863 9.843 9.83 9.807 9.765 9.715 9.678 9.665 9.67 9.68 9.693 9.72 9.76 9.8 9.817 9.792 9.75 9.707 9.66 9.565 9.423 9.313 9.23 9.18 9.193 9.228 9.278 9.343 9.41 9.477 9.532 9.567 9.565 9.578 9.67 9.755 9.782 9.797 9.81 9.815 9.785 9.728 9.67 9.61 9.552 9.485 9.465
10.227 10.205 10.185 10.165 10.15 10.15 10.162 10.165 10.16 10.16 10.145 10.072 9.955 9.835 9.735 9.705 9.728 9.76 9.805 9.85 9.887 9.91 9.915 9.912 9.908 9.905 9.9 9.882 9.86 9.845 9.835 9.82 9.785 9.74 9.708 9.68 9.668 9.675 9.688 9.715 9.755 9.775 9.76 9.73 9.7 9.67 9.642 9.572 9.442 9.3 9.19 9.168 9.215 9.275 9.348 9.432 9.502 9.552 9.587 9.61 9.605 9.583 9.628 9.712 9.75 9.762 9.775 9.79 9.79 9.75 9.69 9.628 9.568 9.513 9.495
10.247 10.255 10.242 10.23 10.215 10.2 10.203 10.205 10.195 10.18 10.145 10.062 9.945 9.83 9.77 9.773 9.79 9.813 9.847 9.882 9.9 9.905 9.905 9.905 9.903 9.898 9.892 9.88 9.863 9.85 9.84 9.83 9.807 9.783 9.77 9.733 9.685 9.673 9.683 9.71 9.735 9.722 9.69 9.663 9.64 9.62 9.61 9.575 9.467 9.33 9.213 9.208 9.295 9.375 9.457 9.527 9.57 9.602 9.632 9.652 9.645 9.61 9.608 9.67 9.72 9.728 9.735 9.75 9.772 9.772 9.73 9.668 9.605 9.55 9.523
10.23 10.282 10.275 10.27 10.262 10.25 10.247 10.235 10.205 10.168 10.12 10.04 9.93 9.843 9.82 9.835 9.847 9.865 9.885 9.897 9.9 9.9 9.9 9.9 9.9 9.895 9.89 9.877 9.86 9.85 9.84 9.83 9.825 9.832 9.835 9.797 9.735 9.69 9.68 9.692 9.69 9.67 9.653 9.638 9.625 9.615 9.608 9.582 9.507 9.395 9.28 9.28 9.39 9.482 9.547 9.59 9.62 9.65 9.677 9.695 9.682 9.648 9.62 9.648 9.69 9.695 9.7 9.715 9.738 9.757 9.755 9.715 9.655 9.6 9.56
10.203 10.285 10.297 10.292 10.287 10.285 10.292 10.28 10.24 10.195 10.143 10.063 9.958 9.878 9.86 9.875 9.887 9.897 9.897 9.898 9.902 9.905 9.903 9.9 9.9 9.9 9.897 9.875 9.848 9.835 9.822 9.813 9.823 9.85 9.85 9.807 9.755 9.702 9.672 9.672 9.67 9.665 9.665 9.663 9.655 9.642 9.622 9.587 9.532 9.455 9.363 9.34 9.435 9.55 9.61 9.64 9.67 9.697 9.722 9.735 9.717 9.685 9.653 9.64 9.655 9.67 9.683 9.7 9.72 9.743 9.765 9.762 9.732 9.685 9.628
10.19 10.272 10.32 10.315 10.31 10.318 10.342 10.352 10.322 10.275 10.22 10.137 10.03 9.928 9.885 9.895 9.905 9.902 9.893 9.895 9.905 9.91 9.907 9.905 9.905 9.91 9.912 9.885 9.84 9.813 9.798 9.79 9.805 9.817 9.787 9.735 9.687 9.64 9.615 9.64 9.682 9.7 9.7 9.697 9.69 9.67 9.63 9.58 9.525 9.465 9.4 9.37 9.435 9.55 9.64 9.69 9.717 9.743 9.767 9.775 9.755 9.722 9.687 9.653 9.643 9.66 9.68 9.7 9.723 9.75 9.775 9.79 9.795 9.78 9.737
10.22 10.275 10.327 10.337 10.343 10.365 10.397 10.422 10.405 10.357 10.3 10.21 10.102 9.995 9.925 9.915 9.912 9.895 9.888 9.895 9.902 9.907 9.912 9.915 9.918 9.925 9.93 9.902 9.848 9.8 9.775 9.772 9.772 9.745 9.69 9.635 9.583 9.533 9.518 9.568 9.647 9.707 9.732 9.73 9.712 9.675 9.622 9.568 9.512 9.455 9.395 9.385 9.455 9.558 9.668 9.742 9.767 9.788 9.812 9.817 9.795 9.757 9.717 9.685 9.665 9.665 9.68 9.703 9.73 9.762 9.787 9.8 9.81 9.82 9.817
10.257 10.295 10.337 10.362 10.377 10.402 10.425 10.447 10.445 10.42 10.375 10.282 10.172 10.065 9.97 9.925 9.907 9.888 9.883 9.89 9.897 9.905 9.912 9.917 9.927 9.94 9.947 9.92 9.865 9.81 9.765 9.738 9.703 9.65 9.593 9.538 9.483 9.43 9.42 9.48 9.565 9.65 9.722 9.747 9.72 9.665 9.61 9.555 9.5 9.445 9.39 9.408 9.515 9.632 9.727 9.792 9.822 9.837 9.857 9.857 9.827 9.785 9.74 9.713 9.698 9.688 9.69 9.71 9.743 9.777 9.8 9.81 9.82 9.825 9.827
10.25 10.29 10.335 10.362 10.375 10.395 10.41 10.422 10.427 10.422 10.387 10.3 10.19 10.08 9.975 9.913 9.89 9.878 9.875 9.88 9.89 9.897 9.9 9.908 9.922 9.935 9.945 9.922 9.87 9.815 9.76 9.71 9.658 9.6 9.545 9.49 9.433 9.385 9.383 9.44 9.523 9.61 9.702 9.752 9.727 9.67 9.613 9.555 9.498 9.44 9.415 9.488 9.62 9.722 9.78 9.82 9.852 9.872 9.885 9.872 9.837 9.798 9.765 9.75 9.74 9.73 9.723 9.733 9.76 9.787 9.805 9.81 9.81 9.807 9.802
10.21 10.255 10.31 10.345 10.353 10.363 10.377 10.387 10.39 10.382 10.34 10.257 10.155 10.045 9.943 9.885 9.87 9.865 9.865 9.87 9.88 9.885 9.885 9.893 9.905 9.915 9.925 9.907 9.857 9.803 9.753 9.71 9.662 9.605 9.548 9.493 9.44 9.413 9.425 9.468 9.533 9.615 9.707 9.76 9.74 9.685 9.627 9.57 9.518 9.5 9.538 9.627 9.717 9.767 9.8 9.83 9.86 9.885 9.89 9.868 9.835 9.808 9.793 9.79 9.787 9.78 9.77 9.775 9.79 9.795 9.792 9.787 9.78 9.773 9.767
10.178 10.23 10.29 10.332 10.34 10.335 10.345 10.352 10.347 10.337 10.292 10.207 10.11 10.007 9.91 9.86 9.855 9.855 9.855 9.86 9.867 9.87 9.87 9.875 9.885 9.895 9.907 9.895 9.845 9.79 9.745 9.705 9.662 9.612 9.555 9.503 9.473 9.47 9.488 9.523 9.57 9.63 9.712 9.77 9.755 9.7 9.643 9.613 9.612 9.63 9.672 9.72 9.75 9.778 9.81 9.84 9.87 9.895 9.892 9.87 9.848 9.83 9.82 9.82 9.827 9.827 9.82 9.822 9.822 9.802 9.78 9.765 9.75 9.738 9.732
10.153 10.205 10.265 10.31 10.32 10.31 10.307 10.31 10.302 10.29 10.242 10.152 10.057 9.962 9.88 9.845 9.845 9.845 9.845 9.848 9.85 9.85 9.85 9.855 9.865 9.878 9.892 9.882 9.835 9.783 9.74 9.7 9.66 9.615 9.565 9.533 9.528 9.535 9.55 9.585 9.63 9.675 9.735 9.782 9.77 9.72 9.678 9.667 9.682 9.682 9.715 9.77 9.778 9.783 9.813 9.845 9.875 9.9 9.9 9.887 9.877 9.862 9.85 9.85 9.86 9.865 9.865 9.86 9.84 9.81 9.785 9.762 9.738 9.718 9.702
