EGM722_Project_Data/DTM_asc/TL4655.asc
ncols         200
nrows         200
xllcorner     546000.000
yllcorner     255000.000
cellsize      5
NODATA_value  -9999.0
[rows 0 to 31 of 200, columns 0 to 72 of 200]
15.967 16.06 16.13 16.205 16.323 16.442 16.545 16.64 16.73 16.817 16.885 16.915 16.92 16.912 16.857 16.755 16.658 16.613 16.683 16.827 16.972 17.09 17.12 17.07 16.993 16.933 16.96 17.05 17.13 17.185 17.21 17.223 17.24 17.26 17.28 17.305 17.333 17.362 17.367 17.337 17.305 17.275 17.245 17.215 17.19 17.17 17.125 17.053 16.983 16.93 16.903 16.89 16.878 16.86 16.805 16.723 16.66 16.61 16.58 16.578 16.588 16.61 16.725 16.915 17.07 17.167 17.18 17.127 17.067 17.01 16.915 16.665 16.297
15.905 16.003 16.093 16.205 16.34 16.46 16.562 16.655 16.742 16.827 16.895 16.92 16.92 16.92 16.875 16.78 16.677 16.62 16.68 16.812 16.95 17.087 17.155 17.132 17.07 16.998 17.01 17.092 17.152 17.195 17.22 17.23 17.245 17.262 17.282 17.31 17.34 17.37 17.375 17.352 17.325 17.295 17.265 17.232 17.197 17.167 17.125 17.06 16.988 16.918 16.87 16.845 16.825 16.803 16.758 16.7 16.653 16.605 16.575 16.578 16.595 16.615 16.708 16.882 17.067 17.205 17.212 17.12 17.012 16.907 16.782 16.505 16.108
15.89 15.998 16.098 16.208 16.335 16.445 16.517 16.59 16.675 16.76 16.835 16.87 16.875 16.872 16.825 16.735 16.658 16.628 16.658 16.74 16.86 16.99 17.08 17.11 17.102 17.057 17.06 17.12 17.165 17.202 17.227 17.235 17.235 17.232 17.265 17.315 17.345 17.377 17.38 17.345 17.31 17.282 17.255 17.222 17.185 17.147 17.115 17.067 17 16.93 16.875 16.843 16.815 16.785 16.755 16.715 16.67 16.625 16.588 16.58 16.595 16.615 16.65 16.758 16.925 17.065 17.077 16.982 16.877 16.772 16.645 16.365 15.96
15.917 16.03 16.125 16.208 16.315 16.41 16.443 16.473 16.543 16.63 16.71 16.77 16.797 16.797 16.75 16.67 16.635 16.653 16.67 16.693 16.768 16.885 16.972 17.012 17.045 17.055 17.07 17.11 17.147 17.195 17.21 17.187 17.167 17.153 17.205 17.292 17.345 17.382 17.382 17.33 17.273 17.238 17.212 17.185 17.152 17.115 17.087 17.062 17.012 16.945 16.89 16.858 16.83 16.8 16.775 16.747 16.71 16.665 16.62 16.59 16.588 16.605 16.6 16.623 16.745 16.895 16.92 16.832 16.737 16.637 16.507 16.225 15.838
15.937 16.057 16.155 16.225 16.308 16.382 16.4 16.398 16.428 16.498 16.575 16.645 16.7 16.722 16.685 16.643 16.655 16.69 16.71 16.71 16.733 16.8 16.867 16.908 16.94 16.97 17.003 17.053 17.113 17.185 17.18 17.105 17.065 17.06 17.125 17.23 17.32 17.382 17.39 17.335 17.26 17.203 17.167 17.142 17.115 17.082 17.055 17.037 17.012 16.96 16.908 16.875 16.845 16.815 16.79 16.77 16.742 16.702 16.66 16.62 16.595 16.595 16.587 16.565 16.605 16.727 16.76 16.675 16.587 16.497 16.37 16.097 15.745
15.95 16.077 16.182 16.255 16.32 16.367 16.375 16.365 16.36 16.388 16.45 16.518 16.585 16.64 16.65 16.658 16.693 16.727 16.747 16.747 16.745 16.758 16.783 16.81 16.843 16.875 16.92 16.998 17.092 17.182 17.167 17.06 16.98 16.97 17.045 17.15 17.255 17.35 17.387 17.34 17.25 17.165 17.112 17.09 17.067 17.042 17.022 17.005 16.987 16.96 16.922 16.89 16.857 16.825 16.802 16.785 16.762 16.735 16.7 16.66 16.623 16.595 16.573 16.548 16.535 16.588 16.597 16.513 16.43 16.348 16.232 15.995 15.678
15.96 16.09 16.202 16.28 16.337 16.367 16.37 16.37 16.36 16.36 16.405 16.473 16.55 16.638 16.695 16.725 16.752 16.762 16.757 16.75 16.742 16.737 16.735 16.74 16.763 16.795 16.853 16.945 17.045 17.127 17.11 17.005 16.903 16.875 16.945 17.042 17.142 17.237 17.292 17.27 17.185 17.083 17.02 17.002 16.985 16.965 16.94 16.917 16.902 16.89 16.865 16.825 16.792 16.775 16.757 16.735 16.715 16.697 16.697 16.685 16.645 16.605 16.57 16.543 16.515 16.508 16.483 16.415 16.345 16.278 16.19 15.985 15.683
15.96 16.095 16.21 16.295 16.35 16.37 16.375 16.385 16.385 16.388 16.44 16.528 16.625 16.73 16.795 16.81 16.802 16.772 16.74 16.725 16.718 16.712 16.708 16.7 16.703 16.723 16.78 16.862 16.932 16.99 16.97 16.875 16.785 16.748 16.795 16.887 16.977 17.047 17.09 17.102 17.062 16.97 16.905 16.888 16.87 16.85 16.818 16.78 16.76 16.75 16.725 16.688 16.675 16.685 16.67 16.635 16.61 16.593 16.62 16.662 16.652 16.615 16.58 16.55 16.517 16.483 16.448 16.405 16.355 16.305 16.24 16.05 15.74
15.932 16.092 16.215 16.305 16.355 16.362 16.362 16.365 16.362 16.38 16.462 16.582 16.7 16.812 16.862 16.842 16.802 16.758 16.725 16.708 16.695 16.687 16.68 16.673 16.668 16.668 16.693 16.735 16.775 16.82 16.802 16.718 16.648 16.6 16.623 16.705 16.772 16.82 16.855 16.885 16.895 16.847 16.795 16.775 16.755 16.735 16.705 16.66 16.62 16.6 16.58 16.568 16.585 16.605 16.59 16.55 16.515 16.49 16.515 16.582 16.625 16.62 16.59 16.557 16.52 16.48 16.445 16.41 16.372 16.332 16.282 16.105 15.788
15.855 16.047 16.192 16.28 16.317 16.317 16.312 16.305 16.308 16.345 16.445 16.58 16.71 16.82 16.85 16.82 16.785 16.745 16.712 16.69 16.672 16.66 16.65 16.642 16.637 16.63 16.623 16.625 16.64 16.663 16.645 16.583 16.525 16.473 16.463 16.503 16.545 16.585 16.62 16.65 16.685 16.7 16.688 16.668 16.645 16.625 16.595 16.555 16.513 16.48 16.465 16.475 16.505 16.525 16.51 16.47 16.43 16.4 16.425 16.493 16.56 16.605 16.595 16.555 16.515 16.478 16.443 16.408 16.372 16.337 16.295 16.137 15.833
15.725 15.93 16.107 16.21 16.24 16.24 16.235 16.238 16.265 16.315 16.418 16.555 16.685 16.775 16.79 16.767 16.742 16.71 16.677 16.652 16.625 16.61 16.612 16.61 16.603 16.595 16.585 16.578 16.573 16.565 16.545 16.503 16.453 16.405 16.375 16.38 16.408 16.443 16.478 16.515 16.558 16.603 16.623 16.608 16.585 16.563 16.543 16.52 16.488 16.455 16.438 16.443 16.455 16.458 16.44 16.41 16.378 16.353 16.383 16.458 16.53 16.595 16.602 16.558 16.515 16.478 16.442 16.408 16.373 16.34 16.275 16.117 15.862
15.573 15.78 15.98 16.117 16.162 16.163 16.168 16.195 16.235 16.285 16.39 16.532 16.665 16.735 16.73 16.705 16.672 16.632 16.602 16.582 16.553 16.538 16.552 16.567 16.565 16.558 16.55 16.542 16.532 16.515 16.497 16.47 16.43 16.385 16.358 16.358 16.37 16.395 16.433 16.478 16.523 16.572 16.6 16.592 16.575 16.55 16.54 16.54 16.52 16.49 16.473 16.468 16.46 16.443 16.413 16.383 16.358 16.34 16.375 16.455 16.532 16.602 16.615 16.57 16.522 16.478 16.443 16.412 16.38 16.347 16.245 16.06 15.847
15.42 15.63 15.835 16.007 16.085 16.098 16.125 16.165 16.208 16.258 16.36 16.507 16.637 16.687 16.665 16.63 16.585 16.535 16.505 16.492 16.472 16.46 16.475 16.502 16.52 16.522 16.515 16.502 16.485 16.465 16.45 16.432 16.405 16.365 16.34 16.343 16.348 16.363 16.398 16.443 16.493 16.547 16.577 16.575 16.562 16.543 16.533 16.54 16.54 16.522 16.507 16.497 16.482 16.462 16.425 16.38 16.345 16.33 16.37 16.448 16.525 16.602 16.622 16.577 16.525 16.475 16.44 16.417 16.387 16.332 16.195 15.995 15.792
15.283 15.505 15.725 15.92 16.02 16.055 16.095 16.135 16.18 16.23 16.33 16.48 16.597 16.625 16.588 16.54 16.49 16.44 16.408 16.395 16.383 16.378 16.395 16.425 16.458 16.48 16.477 16.46 16.44 16.423 16.408 16.39 16.37 16.343 16.325 16.33 16.335 16.34 16.368 16.415 16.468 16.522 16.552 16.55 16.543 16.533 16.528 16.535 16.545 16.542 16.53 16.515 16.497 16.48 16.445 16.395 16.345 16.323 16.365 16.44 16.515 16.595 16.62 16.577 16.525 16.475 16.44 16.42 16.392 16.302 16.13 15.93 15.73
15.255 15.49 15.722 15.892 15.97 16.017 16.06 16.102 16.15 16.203 16.305 16.455 16.56 16.573 16.533 16.488 16.443 16.39 16.348 16.333 16.328 16.328 16.345 16.378 16.413 16.442 16.45 16.438 16.42 16.403 16.385 16.365 16.345 16.328 16.32 16.323 16.328 16.33 16.353 16.403 16.455 16.505 16.532 16.533 16.528 16.525 16.53 16.54 16.545 16.535 16.52 16.507 16.495 16.48 16.45 16.405 16.35 16.318 16.353 16.427 16.502 16.58 16.605 16.565 16.515 16.468 16.435 16.415 16.382 16.265 16.07 15.87 15.693
15.323 15.557 15.76 15.87 15.92 15.967 16.012 16.057 16.102 16.155 16.27 16.432 16.537 16.567 16.55 16.51 16.47 16.408 16.348 16.323 16.313 16.31 16.328 16.362 16.392 16.417 16.43 16.427 16.415 16.395 16.375 16.355 16.338 16.325 16.32 16.32 16.325 16.33 16.35 16.398 16.447 16.49 16.52 16.527 16.523 16.528 16.537 16.542 16.537 16.515 16.495 16.485 16.472 16.455 16.432 16.4 16.353 16.315 16.34 16.413 16.488 16.565 16.587 16.548 16.503 16.46 16.43 16.402 16.337 16.2 16.01 15.81 15.688
15.39 15.607 15.75 15.815 15.862 15.902 15.947 15.992 16.028 16.065 16.195 16.397 16.517 16.567 16.592 16.575 16.522 16.44 16.37 16.333 16.305 16.295 16.313 16.342 16.368 16.392 16.405 16.405 16.4 16.387 16.37 16.353 16.338 16.325 16.32 16.32 16.325 16.33 16.348 16.39 16.435 16.475 16.51 16.522 16.523 16.533 16.542 16.537 16.517 16.493 16.475 16.462 16.445 16.427 16.407 16.38 16.347 16.313 16.33 16.4 16.473 16.55 16.572 16.535 16.495 16.455 16.422 16.365 16.255 16.117 15.947 15.78 15.723
15.457 15.63 15.707 15.75 15.787 15.82 15.867 15.92 15.955 15.983 16.12 16.355 16.495 16.548 16.595 16.612 16.555 16.458 16.39 16.35 16.315 16.29 16.295 16.32 16.345 16.37 16.38 16.38 16.38 16.377 16.368 16.355 16.343 16.328 16.32 16.323 16.328 16.33 16.343 16.378 16.42 16.46 16.497 16.52 16.53 16.54 16.542 16.525 16.495 16.47 16.452 16.435 16.418 16.402 16.38 16.353 16.327 16.3 16.32 16.39 16.463 16.537 16.56 16.525 16.487 16.45 16.39 16.285 16.155 16.025 15.88 15.785 15.762
15.485 15.597 15.637 15.67 15.7 15.73 15.78 15.847 15.895 15.925 16.065 16.302 16.465 16.537 16.585 16.612 16.567 16.47 16.403 16.365 16.327 16.285 16.275 16.302 16.327 16.35 16.36 16.36 16.36 16.363 16.365 16.36 16.35 16.338 16.33 16.333 16.338 16.34 16.348 16.375 16.415 16.453 16.493 16.53 16.55 16.56 16.553 16.528 16.498 16.46 16.43 16.41 16.395 16.38 16.355 16.33 16.308 16.285 16.31 16.382 16.457 16.527 16.545 16.51 16.475 16.44 16.375 16.265 16.133 16 15.85 15.693 15.58
15.472 15.532 15.553 15.58 15.61 15.64 15.69 15.765 15.827 15.868 16.008 16.24 16.43 16.535 16.585 16.602 16.565 16.48 16.41 16.375 16.327 16.27 16.255 16.285 16.312 16.335 16.345 16.345 16.345 16.35 16.36 16.365 16.36 16.35 16.345 16.347 16.353 16.358 16.365 16.388 16.423 16.458 16.497 16.542 16.575 16.59 16.58 16.552 16.51 16.448 16.408 16.392 16.377 16.36 16.335 16.31 16.293 16.278 16.303 16.375 16.45 16.515 16.527 16.49 16.455 16.42 16.377 16.31 16.195 16.06 15.877 15.608 15.353
15.452 15.49 15.49 15.5 15.52 15.553 15.603 15.675 15.75 15.81 15.95 16.175 16.385 16.522 16.58 16.582 16.545 16.48 16.418 16.375 16.315 16.253 16.24 16.268 16.295 16.32 16.33 16.333 16.335 16.34 16.35 16.36 16.365 16.36 16.358 16.363 16.368 16.373 16.383 16.403 16.43 16.463 16.5 16.545 16.587 16.615 16.607 16.562 16.495 16.423 16.385 16.372 16.357 16.34 16.318 16.298 16.283 16.27 16.295 16.363 16.437 16.502 16.51 16.47 16.435 16.4 16.36 16.317 16.247 16.132 15.925 15.635 15.33
15.43 15.46 15.455 15.45 15.45 15.47 15.515 15.585 15.665 15.743 15.888 16.105 16.32 16.492 16.57 16.56 16.52 16.47 16.415 16.36 16.295 16.235 16.225 16.253 16.28 16.308 16.32 16.323 16.325 16.33 16.34 16.353 16.365 16.373 16.378 16.38 16.385 16.39 16.4 16.42 16.442 16.467 16.497 16.54 16.585 16.622 16.612 16.545 16.465 16.398 16.363 16.348 16.335 16.323 16.308 16.293 16.278 16.263 16.285 16.35 16.422 16.485 16.49 16.453 16.418 16.38 16.34 16.3 16.257 16.18 15.98 15.688 15.39
15.402 15.427 15.422 15.415 15.408 15.408 15.45 15.535 15.623 15.71 15.858 16.063 16.265 16.457 16.55 16.527 16.482 16.435 16.38 16.32 16.258 16.215 16.225 16.26 16.29 16.318 16.333 16.335 16.335 16.345 16.365 16.385 16.403 16.42 16.43 16.433 16.437 16.42 16.405 16.42 16.442 16.465 16.48 16.505 16.547 16.59 16.572 16.497 16.425 16.373 16.35 16.338 16.325 16.315 16.305 16.29 16.275 16.26 16.275 16.335 16.405 16.467 16.477 16.442 16.405 16.368 16.333 16.295 16.252 16.192 16.032 15.77 15.487
15.347 15.38 15.382 15.375 15.368 15.363 15.413 15.52 15.627 15.728 15.873 16.065 16.253 16.437 16.515 16.475 16.425 16.375 16.32 16.258 16.213 16.208 16.24 16.282 16.317 16.345 16.36 16.365 16.373 16.398 16.43 16.457 16.48 16.5 16.51 16.515 16.5 16.432 16.388 16.403 16.427 16.45 16.458 16.46 16.485 16.525 16.507 16.438 16.385 16.355 16.345 16.34 16.33 16.317 16.305 16.29 16.273 16.255 16.268 16.323 16.39 16.457 16.472 16.435 16.4 16.37 16.337 16.3 16.257 16.2 16.06 15.832 15.58
15.265 15.305 15.32 15.327 15.325 15.318 15.373 15.49 15.61 15.72 15.872 16.072 16.262 16.422 16.465 16.415 16.365 16.315 16.258 16.21 16.2 16.215 16.248 16.292 16.337 16.372 16.39 16.403 16.428 16.462 16.495 16.525 16.552 16.577 16.59 16.575 16.515 16.415 16.365 16.385 16.41 16.43 16.44 16.435 16.438 16.46 16.445 16.395 16.365 16.345 16.335 16.335 16.332 16.322 16.307 16.29 16.267 16.245 16.26 16.315 16.378 16.445 16.462 16.43 16.403 16.375 16.34 16.302 16.265 16.21 16.07 15.855 15.63
15.175 15.215 15.235 15.255 15.267 15.27 15.328 15.44 15.55 15.655 15.815 16.032 16.242 16.387 16.405 16.355 16.305 16.255 16.21 16.198 16.21 16.223 16.253 16.3 16.347 16.387 16.42 16.455 16.492 16.527 16.56 16.59 16.62 16.647 16.65 16.595 16.498 16.393 16.348 16.367 16.39 16.412 16.425 16.42 16.415 16.42 16.408 16.38 16.36 16.34 16.328 16.328 16.33 16.32 16.3 16.28 16.257 16.235 16.253 16.31 16.37 16.432 16.455 16.432 16.405 16.375 16.34 16.305 16.27 16.217 16.08 15.865 15.645
15.092 15.138 15.163 15.188 15.213 15.235 15.283 15.37 15.47 15.57 15.73 15.953 16.177 16.325 16.335 16.285 16.235 16.198 16.185 16.195 16.21 16.222 16.25 16.292 16.335 16.375 16.42 16.47 16.517 16.56 16.595 16.622 16.647 16.67 16.662 16.6 16.5 16.393 16.335 16.34 16.362 16.387 16.412 16.422 16.42 16.42 16.41 16.39 16.37 16.348 16.333 16.333 16.33 16.3 16.265 16.245 16.225 16.213 16.243 16.305 16.365 16.427 16.452 16.43 16.403 16.38 16.353 16.318 16.28 16.23 16.095 15.88 15.66
15.05 15.1 15.13 15.16 15.19 15.22 15.25 15.3 15.385 15.485 15.648 15.87 16.095 16.245 16.255 16.21 16.175 16.16 16.165 16.18 16.195 16.208 16.23 16.265 16.305 16.343 16.388 16.44 16.49 16.535 16.572 16.605 16.63 16.65 16.642 16.597 16.522 16.42 16.345 16.318 16.323 16.348 16.385 16.422 16.437 16.44 16.43 16.41 16.39 16.365 16.35 16.345 16.32 16.267 16.22 16.195 16.18 16.183 16.228 16.297 16.36 16.422 16.445 16.423 16.405 16.395 16.375 16.34 16.3 16.25 16.115 15.9 15.683
15.04 15.092 15.12 15.153 15.185 15.215 15.24 15.26 15.308 15.398 15.563 15.788 16.015 16.167 16.185 16.158 16.145 16.14 16.145 16.158 16.173 16.185 16.205 16.238 16.273 16.308 16.355 16.405 16.445 16.485 16.525 16.567 16.605 16.625 16.612 16.575 16.525 16.445 16.375 16.33 16.3 16.308 16.345 16.395 16.435 16.455 16.45 16.43 16.407 16.383 16.367 16.345 16.292 16.23 16.178 16.148 16.145 16.16 16.21 16.285 16.355 16.42 16.44 16.425 16.418 16.412 16.395 16.36 16.317 16.267 16.135 15.922 15.71
15.03 15.087 15.115 15.148 15.182 15.215 15.242 15.253 15.263 15.32 15.478 15.705 15.937 16.097 16.132 16.125 16.12 16.118 16.125 16.138 16.153 16.165 16.185 16.215 16.245 16.278 16.32 16.363 16.4 16.44 16.48 16.525 16.573 16.592 16.57 16.53 16.492 16.442 16.39 16.347 16.305 16.283 16.305 16.355 16.405 16.447 16.457 16.442 16.422 16.4 16.37 16.32 16.258 16.193 16.133 16.108 16.12 16.145 16.198 16.273 16.348 16.417 16.445 16.44 16.435 16.43 16.412 16.367 16.312 16.255 16.125 15.925 15.722
15.017 15.08 15.112 15.145 15.177 15.207 15.237 15.257 15.258 15.278 15.408 15.633 15.867 16.027 16.07 16.068 16.075 16.1 16.123 16.14 16.155 16.155 16.165 16.198 16.23 16.26 16.305 16.355 16.395 16.433 16.47 16.515 16.565 16.582 16.528 16.46 16.422 16.387 16.35 16.31 16.272 16.25 16.27 16.32 16.37 16.417 16.437 16.427 16.41 16.4 16.377 16.323 16.258 16.19 16.13 16.118 16.143 16.175 16.23 16.305 16.378 16.435 16.465 16.468 16.463 16.457 16.42 16.347 16.28 16.212 16.08 15.887 15.693
15.01 15.075 15.103 15.135 15.162 15.188 15.22 15.257 15.272 15.29 15.4 15.59 15.805 15.955 15.998 16.015 16.05 16.1 16.137 16.16 16.167 16.15 16.15 16.183 16.218 16.253 16.31 16.377 16.427 16.465 16.498 16.54 16.585 16.592 16.512 16.403 16.34 16.303 16.268 16.233 16.21 16.21 16.24 16.29 16.337 16.382 16.402 16.39 16.38 16.393 16.405 16.37 16.3 16.233 16.185 16.185 16.213 16.245 16.302 16.37 16.425 16.467 16.495 16.502 16.5 16.482 16.415 16.32 16.24 16.162 16.025 15.833 15.693
