EGM722_Project_Data/DTM_asc/TL4653.asc
ncols         200
nrows         200
xllcorner     546000.000
yllcorner     253000.000
cellsize      5
NODATA_value  -9999.0
[rows 128 to 159 of 200, columns 0 to 72 of 200]
15.042 15.072 15.095 15.12 15.155 15.213 15.27 15.313 15.368 15.435 15.5 15.57 15.635 15.575 15.435 15.375 15.453 15.653 15.907 16.122 16.272 16.41 16.492 16.53 16.565 16.585 16.587 16.58 16.57 16.55 16.523 16.5 16.483 16.467 16.442 16.4 16.337 16.27 16.22 16.18 16.14 16.102 16.057 16.002 15.94 15.873 15.808 15.753 15.718 15.693 15.675 15.67 15.683 15.733 15.797 15.852 15.895 15.905 15.918 15.947 15.96 15.957 15.93 15.888 15.86 15.8 15.675 15.56 15.523 15.5 15.365 15.205 15.15
15.02 15.065 15.1 15.13 15.155 15.185 15.235 15.295 15.358 15.42 15.48 15.55 15.632 15.65 15.515 15.385 15.413 15.615 15.905 16.12 16.275 16.415 16.497 16.533 16.57 16.605 16.617 16.612 16.607 16.595 16.577 16.562 16.547 16.53 16.505 16.455 16.382 16.313 16.26 16.22 16.177 16.135 16.082 16.017 15.95 15.88 15.825 15.79 15.762 15.735 15.718 15.712 15.705 15.718 15.765 15.82 15.875 15.917 15.937 15.95 15.955 15.955 15.935 15.89 15.845 15.795 15.738 15.72 15.735 15.712 15.57 15.35 15.2
14.995 15.045 15.097 15.14 15.168 15.195 15.248 15.318 15.38 15.438 15.495 15.56 15.638 15.712 15.615 15.423 15.375 15.553 15.867 16.115 16.287 16.425 16.502 16.535 16.57 16.61 16.63 16.63 16.625 16.617 16.617 16.615 16.6 16.582 16.555 16.497 16.422 16.35 16.292 16.25 16.205 16.16 16.105 16.035 15.965 15.888 15.838 15.82 15.797 15.772 15.757 15.75 15.74 15.733 15.76 15.818 15.873 15.92 15.932 15.925 15.927 15.93 15.935 15.917 15.87 15.835 15.837 15.86 15.877 15.852 15.702 15.47 15.265
14.975 15.028 15.087 15.145 15.185 15.215 15.273 15.352 15.422 15.485 15.545 15.603 15.668 15.737 15.665 15.463 15.363 15.485 15.773 16.075 16.302 16.442 16.51 16.54 16.573 16.61 16.63 16.63 16.628 16.625 16.635 16.647 16.642 16.627 16.595 16.532 16.452 16.373 16.313 16.27 16.227 16.182 16.127 16.06 15.982 15.888 15.83 15.817 15.797 15.77 15.762 15.772 15.77 15.76 15.783 15.837 15.885 15.922 15.922 15.893 15.883 15.888 15.915 15.942 15.922 15.888 15.89 15.912 15.922 15.892 15.742 15.518 15.315
14.95 15.012 15.073 15.137 15.195 15.238 15.298 15.382 15.462 15.532 15.592 15.647 15.705 15.765 15.685 15.478 15.373 15.443 15.675 15.99 16.277 16.455 16.52 16.55 16.58 16.612 16.632 16.635 16.635 16.635 16.645 16.662 16.672 16.67 16.635 16.562 16.478 16.393 16.33 16.29 16.25 16.205 16.15 16.08 15.987 15.88 15.818 15.795 15.755 15.71 15.71 15.745 15.767 15.78 15.805 15.845 15.882 15.917 15.917 15.88 15.85 15.845 15.875 15.925 15.95 15.937 15.935 15.945 15.937 15.905 15.77 15.565 15.375
14.91 14.987 15.055 15.12 15.185 15.25 15.32 15.402 15.485 15.562 15.627 15.685 15.742 15.795 15.692 15.483 15.385 15.398 15.588 15.9 16.207 16.435 16.52 16.55 16.58 16.612 16.635 16.642 16.645 16.645 16.655 16.673 16.69 16.705 16.672 16.59 16.503 16.415 16.35 16.31 16.27 16.227 16.17 16.085 15.98 15.87 15.795 15.75 15.693 15.638 15.635 15.675 15.715 15.752 15.787 15.825 15.865 15.905 15.91 15.875 15.835 15.813 15.835 15.888 15.937 15.957 15.955 15.95 15.937 15.917 15.815 15.633 15.445
14.865 14.95 15.025 15.092 15.16 15.235 15.315 15.395 15.477 15.562 15.635 15.697 15.757 15.8 15.682 15.485 15.395 15.37 15.52 15.822 16.127 16.372 16.487 16.527 16.56 16.592 16.627 16.647 16.652 16.655 16.673 16.7 16.72 16.74 16.712 16.633 16.545 16.455 16.39 16.35 16.31 16.257 16.18 16.085 15.98 15.87 15.783 15.72 15.663 15.613 15.59 15.608 15.645 15.685 15.727 15.772 15.818 15.88 15.902 15.865 15.828 15.808 15.83 15.883 15.93 15.945 15.935 15.925 15.915 15.91 15.872 15.74 15.553
14.828 14.912 14.99 15.06 15.13 15.205 15.285 15.368 15.458 15.552 15.63 15.69 15.742 15.775 15.672 15.5 15.408 15.375 15.475 15.738 16.05 16.297 16.425 16.482 16.527 16.56 16.605 16.645 16.657 16.665 16.695 16.735 16.76 16.78 16.755 16.685 16.605 16.515 16.45 16.41 16.355 16.27 16.172 16.08 15.982 15.878 15.79 15.728 15.678 15.633 15.59 15.568 15.583 15.62 15.663 15.71 15.773 15.862 15.895 15.858 15.833 15.83 15.858 15.905 15.93 15.915 15.893 15.88 15.875 15.88 15.887 15.835 15.687
14.798 14.878 14.955 15.027 15.1 15.175 15.255 15.345 15.445 15.545 15.622 15.672 15.715 15.745 15.667 15.52 15.42 15.38 15.418 15.638 15.97 16.222 16.355 16.42 16.48 16.525 16.575 16.63 16.66 16.68 16.718 16.76 16.797 16.82 16.792 16.727 16.657 16.577 16.51 16.45 16.362 16.255 16.155 16.067 15.98 15.883 15.798 15.743 15.7 15.657 15.615 15.575 15.55 15.56 15.603 15.67 15.76 15.857 15.887 15.863 15.858 15.863 15.882 15.91 15.905 15.873 15.848 15.84 15.843 15.85 15.86 15.86 15.792
14.777 14.847 14.92 14.992 15.067 15.145 15.23 15.33 15.435 15.532 15.602 15.645 15.685 15.717 15.665 15.54 15.433 15.383 15.383 15.56 15.89 16.15 16.287 16.355 16.423 16.485 16.545 16.605 16.655 16.697 16.74 16.78 16.825 16.855 16.827 16.76 16.692 16.622 16.545 16.452 16.345 16.235 16.138 16.053 15.97 15.883 15.81 15.762 15.72 15.68 15.64 15.597 15.553 15.52 15.558 15.655 15.757 15.855 15.892 15.885 15.89 15.895 15.897 15.89 15.865 15.83 15.808 15.81 15.817 15.822 15.83 15.84 15.832
14.747 14.81 14.877 14.95 15.025 15.11 15.205 15.31 15.415 15.505 15.565 15.605 15.648 15.69 15.665 15.56 15.448 15.39 15.385 15.505 15.797 16.08 16.232 16.31 16.38 16.45 16.515 16.575 16.642 16.707 16.755 16.795 16.837 16.872 16.85 16.78 16.71 16.637 16.55 16.445 16.335 16.225 16.128 16.043 15.96 15.885 15.825 15.775 15.73 15.687 15.645 15.602 15.557 15.498 15.52 15.635 15.742 15.842 15.89 15.89 15.892 15.895 15.887 15.867 15.838 15.803 15.778 15.773 15.78 15.787 15.795 15.802 15.81
14.702 14.76 14.825 14.9 14.98 15.075 15.175 15.28 15.38 15.46 15.515 15.558 15.613 15.667 15.655 15.57 15.465 15.4 15.39 15.443 15.693 16.007 16.18 16.277 16.355 16.425 16.49 16.555 16.635 16.712 16.765 16.805 16.842 16.875 16.857 16.79 16.717 16.64 16.55 16.445 16.335 16.225 16.125 16.04 15.965 15.9 15.838 15.778 15.728 15.683 15.64 15.597 15.542 15.465 15.475 15.592 15.712 15.82 15.87 15.87 15.867 15.862 15.855 15.845 15.822 15.79 15.76 15.738 15.733 15.74 15.75 15.755 15.757
14.655 14.71 14.775 14.855 14.945 15.045 15.145 15.242 15.33 15.407 15.468 15.523 15.597 15.657 15.637 15.562 15.478 15.413 15.393 15.4 15.598 15.922 16.117 16.227 16.322 16.4 16.468 16.543 16.632 16.717 16.775 16.812 16.845 16.875 16.862 16.797 16.72 16.64 16.55 16.445 16.335 16.225 16.125 16.045 15.98 15.92 15.855 15.79 15.733 15.683 15.637 15.582 15.51 15.425 15.425 15.538 15.67 15.79 15.845 15.843 15.835 15.828 15.82 15.813 15.8 15.777 15.75 15.72 15.7 15.695 15.7 15.702 15.697
14.603 14.658 14.73 14.82 14.915 15.015 15.11 15.195 15.275 15.355 15.43 15.507 15.592 15.647 15.622 15.548 15.475 15.42 15.398 15.395 15.525 15.825 16.05 16.163 16.272 16.367 16.45 16.535 16.627 16.72 16.782 16.815 16.845 16.872 16.862 16.8 16.72 16.64 16.55 16.445 16.332 16.22 16.122 16.047 15.985 15.925 15.862 15.8 15.74 15.682 15.622 15.55 15.47 15.385 15.378 15.485 15.623 15.755 15.825 15.825 15.813 15.803 15.795 15.785 15.775 15.76 15.735 15.705 15.68 15.66 15.65 15.645 15.635
14.555 14.605 14.673 14.762 14.86 14.96 15.055 15.14 15.22 15.3 15.387 15.48 15.57 15.635 15.635 15.585 15.528 15.478 15.428 15.4 15.463 15.718 15.98 16.108 16.22 16.317 16.405 16.492 16.582 16.687 16.76 16.79 16.82 16.86 16.857 16.782 16.697 16.62 16.527 16.42 16.307 16.195 16.097 16.02 15.952 15.89 15.832 15.777 15.72 15.66 15.59 15.507 15.425 15.35 15.35 15.45 15.588 15.73 15.812 15.822 15.813 15.8 15.79 15.78 15.765 15.732 15.695 15.667 15.642 15.615 15.595 15.585 15.575
14.507 14.553 14.61 14.688 14.778 14.875 14.977 15.075 15.16 15.243 15.333 15.427 15.522 15.6 15.635 15.64 15.63 15.597 15.493 15.405 15.415 15.61 15.9 16.065 16.175 16.25 16.315 16.403 16.505 16.632 16.715 16.745 16.788 16.855 16.862 16.768 16.66 16.575 16.48 16.372 16.263 16.15 16.053 15.97 15.898 15.833 15.775 15.725 15.672 15.615 15.545 15.463 15.388 15.335 15.353 15.445 15.568 15.705 15.792 15.815 15.817 15.81 15.8 15.785 15.747 15.685 15.635 15.61 15.585 15.555 15.535 15.525 15.515
14.455 14.498 14.555 14.625 14.7 14.79 14.895 15.002 15.097 15.185 15.275 15.367 15.46 15.535 15.582 15.62 15.65 15.66 15.597 15.47 15.405 15.53 15.79 16.002 16.122 16.17 16.22 16.323 16.45 16.587 16.672 16.718 16.785 16.862 16.872 16.777 16.65 16.538 16.432 16.327 16.217 16.105 16.01 15.925 15.845 15.778 15.72 15.67 15.62 15.567 15.5 15.428 15.375 15.34 15.368 15.46 15.565 15.685 15.77 15.8 15.817 15.82 15.802 15.765 15.702 15.628 15.578 15.552 15.525 15.498 15.478 15.465 15.455
14.4 14.44 14.498 14.57 14.64 14.72 14.82 14.93 15.033 15.125 15.215 15.305 15.395 15.47 15.517 15.555 15.59 15.625 15.63 15.53 15.428 15.465 15.655 15.907 16.055 16.093 16.15 16.27 16.41 16.545 16.642 16.712 16.79 16.867 16.882 16.79 16.647 16.503 16.38 16.275 16.167 16.062 15.967 15.882 15.8 15.725 15.665 15.615 15.565 15.515 15.465 15.418 15.38 15.35 15.38 15.472 15.57 15.672 15.745 15.777 15.802 15.812 15.78 15.715 15.645 15.573 15.523 15.495 15.465 15.44 15.423 15.41 15.398
14.365 14.405 14.465 14.54 14.61 14.685 14.78 14.89 14.985 15.063 15.147 15.24 15.332 15.412 15.458 15.488 15.52 15.555 15.555 15.485 15.425 15.458 15.578 15.79 15.982 16.05 16.115 16.238 16.373 16.507 16.617 16.7 16.78 16.86 16.875 16.77 16.61 16.45 16.32 16.215 16.11 16.01 15.917 15.832 15.747 15.657 15.585 15.535 15.485 15.445 15.43 15.415 15.385 15.355 15.375 15.452 15.542 15.637 15.705 15.74 15.762 15.762 15.717 15.645 15.575 15.51 15.465 15.435 15.408 15.385 15.368 15.355 15.353
14.352 14.395 14.455 14.53 14.6 14.675 14.77 14.87 14.942 14.998 15.073 15.168 15.27 15.367 15.412 15.425 15.45 15.485 15.475 15.41 15.383 15.462 15.58 15.71 15.902 16.022 16.093 16.213 16.34 16.472 16.582 16.667 16.745 16.81 16.807 16.702 16.55 16.39 16.26 16.155 16.05 15.95 15.86 15.775 15.675 15.565 15.485 15.438 15.4 15.378 15.38 15.392 15.38 15.35 15.36 15.418 15.493 15.585 15.655 15.69 15.7 15.682 15.635 15.565 15.5 15.445 15.405 15.375 15.35 15.33 15.313 15.305 15.325
14.33 14.382 14.445 14.52 14.59 14.665 14.752 14.827 14.88 14.93 15 15.1 15.215 15.332 15.385 15.38 15.39 15.417 15.402 15.36 15.348 15.413 15.56 15.693 15.835 15.97 16.073 16.19 16.313 16.44 16.547 16.622 16.68 16.722 16.702 16.607 16.48 16.33 16.2 16.097 15.995 15.895 15.8 15.702 15.585 15.465 15.39 15.355 15.335 15.323 15.325 15.347 15.357 15.343 15.355 15.405 15.463 15.538 15.605 15.632 15.62 15.595 15.552 15.49 15.435 15.385 15.345 15.318 15.295 15.275 15.263 15.273 15.31
14.295 14.36 14.43 14.505 14.575 14.647 14.717 14.772 14.818 14.865 14.94 15.05 15.17 15.292 15.355 15.35 15.348 15.355 15.345 15.328 15.323 15.353 15.49 15.665 15.795 15.925 16.052 16.17 16.29 16.41 16.5 16.55 16.59 16.625 16.597 16.5 16.385 16.257 16.137 16.035 15.932 15.827 15.727 15.62 15.495 15.375 15.308 15.288 15.275 15.265 15.273 15.295 15.315 15.325 15.35 15.4 15.45 15.502 15.547 15.555 15.533 15.507 15.472 15.425 15.375 15.328 15.3 15.285 15.265 15.245 15.24 15.265 15.31
14.26 14.33 14.402 14.477 14.547 14.612 14.672 14.725 14.773 14.818 14.895 15.008 15.125 15.245 15.31 15.31 15.305 15.3 15.3 15.3 15.295 15.298 15.41 15.605 15.76 15.89 15.997 16.105 16.225 16.337 16.4 16.425 16.46 16.495 16.465 16.362 16.247 16.14 16.042 15.942 15.837 15.73 15.632 15.537 15.422 15.303 15.235 15.22 15.21 15.205 15.215 15.235 15.255 15.275 15.305 15.35 15.397 15.442 15.47 15.467 15.45 15.427 15.402 15.365 15.315 15.275 15.278 15.29 15.275 15.255 15.258 15.29 15.332
14.225 14.295 14.368 14.442 14.51 14.567 14.625 14.682 14.735 14.783 14.858 14.965 15.08 15.2 15.262 15.26 15.25 15.243 15.25 15.262 15.265 15.263 15.335 15.525 15.712 15.84 15.928 16.005 16.11 16.22 16.27 16.275 16.3 16.335 16.302 16.198 16.09 15.993 15.907 15.822 15.722 15.618 15.525 15.445 15.35 15.235 15.165 15.15 15.145 15.15 15.158 15.168 15.185 15.205 15.23 15.265 15.305 15.35 15.377 15.38 15.37 15.35 15.33 15.302 15.26 15.228 15.25 15.297 15.305 15.285 15.293 15.33 15.345
14.24 14.26 14.332 14.402 14.465 14.52 14.575 14.635 14.692 14.745 14.823 14.93 15.043 15.157 15.212 15.205 15.19 15.183 15.195 15.215 15.23 15.235 15.263 15.42 15.642 15.787 15.87 15.93 16.008 16.105 16.152 16.148 16.153 16.175 16.14 16.04 15.943 15.848 15.763 15.687 15.602 15.503 15.413 15.34 15.26 15.163 15.098 15.085 15.09 15.1 15.105 15.11 15.12 15.135 15.16 15.188 15.218 15.257 15.282 15.287 15.285 15.27 15.25 15.23 15.2 15.18 15.21 15.275 15.317 15.315 15.325 15.34 15.312
14.368 14.275 14.293 14.355 14.415 14.47 14.525 14.588 14.65 14.708 14.79 14.9 15.01 15.115 15.157 15.145 15.13 15.128 15.143 15.16 15.18 15.195 15.205 15.32 15.55 15.725 15.81 15.87 15.932 16.002 16.037 16.032 16.028 16.032 15.992 15.898 15.803 15.708 15.62 15.543 15.467 15.382 15.3 15.227 15.152 15.078 15.033 15.03 15.04 15.05 15.055 15.06 15.065 15.07 15.09 15.115 15.14 15.167 15.185 15.19 15.19 15.188 15.175 15.155 15.133 15.13 15.17 15.235 15.297 15.332 15.335 15.3 15.265
14.437 14.285 14.25 14.31 14.37 14.428 14.488 14.555 14.62 14.68 14.765 14.875 14.98 15.067 15.102 15.093 15.088 15.103 15.12 15.135 15.155 15.175 15.183 15.248 15.442 15.625 15.715 15.782 15.845 15.9 15.922 15.918 15.915 15.915 15.877 15.793 15.698 15.6 15.5 15.408 15.33 15.255 15.18 15.105 15.035 14.99 14.978 14.985 14.995 15.005 15.013 15.018 15.02 15.01 15.015 15.04 15.062 15.082 15.107 15.125 15.125 15.13 15.125 15.105 15.09 15.105 15.155 15.218 15.282 15.32 15.295 15.242 14.89
14.39 14.243 14.21 14.27 14.33 14.393 14.46 14.532 14.6 14.663 14.75 14.855 14.942 15.01 15.047 15.048 15.068 15.112 15.135 15.148 15.165 15.185 15.183 15.185 15.313 15.477 15.575 15.66 15.73 15.785 15.807 15.805 15.805 15.807 15.78 15.712 15.625 15.525 15.415 15.3 15.203 15.123 15.048 14.983 14.943 14.93 14.935 14.945 14.955 14.968 14.98 14.985 14.97 14.938 14.933 14.955 14.97 14.985 15.027 15.077 15.095 15.1 15.095 15.08 15.083 15.113 15.165 15.227 15.272 15.27 15.225 15.005 14.533
14.353 14.2 14.173 14.23 14.29 14.355 14.427 14.505 14.577 14.645 14.732 14.822 14.89 14.95 14.992 15.015 15.065 15.127 15.155 15.165 15.178 15.195 15.187 15.15 15.195 15.315 15.42 15.52 15.607 15.67 15.692 15.693 15.698 15.705 15.68 15.617 15.545 15.455 15.342 15.218 15.1 15 14.93 14.898 14.89 14.89 14.895 14.905 14.918 14.935 14.947 14.937 14.897 14.855 14.848 14.86 14.868 14.878 14.92 14.99 15.042 15.065 15.065 15.068 15.093 15.128 15.175 15.22 15.225 15.2 15.135 14.715 14.663
14.345 14.17 14.138 14.195 14.255 14.318 14.39 14.47 14.547 14.622 14.7 14.77 14.83 14.89 14.945 15.002 15.072 15.14 15.175 15.185 15.195 15.207 15.197 15.155 15.155 15.225 15.313 15.4 15.485 15.553 15.58 15.585 15.595 15.602 15.575 15.513 15.45 15.375 15.27 15.153 15.038 14.928 14.868 14.858 14.853 14.85 14.855 14.868 14.885 14.902 14.9 14.865 14.815 14.773 14.758 14.76 14.763 14.773 14.815 14.883 14.953 15.012 15.045 15.07 15.105 15.14 15.167 15.172 15.155 15.13 14.785 14.618 15.065
14.355 14.165 14.123 14.18 14.238 14.288 14.35 14.427 14.505 14.58 14.645 14.705 14.767 14.827 14.89 14.965 15.045 15.137 15.195 15.205 15.215 15.225 15.217 15.175 15.155 15.215 15.3 15.37 15.44 15.5 15.528 15.533 15.538 15.53 15.49 15.433 15.375 15.305 15.222 15.125 15.018 14.913 14.855 14.845 14.835 14.823 14.82 14.835 14.855 14.87 14.852 14.805 14.76 14.725 14.703 14.695 14.693 14.7 14.743 14.81 14.885 14.965 15.025 15.062 15.097 15.117 15.112 15.095 15.082 14.835 14.511 14.878 15.36
14.365 14.175 14.133 14.187 14.23 14.255 14.305 14.38 14.45 14.517 14.58 14.64 14.702 14.76 14.82 14.898 15 15.132 15.21 15.22 15.233 15.245 15.242 15.195 15.13 15.2 15.33 15.4 15.465 15.515 15.535 15.535 15.525 15.495 15.445 15.388 15.327 15.255 15.185 15.112 15.02 14.915 14.855 14.845 14.83 14.805 14.795 14.807 14.822 14.832 14.812 14.768 14.738 14.72 14.693 14.67 14.663 14.673 14.715 14.783 14.858 14.935 14.995 15.035 15.057 15.05 15.038 15.037 14.962 14.618 14.745 15.255 15.405
