EGM722_Project_Data/DTM_asc/TL4657.asc
ncols         200
nrows         200
xllcorner     546000.000
yllcorner     257000.000
cellsize      5
NODATA_value  -9999.0
[rows 32 to 63 of 200, columns 0 to 72 of 200]
15.205 15.19 15.175 15.167 15.162 15.16 15.155 15.15 15.145 15.13 15.13 15.153 15.175 15.198 15.22 15.243 15.265 15.29 15.305 15.288 15.295 15.315 15.282 15.222 15.16 15.1 15.073 15.083 15.103 15.125 15.155 15.18 15.203 15.24 15.268 15.298 15.345 15.397 15.422 15.338 15.225 15.23 15.313 15.408 15.497 15.56 15.595 15.545 15.398 15.4 15.565 15.697 15.795 15.88 15.937 15.937 15.895 15.837 15.758 15.668 15.595 15.535 15.51 15.517 15.51 15.495 15.483 15.508 15.57 15.61 15.627 15.637 15.645
15.235 15.22 15.205 15.187 15.177 15.18 15.177 15.172 15.165 15.148 15.138 15.15 15.17 15.193 15.217 15.24 15.26 15.283 15.305 15.328 15.365 15.372 15.325 15.262 15.2 15.14 15.108 15.113 15.128 15.153 15.205 15.243 15.245 15.25 15.268 15.31 15.365 15.417 15.472 15.447 15.3 15.225 15.283 15.36 15.438 15.49 15.517 15.512 15.433 15.453 15.592 15.692 15.777 15.862 15.935 15.957 15.935 15.89 15.822 15.75 15.685 15.625 15.59 15.58 15.565 15.55 15.537 15.542 15.565 15.583 15.595 15.603 15.607
15.255 15.24 15.222 15.19 15.175 15.192 15.2 15.195 15.187 15.172 15.153 15.153 15.17 15.19 15.213 15.237 15.26 15.285 15.328 15.382 15.43 15.42 15.36 15.298 15.235 15.175 15.14 15.145 15.165 15.205 15.275 15.342 15.357 15.333 15.32 15.338 15.38 15.43 15.485 15.507 15.425 15.32 15.32 15.38 15.438 15.465 15.463 15.463 15.445 15.488 15.59 15.672 15.755 15.835 15.895 15.922 15.932 15.917 15.87 15.807 15.748 15.7 15.65 15.608 15.587 15.572 15.56 15.553 15.57 15.588 15.583 15.575 15.573
15.275 15.26 15.237 15.195 15.17 15.19 15.212 15.215 15.21 15.195 15.17 15.158 15.168 15.19 15.21 15.235 15.268 15.308 15.36 15.432 15.487 15.465 15.4 15.335 15.27 15.208 15.173 15.178 15.21 15.273 15.348 15.425 15.47 15.46 15.43 15.41 15.41 15.44 15.49 15.517 15.497 15.415 15.383 15.437 15.49 15.502 15.475 15.45 15.44 15.483 15.565 15.645 15.72 15.78 15.815 15.84 15.87 15.885 15.875 15.842 15.803 15.775 15.717 15.635 15.588 15.568 15.555 15.573 15.638 15.667 15.645 15.623 15.603
15.29 15.28 15.252 15.205 15.17 15.18 15.21 15.227 15.23 15.217 15.193 15.17 15.168 15.188 15.213 15.245 15.29 15.343 15.395 15.48 15.54 15.505 15.438 15.372 15.307 15.243 15.208 15.22 15.27 15.345 15.422 15.497 15.557 15.57 15.547 15.522 15.495 15.487 15.502 15.512 15.517 15.487 15.463 15.495 15.545 15.557 15.527 15.49 15.455 15.468 15.535 15.61 15.665 15.7 15.728 15.755 15.79 15.825 15.85 15.86 15.865 15.86 15.8 15.7 15.613 15.565 15.568 15.648 15.755 15.782 15.76 15.722 15.665
15.292 15.297 15.267 15.22 15.188 15.193 15.215 15.235 15.25 15.242 15.218 15.193 15.175 15.19 15.23 15.275 15.325 15.377 15.43 15.53 15.592 15.545 15.475 15.41 15.345 15.278 15.245 15.275 15.337 15.395 15.447 15.502 15.555 15.58 15.572 15.552 15.527 15.505 15.492 15.492 15.5 15.507 15.507 15.532 15.585 15.597 15.567 15.53 15.487 15.465 15.498 15.555 15.595 15.63 15.668 15.705 15.748 15.785 15.807 15.825 15.855 15.882 15.842 15.75 15.655 15.578 15.615 15.77 15.885 15.887 15.84 15.772 15.687
15.278 15.305 15.293 15.263 15.245 15.248 15.263 15.28 15.292 15.28 15.253 15.228 15.205 15.21 15.253 15.305 15.355 15.405 15.47 15.58 15.627 15.57 15.5 15.435 15.37 15.3 15.258 15.275 15.32 15.352 15.382 15.422 15.47 15.505 15.51 15.495 15.475 15.455 15.445 15.45 15.457 15.462 15.472 15.51 15.555 15.565 15.555 15.532 15.495 15.458 15.465 15.513 15.555 15.6 15.645 15.69 15.727 15.747 15.76 15.77 15.79 15.83 15.812 15.727 15.648 15.59 15.685 15.91 16.01 15.955 15.87 15.788 15.703
15.305 15.322 15.337 15.34 15.328 15.325 15.34 15.357 15.352 15.325 15.298 15.275 15.258 15.25 15.273 15.32 15.37 15.438 15.522 15.602 15.617 15.56 15.492 15.427 15.36 15.292 15.235 15.208 15.215 15.245 15.285 15.33 15.38 15.425 15.44 15.43 15.417 15.4 15.39 15.393 15.395 15.395 15.408 15.442 15.467 15.47 15.475 15.472 15.457 15.433 15.445 15.497 15.542 15.587 15.632 15.67 15.69 15.7 15.71 15.72 15.733 15.76 15.742 15.673 15.623 15.605 15.73 16 16.197 16.295 16.098 15.813 15.73
15.342 15.338 15.37 15.41 15.412 15.408 15.417 15.425 15.405 15.37 15.345 15.328 15.315 15.303 15.3 15.33 15.39 15.467 15.535 15.577 15.58 15.532 15.467 15.4 15.333 15.268 15.205 15.16 15.148 15.17 15.205 15.245 15.293 15.34 15.365 15.36 15.36 15.368 15.368 15.348 15.328 15.325 15.34 15.362 15.37 15.373 15.378 15.38 15.382 15.38 15.413 15.477 15.527 15.572 15.612 15.632 15.64 15.65 15.66 15.67 15.68 15.695 15.685 15.653 15.635 15.628 15.683 15.863 16.262 16.682 16.67 16.378 15.983
15.337 15.335 15.375 15.437 15.477 15.487 15.492 15.487 15.455 15.417 15.392 15.377 15.365 15.352 15.34 15.35 15.4 15.46 15.502 15.535 15.545 15.507 15.44 15.373 15.308 15.248 15.22 15.223 15.213 15.2 15.21 15.24 15.275 15.308 15.33 15.338 15.355 15.383 15.402 15.383 15.333 15.293 15.275 15.275 15.278 15.285 15.29 15.293 15.3 15.308 15.358 15.447 15.512 15.552 15.577 15.587 15.593 15.6 15.61 15.62 15.63 15.655 15.663 15.643 15.63 15.62 15.613 15.658 15.913 16.492 17.064 17.217 16.96
15.32 15.328 15.375 15.44 15.502 15.547 15.56 15.53 15.472 15.427 15.41 15.402 15.39 15.38 15.367 15.358 15.38 15.427 15.465 15.495 15.512 15.48 15.413 15.348 15.29 15.278 15.325 15.375 15.372 15.325 15.3 15.318 15.34 15.36 15.365 15.37 15.393 15.418 15.45 15.465 15.422 15.35 15.293 15.258 15.233 15.215 15.213 15.22 15.228 15.235 15.295 15.405 15.485 15.518 15.53 15.54 15.545 15.55 15.56 15.57 15.598 15.66 15.68 15.635 15.603 15.59 15.59 15.603 15.615 15.925 16.365 17.125 17.826
15.29 15.315 15.375 15.443 15.51 15.575 15.587 15.53 15.453 15.403 15.395 15.4 15.395 15.385 15.372 15.353 15.358 15.392 15.422 15.45 15.475 15.452 15.388 15.333 15.323 15.38 15.465 15.53 15.537 15.475 15.41 15.4 15.422 15.437 15.427 15.418 15.43 15.455 15.487 15.52 15.515 15.46 15.395 15.34 15.285 15.235 15.205 15.183 15.163 15.168 15.245 15.385 15.497 15.523 15.5 15.493 15.495 15.5 15.51 15.538 15.603 15.69 15.715 15.658 15.598 15.57 15.573 15.587 15.597 15.605 15.616 16.178 16.788
15.263 15.308 15.375 15.445 15.515 15.582 15.592 15.52 15.43 15.38 15.375 15.385 15.39 15.387 15.377 15.352 15.338 15.353 15.378 15.405 15.435 15.422 15.375 15.37 15.428 15.512 15.597 15.677 15.7 15.64 15.553 15.503 15.508 15.51 15.49 15.473 15.473 15.493 15.523 15.56 15.585 15.562 15.505 15.45 15.395 15.34 15.287 15.23 15.175 15.158 15.25 15.425 15.572 15.602 15.55 15.513 15.488 15.465 15.48 15.548 15.635 15.725 15.747 15.692 15.628 15.58 15.565 15.573 15.58 15.585 15.595 15.605 15.616
15.248 15.302 15.37 15.44 15.507 15.572 15.592 15.522 15.418 15.363 15.36 15.37 15.38 15.385 15.372 15.34 15.315 15.32 15.343 15.368 15.395 15.405 15.415 15.467 15.542 15.615 15.69 15.76 15.785 15.747 15.682 15.625 15.595 15.577 15.555 15.533 15.52 15.53 15.56 15.597 15.632 15.645 15.61 15.55 15.49 15.43 15.37 15.307 15.24 15.2 15.295 15.487 15.657 15.71 15.66 15.61 15.555 15.493 15.503 15.588 15.673 15.76 15.785 15.735 15.678 15.625 15.585 15.568 15.563 15.565 15.575 15.585 15.598
15.235 15.287 15.347 15.412 15.477 15.54 15.565 15.515 15.415 15.355 15.355 15.365 15.375 15.375 15.352 15.318 15.298 15.305 15.325 15.345 15.368 15.4 15.452 15.517 15.582 15.645 15.7 15.745 15.765 15.745 15.705 15.662 15.627 15.607 15.602 15.595 15.575 15.573 15.6 15.632 15.647 15.657 15.66 15.622 15.557 15.492 15.427 15.362 15.288 15.238 15.335 15.537 15.73 15.81 15.765 15.705 15.637 15.56 15.56 15.64 15.72 15.79 15.82 15.792 15.74 15.69 15.643 15.608 15.588 15.58 15.578 15.58 15.595
15.215 15.263 15.313 15.37 15.433 15.497 15.525 15.492 15.418 15.365 15.36 15.365 15.375 15.365 15.332 15.298 15.28 15.29 15.313 15.335 15.355 15.388 15.443 15.505 15.565 15.62 15.66 15.695 15.715 15.695 15.655 15.62 15.603 15.595 15.59 15.59 15.59 15.6 15.615 15.617 15.602 15.6 15.63 15.645 15.61 15.547 15.482 15.412 15.328 15.275 15.373 15.577 15.78 15.882 15.847 15.775 15.7 15.62 15.62 15.7 15.76 15.79 15.82 15.837 15.81 15.76 15.715 15.683 15.663 15.65 15.628 15.603 15.605
15.193 15.238 15.283 15.333 15.39 15.452 15.482 15.46 15.415 15.385 15.375 15.37 15.37 15.35 15.312 15.275 15.255 15.27 15.3 15.325 15.345 15.375 15.427 15.485 15.532 15.572 15.608 15.645 15.667 15.647 15.605 15.58 15.578 15.575 15.558 15.54 15.54 15.557 15.562 15.542 15.523 15.533 15.57 15.607 15.622 15.595 15.535 15.455 15.365 15.313 15.408 15.612 15.8 15.882 15.855 15.805 15.75 15.68 15.675 15.73 15.75 15.755 15.785 15.832 15.855 15.827 15.783 15.76 15.753 15.742 15.71 15.663 15.633
15.173 15.217 15.258 15.3 15.353 15.41 15.437 15.42 15.4 15.39 15.382 15.375 15.357 15.325 15.285 15.243 15.218 15.233 15.267 15.297 15.325 15.357 15.4 15.445 15.485 15.52 15.555 15.595 15.62 15.602 15.563 15.548 15.552 15.552 15.54 15.518 15.495 15.485 15.48 15.465 15.45 15.465 15.505 15.54 15.575 15.597 15.57 15.495 15.405 15.35 15.443 15.63 15.772 15.817 15.795 15.77 15.74 15.705 15.713 15.745 15.753 15.76 15.783 15.82 15.858 15.87 15.855 15.845 15.845 15.835 15.8 15.75 15.703
15.157 15.202 15.238 15.278 15.323 15.372 15.395 15.385 15.383 15.382 15.377 15.37 15.34 15.293 15.25 15.205 15.17 15.178 15.212 15.247 15.282 15.312 15.347 15.392 15.432 15.468 15.505 15.545 15.57 15.555 15.528 15.523 15.525 15.527 15.52 15.5 15.478 15.47 15.468 15.45 15.438 15.415 15.415 15.45 15.485 15.52 15.517 15.472 15.415 15.38 15.455 15.597 15.702 15.745 15.735 15.71 15.685 15.688 15.742 15.8 15.82 15.83 15.848 15.873 15.895 15.935 15.978 15.99 15.98 15.945 15.895 15.848 15.808
15.142 15.187 15.225 15.265 15.303 15.342 15.365 15.365 15.37 15.375 15.37 15.352 15.31 15.258 15.212 15.165 15.123 15.123 15.157 15.192 15.222 15.245 15.28 15.33 15.375 15.415 15.455 15.495 15.52 15.51 15.495 15.495 15.498 15.502 15.5 15.485 15.475 15.5 15.515 15.498 15.49 15.448 15.373 15.35 15.378 15.4 15.39 15.365 15.355 15.365 15.42 15.523 15.617 15.667 15.675 15.657 15.635 15.66 15.757 15.86 15.907 15.92 15.94 15.965 16 16.07 16.152 16.182 16.142 16.067 16 15.955 15.93
15.13 15.173 15.215 15.252 15.288 15.322 15.347 15.355 15.36 15.365 15.36 15.33 15.275 15.223 15.175 15.128 15.083 15.073 15.102 15.132 15.157 15.18 15.213 15.26 15.31 15.36 15.405 15.445 15.472 15.472 15.465 15.468 15.473 15.475 15.475 15.475 15.498 15.545 15.562 15.553 15.55 15.537 15.453 15.34 15.293 15.285 15.285 15.288 15.305 15.34 15.388 15.46 15.532 15.575 15.597 15.6 15.59 15.638 15.755 15.88 15.975 16.015 16.033 16.073 16.14 16.207 16.262 16.285 16.252 16.18 16.11 16.078 16.075
15.125 15.16 15.2 15.238 15.272 15.305 15.335 15.35 15.352 15.355 15.345 15.302 15.245 15.193 15.14 15.093 15.045 15.025 15.045 15.07 15.092 15.115 15.155 15.213 15.268 15.325 15.375 15.41 15.433 15.44 15.44 15.445 15.453 15.455 15.458 15.48 15.537 15.595 15.612 15.61 15.61 15.61 15.572 15.45 15.298 15.23 15.245 15.275 15.305 15.34 15.383 15.43 15.47 15.495 15.515 15.533 15.553 15.628 15.753 15.878 16 16.087 16.127 16.167 16.217 16.247 16.265 16.28 16.28 16.25 16.212 16.205 16.215
15.133 15.168 15.2 15.228 15.255 15.288 15.322 15.342 15.345 15.34 15.315 15.263 15.22 15.185 15.133 15.078 15.023 14.98 14.978 15 15.017 15.045 15.11 15.197 15.27 15.33 15.382 15.413 15.423 15.428 15.433 15.438 15.445 15.453 15.458 15.495 15.572 15.635 15.655 15.657 15.66 15.662 15.657 15.572 15.383 15.26 15.258 15.28 15.31 15.343 15.38 15.412 15.433 15.448 15.463 15.483 15.543 15.653 15.778 15.903 16.028 16.13 16.177 16.187 16.198 16.213 16.23 16.247 16.257 16.255 16.25 16.255 16.265
15.155 15.195 15.222 15.238 15.255 15.28 15.308 15.327 15.33 15.31 15.268 15.223 15.208 15.197 15.155 15.093 15.03 14.963 14.92 14.92 14.933 14.983 15.075 15.18 15.275 15.347 15.405 15.435 15.44 15.44 15.44 15.443 15.448 15.455 15.463 15.508 15.582 15.62 15.625 15.63 15.635 15.64 15.645 15.617 15.472 15.323 15.29 15.3 15.323 15.35 15.38 15.4 15.413 15.43 15.45 15.48 15.575 15.715 15.843 15.968 16.092 16.17 16.182 16.178 16.18 16.188 16.195 16.21 16.227 16.235 16.233 16.235 16.25
15.185 15.225 15.25 15.265 15.28 15.295 15.313 15.322 15.305 15.267 15.228 15.203 15.203 15.202 15.175 15.117 15.047 14.965 14.898 14.865 14.87 14.94 15.045 15.15 15.255 15.35 15.422 15.452 15.455 15.455 15.453 15.453 15.455 15.458 15.47 15.512 15.55 15.548 15.538 15.54 15.545 15.548 15.558 15.585 15.522 15.388 15.335 15.338 15.345 15.365 15.387 15.4 15.413 15.43 15.45 15.505 15.63 15.785 15.92 16.045 16.157 16.2 16.19 16.185 16.185 16.185 16.183 16.185 16.195 16.208 16.212 16.218 16.242
15.215 15.252 15.277 15.293 15.307 15.322 15.327 15.317 15.285 15.218 15.19 15.202 15.2 15.2 15.185 15.14 15.06 14.963 14.895 14.863 14.87 14.943 15.045 15.148 15.25 15.353 15.437 15.472 15.475 15.473 15.47 15.47 15.468 15.465 15.473 15.495 15.508 15.503 15.488 15.468 15.455 15.45 15.47 15.515 15.527 15.447 15.38 15.38 15.38 15.387 15.4 15.41 15.42 15.432 15.455 15.54 15.69 15.852 15.997 16.117 16.205 16.225 16.21 16.203 16.198 16.193 16.188 16.185 16.183 16.185 16.19 16.205 16.24
15.242 15.277 15.305 15.32 15.33 15.332 15.32 15.3 15.272 15.158 15.113 15.192 15.212 15.203 15.195 15.157 15.068 14.97 14.918 14.9 14.913 14.98 15.08 15.18 15.277 15.372 15.455 15.502 15.515 15.513 15.508 15.505 15.5 15.495 15.488 15.488 15.5 15.502 15.48 15.44 15.405 15.385 15.398 15.44 15.49 15.47 15.425 15.42 15.405 15.395 15.39 15.39 15.402 15.417 15.455 15.562 15.717 15.88 16.047 16.172 16.24 16.252 16.235 16.225 16.215 16.205 16.198 16.193 16.188 16.185 16.188 16.207 16.232
15.265 15.305 15.332 15.34 15.335 15.32 15.3 15.282 15.247 15.078 14.998 15.12 15.205 15.225 15.212 15.175 15.098 15.018 14.975 14.955 14.958 15.02 15.117 15.212 15.305 15.395 15.472 15.525 15.555 15.565 15.56 15.555 15.55 15.532 15.505 15.5 15.515 15.507 15.475 15.44 15.41 15.385 15.375 15.388 15.423 15.445 15.43 15.407 15.39 15.377 15.36 15.34 15.34 15.355 15.403 15.515 15.678 15.88 16.09 16.217 16.272 16.282 16.26 16.245 16.235 16.225 16.218 16.21 16.203 16.197 16.19 16.19 16.19
15.28 15.325 15.335 15.315 15.292 15.267 15.242 15.22 15.172 14.973 14.873 14.998 15.123 15.215 15.245 15.22 15.165 15.1 15.05 15.023 15.01 15.055 15.145 15.235 15.325 15.415 15.487 15.535 15.575 15.605 15.61 15.605 15.6 15.557 15.505 15.505 15.525 15.512 15.48 15.455 15.435 15.415 15.395 15.38 15.38 15.392 15.385 15.365 15.36 15.355 15.335 15.305 15.283 15.273 15.303 15.43 15.648 15.915 16.147 16.26 16.305 16.317 16.293 16.27 16.26 16.25 16.243 16.235 16.222 16.205 16.175 16.14 16.118
15.28 15.327 15.325 15.278 15.23 15.183 15.138 15.1 15.06 14.91 14.85 14.985 15.1 15.192 15.262 15.272 15.235 15.18 15.13 15.095 15.075 15.105 15.18 15.26 15.345 15.435 15.505 15.547 15.585 15.625 15.65 15.655 15.64 15.572 15.505 15.505 15.527 15.525 15.507 15.49 15.47 15.45 15.427 15.405 15.375 15.353 15.348 15.342 15.337 15.33 15.31 15.28 15.25 15.22 15.245 15.413 15.688 15.98 16.2 16.297 16.34 16.355 16.327 16.298 16.285 16.275 16.265 16.25 16.227 16.197 16.155 16.105 16.063
15.275 15.325 15.322 15.275 15.215 15.15 15.088 15.03 14.985 14.925 14.935 15.037 15.122 15.185 15.242 15.282 15.282 15.245 15.2 15.16 15.143 15.173 15.235 15.305 15.38 15.46 15.522 15.562 15.598 15.635 15.672 15.697 15.667 15.575 15.505 15.505 15.53 15.54 15.532 15.517 15.502 15.485 15.457 15.42 15.37 15.333 15.323 15.318 15.312 15.302 15.28 15.25 15.22 15.213 15.285 15.475 15.745 16.037 16.242 16.322 16.365 16.382 16.36 16.325 16.305 16.292 16.272 16.242 16.207 16.172 16.137 16.092 16.04
15.275 15.325 15.317 15.28 15.23 15.167 15.103 15.035 14.983 14.96 14.975 15.025 15.087 15.15 15.207 15.26 15.297 15.295 15.257 15.218 15.21 15.243 15.3 15.37 15.44 15.5 15.543 15.58 15.617 15.65 15.667 15.67 15.647 15.572 15.505 15.505 15.53 15.547 15.547 15.533 15.52 15.487 15.447 15.405 15.345 15.308 15.298 15.293 15.29 15.277 15.25 15.22 15.215 15.258 15.38 15.58 15.815 16.085 16.272 16.33 16.36 16.375 16.365 16.34 16.312 16.285 16.25 16.21 16.17 16.133 16.107 16.08 16.035
