EGM722_Project_Data/DTM_asc/TL4659.asc
ncols         200
nrows         200
xllcorner     546000.000
yllcorner     259000.000
cellsize      5
NODATA_value  -9999.0
[rows 70 to 104 of 200, columns 0 to 77 of 200]
7.552 7.5 7.45 7.397 7.345 7.307 7.29 7.265 7.21 7.138 7.085 7.07 7.065 7.048 7.038 7.05 7.068 7.082 7.077 7.06 7.055 7.05 7.048 7.055 7.06 7.068 7.095 7.13 7.16 7.193 7.23 7.265 7.295 7.325 7.34 7.342 7.337 7.337 7.355 7.375 7.408 7.468 7.573 7.713 7.86 8.005 8.11 8.177 8.245 8.31 8.345 8.355 8.373 8.412 8.435 8.405 8.353 8.288 8.205 8.12 8.037 7.947 7.85 7.742 7.625 7.508 7.39 7.255 7.11 6.97 6.843 6.76 6.712 6.667 6.622 6.577 6.532 6.485
7.405 7.355 7.305 7.253 7.218 7.213 7.238 7.275 7.277 7.23 7.173 7.15 7.14 7.1 7.073 7.095 7.122 7.137 7.12 7.083 7.068 7.063 7.058 7.058 7.06 7.065 7.093 7.132 7.167 7.2 7.245 7.297 7.337 7.367 7.382 7.38 7.35 7.333 7.35 7.388 7.455 7.543 7.658 7.8 7.945 8.075 8.155 8.193 8.245 8.31 8.345 8.36 8.398 8.46 8.517 8.537 8.495 8.387 8.255 8.133 8.03 7.94 7.85 7.752 7.64 7.523 7.402 7.262 7.113 6.97 6.845 6.763 6.71 6.662 6.615 6.567 6.52 6.48
7.245 7.195 7.153 7.128 7.128 7.143 7.178 7.232 7.28 7.295 7.26 7.227 7.197 7.128 7.095 7.127 7.167 7.19 7.17 7.125 7.09 7.075 7.072 7.068 7.065 7.068 7.09 7.13 7.17 7.208 7.255 7.315 7.367 7.407 7.42 7.395 7.348 7.333 7.373 7.445 7.538 7.63 7.745 7.885 8.015 8.13 8.207 8.235 8.258 8.305 8.345 8.38 8.443 8.515 8.575 8.605 8.57 8.457 8.312 8.172 8.045 7.935 7.84 7.75 7.652 7.54 7.412 7.267 7.115 6.97 6.853 6.765 6.698 6.645 6.595 6.545 6.498 6.473
7.115 7.063 7.04 7.05 7.065 7.083 7.123 7.178 7.233 7.287 7.31 7.285 7.222 7.135 7.103 7.135 7.177 7.217 7.212 7.167 7.123 7.095 7.088 7.083 7.08 7.08 7.098 7.138 7.18 7.215 7.26 7.32 7.377 7.43 7.437 7.392 7.34 7.35 7.433 7.527 7.622 7.718 7.83 7.955 8.07 8.18 8.257 8.285 8.293 8.315 8.358 8.415 8.485 8.55 8.585 8.575 8.532 8.437 8.305 8.175 8.04 7.912 7.812 7.727 7.642 7.547 7.422 7.27 7.115 6.972 6.86 6.768 6.683 6.62 6.57 6.52 6.483 6.462
7.028 6.97 6.963 6.98 6.997 7.028 7.078 7.135 7.193 7.25 7.307 7.29 7.197 7.105 7.058 7.075 7.128 7.205 7.23 7.185 7.14 7.113 7.108 7.108 7.105 7.105 7.123 7.163 7.2 7.22 7.255 7.315 7.375 7.43 7.435 7.387 7.34 7.383 7.497 7.6 7.7 7.8 7.898 8 8.107 8.215 8.287 8.307 8.315 8.328 8.368 8.432 8.495 8.532 8.525 8.495 8.462 8.38 8.25 8.12 7.988 7.863 7.763 7.68 7.6 7.5 7.375 7.232 7.08 6.942 6.842 6.765 6.677 6.598 6.54 6.498 6.467 6.437
6.945 6.89 6.885 6.895 6.915 6.958 7.03 7.105 7.17 7.23 7.287 7.26 7.155 7.055 6.975 6.98 7.068 7.177 7.222 7.185 7.145 7.123 7.125 7.135 7.135 7.135 7.155 7.192 7.215 7.223 7.25 7.305 7.365 7.42 7.425 7.383 7.348 7.41 7.55 7.67 7.78 7.887 7.968 8.038 8.133 8.24 8.305 8.315 8.318 8.325 8.363 8.425 8.467 8.467 8.442 8.415 8.385 8.315 8.195 8.065 7.93 7.805 7.708 7.622 7.525 7.395 7.27 7.152 7.01 6.878 6.788 6.725 6.655 6.58 6.518 6.475 6.44 6.398
6.858 6.815 6.813 6.813 6.828 6.875 6.96 7.055 7.14 7.21 7.262 7.23 7.125 7.03 6.948 6.953 7.048 7.155 7.207 7.188 7.16 7.138 7.135 7.152 7.162 7.165 7.183 7.21 7.22 7.225 7.248 7.295 7.355 7.41 7.417 7.385 7.36 7.425 7.577 7.725 7.86 7.977 8.05 8.095 8.165 8.265 8.322 8.325 8.325 8.328 8.358 8.4 8.407 8.385 8.36 8.335 8.305 8.247 8.14 8.007 7.87 7.745 7.65 7.552 7.422 7.275 7.155 7.057 6.932 6.808 6.723 6.66 6.6 6.545 6.492 6.44 6.395 6.353
6.773 6.745 6.745 6.74 6.745 6.793 6.883 6.985 7.085 7.175 7.235 7.212 7.13 7.058 7 7.008 7.08 7.165 7.21 7.2 7.177 7.153 7.148 7.165 7.18 7.193 7.207 7.218 7.223 7.228 7.245 7.29 7.348 7.4 7.415 7.398 7.38 7.438 7.585 7.742 7.897 8.037 8.125 8.172 8.223 8.295 8.34 8.34 8.337 8.335 8.345 8.347 8.328 8.303 8.278 8.253 8.225 8.18 8.085 7.95 7.813 7.688 7.577 7.452 7.305 7.155 7.035 6.945 6.842 6.738 6.66 6.605 6.555 6.51 6.462 6.405 6.353 6.308
6.725 6.703 6.698 6.69 6.688 6.735 6.835 6.945 7.053 7.158 7.232 7.235 7.187 7.13 7.08 7.093 7.157 7.212 7.23 7.215 7.193 7.17 7.17 7.19 7.208 7.228 7.238 7.235 7.24 7.245 7.263 7.308 7.363 7.412 7.43 7.418 7.4 7.45 7.59 7.748 7.905 8.062 8.167 8.222 8.275 8.327 8.352 8.347 8.342 8.335 8.317 8.288 8.255 8.228 8.2 8.175 8.15 8.105 8.017 7.892 7.757 7.62 7.48 7.335 7.185 7.035 6.915 6.825 6.74 6.673 6.62 6.575 6.533 6.49 6.44 6.38 6.323 6.268
6.738 6.705 6.695 6.688 6.7 6.758 6.855 6.97 7.083 7.185 7.252 7.267 7.25 7.207 7.16 7.175 7.23 7.252 7.247 7.23 7.208 7.195 7.208 7.233 7.255 7.275 7.28 7.27 7.268 7.273 7.298 7.345 7.395 7.442 7.46 7.445 7.433 7.483 7.608 7.755 7.91 8.07 8.18 8.24 8.292 8.332 8.347 8.34 8.33 8.317 8.287 8.243 8.2 8.165 8.135 8.107 8.07 8.01 7.93 7.827 7.702 7.555 7.393 7.228 7.068 6.915 6.795 6.718 6.66 6.623 6.595 6.56 6.517 6.472 6.417 6.355 6.298 6.243
6.78 6.733 6.718 6.73 6.778 6.842 6.922 7.022 7.125 7.215 7.262 7.277 7.285 7.27 7.238 7.247 7.277 7.272 7.26 7.245 7.228 7.23 7.253 7.278 7.302 7.322 7.325 7.313 7.303 7.303 7.33 7.377 7.422 7.467 7.487 7.483 7.49 7.548 7.66 7.793 7.933 8.08 8.192 8.252 8.29 8.322 8.335 8.323 8.308 8.292 8.26 8.21 8.16 8.115 8.075 8.03 7.967 7.895 7.82 7.735 7.637 7.505 7.335 7.155 6.978 6.808 6.695 6.648 6.615 6.585 6.562 6.537 6.5 6.452 6.395 6.335 6.283 6.235
6.83 6.768 6.753 6.792 6.847 6.902 6.97 7.055 7.15 7.23 7.265 7.28 7.295 7.302 7.3 7.3 7.3 7.285 7.27 7.257 7.255 7.273 7.3 7.325 7.35 7.367 7.365 7.352 7.34 7.34 7.368 7.408 7.448 7.493 7.52 7.535 7.56 7.618 7.725 7.855 7.982 8.095 8.19 8.252 8.285 8.317 8.327 8.308 8.288 8.267 8.233 8.185 8.138 8.092 8.02 7.93 7.852 7.78 7.705 7.625 7.545 7.442 7.29 7.11 6.928 6.748 6.64 6.605 6.575 6.545 6.523 6.505 6.48 6.438 6.388 6.338 6.29 6.248
6.898 6.82 6.79 6.825 6.87 6.915 6.983 7.072 7.167 7.245 7.285 7.303 7.318 7.332 7.33 7.305 7.285 7.272 7.257 7.26 7.293 7.33 7.358 7.383 7.405 7.407 7.395 7.38 7.373 7.39 7.423 7.458 7.495 7.54 7.58 7.608 7.635 7.683 7.775 7.892 7.992 8.062 8.14 8.227 8.282 8.315 8.322 8.302 8.277 8.248 8.217 8.182 8.138 8.095 7.992 7.835 7.728 7.662 7.59 7.507 7.42 7.33 7.222 7.075 6.9 6.723 6.608 6.565 6.535 6.51 6.508 6.52 6.513 6.468 6.408 6.358 6.313 6.27
6.977 6.888 6.833 6.838 6.87 6.915 6.988 7.082 7.175 7.255 7.312 7.345 7.362 7.377 7.35 7.283 7.245 7.232 7.218 7.25 7.337 7.4 7.425 7.445 7.45 7.432 7.413 7.403 7.415 7.45 7.488 7.525 7.568 7.618 7.665 7.697 7.717 7.74 7.792 7.87 7.935 7.985 8.055 8.167 8.267 8.315 8.32 8.297 8.267 8.23 8.205 8.187 8.152 8.107 7.987 7.778 7.615 7.535 7.46 7.37 7.275 7.18 7.1 7.007 6.867 6.695 6.573 6.525 6.503 6.505 6.548 6.605 6.607 6.545 6.468 6.4 6.343 6.293
7.045 6.953 6.893 6.873 6.878 6.92 6.998 7.087 7.175 7.257 7.322 7.372 7.405 7.42 7.375 7.273 7.208 7.188 7.19 7.255 7.37 7.455 7.49 7.495 7.475 7.45 7.435 7.443 7.475 7.515 7.555 7.598 7.65 7.71 7.757 7.782 7.782 7.772 7.785 7.815 7.855 7.905 7.965 8.08 8.22 8.305 8.32 8.29 8.25 8.21 8.185 8.177 8.16 8.117 7.98 7.75 7.538 7.405 7.315 7.22 7.125 7.03 6.95 6.88 6.79 6.657 6.54 6.495 6.5 6.538 6.605 6.68 6.702 6.655 6.578 6.495 6.418 6.345
7.118 7.033 6.973 6.938 6.915 6.935 7.005 7.09 7.175 7.26 7.327 7.382 7.432 7.452 7.392 7.275 7.183 7.145 7.18 7.275 7.39 7.495 7.537 7.52 7.49 7.468 7.47 7.5 7.54 7.582 7.628 7.678 7.737 7.795 7.825 7.822 7.802 7.778 7.778 7.795 7.813 7.838 7.878 7.983 8.137 8.27 8.312 8.275 8.23 8.19 8.165 8.157 8.15 8.11 7.955 7.71 7.465 7.288 7.178 7.075 6.975 6.88 6.8 6.73 6.66 6.578 6.51 6.503 6.538 6.593 6.662 6.727 6.76 6.752 6.715 6.647 6.563 6.475
7.215 7.138 7.08 7.042 6.99 6.958 7.003 7.087 7.173 7.257 7.33 7.388 7.447 7.48 7.417 7.293 7.178 7.125 7.185 7.31 7.44 7.532 7.545 7.517 7.49 7.493 7.525 7.56 7.6 7.643 7.695 7.752 7.795 7.82 7.83 7.817 7.795 7.77 7.773 7.802 7.815 7.818 7.833 7.913 8.063 8.212 8.277 8.252 8.21 8.17 8.145 8.135 8.117 8.037 7.85 7.602 7.363 7.19 7.075 6.965 6.86 6.773 6.703 6.638 6.573 6.513 6.505 6.562 6.623 6.678 6.715 6.71 6.72 6.76 6.792 6.785 6.73 6.65
7.327 7.258 7.205 7.15 7.055 6.975 6.995 7.08 7.17 7.263 7.338 7.4 7.475 7.52 7.46 7.33 7.203 7.16 7.248 7.39 7.51 7.547 7.527 7.503 7.498 7.545 7.597 7.628 7.663 7.702 7.745 7.777 7.79 7.79 7.795 7.8 7.787 7.763 7.768 7.805 7.827 7.833 7.84 7.89 8.023 8.152 8.207 8.215 8.19 8.15 8.125 8.107 8.035 7.877 7.675 7.445 7.24 7.105 6.995 6.893 6.805 6.735 6.675 6.615 6.558 6.503 6.518 6.617 6.715 6.785 6.715 6.568 6.555 6.625 6.692 6.74 6.745 6.702
7.435 7.377 7.312 7.212 7.085 6.983 6.988 7.08 7.188 7.285 7.358 7.433 7.52 7.572 7.515 7.385 7.275 7.268 7.365 7.482 7.545 7.537 7.513 7.503 7.54 7.615 7.67 7.7 7.725 7.74 7.747 7.75 7.75 7.75 7.758 7.772 7.772 7.755 7.76 7.8 7.837 7.852 7.865 7.895 7.995 8.092 8.122 8.145 8.15 8.127 8.097 8.027 7.875 7.683 7.493 7.3 7.14 7.028 6.933 6.855 6.79 6.73 6.67 6.61 6.553 6.5 6.53 6.645 6.75 6.797 6.612 6.363 6.33 6.382 6.425 6.462 6.487 6.485
7.515 7.467 7.37 7.243 7.11 6.99 6.99 7.105 7.222 7.315 7.393 7.48 7.57 7.625 7.57 7.44 7.378 7.42 7.5 7.55 7.545 7.52 7.508 7.535 7.605 7.685 7.737 7.757 7.765 7.747 7.72 7.71 7.71 7.71 7.72 7.735 7.745 7.743 7.753 7.795 7.837 7.865 7.887 7.913 7.965 8.015 8.035 8.058 8.08 8.085 8.032 7.895 7.718 7.54 7.365 7.208 7.075 6.975 6.905 6.845 6.785 6.725 6.665 6.605 6.545 6.483 6.47 6.51 6.535 6.517 6.31 6.083 6.045 6.057 6.072 6.09 6.105 6.115
7.57 7.537 7.43 7.3 7.168 7.033 7.03 7.155 7.265 7.355 7.44 7.53 7.62 7.677 7.625 7.513 7.503 7.572 7.62 7.615 7.575 7.548 7.563 7.625 7.705 7.77 7.79 7.785 7.78 7.757 7.715 7.683 7.675 7.675 7.683 7.695 7.71 7.72 7.73 7.76 7.802 7.845 7.88 7.907 7.917 7.925 7.948 7.972 7.995 8.005 7.94 7.795 7.633 7.468 7.303 7.153 7.03 6.948 6.89 6.83 6.773 6.72 6.665 6.605 6.547 6.46 6.34 6.22 6.108 6.035 5.898 5.768 5.74 5.72 5.715 5.715 5.723 5.74
7.627 7.615 7.52 7.387 7.247 7.105 7.1 7.202 7.265 7.36 7.482 7.58 7.67 7.73 7.68 7.613 7.647 7.695 7.705 7.685 7.65 7.655 7.71 7.78 7.847 7.872 7.84 7.805 7.79 7.77 7.725 7.673 7.645 7.64 7.645 7.657 7.672 7.67 7.668 7.698 7.75 7.807 7.85 7.867 7.853 7.843 7.863 7.885 7.9 7.9 7.837 7.715 7.572 7.412 7.248 7.1 6.995 6.93 6.875 6.815 6.763 6.72 6.672 6.617 6.562 6.45 6.265 6.063 5.855 5.688 5.593 5.543 5.503 5.46 5.423 5.393 5.38 5.378
7.692 7.692 7.607 7.467 7.32 7.175 7.17 7.235 7.225 7.303 7.472 7.615 7.72 7.782 7.753 7.73 7.77 7.78 7.775 7.755 7.755 7.82 7.897 7.945 7.96 7.937 7.892 7.847 7.81 7.782 7.737 7.675 7.625 7.603 7.605 7.615 7.615 7.605 7.613 7.653 7.71 7.77 7.815 7.82 7.79 7.768 7.775 7.79 7.795 7.79 7.725 7.61 7.49 7.35 7.193 7.053 6.968 6.915 6.86 6.803 6.758 6.722 6.68 6.63 6.542 6.37 6.147 5.917 5.682 5.493 5.425 5.423 5.388 5.333 5.28 5.233 5.193 5.155
7.745 7.755 7.685 7.54 7.385 7.243 7.22 7.245 7.205 7.238 7.395 7.587 7.745 7.835 7.842 7.842 7.852 7.848 7.845 7.855 7.915 8.005 8.047 8.037 8 7.955 7.917 7.88 7.838 7.805 7.76 7.69 7.625 7.578 7.563 7.575 7.585 7.598 7.613 7.638 7.685 7.735 7.772 7.767 7.73 7.695 7.685 7.688 7.685 7.68 7.615 7.5 7.385 7.263 7.128 7.015 6.95 6.9 6.845 6.793 6.758 6.727 6.65 6.527 6.365 6.145 5.902 5.655 5.445 5.333 5.315 5.335 5.335 5.3 5.25 5.198 5.143 5.09
7.775 7.787 7.745 7.637 7.478 7.315 7.253 7.26 7.245 7.245 7.358 7.55 7.737 7.88 7.932 7.935 7.933 7.93 7.968 8.078 8.202 8.237 8.153 8.06 8.01 7.965 7.925 7.89 7.858 7.835 7.81 7.753 7.68 7.613 7.573 7.585 7.62 7.64 7.64 7.65 7.685 7.725 7.752 7.743 7.705 7.663 7.633 7.615 7.598 7.578 7.513 7.408 7.3 7.19 7.083 7 6.943 6.888 6.835 6.798 6.775 6.687 6.487 6.267 6.062 5.842 5.613 5.408 5.26 5.198 5.205 5.225 5.24 5.237 5.212 5.17 5.115 5.06
7.795 7.8 7.772 7.715 7.61 7.455 7.373 7.375 7.358 7.33 7.41 7.59 7.765 7.92 8.012 8.035 8.035 8.05 8.163 8.372 8.545 8.51 8.298 8.115 8.025 7.978 7.935 7.9 7.878 7.87 7.867 7.842 7.782 7.708 7.643 7.635 7.67 7.682 7.673 7.668 7.69 7.73 7.755 7.747 7.717 7.675 7.635 7.605 7.578 7.548 7.48 7.378 7.275 7.178 7.083 7.003 6.94 6.885 6.848 6.828 6.805 6.605 6.24 5.963 5.755 5.54 5.363 5.233 5.118 5.073 5.095 5.115 5.13 5.14 5.145 5.13 5.087 5.033
7.812 7.807 7.777 7.735 7.69 7.61 7.552 7.53 7.485 7.44 7.498 7.665 7.822 7.95 8.062 8.132 8.15 8.218 8.385 8.552 8.66 8.622 8.455 8.257 8.083 7.99 7.945 7.915 7.905 7.905 7.905 7.902 7.877 7.815 7.733 7.695 7.715 7.725 7.71 7.693 7.7 7.735 7.755 7.745 7.725 7.692 7.655 7.63 7.61 7.582 7.51 7.4 7.293 7.193 7.095 7.01 6.945 6.903 6.885 6.872 6.787 6.475 6.018 5.678 5.458 5.293 5.2 5.115 5.018 4.978 4.988 5.005 5.02 5.033 5.047 5.055 5.045 5.007
7.822 7.812 7.785 7.742 7.7 7.68 7.665 7.635 7.6 7.56 7.595 7.725 7.855 7.97 8.09 8.2 8.272 8.355 8.462 8.525 8.555 8.55 8.475 8.337 8.172 8.033 7.958 7.937 7.937 7.94 7.94 7.942 7.94 7.91 7.84 7.77 7.758 7.762 7.747 7.73 7.72 7.74 7.755 7.74 7.722 7.697 7.67 7.657 7.647 7.617 7.54 7.43 7.32 7.212 7.107 7.018 6.96 6.932 6.922 6.907 6.717 6.302 5.828 5.438 5.225 5.138 5.082 5.008 4.943 4.92 4.91 4.905 4.91 4.925 4.94 4.95 4.963 4.96
7.827 7.82 7.792 7.748 7.72 7.728 7.73 7.71 7.687 7.66 7.675 7.763 7.875 7.982 8.092 8.21 8.287 8.322 8.357 8.39 8.42 8.44 8.392 8.285 8.175 8.05 7.953 7.922 7.922 7.922 7.92 7.917 7.915 7.927 7.907 7.842 7.807 7.797 7.782 7.765 7.747 7.75 7.752 7.735 7.715 7.677 7.645 7.64 7.632 7.595 7.512 7.407 7.302 7.197 7.09 7 6.957 6.945 6.927 6.84 6.57 6.16 5.708 5.275 5.055 5.005 4.955 4.91 4.893 4.895 4.88 4.853 4.843 4.853 4.868 4.883 4.898 4.9
7.833 7.825 7.797 7.763 7.768 7.792 7.79 7.77 7.745 7.713 7.72 7.797 7.887 7.965 8.062 8.152 8.177 8.18 8.21 8.247 8.282 8.315 8.295 8.205 8.1 8.002 7.9 7.833 7.817 7.812 7.807 7.81 7.833 7.885 7.905 7.865 7.817 7.79 7.777 7.762 7.75 7.747 7.742 7.725 7.69 7.628 7.588 7.582 7.56 7.502 7.42 7.325 7.225 7.122 7.02 6.948 6.913 6.897 6.842 6.64 6.322 5.975 5.592 5.168 4.908 4.863 4.858 4.865 4.878 4.887 4.872 4.843 4.825 4.825 4.84 4.86 4.867 4.842
7.84 7.83 7.808 7.798 7.827 7.855 7.845 7.812 7.775 7.73 7.745 7.82 7.875 7.928 8.01 8.06 8.052 8.043 8.055 8.09 8.13 8.17 8.185 8.132 8.048 7.955 7.83 7.72 7.675 7.668 7.678 7.713 7.77 7.84 7.872 7.842 7.783 7.74 7.725 7.718 7.715 7.717 7.72 7.7 7.64 7.565 7.53 7.515 7.467 7.397 7.32 7.23 7.132 7.03 6.938 6.885 6.852 6.822 6.69 6.4 6.065 5.73 5.393 5.028 4.805 4.798 4.838 4.865 4.875 4.882 4.867 4.838 4.813 4.805 4.82 4.832 4.815 4.767
7.842 7.835 7.83 7.85 7.885 7.897 7.872 7.825 7.78 7.738 7.75 7.805 7.845 7.89 7.937 7.95 7.93 7.915 7.91 7.93 7.97 8.023 8.08 8.07 8.007 7.915 7.775 7.633 7.548 7.545 7.593 7.658 7.725 7.795 7.84 7.82 7.755 7.698 7.673 7.67 7.672 7.672 7.672 7.645 7.577 7.505 7.462 7.425 7.36 7.29 7.217 7.13 7.035 6.94 6.865 6.822 6.785 6.712 6.522 6.22 5.888 5.553 5.218 4.883 4.743 4.805 4.85 4.865 4.872 4.877 4.865 4.835 4.805 4.79 4.797 4.787 4.74 4.685
7.817 7.822 7.832 7.855 7.88 7.887 7.862 7.815 7.768 7.733 7.73 7.763 7.805 7.845 7.86 7.845 7.823 7.8 7.78 7.783 7.838 7.933 8.012 8.012 7.957 7.875 7.742 7.588 7.483 7.49 7.56 7.63 7.7 7.762 7.802 7.79 7.73 7.663 7.625 7.617 7.615 7.612 7.607 7.575 7.51 7.442 7.382 7.32 7.25 7.18 7.11 7.03 6.943 6.858 6.79 6.745 6.7 6.545 6.292 6.06 5.78 5.443 5.105 4.783 4.695 4.81 4.857 4.86 4.865 4.867 4.855 4.827 4.802 4.78 4.762 4.727 4.673 4.62
7.77 7.792 7.81 7.815 7.825 7.837 7.83 7.792 7.75 7.725 7.715 7.72 7.75 7.79 7.795 7.768 7.743 7.718 7.698 7.703 7.78 7.91 7.98 7.96 7.905 7.84 7.727 7.578 7.48 7.485 7.55 7.617 7.675 7.717 7.745 7.74 7.695 7.63 7.58 7.558 7.548 7.545 7.537 7.5 7.437 7.372 7.298 7.218 7.145 7.073 7 6.935 6.865 6.785 6.71 6.653 6.607 6.365 6.005 5.807 5.627 5.335 4.995 4.733 4.698 4.817 4.87 4.855 4.853 4.852 4.837 4.812 4.787 4.757 4.717 4.673 4.623 4.57
7.73 7.762 7.785 7.785 7.785 7.79 7.792 7.772 7.742 7.725 7.715 7.703 7.705 7.73 7.732 7.708 7.688 7.675 7.665 7.68 7.768 7.887 7.932 7.902 7.852 7.8 7.702 7.578 7.503 7.495 7.535 7.582 7.62 7.65 7.675 7.675 7.647 7.597 7.545 7.513 7.49 7.478 7.465 7.425 7.362 7.295 7.217 7.133 7.048 6.968 6.9 6.852 6.795 6.715 6.635 6.565 6.515 6.185 5.715 5.503 5.385 5.187 4.898 4.733 4.758 4.847 4.895 4.87 4.853 4.84 4.815 4.785 4.752 4.715 4.673 4.627 4.575 4.52
