EGM722_Project_Data/DTM_asc/TL4660.asc
ncols         200
nrows         200
xllcorner     546000.000
yllcorner     260000.000
cellsize      5
NODATA_value  -9999.0
[rows 68 to 101 of 200, columns 0 to 77 of 200]
11.883 11.843 11.823 11.778 11.693 11.665 11.705 11.737 11.742 11.71 11.65 11.575 11.485 11.385 11.28 11.17 11.055 10.923 10.798 10.7 10.605 10.533 10.503 10.5 10.51 10.52 10.545 10.58 10.61 10.637 10.642 10.627 10.615 10.628 10.645 10.645 10.653 10.67 10.647 10.575 10.568 10.645 10.66 10.582 10.485 10.38 10.275 10.228 10.237 10.242 10.255 10.277 10.295 10.323 10.365 10.405 10.405 10.375 10.368 10.388 10.415 10.442 10.45 10.44 10.43 10.42 10.41 10.395 10.372 10.342 10.302 10.255 10.215 10.195 10.185 10.178 10.175 10.175
11.805 11.743 11.7 11.655 11.585 11.558 11.583 11.608 11.63 11.632 11.59 11.507 11.412 11.317 11.215 11.105 10.995 10.88 10.773 10.68 10.598 10.553 10.545 10.55 10.56 10.57 10.595 10.63 10.662 10.682 10.675 10.657 10.64 10.623 10.615 10.615 10.618 10.617 10.578 10.515 10.505 10.565 10.59 10.53 10.447 10.357 10.278 10.248 10.25 10.245 10.262 10.305 10.335 10.365 10.402 10.415 10.393 10.36 10.35 10.37 10.4 10.43 10.437 10.425 10.415 10.405 10.392 10.37 10.338 10.305 10.268 10.228 10.205 10.192 10.18 10.17 10.16 10.153
11.81 11.745 11.7 11.67 11.6 11.54 11.54 11.55 11.56 11.555 11.51 11.43 11.337 11.248 11.177 11.095 10.985 10.88 10.785 10.703 10.655 10.633 10.61 10.603 10.61 10.623 10.648 10.68 10.705 10.71 10.695 10.675 10.65 10.613 10.59 10.59 10.585 10.567 10.535 10.495 10.465 10.493 10.52 10.47 10.39 10.313 10.263 10.245 10.237 10.23 10.24 10.278 10.322 10.37 10.417 10.43 10.405 10.375 10.365 10.385 10.412 10.415 10.4 10.39 10.38 10.37 10.36 10.34 10.305 10.27 10.24 10.215 10.2 10.188 10.175 10.165 10.155 10.145
11.86 11.808 11.77 11.73 11.64 11.55 11.53 11.54 11.547 11.482 11.385 11.33 11.257 11.17 11.137 11.112 11.025 10.92 10.828 10.773 10.768 10.76 10.718 10.675 10.663 10.675 10.7 10.72 10.725 10.72 10.705 10.68 10.645 10.6 10.57 10.562 10.545 10.52 10.5 10.475 10.44 10.435 10.447 10.405 10.33 10.268 10.235 10.228 10.222 10.215 10.215 10.243 10.29 10.355 10.422 10.45 10.44 10.415 10.405 10.422 10.417 10.37 10.34 10.337 10.33 10.32 10.315 10.305 10.277 10.243 10.22 10.208 10.195 10.185 10.175 10.165 10.152 10.14
11.918 11.875 11.84 11.78 11.67 11.56 11.52 11.53 11.497 11.355 11.225 11.19 11.152 11.088 11.063 11.077 11.045 10.96 10.89 10.878 10.892 10.895 10.857 10.795 10.75 10.732 10.735 10.737 10.732 10.725 10.71 10.677 10.632 10.585 10.547 10.522 10.49 10.458 10.44 10.427 10.41 10.39 10.38 10.342 10.283 10.24 10.215 10.21 10.205 10.198 10.193 10.213 10.27 10.365 10.44 10.457 10.457 10.45 10.445 10.427 10.365 10.298 10.278 10.28 10.277 10.27 10.265 10.265 10.25 10.22 10.205 10.2 10.19 10.18 10.17 10.16 10.145 10.128
11.985 11.945 11.907 11.827 11.7 11.573 11.515 11.497 11.385 11.19 11.063 11.033 11.018 10.993 10.985 11.01 11.022 10.997 10.977 10.987 11 11.01 10.975 10.895 10.815 10.75 10.725 10.725 10.725 10.722 10.7 10.655 10.602 10.547 10.502 10.465 10.425 10.39 10.373 10.365 10.357 10.342 10.325 10.295 10.253 10.218 10.198 10.193 10.185 10.18 10.175 10.19 10.263 10.37 10.437 10.45 10.452 10.457 10.442 10.38 10.288 10.225 10.213 10.218 10.22 10.218 10.218 10.223 10.217 10.203 10.195 10.19 10.182 10.175 10.162 10.147 10.132 10.115
12.068 12.015 11.965 11.867 11.733 11.595 11.508 11.412 11.25 11.078 10.97 10.95 10.948 10.945 10.95 10.968 10.99 10.997 10.992 10.995 11.005 11.017 10.985 10.897 10.797 10.71 10.68 10.685 10.687 10.685 10.65 10.595 10.54 10.483 10.438 10.4 10.36 10.325 10.308 10.3 10.29 10.285 10.28 10.26 10.228 10.205 10.2 10.195 10.185 10.175 10.165 10.173 10.24 10.34 10.405 10.425 10.427 10.427 10.395 10.32 10.238 10.2 10.2 10.205 10.21 10.198 10.19 10.195 10.19 10.182 10.177 10.17 10.165 10.16 10.137 10.11 10.095 10.082
12.21 12.125 12.04 11.928 11.798 11.665 11.535 11.38 11.225 11.093 10.995 10.96 10.958 10.96 10.953 10.955 10.975 10.972 10.945 10.925 10.925 10.932 10.905 10.84 10.752 10.663 10.63 10.632 10.625 10.61 10.57 10.515 10.46 10.408 10.37 10.335 10.298 10.263 10.24 10.23 10.23 10.243 10.247 10.23 10.213 10.215 10.217 10.21 10.2 10.188 10.175 10.175 10.21 10.285 10.36 10.39 10.39 10.382 10.345 10.273 10.223 10.228 10.242 10.25 10.242 10.205 10.183 10.182 10.17 10.158 10.15 10.143 10.14 10.135 10.102 10.055 10.028 10.015
12.413 12.323 12.213 12.075 11.943 11.82 11.663 11.478 11.315 11.178 11.075 11.008 10.98 10.977 10.96 10.95 10.962 10.952 10.918 10.883 10.86 10.853 10.82 10.763 10.695 10.615 10.578 10.57 10.55 10.53 10.492 10.438 10.383 10.335 10.3 10.267 10.232 10.198 10.175 10.175 10.195 10.222 10.227 10.215 10.218 10.232 10.235 10.225 10.215 10.205 10.195 10.195 10.21 10.248 10.315 10.355 10.35 10.335 10.295 10.245 10.238 10.265 10.287 10.295 10.262 10.203 10.173 10.162 10.145 10.13 10.12 10.115 10.115 10.112 10.08 10.02 9.973 9.943
12.627 12.552 12.445 12.3 12.155 12.015 11.842 11.64 11.445 11.275 11.16 11.08 11.02 10.993 10.97 10.948 10.943 10.927 10.893 10.858 10.828 10.803 10.76 10.698 10.633 10.56 10.515 10.497 10.473 10.45 10.415 10.36 10.308 10.265 10.23 10.2 10.165 10.138 10.135 10.153 10.18 10.208 10.22 10.225 10.235 10.25 10.255 10.245 10.235 10.222 10.213 10.218 10.235 10.253 10.288 10.315 10.305 10.285 10.26 10.253 10.272 10.3 10.322 10.315 10.262 10.195 10.158 10.14 10.12 10.103 10.093 10.09 10.09 10.087 10.055 9.995 9.938 9.898
12.687 12.622 12.522 12.392 12.237 12.05 11.845 11.635 11.432 11.28 11.19 11.12 11.055 11.01 10.98 10.95 10.93 10.91 10.88 10.853 10.825 10.793 10.745 10.68 10.61 10.538 10.465 10.42 10.395 10.37 10.335 10.28 10.233 10.198 10.163 10.13 10.11 10.11 10.13 10.158 10.183 10.208 10.228 10.243 10.255 10.267 10.27 10.26 10.25 10.238 10.23 10.24 10.26 10.277 10.293 10.293 10.275 10.255 10.245 10.257 10.282 10.302 10.307 10.277 10.217 10.168 10.145 10.13 10.11 10.09 10.07 10.06 10.06 10.055 10.02 9.96 9.91 9.888
12.552 12.52 12.452 12.315 12.115 11.885 11.655 11.443 11.288 11.218 11.17 11.11 11.06 11.022 10.988 10.958 10.935 10.913 10.888 10.862 10.832 10.797 10.752 10.69 10.62 10.552 10.458 10.363 10.315 10.29 10.255 10.205 10.163 10.13 10.103 10.09 10.1 10.12 10.143 10.17 10.198 10.225 10.247 10.262 10.275 10.285 10.285 10.275 10.265 10.255 10.25 10.26 10.28 10.3 10.312 10.3 10.27 10.245 10.235 10.245 10.26 10.257 10.24 10.2 10.15 10.128 10.127 10.125 10.112 10.092 10.058 10.028 10.02 10.012 9.975 9.928 9.905 9.9
12.42 12.41 12.362 12.187 11.928 11.68 11.453 11.293 11.225 11.195 11.15 11.095 11.055 11.025 10.993 10.965 10.945 10.925 10.9 10.867 10.835 10.8 10.757 10.7 10.633 10.57 10.475 10.348 10.253 10.21 10.175 10.133 10.095 10.075 10.078 10.093 10.115 10.135 10.158 10.185 10.215 10.245 10.27 10.285 10.295 10.305 10.305 10.295 10.285 10.273 10.268 10.28 10.3 10.32 10.327 10.307 10.273 10.24 10.223 10.22 10.21 10.188 10.165 10.13 10.103 10.1 10.105 10.11 10.11 10.095 10.057 10.015 9.988 9.97 9.94 9.918 9.915 9.915
12.342 12.31 12.235 12.065 11.795 11.503 11.3 11.228 11.2 11.17 11.133 11.093 11.058 11.025 10.998 10.978 10.96 10.93 10.895 10.862 10.83 10.797 10.762 10.712 10.65 10.59 10.495 10.36 10.233 10.148 10.098 10.068 10.055 10.063 10.085 10.105 10.128 10.15 10.175 10.205 10.235 10.268 10.3 10.318 10.32 10.325 10.323 10.31 10.3 10.288 10.288 10.305 10.325 10.345 10.345 10.312 10.272 10.235 10.205 10.183 10.155 10.128 10.105 10.085 10.078 10.083 10.09 10.095 10.1 10.095 10.062 10.018 9.975 9.945 9.93 9.925 9.927 9.93
12.252 12.18 12.087 11.97 11.737 11.425 11.26 11.23 11.203 11.173 11.14 11.108 11.073 11.038 11.01 10.993 10.977 10.945 10.885 10.835 10.805 10.772 10.722 10.662 10.62 10.587 10.51 10.382 10.248 10.123 10.053 10.045 10.063 10.085 10.108 10.13 10.155 10.18 10.203 10.23 10.26 10.293 10.332 10.372 10.388 10.385 10.378 10.368 10.352 10.318 10.305 10.325 10.345 10.362 10.35 10.307 10.265 10.225 10.188 10.155 10.125 10.1 10.083 10.075 10.075 10.08 10.088 10.093 10.095 10.087 10.065 10.027 9.983 9.948 9.935 9.935 9.94 9.945
12.122 12.03 11.94 11.845 11.667 11.423 11.29 11.263 11.237 11.207 11.173 11.137 11.1 11.06 11.03 11.01 10.993 10.972 10.893 10.8 10.76 10.712 10.63 10.543 10.5 10.492 10.467 10.395 10.275 10.138 10.058 10.06 10.092 10.122 10.147 10.173 10.198 10.22 10.24 10.26 10.285 10.315 10.358 10.42 10.472 10.487 10.48 10.457 10.41 10.345 10.32 10.34 10.357 10.37 10.347 10.298 10.253 10.21 10.173 10.143 10.12 10.105 10.095 10.088 10.085 10.09 10.095 10.097 10.092 10.075 10.057 10.032 9.995 9.96 9.945 9.945 9.947 9.947
11.975 11.88 11.79 11.695 11.572 11.418 11.32 11.295 11.27 11.24 11.205 11.167 11.127 11.083 11.05 11.03 11.01 10.992 10.92 10.793 10.703 10.628 10.53 10.43 10.353 10.328 10.34 10.337 10.282 10.172 10.08 10.075 10.115 10.152 10.185 10.215 10.242 10.262 10.28 10.295 10.313 10.34 10.385 10.45 10.52 10.565 10.552 10.495 10.42 10.355 10.34 10.357 10.37 10.377 10.352 10.298 10.245 10.195 10.16 10.143 10.133 10.125 10.115 10.105 10.098 10.098 10.1 10.095 10.082 10.065 10.045 10.025 10 9.968 9.95 9.95 9.945 9.935
11.828 11.733 11.64 11.55 11.468 11.388 11.332 11.31 11.287 11.262 11.23 11.19 11.147 11.102 11.07 11.05 11.03 11.01 10.962 10.833 10.688 10.585 10.488 10.39 10.295 10.238 10.223 10.215 10.207 10.17 10.1 10.085 10.125 10.165 10.207 10.247 10.282 10.305 10.32 10.335 10.35 10.37 10.408 10.467 10.532 10.587 10.57 10.495 10.42 10.363 10.353 10.365 10.375 10.38 10.355 10.3 10.245 10.193 10.163 10.155 10.148 10.142 10.135 10.125 10.115 10.108 10.1 10.085 10.068 10.053 10.035 10.015 9.995 9.97 9.952 9.945 9.93 9.913
11.683 11.598 11.525 11.455 11.39 11.34 11.31 11.29 11.27 11.252 11.23 11.195 11.152 11.11 11.083 11.072 11.06 11.04 11.007 10.9 10.743 10.62 10.523 10.425 10.335 10.26 10.208 10.173 10.153 10.14 10.105 10.1 10.143 10.185 10.228 10.272 10.31 10.33 10.342 10.355 10.37 10.382 10.41 10.465 10.525 10.582 10.572 10.497 10.415 10.358 10.355 10.37 10.38 10.382 10.355 10.3 10.245 10.198 10.175 10.172 10.165 10.158 10.15 10.14 10.133 10.125 10.113 10.095 10.075 10.06 10.045 10.025 10.005 9.977 9.947 9.927 9.91 9.89
11.563 11.508 11.46 11.407 11.35 11.298 11.265 11.245 11.23 11.22 11.205 11.18 11.147 11.108 11.085 11.092 11.095 11.08 11.047 10.96 10.813 10.68 10.58 10.483 10.4 10.325 10.26 10.22 10.188 10.165 10.15 10.145 10.173 10.215 10.258 10.3 10.325 10.335 10.345 10.358 10.37 10.378 10.405 10.458 10.515 10.572 10.567 10.487 10.39 10.318 10.325 10.367 10.385 10.387 10.357 10.302 10.248 10.203 10.185 10.185 10.182 10.175 10.165 10.158 10.153 10.145 10.137 10.127 10.11 10.093 10.075 10.055 10.025 9.98 9.933 9.903 9.887 9.87
11.493 11.455 11.41 11.36 11.307 11.255 11.22 11.203 11.193 11.185 11.172 11.155 11.132 11.1 11.085 11.1 11.115 11.115 11.082 11 10.872 10.743 10.638 10.548 10.47 10.395 10.323 10.27 10.248 10.257 10.257 10.22 10.21 10.248 10.292 10.322 10.332 10.338 10.348 10.36 10.367 10.373 10.4 10.452 10.502 10.542 10.532 10.452 10.347 10.253 10.253 10.327 10.377 10.392 10.36 10.305 10.25 10.208 10.198 10.2 10.203 10.2 10.19 10.183 10.175 10.165 10.16 10.157 10.145 10.127 10.105 10.072 10.025 9.97 9.92 9.883 9.863 9.848
11.45 11.407 11.36 11.31 11.26 11.213 11.183 11.17 11.16 11.15 11.137 11.122 11.105 11.08 11.072 11.09 11.112 11.13 11.11 11.03 10.92 10.802 10.698 10.615 10.537 10.457 10.375 10.318 10.315 10.342 10.345 10.302 10.265 10.283 10.317 10.333 10.338 10.345 10.353 10.358 10.365 10.37 10.378 10.405 10.437 10.46 10.45 10.382 10.287 10.193 10.178 10.255 10.337 10.38 10.352 10.29 10.235 10.218 10.228 10.233 10.238 10.235 10.225 10.213 10.2 10.19 10.182 10.18 10.172 10.152 10.117 10.067 10.012 9.957 9.905 9.868 9.845 9.825
11.415 11.36 11.305 11.255 11.21 11.183 11.168 11.155 11.142 11.123 11.095 11.07 11.05 11.027 11.025 11.045 11.07 11.1 11.092 11.02 10.925 10.835 10.742 10.65 10.562 10.472 10.383 10.34 10.352 10.367 10.365 10.345 10.32 10.32 10.338 10.355 10.37 10.378 10.37 10.36 10.365 10.367 10.34 10.313 10.32 10.342 10.342 10.285 10.2 10.115 10.083 10.137 10.225 10.31 10.315 10.245 10.215 10.248 10.275 10.28 10.282 10.275 10.265 10.25 10.235 10.217 10.192 10.177 10.17 10.147 10.105 10.05 9.995 9.94 9.888 9.855 9.835 9.818
11.377 11.31 11.25 11.205 11.18 11.178 11.172 11.155 11.132 11.102 11.06 11.015 10.98 10.953 10.95 10.975 11.008 11.047 11.04 10.968 10.893 10.842 10.762 10.643 10.54 10.445 10.368 10.348 10.357 10.355 10.348 10.348 10.355 10.37 10.393 10.418 10.435 10.432 10.407 10.378 10.368 10.36 10.31 10.243 10.215 10.228 10.235 10.185 10.1 10.013 9.953 9.98 10.08 10.215 10.255 10.198 10.215 10.287 10.322 10.327 10.325 10.315 10.302 10.287 10.27 10.235 10.188 10.155 10.14 10.12 10.08 10.027 9.975 9.92 9.873 9.845 9.83 9.825
11.333 11.258 11.203 11.18 11.183 11.187 11.175 11.15 11.118 11.085 11.045 10.993 10.94 10.895 10.885 10.915 10.958 11.002 10.99 10.923 10.875 10.852 10.78 10.648 10.523 10.418 10.36 10.353 10.358 10.363 10.37 10.385 10.408 10.44 10.475 10.497 10.497 10.48 10.45 10.41 10.382 10.355 10.295 10.215 10.15 10.123 10.125 10.085 9.997 9.902 9.815 9.828 9.958 10.13 10.19 10.175 10.24 10.327 10.37 10.372 10.365 10.355 10.34 10.32 10.29 10.242 10.19 10.145 10.115 10.09 10.05 10.002 9.955 9.9 9.858 9.843 9.84 9.84
11.318 11.23 11.178 11.178 11.195 11.192 11.165 11.135 11.102 11.07 11.035 10.987 10.933 10.88 10.86 10.88 10.915 10.957 10.95 10.903 10.88 10.867 10.8 10.672 10.535 10.418 10.37 10.375 10.39 10.41 10.43 10.45 10.478 10.515 10.547 10.555 10.537 10.517 10.49 10.442 10.392 10.345 10.28 10.2 10.12 10.053 10.025 9.982 9.89 9.785 9.685 9.703 9.855 10.037 10.132 10.18 10.277 10.372 10.415 10.41 10.4 10.392 10.377 10.345 10.3 10.25 10.197 10.147 10.105 10.065 10.02 9.975 9.93 9.883 9.855 9.852 9.855 9.855
11.335 11.23 11.168 11.175 11.19 11.177 11.145 11.115 11.082 11.047 11.01 10.977 10.94 10.893 10.863 10.868 10.893 10.925 10.93 10.908 10.893 10.88 10.82 10.697 10.563 10.46 10.425 10.435 10.455 10.475 10.495 10.518 10.55 10.582 10.58 10.535 10.495 10.477 10.457 10.417 10.36 10.302 10.242 10.172 10.095 10.018 9.955 9.888 9.795 9.693 9.62 9.66 9.805 9.975 10.102 10.195 10.297 10.385 10.417 10.41 10.4 10.392 10.387 10.357 10.305 10.255 10.197 10.14 10.087 10.035 9.987 9.943 9.9 9.868 9.852 9.85 9.85 9.852
11.347 11.225 11.155 11.162 11.167 11.152 11.122 11.09 11.052 11.002 10.958 10.942 10.935 10.905 10.868 10.863 10.887 10.912 10.922 10.917 10.907 10.895 10.842 10.725 10.605 10.535 10.51 10.508 10.52 10.54 10.56 10.587 10.615 10.617 10.565 10.46 10.388 10.365 10.35 10.33 10.29 10.235 10.18 10.125 10.057 9.985 9.907 9.818 9.725 9.638 9.62 9.693 9.81 9.957 10.087 10.185 10.265 10.325 10.35 10.345 10.335 10.335 10.357 10.352 10.305 10.252 10.19 10.12 10.055 10 9.953 9.91 9.875 9.85 9.838 9.835 9.835 9.84
11.35 11.215 11.145 11.145 11.14 11.125 11.097 11.06 11.01 10.943 10.893 10.885 10.895 10.892 10.87 10.863 10.882 10.905 10.915 10.917 10.917 10.91 10.865 10.763 10.67 10.623 10.6 10.59 10.59 10.605 10.627 10.642 10.637 10.612 10.535 10.403 10.295 10.253 10.24 10.225 10.202 10.162 10.11 10.06 10.005 9.942 9.862 9.765 9.668 9.61 9.645 9.735 9.833 9.952 10.057 10.125 10.177 10.222 10.247 10.245 10.243 10.265 10.307 10.33 10.302 10.242 10.175 10.102 10.03 9.967 9.92 9.887 9.86 9.835 9.825 9.825 9.825 9.83
11.345 11.205 11.13 11.12 11.11 11.097 11.067 11.015 10.95 10.875 10.828 10.825 10.835 10.845 10.85 10.855 10.87 10.887 10.897 10.907 10.915 10.915 10.885 10.815 10.75 10.71 10.69 10.68 10.672 10.672 10.672 10.652 10.615 10.57 10.475 10.333 10.215 10.16 10.14 10.12 10.103 10.077 10.038 9.993 9.948 9.895 9.812 9.71 9.62 9.61 9.685 9.77 9.85 9.932 9.992 10.03 10.073 10.117 10.145 10.15 10.165 10.205 10.25 10.287 10.282 10.217 10.135 10.052 9.967 9.9 9.862 9.837 9.812 9.81 9.818 9.815 9.818 9.823
11.34 11.2 11.115 11.095 11.085 11.067 11.02 10.95 10.88 10.805 10.768 10.775 10.785 10.798 10.812 10.822 10.835 10.85 10.862 10.877 10.887 10.892 10.882 10.84 10.782 10.742 10.735 10.737 10.73 10.717 10.66 10.59 10.545 10.48 10.367 10.24 10.15 10.1 10.07 10.043 10.02 10 9.978 9.945 9.905 9.852 9.765 9.658 9.59 9.613 9.687 9.76 9.832 9.902 9.943 9.963 9.988 10.018 10.045 10.067 10.095 10.127 10.16 10.187 10.182 10.115 10.02 9.925 9.843 9.79 9.76 9.735 9.733 9.788 9.825 9.818 9.818 9.818
11.325 11.195 11.103 11.075 11.06 11.025 10.957 10.88 10.81 10.74 10.718 10.735 10.745 10.76 10.775 10.78 10.788 10.803 10.817 10.83 10.835 10.825 10.82 10.802 10.748 10.71 10.72 10.742 10.75 10.742 10.653 10.52 10.445 10.37 10.263 10.17 10.103 10.053 10.02 9.99 9.963 9.94 9.927 9.907 9.87 9.815 9.725 9.625 9.57 9.583 9.638 9.71 9.793 9.877 9.925 9.935 9.945 9.952 9.947 9.952 9.975 9.995 10.012 10.02 10.005 9.945 9.853 9.768 9.71 9.67 9.64 9.633 9.683 9.787 9.842 9.835 9.83 9.817
11.285 11.182 11.093 11.055 11.025 10.972 10.895 10.813 10.738 10.68 10.673 10.692 10.708 10.722 10.735 10.74 10.745 10.758 10.77 10.77 10.752 10.728 10.725 10.735 10.702 10.673 10.69 10.72 10.745 10.76 10.682 10.518 10.378 10.275 10.195 10.125 10.06 10.01 9.973 9.94 9.908 9.88 9.87 9.862 9.835 9.777 9.693 9.618 9.57 9.555 9.593 9.67 9.758 9.845 9.9 9.915 9.912 9.865 9.805 9.79 9.805 9.822 9.832 9.828 9.813 9.77 9.695 9.633 9.59 9.55 9.53 9.57 9.67 9.792 9.857 9.847 9.82 9.782
11.222 11.147 11.075 11.025 10.98 10.918 10.838 10.753 10.67 10.625 10.63 10.65 10.67 10.685 10.693 10.698 10.705 10.718 10.71 10.678 10.64 10.623 10.635 10.655 10.648 10.635 10.657 10.687 10.71 10.725 10.667 10.517 10.343 10.218 10.148 10.08 10.015 9.968 9.93 9.893 9.858 9.828 9.813 9.81 9.797 9.748 9.68 9.633 9.603 9.59 9.613 9.668 9.733 9.81 9.872 9.875 9.813 9.71 9.65 9.645 9.65 9.655 9.658 9.658 9.655 9.638 9.588 9.53 9.48 9.438 9.453 9.542 9.657 9.775 9.842 9.822 9.765 9.71
