EGM722_Project_Data/DTM_asc/TL4655.asc
ncols         200
nrows         200
xllcorner     546000.000
yllcorner     255000.000
cellsize      5
NODATA_value  -9999.0
[rows 160 to 191 of 200, columns 0 to 72 of 200]
16.835 16.897 16.875 16.803 16.793 16.855 16.917 16.98 17.042 17.125 17.222 17.182 17.013 16.88 16.85 16.908 16.977 17.03 17.045 17.037 17.035 17.035 16.997 16.912 16.807 16.72 17.375 18.37 18.78 18.978 19.185 19.387 19.545 19.637 19.655 19.635 19.612 19.587 19.567 19.55 19.533 19.525 19.525 19.525 19.523 19.55 19.647 19.695 19.61 19.47 19.31 19.198 19.175 19.16 19.117 19.075 19.033 18.99 18.947 18.897 18.842 18.562 18.06 17.728 17.64 17.658 17.705 17.755 17.792 17.812 17.762 17.637 16.655
16.822 16.815 16.842 16.8 16.63 16.558 16.57 16.65 16.73 16.933 17.15 17.16 17.002 16.81 16.758 16.82 16.892 16.937 16.945 16.945 16.945 16.942 16.895 16.79 16.668 16.568 16.893 17.83 18.567 18.822 19.013 19.208 19.4 19.555 19.605 19.585 19.565 19.545 19.525 19.507 19.49 19.475 19.478 19.49 19.498 19.54 19.65 19.715 19.632 19.47 19.3 19.173 19.165 19.19 19.16 19.12 19.075 19.022 18.944 18.53 17.997 17.598 17.395 17.458 17.515 17.565 17.615 17.667 17.717 17.752 17.69 17.547 16.59
16.805 16.698 16.77 16.93 16.745 16.518 16.37 16.32 16.438 16.822 17.09 17.087 17.005 16.823 16.718 16.748 16.807 16.825 16.805 16.805 16.805 16.8 16.75 16.645 16.54 16.503 16.6 17.248 18.202 18.715 18.922 19.105 19.285 19.462 19.542 19.525 19.505 19.485 19.465 19.45 19.435 19.418 19.433 19.472 19.498 19.54 19.637 19.655 19.555 19.437 19.29 19.145 19.13 19.2 19.192 19.102 18.987 18.472 17.913 17.468 16.981 16.848 17.098 17.352 17.393 17.44 17.493 17.547 17.6 17.61 17.505 17.398 17.406
16.782 16.65 16.638 16.905 16.88 16.62 16.36 16.173 16.288 16.722 16.967 16.937 16.905 16.82 16.74 16.725 16.727 16.693 16.655 16.655 16.652 16.647 16.602 16.51 16.46 16.488 16.528 16.76 17.598 18.452 18.807 19.025 19.215 19.39 19.467 19.45 19.432 19.415 19.395 19.38 19.365 19.35 19.378 19.442 19.492 19.537 19.58 19.505 19.373 19.3 19.22 19.107 19.08 19.1 19.014 18.37 17.765 17.308 16.823 16.778 16.8 16.823 17.028 17.235 17.27 17.315 17.368 17.42 17.465 17.422 17.325 17.315 17.362
16.752 16.605 16.443 16.63 16.742 16.547 16.31 16.203 16.283 16.58 16.77 16.745 16.745 16.752 16.737 16.7 16.643 16.57 16.525 16.508 16.498 16.495 16.46 16.418 16.438 16.492 16.532 16.558 17.045 17.987 18.617 18.902 19.127 19.317 19.395 19.375 19.36 19.345 19.325 19.31 19.298 19.285 19.315 19.39 19.46 19.515 19.482 19.335 19.17 19.073 19.032 18.98 18.912 18.282 17.668 17.15 16.678 16.718 16.735 16.753 16.775 16.795 16.955 17.12 17.153 17.193 17.24 17.287 17.307 17.258 17.228 17.27 17.318
16.72 16.557 16.263 16.235 16.355 16.338 16.275 16.302 16.38 16.515 16.615 16.63 16.66 16.692 16.682 16.633 16.575 16.52 16.475 16.438 16.413 16.395 16.368 16.383 16.442 16.495 16.535 16.56 16.713 17.41 18.285 18.737 18.995 19.225 19.322 19.305 19.29 19.275 19.255 19.24 19.238 19.245 19.273 19.335 19.413 19.49 19.46 19.235 18.985 18.85 18.782 18.177 17.585 17.04 16.568 16.665 16.717 16.73 16.73 16.735 16.748 16.768 16.885 17.005 17.035 17.068 17.108 17.148 17.155 17.15 17.178 17.225 17.273
16.687 16.507 16.18 16.083 16.17 16.245 16.3 16.355 16.42 16.49 16.55 16.595 16.635 16.665 16.648 16.598 16.558 16.523 16.485 16.445 16.41 16.378 16.353 16.363 16.412 16.475 16.527 16.56 16.58 16.91 17.747 18.48 18.827 19.087 19.207 19.19 19.175 19.16 19.143 19.173 19.223 19.248 19.268 19.303 19.37 19.462 19.552 19.415 19.08 18.843 18.122 16.941 16.458 16.57 16.665 16.717 16.73 16.73 16.73 16.73 16.733 16.745 16.815 16.893 16.935 16.998 17.05 17.068 17.068 17.088 17.135 17.182 17.228
16.647 16.435 16.165 16.135 16.218 16.292 16.335 16.36 16.4 16.46 16.517 16.563 16.61 16.655 16.65 16.605 16.565 16.53 16.495 16.455 16.418 16.393 16.375 16.358 16.368 16.42 16.487 16.542 16.58 16.663 17.198 18.087 18.647 18.917 19.06 19.043 19.01 18.995 19.005 19.115 19.232 19.272 19.29 19.305 19.343 19.42 19.595 19.715 19.595 19.422 17.851 16.414 16.557 16.665 16.717 16.73 16.73 16.73 16.73 16.73 16.73 16.733 16.768 16.828 16.903 17.013 17.09 17.095 17.078 17.08 17.103 17.138 17.183
16.505 16.325 16.195 16.213 16.27 16.34 16.385 16.4 16.415 16.445 16.49 16.54 16.595 16.65 16.655 16.615 16.575 16.538 16.502 16.465 16.428 16.41 16.4 16.38 16.363 16.37 16.42 16.49 16.55 16.598 16.8 17.523 18.337 18.742 18.932 18.932 18.853 18.828 18.898 19.07 19.227 19.297 19.315 19.325 19.34 19.39 19.53 19.715 19.82 19.827 18.922 17.265 16.588 16.702 16.73 16.73 16.73 16.73 16.73 16.73 16.73 16.73 16.755 16.828 16.935 17.06 17.15 17.165 17.145 17.128 17.115 17.12 17.145
16.405 16.295 16.27 16.302 16.343 16.397 16.422 16.415 16.405 16.418 16.468 16.527 16.582 16.637 16.655 16.625 16.585 16.545 16.51 16.475 16.445 16.435 16.425 16.403 16.38 16.363 16.37 16.42 16.485 16.55 16.608 17 17.842 18.507 18.81 18.855 18.735 18.703 18.825 19.025 19.212 19.317 19.34 19.35 19.37 19.398 19.438 19.49 19.565 19.635 19.651 18.055 16.556 16.69 16.73 16.73 16.73 16.73 16.73 16.73 16.73 16.73 16.76 16.855 16.985 17.115 17.21 17.232 17.215 17.195 17.175 17.157 17.153
16.46 16.365 16.33 16.368 16.415 16.462 16.437 16.365 16.343 16.378 16.445 16.51 16.568 16.622 16.652 16.635 16.595 16.555 16.52 16.488 16.468 16.462 16.45 16.427 16.405 16.382 16.36 16.368 16.418 16.483 16.555 16.705 17.29 18.145 18.657 18.757 18.658 18.65 18.815 19.01 19.19 19.32 19.378 19.41 19.44 19.45 19.418 19.38 19.395 19.445 19.47 18.62 17.19 16.67 16.73 16.73 16.73 16.73 16.73 16.73 16.73 16.73 16.753 16.845 16.987 17.125 17.215 17.237 17.225 17.205 17.187 17.17 17.155
16.515 16.435 16.393 16.425 16.478 16.527 16.472 16.348 16.308 16.35 16.42 16.49 16.552 16.607 16.652 16.647 16.605 16.565 16.53 16.505 16.493 16.487 16.475 16.452 16.43 16.405 16.378 16.358 16.37 16.428 16.513 16.575 16.798 17.565 18.37 18.635 18.598 18.633 18.832 19.035 19.222 19.387 19.475 19.502 19.517 19.517 19.48 19.415 19.378 19.37 19.37 19.307 17.907 16.651 16.73 16.73 16.73 16.73 16.73 16.73 16.73 16.73 16.735 16.805 16.94 17.052 17.117 17.15 17.15 17.132 17.117 17.1 17.085
16.465 16.482 16.458 16.483 16.542 16.595 16.545 16.428 16.36 16.35 16.395 16.467 16.535 16.592 16.647 16.655 16.615 16.575 16.543 16.525 16.518 16.512 16.5 16.477 16.452 16.425 16.4 16.38 16.375 16.41 16.497 16.555 16.543 16.96 17.877 18.475 18.553 18.628 18.84 19.052 19.247 19.415 19.527 19.572 19.585 19.585 19.55 19.475 19.408 19.375 19.365 19.35 18.425 17.113 16.723 16.73 16.73 16.73 16.73 16.73 16.73 16.73 16.73 16.775 16.862 16.927 16.972 17.017 17.04 17.035 17.02 17.003 17.033
16.277 16.417 16.49 16.545 16.607 16.665 16.64 16.555 16.483 16.42 16.403 16.443 16.512 16.577 16.632 16.652 16.625 16.585 16.558 16.548 16.545 16.54 16.522 16.5 16.475 16.448 16.43 16.423 16.425 16.443 16.51 16.542 16.485 16.575 17.243 18.14 18.51 18.633 18.827 19.002 19.16 19.3 19.435 19.547 19.625 19.655 19.62 19.545 19.465 19.402 19.36 19.312 19.064 17.763 16.706 16.73 16.73 16.73 16.73 16.73 16.73 16.73 16.735 16.765 16.8 16.808 16.828 16.873 16.913 16.93 16.92 16.933 17.09
16.075 16.255 16.427 16.56 16.64 16.697 16.715 16.68 16.617 16.545 16.48 16.455 16.493 16.557 16.617 16.647 16.632 16.598 16.578 16.575 16.572 16.565 16.547 16.523 16.498 16.48 16.478 16.485 16.505 16.538 16.585 16.56 16.458 16.375 16.63 17.512 18.3 18.582 18.74 18.88 19.02 19.16 19.295 19.43 19.562 19.652 19.635 19.54 19.437 19.357 19.292 19.26 19.237 18.23 16.991 16.73 16.73 16.73 16.73 16.733 16.74 16.75 16.765 16.795 16.825 16.83 16.825 16.818 16.808 16.815 16.83 16.935 17.19
15.923 16.085 16.282 16.482 16.622 16.69 16.725 16.74 16.722 16.675 16.607 16.543 16.515 16.54 16.6 16.645 16.64 16.615 16.605 16.602 16.597 16.59 16.572 16.548 16.533 16.535 16.555 16.588 16.63 16.68 16.725 16.677 16.543 16.38 16.33 16.838 17.797 18.412 18.6 18.74 18.88 19.02 19.157 19.292 19.42 19.512 19.49 19.375 19.275 19.225 19.17 19.108 19.067 18.764 17.607 16.73 16.73 16.735 16.745 16.758 16.775 16.795 16.818 16.85 16.89 16.93 16.947 16.925 16.873 16.833 16.843 16.97 17.203
15.818 15.935 16.118 16.343 16.565 16.682 16.707 16.735 16.757 16.757 16.722 16.665 16.605 16.57 16.593 16.642 16.652 16.635 16.63 16.627 16.622 16.615 16.6 16.593 16.61 16.64 16.68 16.73 16.78 16.827 16.87 16.83 16.685 16.478 16.31 16.418 17.123 18 18.42 18.592 18.74 18.88 19.02 19.15 19.242 19.285 19.242 19.155 19.113 19.105 19.062 18.948 18.828 18.802 17.88 16.841 16.75 16.765 16.785 16.805 16.825 16.845 16.873 16.91 16.95 16.99 17.03 17.057 17.055 17.013 16.995 17.078 17.24
15.755 15.83 16.025 16.355 16.61 16.682 16.68 16.703 16.745 16.775 16.782 16.762 16.715 16.66 16.63 16.648 16.665 16.657 16.653 16.65 16.648 16.647 16.655 16.672 16.705 16.742 16.777 16.815 16.855 16.885 16.885 16.83 16.717 16.56 16.405 16.313 16.533 17.325 18.08 18.395 18.585 18.74 18.875 18.972 19.015 19.035 19.022 18.998 18.995 18.995 18.957 18.832 18.652 18.502 18.065 17.22 16.775 16.81 16.835 16.855 16.875 16.895 16.925 16.965 17.005 17.045 17.085 17.125 17.162 17.172 17.19 17.26 17.35
15.72 15.788 16.103 16.552 16.72 16.7 16.673 16.668 16.698 16.74 16.782 16.807 16.795 16.757 16.71 16.68 16.675 16.675 16.673 16.673 16.675 16.67 16.68 16.707 16.732 16.76 16.787 16.812 16.83 16.815 16.77 16.723 16.665 16.605 16.535 16.42 16.328 16.71 17.547 18.12 18.372 18.575 18.7 18.747 18.77 18.793 18.81 18.822 18.832 18.832 18.782 18.632 18.44 18.32 18.17 17.392 16.765 16.817 16.857 16.895 16.925 16.947 16.98 17.02 17.06 17.097 17.13 17.162 17.197 17.225 17.245 17.28 17.325
15.703 15.833 16.272 16.685 16.75 16.73 16.7 16.67 16.658 16.675 16.72 16.772 16.807 16.82 16.795 16.745 16.708 16.695 16.695 16.698 16.7 16.67 16.653 16.68 16.707 16.733 16.76 16.77 16.75 16.708 16.665 16.635 16.595 16.595 16.595 16.527 16.413 16.41 16.935 17.685 18.105 18.347 18.48 18.51 18.538 18.562 18.582 18.595 18.597 18.587 18.52 18.363 18.22 18.152 17.975 17.423 16.898 16.795 16.845 16.897 16.95 16.99 17.018 17.047 17.082 17.112 17.137 17.165 17.185 17.182 17.16 17.16 17.155
15.683 15.913 16.382 16.68 16.705 16.705 16.695 16.685 16.667 16.648 16.648 16.685 16.745 16.81 16.84 16.817 16.775 16.738 16.725 16.725 16.725 16.67 16.628 16.653 16.68 16.707 16.712 16.687 16.65 16.615 16.585 16.555 16.523 16.572 16.615 16.552 16.462 16.355 16.443 17.063 17.745 18.075 18.24 18.287 18.31 18.335 18.345 18.342 18.332 18.315 18.242 18.12 18.04 17.995 17.845 17.5 17.013 16.77 16.825 16.895 16.985 17.062 17.073 17.053 17.063 17.088 17.115 17.132 17.125 17.1 17.06 17.01 16.925
15.655 15.938 16.377 16.595 16.605 16.615 16.625 16.635 16.637 16.627 16.615 16.625 16.66 16.755 16.842 16.85 16.832 16.8 16.768 16.755 16.755 16.688 16.618 16.628 16.652 16.657 16.627 16.593 16.565 16.535 16.505 16.478 16.458 16.498 16.55 16.51 16.402 16.27 16.128 16.438 17.237 17.787 18.005 18.077 18.073 18.07 18.055 18.048 18.043 18.038 17.995 17.93 17.883 17.835 17.715 17.4 16.968 16.778 16.848 16.95 17.065 17.175 17.185 17.115 17.073 17.07 17.077 17.042 16.977 16.91 16.835 16.755 16.659
15.715 15.955 16.312 16.495 16.505 16.515 16.525 16.535 16.545 16.55 16.56 16.58 16.613 16.733 16.837 16.845 16.845 16.837 16.817 16.795 16.782 16.717 16.62 16.593 16.597 16.573 16.538 16.52 16.505 16.488 16.473 16.46 16.453 16.483 16.527 16.413 16.208 16.04 15.86 15.975 16.63 17.36 17.757 17.867 17.86 17.828 17.828 17.865 17.875 17.888 17.88 17.828 17.753 17.685 17.587 17.338 17.028 16.878 16.915 17.032 17.15 17.247 17.24 17.152 17.062 16.965 16.877 16.787 16.682 16.575 16.47 16.392 15.837
15.855 16.005 16.247 16.395 16.405 16.415 16.428 16.45 16.48 16.505 16.535 16.583 16.648 16.755 16.83 16.835 16.835 16.835 16.835 16.825 16.812 16.75 16.623 16.555 16.548 16.533 16.52 16.513 16.508 16.505 16.505 16.503 16.498 16.56 16.63 16.412 15.995 15.72 15.573 15.653 16.075 16.78 17.41 17.645 17.682 17.663 17.65 17.697 17.775 17.852 17.875 17.807 17.695 17.585 17.472 17.342 17.195 17.043 17.01 17.11 17.207 17.22 17.142 17.032 16.89 16.697 16.528 16.413 16.305 16.198 16.09 15.995 15.088
15.982 16.085 16.22 16.313 16.34 16.37 16.4 16.44 16.49 16.538 16.593 16.66 16.73 16.795 16.83 16.835 16.835 16.835 16.835 16.835 16.835 16.787 16.645 16.553 16.558 16.56 16.56 16.557 16.555 16.555 16.555 16.55 16.545 16.615 16.717 16.53 15.983 15.528 15.395 15.475 15.72 16.208 16.93 17.412 17.505 17.575 17.523 17.428 17.517 17.642 17.64 17.585 17.56 17.465 17.33 17.27 17.252 17.185 17.135 17.162 17.175 17.085 16.95 16.79 16.59 16.37 16.183 16.045 15.93 15.823 15.715 15.607 14.967
16.082 16.167 16.247 16.308 16.353 16.4 16.448 16.493 16.543 16.603 16.672 16.732 16.77 16.805 16.835 16.845 16.845 16.845 16.845 16.845 16.835 16.805 16.685 16.59 16.595 16.593 16.592 16.595 16.597 16.602 16.602 16.597 16.595 16.662 16.732 16.542 16.087 15.593 15.375 15.438 15.573 15.818 16.38 17.035 17.31 17.547 17.57 17.275 17.205 17.08 16.905 16.947 17.04 17.07 17.057 17.065 17.1 17.127 17.122 17.085 16.987 16.84 16.685 16.497 16.28 16.06 15.87 15.723 15.595 15.475 15.355 15.235 14.877
16.14 16.207 16.28 16.355 16.405 16.45 16.5 16.55 16.61 16.672 16.72 16.745 16.758 16.793 16.835 16.85 16.85 16.85 16.85 16.85 16.822 16.79 16.715 16.635 16.635 16.635 16.62 16.618 16.625 16.635 16.637 16.637 16.643 16.7 16.702 16.47 16.102 15.675 15.41 15.44 15.55 15.68 15.945 16.515 17.03 17.485 17.574 17.075 16.532 16.093 16.008 16.185 16.378 16.57 16.73 16.785 16.775 16.79 16.82 16.792 16.67 16.507 16.347 16.177 15.977 15.76 15.58 15.44 15.305 15.175 15.045 14.943 14.832
16.177 16.232 16.285 16.377 16.455 16.5 16.555 16.61 16.662 16.7 16.712 16.72 16.74 16.788 16.837 16.855 16.855 16.855 16.855 16.845 16.8 16.758 16.732 16.673 16.658 16.685 16.668 16.645 16.645 16.653 16.657 16.665 16.667 16.665 16.595 16.4 16.095 15.72 15.475 15.465 15.56 15.665 15.783 16.073 16.627 17.064 16.805 16.208 15.718 15.503 15.615 15.82 16.09 16.343 16.48 16.462 16.4 16.365 16.37 16.382 16.305 16.15 15.993 15.835 15.66 15.463 15.293 15.158 15.048 14.968 14.89 14.84 14.837
16.212 16.252 16.288 16.395 16.507 16.555 16.602 16.642 16.67 16.68 16.683 16.698 16.73 16.785 16.842 16.865 16.865 16.865 16.862 16.832 16.768 16.723 16.73 16.687 16.66 16.712 16.727 16.703 16.68 16.673 16.675 16.682 16.667 16.597 16.455 16.277 16.07 15.773 15.553 15.525 15.58 15.673 15.775 15.873 16.105 16.172 15.775 15.453 15.455 15.55 15.652 15.8 16.04 16.22 16.217 16.145 16.075 16.005 15.958 15.953 15.917 15.795 15.638 15.483 15.323 15.178 15.073 14.993 14.938 14.91 14.885 14.863 14.875
16.225 16.27 16.328 16.435 16.545 16.587 16.615 16.635 16.647 16.648 16.655 16.678 16.72 16.785 16.847 16.875 16.875 16.875 16.86 16.807 16.733 16.69 16.705 16.685 16.668 16.72 16.767 16.77 16.74 16.713 16.697 16.682 16.64 16.545 16.375 16.165 15.975 15.76 15.615 15.607 15.632 15.68 15.707 15.69 15.613 15.478 15.328 15.293 15.39 15.497 15.14 14.723 15.375 16 15.923 15.843 15.768 15.69 15.613 15.555 15.52 15.435 15.285 15.163 15.078 15.023 15 14.98 14.955 14.93 14.905 14.893 14.92
16.203 16.25 16.34 16.445 16.545 16.587 16.602 16.61 16.61 16.615 16.635 16.665 16.715 16.782 16.847 16.882 16.885 16.88 16.842 16.773 16.7 16.66 16.675 16.692 16.69 16.72 16.78 16.817 16.81 16.775 16.682 16.575 16.502 16.4 16.232 16.027 15.843 15.693 15.628 15.64 15.662 15.662 15.578 15.435 15.303 15.188 15.095 15.11 14.905 14.63 14.593 14.613 15.255 15.82 15.738 15.645 15.558 15.468 15.378 15.29 15.215 15.143 15.058 15.005 14.993 14.998 15.007 15 14.975 14.95 14.925 14.928 14.97
16.18 16.203 16.288 16.397 16.492 16.55 16.577 16.577 16.578 16.593 16.618 16.655 16.713 16.778 16.845 16.887 16.895 16.872 16.812 16.74 16.668 16.628 16.645 16.685 16.7 16.723 16.78 16.837 16.847 16.745 16.537 16.363 16.27 16.177 16.023 15.853 15.735 15.648 15.613 15.625 15.647 15.627 15.505 15.33 15.165 14.96 14.683 14.503 14.45 14.461 14.988 15.612 15.747 15.72 15.65 15.565 15.473 15.375 15.278 15.18 15.083 15.013 14.988 14.978 14.97 14.98 15 15.01 14.995 14.968 14.95 14.97 15.02
