EGM722_Project_Data/DTM_asc/TL4662.asc
ncols         200
nrows         200
xllcorner     546000.000
yllcorner     262000.000
cellsize      5
NODATA_value  -9999.0
[rows 32 to 63 of 200, columns 73 to 145 of 200]
23.645 23.645 23.675 23.68 23.64 23.59 23.688 23.817 23.757 23.497 23.037 22.48 21.915 21.272 20.55 19.807 18.977 17.9 16.818 16.138 15.703 15.572 15.269 14.165 12.675 11.673 11.505 11.54 11.442 11.305 11.183 11.123 11.118 11.123 11.127 11.125 11.102 11.07 11.055 11.047 11.03 11.01 10.993 10.978 10.965 10.958 10.958 10.965 10.975 10.98 10.97 10.94 10.905 10.87 10.815 10.728 10.908 11.843 12.862 13.272 13.355 13.282 13.118 12.917 12.515 11.498 10.61 10.498 10.622 10.745 10.785 10.72 10.625
23.378 23.375 23.412 23.437 23.438 23.518 23.72 23.797 23.572 23.1 22.525 21.947 21.375 20.737 19.967 19.107 18.208 17.308 16.69 16.325 16.068 15.71 14.79 13.44 12.135 11.56 11.612 11.607 11.497 11.367 11.243 11.178 11.168 11.168 11.17 11.155 11.12 11.083 11.06 11.045 11.025 11.005 10.988 10.97 10.953 10.948 10.955 10.965 10.972 10.967 10.94 10.9 10.865 10.83 10.788 10.823 11.607 12.754 13.307 13.42 13.388 13.285 13.108 12.832 12.015 10.9 10.47 10.585 10.707 10.777 10.74 10.65 10.558
23.188 23.113 23.12 23.155 23.237 23.42 23.655 23.595 23.147 22.597 22.027 21.352 20.487 19.578 18.86 18.253 17.613 17.208 17.177 17.169 16.682 15.445 13.938 12.558 11.723 11.653 11.712 11.635 11.525 11.41 11.295 11.235 11.222 11.212 11.205 11.18 11.14 11.1 11.068 11.045 11.025 11.008 10.993 10.975 10.958 10.955 10.965 10.972 10.972 10.96 10.93 10.89 10.853 10.815 10.775 10.815 11.632 12.927 13.519 13.577 13.58 13.46 13.2 12.552 11.37 10.595 10.56 10.708 10.8 10.77 10.685 10.595 10.513
23.033 22.885 22.828 22.835 22.94 23.157 23.325 23.1 22.572 22.025 21.17 20.095 19.24 18.628 18.286 18.09 17.87 17.582 17.407 17.257 16.227 14.558 13.08 11.943 11.578 11.705 11.687 11.57 11.455 11.35 11.282 11.27 11.267 11.255 11.235 11.2 11.163 11.125 11.085 11.053 11.03 11.015 11.002 10.988 10.973 10.97 10.98 10.982 10.975 10.967 10.95 10.917 10.88 10.84 10.79 10.728 10.965 11.765 12.757 13.582 13.942 13.705 13.055 11.92 10.846 10.578 10.753 10.892 10.865 10.735 10.643 10.563 10.493
22.84 22.7 22.598 22.538 22.59 22.805 22.872 22.492 21.932 21.195 20.035 19.063 18.738 18.685 18.642 18.537 18.295 17.66 17.037 16.425 15.202 13.718 12.378 11.623 11.535 11.577 11.515 11.405 11.3 11.205 11.198 11.265 11.29 11.282 11.26 11.223 11.187 11.15 11.105 11.063 11.035 11.02 11.01 11 10.988 10.983 10.985 10.98 10.97 10.965 10.96 10.945 10.915 10.87 10.815 10.765 10.713 10.753 11.248 12.36 13.491 13.512 12.475 11.253 10.678 10.828 11.02 11.035 10.857 10.693 10.61 10.543 10.478
22.648 22.525 22.415 22.31 22.275 22.475 22.51 22.015 21.285 20.273 19.401 19.125 19.058 19.002 18.982 18.867 18.387 17.367 16.33 15.415 14.23 12.908 11.933 11.568 11.495 11.433 11.338 11.245 11.155 11.075 11.113 11.247 11.305 11.297 11.277 11.245 11.212 11.173 11.128 11.083 11.048 11.03 11.02 11.01 11 10.992 10.985 10.975 10.965 10.96 10.96 10.955 10.935 10.898 10.855 10.815 10.765 10.7 10.633 10.928 11.85 12.479 11.787 10.838 10.78 11.075 11.187 11.052 10.823 10.673 10.6 10.53 10.465
22.415 22.213 22.087 21.975 21.923 22.162 22.03 21.33 20.505 19.688 19.385 19.405 19.402 19.24 18.942 18.582 17.875 16.752 15.573 14.51 13.433 12.368 11.785 11.647 11.517 11.363 11.213 11.105 11.015 10.968 11.05 11.22 11.31 11.312 11.295 11.265 11.237 11.2 11.155 11.11 11.068 11.045 11.035 11.028 11.017 10.998 10.98 10.97 10.96 10.955 10.952 10.947 10.942 10.932 10.905 10.865 10.817 10.755 10.687 10.62 10.713 11.115 10.975 10.648 10.88 11.142 11.197 11.02 10.803 10.67 10.605 10.535 10.468
22.19 21.848 21.63 21.525 21.525 21.602 21.285 20.565 19.933 19.605 19.58 19.615 19.532 19.085 18.363 17.723 17.035 15.992 14.81 13.748 12.788 12.065 11.745 11.63 11.487 11.31 11.128 10.98 10.875 10.873 11 11.175 11.297 11.327 11.315 11.29 11.265 11.23 11.185 11.14 11.095 11.07 11.06 11.052 11.04 11.01 10.978 10.96 10.95 10.945 10.94 10.935 10.94 10.947 10.942 10.915 10.87 10.81 10.74 10.673 10.62 10.583 10.568 10.653 10.86 11.067 11.125 10.987 10.79 10.675 10.615 10.55 10.48
21.96 21.608 21.295 21.223 21.232 21.165 21.01 20.51 19.965 19.782 19.715 19.552 19.2 18.582 17.738 16.913 16.197 15.237 14.055 13.033 12.188 11.743 11.682 11.602 11.442 11.255 11.068 10.89 10.76 10.79 10.953 11.128 11.28 11.34 11.33 11.315 11.292 11.257 11.215 11.17 11.125 11.1 11.09 11.077 11.062 11.032 10.99 10.958 10.94 10.935 10.932 10.93 10.933 10.94 10.952 10.952 10.92 10.863 10.805 10.768 10.755 10.75 10.733 10.738 10.843 10.982 11.03 10.935 10.778 10.68 10.62 10.557 10.493
21.788 21.567 21.268 21.097 20.975 20.905 20.977 20.819 20.267 19.812 19.5 19.065 18.565 17.957 17.155 16.26 15.435 14.467 13.265 12.31 11.685 11.493 11.617 11.57 11.39 11.2 11.012 10.823 10.705 10.77 10.945 11.12 11.277 11.347 11.34 11.33 11.315 11.285 11.242 11.197 11.152 11.125 11.112 11.097 11.082 11.052 11.01 10.968 10.935 10.925 10.925 10.925 10.925 10.933 10.948 10.962 10.96 10.94 10.927 10.93 10.94 10.94 10.922 10.897 10.9 10.92 10.918 10.862 10.763 10.683 10.625 10.565 10.505
21.762 21.52 21.152 20.87 20.678 20.535 20.52 20.495 20.137 19.612 19.105 18.59 18.047 17.352 16.5 15.61 14.687 13.543 12.38 11.698 11.44 11.468 11.587 11.52 11.332 11.14 10.95 10.758 10.7 10.828 11.003 11.175 11.302 11.345 11.34 11.33 11.315 11.285 11.24 11.195 11.16 11.132 11.11 11.095 11.08 11.05 11.01 10.97 10.943 10.935 10.935 10.933 10.928 10.93 10.943 10.958 10.972 10.995 11.017 11.032 11.047 11.055 11.04 11.007 10.97 10.92 10.87 10.823 10.758 10.695 10.64 10.585 10.533
21.702 21.36 20.903 20.648 20.518 20.383 20.245 20.015 19.72 19.332 18.817 18.25 17.585 16.747 15.803 14.89 13.86 12.68 11.808 11.468 11.433 11.492 11.507 11.427 11.265 11.07 10.88 10.725 10.745 10.913 11.085 11.235 11.317 11.335 11.33 11.315 11.29 11.255 11.21 11.173 11.155 11.132 11.1 11.078 11.062 11.032 10.993 10.968 10.96 10.96 10.96 10.952 10.94 10.935 10.943 10.955 10.97 11 11.03 11.05 11.067 11.075 11.067 11.045 11.01 10.96 10.9 10.84 10.78 10.723 10.67 10.625 10.583
21.565 21.275 20.855 20.625 20.517 20.395 20.212 19.862 19.47 19.052 18.47 17.772 17.005 16.122 15.118 14.135 13.133 12.268 11.698 11.423 11.39 11.375 11.345 11.302 11.185 11 10.81 10.728 10.825 10.995 11.155 11.262 11.312 11.327 11.315 11.29 11.26 11.225 11.19 11.17 11.16 11.137 11.103 11.07 11.048 11.02 10.993 10.983 10.98 10.98 10.977 10.965 10.95 10.945 10.95 10.958 10.97 11 11.035 11.062 11.082 11.087 11.082 11.072 11.05 11.002 10.94 10.878 10.815 10.76 10.715 10.675 10.635
21.47 21.24 20.873 20.638 20.527 20.4 20.117 19.682 19.235 18.687 17.965 17.18 16.39 15.5 14.457 13.465 12.653 12.028 11.575 11.345 11.283 11.228 11.185 11.155 11.082 10.93 10.763 10.755 10.905 11.075 11.205 11.267 11.305 11.315 11.29 11.26 11.23 11.203 11.185 11.175 11.165 11.142 11.108 11.07 11.038 11.018 11.01 11.005 11 10.997 10.99 10.975 10.96 10.955 10.96 10.965 10.97 10.995 11.032 11.067 11.095 11.102 11.097 11.09 11.075 11.037 10.98 10.915 10.85 10.8 10.76 10.72 10.682
21.495 21.31 20.983 20.648 20.487 20.282 19.915 19.447 18.932 18.197 17.35 16.56 15.77 14.84 13.748 12.84 12.218 11.69 11.378 11.283 11.205 11.125 11.058 11.003 10.95 10.845 10.753 10.823 10.982 11.132 11.227 11.265 11.3 11.305 11.273 11.24 11.213 11.188 11.17 11.16 11.152 11.142 11.115 11.075 11.04 11.025 11.022 11.018 11.02 11.02 11.007 10.99 10.97 10.96 10.962 10.967 10.973 10.99 11.025 11.065 11.097 11.105 11.095 11.085 11.072 11.052 11.012 10.952 10.89 10.84 10.8 10.76 10.725
21.595 21.532 21.342 20.713 20.333 20.037 19.63 19.125 18.532 17.725 16.783 15.93 15.115 14.107 12.965 12.148 11.71 11.408 11.27 11.22 11.14 11.06 10.98 10.9 10.833 10.758 10.76 10.887 11.037 11.162 11.232 11.265 11.3 11.305 11.27 11.235 11.207 11.178 11.148 11.13 11.125 11.125 11.115 11.085 11.05 11.033 11.028 11.03 11.042 11.045 11.03 11.005 10.975 10.96 10.96 10.968 10.98 10.995 11.018 11.05 11.085 11.092 11.078 11.065 11.055 11.045 11.027 10.987 10.927 10.875 10.838 10.802 10.768
21.658 21.55 21.487 20.812 20.185 19.755 19.31 18.73 18.092 17.32 16.335 15.353 14.425 13.343 12.308 11.708 11.453 11.318 11.25 11.193 11.118 11.045 10.975 10.903 10.83 10.768 10.803 10.933 11.072 11.182 11.235 11.268 11.302 11.305 11.27 11.233 11.2 11.17 11.138 11.108 11.093 11.093 11.095 11.085 11.06 11.04 11.04 11.053 11.067 11.067 11.045 11.01 10.973 10.958 10.963 10.975 10.99 11.005 11.02 11.04 11.067 11.075 11.062 11.048 11.035 11.028 11.022 11.005 10.96 10.91 10.875 10.845 10.812
21.607 21.16 20.942 20.495 19.957 19.462 18.93 18.295 17.647 16.917 15.95 14.857 13.765 12.64 11.875 11.598 11.48 11.405 11.333 11.25 11.173 11.108 11.045 10.983 10.92 10.865 10.883 10.988 11.112 11.2 11.24 11.273 11.307 11.31 11.275 11.233 11.193 11.16 11.13 11.095 11.068 11.063 11.065 11.065 11.057 11.05 11.06 11.075 11.09 11.087 11.055 11.015 10.975 10.96 10.973 10.988 11.003 11.018 11.03 11.045 11.057 11.055 11.045 11.033 11.02 11.013 11.008 11 10.98 10.947 10.915 10.885 10.855
21.432 20.793 20.418 20.043 19.658 19.172 18.55 17.89 17.24 16.485 15.477 14.33 13.143 12.168 11.755 11.663 11.61 11.56 11.475 11.37 11.275 11.203 11.138 11.075 11.018 10.965 10.97 11.055 11.155 11.217 11.253 11.285 11.317 11.32 11.285 11.243 11.203 11.16 11.12 11.085 11.055 11.045 11.045 11.045 11.043 11.05 11.07 11.085 11.1 11.1 11.072 11.035 10.995 10.98 10.995 11.013 11.028 11.04 11.053 11.062 11.057 11.045 11.033 11.023 11.02 11.015 11.008 11 10.987 10.965 10.935 10.902 10.865
21.205 20.595 20.225 19.845 19.442 18.912 18.225 17.525 16.865 16.045 14.935 13.738 12.663 12.058 11.91 11.847 11.787 11.705 11.605 11.5 11.395 11.305 11.233 11.173 11.118 11.065 11.053 11.108 11.185 11.235 11.27 11.305 11.335 11.335 11.3 11.263 11.23 11.18 11.12 11.075 11.043 11.03 11.03 11.027 11.02 11.033 11.065 11.085 11.1 11.105 11.092 11.065 11.025 11.013 11.028 11.045 11.062 11.075 11.085 11.08 11.058 11.04 11.028 11.023 11.03 11.032 11.025 11.01 10.987 10.96 10.93 10.892 10.845
20.948 20.418 20.035 19.633 19.215 18.667 17.945 17.198 16.5 15.625 14.413 13.195 12.453 12.205 12.075 11.982 11.915 11.812 11.715 11.612 11.512 11.415 11.33 11.27 11.215 11.16 11.133 11.15 11.203 11.252 11.288 11.322 11.355 11.352 11.318 11.285 11.255 11.207 11.14 11.078 11.033 11.015 11.012 11.005 10.995 11.008 11.047 11.082 11.102 11.105 11.097 11.085 11.055 11.045 11.062 11.078 11.095 11.107 11.105 11.085 11.055 11.035 11.028 11.03 11.042 11.047 11.035 11.012 10.985 10.952 10.915 10.87 10.823
20.723 20.285 19.873 19.445 19.018 18.443 17.695 16.925 16.175 15.22 13.933 12.85 12.383 12.21 12 11.963 11.985 11.877 11.78 11.682 11.587 11.492 11.41 11.352 11.3 11.253 11.23 11.225 11.243 11.278 11.31 11.34 11.373 11.373 11.34 11.31 11.28 11.232 11.165 11.098 11.038 11.005 10.995 10.983 10.97 10.983 11.023 11.067 11.1 11.105 11.098 11.092 11.078 11.075 11.092 11.107 11.125 11.127 11.107 11.08 11.053 11.038 11.037 11.045 11.057 11.057 11.035 11.008 10.98 10.942 10.895 10.845 10.798
20.718 20.333 19.9 19.46 19 18.373 17.595 16.815 16.04 15.028 13.803 12.9 12.348 11.978 11.808 11.92 12.032 11.93 11.825 11.728 11.632 11.538 11.463 11.422 11.38 11.343 11.33 11.323 11.33 11.365 11.405 11.43 11.453 11.448 11.413 11.378 11.335 11.268 11.193 11.128 11.063 11.02 11.003 10.988 10.973 10.983 11.02 11.063 11.095 11.107 11.11 11.105 11.098 11.093 11.098 11.115 11.132 11.125 11.097 11.07 11.045 11.035 11.04 11.047 11.055 11.055 11.035 11.008 10.98 10.94 10.888 10.835 10.793
20.887 20.515 20.08 19.617 19.107 18.447 17.65 16.853 16.072 15.048 14.015 13.308 12.588 11.888 11.688 11.942 12.082 11.99 11.87 11.773 11.677 11.58 11.508 11.485 11.457 11.425 11.42 11.423 11.443 11.492 11.55 11.587 11.602 11.585 11.54 11.49 11.43 11.335 11.235 11.16 11.095 11.055 11.038 11.022 11.005 11.008 11.04 11.075 11.092 11.107 11.125 11.125 11.12 11.108 11.095 11.103 11.115 11.107 11.083 11.058 11.038 11.028 11.028 11.033 11.04 11.042 11.03 11.01 10.985 10.945 10.893 10.845 10.815
21.072 20.695 20.232 19.725 19.192 18.537 17.733 16.91 16.11 15.188 14.373 13.8 13.112 12.248 11.795 11.97 12.14 12.062 11.923 11.818 11.72 11.62 11.553 11.54 11.53 11.515 11.52 11.533 11.558 11.608 11.675 11.735 11.752 11.72 11.665 11.605 11.542 11.44 11.31 11.203 11.125 11.088 11.072 11.055 11.035 11.035 11.057 11.075 11.08 11.095 11.122 11.14 11.142 11.13 11.11 11.098 11.1 11.092 11.07 11.05 11.035 11.025 11.02 11.023 11.03 11.03 11.02 11.007 10.985 10.945 10.903 10.87 10.845
21.245 20.847 20.337 19.805 19.275 18.635 17.845 17.018 16.205 15.468 14.845 14.272 13.66 12.948 12.325 12.125 12.195 12.145 11.988 11.865 11.762 11.66 11.598 11.59 11.592 11.6 11.622 11.645 11.672 11.717 11.762 11.797 11.805 11.772 11.727 11.682 11.637 11.55 11.415 11.283 11.175 11.123 11.105 11.088 11.07 11.06 11.063 11.068 11.07 11.085 11.113 11.14 11.157 11.15 11.13 11.11 11.098 11.083 11.063 11.047 11.033 11.023 11.02 11.023 11.028 11.023 11.01 10.998 10.98 10.953 10.925 10.903 10.88
21.36 20.945 20.417 19.885 19.355 18.767 18.045 17.235 16.433 15.818 15.325 14.767 14.19 13.617 13.042 12.573 12.353 12.228 12.063 11.92 11.805 11.7 11.64 11.632 11.635 11.647 11.68 11.715 11.727 11.735 11.742 11.74 11.737 11.722 11.695 11.667 11.655 11.607 11.49 11.353 11.243 11.19 11.17 11.153 11.127 11.098 11.085 11.088 11.09 11.105 11.13 11.155 11.177 11.175 11.155 11.132 11.103 11.078 11.06 11.043 11.03 11.028 11.03 11.033 11.035 11.028 11.015 11 10.985 10.978 10.965 10.945 10.923
21.43 21.017 20.495 19.965 19.435 18.89 18.272 17.525 16.738 16.17 15.76 15.27 14.71 14.165 13.655 13.163 12.808 12.618 12.458 12.245 11.923 11.678 11.648 11.665 11.665 11.673 11.698 11.735 11.715 11.665 11.653 11.648 11.645 11.637 11.62 11.613 11.63 11.622 11.53 11.405 11.328 11.292 11.262 11.227 11.185 11.148 11.133 11.13 11.13 11.145 11.17 11.19 11.205 11.2 11.18 11.15 11.105 11.073 11.057 11.043 11.035 11.04 11.047 11.05 11.05 11.045 11.035 11.023 11.01 11.007 11.007 10.995 10.973
21.505 21.092 20.575 20.045 19.515 18.967 18.402 17.762 17.043 16.49 16.115 15.707 15.212 14.683 14.218 13.838 13.565 13.385 13.177 12.88 12.35 11.778 11.625 11.69 11.695 11.7 11.718 11.742 11.692 11.6 11.57 11.565 11.557 11.553 11.568 11.595 11.62 11.637 11.58 11.485 11.42 11.362 11.317 11.277 11.23 11.198 11.185 11.178 11.173 11.183 11.205 11.22 11.23 11.225 11.197 11.155 11.105 11.07 11.055 11.048 11.043 11.048 11.06 11.067 11.07 11.065 11.055 11.045 11.035 11.033 11.037 11.035 11.023
21.608 21.195 20.678 20.143 19.608 19.053 18.483 17.905 17.305 16.813 16.44 16.067 15.657 15.253 14.93 14.662 14.415 14.167 13.877 13.555 13.06 12.34 11.808 11.693 11.725 11.732 11.747 11.742 11.66 11.54 11.488 11.482 11.46 11.46 11.55 11.625 11.64 11.657 11.622 11.545 11.467 11.385 11.33 11.3 11.267 11.248 11.24 11.23 11.22 11.22 11.232 11.245 11.255 11.245 11.205 11.155 11.105 11.073 11.063 11.058 11.053 11.058 11.07 11.083 11.09 11.085 11.075 11.067 11.06 11.057 11.06 11.062 11.062
21.782 21.385 20.865 20.325 19.805 19.268 18.695 18.128 17.6 17.183 16.825 16.455 16.085 15.83 15.652 15.422 15.162 14.865 14.545 14.227 13.82 13.192 12.445 11.908 11.75 11.755 11.722 11.657 11.577 11.48 11.413 11.38 11.315 11.343 11.52 11.657 11.69 11.682 11.645 11.57 11.483 11.4 11.335 11.298 11.285 11.292 11.295 11.282 11.265 11.25 11.247 11.252 11.26 11.245 11.2 11.15 11.113 11.1 11.1 11.095 11.09 11.095 11.105 11.117 11.115 11.1 11.09 11.085 11.077 11.07 11.07 11.072 11.077
22.02 21.632 21.11 20.593 20.117 19.605 19.038 18.483 17.973 17.585 17.257 16.895 16.543 16.338 16.235 16.065 15.83 15.54 15.223 14.92 14.582 14.022 13.288 12.563 12.075 11.803 11.593 11.48 11.42 11.375 11.335 11.285 11.203 11.233 11.415 11.607 11.702 11.702 11.67 11.6 11.508 11.42 11.34 11.293 11.295 11.327 11.345 11.332 11.3 11.27 11.255 11.25 11.252 11.235 11.19 11.155 11.145 11.15 11.155 11.152 11.148 11.153 11.162 11.16 11.135 11.11 11.1 11.09 11.077 11.07 11.07 11.073 11.078
