EGM722_Project_Data/DTM_asc/TL4660.asc
ncols         200
nrows         200
xllcorner     546000.000
yllcorner     260000.000
cellsize      5
NODATA_value  -9999.0
[rows 68 to 101 of 200, columns 78 to 155 of 200]
10.193 10.235 10.288 10.35 10.405 10.443 10.498 10.575 10.637 10.612 10.543 10.515 10.49 10.442 10.372 10.295 10.258 10.252 10.235 10.205 10.168 10.135 10.12 10.115 10.145 10.19 10.202 10.187 10.165 10.137 10.092 10.04 9.995 9.968 9.96 9.96 9.96 9.96 9.957 9.955 9.915 9.833 9.75 9.678 9.66 9.687 9.707 9.72 9.697 9.658 9.65 9.665 9.68 9.695 9.71 9.717 9.725 9.743 9.765 9.76 9.73 9.7 9.667 9.632 9.597 9.56 9.5 9.417 9.335 9.252 9.17 9.115 9.115 9.137 9.145 9.13 9.072 8.99
10.16 10.195 10.242 10.293 10.348 10.407 10.48 10.557 10.632 10.65 10.612 10.58 10.535 10.467 10.387 10.308 10.255 10.23 10.205 10.175 10.153 10.14 10.13 10.125 10.14 10.147 10.13 10.105 10.085 10.07 10.045 10.007 9.973 9.96 9.96 9.96 9.96 9.96 9.96 9.957 9.92 9.84 9.755 9.673 9.635 9.64 9.643 9.648 9.635 9.628 9.64 9.655 9.67 9.682 9.695 9.702 9.73 9.77 9.797 9.792 9.76 9.73 9.7 9.67 9.637 9.585 9.507 9.422 9.34 9.255 9.17 9.093 9.065 9.085 9.11 9.122 9.08 9.005
10.138 10.153 10.195 10.242 10.29 10.35 10.422 10.497 10.572 10.635 10.635 10.585 10.53 10.462 10.387 10.315 10.26 10.223 10.193 10.168 10.153 10.145 10.137 10.125 10.107 10.083 10.053 10.025 10.003 9.987 9.972 9.952 9.942 9.942 9.94 9.94 9.94 9.937 9.935 9.927 9.9 9.842 9.762 9.678 9.628 9.615 9.608 9.6 9.59 9.592 9.605 9.617 9.63 9.64 9.65 9.655 9.692 9.755 9.802 9.807 9.772 9.737 9.705 9.672 9.637 9.58 9.502 9.42 9.332 9.247 9.163 9.085 9.055 9.07 9.093 9.115 9.1 9.04
10.125 10.118 10.14 10.185 10.228 10.27 10.33 10.405 10.488 10.58 10.617 10.58 10.525 10.455 10.38 10.323 10.285 10.243 10.198 10.17 10.155 10.145 10.132 10.105 10.068 10.033 9.995 9.953 9.92 9.903 9.885 9.87 9.875 9.89 9.895 9.895 9.895 9.892 9.885 9.867 9.847 9.82 9.762 9.683 9.633 9.62 9.607 9.588 9.56 9.54 9.54 9.55 9.56 9.57 9.577 9.583 9.62 9.69 9.75 9.77 9.747 9.71 9.675 9.642 9.6 9.542 9.475 9.4 9.317 9.235 9.15 9.09 9.08 9.09 9.105 9.125 9.12 9.077
10.113 10.1 10.103 10.13 10.17 10.205 10.248 10.315 10.403 10.505 10.58 10.575 10.517 10.448 10.385 10.353 10.327 10.275 10.215 10.175 10.155 10.14 10.11 10.07 10.03 9.987 9.937 9.88 9.84 9.82 9.805 9.8 9.805 9.818 9.83 9.84 9.845 9.842 9.828 9.803 9.783 9.765 9.737 9.682 9.638 9.622 9.605 9.582 9.55 9.51 9.485 9.485 9.495 9.502 9.505 9.508 9.548 9.617 9.67 9.7 9.7 9.67 9.638 9.607 9.56 9.497 9.43 9.362 9.292 9.217 9.143 9.105 9.107 9.113 9.123 9.14 9.132 9.095
10.1 10.09 10.082 10.088 10.113 10.145 10.178 10.23 10.318 10.425 10.527 10.56 10.512 10.45 10.41 10.395 10.37 10.315 10.25 10.193 10.15 10.118 10.078 10.033 9.983 9.925 9.863 9.803 9.773 9.768 9.765 9.77 9.775 9.778 9.785 9.795 9.803 9.803 9.793 9.768 9.74 9.72 9.7 9.67 9.637 9.615 9.595 9.57 9.535 9.495 9.458 9.433 9.428 9.43 9.43 9.433 9.473 9.537 9.585 9.622 9.645 9.632 9.605 9.572 9.517 9.45 9.383 9.323 9.263 9.2 9.14 9.115 9.122 9.13 9.142 9.157 9.145 9.105
10.067 10.052 10.042 10.045 10.065 10.095 10.128 10.168 10.228 10.332 10.455 10.525 10.512 10.467 10.445 10.435 10.407 10.35 10.282 10.215 10.153 10.105 10.065 10.007 9.95 9.903 9.84 9.778 9.748 9.75 9.757 9.763 9.768 9.772 9.775 9.78 9.79 9.795 9.79 9.757 9.718 9.7 9.68 9.653 9.627 9.605 9.58 9.545 9.505 9.467 9.432 9.4 9.37 9.355 9.355 9.36 9.4 9.455 9.495 9.545 9.587 9.59 9.57 9.53 9.465 9.408 9.368 9.323 9.268 9.21 9.14 9.1 9.105 9.117 9.132 9.162 9.167 9.128
10 9.988 9.99 10.005 10.03 10.06 10.093 10.125 10.158 10.22 10.328 10.445 10.48 10.442 10.412 10.405 10.397 10.36 10.3 10.23 10.165 10.115 10.06 9.975 9.92 9.9 9.86 9.802 9.758 9.748 9.753 9.757 9.763 9.768 9.773 9.785 9.8 9.805 9.787 9.74 9.693 9.675 9.665 9.64 9.615 9.59 9.555 9.515 9.475 9.435 9.405 9.385 9.348 9.303 9.283 9.285 9.323 9.373 9.423 9.487 9.527 9.535 9.522 9.478 9.425 9.398 9.385 9.352 9.3 9.235 9.148 9.08 9.065 9.08 9.108 9.172 9.205 9.165
9.928 9.935 9.955 9.975 9.998 10.025 10.057 10.087 10.115 10.143 10.198 10.3 10.345 10.325 10.318 10.328 10.342 10.33 10.292 10.237 10.175 10.115 10.032 9.93 9.875 9.862 9.845 9.812 9.775 9.753 9.748 9.753 9.76 9.77 9.78 9.795 9.81 9.812 9.78 9.72 9.665 9.64 9.64 9.627 9.6 9.565 9.525 9.485 9.445 9.41 9.388 9.372 9.345 9.288 9.23 9.213 9.245 9.308 9.385 9.445 9.462 9.47 9.472 9.452 9.43 9.42 9.41 9.382 9.33 9.252 9.16 9.075 9.035 9.05 9.108 9.202 9.24 9.187
9.885 9.898 9.92 9.94 9.963 9.99 10.022 10.052 10.078 10.105 10.135 10.175 10.2 10.215 10.245 10.272 10.287 10.277 10.252 10.22 10.172 10.097 9.993 9.888 9.833 9.823 9.82 9.812 9.79 9.76 9.745 9.747 9.76 9.775 9.785 9.8 9.812 9.805 9.762 9.7 9.638 9.605 9.607 9.597 9.57 9.535 9.495 9.452 9.415 9.39 9.375 9.368 9.345 9.285 9.21 9.165 9.193 9.277 9.355 9.39 9.398 9.405 9.412 9.417 9.427 9.437 9.435 9.412 9.355 9.267 9.172 9.08 9.023 9.04 9.115 9.205 9.225 9.15
9.883 9.883 9.89 9.905 9.928 9.955 9.985 10.015 10.042 10.065 10.087 10.108 10.13 10.16 10.19 10.217 10.232 10.222 10.198 10.175 10.145 10.07 9.955 9.858 9.82 9.825 9.827 9.817 9.795 9.765 9.74 9.735 9.75 9.765 9.775 9.78 9.77 9.75 9.712 9.657 9.6 9.56 9.545 9.525 9.5 9.472 9.44 9.413 9.398 9.39 9.385 9.377 9.34 9.272 9.2 9.14 9.16 9.25 9.307 9.325 9.335 9.342 9.34 9.34 9.362 9.392 9.41 9.407 9.35 9.25 9.15 9.05 8.978 8.99 9.062 9.14 9.145 9.065
9.897 9.89 9.883 9.883 9.895 9.92 9.95 9.975 9.997 10.015 10.03 10.05 10.075 10.105 10.135 10.162 10.177 10.167 10.145 10.133 10.115 10.045 9.943 9.868 9.848 9.855 9.842 9.82 9.795 9.765 9.735 9.72 9.727 9.74 9.735 9.71 9.68 9.662 9.637 9.59 9.54 9.493 9.455 9.425 9.4 9.375 9.35 9.363 9.397 9.412 9.41 9.385 9.33 9.26 9.19 9.12 9.13 9.202 9.242 9.26 9.27 9.275 9.27 9.263 9.27 9.297 9.322 9.32 9.272 9.18 9.072 8.965 8.89 8.895 8.96 9.035 9.037 8.967
9.912 9.905 9.895 9.885 9.883 9.89 9.905 9.922 9.938 9.953 9.968 9.988 10.015 10.045 10.075 10.105 10.122 10.115 10.103 10.102 10.095 10.04 9.96 9.903 9.88 9.87 9.847 9.822 9.795 9.765 9.735 9.71 9.695 9.682 9.652 9.608 9.58 9.575 9.56 9.52 9.47 9.42 9.375 9.335 9.303 9.275 9.273 9.33 9.405 9.437 9.422 9.38 9.32 9.25 9.177 9.103 9.093 9.135 9.165 9.19 9.202 9.202 9.195 9.185 9.183 9.202 9.2 9.162 9.13 9.072 8.977 8.87 8.803 8.81 8.865 8.927 8.922 8.857
9.93 9.925 9.915 9.902 9.89 9.873 9.86 9.868 9.88 9.893 9.905 9.925 9.955 9.985 10.015 10.048 10.07 10.07 10.068 10.07 10.065 10.032 9.977 9.93 9.9 9.877 9.852 9.825 9.795 9.765 9.738 9.707 9.668 9.618 9.565 9.513 9.485 9.488 9.48 9.448 9.4 9.353 9.308 9.263 9.223 9.203 9.24 9.323 9.407 9.45 9.422 9.367 9.307 9.237 9.16 9.083 9.04 9.053 9.085 9.117 9.135 9.13 9.12 9.107 9.097 9.09 9.047 8.995 8.967 8.935 8.872 8.775 8.715 8.73 8.775 8.82 8.807 8.742
9.945 9.94 9.93 9.915 9.9 9.875 9.843 9.83 9.835 9.845 9.86 9.883 9.91 9.94 9.97 10.003 10.025 10.03 10.03 10.03 10.022 9.995 9.955 9.917 9.897 9.882 9.855 9.825 9.795 9.768 9.742 9.707 9.655 9.59 9.525 9.465 9.43 9.425 9.425 9.405 9.365 9.325 9.283 9.24 9.203 9.188 9.233 9.315 9.382 9.41 9.38 9.322 9.275 9.215 9.135 9.055 8.998 8.983 9 9.032 9.045 9.032 9.02 9.007 8.992 8.957 8.895 8.84 8.805 8.777 8.742 8.673 8.628 8.65 8.69 8.71 8.672 8.597
9.942 9.942 9.94 9.927 9.912 9.885 9.845 9.813 9.805 9.82 9.843 9.865 9.89 9.918 9.943 9.97 9.987 9.99 9.99 9.99 9.98 9.95 9.905 9.865 9.867 9.88 9.86 9.83 9.8 9.773 9.745 9.702 9.642 9.577 9.512 9.45 9.408 9.395 9.41 9.407 9.373 9.335 9.298 9.26 9.225 9.2 9.22 9.275 9.31 9.325 9.3 9.245 9.215 9.177 9.105 9.025 8.97 8.938 8.923 8.94 8.942 8.915 8.893 8.88 8.862 8.817 8.753 8.693 8.65 8.62 8.592 8.552 8.528 8.542 8.565 8.56 8.5 8.425
9.925 9.93 9.942 9.94 9.925 9.895 9.855 9.818 9.798 9.81 9.835 9.858 9.882 9.905 9.928 9.95 9.945 9.937 9.947 9.947 9.935 9.902 9.852 9.808 9.815 9.852 9.862 9.842 9.81 9.777 9.742 9.692 9.628 9.563 9.498 9.435 9.385 9.378 9.41 9.42 9.39 9.353 9.317 9.28 9.245 9.215 9.198 9.198 9.208 9.225 9.212 9.168 9.145 9.13 9.075 8.998 8.943 8.908 8.875 8.863 8.85 8.813 8.775 8.755 8.727 8.673 8.625 8.593 8.548 8.495 8.45 8.415 8.395 8.388 8.387 8.372 8.32 8.278
9.903 9.91 9.93 9.942 9.932 9.903 9.868 9.838 9.813 9.808 9.828 9.852 9.875 9.898 9.922 9.937 9.91 9.868 9.865 9.88 9.88 9.847 9.795 9.75 9.755 9.8 9.837 9.847 9.822 9.777 9.732 9.683 9.62 9.555 9.49 9.428 9.373 9.368 9.407 9.427 9.405 9.37 9.335 9.295 9.258 9.233 9.218 9.18 9.13 9.12 9.122 9.095 9.075 9.072 9.037 8.97 8.915 8.88 8.845 8.815 8.783 8.733 8.68 8.64 8.608 8.575 8.558 8.55 8.507 8.435 8.368 8.315 8.278 8.243 8.218 8.195 8.17 8.165
9.88 9.89 9.91 9.93 9.935 9.917 9.89 9.863 9.835 9.815 9.823 9.845 9.868 9.892 9.91 9.915 9.885 9.818 9.77 9.77 9.787 9.78 9.737 9.69 9.695 9.74 9.785 9.82 9.802 9.752 9.722 9.685 9.622 9.558 9.493 9.43 9.38 9.368 9.398 9.425 9.412 9.377 9.34 9.3 9.263 9.248 9.26 9.24 9.153 9.068 9.04 9.023 9.005 9.007 8.995 8.942 8.885 8.85 8.818 8.79 8.75 8.69 8.633 8.588 8.555 8.538 8.532 8.522 8.48 8.41 8.343 8.288 8.238 8.185 8.14 8.1 8.07 8.065
9.86 9.87 9.893 9.915 9.927 9.925 9.91 9.887 9.86 9.833 9.823 9.838 9.862 9.882 9.89 9.89 9.86 9.792 9.72 9.67 9.663 9.675 9.665 9.63 9.633 9.675 9.717 9.755 9.74 9.71 9.715 9.69 9.627 9.563 9.5 9.443 9.4 9.383 9.393 9.415 9.41 9.377 9.342 9.305 9.273 9.268 9.285 9.297 9.247 9.128 9.028 8.968 8.94 8.943 8.942 8.907 8.855 8.823 8.798 8.772 8.73 8.675 8.63 8.6 8.565 8.525 8.508 8.497 8.455 8.388 8.335 8.292 8.243 8.193 8.155 8.113 8.043 7.985
9.84 9.853 9.88 9.905 9.915 9.912 9.905 9.892 9.875 9.852 9.83 9.833 9.855 9.867 9.87 9.867 9.835 9.768 9.698 9.635 9.603 9.598 9.588 9.565 9.568 9.603 9.64 9.675 9.68 9.68 9.7 9.687 9.632 9.57 9.513 9.458 9.42 9.405 9.4 9.407 9.402 9.375 9.345 9.31 9.288 9.295 9.315 9.33 9.31 9.23 9.12 9.015 8.943 8.908 8.885 8.86 8.828 8.8 8.78 8.757 8.718 8.675 8.648 8.625 8.59 8.54 8.498 8.472 8.435 8.38 8.338 8.297 8.25 8.213 8.19 8.16 8.08 7.973
9.82 9.84 9.87 9.895 9.905 9.9 9.89 9.88 9.87 9.857 9.84 9.833 9.84 9.845 9.845 9.842 9.812 9.755 9.695 9.64 9.615 9.605 9.578 9.548 9.538 9.555 9.588 9.62 9.645 9.665 9.682 9.682 9.642 9.583 9.528 9.473 9.438 9.425 9.415 9.41 9.398 9.373 9.345 9.308 9.287 9.295 9.305 9.312 9.297 9.23 9.14 9.052 8.967 8.907 8.863 8.825 8.797 8.775 8.757 8.74 8.712 8.685 8.665 8.645 8.612 8.562 8.505 8.455 8.415 8.377 8.342 8.305 8.268 8.245 8.23 8.207 8.135 8.013
9.818 9.84 9.868 9.893 9.902 9.895 9.885 9.875 9.865 9.858 9.85 9.838 9.825 9.82 9.818 9.815 9.8 9.76 9.708 9.658 9.64 9.642 9.622 9.59 9.558 9.55 9.575 9.605 9.635 9.66 9.678 9.685 9.655 9.598 9.543 9.49 9.46 9.447 9.435 9.425 9.405 9.377 9.342 9.293 9.26 9.255 9.255 9.26 9.24 9.155 9.053 8.972 8.91 8.875 8.84 8.79 8.755 8.735 8.717 8.695 8.67 8.65 8.63 8.61 8.585 8.545 8.487 8.427 8.382 8.35 8.322 8.3 8.287 8.282 8.27 8.252 8.187 8.057
9.83 9.85 9.878 9.905 9.912 9.9 9.89 9.883 9.875 9.868 9.86 9.845 9.82 9.8 9.793 9.79 9.785 9.762 9.72 9.678 9.665 9.672 9.665 9.637 9.598 9.565 9.57 9.6 9.63 9.657 9.682 9.697 9.67 9.613 9.557 9.508 9.48 9.467 9.455 9.442 9.415 9.375 9.325 9.265 9.22 9.205 9.208 9.215 9.182 9.085 8.97 8.873 8.815 8.797 8.777 8.735 8.7 8.682 8.657 8.62 8.588 8.565 8.545 8.525 8.507 8.485 8.44 8.383 8.338 8.305 8.283 8.275 8.282 8.292 8.295 8.292 8.232 8.092
9.845 9.863 9.892 9.922 9.927 9.915 9.905 9.897 9.89 9.88 9.87 9.852 9.823 9.793 9.773 9.765 9.762 9.752 9.725 9.693 9.685 9.695 9.7 9.682 9.642 9.598 9.575 9.59 9.62 9.65 9.68 9.705 9.687 9.627 9.567 9.515 9.485 9.475 9.465 9.452 9.417 9.363 9.305 9.243 9.185 9.158 9.16 9.17 9.127 9.018 8.895 8.783 8.725 8.715 8.702 8.675 8.645 8.62 8.582 8.54 8.505 8.48 8.46 8.44 8.423 8.405 8.38 8.335 8.293 8.27 8.255 8.25 8.26 8.275 8.282 8.285 8.227 8.092
9.857 9.875 9.907 9.937 9.945 9.932 9.92 9.91 9.9 9.89 9.877 9.857 9.83 9.8 9.768 9.743 9.735 9.732 9.72 9.707 9.71 9.717 9.725 9.72 9.687 9.642 9.602 9.59 9.61 9.637 9.662 9.687 9.682 9.632 9.57 9.515 9.485 9.475 9.468 9.46 9.425 9.363 9.3 9.238 9.173 9.123 9.11 9.122 9.08 8.97 8.853 8.738 8.673 8.658 8.64 8.615 8.585 8.545 8.498 8.458 8.425 8.4 8.383 8.365 8.345 8.325 8.307 8.275 8.242 8.23 8.217 8.212 8.217 8.22 8.217 8.212 8.155 8.03
9.855 9.873 9.907 9.942 9.957 9.947 9.933 9.92 9.91 9.9 9.885 9.865 9.84 9.807 9.77 9.73 9.71 9.708 9.705 9.702 9.702 9.707 9.712 9.712 9.69 9.645 9.602 9.585 9.593 9.61 9.63 9.647 9.647 9.615 9.562 9.51 9.483 9.478 9.475 9.467 9.43 9.367 9.303 9.24 9.172 9.103 9.068 9.072 9.04 8.947 8.84 8.733 8.665 8.638 8.613 8.583 8.543 8.495 8.445 8.398 8.358 8.33 8.313 8.295 8.275 8.255 8.225 8.18 8.147 8.132 8.127 8.135 8.137 8.13 8.123 8.117 8.06 7.935
9.845 9.86 9.893 9.93 9.952 9.952 9.945 9.935 9.922 9.91 9.895 9.872 9.845 9.807 9.762 9.715 9.69 9.688 9.69 9.685 9.67 9.665 9.668 9.67 9.65 9.605 9.575 9.573 9.575 9.58 9.593 9.602 9.6 9.582 9.545 9.5 9.48 9.482 9.485 9.475 9.435 9.372 9.305 9.24 9.17 9.093 9.033 9.015 8.992 8.925 8.832 8.728 8.663 8.635 8.605 8.57 8.525 8.475 8.422 8.365 8.315 8.278 8.248 8.225 8.202 8.167 8.115 8.053 8.01 8 8.015 8.037 8.042 8.037 8.03 8.022 7.967 7.845
9.835 9.85 9.883 9.917 9.937 9.942 9.945 9.942 9.932 9.917 9.902 9.88 9.842 9.795 9.745 9.695 9.67 9.673 9.68 9.675 9.655 9.635 9.625 9.627 9.61 9.575 9.563 9.565 9.567 9.57 9.57 9.565 9.555 9.542 9.517 9.49 9.48 9.482 9.482 9.472 9.437 9.375 9.305 9.237 9.167 9.09 9.013 8.968 8.935 8.88 8.812 8.723 8.658 8.627 8.59 8.55 8.505 8.452 8.395 8.335 8.285 8.24 8.195 8.158 8.115 8.058 7.995 7.933 7.89 7.893 7.92 7.945 7.95 7.943 7.937 7.93 7.872 7.765
9.825 9.843 9.875 9.902 9.915 9.92 9.925 9.922 9.915 9.902 9.887 9.862 9.82 9.772 9.725 9.675 9.653 9.66 9.67 9.665 9.645 9.62 9.598 9.588 9.573 9.557 9.555 9.555 9.557 9.56 9.555 9.543 9.528 9.51 9.485 9.46 9.447 9.442 9.435 9.427 9.405 9.36 9.302 9.235 9.162 9.085 9 8.93 8.88 8.825 8.77 8.705 8.647 8.61 8.57 8.53 8.482 8.425 8.368 8.31 8.257 8.207 8.155 8.105 8.045 7.98 7.92 7.865 7.833 7.833 7.845 7.858 7.86 7.85 7.843 7.837 7.787 7.703
9.815 9.83 9.855 9.872 9.882 9.887 9.89 9.887 9.878 9.865 9.847 9.815 9.772 9.73 9.688 9.653 9.643 9.65 9.66 9.655 9.635 9.61 9.585 9.565 9.543 9.53 9.53 9.53 9.535 9.54 9.535 9.525 9.51 9.49 9.455 9.413 9.385 9.37 9.36 9.352 9.337 9.31 9.267 9.197 9.11 9.02 8.935 8.878 8.835 8.78 8.725 8.67 8.612 8.565 8.525 8.485 8.445 8.395 8.34 8.285 8.225 8.168 8.115 8.065 8.005 7.94 7.883 7.84 7.82 7.815 7.81 7.81 7.81 7.798 7.783 7.77 7.73 7.658
9.8 9.805 9.822 9.837 9.85 9.855 9.855 9.852 9.842 9.825 9.797 9.76 9.718 9.675 9.643 9.635 9.638 9.64 9.65 9.645 9.625 9.6 9.575 9.555 9.525 9.498 9.49 9.49 9.5 9.512 9.512 9.507 9.495 9.47 9.42 9.365 9.33 9.308 9.293 9.28 9.265 9.24 9.19 9.1 8.995 8.903 8.843 8.82 8.792 8.74 8.685 8.632 8.565 8.5 8.455 8.415 8.385 8.355 8.307 8.25 8.188 8.128 8.075 8.025 7.965 7.903 7.855 7.825 7.81 7.805 7.803 7.803 7.802 7.795 7.78 7.76 7.72 7.653
9.758 9.765 9.785 9.802 9.815 9.82 9.82 9.815 9.802 9.777 9.743 9.705 9.665 9.633 9.623 9.635 9.64 9.635 9.64 9.635 9.615 9.593 9.57 9.55 9.517 9.473 9.45 9.45 9.46 9.475 9.485 9.49 9.48 9.445 9.38 9.318 9.28 9.255 9.233 9.21 9.192 9.165 9.092 8.983 8.878 8.81 8.785 8.775 8.75 8.702 8.648 8.595 8.525 8.445 8.388 8.345 8.318 8.302 8.27 8.215 8.155 8.095 8.038 7.983 7.923 7.873 7.84 7.815 7.8 7.795 7.795 7.798 7.8 7.8 7.792 7.775 7.735 7.672
9.695 9.715 9.74 9.765 9.78 9.785 9.783 9.775 9.758 9.725 9.69 9.655 9.623 9.613 9.625 9.645 9.65 9.64 9.635 9.625 9.607 9.59 9.57 9.55 9.515 9.46 9.418 9.408 9.42 9.435 9.45 9.462 9.455 9.41 9.335 9.27 9.23 9.203 9.177 9.15 9.125 9.085 9.003 8.898 8.805 8.758 8.745 8.735 8.71 8.665 8.61 8.555 8.487 8.403 8.328 8.278 8.255 8.243 8.222 8.182 8.125 8.065 8.005 7.945 7.888 7.85 7.827 7.802 7.787 7.785 7.787 7.792 7.795 7.797 7.797 7.787 7.747 7.685
