EGM722_Project_Data/DTM_asc/TL4653.asc
ncols         200
nrows         200
xllcorner     546000.000
yllcorner     253000.000
cellsize      5
NODATA_value  -9999.0
[rows 64 to 95 of 200, columns 0 to 72 of 200]
15.775 15.935 16.112 16.18 16.222 16.24 16.255 16.285 16.305 16.32 16.34 16.355 16.373 16.403 16.425 16.435 16.437 16.425 16.41 16.4 16.408 16.443 16.503 16.58 16.66 16.74 16.825 16.91 16.952 16.958 16.968 16.982 16.987 16.983 16.978 16.975 16.98 16.995 17.045 17.12 17.16 17.175 17.23 17.317 17.392 17.44 17.493 17.567 17.63 17.657 17.66 17.655 17.668 17.72 17.78 17.805 17.823 17.923 18.067 18.19 18.297 18.377 18.455 18.545 18.632 18.717 18.815 18.945 19.085 19.21 19.363 19.555 19.745
15.7 15.898 16.102 16.155 16.202 16.24 16.267 16.29 16.305 16.32 16.34 16.355 16.37 16.39 16.405 16.413 16.42 16.422 16.415 16.405 16.4 16.413 16.463 16.54 16.62 16.7 16.785 16.842 16.852 16.85 16.855 16.86 16.858 16.853 16.85 16.848 16.845 16.855 16.905 16.988 17.06 17.12 17.192 17.277 17.365 17.442 17.515 17.597 17.675 17.715 17.72 17.715 17.708 17.725 17.767 17.792 17.795 17.833 17.93 18.05 18.17 18.277 18.372 18.465 18.555 18.645 18.745 18.865 18.993 19.118 19.26 19.43 19.61
15.648 15.857 16.077 16.137 16.183 16.232 16.27 16.29 16.305 16.32 16.34 16.355 16.37 16.382 16.385 16.388 16.395 16.402 16.402 16.395 16.395 16.418 16.463 16.523 16.588 16.66 16.73 16.757 16.755 16.76 16.76 16.753 16.748 16.748 16.755 16.758 16.755 16.765 16.815 16.895 16.973 17.045 17.122 17.21 17.3 17.387 17.475 17.562 17.647 17.702 17.72 17.725 17.727 17.737 17.76 17.777 17.78 17.783 17.828 17.93 18.05 18.173 18.287 18.385 18.475 18.565 18.668 18.79 18.918 19.045 19.185 19.348 19.51
15.598 15.798 16.04 16.125 16.173 16.227 16.267 16.29 16.305 16.32 16.34 16.355 16.367 16.377 16.375 16.37 16.375 16.38 16.378 16.383 16.408 16.455 16.507 16.553 16.6 16.637 16.66 16.673 16.683 16.703 16.703 16.68 16.665 16.665 16.682 16.7 16.705 16.715 16.765 16.84 16.902 16.958 17.03 17.12 17.207 17.293 17.382 17.475 17.562 17.625 17.655 17.672 17.687 17.705 17.73 17.75 17.757 17.76 17.785 17.853 17.955 18.077 18.195 18.3 18.395 18.485 18.59 18.718 18.85 18.98 19.12 19.267 19.397
15.593 15.75 16 16.117 16.168 16.222 16.265 16.29 16.305 16.32 16.337 16.35 16.36 16.37 16.37 16.363 16.36 16.358 16.368 16.403 16.453 16.507 16.56 16.592 16.605 16.597 16.593 16.61 16.638 16.67 16.667 16.625 16.59 16.585 16.605 16.632 16.65 16.665 16.71 16.772 16.825 16.875 16.943 17.028 17.113 17.198 17.288 17.382 17.472 17.545 17.585 17.605 17.623 17.64 17.67 17.702 17.725 17.737 17.765 17.815 17.883 17.983 18.095 18.205 18.31 18.405 18.513 18.642 18.775 18.902 19.032 19.148 19.25
15.615 15.725 15.962 16.112 16.168 16.223 16.265 16.29 16.308 16.323 16.335 16.345 16.355 16.365 16.365 16.358 16.35 16.348 16.38 16.437 16.495 16.547 16.577 16.577 16.557 16.535 16.54 16.57 16.605 16.64 16.63 16.578 16.53 16.51 16.525 16.555 16.583 16.608 16.648 16.7 16.75 16.8 16.86 16.935 17.018 17.103 17.193 17.287 17.38 17.465 17.517 17.54 17.56 17.58 17.61 17.648 17.68 17.705 17.743 17.795 17.845 17.913 18.005 18.11 18.22 18.325 18.438 18.562 18.687 18.81 18.94 19.053 19.143
15.64 15.7 15.927 16.115 16.18 16.237 16.277 16.3 16.32 16.332 16.338 16.345 16.355 16.365 16.365 16.355 16.348 16.353 16.39 16.45 16.505 16.537 16.54 16.527 16.508 16.485 16.498 16.537 16.575 16.605 16.587 16.54 16.498 16.473 16.485 16.515 16.54 16.56 16.593 16.64 16.693 16.748 16.803 16.865 16.935 17.013 17.1 17.187 17.272 17.37 17.447 17.48 17.5 17.523 17.56 17.605 17.64 17.673 17.728 17.79 17.843 17.898 17.96 18.048 18.155 18.265 18.363 18.465 18.585 18.705 18.855 18.992 19.08
15.665 15.673 15.883 16.11 16.197 16.262 16.302 16.322 16.337 16.347 16.348 16.348 16.353 16.36 16.362 16.355 16.35 16.355 16.39 16.445 16.48 16.485 16.48 16.477 16.462 16.44 16.453 16.495 16.535 16.56 16.555 16.527 16.493 16.473 16.485 16.512 16.522 16.523 16.548 16.595 16.65 16.71 16.767 16.823 16.877 16.92 16.973 17.053 17.148 17.265 17.362 17.412 17.44 17.468 17.515 17.57 17.61 17.645 17.712 17.795 17.857 17.912 17.965 18.028 18.12 18.227 18.305 18.375 18.48 18.6 18.757 18.917 19.022
15.693 15.66 15.835 16.08 16.202 16.282 16.327 16.345 16.353 16.36 16.362 16.358 16.355 16.358 16.36 16.355 16.35 16.358 16.39 16.422 16.427 16.42 16.415 16.415 16.41 16.398 16.41 16.445 16.472 16.49 16.505 16.512 16.495 16.475 16.482 16.497 16.49 16.478 16.5 16.553 16.61 16.67 16.73 16.78 16.805 16.8 16.825 16.918 17.04 17.17 17.27 17.335 17.377 17.41 17.46 17.52 17.572 17.615 17.683 17.777 17.862 17.927 17.98 18.03 18.098 18.19 18.267 18.323 18.395 18.498 18.65 18.835 18.967
15.723 15.673 15.803 16.04 16.195 16.287 16.342 16.36 16.365 16.37 16.375 16.37 16.365 16.365 16.363 16.358 16.353 16.355 16.367 16.37 16.363 16.355 16.35 16.35 16.353 16.35 16.358 16.378 16.39 16.4 16.42 16.45 16.465 16.465 16.467 16.462 16.448 16.435 16.455 16.513 16.575 16.635 16.68 16.708 16.718 16.715 16.753 16.843 16.953 17.075 17.175 17.245 17.305 17.352 17.405 17.465 17.525 17.58 17.65 17.745 17.845 17.93 17.99 18.042 18.095 18.16 18.23 18.285 18.34 18.413 18.545 18.742 18.905
15.76 15.698 15.778 16.002 16.185 16.28 16.342 16.365 16.37 16.37 16.375 16.377 16.375 16.373 16.368 16.365 16.357 16.34 16.325 16.315 16.308 16.313 16.323 16.328 16.333 16.323 16.313 16.32 16.33 16.343 16.365 16.393 16.42 16.44 16.437 16.423 16.41 16.398 16.418 16.478 16.54 16.595 16.632 16.655 16.675 16.695 16.74 16.815 16.9 16.998 17.083 17.148 17.215 17.277 17.335 17.392 17.45 17.518 17.602 17.7 17.8 17.89 17.957 18.012 18.062 18.117 18.177 18.232 18.29 18.348 18.46 18.652 18.82
15.798 15.723 15.753 15.962 16.172 16.272 16.342 16.367 16.367 16.36 16.365 16.38 16.385 16.38 16.375 16.372 16.35 16.308 16.283 16.275 16.28 16.31 16.335 16.342 16.335 16.305 16.285 16.29 16.303 16.32 16.343 16.367 16.39 16.405 16.402 16.39 16.377 16.363 16.385 16.445 16.497 16.54 16.587 16.635 16.665 16.683 16.73 16.81 16.885 16.955 17.01 17.055 17.115 17.18 17.24 17.295 17.36 17.445 17.54 17.64 17.732 17.812 17.88 17.935 17.99 18.055 18.115 18.17 18.227 18.28 18.393 18.562 18.69
15.832 15.748 15.733 15.915 16.147 16.267 16.345 16.367 16.357 16.345 16.35 16.37 16.385 16.387 16.382 16.362 16.315 16.263 16.24 16.25 16.283 16.325 16.35 16.345 16.315 16.275 16.255 16.263 16.28 16.3 16.32 16.34 16.357 16.37 16.37 16.357 16.343 16.33 16.353 16.405 16.445 16.478 16.525 16.585 16.637 16.67 16.72 16.795 16.86 16.92 16.96 16.985 17.023 17.078 17.14 17.205 17.288 17.382 17.48 17.575 17.655 17.727 17.797 17.858 17.92 17.99 18.052 18.107 18.16 18.208 18.315 18.447 18.533
15.865 15.775 15.733 15.878 16.112 16.265 16.345 16.357 16.342 16.328 16.33 16.35 16.37 16.385 16.375 16.33 16.27 16.223 16.218 16.253 16.295 16.335 16.35 16.325 16.285 16.245 16.228 16.24 16.26 16.28 16.297 16.31 16.322 16.335 16.335 16.322 16.31 16.3 16.315 16.353 16.385 16.418 16.463 16.523 16.59 16.647 16.702 16.763 16.82 16.88 16.92 16.938 16.955 16.988 17.048 17.133 17.225 17.32 17.415 17.497 17.57 17.643 17.718 17.788 17.855 17.928 17.99 18.038 18.085 18.133 18.215 18.31 18.38
15.885 15.81 15.755 15.855 16.077 16.262 16.335 16.33 16.315 16.302 16.302 16.32 16.34 16.37 16.365 16.31 16.25 16.21 16.225 16.27 16.31 16.332 16.32 16.285 16.243 16.21 16.208 16.225 16.245 16.265 16.273 16.275 16.285 16.295 16.295 16.285 16.275 16.27 16.288 16.32 16.353 16.388 16.428 16.485 16.553 16.618 16.68 16.735 16.79 16.852 16.887 16.898 16.915 16.933 16.985 17.08 17.175 17.26 17.342 17.423 17.498 17.575 17.653 17.728 17.803 17.89 17.948 17.973 18.015 18.065 18.128 18.2 18.27
15.885 15.842 15.783 15.83 16.04 16.247 16.302 16.288 16.275 16.263 16.263 16.28 16.31 16.357 16.36 16.305 16.255 16.23 16.248 16.287 16.307 16.297 16.267 16.23 16.195 16.18 16.19 16.212 16.235 16.252 16.253 16.243 16.245 16.255 16.255 16.245 16.24 16.248 16.273 16.307 16.345 16.38 16.418 16.47 16.53 16.595 16.66 16.715 16.775 16.842 16.87 16.868 16.88 16.898 16.95 17.042 17.127 17.193 17.268 17.36 17.445 17.522 17.597 17.673 17.768 17.882 17.935 17.933 17.958 18.005 18.063 18.13 18.203
15.862 15.855 15.808 15.805 15.993 16.21 16.257 16.245 16.233 16.218 16.223 16.253 16.298 16.35 16.35 16.305 16.275 16.258 16.265 16.282 16.27 16.245 16.215 16.183 16.165 16.16 16.17 16.195 16.222 16.24 16.24 16.225 16.213 16.218 16.217 16.21 16.218 16.233 16.255 16.293 16.335 16.372 16.415 16.463 16.513 16.575 16.64 16.7 16.77 16.84 16.865 16.853 16.848 16.86 16.915 16.997 17.062 17.115 17.19 17.29 17.385 17.467 17.545 17.635 17.76 17.887 17.932 17.918 17.918 17.945 17.998 18.068 18.143
15.83 15.85 15.825 15.8 15.953 16.16 16.215 16.205 16.193 16.183 16.198 16.24 16.292 16.342 16.347 16.32 16.297 16.272 16.26 16.247 16.22 16.195 16.173 16.155 16.145 16.14 16.15 16.175 16.205 16.227 16.227 16.212 16.195 16.188 16.188 16.19 16.202 16.217 16.24 16.277 16.32 16.36 16.407 16.457 16.505 16.56 16.625 16.695 16.77 16.837 16.86 16.847 16.832 16.828 16.868 16.932 16.985 17.035 17.11 17.21 17.31 17.405 17.502 17.625 17.77 17.892 17.93 17.915 17.905 17.903 17.94 18.013 18.085
15.805 15.835 15.835 15.818 15.928 16.115 16.185 16.175 16.168 16.168 16.19 16.238 16.29 16.32 16.33 16.322 16.297 16.27 16.248 16.225 16.195 16.17 16.153 16.14 16.133 16.128 16.135 16.16 16.188 16.212 16.215 16.2 16.185 16.175 16.168 16.165 16.175 16.19 16.215 16.25 16.29 16.327 16.377 16.437 16.49 16.543 16.608 16.68 16.752 16.81 16.825 16.815 16.802 16.803 16.825 16.865 16.915 16.968 17.043 17.14 17.24 17.332 17.437 17.58 17.74 17.872 17.917 17.902 17.89 17.875 17.895 17.96 18.03
15.788 15.815 15.84 15.84 15.905 16.075 16.165 16.158 16.158 16.165 16.193 16.24 16.27 16.262 16.27 16.292 16.282 16.258 16.24 16.225 16.2 16.173 16.15 16.133 16.125 16.12 16.125 16.147 16.173 16.2 16.205 16.19 16.183 16.185 16.173 16.148 16.14 16.148 16.173 16.21 16.247 16.283 16.335 16.402 16.462 16.517 16.58 16.65 16.712 16.755 16.765 16.755 16.758 16.785 16.808 16.825 16.863 16.913 16.985 17.08 17.17 17.24 17.335 17.485 17.645 17.777 17.852 17.867 17.857 17.843 17.86 17.913 17.978
15.775 15.8 15.832 15.848 15.883 16.032 16.145 16.148 16.155 16.165 16.195 16.222 16.212 16.188 16.195 16.235 16.255 16.245 16.23 16.22 16.202 16.177 16.155 16.135 16.12 16.11 16.115 16.135 16.16 16.187 16.195 16.19 16.195 16.202 16.195 16.163 16.128 16.113 16.13 16.168 16.203 16.24 16.295 16.365 16.43 16.487 16.55 16.612 16.657 16.692 16.705 16.708 16.738 16.78 16.805 16.813 16.828 16.863 16.928 17.01 17.077 17.13 17.228 17.372 17.51 17.63 17.725 17.79 17.815 17.81 17.83 17.875 17.928
15.767 15.788 15.817 15.842 15.86 15.98 16.112 16.14 16.15 16.162 16.175 16.167 16.14 16.115 16.125 16.165 16.202 16.22 16.215 16.205 16.192 16.177 16.16 16.14 16.12 16.103 16.105 16.125 16.147 16.17 16.185 16.195 16.207 16.217 16.215 16.185 16.14 16.105 16.103 16.128 16.158 16.195 16.25 16.32 16.387 16.45 16.507 16.555 16.592 16.627 16.655 16.688 16.732 16.775 16.8 16.807 16.812 16.827 16.867 16.92 16.97 17.02 17.11 17.235 17.36 17.48 17.577 17.662 17.73 17.765 17.8 17.845 17.887
15.753 15.773 15.805 15.832 15.838 15.92 16.055 16.112 16.125 16.14 16.135 16.11 16.088 16.075 16.09 16.125 16.165 16.195 16.2 16.19 16.183 16.177 16.165 16.145 16.125 16.105 16.098 16.11 16.13 16.15 16.167 16.182 16.197 16.21 16.215 16.195 16.155 16.113 16.095 16.11 16.13 16.155 16.2 16.262 16.327 16.39 16.44 16.48 16.517 16.558 16.605 16.655 16.7 16.727 16.747 16.762 16.765 16.77 16.79 16.828 16.875 16.933 17.005 17.103 17.225 17.345 17.442 17.528 17.61 17.68 17.73 17.77 17.82
15.735 15.76 15.792 15.812 15.813 15.865 15.987 16.067 16.087 16.102 16.095 16.073 16.065 16.075 16.093 16.115 16.15 16.182 16.19 16.183 16.183 16.185 16.175 16.155 16.135 16.115 16.1 16.095 16.105 16.125 16.14 16.155 16.17 16.177 16.185 16.182 16.16 16.12 16.1 16.112 16.122 16.125 16.145 16.193 16.25 16.31 16.36 16.398 16.438 16.488 16.54 16.59 16.62 16.617 16.632 16.665 16.677 16.683 16.703 16.745 16.805 16.88 16.943 17.003 17.103 17.222 17.32 17.403 17.485 17.56 17.61 17.653 17.735
15.723 15.75 15.775 15.785 15.785 15.81 15.92 16.017 16.042 16.062 16.06 16.053 16.065 16.082 16.098 16.115 16.14 16.17 16.182 16.183 16.188 16.192 16.185 16.165 16.145 16.125 16.11 16.095 16.088 16.098 16.112 16.127 16.137 16.142 16.147 16.152 16.15 16.125 16.11 16.112 16.105 16.09 16.095 16.13 16.173 16.225 16.275 16.318 16.368 16.423 16.475 16.507 16.505 16.485 16.498 16.54 16.572 16.59 16.62 16.678 16.753 16.835 16.895 16.938 17 17.1 17.2 17.277 17.353 17.427 17.488 17.563 17.685
15.71 15.74 15.757 15.76 15.76 15.763 15.858 15.962 15.988 16.02 16.045 16.058 16.075 16.09 16.105 16.125 16.143 16.163 16.177 16.185 16.192 16.2 16.195 16.175 16.155 16.135 16.12 16.108 16.093 16.083 16.085 16.095 16.103 16.108 16.113 16.118 16.12 16.115 16.107 16.092 16.07 16.05 16.055 16.085 16.115 16.155 16.2 16.248 16.302 16.357 16.395 16.397 16.38 16.36 16.37 16.41 16.453 16.493 16.548 16.627 16.71 16.787 16.847 16.892 16.935 16.998 17.078 17.153 17.225 17.3 17.39 17.51 17.65
15.717 15.735 15.737 15.735 15.735 15.733 15.81 15.905 15.933 15.988 16.05 16.075 16.09 16.095 16.105 16.13 16.145 16.16 16.175 16.185 16.195 16.205 16.202 16.185 16.165 16.145 16.133 16.125 16.112 16.095 16.085 16.085 16.085 16.08 16.08 16.085 16.088 16.092 16.085 16.063 16.04 16.02 16.023 16.05 16.083 16.118 16.145 16.178 16.23 16.287 16.307 16.293 16.278 16.26 16.27 16.313 16.358 16.405 16.475 16.565 16.652 16.725 16.775 16.812 16.85 16.903 16.98 17.063 17.138 17.213 17.32 17.462 17.6
15.727 15.725 15.715 15.71 15.71 15.708 15.763 15.842 15.88 15.963 16.06 16.095 16.1 16.085 16.088 16.12 16.142 16.16 16.175 16.185 16.195 16.205 16.205 16.192 16.175 16.155 16.145 16.14 16.13 16.12 16.107 16.092 16.077 16.06 16.055 16.06 16.065 16.07 16.06 16.04 16.02 16.003 16.003 16.025 16.057 16.09 16.105 16.115 16.153 16.21 16.23 16.21 16.193 16.178 16.19 16.235 16.282 16.33 16.4 16.485 16.56 16.617 16.655 16.688 16.735 16.803 16.895 16.995 17.08 17.158 17.265 17.402 17.522
15.715 15.705 15.695 15.688 15.685 15.683 15.708 15.775 15.828 15.933 16.067 16.11 16.095 16.063 16.063 16.1 16.135 16.16 16.175 16.185 16.195 16.205 16.205 16.195 16.182 16.165 16.155 16.15 16.14 16.13 16.11 16.083 16.06 16.04 16.033 16.038 16.042 16.047 16.04 16.023 16.005 15.99 15.99 16.008 16.033 16.06 16.075 16.075 16.09 16.132 16.15 16.13 16.11 16.095 16.113 16.16 16.208 16.255 16.317 16.382 16.433 16.478 16.518 16.565 16.635 16.71 16.8 16.91 17.012 17.102 17.207 17.322 17.42
15.695 15.685 15.675 15.665 15.66 15.66 15.663 15.713 15.783 15.913 16.072 16.11 16.075 16.038 16.04 16.08 16.117 16.15 16.172 16.185 16.195 16.205 16.205 16.195 16.185 16.173 16.162 16.155 16.145 16.13 16.105 16.075 16.048 16.023 16.01 16.015 16.02 16.025 16.022 16.01 15.995 15.98 15.98 15.995 16.013 16.032 16.045 16.045 16.048 16.065 16.07 16.05 16.03 16.015 16.035 16.085 16.133 16.18 16.23 16.273 16.31 16.353 16.403 16.47 16.548 16.62 16.708 16.818 16.93 17.032 17.127 17.22 17.308
15.67 15.66 15.65 15.642 15.637 15.635 15.633 15.668 15.753 15.913 16.075 16.105 16.065 16.03 16.03 16.065 16.103 16.14 16.167 16.18 16.19 16.2 16.202 16.195 16.185 16.175 16.165 16.155 16.145 16.13 16.105 16.075 16.045 16.02 16 15.995 16 16.002 16.002 15.995 15.982 15.967 15.965 15.977 15.99 16.002 16.007 16.005 16.005 16.01 16.003 15.98 15.96 15.948 15.965 16.013 16.065 16.115 16.158 16.193 16.23 16.273 16.33 16.403 16.478 16.545 16.623 16.728 16.842 16.952 17.045 17.128 17.207
15.637 15.622 15.612 15.612 15.612 15.61 15.608 15.628 15.725 15.927 16.08 16.1 16.072 16.04 16.038 16.06 16.095 16.135 16.16 16.17 16.183 16.195 16.2 16.197 16.19 16.18 16.167 16.155 16.142 16.127 16.105 16.075 16.053 16.04 16.015 15.985 15.978 15.98 15.977 15.97 15.955 15.927 15.92 15.942 15.96 15.97 15.967 15.958 15.955 15.957 15.947 15.925 15.91 15.905 15.918 15.953 16 16.05 16.092 16.13 16.17 16.218 16.28 16.35 16.417 16.475 16.548 16.648 16.758 16.872 16.97 17.047 17.105
