EGM722_Project_Data/DTM_asc/TL4654.asc
ncols         200
nrows         200
xllcorner     546000.000
yllcorner     254000.000
cellsize      5
NODATA_value  -9999.0
[rows 160 to 191 of 200, columns 0 to 72 of 200]
14.128 14.128 14.155 14.175 14.187 14.185 14.185 14.19 14.19 14.18 14.178 14.185 14.172 14.148 14.138 14.14 14.14 14.14 14.16 14.208 14.28 14.377 14.47 14.532 14.572 14.6 14.62 14.64 14.65 14.657 14.677 14.705 14.773 14.903 15.093 15.385 15.748 16.113 16.485 16.872 17.225 17.43 17.538 17.655 17.75 17.787 17.828 17.913 18.015 18.12 18.318 18.647 18.99 19.28 19.52 19.735 19.942 20.148 20.435 20.817 21.195 21.53 21.797 22.022 22.245 22.47 22.753 23.085 23.405 23.702 23.96 24.195 24.43
14.23 14.128 14.128 14.145 14.165 14.177 14.185 14.19 14.195 14.197 14.195 14.185 14.16 14.135 14.125 14.125 14.125 14.125 14.145 14.188 14.24 14.308 14.378 14.437 14.49 14.537 14.582 14.627 14.66 14.682 14.712 14.763 14.868 15.01 15.248 15.593 15.948 16.305 16.668 17.032 17.29 17.405 17.505 17.625 17.748 17.843 17.923 18.025 18.135 18.243 18.445 18.78 19.145 19.47 19.725 19.937 20.14 20.343 20.63 21.015 21.41 21.767 22.042 22.267 22.492 22.723 23.008 23.34 23.667 23.985 24.26 24.5 24.737
14.315 14.14 14.103 14.12 14.138 14.157 14.167 14.167 14.172 14.18 14.185 14.172 14.148 14.125 14.115 14.115 14.115 14.128 14.163 14.205 14.248 14.278 14.298 14.34 14.395 14.443 14.49 14.54 14.587 14.632 14.705 14.82 14.955 15.123 15.425 15.82 16.18 16.525 16.877 17.172 17.335 17.428 17.543 17.673 17.8 17.925 18.04 18.15 18.258 18.373 18.578 18.903 19.265 19.61 19.885 20.1 20.307 20.523 20.81 21.183 21.58 21.952 22.24 22.467 22.695 22.948 23.238 23.555 23.88 24.205 24.52 24.792 25.032
14.34 14.143 14.075 14.095 14.113 14.132 14.135 14.123 14.123 14.13 14.145 14.15 14.135 14.115 14.105 14.108 14.12 14.153 14.202 14.252 14.29 14.29 14.263 14.26 14.298 14.35 14.4 14.447 14.493 14.558 14.705 14.885 15.025 15.258 15.63 16.04 16.425 16.777 17.09 17.295 17.413 17.52 17.65 17.795 17.93 18.055 18.17 18.28 18.395 18.528 18.733 19.03 19.378 19.732 20.015 20.23 20.45 20.698 20.993 21.338 21.718 22.092 22.385 22.62 22.875 23.165 23.458 23.748 24.06 24.385 24.725 25.05 25.317
14.327 14.138 14.045 14.068 14.092 14.112 14.11 14.09 14.078 14.078 14.09 14.11 14.117 14.105 14.098 14.115 14.15 14.19 14.238 14.292 14.325 14.31 14.27 14.233 14.223 14.258 14.307 14.353 14.408 14.54 14.775 14.978 15.165 15.5 15.898 16.268 16.655 17.017 17.26 17.4 17.517 17.63 17.758 17.907 18.055 18.185 18.305 18.428 18.56 18.705 18.908 19.188 19.508 19.852 20.142 20.37 20.618 20.89 21.188 21.518 21.873 22.235 22.537 22.8 23.095 23.402 23.692 23.968 24.253 24.565 24.905 25.255 25.577
14.257 14.108 14.025 14.045 14.075 14.092 14.085 14.065 14.045 14.033 14.038 14.058 14.08 14.093 14.108 14.143 14.188 14.23 14.272 14.31 14.325 14.31 14.277 14.24 14.203 14.188 14.213 14.26 14.373 14.6 14.875 15.11 15.423 15.87 16.295 16.65 16.97 17.222 17.377 17.497 17.62 17.735 17.858 18.008 18.17 18.317 18.455 18.597 18.74 18.885 19.083 19.36 19.668 19.985 20.278 20.538 20.81 21.09 21.383 21.708 22.052 22.397 22.715 23.017 23.33 23.637 23.93 24.205 24.475 24.76 25.085 25.435 25.785
14.15 14.068 14.033 14.045 14.065 14.075 14.07 14.058 14.045 14.035 14.04 14.063 14.088 14.115 14.148 14.188 14.232 14.265 14.28 14.285 14.285 14.28 14.26 14.23 14.197 14.16 14.145 14.213 14.408 14.675 14.968 15.313 15.743 16.23 16.707 17.06 17.245 17.35 17.453 17.577 17.7 17.82 17.95 18.108 18.28 18.442 18.595 18.742 18.887 19.043 19.25 19.528 19.835 20.14 20.443 20.735 21.015 21.295 21.583 21.895 22.232 22.572 22.897 23.215 23.53 23.847 24.165 24.457 24.73 25 25.3 25.64 25.99
14.073 14.053 14.062 14.072 14.08 14.088 14.093 14.09 14.085 14.083 14.095 14.125 14.152 14.178 14.208 14.245 14.28 14.282 14.253 14.235 14.235 14.235 14.227 14.205 14.175 14.145 14.12 14.198 14.448 14.778 15.153 15.57 16.015 16.495 16.972 17.262 17.352 17.42 17.518 17.64 17.763 17.893 18.04 18.21 18.387 18.555 18.71 18.858 19.015 19.198 19.425 19.7 19.995 20.298 20.615 20.932 21.225 21.505 21.79 22.088 22.408 22.745 23.072 23.388 23.705 24.038 24.38 24.705 24.997 25.27 25.56 25.88 26.22
14.098 14.068 14.033 14.05 14.095 14.117 14.135 14.137 14.135 14.135 14.15 14.18 14.212 14.24 14.27 14.3 14.305 14.272 14.22 14.19 14.188 14.19 14.187 14.175 14.153 14.128 14.165 14.308 14.595 15.005 15.457 15.882 16.27 16.705 17.122 17.342 17.417 17.488 17.58 17.705 17.838 17.975 18.13 18.308 18.49 18.662 18.82 18.983 19.17 19.375 19.613 19.885 20.165 20.458 20.775 21.107 21.425 21.715 22 22.29 22.593 22.918 23.245 23.565 23.895 24.24 24.582 24.92 25.245 25.537 25.83 26.14 26.463
14.202 14.155 14.088 14.08 14.035 14.05 14.135 14.152 14.167 14.18 14.202 14.235 14.265 14.292 14.315 14.327 14.312 14.26 14.195 14.15 14.14 14.145 14.143 14.135 14.14 14.2 14.358 14.575 14.88 15.31 15.785 16.227 16.6 16.967 17.265 17.402 17.48 17.555 17.65 17.78 17.92 18.06 18.22 18.403 18.588 18.77 18.948 19.138 19.343 19.553 19.798 20.072 20.347 20.628 20.935 21.27 21.605 21.917 22.21 22.5 22.795 23.1 23.42 23.755 24.097 24.445 24.787 25.125 25.462 25.785 26.095 26.405 26.72
14.327 14.297 14.24 14.197 14.113 14.098 14.043 14.038 14.15 14.177 14.21 14.242 14.267 14.292 14.317 14.33 14.315 14.26 14.185 14.123 14.095 14.105 14.163 14.225 14.305 14.473 14.677 14.88 15.183 15.63 16.115 16.57 16.952 17.23 17.397 17.495 17.575 17.655 17.755 17.885 18.025 18.163 18.333 18.528 18.713 18.9 19.095 19.3 19.507 19.725 19.975 20.247 20.522 20.8 21.105 21.438 21.772 22.092 22.39 22.682 22.977 23.275 23.6 23.95 24.297 24.642 24.985 25.325 25.665 26.007 26.33 26.635 26.95
14.445 14.427 14.36 14.3 14.277 14.262 14.145 14.115 14.043 14.02 14.165 14.197 14.222 14.248 14.287 14.32 14.315 14.265 14.188 14.115 14.075 14.135 14.315 14.5 14.667 14.85 14.985 15.145 15.475 15.94 16.43 16.895 17.222 17.38 17.49 17.602 17.7 17.785 17.885 18.015 18.152 18.288 18.463 18.67 18.865 19.052 19.245 19.45 19.665 19.895 20.145 20.413 20.688 20.97 21.28 21.61 21.93 22.235 22.53 22.825 23.125 23.43 23.768 24.132 24.49 24.835 25.175 25.518 25.87 26.227 26.55 26.843 27.15
14.555 14.555 14.5 14.423 14.36 14.328 14.332 14.335 14.178 14.133 14.048 14.013 14.177 14.205 14.25 14.3 14.317 14.275 14.195 14.125 14.083 14.21 14.522 14.815 14.985 15.075 15.145 15.355 15.765 16.233 16.717 17.14 17.362 17.46 17.57 17.69 17.805 17.907 18.015 18.14 18.27 18.408 18.585 18.795 19.002 19.2 19.395 19.605 19.833 20.07 20.315 20.578 20.858 21.143 21.45 21.772 22.075 22.368 22.663 22.963 23.27 23.58 23.923 24.3 24.67 25.022 25.368 25.72 26.085 26.452 26.777 27.063 27.358
14.652 14.667 14.625 14.542 14.46 14.385 14.36 14.382 14.407 14.412 14.213 14.153 14.075 14.02 14.205 14.265 14.305 14.277 14.208 14.15 14.113 14.228 14.58 14.95 15.105 15.12 15.253 15.61 16.072 16.535 17 17.322 17.45 17.543 17.655 17.775 17.895 18.012 18.13 18.252 18.378 18.523 18.71 18.923 19.135 19.343 19.555 19.78 20.015 20.255 20.49 20.745 21.03 21.315 21.612 21.917 22.21 22.503 22.802 23.11 23.42 23.733 24.08 24.457 24.832 25.2 25.565 25.937 26.31 26.677 27.002 27.287 27.575
14.7 14.72 14.682 14.595 14.505 14.415 14.383 14.41 14.435 14.457 14.482 14.487 14.268 14.16 14.055 13.958 14.175 14.267 14.23 14.183 14.163 14.253 14.545 14.875 15.06 15.188 15.468 15.902 16.347 16.792 17.21 17.447 17.533 17.635 17.755 17.875 17.995 18.107 18.22 18.342 18.473 18.638 18.855 19.082 19.295 19.508 19.74 19.988 20.23 20.47 20.695 20.923 21.19 21.475 21.765 22.06 22.35 22.638 22.935 23.247 23.56 23.88 24.23 24.602 24.977 25.35 25.73 26.117 26.497 26.877 27.212 27.495 27.78
14.71 14.73 14.69 14.598 14.505 14.42 14.4 14.437 14.465 14.485 14.51 14.535 14.56 14.532 14.253 14.098 14.26 14.322 14.273 14.22 14.203 14.31 14.555 14.83 15.108 15.385 15.718 16.128 16.552 16.98 17.332 17.515 17.618 17.74 17.867 17.985 18.092 18.192 18.298 18.418 18.568 18.758 18.997 19.255 19.48 19.695 19.94 20.207 20.465 20.705 20.92 21.123 21.355 21.625 21.915 22.21 22.495 22.77 23.06 23.373 23.693 24.028 24.378 24.74 25.11 25.483 25.863 26.25 26.648 27.055 27.4 27.683 27.978
14.72 14.74 14.697 14.603 14.508 14.43 14.42 14.462 14.495 14.515 14.54 14.575 14.62 14.63 14.61 14.585 14.532 14.457 14.368 14.28 14.245 14.418 14.753 15.1 15.463 15.79 16.08 16.39 16.745 17.15 17.452 17.597 17.72 17.852 17.977 18.082 18.175 18.268 18.373 18.508 18.685 18.885 19.12 19.395 19.655 19.887 20.14 20.417 20.685 20.927 21.14 21.34 21.548 21.785 22.065 22.355 22.63 22.9 23.188 23.503 23.835 24.18 24.53 24.885 25.248 25.618 25.998 26.395 26.815 27.235 27.582 27.878 28.19
14.725 14.747 14.705 14.61 14.515 14.443 14.44 14.485 14.522 14.553 14.593 14.645 14.69 14.698 14.703 14.712 14.677 14.602 14.503 14.42 14.46 14.753 15.192 15.597 15.98 16.327 16.605 16.845 17.097 17.362 17.557 17.682 17.807 17.935 18.05 18.147 18.245 18.342 18.46 18.623 18.815 19.013 19.238 19.51 19.795 20.06 20.315 20.577 20.832 21.067 21.287 21.505 21.722 21.95 22.212 22.487 22.755 23.025 23.318 23.645 23.985 24.33 24.682 25.037 25.395 25.755 26.14 26.562 26.995 27.415 27.775 28.09 28.41
14.755 14.77 14.725 14.635 14.543 14.468 14.46 14.505 14.548 14.595 14.657 14.725 14.77 14.793 14.817 14.837 14.817 14.742 14.64 14.638 14.805 15.12 15.537 15.975 16.41 16.795 17.05 17.22 17.377 17.5 17.612 17.737 17.86 17.98 18.09 18.19 18.292 18.398 18.548 18.747 18.947 19.143 19.355 19.608 19.89 20.172 20.43 20.675 20.91 21.13 21.355 21.59 21.825 22.062 22.33 22.61 22.88 23.15 23.45 23.785 24.125 24.457 24.797 25.152 25.507 25.875 26.28 26.715 27.145 27.552 27.915 28.242 28.567
14.812 14.805 14.755 14.672 14.585 14.5 14.48 14.525 14.57 14.622 14.69 14.767 14.84 14.895 14.932 14.957 14.95 14.88 14.815 14.905 15.14 15.43 15.815 16.278 16.747 17.08 17.23 17.33 17.427 17.525 17.64 17.77 17.897 18.02 18.13 18.23 18.33 18.435 18.608 18.852 19.08 19.278 19.483 19.71 19.968 20.247 20.51 20.75 20.975 21.19 21.415 21.65 21.888 22.13 22.413 22.72 23.005 23.275 23.578 23.915 24.245 24.555 24.878 25.228 25.593 25.988 26.412 26.842 27.252 27.64 27.995 28.325 28.66
14.855 14.832 14.782 14.705 14.622 14.535 14.505 14.543 14.585 14.633 14.698 14.783 14.872 14.955 15.02 15.065 15.077 15.035 15.05 15.23 15.513 15.825 16.18 16.61 16.997 17.175 17.245 17.345 17.45 17.55 17.668 17.8 17.93 18.055 18.167 18.27 18.37 18.475 18.655 18.922 19.19 19.412 19.62 19.84 20.073 20.33 20.587 20.82 21.035 21.25 21.477 21.715 21.957 22.205 22.49 22.81 23.117 23.4 23.705 24.035 24.345 24.645 24.96 25.31 25.7 26.115 26.54 26.952 27.34 27.72 28.075 28.413 28.765
14.882 14.857 14.807 14.73 14.652 14.573 14.538 14.565 14.605 14.648 14.713 14.803 14.898 14.985 15.065 15.138 15.19 15.22 15.343 15.607 15.917 16.235 16.562 16.902 17.125 17.197 17.255 17.35 17.462 17.57 17.693 17.827 17.96 18.087 18.205 18.313 18.418 18.525 18.71 18.98 19.265 19.525 19.752 19.975 20.197 20.427 20.662 20.885 21.095 21.305 21.527 21.762 22 22.242 22.53 22.86 23.192 23.512 23.825 24.135 24.435 24.735 25.045 25.408 25.82 26.237 26.647 27.04 27.42 27.8 28.163 28.518 28.885
14.908 14.885 14.835 14.755 14.677 14.598 14.568 14.603 14.645 14.685 14.75 14.843 14.943 15.055 15.155 15.238 15.325 15.415 15.58 15.86 16.177 16.492 16.81 17.05 17.157 17.207 17.258 17.343 17.457 17.577 17.705 17.837 17.972 18.112 18.25 18.372 18.483 18.59 18.778 19.05 19.335 19.607 19.842 20.06 20.28 20.5 20.72 20.935 21.137 21.32 21.527 21.765 21.995 22.228 22.515 22.855 23.2 23.575 23.93 24.235 24.535 24.835 25.148 25.51 25.92 26.337 26.737 27.12 27.5 27.877 28.255 28.63 29.002
14.935 14.912 14.86 14.782 14.702 14.62 14.603 14.65 14.695 14.738 14.805 14.903 15.013 15.145 15.287 15.402 15.487 15.588 15.745 15.965 16.248 16.562 16.862 17.05 17.13 17.192 17.245 17.325 17.443 17.573 17.705 17.835 17.975 18.13 18.287 18.432 18.555 18.665 18.855 19.13 19.415 19.682 19.902 20.105 20.32 20.54 20.757 20.965 21.142 21.285 21.48 21.732 21.97 22.2 22.483 22.823 23.2 23.635 24.027 24.345 24.65 24.95 25.268 25.623 26.008 26.415 26.817 27.2 27.577 27.945 28.33 28.732 29.117
14.955 14.937 14.885 14.805 14.72 14.65 14.648 14.695 14.742 14.79 14.865 14.973 15.09 15.215 15.375 15.537 15.635 15.748 15.925 16.11 16.325 16.605 16.862 17.005 17.085 17.16 17.223 17.308 17.433 17.57 17.705 17.84 17.99 18.153 18.312 18.465 18.61 18.738 18.933 19.213 19.5 19.76 19.97 20.165 20.368 20.58 20.79 20.967 21.11 21.235 21.425 21.682 21.932 22.173 22.453 22.818 23.255 23.722 24.12 24.445 24.76 25.065 25.39 25.75 26.118 26.5 26.895 27.277 27.645 28.003 28.39 28.812 29.222
14.95 14.95 14.907 14.82 14.73 14.678 14.693 14.738 14.785 14.843 14.933 15.05 15.17 15.293 15.443 15.625 15.775 15.922 16.107 16.292 16.475 16.68 16.857 16.96 17.04 17.12 17.195 17.295 17.43 17.568 17.705 17.852 18.012 18.177 18.337 18.49 18.645 18.795 19.008 19.295 19.585 19.837 20.04 20.232 20.425 20.622 20.805 20.945 21.068 21.19 21.378 21.633 21.89 22.145 22.448 22.855 23.317 23.782 24.185 24.517 24.842 25.167 25.51 25.875 26.24 26.605 26.977 27.345 27.703 28.058 28.448 28.875 29.302
14.908 14.935 14.92 14.835 14.753 14.73 14.773 14.823 14.875 14.95 15.058 15.178 15.295 15.415 15.533 15.695 15.885 16.06 16.24 16.42 16.595 16.74 16.85 16.943 17.025 17.105 17.185 17.295 17.435 17.567 17.697 17.845 18.01 18.18 18.362 18.537 18.695 18.855 19.08 19.37 19.647 19.88 20.075 20.265 20.455 20.645 20.807 20.938 21.06 21.183 21.388 21.658 21.915 22.175 22.485 22.888 23.34 23.8 24.202 24.542 24.883 25.245 25.612 25.972 26.335 26.695 27.055 27.413 27.768 28.12 28.503 28.925 29.355
14.86 14.917 14.925 14.85 14.808 14.84 14.898 14.955 15.025 15.115 15.233 15.36 15.477 15.58 15.635 15.75 15.952 16.137 16.312 16.485 16.635 16.74 16.835 16.937 17.027 17.11 17.195 17.31 17.442 17.557 17.673 17.813 17.973 18.143 18.352 18.58 18.765 18.925 19.148 19.43 19.68 19.885 20.075 20.265 20.458 20.65 20.815 20.952 21.08 21.21 21.438 21.737 22.007 22.265 22.565 22.93 23.348 23.8 24.2 24.545 24.915 25.317 25.697 26.048 26.405 26.767 27.128 27.485 27.84 28.193 28.565 28.965 29.385
14.84 14.912 14.93 14.893 14.91 14.977 15.038 15.105 15.19 15.285 15.405 15.542 15.667 15.735 15.72 15.8 16.005 16.197 16.375 16.525 16.635 16.72 16.815 16.92 17.017 17.11 17.205 17.315 17.427 17.525 17.638 17.78 17.933 18.093 18.303 18.562 18.805 18.997 19.215 19.467 19.685 19.882 20.073 20.265 20.465 20.66 20.825 20.965 21.098 21.24 21.475 21.79 22.087 22.358 22.665 23.015 23.385 23.805 24.205 24.575 24.983 25.405 25.787 26.133 26.483 26.843 27.202 27.558 27.913 28.268 28.638 29.023 29.42
14.833 14.907 14.955 14.988 15.045 15.115 15.187 15.27 15.36 15.452 15.57 15.707 15.835 15.86 15.79 15.855 16.055 16.252 16.417 16.53 16.62 16.705 16.8 16.908 17.01 17.11 17.21 17.305 17.395 17.485 17.603 17.75 17.903 18.06 18.258 18.51 18.783 19.032 19.262 19.48 19.68 19.878 20.072 20.272 20.475 20.667 20.83 20.97 21.11 21.27 21.515 21.83 22.145 22.447 22.77 23.117 23.465 23.838 24.233 24.642 25.07 25.495 25.88 26.225 26.567 26.917 27.275 27.63 27.985 28.342 28.715 29.097 29.475
14.848 14.923 14.995 15.067 15.14 15.21 15.297 15.395 15.487 15.577 15.662 15.765 15.885 15.907 15.855 15.938 16.132 16.31 16.437 16.528 16.615 16.7 16.8 16.915 17.02 17.12 17.22 17.31 17.39 17.49 17.633 17.793 17.95 18.11 18.295 18.523 18.783 19.057 19.3 19.503 19.697 19.878 20.063 20.267 20.47 20.677 20.857 21 21.145 21.318 21.57 21.885 22.203 22.518 22.85 23.195 23.54 23.885 24.268 24.695 25.125 25.525 25.882 26.227 26.57 26.917 27.275 27.632 27.99 28.362 28.745 29.12 29.49
14.882 14.958 15.033 15.11 15.185 15.255 15.353 15.467 15.57 15.66 15.713 15.758 15.843 15.89 15.915 16.035 16.202 16.34 16.445 16.532 16.615 16.698 16.803 16.925 17.037 17.14 17.24 17.33 17.425 17.563 17.733 17.905 18.072 18.235 18.415 18.62 18.85 19.11 19.35 19.547 19.722 19.873 20.038 20.238 20.458 20.7 20.905 21.057 21.203 21.38 21.64 21.952 22.265 22.573 22.9 23.247 23.587 23.92 24.295 24.72 25.12 25.465 25.795 26.14 26.49 26.842 27.2 27.56 27.933 28.33 28.72 29.09 29.46
