EGM722_Project_Data/DTM_asc/TL4655.asc
ncols         200
nrows         200
xllcorner     546000.000
yllcorner     255000.000
cellsize      5
NODATA_value  -9999.0
[rows 128 to 159 of 200, columns 73 to 145 of 200]
17.575 17.405 17.355 17.325 17.275 17.253 17.263 17.288 17.32 17.322 17.307 17.302 17.3 17.26 17.113 16.963 16.875 16.788 16.71 16.66 16.622 16.48 16.288 16.15 16.025 15.9 15.8 15.77 15.81 15.79 15.69 15.608 15.535 15.442 15.177 14.838 14.8 15.032 15.117 15.012 14.7 14.408 14.368 14.347 14.322 14.29 14.22 14.118 14.012 13.905 13.795 13.688 13.58 13.468 13.42 13.435 13.41 13.308 13.288 13.437 13.562 13.552 13.462 13.33 13.165 13.038 12.975 12.96 12.99 13.028 13.055 13.083 13.125
17.682 17.46 17.363 17.347 17.31 17.288 17.305 17.345 17.39 17.395 17.38 17.377 17.375 17.382 17.345 17.322 17.32 17.22 17.077 16.965 16.867 16.735 16.59 16.46 16.335 16.21 16.085 15.98 15.925 15.87 15.79 15.718 15.645 15.577 15.383 15.238 15.425 15.362 14.987 14.668 14.44 14.38 14.368 14.362 14.353 14.345 14.295 14.188 14.078 13.97 13.863 13.76 13.66 13.56 13.473 13.37 13.273 13.208 13.27 13.465 13.642 13.672 13.547 13.38 13.205 13.083 13.023 12.983 12.973 13.008 13.068 13.133 13.213
17.767 17.553 17.385 17.355 17.335 17.33 17.363 17.41 17.46 17.44 17.395 17.398 17.43 17.485 17.5 17.507 17.565 17.54 17.39 17.222 17.07 16.957 16.867 16.762 16.645 16.52 16.387 16.24 16.095 16.005 15.945 15.875 15.823 15.777 15.782 15.557 15.342 15.027 14.615 14.503 14.415 14.378 14.365 14.36 14.393 14.445 14.42 14.315 14.198 14.088 13.988 13.893 13.798 13.7 13.583 13.43 13.263 13.183 13.285 13.482 13.675 13.727 13.6 13.425 13.253 13.138 13.08 13.033 13.003 13.038 13.13 13.227 13.325
17.812 17.672 17.458 17.36 17.373 17.4 17.435 17.48 17.53 17.5 17.433 17.45 17.54 17.605 17.595 17.555 17.575 17.622 17.532 17.35 17.185 17.09 17.045 16.985 16.905 16.785 16.625 16.445 16.27 16.175 16.133 16.113 16.157 15.895 15.605 15.232 14.795 14.685 14.572 14.46 14.398 14.38 14.39 14.448 14.56 14.625 14.572 14.48 14.372 14.265 14.168 14.075 13.975 13.862 13.735 13.587 13.383 13.258 13.328 13.488 13.675 13.752 13.65 13.478 13.31 13.2 13.148 13.105 13.075 13.103 13.188 13.28 13.373
17.82 17.76 17.588 17.453 17.463 17.5 17.53 17.565 17.605 17.595 17.525 17.563 17.692 17.732 17.72 17.687 17.62 17.625 17.612 17.47 17.295 17.19 17.15 17.11 17.055 16.942 16.777 16.597 16.425 16.33 16.375 16.512 16.19 15.473 15.038 14.865 14.755 14.643 14.528 14.43 14.388 14.403 14.488 14.632 14.772 14.792 14.705 14.617 14.527 14.435 14.345 14.25 14.14 14.017 13.877 13.71 13.505 13.4 13.445 13.545 13.688 13.775 13.7 13.533 13.37 13.263 13.218 13.185 13.155 13.17 13.245 13.333 13.42
17.817 17.78 17.69 17.592 17.57 17.59 17.61 17.627 17.645 17.685 17.705 17.743 17.83 17.865 17.867 17.827 17.728 17.658 17.66 17.587 17.405 17.293 17.253 17.21 17.14 17.027 16.882 16.72 16.57 16.525 16.642 16.817 16.028 15.103 14.99 14.878 14.765 14.653 14.54 14.43 14.365 14.408 14.532 14.675 14.803 14.838 14.77 14.685 14.6 14.515 14.435 14.347 14.252 14.15 14.005 13.82 13.625 13.548 13.607 13.68 13.76 13.822 13.757 13.595 13.435 13.333 13.295 13.265 13.235 13.235 13.297 13.387 13.475
17.795 17.752 17.687 17.61 17.572 17.577 17.585 17.593 17.638 17.755 17.887 17.952 17.985 18.015 18.017 17.96 17.853 17.745 17.693 17.652 17.52 17.403 17.357 17.302 17.215 17.102 16.965 16.813 16.685 16.675 16.77 16.877 16.555 15.645 15.055 14.942 14.828 14.715 14.585 14.41 14.318 14.383 14.513 14.661 15.485 15.53 14.783 14.698 14.613 14.528 14.445 14.368 14.303 14.26 14.155 13.968 13.793 13.678 13.675 13.74 13.8 13.845 13.812 13.682 13.52 13.405 13.358 13.33 13.3 13.273 13.275 13.337 13.432
17.755 17.705 17.627 17.543 17.49 17.483 17.49 17.538 17.66 17.818 17.975 18.095 18.152 18.175 18.16 18.085 17.978 17.87 17.763 17.7 17.62 17.515 17.455 17.382 17.285 17.18 17.05 16.9 16.778 16.748 16.813 16.915 17.079 16.492 15.428 15.005 14.892 14.77 14.598 14.448 14.466 14.599 15.413 16.19 16.929 16.916 15.478 14.713 14.628 14.543 14.46 14.383 14.34 14.352 14.312 14.175 14.033 13.853 13.703 13.7 13.76 13.807 13.825 13.765 13.625 13.493 13.415 13.375 13.345 13.3 13.24 13.223 13.285
17.705 17.647 17.562 17.478 17.41 17.393 17.443 17.565 17.725 17.885 18.042 18.19 18.292 18.332 18.3 18.207 18.102 17.995 17.888 17.793 17.708 17.622 17.542 17.455 17.352 17.25 17.13 16.988 16.873 16.84 16.873 16.95 17.115 17.089 16.038 15.066 14.955 14.803 14.686 14.729 15.515 16.275 16.997 17.664 17.625 17.579 16.17 14.738 14.645 14.558 14.475 14.408 14.395 14.427 14.44 14.407 14.307 14.105 13.86 13.718 13.72 13.765 13.792 13.795 13.717 13.598 13.5 13.43 13.39 13.342 13.27 13.2 13.178
17.61 17.545 17.47 17.405 17.35 17.363 17.475 17.63 17.79 17.95 18.108 18.265 18.407 18.48 18.437 18.332 18.225 18.117 18.012 17.905 17.807 17.717 17.622 17.522 17.417 17.315 17.205 17.078 16.97 16.94 16.955 17 17.15 17.37 16.937 15.736 15.016 15.396 16.08 16.36 17.065 17.714 17.675 17.635 17.595 17.55 16.832 15.43 14.67 14.575 14.49 14.445 14.452 14.477 14.525 14.587 14.552 14.362 14.105 13.865 13.73 13.72 13.748 13.773 13.765 13.698 13.6 13.51 13.445 13.383 13.308 13.235 13.165
17.61 17.593 17.555 17.515 17.48 17.508 17.625 17.773 17.925 18.075 18.225 18.375 18.507 18.565 18.505 18.385 18.265 18.147 18.03 17.938 17.862 17.73 17.585 17.477 17.372 17.287 17.245 17.185 17.095 17.063 17.075 17.093 17.21 17.423 17.614 17.1 16.458 16.905 17.589 17.764 17.725 17.685 17.645 17.605 17.562 17.518 17.474 16.11 14.708 14.6 14.51 14.473 14.48 14.508 14.572 14.657 14.675 14.525 14.275 14.023 13.843 13.805 13.838 13.868 13.888 13.855 13.763 13.66 13.58 13.493 13.403 13.338 13.273
17.715 17.757 17.775 17.78 17.775 17.778 17.86 18.002 18.135 18.23 18.302 18.38 18.455 18.477 18.402 18.275 18.158 18.075 18.015 17.97 17.872 17.662 17.445 17.323 17.253 17.22 17.265 17.297 17.247 17.21 17.202 17.2 17.31 17.515 17.707 17.837 17.857 17.815 17.775 17.735 17.695 17.655 17.615 17.575 17.53 17.485 17.445 16.752 15.388 14.638 14.535 14.49 14.49 14.517 14.587 14.662 14.71 14.6 14.355 14.16 14.06 14.05 14.085 14.11 14.112 14.08 13.997 13.895 13.83 13.745 13.61 13.515 13.455
17.795 17.84 17.887 17.935 17.972 17.992 18.047 18.145 18.235 18.29 18.323 18.36 18.418 18.413 18.29 18.18 18.133 18.12 18.122 18.045 17.842 17.595 17.395 17.273 17.213 17.23 17.308 17.38 17.382 17.345 17.293 17.29 17.43 17.622 17.765 17.837 17.835 17.788 17.745 17.705 17.665 17.625 17.585 17.545 17.5 17.455 17.415 17.374 16.05 14.686 14.57 14.508 14.493 14.49 14.513 14.595 14.71 14.66 14.49 14.39 14.335 14.323 14.345 14.347 14.332 14.31 14.242 14.163 14.13 14.077 13.928 13.758 13.65
17.88 17.91 17.96 18.01 18.06 18.095 18.127 18.18 18.24 18.3 18.36 18.425 18.507 18.547 18.403 18.268 18.275 18.285 18.22 18.025 17.783 17.58 17.46 17.363 17.293 17.323 17.393 17.46 17.49 17.445 17.348 17.37 17.537 17.677 17.755 17.807 17.817 17.77 17.718 17.675 17.635 17.595 17.555 17.515 17.47 17.425 17.385 17.345 16.475 15.15 14.615 14.53 14.493 14.47 14.445 14.475 14.58 14.68 14.697 14.652 14.607 14.585 14.582 14.57 14.55 14.535 14.495 14.45 14.43 14.395 14.27 14.062 13.875
17.97 17.985 18.035 18.085 18.125 18.135 18.153 18.205 18.265 18.325 18.388 18.465 18.565 18.675 18.65 18.5 18.435 18.387 18.215 17.98 17.775 17.643 17.568 17.488 17.44 17.48 17.548 17.592 17.547 17.467 17.408 17.453 17.59 17.665 17.718 17.772 17.8 17.765 17.698 17.645 17.605 17.565 17.525 17.485 17.44 17.395 17.355 17.312 17.072 15.79 14.666 14.575 14.53 14.503 14.475 14.465 14.535 14.688 14.815 14.84 14.81 14.787 14.775 14.76 14.742 14.727 14.7 14.667 14.64 14.602 14.505 14.32 14.1
18.06 18.06 18.11 18.152 18.17 18.163 18.18 18.233 18.29 18.35 18.425 18.523 18.63 18.74 18.83 18.747 18.57 18.4 18.18 17.975 17.83 17.748 17.682 17.613 17.578 17.637 17.727 17.702 17.52 17.415 17.442 17.5 17.575 17.627 17.682 17.737 17.782 17.765 17.69 17.623 17.575 17.535 17.495 17.455 17.41 17.365 17.325 17.28 17.234 16.192 14.916 14.638 14.601 14.845 15.042 14.92 14.828 14.798 14.88 14.96 14.953 14.943 14.935 14.92 14.905 14.887 14.85 14.805 14.77 14.725 14.64 14.497 14.3
18.153 18.135 18.18 18.202 18.2 18.19 18.21 18.258 18.31 18.383 18.48 18.585 18.682 18.775 18.865 18.855 18.647 18.385 18.173 18.013 17.925 17.86 17.795 17.73 17.707 17.752 17.757 17.622 17.41 17.318 17.362 17.43 17.5 17.57 17.64 17.702 17.755 17.755 17.692 17.618 17.553 17.505 17.465 17.425 17.38 17.335 17.295 17.25 17.205 16.772 15.541 15.156 15.512 15.632 15.705 15.442 15.165 15 15.035 15.11 15.115 15.1 15.09 15.077 15.062 15.04 14.997 14.945 14.902 14.845 14.752 14.64 14.482
18.253 18.218 18.24 18.24 18.23 18.22 18.24 18.285 18.335 18.412 18.505 18.592 18.675 18.75 18.807 18.817 18.647 18.378 18.2 18.103 18.037 17.977 17.902 17.792 17.702 17.64 17.524 17.175 16.98 17.105 17.197 17.272 17.35 17.437 17.522 17.6 17.682 17.732 17.697 17.62 17.545 17.483 17.435 17.395 17.35 17.305 17.265 17.22 17.175 17.135 16.502 16.267 16.504 16.225 15.945 15.668 15.39 15.205 15.223 15.305 15.307 15.277 15.255 15.235 15.217 15.19 15.14 15.085 15.037 14.967 14.867 14.76 14.63
18.317 18.275 18.277 18.27 18.257 18.248 18.268 18.307 18.35 18.405 18.47 18.545 18.625 18.7 18.735 18.722 18.635 18.462 18.322 18.215 18.082 17.955 17.82 17.662 17.507 16.965 16.5 16.345 16.4 16.725 16.93 17.07 17.16 17.25 17.365 17.505 17.635 17.71 17.697 17.63 17.553 17.478 17.413 17.365 17.323 17.28 17.24 17.198 17.155 17.115 17.082 16.962 16.72 16.45 16.175 15.895 15.615 15.41 15.41 15.5 15.495 15.435 15.377 15.327 15.317 15.302 15.247 15.192 15.13 15.042 14.932 14.815 14.692
18.285 18.267 18.272 18.272 18.265 18.265 18.287 18.32 18.355 18.393 18.435 18.498 18.575 18.64 18.652 18.63 18.617 18.485 18.28 18.105 17.905 17.715 17.546 16.785 16.105 15.718 15.406 15.64 15.957 16.248 16.505 16.825 17.058 17.173 17.345 17.515 17.63 17.68 17.68 17.642 17.57 17.49 17.418 17.358 17.305 17.26 17.22 17.18 17.14 17.105 17.112 17.07 16.892 16.652 16.39 16.12 15.845 15.62 15.572 15.57 15.467 15.367 15.325 15.323 15.352 15.352 15.3 15.235 15.145 15.042 14.932 14.812 14.69
18.215 18.22 18.23 18.238 18.247 18.267 18.297 18.33 18.365 18.4 18.43 18.47 18.53 18.572 18.578 18.578 18.557 18.305 17.975 17.777 17.591 16.605 15.71 15.11 14.586 14.748 14.94 15.205 15.491 16.148 16.773 17.008 17.14 17.235 17.407 17.525 17.602 17.637 17.642 17.635 17.587 17.513 17.448 17.388 17.323 17.255 17.2 17.16 17.12 17.1 17.142 17.135 17.012 16.825 16.58 16.32 16.055 15.808 15.653 15.513 15.328 15.23 15.253 15.318 15.375 15.377 15.32 15.23 15.12 15.015 14.912 14.805 14.688
18.18 18.195 18.213 18.213 18.22 18.252 18.287 18.322 18.36 18.377 18.387 18.412 18.457 18.53 18.582 18.585 18.437 18.044 17.656 16.525 15.473 14.575 13.799 13.938 14.09 14.253 14.724 15.665 16.348 16.967 17.477 17.455 17.355 17.333 17.415 17.505 17.567 17.59 17.597 17.602 17.587 17.54 17.483 17.427 17.367 17.293 17.213 17.148 17.1 17.1 17.177 17.185 17.085 16.955 16.752 16.5 16.253 16.008 15.743 15.508 15.323 15.25 15.29 15.342 15.395 15.392 15.315 15.205 15.09 14.983 14.88 14.78 14.673
18.2 18.222 18.227 18.198 18.185 18.215 18.252 18.287 18.305 18.282 18.258 18.265 18.325 18.5 18.622 18.489 17.984 16.61 15.498 14.413 13.419 13.408 13.475 13.586 14.246 15.308 16.145 17.077 17.719 17.827 17.815 17.732 17.602 17.47 17.428 17.483 17.532 17.542 17.547 17.55 17.57 17.57 17.52 17.465 17.41 17.35 17.275 17.183 17.1 17.09 17.17 17.18 17.09 17 16.877 16.695 16.482 16.247 15.945 15.625 15.385 15.135 14.958 15.102 15.29 15.285 15.205 15.098 15.02 14.953 14.86 14.763 14.675
18.252 18.252 18.222 18.175 18.15 18.168 18.205 18.22 18.192 18.145 18.1 18.083 18.167 18.339 18.066 16.782 15.565 14.356 13.409 13.353 13.308 13.268 13.932 15.077 16.165 17.267 17.867 18.075 18.172 18.137 18.042 17.932 17.792 17.64 17.523 17.483 17.487 17.49 17.487 17.488 17.542 17.595 17.565 17.51 17.455 17.397 17.337 17.257 17.158 17.1 17.103 17.09 17.05 17.012 16.882 16.727 16.61 16.445 16.192 15.84 15.262 14.733 14.56 14.685 14.85 14.853 14.923 14.982 14.97 14.945 14.865 14.78 14.725
18.267 18.242 18.197 18.152 18.118 18.122 18.137 18.11 18.057 18.005 17.955 17.914 17.621 16.622 15.52 14.316 13.444 13.361 13.323 13.318 13.3 13.258 13.86 16.091 17.866 18.195 18.425 18.49 18.432 18.315 18.18 18.047 17.912 17.78 17.658 17.53 17.443 17.425 17.42 17.433 17.515 17.612 17.617 17.563 17.505 17.445 17.393 17.337 17.25 17.168 17.12 17.093 17.085 17.01 16.735 16.528 16.433 16.36 16.277 15.64 14.765 14.47 14.51 14.513 14.518 14.54 14.69 14.897 14.98 14.952 14.885 14.83 14.8
18.195 18.17 18.135 18.1 18.07 18.052 18.025 17.975 17.922 17.869 17.454 16.39 15.373 14.286 13.499 13.42 13.355 13.32 13.315 13.315 13.315 13.302 13.251 15.432 17.976 18.505 18.737 18.695 18.56 18.425 18.29 18.155 18.02 17.9 17.802 17.64 17.438 17.355 17.353 17.393 17.5 17.622 17.662 17.615 17.555 17.503 17.473 17.43 17.34 17.26 17.215 17.175 17.115 16.895 16.498 16.285 16.26 16.315 15.915 14.93 14.43 14.46 14.49 14.495 14.523 14.59 14.685 14.833 14.957 14.967 14.935 14.907 14.883
18.063 18.04 18.02 18.005 17.982 17.94 17.89 17.837 17.404 16.36 15.325 14.248 13.531 13.46 13.403 13.37 13.34 13.313 13.3 13.288 13.28 13.28 13.265 14.286 16.832 18.552 18.817 18.805 18.668 18.532 18.4 18.265 18.145 18.055 17.962 17.777 17.515 17.335 17.293 17.363 17.49 17.62 17.69 17.665 17.615 17.588 17.577 17.522 17.36 17.175 17.072 17.005 16.823 16.75 16.723 16.605 16.525 16.217 15.258 14.488 14.43 14.45 14.47 14.498 14.575 14.675 14.767 14.852 14.935 14.98 14.982 14.977 14.965
17.93 17.915 17.908 17.895 17.86 17.807 17.309 16.26 15.288 14.266 13.599 13.498 13.408 13.37 13.358 13.36 13.35 13.323 13.298 13.273 13.253 13.24 13.228 13.199 15.588 18.366 18.83 18.885 18.775 18.64 18.51 18.393 18.305 18.235 18.117 17.902 17.64 17.395 17.283 17.35 17.478 17.605 17.707 17.727 17.703 17.695 17.682 17.555 17.272 16.96 16.753 16.823 16.838 16.89 17.092 17.132 16.935 15.828 14.678 14.43 14.43 14.443 14.48 14.545 14.63 14.715 14.79 14.86 14.925 14.967 14.985 14.998 15.038
17.82 17.82 17.81 17.774 17.212 16.155 15.185 14.168 13.596 13.585 13.542 13.435 13.36 13.37 13.39 13.387 13.365 13.338 13.313 13.288 13.263 13.238 13.211 13.302 15.501 18.167 18.822 18.927 18.882 18.755 18.645 18.558 18.485 18.415 18.27 18.027 17.762 17.493 17.358 17.428 17.555 17.673 17.76 17.787 17.78 17.775 17.642 17.35 17.028 16.933 16.935 17.013 17.125 17.09 17.14 17.272 17.2 16.265 14.956 14.936 15.16 14.655 14.475 14.557 14.63 14.695 14.76 14.83 14.895 14.942 14.97 15.02 15.13
17.737 17.726 17.072 16.012 15.075 14.054 13.556 13.555 13.543 13.53 13.5 13.44 13.405 13.417 13.425 13.407 13.38 13.353 13.33 13.311 13.296 13.928 14.925 15.498 16.795 18.334 18.852 18.972 18.985 18.895 18.815 18.743 18.67 18.587 18.412 18.152 17.88 17.593 17.465 17.565 17.705 17.792 17.825 17.83 17.827 17.69 17.333 17.163 17.123 17.163 17.265 17.2 17.135 17.123 17.215 17.367 17.437 17.217 16.423 16.27 16.154 15.058 14.473 14.483 14.565 14.64 14.712 14.787 14.86 14.925 15 15.11 15.24
16.885 15.828 14.925 13.904 13.511 13.515 13.513 13.508 13.503 13.498 13.488 13.473 13.463 13.46 13.453 13.435 13.415 13.398 13.386 14.341 15.32 16.002 17.162 17.918 18.218 17.525 17.863 18.992 19.062 19.052 18.995 18.925 18.855 18.745 18.54 18.27 17.982 17.685 17.553 17.62 17.71 17.765 17.795 17.822 17.845 17.6 17.275 17.358 17.47 17.39 17.313 17.238 17.17 17.178 17.293 17.445 17.58 17.6 17.452 17.197 16.705 15.623 14.613 14.38 14.462 14.545 14.627 14.71 14.782 14.817 14.905 15.05 15.215
16.112 14.044 13.461 13.485 13.495 13.493 13.49 13.49 13.49 13.49 13.49 13.503 13.523 13.523 13.51 13.503 13.496 14.418 15.365 16.365 17.381 17.592 18.067 17.592 16.717 15.676 16.821 18.964 19.07 19.137 19.147 19.105 19.035 18.897 18.655 18.368 18.075 17.833 17.7 17.633 17.593 17.618 17.7 17.787 17.822 17.687 17.572 17.592 17.552 17.472 17.395 17.32 17.255 17.253 17.355 17.497 17.61 17.67 17.612 17.392 17.09 16.227 14.943 14.343 14.36 14.44 14.523 14.605 14.627 14.563 14.635 14.86 15.125
