EGM722_Project_Data/DTM_asc/TL4653.asc
ncols         200
nrows         200
xllcorner     546000.000
yllcorner     253000.000
cellsize      5
NODATA_value  -9999.0
[rows 0 to 31 of 200, columns 73 to 145 of 200]
29.092 29.382 29.645 29.923 30.255 30.642 31.005 31.33 31.298 31.05 31.355 32.432 33.562 34.062 34.295 34.598 34.945 35.348 35.795 36.377 36.872 37.017 37.022 37.03 37.045 37.048 37.058 37.12 37.21 37.25 37.255 37.285 37.327 37.355 37.375 37.42 37.475 37.52 37.555 37.587 37.62 37.64 37.645 37.64 37.63 37.63 37.64 37.652 37.66 37.653 37.643 37.645 37.655 37.672 37.698 37.735 37.762 37.7 37.562 37.403 37.225 37.06 36.945 36.91 36.957 36.977 36.9 36.81 36.758 36.717 36.673 36.633 36.603
28.957 29.247 29.51 29.77 30.043 30.35 30.66 30.953 31.1 30.718 30.448 31.091 32.45 33.717 34.26 34.513 34.833 35.22 35.628 36.105 36.505 36.66 36.745 36.832 36.922 37 37.072 37.16 37.25 37.31 37.35 37.395 37.44 37.48 37.522 37.58 37.635 37.68 37.715 37.75 37.785 37.8 37.795 37.787 37.78 37.78 37.79 37.805 37.817 37.82 37.825 37.837 37.847 37.862 37.89 37.917 37.945 37.897 37.753 37.59 37.428 37.253 37.12 37.105 37.172 37.2 37.13 37.025 36.945 36.893 36.848 36.805 36.768
28.817 29.11 29.375 29.648 29.925 30.198 30.46 30.727 30.885 30.582 30.245 30.351 31.016 32.502 33.857 34.417 34.728 35.098 35.485 35.825 36.075 36.248 36.413 36.583 36.76 36.93 37.055 37.145 37.237 37.347 37.44 37.492 37.537 37.587 37.645 37.705 37.765 37.812 37.845 37.88 37.922 37.942 37.935 37.928 37.925 37.935 37.95 37.963 37.978 37.99 38 38.01 38.012 38.025 38.055 38.085 38.1 38.07 37.965 37.815 37.662 37.493 37.37 37.35 37.398 37.425 37.362 37.257 37.15 37.07 37.023 36.98 36.94
28.645 28.985 29.272 29.56 29.85 30.132 30.37 30.582 30.615 30.408 30.265 30.238 30.303 30.966 32.545 33.952 34.577 34.982 35.35 35.65 35.882 36.077 36.25 36.425 36.613 36.81 36.975 37.085 37.183 37.325 37.48 37.575 37.625 37.675 37.735 37.798 37.862 37.912 37.945 37.985 38.04 38.072 38.07 38.068 38.075 38.092 38.112 38.128 38.142 38.155 38.165 38.165 38.158 38.17 38.197 38.212 38.202 38.192 38.162 38.055 37.9 37.748 37.66 37.635 37.653 37.665 37.597 37.482 37.353 37.255 37.203 37.16 37.12
28.405 28.817 29.15 29.47 29.777 30.07 30.295 30.42 30.405 30.323 30.285 30.255 30.23 30.258 30.924 32.583 34.064 34.78 35.195 35.458 35.685 35.908 36.1 36.278 36.47 36.67 36.862 37.012 37.13 37.28 37.462 37.62 37.71 37.765 37.825 37.89 37.955 38.007 38.053 38.105 38.165 38.202 38.21 38.218 38.232 38.25 38.27 38.29 38.307 38.317 38.32 38.312 38.303 38.312 38.322 38.31 38.288 38.278 38.285 38.255 38.14 38.015 37.96 37.935 37.927 37.91 37.822 37.69 37.55 37.45 37.393 37.343 37.298
28.15 28.59 28.955 29.302 29.637 29.962 30.225 30.34 30.348 30.327 30.302 30.275 30.245 30.225 30.686 31.853 33.08 34.157 34.95 35.325 35.585 35.822 36.01 36.165 36.335 36.527 36.73 36.917 37.075 37.235 37.417 37.602 37.755 37.85 37.915 37.98 38.045 38.105 38.165 38.225 38.285 38.332 38.357 38.372 38.39 38.407 38.425 38.445 38.462 38.467 38.46 38.45 38.44 38.435 38.42 38.395 38.373 38.363 38.37 38.38 38.345 38.282 38.247 38.22 38.195 38.142 38.03 37.89 37.75 37.648 37.585 37.53 37.478
27.907 28.36 28.74 29.1 29.453 29.792 30.097 30.292 30.34 30.32 30.302 30.28 30.252 30.231 31.11 32.045 32.298 33.198 34.422 35.122 35.45 35.705 35.86 35.992 36.162 36.365 36.572 36.782 36.987 37.175 37.357 37.542 37.73 37.892 37.992 38.057 38.12 38.187 38.257 38.32 38.382 38.44 38.475 38.497 38.52 38.535 38.55 38.567 38.582 38.585 38.575 38.567 38.565 38.555 38.53 38.505 38.485 38.48 38.49 38.5 38.507 38.495 38.465 38.435 38.402 38.342 38.237 38.103 37.958 37.85 37.79 37.74 37.678
27.667 28.122 28.54 28.95 29.32 29.65 29.975 30.242 30.335 30.313 30.293 30.27 30.245 30.663 31.565 32.082 32.108 32.751 34.02 34.815 35.175 35.44 35.585 35.743 35.963 36.185 36.398 36.63 36.88 37.095 37.278 37.47 37.68 37.885 38.035 38.122 38.185 38.255 38.332 38.4 38.465 38.525 38.565 38.592 38.615 38.632 38.647 38.662 38.677 38.68 38.673 38.675 38.687 38.685 38.663 38.643 38.63 38.63 38.64 38.65 38.657 38.65 38.625 38.595 38.56 38.51 38.437 38.327 38.185 38.08 38.025 37.965 37.885
27.462 27.898 28.358 28.83 29.235 29.578 29.925 30.232 30.347 30.323 30.305 30.3 30.303 30.872 31.804 32.192 32.405 33.16 34.05 34.55 34.885 35.135 35.315 35.533 35.78 36.008 36.24 36.505 36.78 37.007 37.203 37.418 37.65 37.862 38.032 38.165 38.25 38.32 38.4 38.475 38.545 38.602 38.647 38.685 38.71 38.728 38.743 38.757 38.772 38.778 38.78 38.795 38.815 38.815 38.8 38.79 38.78 38.778 38.788 38.8 38.805 38.8 38.782 38.755 38.717 38.665 38.605 38.53 38.42 38.325 38.257 38.175 38.085
27.267 27.7 28.185 28.685 29.145 29.53 29.885 30.207 30.36 30.38 30.405 30.44 30.48 30.643 31.263 32 32.762 33.56 33.997 34.293 34.595 34.858 35.095 35.347 35.598 35.848 36.115 36.395 36.677 36.93 37.155 37.39 37.627 37.837 38.01 38.167 38.295 38.385 38.465 38.545 38.622 38.68 38.725 38.77 38.805 38.825 38.84 38.855 38.87 38.885 38.9 38.92 38.94 38.945 38.94 38.935 38.927 38.925 38.935 38.95 38.955 38.947 38.933 38.912 38.873 38.818 38.763 38.708 38.643 38.563 38.47 38.373 38.28
27.052 27.503 28 28.5 28.97 29.387 29.762 30.075 30.267 30.355 30.415 30.47 30.522 30.573 30.816 31.73 32.877 33.475 33.76 34.045 34.338 34.622 34.89 35.145 35.423 35.723 36.01 36.293 36.598 36.89 37.14 37.38 37.617 37.827 38 38.16 38.322 38.455 38.545 38.625 38.702 38.767 38.818 38.86 38.9 38.927 38.943 38.958 38.973 38.993 39.015 39.035 39.055 39.065 39.062 39.058 39.065 39.08 39.093 39.105 39.112 39.105 39.088 39.075 39.048 39 38.95 38.905 38.875 38.815 38.71 38.603 38.503
26.813 27.27 27.78 28.252 28.675 29.087 29.51 29.845 30.045 30.18 30.265 30.322 30.378 30.443 30.788 31.875 32.882 33.247 33.522 33.81 34.11 34.402 34.673 34.943 35.273 35.615 35.91 36.213 36.565 36.887 37.14 37.38 37.62 37.83 38 38.173 38.36 38.515 38.625 38.712 38.787 38.86 38.917 38.962 39.002 39.03 39.048 39.065 39.08 39.098 39.12 39.142 39.165 39.172 39.168 39.178 39.215 39.247 39.257 39.265 39.275 39.27 39.255 39.253 39.247 39.215 39.165 39.138 39.137 39.087 38.98 38.873 38.773
26.565 27.008 27.492 27.917 28.305 28.73 29.217 29.6 29.8 29.96 30.092 30.175 30.23 30.398 31.145 32.175 32.742 33.012 33.263 33.602 33.927 34.183 34.463 34.773 35.148 35.507 35.825 36.17 36.56 36.89 37.14 37.38 37.62 37.83 38.013 38.208 38.407 38.562 38.68 38.787 38.875 38.947 39.007 39.062 39.105 39.13 39.15 39.17 39.188 39.205 39.225 39.248 39.27 39.278 39.29 39.33 39.385 39.42 39.425 39.43 39.44 39.438 39.433 39.44 39.45 39.43 39.395 39.393 39.407 39.362 39.26 39.16 39.065
26.325 26.735 27.155 27.553 27.938 28.39 28.925 29.342 29.563 29.72 29.877 30.005 30.083 30.545 31.537 32.192 32.462 32.752 32.98 33.35 33.792 34.07 34.313 34.655 35.045 35.42 35.785 36.17 36.57 36.9 37.15 37.39 37.63 37.848 38.048 38.253 38.452 38.607 38.725 38.845 38.955 39.038 39.1 39.163 39.213 39.238 39.255 39.275 39.293 39.313 39.335 39.355 39.378 39.403 39.445 39.503 39.56 39.593 39.595 39.6 39.613 39.62 39.625 39.635 39.648 39.648 39.65 39.668 39.685 39.647 39.555 39.46 39.368
26.098 26.473 26.833 27.208 27.6 28.063 28.602 29.09 29.382 29.532 29.677 29.818 30.083 30.848 31.73 31.995 32.108 32.42 32.693 33.03 33.547 34.017 34.345 34.698 35.08 35.46 35.843 36.235 36.635 36.972 37.233 37.475 37.715 37.938 38.14 38.34 38.525 38.67 38.793 38.915 39.035 39.152 39.242 39.308 39.36 39.385 39.4 39.418 39.443 39.495 39.54 39.563 39.59 39.63 39.68 39.733 39.79 39.83 39.848 39.863 39.865 39.875 39.895 39.905 39.915 39.925 39.94 39.96 39.982 39.95 39.857 39.763 39.675
25.885 26.237 26.545 26.875 27.258 27.718 28.25 28.787 29.157 29.317 29.433 29.628 30.248 31.115 31.695 31.8 31.77 32.01 32.347 32.693 33.238 33.967 34.505 34.86 35.24 35.612 35.978 36.355 36.75 37.095 37.37 37.622 37.865 38.085 38.28 38.46 38.622 38.76 38.882 39.005 39.125 39.267 39.405 39.49 39.54 39.565 39.583 39.61 39.655 39.742 39.83 39.875 39.908 39.948 39.995 40.048 40.108 40.163 40.197 40.205 40.18 40.185 40.225 40.245 40.255 40.257 40.258 40.268 40.287 40.255 40.163 40.075 39.997
25.673 26.012 26.29 26.573 26.913 27.36 27.888 28.417 28.807 29.005 29.17 29.645 30.467 31.175 31.575 31.622 31.498 31.628 31.978 32.5 33.243 34.037 34.622 35.012 35.4 35.768 36.125 36.49 36.87 37.212 37.495 37.76 38.012 38.225 38.4 38.56 38.715 38.855 38.975 39.095 39.215 39.36 39.525 39.652 39.72 39.75 39.783 39.833 39.888 39.978 40.095 40.18 40.232 40.283 40.34 40.403 40.47 40.525 40.542 40.52 40.478 40.483 40.535 40.575 40.595 40.595 40.587 40.585 40.595 40.56 40.475 40.4 40.33
25.48 25.788 26.058 26.325 26.618 27.025 27.54 28.068 28.488 28.76 29.123 29.837 30.577 31.115 31.455 31.455 31.325 31.398 31.853 32.64 33.417 34.032 34.577 35.027 35.475 35.957 36.36 36.693 37.03 37.348 37.635 37.918 38.177 38.372 38.52 38.66 38.808 38.948 39.068 39.188 39.313 39.46 39.63 39.787 39.897 39.957 40.007 40.065 40.12 40.21 40.337 40.445 40.555 40.655 40.723 40.79 40.86 40.865 40.822 40.795 40.76 40.767 40.822 40.875 40.915 40.922 40.907 40.892 40.885 40.855 40.795 40.73 40.66
25.33 25.623 25.915 26.185 26.46 26.835 27.333 27.858 28.303 28.665 29.233 29.945 30.532 31.057 31.345 31.328 31.258 31.383 31.988 32.822 33.455 33.94 34.415 34.883 35.45 36.187 36.735 37.033 37.305 37.563 37.843 38.127 38.367 38.55 38.695 38.823 38.953 39.088 39.218 39.343 39.463 39.605 39.773 39.935 40.07 40.157 40.217 40.277 40.343 40.44 40.567 40.667 40.785 40.957 41.107 41.2 41.225 41.142 41.06 41.022 40.977 40.982 41.032 41.085 41.135 41.15 41.13 41.112 41.097 41.075 41.04 40.995 40.947
25.19 25.493 25.83 26.127 26.403 26.775 27.26 27.767 28.215 28.703 29.34 29.945 30.46 30.95 31.23 31.28 31.275 31.49 32.108 32.837 33.447 33.925 34.34 34.783 35.425 36.345 37.072 37.405 37.627 37.843 38.097 38.352 38.56 38.737 38.895 39.037 39.165 39.295 39.427 39.545 39.65 39.785 39.95 40.105 40.237 40.33 40.395 40.463 40.553 40.67 40.785 40.865 40.938 41.11 41.355 41.55 41.512 41.348 41.267 41.185 41.128 41.14 41.18 41.225 41.277 41.295 41.275 41.26 41.25 41.232 41.205 41.183 41.177
25.043 25.338 25.695 26.04 26.343 26.725 27.205 27.69 28.195 28.755 29.295 29.777 30.25 30.685 30.962 31.092 31.205 31.528 32.133 32.812 33.44 33.935 34.378 34.858 35.478 36.387 37.24 37.685 37.92 38.13 38.342 38.55 38.745 38.92 39.08 39.237 39.385 39.515 39.627 39.728 39.828 39.963 40.122 40.27 40.402 40.5 40.565 40.65 40.77 40.897 40.992 41.055 41.115 41.223 41.45 41.672 41.64 41.5 41.41 41.308 41.273 41.303 41.338 41.375 41.422 41.44 41.425 41.415 41.405 41.388 41.375 41.383 41.407
24.9 25.188 25.54 25.907 26.258 26.66 27.132 27.603 28.115 28.615 29.053 29.488 29.928 30.34 30.638 30.853 31.108 31.54 32.155 32.818 33.457 34.008 34.518 35.06 35.63 36.413 37.245 37.835 38.195 38.405 38.58 38.752 38.935 39.105 39.265 39.425 39.587 39.717 39.813 39.908 40.008 40.135 40.283 40.428 40.567 40.67 40.75 40.863 40.997 41.115 41.19 41.245 41.305 41.37 41.52 41.637 41.625 41.587 41.512 41.435 41.43 41.465 41.5 41.53 41.552 41.56 41.555 41.552 41.547 41.552 41.58 41.617 41.645
24.803 25.078 25.415 25.78 26.153 26.57 27.032 27.492 27.958 28.425 28.873 29.31 29.75 30.17 30.515 30.81 31.135 31.605 32.225 32.88 33.54 34.15 34.707 35.265 35.823 36.478 37.203 37.895 38.387 38.617 38.78 38.942 39.07 39.227 39.437 39.617 39.782 39.91 40.003 40.095 40.193 40.323 40.465 40.598 40.733 40.848 40.963 41.098 41.227 41.31 41.35 41.4 41.46 41.517 41.585 41.617 41.61 41.61 41.585 41.555 41.56 41.577 41.595 41.607 41.61 41.61 41.61 41.61 41.61 41.637 41.692 41.742 41.775
24.743 25.005 25.328 25.68 26.05 26.47 26.925 27.365 27.813 28.312 28.81 29.263 29.713 30.157 30.522 30.84 31.19 31.675 32.308 32.983 33.672 34.3 34.865 35.43 36.003 36.615 37.305 38.03 38.557 38.785 38.925 39.085 39.133 39.238 39.505 39.75 39.96 40.1 40.192 40.28 40.378 40.54 40.702 40.818 40.938 41.068 41.208 41.35 41.46 41.505 41.513 41.528 41.56 41.595 41.61 41.61 41.61 41.61 41.61 41.61 41.61 41.61 41.61 41.61 41.61 41.61 41.61 41.61 41.61 41.632 41.682 41.735 41.78
24.68 24.938 25.255 25.598 25.953 26.36 26.797 27.215 27.645 28.163 28.722 29.217 29.68 30.145 30.542 30.89 31.248 31.745 32.41 33.113 33.817 34.447 35.018 35.593 36.175 36.803 37.505 38.242 38.78 38.97 39.063 39.185 39.163 39.208 39.47 39.788 40.112 40.302 40.378 40.458 40.56 40.747 40.952 41.085 41.2 41.33 41.47 41.605 41.697 41.743 41.75 41.735 41.73 41.725 41.705 41.65 41.61 41.61 41.61 41.61 41.61 41.607 41.602 41.595 41.585 41.565 41.542 41.527 41.512 41.54 41.61 41.68 41.747
24.615 24.873 25.188 25.525 25.865 26.248 26.663 27.068 27.488 28.003 28.597 29.147 29.642 30.115 30.535 30.912 31.288 31.82 32.522 33.237 33.947 34.595 35.185 35.772 36.358 36.988 37.697 38.425 38.925 39.117 39.217 39.255 39.165 39.213 39.545 39.995 40.367 40.53 40.588 40.652 40.745 40.93 41.175 41.355 41.482 41.607 41.737 41.865 41.97 42.03 42.032 42.013 41.995 41.972 41.912 41.765 41.638 41.61 41.61 41.61 41.61 41.597 41.548 41.502 41.485 41.437 41.37 41.325 41.303 41.345 41.44 41.53 41.63
24.56 24.813 25.12 25.452 25.788 26.158 26.563 26.965 27.38 27.895 28.49 29.052 29.575 30.062 30.492 30.887 31.288 31.848 32.56 33.275 33.99 34.66 35.282 35.897 36.512 37.155 37.842 38.482 38.875 39.085 39.252 39.267 39.143 39.325 39.875 40.405 40.692 40.765 40.792 40.8 40.865 41.055 41.31 41.525 41.68 41.805 41.945 42.122 42.282 42.34 42.317 42.29 42.27 42.222 42.117 41.927 41.715 41.618 41.61 41.61 41.602 41.572 41.493 41.393 41.338 41.292 41.193 41.1 41.08 41.135 41.238 41.353 41.488
24.52 24.768 25.06 25.38 25.713 26.083 26.488 26.898 27.318 27.828 28.405 28.947 29.462 29.962 30.432 30.855 31.263 31.823 32.53 33.245 33.957 34.632 35.275 35.925 36.61 37.292 37.93 38.437 38.758 39.012 39.177 39.172 39.148 39.545 40.275 40.752 40.887 40.89 40.87 40.838 40.908 41.118 41.362 41.592 41.775 41.913 42.095 42.347 42.562 42.63 42.602 42.572 42.53 42.437 42.3 42.1 41.85 41.668 41.61 41.607 41.585 41.54 41.48 41.365 41.235 41.165 41.062 40.915 40.873 40.96 41.093 41.24 41.387
24.475 24.73 25.015 25.318 25.64 26.008 26.418 26.838 27.26 27.755 28.302 28.817 29.315 29.817 30.327 30.802 31.235 31.798 32.505 33.217 33.925 34.598 35.273 35.985 36.728 37.43 38.03 38.455 38.75 39.002 39.09 39.063 39.2 39.768 40.545 40.925 40.925 40.885 40.85 40.833 40.938 41.168 41.408 41.643 41.85 42.043 42.283 42.56 42.765 42.797 42.757 42.742 42.71 42.625 42.482 42.272 42.02 41.783 41.64 41.595 41.555 41.505 41.455 41.365 41.215 41.078 40.953 40.798 40.748 40.855 41.008 41.16 41.282
24.418 24.682 24.972 25.267 25.575 25.94 26.36 26.785 27.205 27.67 28.175 28.67 29.16 29.665 30.183 30.695 31.185 31.775 32.482 33.19 33.89 34.592 35.342 36.122 36.885 37.567 38.127 38.52 38.812 38.992 39.02 39.025 39.255 39.92 40.667 40.95 40.903 40.863 40.84 40.845 40.975 41.22 41.473 41.723 41.965 42.223 42.502 42.785 42.945 42.895 42.798 42.77 42.77 42.742 42.645 42.45 42.2 41.953 41.74 41.598 41.52 41.47 41.42 41.355 41.232 41.063 40.895 40.753 40.725 40.815 40.94 41.065 41.107
24.345 24.613 24.905 25.203 25.523 25.905 26.328 26.75 27.173 27.605 28.065 28.55 29.04 29.543 30.058 30.578 31.103 31.725 32.437 33.142 33.83 34.53 35.295 36.09 36.905 37.645 38.187 38.562 38.875 39.03 39.028 39.033 39.318 40.032 40.717 40.945 40.9 40.87 40.86 40.865 41.02 41.325 41.617 41.885 42.15 42.43 42.722 43.012 43.132 43.032 42.888 42.795 42.77 42.77 42.742 42.622 42.407 42.163 41.923 41.708 41.54 41.44 41.385 41.332 41.235 41.07 40.88 40.743 40.74 40.805 40.815 40.8 40.735
24.263 24.528 24.82 25.138 25.495 25.89 26.308 26.733 27.157 27.575 28.003 28.465 28.95 29.45 29.965 30.482 31 31.63 32.362 33.075 33.752 34.385 35.088 35.89 36.782 37.65 38.24 38.63 38.952 39.087 39.075 39.058 39.375 40.14 40.772 40.952 40.925 40.912 40.892 40.85 41.005 41.365 41.705 42.02 42.332 42.635 42.927 43.215 43.315 43.2 43.045 42.898 42.8 42.77 42.77 42.737 42.607 42.39 42.155 41.925 41.695 41.505 41.378 41.297 41.2 41.037 40.852 40.702 40.62 40.555 40.425 40.285 40.192
