EGM722_Project_Data/DTM_asc/TL4657.asc
ncols         200
nrows         200
xllcorner     546000.000
yllcorner     257000.000
cellsize      5
NODATA_value  -9999.0
[rows 128 to 159 of 200, columns 0 to 72 of 200]
15.127 15.048 15.058 15.105 15.132 15.157 15.18 15.2 15.248 15.265 15.248 15.25 15.195 15.063 14.925 14.848 14.838 14.908 15.048 15.248 15.53 15.847 16.165 16.487 16.652 16.657 16.652 16.64 16.627 16.607 16.582 16.56 16.55 16.55 16.55 16.547 16.543 16.54 16.532 16.51 16.48 16.45 16.415 16.39 16.39 16.41 16.045 16.07 16.449 15.85 15.303 15.6 16.095 16.062 15.533 15.26 15.268 15.295 15.403 15.58 15.757 15.907 15.957 15.912 15.85 15.785 15.84 16.012 16.15 16.275 16.437 16.54 16.527
15.128 15.075 15.078 15.105 15.127 15.152 15.175 15.195 15.217 15.23 15.23 15.23 15.175 15.013 14.868 14.83 14.83 14.86 15.008 15.283 15.597 15.912 16.227 16.55 16.715 16.71 16.69 16.665 16.64 16.615 16.59 16.565 16.553 16.55 16.55 16.55 16.547 16.543 16.537 16.52 16.49 16.46 16.427 16.393 16.365 16.282 16.063 16.18 16.137 15.565 15.325 15.855 16.329 15.803 15.298 15.275 15.253 15.258 15.33 15.483 15.668 15.855 15.93 15.88 15.82 15.76 15.778 15.958 16.168 16.333 16.512 16.607 16.585
15.118 15.095 15.1 15.108 15.118 15.133 15.15 15.17 15.19 15.202 15.205 15.207 15.165 15.01 14.865 14.83 14.83 14.835 14.99 15.3 15.62 15.942 16.26 16.512 16.632 16.67 16.675 16.657 16.642 16.625 16.6 16.575 16.557 16.55 16.55 16.55 16.55 16.547 16.542 16.527 16.5 16.47 16.44 16.408 16.377 16.025 16.08 16.444 15.838 15.288 15.595 16.107 16.31 15.79 15.335 15.357 15.33 15.343 15.365 15.435 15.605 15.795 15.87 15.825 15.77 15.73 15.78 15.985 16.237 16.432 16.595 16.67 16.645
15.138 15.15 15.155 15.15 15.145 15.148 15.155 15.163 15.17 15.178 15.18 15.183 15.155 15.045 14.91 14.843 14.83 14.83 14.958 15.25 15.58 15.927 16.242 16.4 16.458 16.52 16.57 16.6 16.607 16.597 16.58 16.565 16.555 16.55 16.55 16.55 16.55 16.55 16.545 16.532 16.51 16.48 16.453 16.427 16.217 15.686 15.898 16.172 15.59 15.305 15.855 16.35 16.037 15.56 15.41 15.442 15.438 15.495 15.5 15.463 15.555 15.735 15.812 15.768 15.728 15.743 15.873 16.102 16.342 16.552 16.73 16.792 16.74
15.198 15.225 15.222 15.218 15.215 15.215 15.212 15.205 15.193 15.185 15.188 15.188 15.178 15.147 15.06 14.95 14.868 14.83 14.923 15.183 15.538 15.932 16.212 16.3 16.333 16.37 16.42 16.47 16.507 16.527 16.525 16.517 16.522 16.54 16.55 16.55 16.55 16.552 16.55 16.542 16.527 16.5 16.475 16.387 15.93 15.733 16.167 15.875 15.315 15.323 15.853 16.329 15.785 15.35 15.485 15.538 15.578 15.667 15.672 15.588 15.563 15.675 15.755 15.73 15.748 15.825 15.983 16.207 16.432 16.64 16.82 16.88 16.822
15.275 15.292 15.287 15.285 15.28 15.27 15.257 15.242 15.22 15.215 15.227 15.228 15.23 15.252 15.265 15.195 15.058 14.948 14.92 15.14 15.56 15.957 16.17 16.21 16.24 16.273 16.308 16.34 16.383 16.425 16.447 16.452 16.47 16.51 16.537 16.547 16.552 16.557 16.56 16.56 16.552 16.53 16.505 16.232 15.651 15.893 16.374 15.782 15.293 15.593 16.105 16.045 15.543 15.413 15.557 15.657 15.742 15.835 15.84 15.76 15.673 15.67 15.715 15.75 15.83 15.93 16.077 16.275 16.472 16.66 16.792 16.842 16.822
15.352 15.357 15.345 15.332 15.315 15.295 15.275 15.253 15.235 15.25 15.27 15.27 15.278 15.3 15.352 15.407 15.357 15.217 15.035 15.018 15.35 15.842 16.102 16.123 16.15 16.18 16.213 16.247 16.28 16.313 16.35 16.375 16.4 16.437 16.472 16.505 16.525 16.53 16.557 16.585 16.58 16.56 16.417 15.968 15.745 16.135 16.07 15.5 15.308 15.855 16.349 15.78 15.32 15.475 15.612 15.712 15.8 15.882 15.885 15.817 15.742 15.698 15.725 15.81 15.907 16.005 16.128 16.285 16.46 16.627 16.725 16.765 16.775
15.31 15.395 15.372 15.347 15.325 15.305 15.285 15.26 15.258 15.29 15.31 15.313 15.325 15.35 15.38 15.452 15.537 15.49 15.242 14.953 15.085 15.703 16.07 16.075 16.088 16.103 16.123 16.153 16.185 16.218 16.252 16.28 16.302 16.33 16.365 16.412 16.455 16.47 16.522 16.595 16.61 16.54 16.217 15.695 15.945 16.429 15.83 15.28 15.583 16.112 16.305 15.777 15.383 15.53 15.637 15.688 15.743 15.812 15.812 15.755 15.715 15.713 15.765 15.857 15.952 16.05 16.15 16.275 16.44 16.577 16.64 16.675 16.705
15.203 15.37 15.375 15.355 15.335 15.315 15.293 15.275 15.29 15.33 15.35 15.355 15.373 15.4 15.43 15.46 15.547 15.582 15.372 15.033 15.215 15.817 16.07 16.07 16.07 16.07 16.075 16.088 16.103 16.125 16.155 16.18 16.198 16.22 16.258 16.308 16.36 16.4 16.47 16.572 16.627 16.457 16.01 15.615 15.963 16.127 15.548 15.295 15.852 16.364 16.03 15.545 15.44 15.572 15.652 15.675 15.7 15.742 15.743 15.713 15.718 15.745 15.805 15.895 15.99 16.09 16.185 16.29 16.417 16.51 16.55 16.585 16.62
15.13 15.265 15.345 15.36 15.345 15.325 15.3 15.298 15.33 15.37 15.39 15.398 15.42 15.45 15.48 15.51 15.543 15.58 15.55 15.445 15.672 16.012 16.07 16.07 16.07 16.07 16.07 16.07 16.07 16.075 16.085 16.095 16.1 16.113 16.158 16.225 16.295 16.365 16.453 16.555 16.585 16.312 15.793 15.79 16.232 15.835 15.275 15.438 15.982 16.349 15.8 15.353 15.485 15.6 15.662 15.675 15.685 15.703 15.713 15.725 15.755 15.783 15.84 15.932 16.03 16.127 16.222 16.32 16.407 16.46 16.49 16.52 16.548
15.063 15.165 15.265 15.322 15.345 15.332 15.318 15.335 15.375 15.415 15.435 15.445 15.47 15.5 15.53 15.56 15.585 15.623 15.717 15.85 15.99 16.067 16.07 16.07 16.07 16.07 16.07 16.07 16.07 16.07 16.068 16.068 16.065 16.07 16.12 16.205 16.293 16.378 16.468 16.567 16.497 16.107 15.576 15.875 16.304 15.725 15.295 15.715 16.24 16.062 15.55 15.398 15.53 15.635 15.675 15.685 15.695 15.71 15.735 15.762 15.79 15.815 15.865 15.955 16.052 16.147 16.242 16.332 16.402 16.445 16.475 16.5 16.52
15 15.117 15.208 15.265 15.315 15.33 15.345 15.38 15.42 15.46 15.482 15.495 15.52 15.55 15.58 15.61 15.632 15.658 15.743 15.885 16.007 16.062 16.07 16.07 16.07 16.07 16.07 16.07 16.07 16.07 16.073 16.08 16.083 16.09 16.14 16.225 16.31 16.395 16.487 16.562 16.375 15.89 15.725 16.122 16.01 15.45 15.305 15.853 16.364 15.795 15.328 15.475 15.597 15.67 15.692 15.703 15.72 15.743 15.77 15.797 15.822 15.845 15.885 15.965 16.06 16.153 16.245 16.325 16.387 16.437 16.475 16.5 16.52
14.915 15.075 15.192 15.243 15.282 15.315 15.365 15.42 15.46 15.5 15.527 15.545 15.573 15.605 15.635 15.66 15.675 15.695 15.773 15.905 16.01 16.055 16.067 16.07 16.07 16.07 16.07 16.07 16.07 16.073 16.078 16.087 16.097 16.113 16.165 16.248 16.33 16.415 16.515 16.51 16.195 15.673 15.925 16.417 15.835 15.295 15.58 16.115 16.26 15.748 15.44 15.577 15.65 15.687 15.71 15.728 15.753 15.778 15.805 15.832 15.855 15.875 15.905 15.975 16.07 16.165 16.27 16.335 16.373 16.427 16.47 16.497 16.52
14.848 15.032 15.17 15.227 15.253 15.28 15.342 15.425 15.49 15.54 15.572 15.598 15.63 15.665 15.69 15.705 15.715 15.733 15.805 15.93 16.02 16.05 16.063 16.07 16.07 16.07 16.07 16.07 16.073 16.08 16.088 16.098 16.11 16.133 16.19 16.272 16.355 16.445 16.517 16.397 15.988 15.675 16.025 16.125 15.565 15.303 15.85 16.377 15.995 15.568 15.558 15.63 15.67 15.705 15.732 15.76 15.785 15.81 15.84 15.865 15.885 15.905 15.928 15.993 16.103 16.223 16.34 16.38 16.378 16.415 16.46 16.495 16.51
14.81 14.995 15.15 15.235 15.243 15.24 15.285 15.362 15.447 15.537 15.612 15.655 15.687 15.715 15.73 15.748 15.77 15.795 15.868 15.988 16.075 16.093 16.085 16.078 16.07 16.07 16.07 16.07 16.078 16.093 16.105 16.115 16.125 16.15 16.213 16.298 16.383 16.477 16.482 16.237 15.77 15.85 16.299 15.843 15.295 15.54 16.087 16.37 15.86 15.485 15.61 15.65 15.687 15.717 15.75 15.785 15.812 15.837 15.862 15.885 15.905 15.925 15.953 16.043 16.183 16.32 16.427 16.445 16.42 16.428 16.458 16.492 16.487
14.775 14.965 15.132 15.25 15.295 15.193 15.133 15.233 15.343 15.473 15.6 15.692 15.747 15.775 15.797 15.83 15.865 15.9 15.975 16.085 16.17 16.185 16.158 16.118 16.08 16.07 16.07 16.075 16.09 16.107 16.12 16.133 16.148 16.175 16.238 16.323 16.417 16.477 16.397 16.065 15.553 15.858 16.234 15.67 15.29 15.805 16.357 16.097 15.658 15.558 15.63 15.67 15.702 15.723 15.755 15.8 15.835 15.862 15.882 15.898 15.915 15.935 15.983 16.113 16.28 16.422 16.512 16.515 16.478 16.465 16.478 16.487 16.452
14.722 14.93 15.11 15.237 15.275 15.123 15.045 15.185 15.315 15.433 15.555 15.685 15.78 15.825 15.855 15.905 15.967 16.018 16.092 16.185 16.247 16.267 16.245 16.185 16.115 16.078 16.073 16.085 16.105 16.122 16.135 16.153 16.178 16.208 16.265 16.353 16.445 16.432 16.255 15.868 15.708 16.11 15.95 15.395 15.265 15.818 16.379 15.873 15.478 15.6 15.65 15.685 15.71 15.728 15.758 15.805 15.85 15.885 15.905 15.915 15.928 15.945 16.02 16.178 16.36 16.522 16.6 16.585 16.54 16.515 16.517 16.485 16.403
14.647 14.88 15.085 15.197 15.14 15.033 15.06 15.18 15.29 15.395 15.513 15.647 15.775 15.845 15.873 15.933 16.03 16.115 16.19 16.252 16.29 16.317 16.302 16.237 16.162 16.1 16.08 16.095 16.115 16.138 16.158 16.18 16.21 16.24 16.298 16.392 16.437 16.347 16.092 15.65 15.908 16.407 15.837 15.275 15.528 16.1 16.215 15.77 15.55 15.617 15.665 15.695 15.715 15.733 15.758 15.803 15.855 15.897 15.92 15.932 15.945 15.963 16.063 16.242 16.427 16.605 16.682 16.655 16.61 16.573 16.54 16.465 16.36
14.56 14.807 15.042 15.137 15.013 14.923 14.99 15.095 15.208 15.33 15.46 15.6 15.75 15.855 15.9 15.955 16.055 16.167 16.247 16.292 16.325 16.34 16.312 16.25 16.18 16.115 16.093 16.11 16.13 16.155 16.185 16.215 16.245 16.275 16.335 16.415 16.387 16.24 15.928 15.783 16.137 16.122 15.553 15.241 15.803 16.389 15.99 15.578 15.575 15.617 15.67 15.705 15.725 15.743 15.763 15.8 15.85 15.89 15.905 15.915 15.93 15.973 16.105 16.295 16.48 16.632 16.71 16.732 16.715 16.668 16.605 16.515 16.42
14.485 14.735 14.967 15.002 14.855 14.813 14.903 15.023 15.15 15.28 15.41 15.553 15.707 15.847 15.925 15.973 16.065 16.185 16.277 16.327 16.345 16.33 16.295 16.24 16.17 16.12 16.115 16.133 16.153 16.178 16.21 16.25 16.285 16.315 16.377 16.4 16.295 16.11 15.743 15.962 16.417 15.838 15.256 15.508 16.095 16.38 15.967 15.585 15.583 15.6 15.662 15.712 15.74 15.76 15.778 15.8 15.84 15.877 15.875 15.868 15.888 15.975 16.145 16.335 16.492 16.587 16.662 16.745 16.795 16.792 16.74 16.657 16.572
14.44 14.687 14.882 14.857 14.72 14.728 14.84 14.97 15.1 15.23 15.363 15.508 15.663 15.82 15.932 15.99 16.075 16.195 16.302 16.35 16.335 16.305 16.275 16.227 16.16 16.128 16.14 16.157 16.177 16.2 16.23 16.275 16.32 16.355 16.39 16.337 16.185 15.952 15.531 15.838 16.165 15.58 15.213 15.787 16.397 16.123 15.768 15.66 15.605 15.595 15.645 15.707 15.752 15.777 15.793 15.81 15.838 15.87 15.86 15.83 15.87 16.003 16.185 16.347 16.447 16.513 16.59 16.68 16.767 16.82 16.785 16.692 16.597
14.43 14.667 14.822 14.792 14.683 14.688 14.795 14.92 15.047 15.175 15.313 15.463 15.618 15.775 15.92 16.005 16.085 16.205 16.31 16.345 16.317 16.285 16.255 16.212 16.16 16.145 16.163 16.18 16.2 16.22 16.25 16.295 16.345 16.39 16.365 16.237 16.075 15.788 15.688 16.092 15.875 15.28 15.18 15.78 16.394 15.95 15.618 15.697 15.645 15.608 15.628 15.69 15.747 15.787 15.81 15.83 15.85 15.867 15.862 15.848 15.915 16.062 16.205 16.305 16.373 16.44 16.52 16.607 16.687 16.727 16.677 16.57 16.475
14.45 14.677 14.777 14.715 14.655 14.68 14.763 14.87 14.993 15.12 15.263 15.417 15.573 15.73 15.887 16.005 16.1 16.212 16.297 16.32 16.302 16.272 16.238 16.198 16.168 16.17 16.187 16.202 16.217 16.235 16.268 16.313 16.36 16.385 16.3 16.13 15.955 15.613 15.893 16.397 15.81 15.208 15.47 16.09 16.175 15.843 15.755 15.742 15.69 15.63 15.625 15.685 15.745 15.795 15.825 15.845 15.862 15.86 15.868 15.928 16.02 16.122 16.195 16.24 16.3 16.37 16.448 16.532 16.585 16.58 16.512 16.408 16.353
14.415 14.635 14.71 14.648 14.64 14.69 14.758 14.84 14.945 15.07 15.215 15.373 15.528 15.685 15.843 15.987 16.11 16.212 16.277 16.29 16.28 16.262 16.23 16.193 16.178 16.19 16.207 16.22 16.23 16.243 16.278 16.327 16.375 16.34 16.192 16.022 15.81 15.763 16.122 16.11 15.518 15.176 15.765 16.399 15.965 15.67 15.82 15.797 15.732 15.65 15.635 15.695 15.752 15.802 15.835 15.852 15.852 15.825 15.828 15.983 16.115 16.15 16.187 16.198 16.233 16.295 16.372 16.435 16.44 16.41 16.345 16.273 16.27
14.348 14.535 14.63 14.628 14.653 14.71 14.775 14.843 14.92 15.028 15.17 15.33 15.49 15.65 15.813 15.972 16.107 16.202 16.25 16.257 16.25 16.24 16.222 16.2 16.195 16.207 16.22 16.23 16.24 16.25 16.285 16.34 16.39 16.287 16.078 15.915 15.648 15.945 16.404 15.822 15.226 15.47 16.08 16.397 15.987 15.718 15.862 15.842 15.76 15.663 15.645 15.702 15.757 15.81 15.842 15.842 15.815 15.775 15.898 16.142 16.212 16.188 16.195 16.19 16.19 16.225 16.282 16.297 16.27 16.24 16.193 16.173 16.208
14.433 14.533 14.623 14.64 14.673 14.74 14.815 14.89 14.963 15.055 15.185 15.335 15.488 15.648 15.813 15.967 16.087 16.172 16.22 16.23 16.225 16.218 16.213 16.21 16.212 16.22 16.23 16.24 16.25 16.26 16.293 16.347 16.387 16.222 15.965 15.805 15.515 15.855 16.132 15.548 15.195 15.775 16.402 16.15 15.77 15.768 15.9 15.87 15.775 15.678 15.655 15.708 15.762 15.815 15.827 15.795 15.755 15.715 16.047 16.39 16.345 16.278 16.233 16.213 16.195 16.193 16.2 16.183 16.153 16.128 16.1 16.103 16.145
14.758 14.755 14.748 14.715 14.75 14.83 14.915 15 15.08 15.168 15.285 15.425 15.563 15.708 15.847 15.945 16.012 16.08 16.125 16.175 16.217 16.22 16.22 16.223 16.228 16.235 16.245 16.255 16.262 16.27 16.3 16.355 16.35 16.125 15.855 15.668 15.7 16.11 15.845 15.255 15.27 15.87 16.402 15.92 15.555 15.767 15.875 15.847 15.757 15.663 15.648 15.71 15.765 15.81 15.792 15.73 15.685 15.643 16.105 16.555 16.475 16.38 16.303 16.265 16.245 16.223 16.2 16.178 16.155 16.133 16.105 16.09 16.098
15.197 15.1 14.94 14.845 14.885 14.97 15.052 15.137 15.22 15.305 15.415 15.55 15.687 15.807 15.852 15.845 15.873 15.932 15.96 16.015 16.122 16.202 16.235 16.237 16.242 16.25 16.26 16.267 16.272 16.278 16.307 16.332 16.26 16.01 15.748 15.503 15.875 16.329 15.75 15.213 15.57 16.185 16.135 15.658 15.538 15.695 15.777 15.77 15.705 15.613 15.61 15.695 15.762 15.8 15.765 15.683 15.62 15.715 16.278 16.675 16.575 16.465 16.38 16.338 16.315 16.29 16.265 16.245 16.222 16.195 16.165 16.135 16.105
15.54 15.342 15.093 14.968 15.013 15.1 15.187 15.275 15.36 15.445 15.545 15.667 15.782 15.83 15.767 15.69 15.708 15.775 15.792 15.79 15.885 16.037 16.147 16.205 16.242 16.265 16.27 16.272 16.277 16.282 16.292 16.25 16.132 15.895 15.64 15.693 16.11 16.047 15.463 15.191 15.778 16.402 15.863 15.35 15.45 15.585 15.662 15.665 15.632 15.56 15.56 15.657 15.75 15.79 15.745 15.655 15.575 15.983 16.605 16.747 16.655 16.545 16.458 16.41 16.383 16.357 16.333 16.31 16.287 16.26 16.228 16.195 16.163
15.707 15.445 15.18 15.073 15.133 15.213 15.302 15.395 15.482 15.57 15.652 15.732 15.795 15.765 15.67 15.613 15.61 15.635 15.638 15.62 15.658 15.78 15.937 16.06 16.142 16.207 16.237 16.247 16.26 16.265 16.225 16.122 15.995 15.772 15.515 15.917 16.394 15.817 15.233 15.485 16.087 16.345 15.8 15.333 15.395 15.493 15.548 15.545 15.53 15.49 15.508 15.613 15.725 15.78 15.74 15.66 15.58 16.16 16.775 16.752 16.697 16.615 16.533 16.48 16.45 16.423 16.397 16.375 16.352 16.325 16.293 16.263 16.238
15.772 15.495 15.255 15.19 15.26 15.33 15.408 15.493 15.583 15.675 15.697 15.712 15.74 15.695 15.648 15.638 15.63 15.608 15.578 15.56 15.565 15.61 15.715 15.845 15.955 16.057 16.125 16.145 16.16 16.152 16.09 15.977 15.852 15.648 15.603 16.05 16.115 15.535 15.213 15.79 16.402 16.067 15.538 15.363 15.4 15.458 15.488 15.48 15.465 15.448 15.493 15.605 15.715 15.777 15.76 15.695 15.763 16.32 16.752 16.713 16.677 16.635 16.58 16.54 16.515 16.487 16.462 16.44 16.417 16.39 16.365 16.345 16.328
15.818 15.54 15.343 15.32 15.39 15.46 15.53 15.603 15.682 15.74 15.693 15.678 15.707 15.69 15.69 15.692 15.692 15.675 15.625 15.575 15.56 15.56 15.585 15.653 15.755 15.89 15.975 15.992 15.99 15.96 15.91 15.825 15.707 15.52 15.817 16.307 15.83 15.255 15.3 15.888 16.407 15.865 15.35 15.395 15.423 15.47 15.492 15.478 15.468 15.465 15.523 15.635 15.72 15.77 15.78 15.735 16.095 16.61 16.71 16.67 16.635 16.602 16.565 16.532 16.51 16.492 16.477 16.465 16.47 16.47 16.453 16.438 16.428
