EGM722_Project_Data/DTM_asc/TL4662.asc
ncols         200
nrows         200
xllcorner     546000.000
yllcorner     262000.000
cellsize      5
NODATA_value  -9999.0
[rows 64 to 95 of 200, columns 0 to 72 of 200]
12.705 12.905 13.11 13.3 13.555 13.85 14.112 14.392 14.68 15.01 15.42 15.847 16.21 16.528 16.91 17.305 17.592 17.772 17.895 18.01 18.107 18.175 18.255 18.373 18.513 18.685 18.845 18.96 19.045 19.138 19.345 19.612 19.85 20.085 20.31 20.53 20.75 20.962 21.115 21.21 21.29 21.35 21.47 21.663 21.865 22.07 22.24 22.382 22.507 22.59 22.65 22.697 22.72 22.743 22.82 22.937 23.037 23.115 23.225 23.375 23.512 23.62 23.682 23.705 23.705 23.695 23.632 23.485 23.333 23.215 23.075 22.835 22.543
12.748 12.933 13.132 13.31 13.575 13.95 14.285 14.577 14.87 15.172 15.52 15.872 16.187 16.495 16.875 17.32 17.667 17.85 17.965 18.08 18.195 18.295 18.39 18.5 18.61 18.73 18.845 18.933 19.005 19.088 19.253 19.49 19.73 19.968 20.183 20.38 20.59 20.807 20.965 21.06 21.155 21.243 21.37 21.56 21.762 21.967 22.14 22.285 22.43 22.55 22.62 22.645 22.653 22.678 22.76 22.88 22.998 23.1 23.223 23.375 23.525 23.657 23.722 23.728 23.723 23.715 23.685 23.592 23.473 23.367 23.247 23.05 22.785
12.798 12.955 13.107 13.228 13.498 13.97 14.395 14.71 15.007 15.255 15.502 15.8 16.1 16.4 16.785 17.25 17.62 17.817 17.935 18.05 18.165 18.295 18.43 18.542 18.635 18.727 18.832 18.93 19.005 19.083 19.213 19.418 19.655 19.895 20.1 20.275 20.463 20.658 20.815 20.93 21.043 21.16 21.288 21.453 21.65 21.852 22.027 22.175 22.32 22.462 22.587 22.645 22.65 22.673 22.753 22.87 22.99 23.108 23.243 23.395 23.545 23.692 23.767 23.768 23.763 23.758 23.75 23.705 23.61 23.502 23.39 23.242 23.022
12.845 12.965 13.06 13.173 13.493 14 14.46 14.787 15.012 15.167 15.368 15.66 15.96 16.265 16.658 17.095 17.442 17.66 17.79 17.908 18.038 18.203 18.367 18.497 18.6 18.695 18.81 18.93 19.025 19.108 19.22 19.383 19.59 19.825 20.03 20.205 20.377 20.54 20.708 20.865 21 21.132 21.248 21.365 21.53 21.727 21.905 22.053 22.2 22.353 22.522 22.662 22.715 22.735 22.808 22.923 23.04 23.16 23.293 23.44 23.588 23.735 23.817 23.827 23.827 23.825 23.82 23.797 23.732 23.63 23.512 23.39 23.23
12.872 12.965 13.04 13.203 13.55 14.017 14.457 14.745 14.877 15.003 15.228 15.523 15.82 16.135 16.515 16.897 17.22 17.472 17.63 17.765 17.933 18.127 18.297 18.432 18.555 18.662 18.78 18.91 19.03 19.13 19.245 19.388 19.55 19.758 19.96 20.13 20.292 20.448 20.628 20.82 20.982 21.117 21.23 21.328 21.443 21.608 21.782 21.933 22.085 22.245 22.415 22.597 22.74 22.8 22.87 22.985 23.097 23.21 23.338 23.485 23.632 23.777 23.862 23.88 23.89 23.892 23.885 23.872 23.84 23.757 23.635 23.51 23.382
12.872 12.962 13.028 13.195 13.495 13.845 14.182 14.457 14.655 14.842 15.092 15.385 15.68 15.997 16.34 16.672 16.987 17.28 17.49 17.66 17.857 18.06 18.225 18.355 18.48 18.605 18.737 18.87 19 19.122 19.252 19.397 19.542 19.71 19.887 20.048 20.2 20.358 20.54 20.743 20.935 21.095 21.212 21.31 21.407 21.523 21.667 21.82 21.975 22.135 22.308 22.493 22.675 22.817 22.925 23.032 23.137 23.243 23.37 23.52 23.67 23.817 23.902 23.922 23.94 23.952 23.947 23.935 23.92 23.86 23.742 23.61 23.475
12.797 12.902 13 13.15 13.35 13.548 13.753 13.985 14.242 14.507 14.785 15.075 15.377 15.717 16.052 16.36 16.67 16.99 17.282 17.512 17.722 17.932 18.11 18.247 18.365 18.495 18.652 18.8 18.932 19.065 19.205 19.355 19.505 19.663 19.825 19.98 20.133 20.293 20.475 20.675 20.872 21.037 21.152 21.247 21.345 21.435 21.545 21.692 21.853 22.03 22.225 22.42 22.61 22.8 22.955 23.065 23.165 23.268 23.398 23.55 23.697 23.84 23.922 23.945 23.965 23.98 23.975 23.96 23.947 23.905 23.797 23.655 23.53
12.648 12.733 12.865 13.007 13.157 13.3 13.435 13.578 13.715 13.915 14.202 14.512 14.85 15.252 15.63 15.938 16.258 16.595 16.947 17.25 17.485 17.705 17.917 18.095 18.225 18.355 18.527 18.702 18.847 18.983 19.125 19.275 19.435 19.61 19.777 19.933 20.088 20.248 20.43 20.627 20.802 20.935 21.04 21.137 21.225 21.3 21.398 21.54 21.72 21.94 22.177 22.397 22.6 22.792 22.955 23.085 23.195 23.295 23.423 23.575 23.717 23.85 23.927 23.95 23.965 23.97 23.962 23.95 23.942 23.912 23.812 23.685 23.605
12.503 12.525 12.628 12.773 12.915 13.058 13.19 13.31 13.348 13.393 13.598 13.913 14.293 14.757 15.18 15.508 15.848 16.195 16.56 16.917 17.205 17.438 17.67 17.895 18.07 18.215 18.388 18.58 18.752 18.9 19.045 19.205 19.383 19.565 19.732 19.887 20.042 20.203 20.382 20.56 20.7 20.817 20.92 21.007 21.082 21.148 21.24 21.395 21.613 21.868 22.13 22.375 22.595 22.787 22.945 23.085 23.215 23.325 23.45 23.595 23.727 23.855 23.932 23.95 23.955 23.955 23.95 23.943 23.94 23.92 23.84 23.755 23.715
12.378 12.368 12.433 12.57 12.718 12.858 12.98 13.08 13.115 13.12 13.238 13.493 13.788 14.178 14.657 15.085 15.452 15.8 16.165 16.542 16.89 17.17 17.41 17.65 17.87 18.06 18.245 18.44 18.635 18.81 18.975 19.152 19.335 19.515 19.685 19.84 19.995 20.155 20.312 20.452 20.575 20.695 20.79 20.86 20.928 20.993 21.098 21.293 21.548 21.815 22.078 22.333 22.58 22.78 22.93 23.072 23.215 23.345 23.472 23.605 23.732 23.857 23.932 23.945 23.945 23.945 23.943 23.94 23.94 23.932 23.897 23.857 23.833
12.25 12.248 12.31 12.428 12.575 12.71 12.807 12.878 12.923 12.958 13.043 13.233 13.415 13.578 13.935 14.44 14.93 15.372 15.74 16.05 16.407 16.757 17.02 17.262 17.507 17.767 18.017 18.227 18.422 18.617 18.82 19.025 19.227 19.435 19.617 19.77 19.92 20.067 20.2 20.32 20.44 20.56 20.65 20.715 20.78 20.868 21.035 21.283 21.555 21.823 22.083 22.337 22.557 22.717 22.857 23.002 23.147 23.285 23.41 23.535 23.662 23.797 23.897 23.932 23.94 23.94 23.94 23.94 23.94 23.94 23.937 23.927 23.915
12.14 12.15 12.215 12.31 12.438 12.567 12.655 12.713 12.762 12.805 12.86 13.01 13.16 13.183 13.298 13.64 14.13 14.67 15.082 15.403 15.8 16.195 16.487 16.735 17.013 17.335 17.657 17.915 18.117 18.32 18.54 18.765 18.995 19.235 19.457 19.642 19.797 19.935 20.06 20.18 20.3 20.42 20.51 20.575 20.67 20.818 21.04 21.325 21.61 21.875 22.127 22.34 22.485 22.6 22.733 22.877 23.017 23.145 23.265 23.388 23.523 23.682 23.815 23.887 23.927 23.94 23.94 23.94 23.94 23.94 23.94 23.94 23.94
12.093 12.103 12.155 12.22 12.313 12.422 12.502 12.555 12.605 12.652 12.698 12.805 12.907 12.94 13.01 13.175 13.46 13.863 14.298 14.743 15.207 15.625 15.942 16.218 16.54 16.885 17.23 17.547 17.795 18.008 18.23 18.463 18.703 18.948 19.2 19.44 19.637 19.792 19.92 20.04 20.16 20.277 20.375 20.48 20.635 20.818 21.05 21.355 21.66 21.915 22.115 22.255 22.367 22.483 22.608 22.745 22.872 22.99 23.113 23.245 23.403 23.577 23.71 23.797 23.875 23.925 23.94 23.94 23.94 23.94 23.94 23.94 23.94
12.083 12.088 12.133 12.178 12.233 12.3 12.358 12.403 12.45 12.498 12.543 12.61 12.685 12.768 12.878 13.013 13.188 13.41 13.698 14.073 14.538 15.022 15.415 15.745 16.087 16.432 16.777 17.122 17.437 17.695 17.93 18.172 18.417 18.662 18.915 19.175 19.42 19.627 19.78 19.903 20.025 20.145 20.28 20.45 20.64 20.825 21.06 21.372 21.675 21.887 22.02 22.13 22.242 22.355 22.472 22.597 22.717 22.835 22.968 23.125 23.3 23.475 23.605 23.698 23.792 23.872 23.91 23.917 23.925 23.935 23.94 23.94 23.94
12.083 12.085 12.13 12.175 12.205 12.23 12.265 12.308 12.353 12.398 12.443 12.483 12.543 12.64 12.75 12.87 13.025 13.195 13.35 13.553 13.855 14.233 14.642 15.05 15.45 15.875 16.262 16.587 16.925 17.242 17.52 17.787 18.057 18.347 18.645 18.928 19.19 19.412 19.612 19.777 19.903 20.03 20.193 20.387 20.585 20.79 21.003 21.26 21.547 21.745 21.86 21.97 22.08 22.19 22.305 22.425 22.545 22.675 22.828 23 23.18 23.357 23.505 23.615 23.715 23.8 23.845 23.86 23.88 23.917 23.94 23.94 23.943
12.105 12.095 12.135 12.167 12.182 12.193 12.22 12.263 12.308 12.352 12.39 12.415 12.453 12.53 12.633 12.735 12.83 12.943 13.085 13.232 13.38 13.548 13.773 14.103 14.575 15.147 15.597 15.915 16.262 16.615 16.93 17.22 17.512 17.825 18.297 18.75 18.967 19.123 19.362 19.622 19.787 19.918 20.08 20.275 20.488 20.727 20.92 21.075 21.31 21.535 21.67 21.78 21.89 22 22.115 22.235 22.365 22.523 22.693 22.86 23.035 23.215 23.385 23.53 23.645 23.73 23.772 23.793 23.835 23.902 23.942 23.945 23.955
12.145 12.108 12.137 12.153 12.145 12.155 12.178 12.218 12.262 12.3 12.325 12.348 12.375 12.435 12.53 12.61 12.653 12.7 12.785 12.905 13.05 13.17 13.28 13.5 13.9 14.413 14.855 15.215 15.59 15.957 16.28 16.567 16.852 17.135 17.752 18.44 18.677 18.79 19.045 19.372 19.632 19.805 19.97 20.183 20.428 20.687 20.877 20.98 21.118 21.318 21.48 21.59 21.7 21.81 21.925 22.055 22.213 22.393 22.567 22.73 22.895 23.068 23.242 23.412 23.557 23.655 23.705 23.75 23.82 23.9 23.945 23.958 23.98
12.147 12.088 12.123 12.16 12.135 12.123 12.135 12.172 12.21 12.235 12.258 12.282 12.305 12.345 12.42 12.482 12.515 12.543 12.573 12.633 12.735 12.87 13.063 13.325 13.628 13.908 14.15 14.475 14.882 15.285 15.625 15.902 16.18 16.455 17.005 17.747 18.222 18.455 18.71 19.05 19.38 19.655 19.882 20.13 20.395 20.655 20.837 20.935 21.025 21.153 21.29 21.4 21.51 21.62 21.745 21.9 22.08 22.267 22.442 22.605 22.765 22.928 23.097 23.27 23.437 23.572 23.657 23.727 23.805 23.885 23.937 23.967 24
12.108 12.07 12.118 12.18 12.17 12.125 12.105 12.12 12.145 12.168 12.193 12.215 12.235 12.26 12.303 12.348 12.38 12.41 12.44 12.47 12.515 12.67 12.94 13.232 13.482 13.617 13.628 13.723 14.068 14.525 14.897 15.175 15.457 15.753 16.218 16.893 17.547 18.027 18.382 18.728 19.075 19.415 19.722 20.012 20.305 20.587 20.765 20.84 20.912 20.985 21.082 21.202 21.312 21.42 21.558 21.732 21.92 22.117 22.302 22.465 22.625 22.785 22.948 23.118 23.292 23.452 23.567 23.645 23.72 23.8 23.86 23.9 23.94
12.103 12.12 12.165 12.217 12.217 12.16 12.11 12.1 12.12 12.143 12.165 12.185 12.208 12.23 12.243 12.248 12.268 12.3 12.333 12.368 12.403 12.565 12.855 13.107 13.26 13.34 13.33 13.253 13.393 13.758 14.11 14.418 14.723 15.04 15.505 16.143 16.825 17.487 18.025 18.425 18.775 19.12 19.447 19.765 20.08 20.377 20.56 20.63 20.69 20.745 20.838 20.975 21.1 21.21 21.35 21.53 21.73 21.945 22.142 22.312 22.475 22.635 22.795 22.963 23.135 23.295 23.415 23.5 23.58 23.66 23.72 23.768 23.828
12.153 12.195 12.23 12.252 12.242 12.195 12.145 12.128 12.14 12.16 12.183 12.205 12.228 12.25 12.247 12.223 12.215 12.22 12.238 12.273 12.315 12.485 12.735 12.887 12.965 13.027 13.075 13.02 13.055 13.26 13.448 13.688 14.01 14.34 14.81 15.475 16.203 16.92 17.547 18.062 18.475 18.825 19.155 19.47 19.775 20.062 20.25 20.345 20.425 20.485 20.575 20.72 20.87 20.997 21.143 21.333 21.55 21.775 21.975 22.152 22.322 22.485 22.648 22.813 22.98 23.14 23.26 23.35 23.435 23.517 23.592 23.663 23.74
12.207 12.242 12.26 12.252 12.237 12.212 12.182 12.163 12.165 12.185 12.207 12.23 12.25 12.267 12.262 12.24 12.218 12.193 12.185 12.193 12.228 12.362 12.512 12.593 12.655 12.715 12.78 12.793 12.843 12.945 12.978 13.053 13.263 13.585 14.105 14.827 15.6 16.337 16.982 17.565 18.092 18.517 18.86 19.165 19.462 19.745 19.93 20.035 20.135 20.215 20.313 20.455 20.615 20.768 20.943 21.157 21.385 21.607 21.805 21.985 22.162 22.332 22.5 22.665 22.83 22.99 23.11 23.2 23.288 23.378 23.472 23.565 23.655
12.22 12.25 12.255 12.237 12.22 12.205 12.192 12.18 12.188 12.21 12.23 12.252 12.275 12.287 12.28 12.257 12.232 12.207 12.182 12.158 12.165 12.223 12.29 12.353 12.415 12.478 12.543 12.598 12.638 12.658 12.66 12.66 12.708 12.885 13.355 14.08 14.84 15.625 16.342 16.942 17.53 18.075 18.477 18.782 19.087 19.38 19.59 19.712 19.815 19.915 20.043 20.203 20.368 20.535 20.735 20.967 21.2 21.42 21.612 21.787 21.962 22.132 22.3 22.467 22.637 22.807 22.95 23.057 23.15 23.245 23.345 23.445 23.545
12.21 12.24 12.242 12.22 12.2 12.185 12.175 12.178 12.197 12.217 12.222 12.235 12.273 12.315 12.305 12.26 12.233 12.205 12.175 12.153 12.155 12.178 12.208 12.253 12.313 12.378 12.44 12.493 12.51 12.503 12.5 12.5 12.5 12.543 12.75 13.235 13.91 14.702 15.555 16.265 16.888 17.515 17.97 18.28 18.582 18.87 19.147 19.357 19.48 19.583 19.748 19.96 20.145 20.318 20.52 20.755 20.982 21.195 21.385 21.552 21.72 21.885 22.05 22.22 22.398 22.582 22.762 22.912 23.02 23.113 23.21 23.313 23.42
12.195 12.23 12.23 12.205 12.183 12.165 12.16 12.175 12.202 12.22 12.208 12.215 12.295 12.41 12.41 12.308 12.233 12.185 12.158 12.155 12.18 12.205 12.22 12.24 12.283 12.34 12.4 12.44 12.445 12.433 12.42 12.418 12.423 12.453 12.483 12.625 13.033 13.69 14.682 15.605 16.29 16.96 17.42 17.717 17.992 18.26 18.577 18.9 19.115 19.25 19.44 19.692 19.912 20.1 20.308 20.535 20.747 20.952 21.14 21.305 21.47 21.635 21.8 21.975 22.16 22.35 22.542 22.727 22.875 22.98 23.075 23.185 23.308
12.17 12.212 12.217 12.193 12.168 12.148 12.148 12.17 12.197 12.222 12.258 12.33 12.45 12.585 12.587 12.455 12.323 12.215 12.163 12.175 12.21 12.235 12.25 12.263 12.283 12.313 12.357 12.387 12.385 12.37 12.348 12.335 12.345 12.365 12.375 12.38 12.495 12.853 13.715 14.762 15.642 16.4 16.852 17.128 17.393 17.66 17.973 18.33 18.652 18.9 19.135 19.395 19.645 19.87 20.085 20.297 20.502 20.707 20.892 21.055 21.217 21.38 21.55 21.735 21.925 22.115 22.307 22.502 22.687 22.835 22.952 23.075 23.205
12.168 12.202 12.205 12.183 12.16 12.138 12.128 12.145 12.17 12.2 12.282 12.41 12.54 12.647 12.657 12.565 12.43 12.28 12.2 12.208 12.238 12.265 12.283 12.297 12.31 12.315 12.325 12.33 12.323 12.31 12.285 12.263 12.26 12.265 12.268 12.275 12.305 12.45 13.028 14.01 15.063 15.89 16.322 16.59 16.86 17.15 17.48 17.83 18.185 18.51 18.785 19.047 19.315 19.592 19.84 20.047 20.25 20.455 20.635 20.787 20.945 21.108 21.285 21.475 21.665 21.852 22.045 22.242 22.44 22.642 22.82 22.96 23.09
12.187 12.197 12.192 12.177 12.157 12.133 12.115 12.113 12.128 12.158 12.238 12.365 12.477 12.557 12.58 12.532 12.452 12.335 12.253 12.253 12.273 12.297 12.317 12.325 12.325 12.32 12.307 12.29 12.273 12.258 12.238 12.223 12.24 12.29 12.333 12.358 12.38 12.463 12.843 13.683 14.7 15.445 15.845 16.12 16.408 16.738 17.09 17.44 17.787 18.11 18.39 18.66 18.965 19.295 19.572 19.787 19.99 20.192 20.365 20.508 20.66 20.823 21 21.19 21.38 21.565 21.755 21.955 22.173 22.422 22.65 22.822 22.965
12.185 12.18 12.175 12.165 12.15 12.128 12.11 12.098 12.095 12.113 12.19 12.302 12.38 12.437 12.457 12.433 12.417 12.367 12.308 12.307 12.317 12.325 12.33 12.325 12.315 12.305 12.29 12.27 12.248 12.228 12.215 12.228 12.29 12.395 12.495 12.572 12.622 12.668 12.855 13.515 14.377 14.97 15.36 15.663 15.985 16.34 16.697 17.047 17.39 17.71 18 18.308 18.665 19.02 19.297 19.517 19.727 19.93 20.1 20.24 20.385 20.538 20.71 20.9 21.09 21.278 21.468 21.685 21.943 22.212 22.45 22.652 22.827
12.175 12.168 12.16 12.15 12.138 12.12 12.105 12.095 12.083 12.078 12.125 12.2 12.258 12.31 12.338 12.343 12.36 12.367 12.352 12.34 12.327 12.317 12.312 12.305 12.295 12.285 12.27 12.25 12.23 12.213 12.22 12.265 12.343 12.45 12.57 12.692 12.792 12.862 12.978 13.385 13.967 14.458 14.878 15.235 15.585 15.945 16.302 16.65 16.99 17.32 17.65 18.01 18.39 18.745 19.02 19.24 19.457 19.667 19.84 19.978 20.115 20.26 20.433 20.623 20.81 20.998 21.2 21.453 21.737 22.007 22.24 22.45 22.652
12.203 12.195 12.19 12.183 12.168 12.153 12.133 12.113 12.098 12.085 12.09 12.125 12.175 12.223 12.255 12.275 12.3 12.332 12.34 12.315 12.293 12.288 12.293 12.288 12.275 12.265 12.25 12.233 12.215 12.203 12.243 12.315 12.395 12.505 12.625 12.73 12.777 12.8 12.915 13.155 13.545 14.022 14.45 14.825 15.185 15.525 15.775 16.037 16.39 16.832 17.287 17.672 18.06 18.422 18.7 18.917 19.135 19.37 19.572 19.717 19.855 20 20.183 20.38 20.565 20.75 20.953 21.203 21.482 21.755 21.99 22.2 22.412
12.257 12.253 12.257 12.257 12.245 12.227 12.195 12.16 12.138 12.125 12.115 12.118 12.148 12.19 12.217 12.225 12.235 12.262 12.27 12.255 12.263 12.283 12.288 12.278 12.268 12.263 12.245 12.223 12.205 12.198 12.263 12.357 12.443 12.557 12.635 12.635 12.565 12.515 12.628 12.85 13.153 13.615 14.07 14.42 14.757 15.052 15.1 15.193 15.65 16.305 16.87 17.263 17.665 18.037 18.315 18.535 18.775 19.05 19.285 19.452 19.6 19.745 19.935 20.152 20.347 20.533 20.723 20.935 21.185 21.455 21.695 21.908 22.133
