EGM722_Project_Data/DTM_asc/TL4762.asc
ncols         200
nrows         200
xllcorner     547000.000
yllcorner     262000.000
cellsize      5
NODATA_value  -9999.0
[rows 140 to 174 of 200, columns 0 to 78 of 200]
8.253 8.25 8.227 8.16 8.118 8.12 8.142 8.157 8.147 8.12 8.087 8.022 7.91 7.785 7.713 7.71 7.745 7.79 7.81 7.805 7.8 7.798 7.798 7.805 7.813 7.818 7.83 7.85 7.855 7.83 7.795 7.78 7.873 7.945 7.9 7.847 7.793 7.74 7.693 7.675 7.69 7.71 7.735 7.76 7.78 7.808 7.843 7.88 7.925 7.96 7.96 7.932 7.877 7.798 7.73 7.678 7.638 7.63 7.645 7.657 7.642 7.582 7.535 7.515 7.48 7.438 7.418 7.43 7.455 7.485 7.537 7.587 7.597 7.59 7.605 7.65 7.687 7.725 7.775
8.26 8.235 8.205 8.155 8.153 8.17 8.18 8.185 8.175 8.15 8.115 8.037 7.913 7.788 7.73 7.743 7.77 7.798 7.81 7.808 7.808 7.808 7.808 7.813 7.82 7.828 7.84 7.86 7.88 7.888 7.885 7.918 8.01 8.045 7.993 7.94 7.887 7.833 7.78 7.74 7.733 7.753 7.777 7.8 7.823 7.847 7.87 7.895 7.928 7.958 7.96 7.938 7.907 7.857 7.802 7.755 7.703 7.67 7.662 7.64 7.575 7.485 7.435 7.428 7.418 7.4 7.398 7.423 7.458 7.49 7.515 7.52 7.51 7.503 7.518 7.565 7.64 7.722 7.785
8.227 8.23 8.2 8.182 8.187 8.19 8.19 8.19 8.187 8.175 8.145 8.072 7.955 7.86 7.835 7.845 7.85 7.848 7.845 7.85 7.86 7.865 7.865 7.868 7.87 7.873 7.908 7.955 7.98 8 8.025 8.107 8.17 8.14 8.087 8.033 7.98 7.927 7.873 7.82 7.788 7.795 7.82 7.84 7.865 7.89 7.91 7.935 7.96 7.988 7.995 7.975 7.945 7.895 7.845 7.802 7.752 7.702 7.662 7.605 7.525 7.445 7.39 7.375 7.37 7.373 7.403 7.443 7.478 7.51 7.508 7.478 7.453 7.428 7.438 7.505 7.61 7.712 7.782
7.815 7.905 7.993 8.085 8.162 8.195 8.195 8.195 8.195 8.19 8.17 8.11 8.013 7.958 7.957 7.957 7.947 7.93 7.915 7.92 7.935 7.942 7.95 7.957 7.947 7.94 7.998 8.087 8.147 8.18 8.205 8.267 8.287 8.233 8.18 8.127 8.073 8.02 7.967 7.915 7.865 7.845 7.86 7.883 7.907 7.93 7.953 7.977 8 8.04 8.06 8.035 7.985 7.915 7.858 7.815 7.765 7.697 7.647 7.605 7.537 7.465 7.403 7.368 7.358 7.368 7.415 7.472 7.51 7.537 7.53 7.49 7.45 7.413 7.42 7.49 7.593 7.7 7.78
8.201 8.043 7.916 7.781 7.78 7.893 7.978 8.065 8.152 8.195 8.19 8.147 8.09 8.067 8.06 8.047 8.03 8.01 7.99 7.983 7.993 8.005 8.02 8.027 8.008 8.003 8.065 8.17 8.267 8.337 8.387 8.407 8.38 8.327 8.273 8.22 8.167 8.115 8.063 8.01 7.958 7.913 7.903 7.925 7.95 7.97 7.995 8.02 8.048 8.097 8.12 8.08 8.01 7.933 7.872 7.82 7.75 7.668 7.62 7.6 7.552 7.485 7.42 7.37 7.345 7.36 7.42 7.492 7.54 7.562 7.55 7.51 7.478 7.463 7.48 7.528 7.593 7.685 7.772
9.855 9.398 8.943 8.486 8.156 7.983 7.861 7.766 7.77 7.865 7.953 8.022 8.092 8.142 8.14 8.122 8.105 8.087 8.07 8.053 8.053 8.065 8.077 8.08 8.06 8.065 8.135 8.238 8.342 8.442 8.512 8.517 8.472 8.42 8.367 8.315 8.262 8.21 8.157 8.103 8.05 7.998 7.963 7.968 7.99 8.013 8.037 8.06 8.1 8.16 8.17 8.11 8.03 7.947 7.875 7.805 7.72 7.635 7.59 7.575 7.547 7.502 7.445 7.388 7.343 7.35 7.415 7.497 7.562 7.587 7.573 7.545 7.53 7.533 7.56 7.6 7.64 7.698 7.765
11.645 11.185 10.727 10.232 9.675 9.16 8.753 8.391 8.126 7.993 7.896 7.801 7.76 7.82 7.915 7.993 8.07 8.132 8.147 8.13 8.12 8.125 8.13 8.127 8.113 8.125 8.203 8.305 8.39 8.47 8.537 8.545 8.512 8.48 8.45 8.41 8.357 8.302 8.25 8.197 8.143 8.09 8.043 8.02 8.03 8.055 8.08 8.105 8.155 8.2 8.175 8.097 8.015 7.93 7.852 7.78 7.695 7.61 7.565 7.55 7.53 7.505 7.46 7.402 7.353 7.358 7.423 7.5 7.575 7.615 7.613 7.603 7.598 7.61 7.642 7.677 7.71 7.742 7.778
13.432 12.955 12.44 11.867 11.248 10.725 10.333 9.967 9.603 9.238 8.873 8.511 8.236 8.133 8.098 8.038 7.956 7.836 7.808 7.9 8.003 8.097 8.15 8.167 8.165 8.185 8.252 8.322 8.37 8.453 8.54 8.527 8.488 8.475 8.465 8.445 8.412 8.377 8.337 8.29 8.237 8.182 8.13 8.088 8.075 8.095 8.12 8.157 8.195 8.185 8.127 8.047 7.962 7.878 7.81 7.752 7.677 7.595 7.548 7.53 7.513 7.497 7.46 7.41 7.388 7.41 7.47 7.54 7.607 7.652 7.665 7.662 7.66 7.672 7.697 7.72 7.743 7.78 7.815
15.177 14.635 14.045 13.427 12.808 12.3 11.913 11.543 11.18 10.815 10.463 10.138 9.88 9.688 9.46 9.18 8.868 8.533 8.338 8.271 8.191 8.096 7.958 7.833 7.826 7.975 8.17 8.265 8.325 8.46 8.555 8.512 8.455 8.438 8.425 8.415 8.402 8.39 8.37 8.34 8.31 8.272 8.225 8.172 8.135 8.138 8.165 8.19 8.18 8.13 8.065 7.99 7.907 7.825 7.76 7.71 7.65 7.578 7.53 7.513 7.503 7.493 7.465 7.445 7.458 7.488 7.54 7.605 7.657 7.695 7.71 7.71 7.702 7.697 7.708 7.728 7.765 7.822 7.865
16.149 15.857 15.5 14.982 14.375 13.882 13.492 13.12 12.76 12.42 12.115 11.85 11.648 11.48 11.287 11.037 10.752 10.465 10.175 9.863 9.53 9.198 8.863 8.591 8.346 8.078 7.901 7.97 8.212 8.427 8.537 8.507 8.435 8.403 8.388 8.375 8.365 8.355 8.342 8.327 8.315 8.3 8.275 8.24 8.205 8.19 8.192 8.175 8.13 8.073 8.005 7.93 7.85 7.773 7.71 7.66 7.608 7.553 7.518 7.508 7.505 7.505 7.505 7.518 7.54 7.563 7.603 7.652 7.697 7.735 7.75 7.747 7.73 7.705 7.71 7.75 7.81 7.875 7.915
16.24 16.242 16.162 15.912 15.585 15.332 15.055 14.712 14.387 14.095 13.83 13.607 13.432 13.265 13.092 12.877 12.607 12.32 12.038 11.77 11.51 11.25 11.095 10.84 10.16 9.313 8.521 7.938 7.848 8.173 8.467 8.507 8.425 8.365 8.352 8.34 8.328 8.315 8.305 8.292 8.278 8.265 8.255 8.242 8.23 8.222 8.197 8.148 8.095 8.033 7.96 7.888 7.813 7.743 7.688 7.64 7.59 7.55 7.533 7.53 7.533 7.553 7.58 7.6 7.622 7.64 7.658 7.69 7.733 7.772 7.79 7.782 7.758 7.733 7.75 7.803 7.863 7.925 7.965
16.182 16.177 16.115 16.042 16.017 16.017 15.922 15.702 15.5 15.347 15.192 15.037 14.877 14.712 14.547 14.375 14.185 14.017 13.89 13.742 13.535 13.332 13.204 12.787 11.937 11.135 10.26 9.105 8.236 8.151 8.415 8.497 8.425 8.338 8.315 8.305 8.292 8.278 8.265 8.255 8.245 8.235 8.228 8.225 8.23 8.24 8.215 8.155 8.09 8.015 7.94 7.873 7.808 7.745 7.693 7.648 7.608 7.58 7.57 7.57 7.585 7.625 7.66 7.682 7.702 7.712 7.72 7.738 7.77 7.81 7.83 7.815 7.793 7.79 7.823 7.875 7.93 7.982 8.01
16.127 16.115 16.065 16.035 16.045 16.07 16.032 15.9 15.785 15.737 15.705 15.622 15.482 15.335 15.187 15.05 14.925 14.845 14.802 14.732 14.642 14.589 14.489 14.204 13.665 13.015 12.155 10.967 9.805 8.96 8.538 8.423 8.382 8.318 8.278 8.265 8.255 8.245 8.238 8.23 8.225 8.225 8.228 8.238 8.255 8.27 8.245 8.177 8.095 8.01 7.935 7.873 7.815 7.755 7.7 7.66 7.638 7.62 7.608 7.618 7.655 7.705 7.742 7.765 7.775 7.778 7.787 7.8 7.818 7.85 7.865 7.853 7.85 7.863 7.9 7.947 7.987 8.025 8.035
15.607 15.935 16.062 16.06 16.082 16.117 16.08 15.955 15.825 15.745 15.725 15.682 15.575 15.46 15.352 15.232 15.107 14.99 14.877 14.765 14.717 14.747 14.767 14.755 14.609 14.327 13.807 12.78 11.562 10.343 9.203 8.548 8.36 8.31 8.258 8.238 8.23 8.225 8.225 8.223 8.225 8.235 8.248 8.265 8.285 8.3 8.267 8.185 8.095 8.01 7.938 7.877 7.82 7.76 7.715 7.69 7.672 7.655 7.653 7.685 7.735 7.785 7.822 7.837 7.84 7.84 7.85 7.865 7.875 7.892 7.902 7.902 7.905 7.928 7.967 7.993 8.013 8.04 8.042
14.455 15.34 15.894 16.055 16.105 16.142 16.145 16.07 15.94 15.82 15.777 15.555 15.155 14.832 14.624 14.527 14.469 14.439 14.452 14.494 14.562 14.647 14.667 14.627 14.6 14.58 14.377 13.799 13.012 11.885 10.475 9.296 8.601 8.37 8.305 8.255 8.228 8.218 8.22 8.23 8.242 8.257 8.272 8.287 8.305 8.307 8.265 8.185 8.095 8.01 7.94 7.88 7.823 7.77 7.738 7.72 7.703 7.698 7.708 7.735 7.78 7.83 7.87 7.89 7.895 7.895 7.895 7.89 7.89 7.902 7.912 7.92 7.948 8 8.035 8.045 8.058 8.075 8.075
13.391 14.123 15.05 15.77 16.102 16.152 16.192 16.172 16.09 15.94 15.504 14.635 13.737 13.1 12.74 12.637 12.64 12.712 12.845 13.04 13.27 13.562 13.904 14.237 14.419 14.365 14.142 13.87 13.637 13.112 12.112 10.788 9.476 8.673 8.41 8.335 8.27 8.23 8.223 8.24 8.255 8.27 8.285 8.295 8.295 8.272 8.232 8.175 8.095 8.01 7.94 7.883 7.833 7.793 7.763 7.743 7.74 7.763 7.775 7.773 7.793 7.835 7.882 7.92 7.94 7.945 7.935 7.913 7.895 7.89 7.903 7.945 8.023 8.092 8.12 8.127 8.135 8.142 8.14
12.995 13.206 14.058 15.18 15.937 16.165 16.225 16.227 16.197 15.782 14.567 13.095 11.888 11.038 10.61 10.458 10.455 10.55 10.66 10.803 11.015 11.403 12.03 12.752 13.357 13.734 13.877 13.765 13.597 13.5 13.184 12.482 11.255 9.863 8.886 8.438 8.335 8.272 8.235 8.235 8.252 8.27 8.282 8.28 8.255 8.22 8.185 8.142 8.087 8.012 7.943 7.895 7.855 7.818 7.788 7.778 7.8 7.842 7.86 7.845 7.835 7.85 7.888 7.932 7.97 7.99 7.985 7.968 7.95 7.935 7.958 8.033 8.127 8.187 8.202 8.207 8.212 8.217 8.215
13.013 13.003 13.503 14.553 15.615 16.145 16.235 16.297 16.36 15.532 13.67 11.795 10.271 9.453 9.196 9.088 9.086 9.131 9.176 9.263 9.388 9.566 9.938 10.596 11.43 12.252 12.869 13.202 13.372 13.39 13.297 13.192 12.714 11.724 10.428 9.291 8.601 8.29 8.233 8.195 8.195 8.225 8.247 8.232 8.197 8.167 8.135 8.095 8.055 8.005 7.955 7.917 7.88 7.843 7.82 7.832 7.872 7.92 7.94 7.92 7.892 7.875 7.89 7.935 7.98 8.025 8.05 8.045 8.038 8.035 8.065 8.14 8.222 8.26 8.265 8.277 8.287 8.295 8.272
13.042 12.998 13.138 13.96 15.225 16.017 16.22 16.345 16.492 15.529 13.345 11.048 9.396 8.87 8.815 8.765 8.738 8.73 8.773 8.87 8.93 8.928 8.988 9.263 9.696 10.338 11.095 11.815 12.5 12.999 13.182 13.125 13.032 12.777 12.159 11.122 9.865 8.858 8.331 8.15 8.11 8.125 8.162 8.155 8.12 8.105 8.085 8.045 8.008 7.983 7.965 7.937 7.9 7.863 7.843 7.855 7.892 7.937 7.96 7.945 7.915 7.885 7.89 7.935 7.988 8.073 8.14 8.147 8.145 8.143 8.175 8.252 8.305 8.305 8.295 8.305 8.32 8.33 8.28
13.045 13.07 13.003 13.55 14.815 15.815 16.205 16.355 16.522 15.599 13.35 10.878 9.258 8.835 8.77 8.705 8.648 8.673 8.8 8.94 9.01 9.02 9.005 8.975 8.963 9.156 9.523 10.128 10.985 11.85 12.512 12.887 12.987 12.892 12.76 12.367 11.632 10.507 9.323 8.468 8.071 8.04 8.06 8.062 8.04 8.045 8.035 7.998 7.973 7.965 7.96 7.945 7.915 7.878 7.855 7.85 7.868 7.905 7.93 7.93 7.912 7.885 7.89 7.94 8.025 8.157 8.245 8.255 8.255 8.25 8.285 8.35 8.37 8.355 8.328 8.308 8.313 8.312 8.245
12.965 13.025 12.97 13.395 14.55 15.67 16.212 16.385 16.557 15.667 13.45 11.023 9.343 8.808 8.735 8.67 8.623 8.695 8.862 9.012 9.092 9.112 9.105 9.06 8.99 8.895 8.838 9.043 9.498 10.175 11.047 11.887 12.479 12.74 12.73 12.572 12.387 11.892 11.007 9.828 8.786 8.201 7.975 7.975 7.978 7.992 7.985 7.963 7.955 7.955 7.95 7.94 7.92 7.89 7.87 7.863 7.865 7.883 7.9 7.905 7.9 7.883 7.893 7.973 8.108 8.262 8.35 8.36 8.36 8.358 8.385 8.42 8.42 8.412 8.387 8.345 8.32 8.287 8.2
12.832 12.875 12.863 13.358 14.505 15.635 16.227 16.417 16.595 15.734 13.59 11.27 9.503 8.805 8.715 8.64 8.63 8.745 8.92 9.082 9.172 9.187 9.152 9.062 8.947 8.828 8.758 8.735 8.753 9.013 9.508 10.213 11.1 11.859 12.369 12.522 12.397 12.215 11.917 11.327 10.38 9.27 8.373 7.966 7.91 7.927 7.932 7.93 7.93 7.937 7.94 7.93 7.915 7.895 7.88 7.875 7.872 7.873 7.878 7.88 7.88 7.875 7.915 8.04 8.2 8.36 8.447 8.457 8.46 8.457 8.467 8.477 8.473 8.467 8.447 8.4 8.342 8.272 8.17
12.687 12.72 12.763 13.38 14.572 15.66 16.235 16.435 16.625 15.834 13.822 11.588 9.678 8.82 8.72 8.658 8.713 8.875 9.042 9.157 9.195 9.182 9.117 9 8.88 8.783 8.733 8.708 8.68 8.675 8.723 9.006 9.513 10.22 11.12 11.807 12.187 12.252 12.065 11.85 11.457 10.774 9.745 8.736 8.108 7.83 7.808 7.815 7.83 7.89 7.93 7.92 7.905 7.89 7.882 7.877 7.872 7.87 7.87 7.87 7.87 7.87 7.93 8.07 8.232 8.412 8.52 8.532 8.537 8.532 8.532 8.537 8.535 8.53 8.492 8.42 8.345 8.262 8.155
12.505 12.585 12.76 13.49 14.677 15.697 16.22 16.417 16.612 15.944 14.097 11.915 9.85 8.835 8.795 8.833 8.928 9.067 9.18 9.2 9.153 9.117 9.055 8.938 8.835 8.778 8.748 8.722 8.693 8.655 8.628 8.645 8.728 9.028 9.523 10.23 11.112 11.734 11.987 11.94 11.715 11.48 11.002 10.227 9.26 8.366 7.883 7.698 7.713 7.845 7.915 7.907 7.895 7.88 7.875 7.873 7.87 7.87 7.87 7.87 7.87 7.87 7.92 8.053 8.228 8.435 8.57 8.59 8.59 8.58 8.58 8.597 8.605 8.602 8.545 8.433 8.335 8.25 8.148
12.27 12.418 12.783 13.655 14.847 15.77 16.172 16.352 16.55 15.987 14.277 12.168 10.081 8.958 8.913 9.012 9.107 9.197 9.232 9.185 9.11 9.062 8.992 8.89 8.828 8.792 8.76 8.735 8.712 8.682 8.645 8.608 8.603 8.663 8.763 9.061 9.576 10.315 11.125 11.649 11.777 11.617 11.395 11.1 10.589 9.777 8.855 8.071 7.738 7.823 7.895 7.89 7.883 7.873 7.87 7.87 7.87 7.87 7.87 7.87 7.87 7.87 7.91 8.04 8.24 8.47 8.62 8.647 8.637 8.62 8.62 8.645 8.667 8.675 8.612 8.48 8.353 8.248 8.15
12.05 12.248 12.79 13.835 15.057 15.882 16.125 16.253 16.427 16.065 14.58 12.543 10.568 9.261 8.965 9.053 9.167 9.232 9.2 9.137 9.075 9.015 8.943 8.88 8.843 8.805 8.773 8.75 8.73 8.707 8.672 8.628 8.585 8.578 8.635 8.73 8.83 9.133 9.695 10.477 11.179 11.519 11.53 11.292 11.082 10.812 10.225 9.315 8.468 8.011 7.878 7.875 7.873 7.87 7.87 7.87 7.87 7.87 7.87 7.87 7.87 7.87 7.903 8.043 8.27 8.51 8.667 8.697 8.68 8.663 8.663 8.685 8.712 8.732 8.672 8.535 8.398 8.268 8.155
11.895 12.158 12.853 14.038 15.285 16.007 16.113 16.18 16.29 16.225 15.13 13.203 11.313 9.678 9.003 9.09 9.192 9.167 9.075 9.02 8.97 8.94 8.927 8.902 8.865 8.825 8.793 8.77 8.75 8.73 8.697 8.655 8.615 8.578 8.585 8.643 8.708 8.768 8.88 9.245 9.858 10.587 11.182 11.349 11.23 11.087 10.915 10.492 9.802 8.978 8.258 7.923 7.87 7.87 7.87 7.87 7.87 7.87 7.87 7.87 7.875 7.98 8.135 8.31 8.502 8.645 8.735 8.745 8.725 8.708 8.703 8.718 8.742 8.77 8.72 8.585 8.447 8.302 8.155
11.76 12.15 13.018 14.262 15.51 16.135 16.155 16.21 16.285 16.307 15.575 13.925 12.125 10.44 9.291 9.058 9.14 9.042 8.923 8.855 8.835 8.875 8.922 8.93 8.905 8.865 8.828 8.798 8.775 8.755 8.725 8.685 8.648 8.615 8.61 8.635 8.66 8.68 8.705 8.775 8.965 9.378 10.028 10.675 11.104 11.205 11.092 10.925 10.652 10.177 9.48 8.778 8.303 8.058 7.921 7.871 7.871 7.876 7.98 8.18 8.385 8.6 8.68 8.687 8.745 8.785 8.805 8.795 8.775 8.755 8.745 8.75 8.768 8.795 8.757 8.635 8.49 8.335 8.17
11.595 12.103 13.133 14.447 15.675 16.227 16.23 16.3 16.315 16.24 15.887 14.725 13.088 11.543 10.088 9.191 8.968 8.883 8.77 8.728 8.773 8.85 8.905 8.93 8.935 8.91 8.872 8.838 8.808 8.785 8.755 8.718 8.685 8.655 8.65 8.662 8.655 8.643 8.645 8.66 8.713 8.83 9.073 9.525 10.167 10.735 11.069 11.132 10.972 10.807 10.609 10.062 9.477 9.215 9.04 8.95 8.933 8.908 8.95 9.072 9.205 9.225 9.06 8.903 8.845 8.845 8.855 8.842 8.825 8.805 8.795 8.798 8.805 8.822 8.795 8.68 8.525 8.365 8.2
11.37 11.915 13.083 14.49 15.72 16.255 16.28 16.29 16.217 16.135 16.077 15.499 14.217 12.738 11.288 9.958 9.081 8.773 8.718 8.725 8.778 8.837 8.885 8.91 8.932 8.935 8.91 8.877 8.845 8.817 8.787 8.755 8.727 8.7 8.682 8.667 8.645 8.628 8.62 8.623 8.63 8.668 8.765 8.92 9.208 9.65 10.205 10.727 11.042 11.09 10.972 10.655 10.367 10.307 10.212 10.1 10.009 9.907 9.78 9.642 9.515 9.362 9.203 9.09 9 8.94 8.913 8.89 8.873 8.855 8.847 8.852 8.855 8.86 8.832 8.717 8.555 8.392 8.227
11.11 11.738 13.063 14.52 15.72 16.22 16.235 16.16 16.063 16.022 16.03 15.89 15.239 14.04 12.658 11.313 10.098 9.278 8.893 8.775 8.79 8.815 8.84 8.855 8.87 8.875 8.855 8.825 8.797 8.787 8.782 8.76 8.732 8.707 8.68 8.65 8.628 8.618 8.615 8.618 8.62 8.62 8.643 8.74 8.908 9.023 9.178 9.58 10.12 10.585 10.897 10.872 10.662 10.537 10.407 10.263 10.118 9.983 9.863 9.745 9.625 9.49 9.353 9.242 9.15 9.07 9.015 8.978 8.95 8.915 8.885 8.88 8.877 8.875 8.837 8.717 8.557 8.4 8.245
10.895 11.635 13.082 14.61 15.74 16.127 16.1 16.01 15.913 15.87 15.875 15.875 15.752 15.224 14.182 12.95 11.778 10.718 9.871 9.273 8.911 8.78 8.783 8.785 8.768 8.74 8.715 8.698 8.7 8.725 8.745 8.73 8.7 8.673 8.648 8.623 8.61 8.615 8.62 8.622 8.622 8.62 8.618 8.643 8.753 8.872 8.868 8.828 8.946 9.373 9.94 10.365 10.667 10.732 10.592 10.447 10.305 10.188 10.087 9.975 9.847 9.692 9.51 9.37 9.283 9.21 9.155 9.11 9.05 8.965 8.903 8.875 8.863 8.857 8.805 8.675 8.517 8.365 8.217
10.65 11.42 12.89 14.419 15.502 15.907 15.932 15.855 15.762 15.717 15.712 15.708 15.725 15.682 15.312 14.562 13.58 12.57 11.635 10.7 9.868 9.263 8.891 8.755 8.725 8.655 8.608 8.615 8.65 8.69 8.71 8.697 8.67 8.64 8.615 8.603 8.605 8.618 8.625 8.625 8.622 8.617 8.613 8.61 8.645 8.727 8.735 8.663 8.605 8.74 9.07 9.46 9.885 10.225 10.462 10.562 10.5 10.402 10.315 10.2 10.055 9.885 9.685 9.515 9.42 9.35 9.265 9.192 9.097 8.985 8.925 8.885 8.855 8.835 8.767 8.627 8.465 8.308 8.155
10.308 10.955 12.192 13.479 14.354 14.769 14.96 15.037 15.09 15.2 15.412 15.537 15.525 15.495 15.465 15.294 14.877 14.317 13.545 12.597 11.648 10.698 9.858 9.256 8.871 8.67 8.61 8.6 8.615 8.65 8.672 8.662 8.635 8.61 8.598 8.603 8.615 8.628 8.63 8.622 8.617 8.612 8.61 8.61 8.61 8.635 8.64 8.608 8.593 8.728 8.985 9.125 9.183 9.39 9.715 10.005 10.205 10.315 10.382 10.325 10.155 9.975 9.755 9.555 9.435 9.337 9.225 9.132 9.065 9.003 8.96 8.92 8.88 8.825 8.717 8.565 8.407 8.252 8.1
9.91 10.185 10.948 11.902 12.462 12.812 13.11 13.342 13.512 13.685 14.037 14.399 14.667 14.972 15.129 15.11 15.087 15.017 14.709 14.229 13.584 12.702 11.753 10.803 9.946 9.311 8.873 8.67 8.645 8.638 8.64 8.64 8.63 8.628 8.635 8.65 8.665 8.665 8.64 8.615 8.605 8.6 8.6 8.6 8.603 8.61 8.615 8.613 8.608 8.72 8.925 9.035 9.067 9.088 9.123 9.265 9.478 9.645 9.767 9.777 9.687 9.587 9.45 9.317 9.227 9.135 9.048 9.005 9.023 9.04 9.015 8.975 8.925 8.797 8.61 8.445 8.295 8.155 8.045
