EGM722_Project_Data/DTM_asc/TL4759.asc
ncols         200
nrows         200
xllcorner     547000.000
yllcorner     259000.000
cellsize      5
NODATA_value  -9999.0
[rows 165 to 197 of 200, columns 74 to 147 of 200]
8.753 8.778 8.795 8.81 8.82 8.828 8.83 8.84 8.862 8.887 8.915 8.953 9.003 9.065 9.13 9.192 9.212 9.185 9.157 9.157 9.155 9.125 9.098 9.08 9.143 9.285 9.382 9.405 9.41 9.415 9.42 9.422 9.4 9.41 9.495 9.605 9.7 9.73 9.7 9.647 9.555 9.412 9.27 9.21 9.253 9.39 9.575 9.735 9.752 9.645 9.558 9.53 9.553 9.585 9.625 9.7 9.835 10.005 10.175 10.297 10.35 10.385 10.423 10.46 10.498 10.53 10.56 10.592 10.577 10.53 10.5 10.47 10.5 10.57
8.7 8.71 8.723 8.738 8.748 8.75 8.753 8.767 8.79 8.815 8.853 8.903 8.943 8.985 9.045 9.107 9.135 9.12 9.102 9.082 9.055 9.025 8.998 8.993 9.073 9.215 9.3 9.315 9.32 9.325 9.33 9.335 9.343 9.385 9.455 9.522 9.582 9.592 9.573 9.59 9.597 9.517 9.372 9.25 9.263 9.412 9.597 9.735 9.715 9.603 9.543 9.53 9.525 9.515 9.515 9.535 9.628 9.793 9.98 10.165 10.282 10.332 10.365 10.395 10.425 10.455 10.485 10.517 10.525 10.502 10.477 10.447 10.44 10.472
8.67 8.665 8.673 8.687 8.692 8.685 8.68 8.69 8.71 8.745 8.813 8.88 8.905 8.918 8.958 9.02 9.05 9.035 9.012 8.985 8.955 8.928 8.915 8.945 9.045 9.157 9.197 9.195 9.2 9.205 9.213 9.238 9.275 9.308 9.345 9.405 9.452 9.46 9.475 9.52 9.557 9.547 9.447 9.333 9.318 9.4 9.555 9.655 9.618 9.563 9.55 9.547 9.542 9.535 9.522 9.493 9.508 9.645 9.86 10.062 10.2 10.282 10.33 10.358 10.378 10.398 10.425 10.455 10.457 10.435 10.407 10.368 10.34 10.348
8.64 8.63 8.63 8.637 8.635 8.625 8.615 8.615 8.643 8.71 8.807 8.87 8.88 8.878 8.888 8.933 8.962 8.947 8.92 8.89 8.86 8.838 8.853 8.913 9.007 9.072 9.075 9.068 9.07 9.085 9.115 9.17 9.217 9.238 9.258 9.295 9.33 9.358 9.4 9.45 9.49 9.517 9.49 9.418 9.405 9.453 9.542 9.597 9.58 9.57 9.57 9.565 9.56 9.55 9.52 9.483 9.468 9.558 9.765 9.967 10.097 10.195 10.277 10.327 10.345 10.35 10.368 10.392 10.39 10.36 10.322 10.278 10.248 10.24
8.61 8.6 8.595 8.588 8.575 8.565 8.555 8.548 8.59 8.69 8.79 8.84 8.847 8.847 8.847 8.862 8.872 8.855 8.825 8.795 8.768 8.765 8.813 8.887 8.947 8.963 8.95 8.94 8.953 8.998 9.058 9.12 9.157 9.17 9.183 9.203 9.235 9.28 9.33 9.38 9.42 9.45 9.467 9.462 9.47 9.5 9.542 9.575 9.585 9.59 9.59 9.585 9.575 9.555 9.523 9.498 9.493 9.545 9.693 9.867 9.992 10.09 10.187 10.262 10.295 10.305 10.317 10.33 10.315 10.275 10.23 10.185 10.155 10.145
8.585 8.575 8.567 8.553 8.523 8.5 8.49 8.485 8.54 8.642 8.72 8.76 8.772 8.777 8.785 8.792 8.795 8.78 8.75 8.723 8.698 8.718 8.787 8.857 8.892 8.885 8.87 8.86 8.888 8.955 9.02 9.065 9.085 9.095 9.105 9.123 9.16 9.21 9.26 9.31 9.35 9.38 9.407 9.435 9.46 9.475 9.512 9.56 9.582 9.595 9.605 9.605 9.59 9.57 9.553 9.54 9.543 9.583 9.668 9.775 9.872 9.957 10.042 10.117 10.16 10.18 10.202 10.235 10.23 10.185 10.14 10.095 10.06 10.045
8.56 8.55 8.542 8.532 8.49 8.438 8.415 8.423 8.485 8.565 8.615 8.65 8.667 8.678 8.693 8.708 8.72 8.72 8.7 8.675 8.655 8.685 8.76 8.822 8.855 8.855 8.845 8.835 8.865 8.932 8.977 8.995 9.005 9.015 9.025 9.05 9.093 9.14 9.19 9.225 9.257 9.305 9.342 9.37 9.397 9.42 9.473 9.537 9.567 9.582 9.597 9.607 9.612 9.61 9.597 9.585 9.595 9.64 9.692 9.725 9.74 9.78 9.853 9.922 9.965 9.99 10.038 10.115 10.137 10.095 10.055 10.028 10 9.96
8.53 8.523 8.52 8.517 8.477 8.405 8.353 8.358 8.412 8.465 8.505 8.543 8.568 8.588 8.61 8.625 8.632 8.64 8.64 8.625 8.615 8.655 8.732 8.787 8.81 8.817 8.82 8.815 8.843 8.892 8.912 8.918 8.925 8.935 8.95 8.983 9.025 9.07 9.102 9.1 9.123 9.19 9.25 9.297 9.335 9.375 9.443 9.515 9.552 9.565 9.567 9.573 9.602 9.637 9.642 9.63 9.645 9.69 9.727 9.727 9.685 9.658 9.678 9.728 9.778 9.828 9.905 10 10.037 10.013 9.995 9.995 9.98 9.918
8.503 8.5 8.5 8.5 8.47 8.4 8.328 8.303 8.333 8.38 8.428 8.468 8.488 8.503 8.525 8.537 8.542 8.55 8.56 8.562 8.573 8.622 8.695 8.745 8.765 8.775 8.785 8.79 8.807 8.828 8.835 8.84 8.845 8.855 8.878 8.915 8.96 8.99 8.98 8.95 8.97 9.043 9.12 9.195 9.255 9.322 9.41 9.492 9.535 9.537 9.522 9.515 9.55 9.61 9.652 9.667 9.69 9.725 9.75 9.752 9.71 9.645 9.598 9.583 9.623 9.705 9.798 9.892 9.937 9.937 9.947 9.96 9.955 9.9
8.49 8.49 8.49 8.49 8.472 8.42 8.35 8.29 8.285 8.333 8.385 8.422 8.427 8.425 8.442 8.45 8.445 8.45 8.46 8.47 8.497 8.555 8.625 8.687 8.72 8.73 8.74 8.75 8.765 8.778 8.783 8.785 8.788 8.795 8.828 8.883 8.917 8.907 8.87 8.835 8.858 8.935 9.015 9.095 9.167 9.222 9.287 9.395 9.457 9.435 9.41 9.428 9.48 9.542 9.605 9.652 9.685 9.712 9.737 9.747 9.707 9.632 9.557 9.505 9.538 9.633 9.727 9.805 9.827 9.822 9.832 9.847 9.87 9.872
8.495 8.493 8.49 8.49 8.48 8.447 8.395 8.325 8.278 8.298 8.35 8.377 8.37 8.358 8.365 8.367 8.353 8.345 8.35 8.36 8.393 8.458 8.535 8.612 8.662 8.68 8.69 8.703 8.725 8.747 8.762 8.772 8.775 8.785 8.83 8.88 8.875 8.832 8.79 8.76 8.788 8.865 8.945 9.025 9.092 9.113 9.12 9.19 9.247 9.245 9.265 9.33 9.4 9.462 9.527 9.58 9.61 9.63 9.655 9.677 9.647 9.565 9.495 9.465 9.5 9.587 9.665 9.707 9.705 9.673 9.66 9.675 9.72 9.787
8.502 8.497 8.495 8.492 8.48 8.455 8.422 8.37 8.3 8.278 8.31 8.325 8.31 8.295 8.29 8.285 8.27 8.255 8.248 8.253 8.293 8.365 8.445 8.525 8.595 8.63 8.64 8.655 8.68 8.707 8.735 8.757 8.772 8.802 8.842 8.845 8.805 8.755 8.708 8.685 8.723 8.798 8.875 8.955 9.015 9.027 9.015 9.018 9.04 9.088 9.163 9.247 9.32 9.38 9.442 9.487 9.51 9.525 9.543 9.567 9.555 9.498 9.458 9.445 9.468 9.525 9.567 9.592 9.59 9.543 9.503 9.505 9.558 9.645
8.497 8.497 8.5 8.495 8.48 8.455 8.427 8.392 8.337 8.283 8.265 8.265 8.25 8.235 8.223 8.21 8.195 8.177 8.16 8.143 8.17 8.242 8.32 8.397 8.472 8.53 8.572 8.605 8.627 8.65 8.672 8.695 8.715 8.765 8.795 8.762 8.715 8.667 8.62 8.608 8.658 8.73 8.805 8.885 8.937 8.945 8.935 8.925 8.938 8.995 9.078 9.162 9.237 9.3 9.355 9.39 9.41 9.425 9.44 9.458 9.465 9.455 9.443 9.438 9.443 9.458 9.468 9.48 9.475 9.425 9.365 9.345 9.395 9.485
8.458 8.462 8.467 8.462 8.442 8.415 8.385 8.367 8.342 8.282 8.23 8.21 8.195 8.18 8.165 8.14 8.115 8.095 8.067 8.02 8.003 8.05 8.122 8.195 8.265 8.337 8.427 8.505 8.54 8.557 8.572 8.59 8.61 8.657 8.677 8.637 8.592 8.548 8.525 8.548 8.603 8.67 8.74 8.815 8.86 8.862 8.855 8.845 8.863 8.918 8.993 9.077 9.152 9.215 9.262 9.29 9.31 9.325 9.34 9.358 9.395 9.44 9.455 9.453 9.448 9.443 9.438 9.438 9.428 9.378 9.308 9.27 9.313 9.408
8.395 8.4 8.397 8.385 8.36 8.335 8.323 8.33 8.317 8.262 8.205 8.168 8.148 8.132 8.107 8.063 8.025 8.002 7.955 7.885 7.838 7.838 7.885 7.955 8.025 8.105 8.228 8.352 8.415 8.44 8.457 8.475 8.505 8.535 8.53 8.493 8.453 8.433 8.455 8.505 8.56 8.625 8.69 8.752 8.782 8.78 8.775 8.765 8.785 8.843 8.913 8.993 9.067 9.125 9.165 9.19 9.21 9.225 9.243 9.268 9.333 9.43 9.477 9.477 9.472 9.468 9.468 9.473 9.467 9.422 9.35 9.303 9.335 9.428
8.333 8.332 8.32 8.3 8.28 8.275 8.29 8.31 8.295 8.24 8.185 8.138 8.105 8.082 8.04 7.98 7.937 7.895 7.82 7.74 7.69 7.663 7.665 7.715 7.788 7.89 8.045 8.2 8.282 8.312 8.34 8.362 8.39 8.402 8.383 8.355 8.345 8.37 8.415 8.465 8.522 8.582 8.635 8.682 8.702 8.697 8.692 8.685 8.708 8.77 8.84 8.913 8.985 9.035 9.062 9.087 9.11 9.128 9.153 9.19 9.27 9.392 9.48 9.502 9.498 9.498 9.508 9.52 9.525 9.487 9.418 9.37 9.393 9.473
8.265 8.258 8.248 8.235 8.23 8.243 8.265 8.285 8.27 8.217 8.165 8.115 8.072 8.025 7.962 7.897 7.838 7.765 7.675 7.595 7.545 7.515 7.49 7.498 7.563 7.698 7.878 8.055 8.155 8.185 8.215 8.24 8.263 8.273 8.273 8.28 8.308 8.35 8.393 8.433 8.478 8.525 8.565 8.603 8.618 8.61 8.605 8.605 8.635 8.7 8.768 8.835 8.9 8.94 8.96 8.985 9.015 9.053 9.103 9.158 9.24 9.353 9.462 9.52 9.53 9.54 9.555 9.57 9.582 9.552 9.485 9.435 9.453 9.53
8.213 8.208 8.203 8.2 8.205 8.22 8.24 8.26 8.245 8.195 8.145 8.082 7.98 7.872 7.8 7.783 7.76 7.683 7.595 7.538 7.503 7.458 7.415 7.378 7.41 7.558 7.753 7.95 8.08 8.123 8.148 8.175 8.203 8.223 8.255 8.305 8.35 8.388 8.42 8.44 8.455 8.485 8.525 8.558 8.565 8.558 8.555 8.563 8.6 8.663 8.728 8.795 8.85 8.883 8.905 8.943 8.99 9.043 9.108 9.173 9.253 9.35 9.455 9.525 9.55 9.565 9.577 9.592 9.617 9.605 9.545 9.49 9.493 9.56
8.18 8.182 8.178 8.178 8.188 8.203 8.22 8.24 8.225 8.175 8.09 7.95 7.765 7.625 7.605 7.685 7.727 7.663 7.598 7.585 7.567 7.51 7.453 7.388 7.4 7.533 7.698 7.883 8.045 8.117 8.145 8.178 8.21 8.248 8.308 8.377 8.425 8.45 8.467 8.48 8.48 8.483 8.51 8.54 8.547 8.545 8.55 8.565 8.603 8.66 8.725 8.795 8.845 8.873 8.913 8.983 9.05 9.095 9.14 9.2 9.278 9.37 9.457 9.51 9.537 9.555 9.565 9.59 9.64 9.645 9.59 9.538 9.528 9.568
8.15 8.157 8.155 8.155 8.17 8.187 8.202 8.22 8.187 8.08 7.912 7.7 7.5 7.425 7.505 7.64 7.7 7.663 7.64 7.655 7.642 7.587 7.52 7.448 7.47 7.595 7.725 7.873 8.025 8.112 8.148 8.185 8.225 8.28 8.355 8.427 8.472 8.492 8.505 8.52 8.52 8.505 8.505 8.523 8.538 8.543 8.555 8.575 8.613 8.668 8.728 8.795 8.843 8.885 8.96 9.05 9.127 9.17 9.198 9.24 9.303 9.38 9.442 9.48 9.51 9.533 9.558 9.608 9.672 9.68 9.63 9.585 9.575 9.6
8.118 8.125 8.13 8.137 8.152 8.165 8.175 8.182 8.097 7.9 7.68 7.458 7.31 7.338 7.468 7.605 7.685 7.695 7.705 7.727 7.717 7.655 7.572 7.5 7.53 7.647 7.765 7.885 8.012 8.107 8.152 8.19 8.238 8.3 8.372 8.442 8.49 8.517 8.54 8.56 8.56 8.545 8.535 8.538 8.55 8.56 8.57 8.588 8.628 8.68 8.735 8.798 8.858 8.935 9.03 9.122 9.205 9.25 9.275 9.308 9.348 9.393 9.433 9.465 9.495 9.528 9.578 9.642 9.705 9.71 9.665 9.628 9.623 9.647
8.11 8.113 8.107 8.1 8.102 8.105 8.107 8.105 7.985 7.755 7.535 7.338 7.27 7.355 7.48 7.61 7.702 7.74 7.762 7.77 7.735 7.66 7.57 7.498 7.523 7.627 7.735 7.855 7.992 8.102 8.155 8.19 8.24 8.308 8.38 8.45 8.5 8.53 8.56 8.587 8.607 8.612 8.613 8.615 8.62 8.628 8.625 8.618 8.64 8.69 8.745 8.81 8.89 8.985 9.082 9.18 9.28 9.347 9.383 9.42 9.448 9.458 9.478 9.51 9.535 9.555 9.6 9.667 9.725 9.73 9.687 9.65 9.65 9.675
8.125 8.115 8.077 8.038 8.023 8.018 8.015 8.005 7.882 7.668 7.48 7.333 7.318 7.42 7.533 7.652 7.742 7.772 7.772 7.745 7.685 7.607 7.52 7.443 7.46 7.568 7.69 7.828 7.975 8.095 8.157 8.193 8.243 8.315 8.39 8.457 8.505 8.535 8.565 8.595 8.632 8.67 8.702 8.722 8.727 8.72 8.692 8.655 8.655 8.7 8.758 8.83 8.917 9.013 9.113 9.225 9.352 9.457 9.517 9.557 9.577 9.57 9.57 9.595 9.61 9.595 9.61 9.675 9.722 9.727 9.7 9.663 9.66 9.688
8.125 8.085 8.028 7.975 7.95 7.94 7.933 7.91 7.798 7.625 7.475 7.365 7.38 7.49 7.598 7.707 7.772 7.767 7.732 7.687 7.627 7.55 7.465 7.385 7.405 7.528 7.668 7.813 7.957 8.087 8.162 8.195 8.248 8.323 8.398 8.465 8.51 8.54 8.567 8.595 8.63 8.68 8.737 8.777 8.79 8.77 8.727 8.685 8.675 8.715 8.78 8.853 8.94 9.04 9.153 9.288 9.43 9.55 9.637 9.692 9.705 9.69 9.673 9.68 9.682 9.645 9.633 9.667 9.695 9.702 9.697 9.673 9.67 9.702
8.095 8.035 7.975 7.918 7.883 7.87 7.868 7.86 7.775 7.628 7.485 7.405 7.45 7.557 7.662 7.765 7.79 7.733 7.675 7.63 7.57 7.49 7.408 7.338 7.378 7.518 7.66 7.803 7.945 8.082 8.165 8.198 8.258 8.343 8.43 8.49 8.517 8.542 8.568 8.595 8.628 8.667 8.712 8.755 8.78 8.772 8.74 8.703 8.69 8.733 8.805 8.875 8.965 9.083 9.218 9.362 9.507 9.63 9.73 9.807 9.827 9.81 9.787 9.777 9.755 9.702 9.663 9.658 9.668 9.675 9.68 9.675 9.685 9.717
8.03 7.972 7.915 7.858 7.83 7.833 7.843 7.857 7.795 7.65 7.505 7.445 7.51 7.615 7.715 7.815 7.822 7.73 7.64 7.575 7.51 7.45 7.41 7.358 7.39 7.537 7.69 7.83 7.97 8.105 8.185 8.225 8.298 8.395 8.48 8.515 8.525 8.543 8.565 8.595 8.622 8.643 8.67 8.71 8.74 8.752 8.735 8.7 8.693 8.74 8.815 8.895 9 9.132 9.277 9.422 9.57 9.685 9.765 9.837 9.867 9.855 9.837 9.825 9.795 9.74 9.69 9.673 9.678 9.683 9.685 9.69 9.7 9.718
7.95 7.895 7.84 7.783 7.773 7.812 7.845 7.862 7.812 7.678 7.555 7.508 7.555 7.657 7.762 7.865 7.867 7.765 7.665 7.588 7.525 7.498 7.5 7.44 7.415 7.548 7.73 7.885 8.025 8.155 8.232 8.285 8.37 8.465 8.517 8.525 8.535 8.55 8.568 8.595 8.62 8.623 8.63 8.665 8.695 8.715 8.717 8.693 8.688 8.74 8.825 8.93 9.045 9.165 9.302 9.45 9.595 9.69 9.742 9.8 9.832 9.825 9.813 9.81 9.8 9.76 9.718 9.708 9.712 9.715 9.718 9.722 9.72 9.72
7.87 7.813 7.757 7.7 7.7 7.765 7.825 7.862 7.827 7.725 7.65 7.61 7.61 7.685 7.795 7.882 7.892 7.845 7.792 7.73 7.658 7.618 7.607 7.517 7.43 7.528 7.732 7.92 8.077 8.205 8.287 8.355 8.445 8.52 8.542 8.54 8.548 8.56 8.575 8.595 8.617 8.615 8.6 8.62 8.65 8.67 8.687 8.682 8.685 8.75 8.86 8.985 9.1 9.203 9.32 9.46 9.592 9.67 9.71 9.757 9.795 9.797 9.79 9.79 9.792 9.772 9.745 9.743 9.745 9.748 9.752 9.755 9.75 9.745
7.787 7.73 7.675 7.625 7.635 7.705 7.775 7.835 7.842 7.8 7.757 7.72 7.687 7.7 7.76 7.81 7.832 7.845 7.842 7.827 7.797 7.752 7.697 7.575 7.443 7.505 7.712 7.917 8.107 8.255 8.352 8.43 8.507 8.55 8.555 8.555 8.56 8.573 8.587 8.6 8.618 8.615 8.588 8.585 8.605 8.625 8.645 8.658 8.69 8.785 8.915 9.045 9.16 9.26 9.363 9.48 9.587 9.65 9.685 9.723 9.76 9.773 9.773 9.775 9.778 9.775 9.772 9.775 9.775 9.78 9.785 9.785 9.782 9.777
7.725 7.673 7.618 7.585 7.6 7.65 7.713 7.777 7.822 7.815 7.78 7.742 7.7 7.665 7.66 7.685 7.71 7.725 7.735 7.775 7.83 7.832 7.765 7.627 7.465 7.488 7.688 7.903 8.14 8.312 8.405 8.497 8.557 8.567 8.565 8.565 8.573 8.587 8.6 8.613 8.635 8.64 8.61 8.578 8.57 8.585 8.608 8.63 8.69 8.807 8.942 9.08 9.202 9.305 9.407 9.515 9.602 9.655 9.693 9.73 9.76 9.773 9.778 9.78 9.783 9.785 9.792 9.802 9.807 9.812 9.815 9.815 9.815 9.81
7.69 7.638 7.595 7.593 7.613 7.635 7.668 7.718 7.767 7.765 7.727 7.685 7.64 7.595 7.56 7.565 7.59 7.605 7.63 7.698 7.785 7.825 7.772 7.645 7.493 7.498 7.708 7.97 8.222 8.362 8.428 8.522 8.577 8.58 8.578 8.578 8.588 8.6 8.618 8.643 8.675 8.7 8.68 8.63 8.593 8.578 8.59 8.615 8.683 8.805 8.945 9.095 9.225 9.333 9.443 9.56 9.647 9.695 9.732 9.765 9.787 9.8 9.805 9.805 9.807 9.803 9.805 9.82 9.832 9.842 9.845 9.847 9.847 9.84
7.655 7.61 7.598 7.62 7.645 7.66 7.67 7.693 7.722 7.715 7.673 7.625 7.58 7.535 7.485 7.458 7.468 7.493 7.548 7.635 7.727 7.785 7.74 7.62 7.548 7.613 7.833 8.122 8.32 8.397 8.448 8.522 8.575 8.585 8.59 8.593 8.603 8.623 8.653 8.688 8.723 8.757 8.76 8.72 8.67 8.623 8.598 8.605 8.678 8.81 8.96 9.115 9.247 9.363 9.483 9.61 9.7 9.742 9.77 9.79 9.81 9.825 9.832 9.835 9.832 9.818 9.815 9.83 9.845 9.86 9.87 9.88 9.872 9.85
7.622 7.6 7.615 7.645 7.672 7.69 7.7 7.707 7.71 7.695 7.653 7.598 7.545 7.49 7.433 7.38 7.36 7.398 7.48 7.575 7.665 7.74 7.723 7.678 7.74 7.873 8.053 8.257 8.38 8.43 8.478 8.533 8.573 8.588 8.605 8.623 8.645 8.678 8.71 8.743 8.775 8.81 8.835 8.815 8.765 8.71 8.658 8.625 8.683 8.828 8.983 9.135 9.275 9.405 9.535 9.662 9.745 9.777 9.797 9.815 9.832 9.845 9.855 9.862 9.855 9.832 9.827 9.84 9.852 9.865 9.877 9.887 9.872 9.837
