EGM722_Project_Data/DTM_asc/TL4760.asc
ncols         200
nrows         200
xllcorner     547000.000
yllcorner     260000.000
cellsize      5
NODATA_value  -9999.0
[rows 70 to 104 of 200, columns 0 to 78 of 200]
7.26 7.225 7.223 7.247 7.27 7.282 7.265 7.215 7.155 7.098 7.058 7.05 7.06 7.055 7.025 6.987 6.952 6.92 6.923 6.965 7.015 7.065 7.11 7.15 7.185 7.223 7.258 7.28 7.303 7.325 7.295 7.183 7.043 6.92 6.85 6.835 6.825 6.843 6.835 6.775 6.763 6.785 6.81 6.835 6.855 6.872 6.85 6.838 6.905 7.065 7.165 7.132 7.137 7.175 7.157 7.105 7.017 6.9 6.775 6.63 6.497 6.372 6.197 5.967 5.71 5.59 5.69 5.787 5.73 5.615 5.558 5.54 5.535 5.565 5.645 5.745 5.825 5.87 5.93
7.24 7.205 7.205 7.23 7.25 7.265 7.265 7.237 7.185 7.125 7.07 7.033 7.025 7.025 7 6.963 6.93 6.908 6.92 6.965 7.015 7.065 7.11 7.15 7.2 7.267 7.317 7.343 7.365 7.387 7.395 7.35 7.25 7.143 7.08 7.045 6.993 6.938 6.88 6.835 6.835 6.855 6.88 6.905 6.922 6.935 6.93 6.865 6.778 6.773 6.803 6.835 6.953 7.05 7.027 6.942 6.815 6.665 6.515 6.385 6.293 6.172 5.997 5.805 5.618 5.59 5.72 5.812 5.795 5.712 5.648 5.613 5.593 5.595 5.658 5.742 5.79 5.82 5.858
7.223 7.185 7.185 7.21 7.23 7.245 7.25 7.242 7.21 7.155 7.1 7.045 7.005 6.995 6.975 6.94 6.918 6.903 6.918 6.965 7.015 7.065 7.11 7.158 7.228 7.315 7.377 7.407 7.432 7.455 7.477 7.485 7.442 7.365 7.31 7.275 7.227 7.162 7.082 7.012 6.96 6.935 6.95 6.972 6.985 6.995 7.002 6.957 6.855 6.79 6.74 6.745 6.855 6.912 6.845 6.708 6.555 6.403 6.275 6.198 6.115 5.968 5.8 5.663 5.59 5.643 5.772 5.79 5.77 5.787 5.745 5.7 5.668 5.643 5.665 5.71 5.74 5.77 5.8
7.208 7.17 7.165 7.185 7.205 7.222 7.23 7.23 7.22 7.182 7.13 7.075 7.018 6.978 6.95 6.928 6.913 6.9 6.918 6.965 7.015 7.065 7.115 7.185 7.28 7.38 7.445 7.47 7.492 7.515 7.537 7.56 7.57 7.537 7.475 7.415 7.342 7.257 7.19 7.145 7.085 7.033 7.028 7.038 7.045 7.055 7.065 7.055 7.027 7.042 6.997 6.912 6.877 6.802 6.668 6.508 6.353 6.225 6.125 6.043 5.948 5.823 5.713 5.635 5.635 5.713 5.807 5.68 5.588 5.72 5.79 5.792 5.762 5.74 5.713 5.693 5.705 5.733 5.763
7.233 7.175 7.155 7.168 7.183 7.198 7.208 7.21 7.212 7.197 7.155 7.1 7.04 6.99 6.96 6.943 6.928 6.92 6.948 7 7.05 7.1 7.163 7.255 7.365 7.47 7.522 7.53 7.545 7.565 7.59 7.615 7.62 7.59 7.53 7.452 7.368 7.283 7.218 7.175 7.135 7.108 7.11 7.123 7.13 7.137 7.13 7.11 7.132 7.182 7.15 7.032 6.882 6.717 6.553 6.39 6.253 6.19 6.108 5.978 5.88 5.8 5.73 5.685 5.715 5.795 5.8 5.533 5.368 5.518 5.682 5.777 5.802 5.83 5.815 5.752 5.71 5.713 5.75
7.27 7.19 7.16 7.17 7.18 7.19 7.198 7.2 7.203 7.202 7.172 7.118 7.065 7.025 7 6.98 6.968 6.968 7.008 7.075 7.13 7.183 7.255 7.353 7.462 7.56 7.597 7.595 7.6 7.618 7.642 7.66 7.62 7.553 7.52 7.472 7.392 7.308 7.243 7.203 7.173 7.17 7.2 7.225 7.235 7.232 7.117 7.023 7.082 7.155 7.11 6.955 6.782 6.61 6.445 6.285 6.225 6.242 6.16 6.023 5.918 5.833 5.76 5.748 5.805 5.87 5.817 5.485 5.23 5.313 5.49 5.62 5.692 5.765 5.787 5.74 5.682 5.685 5.75
7.277 7.198 7.165 7.177 7.19 7.197 7.2 7.2 7.2 7.205 7.185 7.138 7.098 7.065 7.04 7.023 7.018 7.028 7.068 7.14 7.21 7.278 7.36 7.455 7.56 7.645 7.672 7.668 7.665 7.675 7.695 7.68 7.587 7.498 7.48 7.472 7.415 7.33 7.268 7.235 7.233 7.258 7.295 7.322 7.327 7.25 7.008 6.893 6.997 7.072 7.017 6.852 6.677 6.505 6.34 6.233 6.27 6.315 6.222 6.095 5.983 5.878 5.805 5.81 5.867 5.915 5.88 5.593 5.28 5.208 5.305 5.43 5.505 5.59 5.63 5.6 5.57 5.615 5.712
7.26 7.198 7.17 7.182 7.195 7.202 7.205 7.205 7.205 7.207 7.197 7.167 7.135 7.107 7.083 7.07 7.078 7.093 7.123 7.19 7.28 7.372 7.467 7.565 7.662 7.727 7.745 7.742 7.737 7.737 7.73 7.662 7.535 7.445 7.43 7.44 7.42 7.355 7.3 7.29 7.315 7.352 7.39 7.412 7.375 7.142 6.853 6.8 6.885 6.935 6.877 6.732 6.57 6.4 6.265 6.263 6.357 6.377 6.287 6.17 6.055 5.935 5.868 5.875 5.908 5.945 5.94 5.737 5.465 5.283 5.2 5.245 5.33 5.42 5.483 5.46 5.453 5.545 5.668
7.198 7.17 7.165 7.185 7.2 7.21 7.215 7.215 7.215 7.215 7.212 7.197 7.17 7.143 7.125 7.135 7.153 7.158 7.178 7.245 7.353 7.46 7.56 7.66 7.735 7.752 7.745 7.742 7.735 7.727 7.712 7.64 7.51 7.415 7.393 7.398 7.395 7.367 7.348 7.36 7.38 7.402 7.427 7.432 7.305 6.93 6.66 6.68 6.745 6.782 6.722 6.587 6.445 6.295 6.245 6.34 6.44 6.442 6.352 6.227 6.098 5.99 5.953 5.963 5.978 6 6.01 5.88 5.655 5.455 5.26 5.168 5.215 5.315 5.433 5.455 5.463 5.573 5.703
7.135 7.128 7.14 7.17 7.192 7.21 7.22 7.22 7.22 7.22 7.22 7.215 7.197 7.17 7.165 7.205 7.247 7.258 7.26 7.32 7.432 7.54 7.64 7.71 7.73 7.712 7.678 7.655 7.645 7.638 7.64 7.612 7.512 7.41 7.375 7.373 7.368 7.368 7.37 7.375 7.382 7.39 7.397 7.33 7.118 6.825 6.593 6.538 6.595 6.627 6.565 6.432 6.298 6.223 6.273 6.41 6.505 6.49 6.392 6.255 6.13 6.063 6.055 6.068 6.08 6.09 6.09 6.005 5.822 5.615 5.4 5.218 5.188 5.295 5.47 5.565 5.593 5.685 5.793
7.1 7.095 7.108 7.135 7.16 7.185 7.205 7.215 7.223 7.225 7.225 7.222 7.215 7.198 7.203 7.255 7.322 7.37 7.385 7.423 7.515 7.612 7.677 7.692 7.677 7.662 7.623 7.57 7.548 7.548 7.552 7.552 7.5 7.408 7.363 7.358 7.363 7.377 7.372 7.355 7.35 7.355 7.32 7.19 7.023 6.905 6.683 6.46 6.448 6.475 6.41 6.278 6.195 6.23 6.328 6.442 6.515 6.482 6.39 6.275 6.193 6.163 6.16 6.172 6.18 6.175 6.16 6.112 5.975 5.765 5.553 5.348 5.25 5.31 5.49 5.655 5.737 5.82 5.898
7.115 7.095 7.1 7.13 7.158 7.185 7.205 7.218 7.23 7.233 7.23 7.228 7.225 7.218 7.237 7.292 7.347 7.405 7.46 7.52 7.59 7.64 7.647 7.635 7.622 7.61 7.58 7.523 7.478 7.465 7.468 7.472 7.46 7.4 7.35 7.353 7.378 7.395 7.385 7.363 7.343 7.327 7.27 7.178 7.095 7.015 6.86 6.545 6.335 6.322 6.255 6.173 6.2 6.295 6.395 6.475 6.487 6.433 6.363 6.305 6.275 6.265 6.262 6.265 6.257 6.242 6.222 6.195 6.105 5.927 5.73 5.538 5.388 5.368 5.51 5.73 5.865 5.915 5.985
7.177 7.133 7.133 7.173 7.208 7.24 7.258 7.265 7.265 7.25 7.24 7.24 7.237 7.225 7.24 7.287 7.33 7.373 7.442 7.54 7.6 7.605 7.59 7.575 7.565 7.555 7.537 7.505 7.458 7.423 7.413 7.405 7.4 7.37 7.345 7.365 7.4 7.412 7.395 7.375 7.347 7.307 7.26 7.212 7.165 7.112 7.04 6.755 6.353 6.178 6.145 6.168 6.263 6.365 6.46 6.5 6.468 6.41 6.355 6.33 6.335 6.355 6.358 6.338 6.32 6.305 6.277 6.227 6.16 6.055 5.907 5.73 5.55 5.475 5.548 5.757 5.915 5.955 6.058
7.23 7.175 7.175 7.22 7.262 7.305 7.332 7.335 7.312 7.278 7.258 7.255 7.24 7.208 7.208 7.248 7.29 7.33 7.4 7.495 7.55 7.552 7.535 7.518 7.505 7.495 7.487 7.485 7.462 7.425 7.4 7.38 7.363 7.345 7.353 7.387 7.42 7.425 7.405 7.377 7.332 7.277 7.22 7.175 7.147 7.122 7.085 6.952 6.567 6.195 6.138 6.228 6.333 6.437 6.515 6.515 6.47 6.425 6.375 6.35 6.375 6.455 6.487 6.448 6.415 6.362 6.287 6.212 6.145 6.08 5.995 5.88 5.725 5.618 5.633 5.783 5.917 5.993 6.122
7.27 7.215 7.215 7.26 7.305 7.35 7.38 7.375 7.34 7.298 7.272 7.257 7.217 7.173 7.175 7.215 7.253 7.29 7.358 7.445 7.5 7.505 7.485 7.465 7.448 7.435 7.433 7.442 7.447 7.427 7.4 7.383 7.368 7.355 7.37 7.41 7.44 7.437 7.405 7.357 7.3 7.242 7.185 7.13 7.088 7.06 7.03 6.98 6.765 6.398 6.24 6.313 6.41 6.512 6.56 6.532 6.49 6.445 6.398 6.373 6.443 6.595 6.652 6.592 6.5 6.372 6.258 6.183 6.118 6.053 5.988 5.922 5.83 5.745 5.76 5.863 5.963 6.053 6.16
7.31 7.255 7.253 7.292 7.33 7.365 7.392 7.387 7.352 7.313 7.278 7.237 7.178 7.135 7.143 7.183 7.228 7.263 7.315 7.395 7.452 7.457 7.435 7.415 7.395 7.378 7.375 7.388 7.405 7.412 7.405 7.395 7.385 7.377 7.39 7.427 7.452 7.432 7.382 7.325 7.265 7.208 7.15 7.093 7.04 6.993 6.94 6.88 6.787 6.572 6.42 6.443 6.505 6.577 6.59 6.547 6.505 6.462 6.42 6.425 6.557 6.752 6.787 6.667 6.51 6.34 6.23 6.173 6.115 6.055 5.995 5.938 5.88 5.845 5.885 5.973 6.063 6.15 6.233
7.355 7.308 7.293 7.308 7.335 7.365 7.395 7.39 7.355 7.327 7.287 7.225 7.153 7.108 7.123 7.17 7.22 7.247 7.283 7.352 7.405 7.407 7.385 7.365 7.345 7.325 7.32 7.335 7.352 7.37 7.38 7.38 7.38 7.382 7.395 7.422 7.44 7.41 7.353 7.295 7.238 7.18 7.12 7.063 7.02 6.978 6.915 6.845 6.773 6.665 6.595 6.6 6.62 6.625 6.595 6.55 6.502 6.46 6.42 6.42 6.55 6.73 6.777 6.67 6.497 6.325 6.23 6.205 6.165 6.11 6.055 6.005 5.953 5.943 6.005 6.095 6.182 6.252 6.312
7.415 7.385 7.358 7.338 7.343 7.365 7.395 7.39 7.36 7.345 7.315 7.25 7.173 7.115 7.125 7.18 7.215 7.225 7.253 7.31 7.347 7.35 7.332 7.31 7.293 7.278 7.27 7.28 7.297 7.31 7.315 7.32 7.33 7.34 7.357 7.382 7.402 7.385 7.33 7.27 7.213 7.155 7.098 7.048 7.03 7.022 6.97 6.89 6.81 6.738 6.707 6.712 6.69 6.63 6.575 6.53 6.482 6.438 6.398 6.368 6.405 6.488 6.557 6.57 6.475 6.32 6.235 6.232 6.22 6.185 6.135 6.085 6.03 6.038 6.122 6.197 6.235 6.255 6.295
7.495 7.472 7.442 7.41 7.388 7.38 7.395 7.395 7.375 7.367 7.35 7.297 7.225 7.16 7.148 7.18 7.195 7.198 7.223 7.26 7.28 7.287 7.277 7.255 7.24 7.23 7.22 7.225 7.242 7.25 7.25 7.253 7.26 7.27 7.29 7.323 7.352 7.355 7.312 7.25 7.19 7.13 7.075 7.048 7.052 7.062 7.03 6.957 6.885 6.815 6.783 6.77 6.697 6.6 6.54 6.497 6.455 6.413 6.378 6.352 6.328 6.32 6.34 6.368 6.357 6.283 6.228 6.225 6.23 6.227 6.205 6.165 6.12 6.145 6.207 6.22 6.195 6.173 6.205
7.58 7.555 7.522 7.49 7.46 7.427 7.408 7.397 7.387 7.382 7.372 7.335 7.272 7.207 7.173 7.17 7.17 7.173 7.185 7.2 7.21 7.22 7.22 7.208 7.195 7.185 7.175 7.175 7.185 7.188 7.185 7.188 7.198 7.213 7.235 7.265 7.295 7.317 7.295 7.232 7.17 7.11 7.065 7.058 7.07 7.082 7.057 7.01 6.962 6.892 6.847 6.792 6.68 6.568 6.5 6.463 6.425 6.388 6.36 6.335 6.305 6.283 6.268 6.25 6.24 6.23 6.22 6.22 6.225 6.232 6.232 6.22 6.202 6.207 6.205 6.175 6.143 6.11 6.11
7.642 7.612 7.57 7.527 7.495 7.46 7.42 7.385 7.37 7.365 7.355 7.33 7.28 7.217 7.178 7.17 7.17 7.17 7.168 7.168 7.175 7.185 7.19 7.185 7.17 7.153 7.135 7.125 7.13 7.14 7.153 7.165 7.18 7.2 7.223 7.248 7.272 7.28 7.26 7.21 7.145 7.083 7.053 7.062 7.075 7.085 7.052 6.992 6.957 6.927 6.872 6.77 6.64 6.528 6.463 6.427 6.39 6.358 6.337 6.315 6.285 6.26 6.245 6.23 6.215 6.213 6.218 6.223 6.228 6.233 6.235 6.24 6.247 6.233 6.2 6.173 6.143 6.098 6.068
7.677 7.642 7.595 7.54 7.498 7.46 7.417 7.368 7.335 7.327 7.317 7.3 7.262 7.205 7.175 7.18 7.185 7.185 7.18 7.173 7.175 7.185 7.187 7.182 7.167 7.145 7.12 7.105 7.113 7.138 7.167 7.185 7.198 7.215 7.237 7.255 7.255 7.225 7.195 7.167 7.115 7.055 7.035 7.055 7.072 7.085 7.047 6.953 6.88 6.865 6.807 6.68 6.555 6.473 6.43 6.392 6.355 6.323 6.305 6.287 6.262 6.24 6.223 6.21 6.208 6.215 6.222 6.23 6.235 6.24 6.245 6.25 6.267 6.272 6.25 6.215 6.167 6.105 6.07
7.705 7.667 7.625 7.568 7.508 7.458 7.41 7.355 7.308 7.29 7.28 7.262 7.237 7.195 7.175 7.185 7.192 7.197 7.195 7.185 7.18 7.183 7.182 7.177 7.167 7.152 7.133 7.125 7.138 7.163 7.19 7.205 7.215 7.23 7.237 7.222 7.187 7.143 7.113 7.097 7.072 7.035 7.025 7.045 7.065 7.082 7.042 6.94 6.835 6.763 6.68 6.56 6.455 6.418 6.4 6.358 6.32 6.288 6.268 6.252 6.235 6.218 6.205 6.203 6.208 6.215 6.225 6.235 6.242 6.25 6.255 6.263 6.285 6.307 6.295 6.245 6.177 6.105 6.075
7.735 7.695 7.655 7.6 7.53 7.468 7.413 7.353 7.293 7.258 7.24 7.22 7.203 7.185 7.18 7.19 7.2 7.21 7.21 7.2 7.19 7.183 7.178 7.17 7.162 7.155 7.147 7.152 7.167 7.187 7.207 7.22 7.23 7.232 7.205 7.155 7.105 7.06 7.03 7.02 7.023 7.01 7.01 7.035 7.057 7.077 7.035 6.93 6.81 6.682 6.563 6.45 6.38 6.38 6.37 6.325 6.285 6.253 6.233 6.217 6.203 6.193 6.193 6.2 6.207 6.215 6.225 6.235 6.245 6.255 6.262 6.275 6.29 6.302 6.285 6.227 6.162 6.1 6.095
7.75 7.73 7.685 7.627 7.563 7.5 7.44 7.375 7.313 7.268 7.24 7.223 7.205 7.188 7.18 7.185 7.195 7.205 7.207 7.197 7.185 7.182 7.177 7.165 7.157 7.15 7.135 7.13 7.145 7.17 7.202 7.225 7.235 7.227 7.185 7.125 7.068 7.023 7.005 7.013 7.023 7.008 6.99 7 7.03 7.062 7.012 6.885 6.745 6.592 6.458 6.358 6.325 6.35 6.34 6.293 6.253 6.22 6.198 6.183 6.17 6.168 6.175 6.185 6.197 6.21 6.22 6.23 6.24 6.245 6.245 6.24 6.23 6.225 6.197 6.143 6.103 6.078 6.09
7.732 7.75 7.715 7.658 7.6 7.54 7.48 7.418 7.36 7.315 7.285 7.267 7.237 7.2 7.18 7.173 7.175 7.185 7.19 7.183 7.175 7.185 7.182 7.163 7.15 7.14 7.108 7.073 7.075 7.108 7.162 7.212 7.235 7.235 7.2 7.138 7.083 7.053 7.053 7.067 7.062 7.03 6.99 6.963 6.97 7.002 6.945 6.795 6.642 6.488 6.353 6.285 6.29 6.32 6.31 6.263 6.22 6.185 6.16 6.148 6.145 6.15 6.16 6.17 6.183 6.195 6.205 6.21 6.21 6.207 6.2 6.175 6.143 6.123 6.1 6.07 6.055 6.053 6.063
7.692 7.73 7.725 7.687 7.64 7.58 7.52 7.463 7.41 7.365 7.335 7.305 7.252 7.208 7.19 7.178 7.168 7.168 7.17 7.17 7.178 7.195 7.19 7.165 7.145 7.13 7.097 7.04 7.013 7.043 7.105 7.172 7.222 7.242 7.215 7.155 7.118 7.11 7.115 7.115 7.09 7.05 7.01 6.965 6.933 6.922 6.845 6.692 6.537 6.385 6.263 6.23 6.26 6.29 6.28 6.235 6.19 6.148 6.123 6.118 6.125 6.135 6.147 6.16 6.17 6.177 6.172 6.162 6.158 6.155 6.15 6.125 6.09 6.068 6.058 6.05 6.043 6.038 6.048
7.642 7.68 7.692 7.672 7.64 7.597 7.552 7.507 7.46 7.415 7.375 7.325 7.26 7.215 7.2 7.19 7.175 7.163 7.16 7.168 7.187 7.205 7.197 7.172 7.147 7.127 7.092 7.025 6.965 6.978 7.045 7.115 7.185 7.235 7.222 7.185 7.175 7.175 7.167 7.137 7.092 7.047 7 6.95 6.902 6.84 6.725 6.572 6.42 6.278 6.195 6.198 6.23 6.26 6.252 6.207 6.16 6.115 6.095 6.1 6.11 6.12 6.132 6.145 6.14 6.127 6.115 6.105 6.105 6.108 6.105 6.088 6.068 6.06 6.055 6.045 6.035 6.028 6.035
7.588 7.625 7.637 7.617 7.593 7.575 7.552 7.515 7.472 7.432 7.39 7.332 7.268 7.228 7.213 7.2 7.187 7.17 7.158 7.168 7.195 7.21 7.197 7.167 7.137 7.11 7.067 7.002 6.93 6.923 6.985 7.058 7.132 7.2 7.21 7.182 7.165 7.145 7.125 7.092 7.042 6.99 6.937 6.882 6.817 6.717 6.58 6.43 6.29 6.195 6.165 6.178 6.203 6.23 6.225 6.18 6.133 6.093 6.075 6.08 6.09 6.1 6.11 6.102 6.08 6.068 6.068 6.07 6.073 6.078 6.08 6.075 6.065 6.06 6.055 6.045 6.035 6.028 6.028
7.533 7.57 7.582 7.563 7.545 7.542 7.527 7.49 7.453 7.42 7.385 7.335 7.275 7.24 7.227 7.21 7.19 7.167 7.153 7.165 7.19 7.192 7.17 7.135 7.1 7.067 7.025 6.962 6.898 6.883 6.93 7.002 7.072 7.132 7.145 7.105 7.055 7.01 6.993 6.99 6.957 6.903 6.85 6.785 6.69 6.57 6.43 6.293 6.2 6.17 6.165 6.17 6.19 6.21 6.2 6.158 6.118 6.085 6.063 6.055 6.058 6.067 6.07 6.053 6.045 6.05 6.053 6.058 6.063 6.068 6.072 6.072 6.065 6.06 6.055 6.045 6.038 6.035 6.03
7.485 7.513 7.527 7.515 7.51 7.515 7.502 7.473 7.44 7.41 7.375 7.332 7.283 7.247 7.23 7.207 7.18 7.153 7.143 7.155 7.165 7.152 7.122 7.088 7.053 7.02 6.98 6.923 6.868 6.845 6.878 6.937 6.992 7.04 7.042 6.998 6.943 6.9 6.878 6.873 6.86 6.815 6.75 6.66 6.547 6.425 6.298 6.208 6.178 6.172 6.165 6.168 6.185 6.2 6.185 6.148 6.115 6.085 6.06 6.045 6.035 6.033 6.03 6.03 6.04 6.047 6.05 6.053 6.057 6.062 6.065 6.067 6.065 6.06 6.055 6.045 6.04 6.042 6.04
7.45 7.468 7.482 7.483 7.485 7.492 7.485 7.46 7.43 7.4 7.368 7.333 7.28 7.232 7.207 7.187 7.167 7.14 7.128 7.13 7.123 7.105 7.077 7.042 7.005 6.97 6.932 6.885 6.835 6.8 6.815 6.86 6.903 6.945 6.95 6.918 6.88 6.848 6.818 6.79 6.768 6.717 6.628 6.518 6.403 6.295 6.218 6.185 6.18 6.175 6.165 6.163 6.18 6.195 6.177 6.145 6.115 6.085 6.06 6.043 6.028 6.018 6.018 6.025 6.035 6.042 6.047 6.05 6.053 6.058 6.06 6.063 6.062 6.06 6.055 6.048 6.045 6.048 6.047
7.45 7.442 7.44 7.46 7.475 7.482 7.475 7.45 7.42 7.395 7.375 7.35 7.28 7.195 7.158 7.142 7.127 7.12 7.12 7.118 7.102 7.068 7.028 6.99 6.952 6.917 6.88 6.835 6.785 6.753 6.76 6.793 6.83 6.87 6.887 6.877 6.855 6.825 6.793 6.758 6.715 6.642 6.535 6.418 6.303 6.223 6.193 6.182 6.177 6.172 6.165 6.157 6.16 6.165 6.162 6.145 6.115 6.085 6.06 6.04 6.028 6.025 6.025 6.028 6.033 6.038 6.043 6.048 6.05 6.055 6.06 6.06 6.06 6.06 6.057 6.055 6.055 6.055 6.055
7.46 7.397 7.368 7.42 7.465 7.477 7.467 7.44 7.415 7.403 7.397 7.377 7.285 7.153 7.09 7.075 7.065 7.103 7.14 7.132 7.1 7.037 6.975 6.93 6.895 6.86 6.82 6.777 6.733 6.713 6.725 6.745 6.775 6.815 6.84 6.842 6.83 6.805 6.77 6.732 6.677 6.59 6.48 6.36 6.263 6.215 6.193 6.175 6.168 6.162 6.155 6.14 6.115 6.1 6.11 6.117 6.107 6.085 6.06 6.043 6.035 6.035 6.035 6.035 6.038 6.043 6.045 6.048 6.05 6.055 6.06 6.06 6.06 6.057 6.057 6.06 6.06 6.06 6.06
7.412 7.305 7.27 7.345 7.427 7.467 7.462 7.438 7.423 7.42 7.422 7.392 7.277 7.118 7.028 7.005 7.03 7.122 7.172 7.137 7.075 7.003 6.935 6.88 6.838 6.8 6.76 6.72 6.688 6.68 6.695 6.713 6.733 6.765 6.787 6.79 6.79 6.78 6.75 6.702 6.627 6.53 6.422 6.313 6.245 6.22 6.198 6.175 6.16 6.15 6.132 6.105 6.073 6.05 6.05 6.063 6.072 6.07 6.06 6.052 6.047 6.045 6.045 6.045 6.047 6.05 6.05 6.053 6.055 6.057 6.057 6.052 6.047 6.042 6.047 6.057 6.06 6.06 6.06
