EGM722_Project_Data/DTM_asc/TL4758.asc
ncols         200
nrows         200
xllcorner     547000.000
yllcorner     258000.000
cellsize      5
NODATA_value  -9999.0
[rows 105 to 139 of 200, columns 0 to 78 of 200]
8.217 8.187 8.145 8.095 8.045 7.982 7.873 7.733 7.598 7.483 7.41 7.343 7.295 7.28 7.213 7.123 7.065 7.028 7.08 7.508 8.257 8.45 8.178 8.075 8.05 8.055 8.075 8.105 8.137 8.167 8.172 8.158 8.138 8.128 8.143 8.175 8.215 8.255 8.27 8.25 8.24 8.303 8.445 8.612 8.707 8.34 7.838 7.663 7.56 7.46 7.38 7.323 7.268 7.238 7.243 7.263 7.285 7.305 7.325 7.35 7.377 7.392 7.38 7.347 7.315 7.298 7.328 7.388 7.465 7.635 7.92 8.408 9.032 9.34 9.242 9.017 8.77 8.515 8.308
8.327 8.305 8.265 8.22 8.178 8.118 8.02 7.9 7.788 7.705 7.655 7.612 7.53 7.41 7.313 7.248 7.19 7.295 7.628 8.175 8.462 8.25 8.085 8.07 8.07 8.075 8.095 8.125 8.155 8.18 8.185 8.17 8.148 8.145 8.175 8.212 8.247 8.285 8.31 8.315 8.303 8.315 8.435 8.587 8.67 8.387 7.963 7.795 7.695 7.603 7.525 7.463 7.408 7.355 7.335 7.35 7.37 7.373 7.37 7.39 7.417 7.427 7.41 7.377 7.345 7.318 7.315 7.348 7.438 7.623 7.858 8.203 8.755 9.262 9.38 9.207 8.977 8.725 8.523
8.38 8.375 8.367 8.357 8.332 8.29 8.212 8.103 8.005 7.945 7.905 7.87 7.812 7.707 7.593 7.5 7.425 7.69 8.25 8.585 8.512 8.248 8.115 8.095 8.09 8.095 8.115 8.145 8.178 8.205 8.21 8.19 8.155 8.145 8.172 8.207 8.243 8.28 8.315 8.345 8.357 8.365 8.44 8.532 8.582 8.402 8.088 7.925 7.833 7.765 7.705 7.635 7.57 7.515 7.485 7.487 7.49 7.46 7.433 7.445 7.462 7.45 7.42 7.39 7.363 7.34 7.328 7.34 7.423 7.608 7.843 8.108 8.518 9.065 9.397 9.367 9.177 8.938 8.74
8.385 8.398 8.425 8.452 8.462 8.455 8.402 8.313 8.24 8.195 8.155 8.12 8.08 7.997 7.89 7.793 7.708 7.983 8.435 8.595 8.555 8.365 8.203 8.15 8.12 8.115 8.135 8.168 8.205 8.237 8.237 8.2 8.15 8.135 8.163 8.2 8.24 8.28 8.315 8.342 8.367 8.39 8.42 8.458 8.495 8.417 8.215 8.068 8 7.958 7.905 7.83 7.753 7.685 7.635 7.605 7.575 7.53 7.498 7.495 7.487 7.46 7.43 7.403 7.383 7.365 7.348 7.343 7.41 7.595 7.83 8.065 8.373 8.845 9.32 9.48 9.355 9.145 8.935
8.405 8.425 8.453 8.487 8.525 8.555 8.555 8.517 8.472 8.437 8.402 8.37 8.335 8.277 8.19 8.09 8.008 8.145 8.34 8.39 8.437 8.405 8.31 8.24 8.185 8.148 8.153 8.19 8.23 8.262 8.25 8.198 8.143 8.125 8.155 8.195 8.235 8.277 8.315 8.34 8.365 8.385 8.395 8.408 8.428 8.422 8.335 8.24 8.197 8.16 8.105 8.025 7.935 7.85 7.78 7.728 7.678 7.62 7.565 7.53 7.505 7.475 7.445 7.42 7.402 7.387 7.37 7.355 7.408 7.585 7.823 8.06 8.318 8.748 9.302 9.552 9.487 9.33 9.1
8.435 8.455 8.48 8.515 8.555 8.595 8.63 8.632 8.602 8.57 8.54 8.51 8.477 8.44 8.375 8.28 8.205 8.21 8.265 8.315 8.365 8.4 8.377 8.312 8.25 8.19 8.17 8.2 8.237 8.27 8.255 8.198 8.15 8.135 8.155 8.19 8.23 8.273 8.312 8.34 8.36 8.37 8.375 8.385 8.395 8.405 8.4 8.382 8.357 8.322 8.265 8.175 8.075 7.988 7.923 7.88 7.83 7.763 7.683 7.598 7.545 7.515 7.473 7.428 7.402 7.387 7.372 7.358 7.41 7.59 7.83 8.088 8.39 8.828 9.367 9.615 9.575 9.477 9.27
8.47 8.485 8.51 8.545 8.585 8.625 8.657 8.66 8.635 8.605 8.575 8.545 8.515 8.485 8.432 8.348 8.288 8.295 8.34 8.39 8.425 8.43 8.405 8.355 8.292 8.23 8.2 8.21 8.235 8.27 8.26 8.208 8.178 8.17 8.178 8.198 8.23 8.27 8.307 8.337 8.35 8.35 8.355 8.365 8.372 8.375 8.392 8.42 8.432 8.422 8.37 8.283 8.193 8.12 8.068 8.032 7.995 7.937 7.845 7.715 7.615 7.567 7.51 7.438 7.393 7.37 7.355 7.345 7.415 7.61 7.875 8.19 8.55 8.96 9.442 9.685 9.645 9.587 9.425
8.518 8.52 8.54 8.575 8.615 8.657 8.687 8.685 8.665 8.64 8.61 8.58 8.552 8.525 8.48 8.418 8.383 8.395 8.43 8.46 8.465 8.455 8.432 8.392 8.335 8.27 8.238 8.235 8.245 8.272 8.265 8.23 8.215 8.21 8.215 8.225 8.243 8.273 8.305 8.33 8.335 8.33 8.335 8.342 8.345 8.345 8.36 8.395 8.435 8.46 8.45 8.397 8.327 8.262 8.213 8.18 8.152 8.11 8.007 7.855 7.713 7.62 7.55 7.47 7.4 7.358 7.34 7.34 7.428 7.663 7.993 8.358 8.735 9.115 9.54 9.755 9.705 9.627 9.492
8.57 8.565 8.573 8.603 8.647 8.692 8.717 8.71 8.687 8.662 8.64 8.615 8.588 8.562 8.53 8.5 8.487 8.49 8.5 8.5 8.49 8.48 8.457 8.422 8.372 8.31 8.275 8.27 8.273 8.283 8.28 8.265 8.255 8.25 8.255 8.265 8.272 8.285 8.305 8.317 8.318 8.313 8.313 8.315 8.315 8.315 8.328 8.36 8.4 8.45 8.495 8.49 8.445 8.392 8.35 8.32 8.292 8.255 8.147 7.98 7.815 7.695 7.613 7.528 7.443 7.37 7.34 7.35 7.468 7.77 8.16 8.542 8.92 9.297 9.665 9.805 9.707 9.582 9.47
8.625 8.62 8.618 8.633 8.675 8.72 8.737 8.722 8.697 8.675 8.662 8.65 8.625 8.6 8.578 8.562 8.557 8.547 8.535 8.525 8.515 8.505 8.482 8.447 8.405 8.35 8.315 8.31 8.31 8.313 8.313 8.307 8.3 8.29 8.285 8.287 8.292 8.3 8.307 8.308 8.305 8.3 8.295 8.293 8.288 8.285 8.295 8.33 8.385 8.455 8.515 8.53 8.51 8.475 8.44 8.41 8.375 8.33 8.217 8.043 7.895 7.798 7.715 7.625 7.535 7.438 7.388 7.45 7.643 7.903 8.213 8.587 8.977 9.372 9.672 9.7 9.57 9.495 9.44
8.688 8.682 8.675 8.675 8.7 8.74 8.755 8.733 8.703 8.68 8.673 8.675 8.662 8.64 8.62 8.605 8.592 8.575 8.56 8.55 8.54 8.527 8.505 8.472 8.435 8.388 8.355 8.35 8.35 8.355 8.357 8.352 8.345 8.33 8.31 8.298 8.3 8.31 8.312 8.305 8.298 8.29 8.285 8.28 8.27 8.263 8.28 8.333 8.405 8.485 8.537 8.547 8.537 8.517 8.487 8.452 8.41 8.36 8.245 8.088 7.985 7.915 7.835 7.745 7.647 7.535 7.493 7.653 7.95 8.16 8.32 8.558 8.893 9.3 9.51 9.468 9.415 9.435 9.435
8.755 8.745 8.738 8.733 8.738 8.763 8.775 8.75 8.713 8.683 8.675 8.685 8.687 8.677 8.66 8.642 8.622 8.6 8.585 8.575 8.565 8.552 8.53 8.497 8.46 8.42 8.393 8.388 8.393 8.4 8.405 8.4 8.39 8.372 8.345 8.32 8.313 8.317 8.315 8.305 8.295 8.285 8.278 8.27 8.27 8.3 8.348 8.395 8.448 8.515 8.562 8.565 8.555 8.542 8.517 8.48 8.435 8.387 8.287 8.17 8.1 8.035 7.955 7.857 7.745 7.625 7.65 7.91 8.26 8.52 8.655 8.76 8.94 9.205 9.335 9.335 9.37 9.417 9.437
8.825 8.808 8.8 8.797 8.792 8.797 8.795 8.767 8.73 8.693 8.68 8.69 8.7 8.705 8.695 8.672 8.647 8.623 8.605 8.595 8.585 8.575 8.555 8.523 8.485 8.45 8.43 8.43 8.438 8.445 8.45 8.445 8.435 8.415 8.385 8.355 8.335 8.327 8.317 8.305 8.295 8.285 8.275 8.278 8.323 8.402 8.46 8.487 8.512 8.552 8.582 8.577 8.565 8.55 8.522 8.487 8.447 8.405 8.342 8.27 8.21 8.147 8.067 7.96 7.84 7.73 7.843 8.185 8.547 8.862 9.045 9.112 9.142 9.183 9.24 9.3 9.355 9.402 9.44
8.905 8.867 8.84 8.84 8.837 8.835 8.82 8.788 8.75 8.705 8.693 8.712 8.725 8.732 8.712 8.682 8.667 8.647 8.628 8.618 8.61 8.6 8.582 8.555 8.52 8.485 8.47 8.475 8.482 8.488 8.492 8.49 8.477 8.455 8.425 8.397 8.37 8.34 8.317 8.305 8.292 8.28 8.27 8.293 8.375 8.452 8.487 8.51 8.532 8.565 8.587 8.58 8.565 8.55 8.52 8.483 8.445 8.405 8.372 8.337 8.285 8.225 8.155 8.06 7.945 7.878 8.058 8.432 8.8 9.1 9.247 9.255 9.207 9.16 9.175 9.245 9.31 9.37 9.427
8.977 8.903 8.86 8.862 8.865 8.865 8.85 8.812 8.765 8.713 8.705 8.74 8.76 8.765 8.725 8.675 8.66 8.65 8.645 8.645 8.64 8.63 8.615 8.59 8.557 8.525 8.513 8.518 8.525 8.532 8.537 8.535 8.52 8.495 8.462 8.427 8.387 8.338 8.308 8.3 8.285 8.27 8.26 8.298 8.375 8.425 8.45 8.473 8.503 8.547 8.587 8.587 8.568 8.55 8.52 8.477 8.433 8.395 8.375 8.36 8.327 8.275 8.215 8.142 8.048 8.05 8.277 8.59 8.857 9.067 9.167 9.175 9.135 9.083 9.095 9.165 9.235 9.305 9.352
9.012 8.915 8.878 8.882 8.887 8.89 8.872 8.827 8.773 8.72 8.715 8.755 8.787 8.797 8.75 8.67 8.63 8.63 8.647 8.667 8.67 8.66 8.645 8.62 8.59 8.565 8.558 8.563 8.57 8.577 8.582 8.577 8.557 8.525 8.48 8.43 8.377 8.323 8.293 8.285 8.273 8.26 8.253 8.295 8.357 8.387 8.413 8.443 8.483 8.535 8.59 8.6 8.573 8.55 8.517 8.467 8.415 8.383 8.37 8.36 8.345 8.317 8.267 8.202 8.13 8.148 8.327 8.54 8.715 8.875 8.98 9.03 9.042 9.008 9.013 9.082 9.14 9.17 9.167
9.02 8.925 8.893 8.898 8.905 8.912 8.895 8.843 8.783 8.73 8.725 8.765 8.805 8.822 8.775 8.683 8.618 8.613 8.64 8.67 8.69 8.69 8.672 8.648 8.623 8.605 8.602 8.607 8.615 8.62 8.625 8.615 8.577 8.53 8.475 8.42 8.365 8.31 8.278 8.268 8.26 8.25 8.25 8.282 8.325 8.352 8.38 8.42 8.47 8.525 8.585 8.607 8.582 8.547 8.505 8.45 8.4 8.375 8.365 8.355 8.348 8.342 8.315 8.257 8.19 8.173 8.245 8.373 8.533 8.687 8.785 8.845 8.897 8.91 8.925 8.963 8.985 8.993 8.988
9.023 8.938 8.91 8.918 8.93 8.94 8.927 8.875 8.81 8.755 8.743 8.775 8.815 8.837 8.795 8.705 8.625 8.605 8.635 8.665 8.695 8.712 8.702 8.678 8.658 8.638 8.623 8.622 8.627 8.632 8.637 8.625 8.582 8.528 8.473 8.418 8.363 8.308 8.27 8.258 8.25 8.24 8.24 8.26 8.29 8.318 8.345 8.387 8.44 8.49 8.542 8.582 8.575 8.53 8.48 8.43 8.395 8.38 8.37 8.363 8.36 8.37 8.367 8.315 8.243 8.21 8.235 8.3 8.398 8.508 8.6 8.678 8.753 8.818 8.858 8.868 8.878 8.9 8.923
9.023 8.95 8.933 8.945 8.96 8.97 8.962 8.915 8.85 8.795 8.778 8.798 8.828 8.852 8.815 8.728 8.645 8.615 8.64 8.67 8.703 8.732 8.735 8.715 8.705 8.687 8.64 8.613 8.615 8.62 8.622 8.61 8.58 8.532 8.477 8.422 8.367 8.31 8.268 8.25 8.24 8.233 8.23 8.243 8.268 8.293 8.308 8.328 8.367 8.412 8.468 8.535 8.547 8.5 8.455 8.42 8.4 8.39 8.383 8.378 8.388 8.42 8.432 8.38 8.3 8.258 8.275 8.325 8.375 8.438 8.525 8.62 8.708 8.793 8.84 8.85 8.865 8.885 8.913
9.023 8.968 8.96 8.975 8.99 9 8.995 8.952 8.89 8.838 8.823 8.835 8.853 8.87 8.832 8.752 8.675 8.633 8.648 8.683 8.72 8.757 8.77 8.763 8.765 8.757 8.695 8.623 8.603 8.607 8.602 8.587 8.57 8.535 8.48 8.422 8.365 8.305 8.26 8.243 8.235 8.23 8.228 8.233 8.253 8.277 8.28 8.27 8.283 8.32 8.395 8.495 8.52 8.478 8.448 8.428 8.415 8.405 8.398 8.403 8.433 8.475 8.495 8.45 8.363 8.303 8.313 8.365 8.415 8.473 8.555 8.647 8.73 8.807 8.85 8.855 8.858 8.873 8.908
9.04 8.998 8.995 9.007 9.02 9.03 9.027 8.99 8.93 8.883 8.87 8.877 8.885 8.89 8.85 8.775 8.703 8.65 8.655 8.695 8.735 8.772 8.797 8.807 8.817 8.82 8.767 8.673 8.608 8.588 8.578 8.565 8.555 8.53 8.48 8.42 8.36 8.3 8.255 8.238 8.233 8.23 8.225 8.223 8.238 8.262 8.265 8.243 8.228 8.243 8.325 8.455 8.5 8.472 8.457 8.445 8.432 8.42 8.422 8.447 8.485 8.525 8.555 8.52 8.43 8.353 8.348 8.4 8.452 8.507 8.58 8.665 8.745 8.822 8.865 8.867 8.86 8.863 8.897
9.073 9.033 9.03 9.04 9.05 9.06 9.062 9.03 8.975 8.93 8.905 8.902 8.905 8.902 8.862 8.79 8.717 8.655 8.655 8.697 8.735 8.772 8.802 8.82 8.835 8.847 8.805 8.712 8.628 8.585 8.575 8.565 8.55 8.522 8.477 8.42 8.36 8.3 8.253 8.233 8.23 8.227 8.222 8.218 8.225 8.247 8.25 8.227 8.203 8.213 8.305 8.417 8.447 8.427 8.415 8.402 8.385 8.393 8.425 8.457 8.495 8.535 8.57 8.552 8.475 8.39 8.368 8.41 8.465 8.52 8.585 8.665 8.745 8.81 8.845 8.855 8.85 8.845 8.863
9.105 9.068 9.065 9.075 9.083 9.09 9.095 9.08 9.043 8.998 8.95 8.918 8.91 8.907 8.87 8.797 8.715 8.638 8.638 8.69 8.727 8.765 8.795 8.81 8.825 8.842 8.805 8.718 8.648 8.61 8.595 8.58 8.55 8.51 8.467 8.415 8.355 8.298 8.253 8.228 8.223 8.222 8.22 8.215 8.215 8.232 8.232 8.21 8.188 8.223 8.317 8.362 8.347 8.325 8.307 8.293 8.298 8.35 8.4 8.428 8.465 8.505 8.537 8.54 8.49 8.413 8.385 8.413 8.458 8.51 8.575 8.652 8.715 8.752 8.78 8.805 8.815 8.812 8.81
9.14 9.103 9.1 9.11 9.115 9.115 9.117 9.125 9.117 9.082 9.028 8.97 8.93 8.915 8.877 8.795 8.7 8.613 8.61 8.672 8.72 8.757 8.785 8.802 8.82 8.837 8.802 8.728 8.675 8.638 8.608 8.578 8.538 8.493 8.45 8.405 8.35 8.295 8.255 8.228 8.213 8.212 8.215 8.212 8.21 8.22 8.217 8.195 8.185 8.232 8.285 8.275 8.243 8.215 8.198 8.205 8.258 8.332 8.382 8.408 8.438 8.472 8.5 8.51 8.492 8.438 8.413 8.435 8.463 8.503 8.562 8.622 8.655 8.678 8.705 8.737 8.765 8.775 8.77
9.178 9.135 9.13 9.135 9.135 9.13 9.13 9.145 9.16 9.152 9.11 9.047 8.985 8.937 8.875 8.78 8.683 8.59 8.58 8.645 8.705 8.75 8.775 8.795 8.815 8.832 8.807 8.753 8.708 8.665 8.625 8.583 8.535 8.485 8.435 8.39 8.343 8.295 8.26 8.233 8.208 8.198 8.202 8.205 8.205 8.21 8.205 8.185 8.187 8.21 8.202 8.17 8.137 8.108 8.113 8.165 8.24 8.315 8.365 8.39 8.413 8.44 8.462 8.47 8.47 8.447 8.438 8.46 8.48 8.503 8.535 8.563 8.58 8.6 8.628 8.663 8.695 8.72 8.727
9.218 9.168 9.158 9.158 9.155 9.148 9.14 9.15 9.17 9.177 9.145 9.08 9.015 8.95 8.867 8.77 8.673 8.588 8.583 8.643 8.7 8.742 8.765 8.785 8.805 8.825 8.822 8.79 8.748 8.705 8.665 8.623 8.57 8.515 8.46 8.408 8.358 8.31 8.273 8.24 8.21 8.19 8.188 8.19 8.19 8.187 8.177 8.165 8.15 8.123 8.085 8.05 8.017 7.993 8.025 8.105 8.185 8.272 8.337 8.365 8.387 8.412 8.422 8.42 8.417 8.415 8.435 8.462 8.48 8.497 8.508 8.515 8.528 8.54 8.56 8.59 8.62 8.65 8.665
9.265 9.21 9.19 9.19 9.187 9.172 9.155 9.155 9.17 9.172 9.135 9.07 9.005 8.94 8.862 8.77 8.68 8.618 8.623 8.675 8.715 8.735 8.75 8.77 8.79 8.81 8.825 8.82 8.79 8.75 8.71 8.672 8.627 8.575 8.52 8.463 8.405 8.35 8.303 8.265 8.233 8.2 8.173 8.158 8.152 8.142 8.133 8.135 8.117 8.055 7.975 7.918 7.88 7.868 7.915 8.005 8.105 8.215 8.295 8.327 8.355 8.38 8.38 8.36 8.348 8.35 8.387 8.437 8.462 8.48 8.492 8.5 8.507 8.51 8.515 8.528 8.55 8.58 8.592
9.32 9.265 9.235 9.227 9.217 9.197 9.18 9.17 9.172 9.167 9.122 9.057 8.995 8.93 8.855 8.775 8.708 8.66 8.665 8.702 8.717 8.72 8.73 8.75 8.77 8.79 8.81 8.825 8.82 8.79 8.753 8.717 8.677 8.632 8.58 8.52 8.46 8.403 8.348 8.303 8.265 8.223 8.178 8.143 8.115 8.095 8.095 8.11 8.117 8.06 7.945 7.845 7.765 7.75 7.825 7.93 8.045 8.165 8.247 8.285 8.315 8.342 8.342 8.31 8.283 8.278 8.318 8.387 8.437 8.462 8.475 8.485 8.49 8.493 8.493 8.488 8.49 8.508 8.518
9.375 9.32 9.28 9.257 9.24 9.22 9.205 9.19 9.18 9.16 9.107 9.042 8.98 8.918 8.855 8.798 8.745 8.7 8.693 8.705 8.703 8.7 8.71 8.73 8.75 8.77 8.79 8.81 8.825 8.822 8.797 8.76 8.72 8.68 8.635 8.58 8.523 8.465 8.405 8.345 8.295 8.253 8.208 8.165 8.12 8.083 8.078 8.093 8.105 8.075 7.977 7.853 7.74 7.708 7.775 7.883 8 8.117 8.202 8.245 8.275 8.305 8.31 8.28 8.243 8.22 8.25 8.32 8.388 8.435 8.455 8.465 8.473 8.478 8.478 8.47 8.463 8.46 8.458
9.395 9.34 9.297 9.27 9.25 9.23 9.215 9.202 9.182 9.145 9.09 9.025 8.963 8.913 8.873 8.83 8.78 8.743 8.738 8.745 8.743 8.743 8.75 8.763 8.778 8.788 8.8 8.82 8.84 8.842 8.817 8.78 8.737 8.695 8.675 8.647 8.595 8.54 8.477 8.398 8.328 8.285 8.242 8.197 8.145 8.093 8.075 8.085 8.095 8.082 8 7.875 7.79 7.763 7.783 7.85 7.955 8.072 8.157 8.2 8.23 8.273 8.307 8.298 8.26 8.233 8.248 8.298 8.358 8.42 8.455 8.465 8.478 8.488 8.488 8.483 8.475 8.46 8.443
9.385 9.33 9.293 9.27 9.25 9.23 9.215 9.202 9.172 9.125 9.068 9.008 8.963 8.93 8.9 8.86 8.818 8.795 8.808 8.832 8.842 8.847 8.852 8.857 8.857 8.85 8.855 8.875 8.882 8.852 8.808 8.772 8.732 8.69 8.69 8.705 8.672 8.617 8.55 8.453 8.368 8.318 8.275 8.23 8.162 8.095 8.075 8.085 8.095 8.09 8.015 7.913 7.865 7.848 7.845 7.868 7.925 8.025 8.112 8.158 8.2 8.265 8.325 8.345 8.325 8.3 8.313 8.348 8.388 8.438 8.475 8.493 8.508 8.52 8.522 8.515 8.5 8.477 8.458
9.373 9.323 9.29 9.27 9.25 9.23 9.215 9.192 9.15 9.1 9.053 9.013 8.983 8.957 8.93 8.898 8.87 8.855 8.87 8.905 8.932 8.947 8.952 8.95 8.937 8.923 8.925 8.935 8.91 8.847 8.793 8.757 8.722 8.688 8.688 8.722 8.73 8.695 8.622 8.513 8.413 8.35 8.305 8.252 8.173 8.098 8.075 8.085 8.092 8.092 8.045 7.983 7.955 7.933 7.925 7.938 7.958 8.003 8.07 8.135 8.2 8.275 8.335 8.37 8.377 8.37 8.387 8.42 8.447 8.472 8.502 8.527 8.542 8.555 8.557 8.542 8.518 8.493 8.473
9.36 9.318 9.29 9.27 9.25 9.23 9.21 9.175 9.128 9.088 9.058 9.032 9.005 8.977 8.953 8.937 8.925 8.91 8.925 8.962 9 9.025 9.03 9.025 9.012 8.997 8.992 8.97 8.907 8.833 8.778 8.743 8.71 8.678 8.68 8.72 8.752 8.755 8.692 8.577 8.46 8.383 8.335 8.267 8.18 8.103 8.075 8.083 8.09 8.103 8.092 8.062 8.04 8.017 8.005 8.01 8.017 8.023 8.055 8.125 8.202 8.28 8.34 8.375 8.402 8.422 8.44 8.46 8.477 8.492 8.525 8.557 8.575 8.59 8.587 8.565 8.538 8.513 8.495
9.35 9.31 9.285 9.265 9.247 9.227 9.197 9.158 9.12 9.1 9.08 9.05 9.023 8.995 8.973 8.97 8.972 8.963 8.975 9.012 9.045 9.067 9.075 9.072 9.065 9.06 9.042 8.985 8.905 8.828 8.775 8.745 8.715 8.668 8.655 8.697 8.737 8.767 8.737 8.637 8.517 8.425 8.36 8.28 8.195 8.123 8.095 8.105 8.12 8.142 8.145 8.125 8.105 8.09 8.068 8.048 8.045 8.045 8.065 8.12 8.195 8.275 8.332 8.367 8.402 8.43 8.445 8.455 8.47 8.493 8.533 8.577 8.605 8.62 8.617 8.598 8.573 8.545 8.538
9.343 9.303 9.275 9.257 9.24 9.217 9.185 9.148 9.125 9.12 9.107 9.075 9.04 9.013 8.998 9 9.01 9.01 9.023 9.052 9.075 9.095 9.105 9.1 9.1 9.107 9.077 9.008 8.933 8.855 8.798 8.765 8.71 8.635 8.618 8.655 8.697 8.74 8.727 8.647 8.55 8.468 8.405 8.345 8.275 8.203 8.168 8.168 8.18 8.2 8.2 8.183 8.168 8.16 8.132 8.078 8.053 8.055 8.075 8.123 8.188 8.265 8.32 8.355 8.39 8.415 8.43 8.443 8.468 8.5 8.535 8.59 8.632 8.645 8.647 8.637 8.615 8.588 8.59
