EGM722_Project_Data/DTM_asc/TL4759.asc
ncols         200
nrows         200
xllcorner     547000.000
yllcorner     259000.000
cellsize      5
NODATA_value  -9999.0
[rows 132 to 164 of 200, columns 0 to 73 of 200]
9.265 9.15 9.02 8.888 8.755 8.625 8.495 8.368 8.24 8.108 8.325 7.915 7.01 6.745 6.625 6.322 5.855 5.395 5.07 4.878 4.78 4.78 4.78 4.78 4.78 4.78 4.78 4.78 4.78 4.78 4.78 4.78 5.08 5.802 5.595 5.626 6.625 7.002 7.077 7.147 7.207 7.26 7.423 7.705 7.97 7.953 8.133 8.545 8.73 8.9 9 9.045 9.108 9.165 9.18 9.22 9.308 9.403 9.52 9.632 9.707 9.73 9.75 9.87 10.073 10.297 10.447 10.518 10.628 10.772 10.865 10.905 10.942 10.978
9.24 9.145 9.015 8.885 8.755 8.625 8.495 8.365 8.23 8.178 8.142 7.515 6.86 6.72 6.537 6.095 5.505 5.068 4.855 4.795 4.78 4.78 4.78 4.78 4.78 4.78 4.78 4.78 4.78 4.78 4.78 4.855 5.375 5.854 5.508 5.975 6.882 6.978 7.048 7.11 7.165 7.218 7.395 7.698 8.007 8.132 8.293 8.575 8.75 8.915 9.01 9.04 9.083 9.133 9.188 9.265 9.352 9.44 9.515 9.557 9.568 9.56 9.588 9.715 9.905 10.108 10.27 10.393 10.548 10.705 10.792 10.83 10.87 10.908
9.22 9.145 9.015 8.885 8.755 8.625 8.492 8.355 8.21 8.26 7.975 7.218 6.81 6.685 6.402 5.777 5.13 4.835 4.78 4.78 4.78 4.78 4.78 4.78 4.78 4.78 4.78 4.78 4.78 4.78 4.78 5.053 5.779 5.64 5.691 6.59 6.89 6.975 7.045 7.103 7.155 7.21 7.418 7.755 7.898 8.102 8.405 8.567 8.735 8.9 8.995 9.027 9.068 9.125 9.202 9.287 9.375 9.462 9.512 9.503 9.468 9.428 9.435 9.565 9.763 9.958 10.138 10.308 10.482 10.627 10.702 10.737 10.775 10.82
9.2 9.145 9.015 8.885 8.752 8.617 8.477 8.33 8.18 8.125 7.635 6.983 6.775 6.605 6.167 5.403 4.875 4.78 4.78 4.78 4.78 4.78 4.78 4.78 4.78 4.78 4.78 4.78 4.78 4.78 4.838 5.37 5.8 5.63 6.143 6.822 6.913 7.007 7.08 7.128 7.178 7.238 7.473 7.842 7.753 7.905 8.387 8.538 8.698 8.86 8.955 8.993 9.05 9.125 9.208 9.29 9.375 9.465 9.53 9.545 9.505 9.43 9.41 9.498 9.665 9.865 10.062 10.245 10.407 10.53 10.595 10.63 10.673 10.73
9.18 9.145 9.015 8.88 8.74 8.597 8.45 8.3 8.25 7.947 7.275 6.865 6.737 6.465 5.812 5.075 4.78 4.78 4.78 4.78 4.78 4.78 4.78 4.78 4.78 4.78 4.78 4.78 4.78 4.805 5.105 5.757 5.62 5.848 6.735 6.9 6.963 7.052 7.12 7.16 7.205 7.273 7.525 7.857 7.81 7.973 8.375 8.517 8.665 8.82 8.92 8.973 9.05 9.135 9.215 9.295 9.378 9.465 9.53 9.57 9.58 9.53 9.513 9.565 9.663 9.813 9.995 10.18 10.317 10.415 10.482 10.528 10.583 10.645
9.185 9.14 9.005 8.86 8.715 8.57 8.42 8.27 8.197 7.702 7.048 6.828 6.672 6.227 5.418 4.87 4.78 4.78 4.78 4.78 4.78 4.78 4.78 4.78 4.78 4.78 4.78 4.78 4.78 4.903 5.482 5.69 5.7 6.44 6.977 7.032 7.048 7.103 7.16 7.2 7.24 7.32 7.602 7.705 7.783 8.127 8.347 8.492 8.635 8.785 8.9 8.975 9.057 9.14 9.222 9.305 9.385 9.467 9.53 9.57 9.607 9.615 9.635 9.697 9.762 9.845 9.96 10.097 10.212 10.3 10.375 10.435 10.497 10.56
9.243 9.125 8.98 8.833 8.687 8.54 8.39 8.24 7.945 7.375 6.94 6.792 6.525 5.865 5.095 4.78 4.78 4.78 4.78 4.78 4.78 4.78 4.78 4.78 4.78 4.78 4.78 4.78 4.78 5.085 5.657 5.64 6.118 6.967 7.095 7.135 7.135 7.168 7.232 7.288 7.335 7.453 7.692 7.525 7.643 8.15 8.303 8.46 8.615 8.767 8.887 8.972 9.057 9.142 9.227 9.31 9.39 9.47 9.53 9.57 9.607 9.632 9.667 9.727 9.792 9.86 9.927 10.015 10.118 10.21 10.287 10.35 10.4 10.445
9.267 9.073 8.937 8.802 8.66 8.51 8.36 8.18 7.722 7.175 6.9 6.735 6.28 5.488 4.923 4.78 4.78 4.78 4.78 4.78 4.78 4.78 4.78 4.78 4.78 4.78 4.78 4.78 4.878 5.42 5.513 5.805 6.732 7.072 7.15 7.172 7.178 7.208 7.312 7.425 7.488 7.647 7.552 7.428 7.793 8.13 8.283 8.443 8.605 8.76 8.875 8.963 9.055 9.145 9.23 9.312 9.392 9.467 9.527 9.567 9.585 9.583 9.605 9.658 9.718 9.782 9.85 9.938 10.04 10.135 10.21 10.257 10.28 10.3
9.245 8.998 8.85 8.728 8.598 8.465 8.327 8.052 7.505 7.05 6.86 6.58 5.972 5.215 4.823 4.78 4.78 4.78 4.78 4.78 4.78 4.78 4.78 4.78 4.78 4.78 4.78 4.815 5.14 5.545 5.693 6.355 7.037 7.12 7.17 7.195 7.2 7.213 7.335 7.52 7.607 7.482 7.365 7.67 8.02 8.158 8.303 8.448 8.6 8.752 8.867 8.96 9.055 9.147 9.235 9.315 9.392 9.465 9.522 9.547 9.535 9.518 9.54 9.59 9.643 9.7 9.765 9.855 9.962 10.055 10.112 10.135 10.15 10.173
9.235 8.953 8.775 8.665 8.555 8.448 8.297 7.88 7.315 6.985 6.807 6.385 5.693 5.055 4.78 4.78 4.78 4.78 4.78 4.78 4.78 4.78 4.78 4.78 4.78 4.78 4.8 5.028 5.552 5.605 6.138 6.997 7.087 7.142 7.19 7.215 7.22 7.223 7.333 7.547 7.415 7.265 7.655 8 8.093 8.205 8.34 8.475 8.615 8.755 8.867 8.963 9.058 9.152 9.232 9.302 9.38 9.455 9.5 9.497 9.47 9.453 9.475 9.525 9.575 9.628 9.688 9.773 9.882 9.975 10.02 10.038 10.06 10.098
9.23 8.983 8.82 8.715 8.615 8.515 8.242 7.66 7.165 6.947 6.71 6.17 5.423 4.92 4.78 4.78 4.78 4.78 4.78 4.78 4.78 4.78 4.78 4.78 4.78 4.785 4.973 5.51 5.598 5.781 6.63 7.055 7.11 7.167 7.212 7.232 7.235 7.238 7.348 7.507 7.31 7.498 7.977 8.062 8.152 8.255 8.373 8.503 8.64 8.77 8.88 8.977 9.07 9.152 9.205 9.25 9.32 9.397 9.432 9.42 9.398 9.388 9.418 9.47 9.523 9.578 9.635 9.705 9.805 9.905 9.96 9.985 10.015 10.068
9.273 9.085 8.938 8.825 8.725 8.56 8.095 7.453 7.078 6.92 6.575 5.912 5.183 4.813 4.78 4.78 4.78 4.78 4.78 4.78 4.78 4.78 4.78 4.78 4.78 4.938 5.43 5.712 5.723 6.39 7.022 7.078 7.133 7.19 7.235 7.25 7.248 7.255 7.377 7.413 7.483 7.8 8.012 8.1 8.198 8.303 8.41 8.528 8.658 8.79 8.902 8.997 9.08 9.145 9.177 9.193 9.233 9.3 9.335 9.325 9.32 9.333 9.375 9.43 9.485 9.545 9.605 9.665 9.745 9.845 9.91 9.938 9.98 10.045
9.375 9.205 9.053 8.935 8.815 8.487 7.85 7.295 7.043 6.852 6.387 5.658 5.03 4.78 4.78 4.78 4.78 4.78 4.78 4.78 4.78 4.78 4.78 4.78 4.918 5.37 5.715 5.9 6.527 7.025 7.073 7.118 7.163 7.213 7.252 7.262 7.255 7.275 7.402 7.293 7.475 7.932 8.042 8.143 8.25 8.357 8.463 8.57 8.685 8.812 8.925 9.007 9.075 9.135 9.165 9.168 9.178 9.215 9.243 9.245 9.263 9.295 9.345 9.403 9.46 9.52 9.58 9.64 9.705 9.787 9.852 9.895 9.955 10.025
9.495 9.325 9.168 9.045 8.827 8.3 7.61 7.183 7.017 6.717 6.125 5.365 4.873 4.78 4.78 4.78 4.78 4.78 4.78 4.78 4.78 4.78 4.78 4.883 5.292 5.577 5.873 6.597 7.04 7.102 7.15 7.188 7.223 7.255 7.27 7.265 7.255 7.29 7.412 7.14 7.348 7.97 8.082 8.19 8.3 8.41 8.515 8.62 8.73 8.842 8.935 9 9.06 9.12 9.15 9.15 9.15 9.16 9.175 9.195 9.225 9.263 9.315 9.375 9.435 9.495 9.555 9.615 9.675 9.74 9.803 9.865 9.935 10.005
9.602 9.447 9.285 9.102 8.722 8.048 7.43 7.138 7.002 6.56 5.823 5.123 4.78 4.78 4.78 4.78 4.78 4.78 4.78 4.78 4.78 4.78 4.848 5.205 5.49 5.768 6.527 7.04 7.11 7.177 7.23 7.27 7.302 7.297 7.27 7.255 7.25 7.295 7.412 7.125 7.348 8 8.125 8.235 8.345 8.455 8.56 8.665 8.775 8.867 8.927 8.98 9.04 9.092 9.115 9.115 9.117 9.123 9.133 9.155 9.185 9.225 9.28 9.34 9.4 9.46 9.52 9.58 9.64 9.703 9.77 9.84 9.91 9.972
9.65 9.52 9.37 9.07 8.512 7.795 7.298 7.122 6.922 6.327 5.505 4.958 4.78 4.78 4.78 4.78 4.78 4.78 4.78 4.78 4.78 4.82 5.133 5.515 5.748 6.442 7.047 7.115 7.185 7.255 7.31 7.35 7.355 7.3 7.25 7.243 7.26 7.318 7.43 7.343 7.563 8.015 8.157 8.277 8.385 8.495 8.602 8.707 8.81 8.875 8.908 8.955 9.01 9.052 9.07 9.073 9.08 9.087 9.095 9.113 9.14 9.183 9.24 9.3 9.36 9.42 9.48 9.543 9.605 9.668 9.735 9.807 9.875 9.92
9.637 9.53 9.337 8.927 8.257 7.583 7.238 7.125 6.775 6.038 5.238 4.828 4.78 4.78 4.78 4.78 4.78 4.78 4.78 4.78 4.78 5.058 5.557 5.74 6.273 6.972 7.13 7.195 7.262 7.33 7.387 7.405 7.36 7.28 7.238 7.255 7.3 7.362 7.385 7.507 7.79 8.012 8.172 8.312 8.425 8.535 8.645 8.75 8.83 8.865 8.885 8.925 8.97 9.01 9.032 9.04 9.047 9.053 9.06 9.073 9.095 9.14 9.2 9.26 9.32 9.38 9.443 9.507 9.57 9.633 9.7 9.772 9.815 9.84
9.602 9.49 9.192 8.69 7.985 7.425 7.233 7.09 6.585 5.828 5.133 4.78 4.78 4.78 4.78 4.78 4.78 4.78 4.78 4.78 4.945 5.542 5.752 6.013 6.792 7.132 7.205 7.27 7.335 7.397 7.442 7.422 7.35 7.27 7.245 7.29 7.347 7.405 7.24 7.44 7.882 8.01 8.175 8.337 8.467 8.575 8.685 8.782 8.835 8.85 8.86 8.882 8.917 8.952 8.98 8.997 9.01 9.02 9.03 9.038 9.055 9.1 9.16 9.22 9.283 9.345 9.408 9.47 9.533 9.598 9.667 9.725 9.738 9.765
9.58 9.397 9.012 8.437 7.758 7.35 7.237 6.977 6.373 5.668 5.07 4.78 4.78 4.78 4.78 4.78 4.78 4.78 4.78 4.86 5.375 5.602 5.771 6.612 7.12 7.195 7.247 7.3 7.365 7.427 7.457 7.425 7.355 7.275 7.263 7.322 7.387 7.447 7.1 7.288 7.857 7.942 8.14 8.347 8.497 8.615 8.725 8.8 8.822 8.822 8.818 8.825 8.85 8.88 8.907 8.93 8.955 8.98 8.995 9.003 9.03 9.078 9.128 9.185 9.248 9.31 9.372 9.435 9.498 9.563 9.63 9.657 9.653 9.703
9.537 9.255 8.812 8.158 7.578 7.348 7.245 6.845 6.267 5.558 4.928 4.78 4.78 4.78 4.78 4.78 4.78 4.78 4.78 5.113 5.575 5.675 6.358 7.107 7.177 7.24 7.275 7.303 7.355 7.42 7.447 7.417 7.36 7.285 7.278 7.347 7.417 7.482 7.158 7.288 7.74 7.755 7.97 8.267 8.497 8.652 8.752 8.792 8.787 8.775 8.765 8.768 8.783 8.807 8.833 8.86 8.9 8.94 8.96 8.983 9.04 9.098 9.135 9.178 9.223 9.275 9.338 9.4 9.463 9.53 9.575 9.572 9.563 9.623
9.412 9.077 8.587 7.908 7.463 7.355 7.18 6.753 6.252 5.453 4.815 4.78 4.78 4.78 4.78 4.78 4.78 4.78 4.93 5.605 5.77 6.158 7.017 7.16 7.22 7.277 7.312 7.328 7.355 7.41 7.43 7.397 7.355 7.293 7.29 7.365 7.44 7.382 7.35 7.535 7.595 7.52 7.688 8.045 8.375 8.632 8.752 8.755 8.737 8.72 8.71 8.71 8.715 8.733 8.765 8.808 8.86 8.907 8.938 8.988 9.07 9.137 9.175 9.205 9.235 9.273 9.318 9.368 9.428 9.485 9.502 9.488 9.478 9.535
9.255 8.897 8.28 7.68 7.448 7.362 7.115 6.792 6.232 5.288 4.78 4.78 4.78 4.78 4.78 4.78 4.78 4.82 5.295 5.682 5.978 6.682 7.102 7.192 7.255 7.312 7.35 7.365 7.38 7.41 7.41 7.373 7.338 7.293 7.305 7.388 7.475 7.16 7.275 7.665 7.493 7.348 7.408 7.725 8.07 8.34 8.487 8.53 8.575 8.622 8.645 8.645 8.645 8.665 8.713 8.765 8.82 8.877 8.935 9.01 9.1 9.175 9.22 9.25 9.28 9.307 9.332 9.362 9.397 9.422 9.425 9.41 9.395 9.448
9.11 8.625 7.933 7.523 7.447 7.36 7.18 6.895 6.1 5.12 4.78 4.78 4.78 4.78 4.78 4.78 4.78 5.035 5.655 5.74 6.24 6.942 6.95 7.097 7.217 7.327 7.387 7.4 7.41 7.42 7.418 7.39 7.353 7.338 7.373 7.45 7.39 7.21 7.38 7.54 7.37 7.275 7.328 7.505 7.743 7.948 8.085 8.213 8.36 8.492 8.55 8.55 8.558 8.598 8.66 8.715 8.77 8.832 8.91 9 9.092 9.167 9.21 9.237 9.262 9.285 9.305 9.322 9.332 9.335 9.33 9.32 9.313 9.355
8.977 8.315 7.685 7.505 7.442 7.345 7.217 6.86 5.803 4.908 4.78 4.78 4.78 4.78 4.78 4.78 4.908 5.537 5.638 5.91 6.752 6.845 6.82 6.958 7.13 7.297 7.392 7.415 7.425 7.43 7.45 7.447 7.423 7.452 7.512 7.47 7.138 7.26 7.562 7.39 7.258 7.285 7.432 7.513 7.573 7.705 7.86 8.03 8.215 8.367 8.43 8.43 8.46 8.53 8.6 8.655 8.708 8.768 8.848 8.94 9.025 9.08 9.11 9.14 9.167 9.19 9.21 9.222 9.225 9.225 9.222 9.218 9.228 9.27
8.732 8.013 7.58 7.512 7.44 7.325 7.172 6.75 5.608 4.796 4.78 4.78 4.78 4.78 4.78 4.823 5.288 5.882 5.758 6.258 6.995 6.933 6.943 7.005 7.11 7.25 7.355 7.392 7.417 7.435 7.462 7.485 7.467 7.363 7.205 7.18 7.19 7.327 7.415 7.245 7.21 7.358 7.54 7.617 7.578 7.593 7.725 7.898 8.082 8.242 8.31 8.323 8.38 8.467 8.537 8.592 8.643 8.7 8.78 8.865 8.925 8.955 8.98 9.013 9.047 9.082 9.107 9.115 9.115 9.115 9.115 9.115 9.148 9.207
8.43 7.745 7.568 7.517 7.43 7.295 7.127 6.775 5.888 5.026 4.78 4.78 4.78 4.78 4.78 5.083 5.904 5.76 5.913 6.897 7.072 7.08 7.095 7.127 7.168 7.243 7.315 7.355 7.39 7.42 7.45 7.263 7.21 7.353 7.265 7.33 7.497 7.432 7.26 7.163 7.25 7.452 7.647 7.72 7.653 7.615 7.673 7.788 7.95 8.12 8.195 8.23 8.313 8.405 8.475 8.527 8.575 8.63 8.707 8.772 8.807 8.83 8.853 8.883 8.925 8.98 9.01 9.008 9.005 9.005 9.005 9.023 9.08 9.15
8.115 7.635 7.573 7.52 7.41 7.255 7.047 6.77 6.345 5.712 5.065 4.78 4.78 4.78 4.95 5.627 6.089 5.803 6.308 7.112 7.185 7.17 7.14 7.16 7.2 7.245 7.292 7.335 7.375 7.412 7.31 7.095 7.22 7.567 7.73 7.792 7.65 7.36 7.165 7.165 7.34 7.54 7.74 7.807 7.725 7.675 7.7 7.76 7.853 7.995 8.092 8.153 8.25 8.345 8.413 8.46 8.508 8.563 8.62 8.657 8.685 8.713 8.738 8.773 8.828 8.89 8.917 8.91 8.903 8.9 8.905 8.948 9.025 9.092
7.815 7.615 7.577 7.51 7.38 7.18 6.88 6.603 6.462 6.297 5.82 5.418 5.233 5.168 5.56 6.152 5.803 6.003 7.019 7.272 7.325 7.277 7.203 7.165 7.18 7.225 7.272 7.317 7.365 7.41 7.13 7.155 7.467 7.49 7.58 7.662 7.535 7.26 7.138 7.22 7.4 7.595 7.777 7.847 7.79 7.735 7.75 7.798 7.843 7.92 8.013 8.1 8.2 8.298 8.375 8.428 8.473 8.513 8.53 8.545 8.575 8.605 8.638 8.683 8.742 8.8 8.822 8.817 8.81 8.803 8.815 8.885 8.982 9.047
7.695 7.618 7.585 7.49 7.307 7.032 6.693 6.458 6.433 6.527 6.475 6.282 6.015 5.915 6.272 6.132 5.806 6.538 7.31 7.437 7.445 7.402 7.315 7.235 7.19 7.205 7.25 7.295 7.34 7.38 7.263 7.308 7.367 7.223 7.253 7.292 7.215 7.135 7.185 7.318 7.465 7.635 7.772 7.832 7.83 7.795 7.8 7.842 7.88 7.915 7.978 8.073 8.17 8.27 8.365 8.442 8.497 8.523 8.518 8.513 8.518 8.523 8.548 8.6 8.657 8.707 8.727 8.722 8.717 8.71 8.73 8.823 8.942 9.012
7.668 7.632 7.582 7.435 7.172 6.845 6.54 6.408 6.513 6.72 6.805 6.702 6.51 6.422 6.524 5.751 5.953 7.207 7.477 7.555 7.565 7.525 7.437 7.352 7.268 7.213 7.22 7.262 7.302 7.278 7.405 7.477 7.24 7.003 6.923 6.97 7.043 7.158 7.297 7.43 7.563 7.69 7.767 7.797 7.82 7.825 7.837 7.867 7.895 7.92 7.973 8.06 8.155 8.252 8.347 8.442 8.525 8.565 8.557 8.532 8.507 8.483 8.49 8.533 8.578 8.618 8.633 8.628 8.623 8.618 8.648 8.75 8.885 8.967
7.66 7.642 7.545 7.31 6.99 6.648 6.428 6.463 6.65 6.852 7.02 7.017 6.832 6.717 6.29 5.555 6.177 7.219 7.407 7.53 7.63 7.642 7.555 7.465 7.37 7.265 7.193 7.19 7.22 7.138 7.33 7.49 7.213 6.933 6.795 6.888 7.078 7.25 7.4 7.535 7.667 7.74 7.747 7.76 7.785 7.822 7.855 7.875 7.9 7.92 7.958 8.038 8.132 8.22 8.305 8.4 8.49 8.542 8.55 8.527 8.495 8.465 8.465 8.495 8.53 8.568 8.583 8.578 8.573 8.568 8.583 8.668 8.805 8.902
7.673 7.625 7.442 7.13 6.79 6.485 6.405 6.558 6.75 6.932 7.125 7.187 7.07 6.884 5.798 5.088 6 6.882 7.227 7.438 7.645 7.727 7.655 7.557 7.45 7.327 7.21 7.138 7.128 7.108 7.225 7.392 7.287 7.04 6.903 6.98 7.165 7.34 7.497 7.637 7.752 7.755 7.713 7.728 7.765 7.82 7.862 7.887 7.907 7.913 7.933 8.003 8.09 8.165 8.245 8.335 8.412 8.462 8.487 8.49 8.472 8.445 8.445 8.478 8.528 8.58 8.6 8.598 8.593 8.588 8.583 8.615 8.715 8.825
7.685 7.575 7.372 7.107 6.783 6.57 6.565 6.66 6.8 6.978 7.192 7.28 7.17 6.639 5.323 4.934 5.546 6.215 6.997 7.415 7.672 7.782 7.745 7.637 7.512 7.382 7.262 7.155 7.088 7.135 7.138 7.305 7.427 7.21 7.038 7.07 7.252 7.425 7.59 7.74 7.802 7.735 7.68 7.708 7.763 7.825 7.87 7.897 7.907 7.9 7.908 7.963 8.04 8.108 8.182 8.26 8.325 8.375 8.402 8.42 8.427 8.418 8.43 8.48 8.553 8.615 8.635 8.635 8.635 8.632 8.628 8.628 8.663 8.75
