EGM722_Project_Data/DTM_asc/TL4758.asc
ncols         200
nrows         200
xllcorner     547000.000
yllcorner     258000.000
cellsize      5
NODATA_value  -9999.0
[rows 0 to 34 of 200, columns 0 to 78 of 200]
6.942 6.063 6.218 7.017 6.9 6.825 6.858 6.975 7.093 7.207 7.25 7.215 7.175 7.137 7.097 7.053 7.015 6.982 6.957 6.932 6.895 6.853 6.848 6.89 6.932 6.962 6.95 6.9 6.865 6.857 6.802 6.698 6.61 6.543 6.528 6.547 6.555 6.54 6.51 6.48 6.458 6.44 6.44 6.475 6.515 6.537 6.553 6.568 6.61 6.335 5.976 6.233 6.57 6.602 6.618 6.642 6.66 6.675 6.695 6.73 6.798 6.912 6.965 6.938 7.033 7.215 7.27 7.235 7.235 7.27 7.325 7.393 7.485 7.617 7.68 7.655 7.65 7.67 7.697
6.685 6.153 6.618 7.075 6.94 6.868 6.93 7.048 7.163 7.277 7.317 7.282 7.245 7.207 7.167 7.125 7.087 7.052 7.017 6.977 6.935 6.895 6.898 6.948 6.997 7.032 7.02 6.97 6.92 6.88 6.817 6.73 6.65 6.578 6.555 6.57 6.577 6.567 6.542 6.515 6.487 6.465 6.475 6.522 6.572 6.612 6.635 6.65 6.665 6.662 6.308 5.918 6.185 6.592 6.697 6.715 6.732 6.747 6.765 6.783 6.798 6.845 6.935 6.975 6.96 7.083 7.277 7.32 7.27 7.245 7.295 7.41 7.553 7.702 7.757 7.72 7.687 7.675 7.687
6.273 6.223 7.064 6.977 6.848 6.893 7.017 7.133 7.247 7.332 7.342 7.307 7.27 7.232 7.192 7.15 7.11 7.07 7.025 6.98 6.945 6.933 6.96 7.01 7.06 7.095 7.077 7.025 6.972 6.915 6.84 6.752 6.67 6.608 6.58 6.58 6.59 6.582 6.56 6.537 6.512 6.49 6.505 6.555 6.605 6.655 6.687 6.705 6.725 6.745 6.707 6.285 5.876 6.183 6.62 6.735 6.772 6.805 6.832 6.855 6.87 6.885 6.913 6.97 6.995 6.993 7.155 7.357 7.387 7.34 7.39 7.537 7.655 7.735 7.752 7.72 7.685 7.65 7.647
6.191 6.46 7.09 6.818 6.778 6.955 7.112 7.227 7.315 7.345 7.327 7.29 7.253 7.22 7.18 7.133 7.09 7.05 7.005 6.968 6.96 6.985 7.03 7.08 7.122 7.145 7.12 7.063 7.007 6.947 6.862 6.763 6.685 6.643 6.618 6.6 6.598 6.595 6.58 6.555 6.533 6.515 6.528 6.578 6.627 6.675 6.71 6.73 6.755 6.78 6.787 6.697 6.26 5.871 6.163 6.6 6.73 6.78 6.827 6.867 6.9 6.932 6.967 6.992 7.027 7.03 7.04 7.225 7.425 7.49 7.547 7.627 7.672 7.687 7.68 7.65 7.615 7.583 7.583
6.33 6.98 6.957 6.778 6.85 7.045 7.205 7.297 7.33 7.33 7.31 7.273 7.238 7.205 7.165 7.118 7.073 7.03 6.993 6.985 7.015 7.055 7.097 7.137 7.165 7.18 7.157 7.1 7.042 6.977 6.887 6.788 6.715 6.677 6.657 6.637 6.618 6.61 6.597 6.575 6.56 6.545 6.555 6.602 6.65 6.695 6.73 6.752 6.77 6.77 6.742 6.715 6.665 6.275 5.883 6.165 6.597 6.71 6.748 6.8 6.85 6.902 6.955 6.997 7.03 7.062 7.067 7.085 7.272 7.492 7.567 7.587 7.6 7.612 7.607 7.577 7.54 7.513 7.52
6.453 7.144 6.865 6.79 6.945 7.137 7.275 7.32 7.323 7.318 7.298 7.263 7.225 7.19 7.153 7.113 7.073 7.033 7.013 7.033 7.075 7.117 7.155 7.18 7.2 7.215 7.195 7.14 7.08 7.01 6.92 6.823 6.74 6.698 6.682 6.667 6.647 6.632 6.618 6.6 6.59 6.575 6.583 6.625 6.67 6.712 6.732 6.73 6.717 6.687 6.648 6.625 6.665 6.667 6.295 5.911 6.203 6.62 6.69 6.713 6.765 6.817 6.87 6.92 6.972 7.025 7.075 7.05 7.073 7.3 7.492 7.532 7.54 7.547 7.537 7.505 7.465 7.443 7.478
6.825 7.032 6.828 6.848 7.03 7.22 7.322 7.33 7.33 7.328 7.307 7.27 7.23 7.193 7.17 7.153 7.123 7.088 7.068 7.083 7.12 7.162 7.195 7.217 7.24 7.255 7.232 7.177 7.12 7.055 6.962 6.858 6.765 6.713 6.695 6.68 6.665 6.653 6.642 6.63 6.617 6.603 6.6 6.625 6.667 6.707 6.687 6.632 6.597 6.565 6.548 6.553 6.588 6.655 6.67 6.312 5.946 6.25 6.64 6.673 6.68 6.73 6.783 6.835 6.887 6.94 6.99 7.01 7.015 7.098 7.32 7.48 7.495 7.49 7.463 7.433 7.413 7.41 7.468
7.119 6.945 6.843 6.938 7.1 7.28 7.365 7.358 7.355 7.352 7.33 7.29 7.25 7.21 7.2 7.212 7.202 7.172 7.143 7.135 7.16 7.2 7.23 7.252 7.275 7.292 7.27 7.215 7.162 7.105 7.015 6.9 6.795 6.73 6.708 6.693 6.68 6.673 6.665 6.655 6.643 6.63 6.62 6.618 6.643 6.68 6.61 6.508 6.475 6.445 6.468 6.515 6.54 6.58 6.647 6.67 6.33 5.986 6.303 6.667 6.663 6.653 6.698 6.75 6.8 6.853 6.905 6.91 6.935 7.047 7.153 7.32 7.455 7.453 7.435 7.425 7.43 7.445 7.49
7.135 6.88 6.845 7.015 7.177 7.332 7.405 7.392 7.385 7.377 7.35 7.31 7.27 7.23 7.22 7.245 7.262 7.252 7.225 7.203 7.208 7.237 7.265 7.285 7.307 7.33 7.312 7.257 7.205 7.152 7.075 6.96 6.838 6.755 6.723 6.71 6.703 6.697 6.69 6.68 6.67 6.66 6.647 6.633 6.633 6.652 6.543 6.395 6.355 6.37 6.438 6.493 6.532 6.545 6.543 6.617 6.685 6.362 6.026 6.353 6.697 6.668 6.635 6.663 6.715 6.767 6.82 6.807 6.773 6.958 7.17 7.133 7.27 7.48 7.488 7.493 7.5 7.518 7.548
7.125 6.853 6.825 7.038 7.232 7.38 7.435 7.422 7.412 7.4 7.37 7.33 7.287 7.245 7.238 7.265 7.295 7.31 7.3 7.28 7.267 7.275 7.292 7.307 7.325 7.327 7.305 7.275 7.24 7.195 7.135 7.035 6.903 6.79 6.74 6.733 6.728 6.723 6.715 6.705 6.695 6.685 6.675 6.662 6.65 6.64 6.507 6.315 6.29 6.378 6.463 6.522 6.545 6.512 6.453 6.473 6.61 6.712 6.392 6.061 6.4 6.735 6.68 6.618 6.63 6.68 6.725 6.708 6.703 6.845 7.137 7.237 7.098 7.298 7.56 7.567 7.573 7.59 7.622
7.157 6.92 6.898 7.112 7.29 7.395 7.425 7.415 7.407 7.395 7.365 7.327 7.287 7.253 7.245 7.262 7.29 7.315 7.317 7.3 7.285 7.285 7.295 7.305 7.305 7.27 7.23 7.22 7.212 7.192 7.167 7.1 6.97 6.833 6.77 6.768 6.762 6.752 6.738 6.725 6.715 6.705 6.7 6.692 6.68 6.647 6.515 6.313 6.315 6.455 6.53 6.56 6.522 6.457 6.393 6.348 6.413 6.592 6.727 6.425 6.098 6.447 6.775 6.693 6.6 6.598 6.625 6.64 6.71 6.845 7.048 7.35 7.347 7.175 7.408 7.64 7.648 7.663 7.695
7.18 7.035 7.048 7.212 7.315 7.372 7.39 7.38 7.372 7.362 7.335 7.3 7.275 7.265 7.253 7.243 7.258 7.28 7.28 7.265 7.26 7.265 7.275 7.277 7.25 7.193 7.143 7.125 7.125 7.125 7.122 7.095 7.007 6.88 6.813 6.807 6.797 6.782 6.765 6.748 6.735 6.725 6.72 6.715 6.7 6.655 6.553 6.448 6.468 6.557 6.577 6.532 6.468 6.403 6.338 6.278 6.255 6.363 6.605 6.772 6.455 6.101 6.465 6.812 6.708 6.6 6.57 6.615 6.71 6.815 7.005 7.28 7.572 7.542 7.34 7.518 7.72 7.735 7.765
7.17 7.093 7.12 7.21 7.275 7.335 7.355 7.348 7.34 7.33 7.308 7.283 7.28 7.287 7.272 7.245 7.235 7.243 7.243 7.238 7.243 7.247 7.25 7.23 7.175 7.11 7.058 7.033 7.03 7.03 7.025 7.012 6.98 6.907 6.853 6.84 6.825 6.808 6.792 6.775 6.758 6.745 6.737 6.725 6.702 6.655 6.6 6.602 6.63 6.622 6.58 6.518 6.458 6.4 6.34 6.285 6.228 6.275 6.475 6.73 6.857 6.463 6.078 6.485 6.85 6.733 6.628 6.625 6.675 6.738 6.93 7.233 7.515 7.775 7.672 7.45 7.625 7.807 7.837
7.14 7.095 7.13 7.188 7.245 7.3 7.323 7.318 7.313 7.305 7.29 7.285 7.297 7.307 7.292 7.26 7.233 7.218 7.215 7.22 7.228 7.232 7.212 7.16 7.095 7.03 6.97 6.938 6.935 6.93 6.92 6.908 6.91 6.908 6.885 6.868 6.852 6.835 6.817 6.8 6.783 6.77 6.755 6.73 6.705 6.67 6.655 6.682 6.707 6.68 6.618 6.563 6.508 6.455 6.402 6.347 6.28 6.3 6.468 6.688 6.892 6.967 6.47 6.071 6.545 6.89 6.77 6.703 6.715 6.743 6.918 7.22 7.467 7.685 7.827 7.632 7.503 7.725 7.832
7.103 7.083 7.142 7.195 7.243 7.285 7.315 7.32 7.315 7.31 7.293 7.283 7.29 7.3 7.287 7.252 7.223 7.205 7.205 7.215 7.22 7.215 7.167 7.09 7.018 6.95 6.885 6.848 6.84 6.835 6.85 6.883 6.915 6.927 6.915 6.898 6.882 6.862 6.84 6.823 6.808 6.8 6.795 6.778 6.753 6.725 6.723 6.75 6.78 6.76 6.69 6.628 6.573 6.518 6.465 6.405 6.328 6.33 6.48 6.675 6.835 7.005 7.019 6.458 6.111 6.615 6.927 6.843 6.83 6.83 6.975 7.237 7.41 7.587 7.72 7.73 7.55 7.5 7.672
7.068 7.083 7.157 7.207 7.247 7.277 7.312 7.34 7.345 7.34 7.312 7.278 7.268 7.275 7.262 7.23 7.21 7.205 7.208 7.215 7.215 7.19 7.127 7.043 6.96 6.885 6.813 6.78 6.798 6.835 6.895 6.955 6.977 6.965 6.947 6.93 6.91 6.885 6.86 6.845 6.838 6.84 6.85 6.852 6.837 6.81 6.803 6.823 6.85 6.842 6.775 6.698 6.638 6.582 6.525 6.455 6.375 6.363 6.495 6.657 6.75 6.878 7.06 7.029 6.448 6.156 6.682 6.987 6.945 6.923 7.033 7.235 7.343 7.495 7.62 7.67 7.647 7.43 7.405
7.043 7.098 7.17 7.21 7.237 7.263 7.298 7.34 7.367 7.367 7.337 7.293 7.258 7.25 7.237 7.215 7.21 7.21 7.21 7.21 7.197 7.157 7.09 7.008 6.925 6.848 6.773 6.763 6.845 6.94 7.002 7.025 7.015 6.995 6.977 6.957 6.932 6.905 6.883 6.875 6.88 6.89 6.9 6.91 6.912 6.895 6.885 6.9 6.92 6.927 6.875 6.78 6.705 6.647 6.582 6.505 6.425 6.398 6.507 6.635 6.688 6.77 6.92 7.097 7.032 6.433 6.196 6.742 7.067 7.013 7.068 7.205 7.285 7.412 7.52 7.555 7.635 7.585 7.305
7.02 7.11 7.172 7.2 7.223 7.248 7.28 7.325 7.37 7.387 7.362 7.315 7.267 7.235 7.217 7.21 7.21 7.21 7.21 7.197 7.17 7.123 7.053 6.978 6.905 6.838 6.775 6.775 6.893 7.03 7.08 7.07 7.05 7.028 7.005 6.983 6.955 6.925 6.91 6.915 6.925 6.935 6.945 6.955 6.965 6.965 6.965 6.98 6.995 7.01 6.975 6.877 6.783 6.708 6.635 6.555 6.473 6.428 6.5 6.595 6.648 6.72 6.83 6.97 7.127 7.03 6.418 6.236 6.81 7.11 7.103 7.16 7.235 7.338 7.42 7.455 7.503 7.622 7.535
7.028 7.117 7.165 7.183 7.207 7.233 7.258 7.285 7.325 7.355 7.337 7.29 7.247 7.21 7.188 7.185 7.185 7.187 7.187 7.167 7.14 7.125 7.09 7.028 6.968 6.913 6.86 6.848 6.958 7.105 7.14 7.115 7.095 7.073 7.048 7.02 6.99 6.963 6.945 6.945 6.955 6.965 6.975 6.985 6.995 7.012 7.03 7.042 7.057 7.075 7.045 6.955 6.86 6.783 6.705 6.613 6.52 6.458 6.488 6.57 6.65 6.743 6.835 6.93 7.05 7.192 7.042 6.408 6.266 6.815 7.14 7.19 7.225 7.29 7.333 7.355 7.39 7.47 7.625
7.06 7.127 7.167 7.173 7.193 7.217 7.235 7.245 7.265 7.28 7.263 7.225 7.19 7.16 7.14 7.135 7.138 7.142 7.14 7.12 7.118 7.155 7.18 7.157 7.11 7.058 7.01 7 7.088 7.197 7.205 7.17 7.148 7.125 7.1 7.07 7.04 7.015 6.99 6.973 6.975 6.985 6.995 7.005 7.023 7.055 7.08 7.09 7.103 7.12 7.09 7.008 6.945 6.897 6.82 6.715 6.615 6.548 6.538 6.6 6.698 6.795 6.885 6.97 7.065 7.17 7.287 7.04 6.373 6.226 6.76 7.187 7.29 7.313 7.333 7.333 7.34 7.36 7.458
7.103 7.15 7.182 7.178 7.183 7.2 7.215 7.225 7.232 7.23 7.21 7.178 7.143 7.11 7.09 7.088 7.093 7.097 7.093 7.088 7.12 7.175 7.225 7.255 7.245 7.202 7.165 7.17 7.23 7.292 7.282 7.235 7.203 7.177 7.15 7.12 7.093 7.067 7.04 7.015 7.003 7.005 7.015 7.033 7.065 7.107 7.132 7.14 7.15 7.162 7.135 7.08 7.055 7.032 6.962 6.87 6.798 6.745 6.705 6.695 6.753 6.848 6.937 7.023 7.108 7.202 7.26 7.215 6.91 6.385 6.203 6.68 7.22 7.382 7.405 7.405 7.385 7.383 7.448
7.155 7.182 7.197 7.19 7.183 7.185 7.195 7.202 7.205 7.202 7.182 7.145 7.108 7.073 7.048 7.045 7.05 7.055 7.063 7.088 7.14 7.195 7.245 7.295 7.33 7.33 7.325 7.342 7.377 7.395 7.365 7.31 7.263 7.232 7.205 7.175 7.147 7.117 7.09 7.068 7.045 7.033 7.043 7.075 7.117 7.162 7.185 7.19 7.2 7.207 7.19 7.165 7.155 7.145 7.107 7.06 7.03 6.997 6.952 6.89 6.863 6.91 6.992 7.075 7.147 7.202 7.17 7.053 6.982 6.857 6.45 6.153 6.588 7.225 7.457 7.49 7.488 7.505 7.542
7.195 7.205 7.205 7.195 7.187 7.175 7.17 7.175 7.175 7.175 7.155 7.118 7.082 7.048 7.02 7.01 7.01 7.015 7.038 7.082 7.14 7.202 7.257 7.305 7.355 7.395 7.42 7.44 7.457 7.447 7.407 7.36 7.312 7.277 7.247 7.212 7.177 7.153 7.142 7.127 7.103 7.08 7.078 7.105 7.15 7.195 7.22 7.23 7.24 7.245 7.227 7.202 7.19 7.182 7.177 7.167 7.152 7.132 7.1 7.052 6.997 6.98 7.022 7.087 7.147 7.167 7.092 6.958 6.833 6.84 6.862 6.5 6.088 6.48 7.22 7.535 7.607 7.6 7.565
7.21 7.21 7.205 7.195 7.18 7.15 7.135 7.142 7.145 7.145 7.127 7.092 7.058 7.028 7.005 6.988 6.978 6.978 7 7.05 7.115 7.2 7.27 7.31 7.353 7.4 7.432 7.445 7.45 7.437 7.405 7.365 7.327 7.295 7.26 7.223 7.193 7.185 7.19 7.185 7.167 7.143 7.125 7.128 7.158 7.2 7.232 7.255 7.27 7.272 7.245 7.205 7.183 7.17 7.168 7.167 7.157 7.142 7.117 7.085 7.05 7.017 7.023 7.063 7.115 7.13 7.047 6.923 6.825 6.763 6.803 6.87 6.54 6.111 6.458 7.22 7.617 7.65 7.57
7.21 7.21 7.205 7.19 7.152 7.108 7.095 7.107 7.115 7.117 7.102 7.068 7.035 7.01 6.99 6.97 6.953 6.943 6.96 7.018 7.103 7.21 7.287 7.32 7.353 7.392 7.422 7.43 7.43 7.422 7.395 7.358 7.325 7.295 7.263 7.235 7.223 7.225 7.23 7.23 7.225 7.207 7.188 7.175 7.178 7.203 7.238 7.27 7.295 7.3 7.27 7.223 7.183 7.16 7.155 7.158 7.155 7.145 7.122 7.088 7.053 7.023 7.02 7.045 7.085 7.09 7.013 6.915 6.845 6.788 6.755 6.79 6.915 6.695 6.231 6.451 7.195 7.597 7.595
7.21 7.207 7.202 7.175 7.115 7.065 7.055 7.07 7.083 7.09 7.077 7.045 7.015 6.99 6.97 6.95 6.93 6.913 6.93 7.008 7.115 7.227 7.3 7.33 7.36 7.392 7.412 7.415 7.413 7.408 7.387 7.355 7.328 7.3 7.275 7.263 7.26 7.265 7.27 7.27 7.27 7.265 7.255 7.245 7.235 7.238 7.26 7.288 7.313 7.323 7.298 7.25 7.2 7.165 7.155 7.158 7.163 7.152 7.125 7.09 7.055 7.025 7.02 7.04 7.065 7.062 7.005 6.935 6.875 6.815 6.775 6.765 6.815 6.99 6.812 6.306 6.431 7.145 7.555
7.175 7.173 7.197 7.198 7.14 7.098 7.085 7.085 7.083 7.078 7.058 7.025 6.998 6.973 6.95 6.93 6.918 6.91 6.928 7.01 7.125 7.232 7.3 7.332 7.365 7.392 7.41 7.415 7.413 7.407 7.39 7.363 7.338 7.315 7.3 7.298 7.3 7.302 7.305 7.305 7.305 7.335 7.363 7.355 7.345 7.338 7.345 7.365 7.383 7.38 7.348 7.3 7.253 7.213 7.198 7.205 7.2 7.165 7.123 7.087 7.055 7.033 7.035 7.055 7.072 7.065 7.022 6.965 6.905 6.845 6.8 6.783 6.783 6.843 7.015 6.85 6.376 6.376 7.01
7.1 7.12 7.203 7.27 7.255 7.228 7.21 7.19 7.17 7.15 7.12 7.078 7.035 6.993 6.958 6.943 6.943 6.943 6.943 7.005 7.122 7.222 7.28 7.315 7.357 7.39 7.41 7.422 7.423 7.415 7.4 7.378 7.36 7.353 7.34 7.33 7.33 7.332 7.335 7.335 7.365 7.452 7.507 7.497 7.483 7.47 7.475 7.492 7.492 7.465 7.422 7.375 7.328 7.288 7.275 7.27 7.227 7.165 7.118 7.083 7.058 7.053 7.065 7.082 7.087 7.072 7.037 6.99 6.932 6.87 6.828 6.81 6.8 6.805 6.885 7.037 6.927 6.455 6.298
7.015 7.225 7.5 7.585 7.558 7.49 7.415 7.348 7.31 7.29 7.265 7.218 7.158 7.103 7.03 6.99 6.995 6.987 6.968 7.005 7.115 7.205 7.25 7.295 7.355 7.395 7.415 7.432 7.44 7.433 7.42 7.405 7.4 7.405 7.392 7.373 7.36 7.358 7.36 7.388 7.478 7.597 7.652 7.64 7.617 7.6 7.602 7.602 7.577 7.54 7.497 7.45 7.4 7.362 7.337 7.295 7.227 7.158 7.11 7.085 7.075 7.08 7.095 7.102 7.09 7.07 7.04 7 6.952 6.895 6.858 6.85 6.85 6.853 6.913 7.035 7.13 7.007 6.568
7.643 7.985 8.227 8.24 8.185 8.093 7.97 7.85 7.755 7.67 7.583 7.463 7.343 7.275 7.2 7.098 7.043 7.027 7 7.018 7.105 7.182 7.23 7.298 7.367 7.405 7.425 7.448 7.472 7.48 7.468 7.458 7.457 7.452 7.443 7.427 7.405 7.39 7.41 7.493 7.61 7.722 7.77 7.757 7.737 7.72 7.71 7.685 7.65 7.615 7.57 7.52 7.47 7.425 7.368 7.295 7.223 7.153 7.11 7.103 7.105 7.11 7.115 7.108 7.093 7.075 7.045 7.005 6.965 6.923 6.903 6.912 6.927 6.947 6.982 7.02 7.015 6.985 6.992
8.57 8.815 8.837 8.812 8.787 8.745 8.68 8.605 8.492 8.34 8.177 7.975 7.763 7.598 7.45 7.29 7.143 7.065 7.035 7.033 7.09 7.163 7.233 7.32 7.385 7.415 7.435 7.463 7.5 7.53 7.53 7.52 7.475 7.463 7.497 7.487 7.463 7.44 7.473 7.57 7.68 7.78 7.817 7.805 7.795 7.795 7.782 7.745 7.71 7.675 7.63 7.58 7.532 7.485 7.42 7.338 7.253 7.168 7.12 7.117 7.122 7.127 7.127 7.12 7.108 7.092 7.065 7.025 6.988 6.96 6.953 6.962 6.98 7.005 7.002 6.963 6.92 6.885 6.91
8.909 9.019 9.01 8.997 8.982 8.965 8.95 8.932 8.88 8.797 8.705 8.597 8.43 8.2 7.955 7.74 7.528 7.333 7.19 7.083 7.085 7.165 7.253 7.345 7.402 7.425 7.448 7.478 7.515 7.555 7.577 7.502 7.388 7.458 7.56 7.547 7.525 7.5 7.523 7.595 7.69 7.787 7.822 7.813 7.818 7.84 7.835 7.795 7.76 7.725 7.68 7.633 7.59 7.55 7.505 7.43 7.332 7.218 7.14 7.125 7.123 7.125 7.132 7.142 7.135 7.12 7.095 7.055 7.025 7.01 7 6.995 7.005 7.027 7.02 6.98 6.945 6.918 6.923
7.938 8.18 8.472 8.527 8.59 8.657 8.757 8.872 8.915 8.907 8.89 8.867 8.805 8.702 8.602 8.45 8.225 7.972 7.703 7.443 7.278 7.23 7.275 7.362 7.415 7.438 7.463 7.493 7.53 7.567 7.555 7.375 7.298 7.497 7.615 7.6 7.582 7.56 7.58 7.64 7.713 7.795 7.832 7.838 7.863 7.892 7.887 7.85 7.812 7.775 7.732 7.69 7.65 7.612 7.577 7.52 7.417 7.275 7.178 7.148 7.128 7.12 7.13 7.15 7.157 7.15 7.125 7.093 7.075 7.063 7.05 7.04 7.038 7.05 7.04 7.008 6.985 6.968 6.983
6.871 7.08 7.378 7.45 7.575 7.73 7.915 8.147 8.34 8.492 8.662 8.81 8.845 8.817 8.835 8.832 8.757 8.627 8.39 8.07 7.768 7.545 7.428 7.403 7.428 7.453 7.478 7.51 7.547 7.56 7.498 7.405 7.448 7.6 7.667 7.653 7.638 7.623 7.643 7.7 7.76 7.82 7.857 7.88 7.912 7.942 7.937 7.9 7.86 7.817 7.772 7.727 7.682 7.64 7.597 7.55 7.457 7.315 7.22 7.185 7.155 7.133 7.133 7.15 7.165 7.172 7.16 7.14 7.13 7.115 7.1 7.09 7.08 7.077 7.067 7.048 7.033 7.025 7.053
6.89 6.868 6.878 6.92 6.993 7.063 7.12 7.193 7.305 7.485 7.775 8.127 8.397 8.592 8.765 8.862 8.9 8.905 8.8 8.61 8.367 8.102 7.858 7.655 7.523 7.473 7.493 7.522 7.537 7.51 7.493 7.567 7.652 7.69 7.715 7.71 7.695 7.688 7.71 7.765 7.812 7.835 7.857 7.89 7.92 7.95 7.947 7.91 7.865 7.812 7.75 7.687 7.635 7.585 7.535 7.492 7.43 7.315 7.238 7.217 7.19 7.158 7.143 7.153 7.168 7.182 7.18 7.165 7.152 7.137 7.13 7.127 7.12 7.11 7.1 7.087 7.075 7.118 7.215
