EGM722_Project_Data/DTM_asc/TL4757.asc
ncols         200
nrows         200
xllcorner     547000.000
yllcorner     257000.000
cellsize      5
NODATA_value  -9999.0
[rows 136 to 169 of 200, columns 75 to 149 of 200]
8.41 8.44 8.47 8.5 8.52 8.527 8.525 8.492 8.423 8.375 8.395 8.455 8.522 8.575 8.61 8.63 8.61 8.568 8.54 8.528 8.535 8.558 8.583 8.607 8.597 8.542 8.493 8.483 8.498 8.518 8.545 8.573 8.6 8.622 8.627 8.618 8.605 8.603 8.613 8.662 8.737 8.797 8.827 8.812 8.762 8.697 8.63 8.595 8.623 8.685 8.79 8.867 8.77 8.578 8.498 8.552 8.645 8.735 8.825 8.928 9.05 9.182 9.315 9.395 9.037 7.973 7.255 7.23 7.23 7.23 7.23 7.23 7.23 7.23 7.23
8.4 8.43 8.46 8.49 8.52 8.547 8.565 8.54 8.465 8.39 8.38 8.435 8.505 8.57 8.617 8.63 8.605 8.575 8.555 8.533 8.528 8.545 8.565 8.587 8.57 8.505 8.458 8.45 8.465 8.483 8.503 8.525 8.55 8.577 8.597 8.607 8.613 8.62 8.63 8.66 8.732 8.825 8.875 8.852 8.8 8.745 8.68 8.628 8.643 8.723 8.832 8.857 8.735 8.58 8.465 8.453 8.53 8.62 8.713 8.82 8.945 9.078 9.212 9.345 9.397 8.72 7.643 7.23 7.23 7.23 7.23 7.23 7.23 7.23 7.23
8.385 8.403 8.428 8.455 8.485 8.515 8.545 8.557 8.51 8.425 8.39 8.425 8.49 8.557 8.615 8.632 8.61 8.585 8.562 8.538 8.523 8.53 8.55 8.57 8.545 8.48 8.443 8.433 8.438 8.45 8.465 8.485 8.51 8.535 8.553 8.595 8.637 8.65 8.66 8.668 8.705 8.785 8.84 8.832 8.795 8.752 8.702 8.653 8.665 8.75 8.852 8.862 8.75 8.613 8.478 8.413 8.455 8.54 8.635 8.743 8.86 8.98 9.108 9.245 9.375 9.287 8.412 7.458 7.23 7.23 7.23 7.23 7.23 7.23 7.23
8.39 8.388 8.395 8.408 8.43 8.46 8.49 8.532 8.54 8.48 8.435 8.443 8.485 8.548 8.605 8.627 8.615 8.592 8.567 8.543 8.523 8.518 8.528 8.545 8.522 8.473 8.453 8.44 8.428 8.425 8.435 8.455 8.475 8.49 8.498 8.555 8.642 8.68 8.69 8.69 8.693 8.745 8.8 8.795 8.762 8.725 8.685 8.653 8.66 8.727 8.822 8.842 8.765 8.652 8.52 8.44 8.445 8.498 8.583 8.685 8.797 8.9 9.003 9.133 9.275 9.405 9.137 8.063 7.273 7.23 7.23 7.23 7.23 7.23 7.23
8.423 8.41 8.403 8.4 8.405 8.415 8.435 8.478 8.527 8.525 8.498 8.493 8.503 8.548 8.597 8.612 8.605 8.59 8.57 8.548 8.528 8.515 8.51 8.52 8.503 8.47 8.465 8.455 8.437 8.422 8.415 8.42 8.428 8.435 8.443 8.5 8.61 8.692 8.725 8.722 8.705 8.723 8.76 8.755 8.727 8.695 8.663 8.645 8.64 8.68 8.765 8.782 8.727 8.655 8.557 8.5 8.488 8.493 8.54 8.628 8.727 8.81 8.893 9.013 9.157 9.302 9.422 8.82 7.7 7.23 7.23 7.23 7.23 7.23 7.23
8.458 8.44 8.43 8.423 8.415 8.408 8.41 8.433 8.493 8.545 8.555 8.552 8.55 8.565 8.59 8.595 8.585 8.578 8.567 8.55 8.533 8.518 8.505 8.505 8.495 8.48 8.477 8.465 8.44 8.407 8.395 8.398 8.393 8.39 8.39 8.445 8.555 8.665 8.742 8.755 8.735 8.728 8.73 8.718 8.695 8.672 8.655 8.645 8.635 8.645 8.705 8.72 8.663 8.607 8.555 8.527 8.52 8.512 8.523 8.573 8.643 8.708 8.78 8.89 9.033 9.18 9.327 9.307 8.54 7.548 7.23 7.23 7.23 7.23 7.23
8.49 8.468 8.458 8.45 8.44 8.433 8.425 8.438 8.498 8.562 8.587 8.592 8.595 8.595 8.595 8.59 8.58 8.573 8.565 8.55 8.538 8.528 8.515 8.508 8.487 8.467 8.46 8.437 8.395 8.365 8.38 8.397 8.388 8.375 8.368 8.413 8.515 8.63 8.73 8.767 8.755 8.737 8.72 8.703 8.672 8.635 8.622 8.627 8.63 8.628 8.657 8.66 8.603 8.553 8.515 8.5 8.5 8.5 8.5 8.528 8.585 8.65 8.73 8.81 8.918 9.063 9.21 9.36 9.224 8.44 7.585 7.268 7.23 7.23 7.23
8.525 8.498 8.483 8.475 8.467 8.46 8.45 8.473 8.53 8.577 8.605 8.617 8.62 8.62 8.617 8.608 8.595 8.585 8.57 8.553 8.55 8.55 8.54 8.522 8.465 8.413 8.397 8.368 8.333 8.34 8.38 8.4 8.392 8.38 8.378 8.41 8.498 8.61 8.697 8.745 8.755 8.74 8.722 8.7 8.647 8.575 8.548 8.567 8.587 8.597 8.618 8.608 8.555 8.51 8.473 8.458 8.46 8.462 8.465 8.495 8.563 8.648 8.747 8.793 8.835 8.958 9.103 9.255 9.412 9.254 8.382 7.488 7.23 7.23 7.23
8.562 8.535 8.513 8.5 8.492 8.485 8.475 8.498 8.545 8.582 8.617 8.637 8.64 8.64 8.64 8.632 8.617 8.6 8.575 8.558 8.563 8.572 8.57 8.54 8.455 8.365 8.325 8.303 8.303 8.338 8.38 8.4 8.395 8.388 8.39 8.41 8.483 8.582 8.65 8.697 8.732 8.74 8.725 8.682 8.61 8.525 8.475 8.483 8.508 8.55 8.61 8.607 8.54 8.478 8.43 8.415 8.42 8.425 8.433 8.475 8.565 8.673 8.775 8.805 8.798 8.865 8.998 9.158 9.327 9.455 9.142 8.128 7.35 7.23 7.23
8.592 8.565 8.537 8.52 8.51 8.5 8.495 8.515 8.552 8.587 8.622 8.652 8.665 8.662 8.66 8.65 8.627 8.6 8.57 8.56 8.57 8.585 8.597 8.56 8.46 8.345 8.273 8.263 8.295 8.34 8.382 8.402 8.395 8.393 8.4 8.413 8.465 8.54 8.595 8.643 8.69 8.727 8.715 8.65 8.57 8.485 8.415 8.415 8.473 8.553 8.645 8.655 8.57 8.478 8.408 8.385 8.393 8.398 8.408 8.47 8.585 8.705 8.805 8.83 8.802 8.805 8.898 9.065 9.242 9.377 9.447 8.955 7.843 7.238 7.23
8.56 8.535 8.512 8.495 8.485 8.477 8.49 8.522 8.555 8.59 8.625 8.657 8.677 8.675 8.66 8.632 8.602 8.575 8.553 8.555 8.57 8.585 8.602 8.58 8.497 8.385 8.29 8.263 8.295 8.34 8.385 8.407 8.403 8.405 8.413 8.423 8.46 8.515 8.568 8.62 8.673 8.717 8.702 8.628 8.545 8.46 8.385 8.398 8.488 8.58 8.657 8.657 8.57 8.467 8.393 8.373 8.385 8.39 8.398 8.468 8.592 8.715 8.802 8.812 8.78 8.765 8.825 8.975 9.152 9.295 9.395 9.384 8.7 7.651 7.23
8.483 8.463 8.448 8.435 8.425 8.433 8.47 8.515 8.552 8.587 8.62 8.647 8.665 8.665 8.635 8.588 8.555 8.53 8.52 8.535 8.552 8.567 8.582 8.58 8.54 8.47 8.38 8.323 8.323 8.348 8.387 8.41 8.413 8.42 8.433 8.45 8.483 8.533 8.59 8.645 8.697 8.722 8.69 8.62 8.54 8.455 8.385 8.408 8.5 8.575 8.62 8.605 8.523 8.433 8.375 8.365 8.38 8.388 8.395 8.463 8.585 8.687 8.742 8.737 8.718 8.735 8.79 8.898 9.058 9.207 9.315 9.405 9.319 8.55 7.571
8.418 8.4 8.385 8.373 8.375 8.413 8.465 8.507 8.542 8.575 8.602 8.627 8.647 8.642 8.6 8.543 8.503 8.48 8.48 8.503 8.525 8.543 8.56 8.56 8.535 8.502 8.455 8.415 8.395 8.388 8.4 8.415 8.428 8.443 8.465 8.493 8.525 8.573 8.628 8.682 8.72 8.715 8.67 8.605 8.532 8.453 8.388 8.413 8.49 8.532 8.557 8.547 8.483 8.413 8.368 8.358 8.372 8.385 8.395 8.458 8.562 8.627 8.655 8.663 8.678 8.72 8.775 8.853 8.978 9.122 9.235 9.328 9.42 9.259 8.467
8.373 8.358 8.345 8.34 8.368 8.423 8.468 8.5 8.528 8.555 8.58 8.605 8.63 8.615 8.56 8.5 8.453 8.438 8.45 8.473 8.498 8.52 8.54 8.545 8.533 8.515 8.5 8.485 8.465 8.447 8.435 8.44 8.46 8.48 8.505 8.535 8.57 8.615 8.665 8.712 8.722 8.695 8.652 8.59 8.517 8.443 8.388 8.4 8.443 8.468 8.493 8.495 8.455 8.4 8.36 8.353 8.368 8.383 8.395 8.445 8.512 8.555 8.595 8.628 8.665 8.715 8.768 8.835 8.928 9.048 9.16 9.252 9.345 9.435 9.254
8.383 8.373 8.37 8.38 8.418 8.467 8.482 8.495 8.528 8.553 8.578 8.603 8.617 8.592 8.533 8.468 8.425 8.428 8.45 8.47 8.495 8.52 8.54 8.558 8.565 8.56 8.552 8.537 8.515 8.497 8.483 8.485 8.505 8.525 8.55 8.58 8.615 8.658 8.705 8.73 8.71 8.675 8.635 8.575 8.503 8.43 8.38 8.385 8.418 8.443 8.468 8.48 8.452 8.398 8.358 8.355 8.37 8.385 8.4 8.433 8.478 8.525 8.59 8.64 8.675 8.718 8.765 8.835 8.923 9.01 9.09 9.168 9.255 9.345 9.435
8.435 8.438 8.445 8.46 8.495 8.512 8.485 8.49 8.535 8.567 8.592 8.615 8.615 8.582 8.527 8.468 8.443 8.455 8.473 8.49 8.515 8.54 8.56 8.587 8.612 8.615 8.607 8.59 8.565 8.545 8.528 8.533 8.555 8.575 8.598 8.628 8.665 8.705 8.72 8.697 8.662 8.632 8.602 8.557 8.495 8.425 8.373 8.38 8.427 8.462 8.49 8.502 8.47 8.415 8.38 8.38 8.398 8.41 8.42 8.44 8.48 8.538 8.61 8.665 8.695 8.728 8.768 8.84 8.94 9.017 9.055 9.088 9.155 9.245 9.335
8.505 8.515 8.525 8.54 8.555 8.517 8.463 8.475 8.525 8.57 8.602 8.62 8.607 8.57 8.525 8.493 8.49 8.5 8.51 8.523 8.54 8.56 8.583 8.613 8.645 8.662 8.662 8.645 8.618 8.593 8.573 8.578 8.602 8.625 8.645 8.675 8.715 8.725 8.698 8.648 8.588 8.55 8.533 8.51 8.472 8.42 8.368 8.373 8.427 8.475 8.512 8.525 8.495 8.453 8.425 8.423 8.435 8.442 8.45 8.463 8.495 8.558 8.635 8.69 8.717 8.745 8.778 8.835 8.922 9 9.032 9.043 9.078 9.148 9.235
8.555 8.575 8.592 8.605 8.575 8.49 8.438 8.46 8.51 8.56 8.605 8.62 8.595 8.555 8.518 8.503 8.507 8.52 8.537 8.552 8.57 8.587 8.607 8.635 8.665 8.695 8.712 8.7 8.67 8.643 8.623 8.625 8.65 8.675 8.695 8.722 8.742 8.725 8.705 8.662 8.573 8.505 8.475 8.453 8.428 8.395 8.358 8.368 8.423 8.475 8.522 8.547 8.532 8.5 8.47 8.458 8.462 8.47 8.48 8.49 8.518 8.582 8.662 8.715 8.74 8.765 8.792 8.813 8.858 8.93 8.975 8.995 9.015 9.058 9.135
8.57 8.602 8.627 8.637 8.592 8.498 8.445 8.473 8.525 8.567 8.592 8.6 8.582 8.545 8.51 8.498 8.5 8.51 8.527 8.545 8.567 8.59 8.61 8.635 8.667 8.705 8.737 8.745 8.725 8.698 8.675 8.675 8.698 8.722 8.745 8.762 8.763 8.755 8.755 8.717 8.63 8.555 8.515 8.485 8.455 8.425 8.4 8.405 8.445 8.498 8.55 8.587 8.582 8.55 8.515 8.49 8.485 8.49 8.5 8.51 8.533 8.593 8.672 8.727 8.755 8.78 8.805 8.803 8.8 8.848 8.9 8.925 8.945 8.97 9.033
8.575 8.615 8.645 8.65 8.615 8.542 8.49 8.512 8.55 8.56 8.55 8.55 8.557 8.535 8.503 8.493 8.497 8.503 8.51 8.52 8.535 8.56 8.585 8.61 8.645 8.687 8.732 8.77 8.775 8.75 8.725 8.725 8.745 8.768 8.79 8.8 8.803 8.805 8.805 8.772 8.705 8.65 8.615 8.585 8.555 8.525 8.503 8.5 8.518 8.55 8.595 8.637 8.637 8.602 8.565 8.533 8.513 8.508 8.513 8.52 8.543 8.588 8.657 8.722 8.76 8.79 8.815 8.815 8.785 8.783 8.823 8.855 8.872 8.885 8.933
8.575 8.622 8.66 8.657 8.62 8.567 8.528 8.527 8.527 8.51 8.488 8.485 8.507 8.512 8.497 8.49 8.495 8.5 8.503 8.508 8.515 8.53 8.553 8.58 8.618 8.665 8.715 8.765 8.8 8.8 8.778 8.773 8.793 8.815 8.832 8.84 8.845 8.85 8.852 8.832 8.79 8.752 8.717 8.685 8.655 8.625 8.608 8.61 8.62 8.63 8.65 8.685 8.69 8.655 8.615 8.58 8.555 8.538 8.53 8.535 8.56 8.595 8.645 8.705 8.75 8.79 8.822 8.825 8.79 8.75 8.755 8.785 8.8 8.81 8.84
8.575 8.622 8.655 8.652 8.617 8.572 8.53 8.495 8.468 8.445 8.423 8.418 8.44 8.467 8.485 8.49 8.493 8.498 8.5 8.505 8.51 8.515 8.528 8.553 8.595 8.645 8.695 8.745 8.795 8.83 8.827 8.823 8.84 8.86 8.872 8.877 8.882 8.882 8.882 8.87 8.842 8.82 8.795 8.77 8.75 8.722 8.707 8.715 8.72 8.72 8.72 8.73 8.725 8.695 8.662 8.63 8.605 8.58 8.56 8.558 8.577 8.61 8.642 8.685 8.73 8.775 8.82 8.832 8.8 8.748 8.713 8.713 8.725 8.738 8.755
8.57 8.615 8.627 8.625 8.607 8.565 8.515 8.46 8.413 8.38 8.358 8.35 8.373 8.423 8.47 8.49 8.495 8.5 8.505 8.51 8.515 8.52 8.533 8.563 8.608 8.653 8.698 8.743 8.788 8.832 8.862 8.875 8.88 8.89 8.897 8.897 8.9 8.895 8.89 8.875 8.842 8.815 8.797 8.785 8.772 8.752 8.74 8.74 8.737 8.732 8.73 8.727 8.71 8.682 8.657 8.645 8.635 8.612 8.59 8.575 8.58 8.605 8.63 8.665 8.71 8.755 8.802 8.815 8.782 8.735 8.683 8.66 8.67 8.683 8.695
8.56 8.592 8.58 8.575 8.582 8.555 8.505 8.445 8.385 8.335 8.298 8.283 8.32 8.402 8.462 8.485 8.5 8.51 8.515 8.52 8.525 8.535 8.565 8.607 8.65 8.69 8.73 8.77 8.81 8.842 8.872 8.872 8.847 8.85 8.87 8.89 8.9 8.895 8.89 8.875 8.835 8.79 8.758 8.74 8.727 8.712 8.697 8.685 8.68 8.678 8.683 8.685 8.662 8.63 8.603 8.608 8.632 8.63 8.608 8.588 8.58 8.59 8.61 8.643 8.687 8.732 8.765 8.762 8.732 8.692 8.645 8.625 8.635 8.645 8.655
8.542 8.55 8.523 8.518 8.537 8.535 8.495 8.435 8.375 8.318 8.268 8.245 8.298 8.397 8.455 8.475 8.495 8.512 8.522 8.53 8.538 8.56 8.605 8.65 8.69 8.73 8.765 8.795 8.825 8.847 8.862 8.835 8.773 8.75 8.778 8.822 8.857 8.877 8.887 8.872 8.83 8.78 8.733 8.698 8.68 8.665 8.645 8.63 8.625 8.63 8.645 8.645 8.615 8.58 8.553 8.56 8.602 8.63 8.622 8.605 8.595 8.59 8.595 8.62 8.662 8.702 8.712 8.695 8.672 8.645 8.605 8.585 8.595 8.605 8.618
8.515 8.495 8.465 8.46 8.49 8.517 8.502 8.453 8.398 8.345 8.293 8.268 8.313 8.395 8.445 8.465 8.485 8.505 8.523 8.538 8.558 8.595 8.645 8.687 8.718 8.745 8.77 8.79 8.81 8.83 8.845 8.815 8.738 8.675 8.68 8.735 8.793 8.845 8.885 8.872 8.82 8.77 8.72 8.675 8.645 8.625 8.603 8.583 8.58 8.595 8.612 8.602 8.568 8.535 8.51 8.52 8.563 8.607 8.627 8.62 8.61 8.6 8.593 8.603 8.633 8.657 8.652 8.63 8.608 8.585 8.56 8.55 8.56 8.57 8.583
8.48 8.445 8.425 8.448 8.503 8.532 8.525 8.497 8.455 8.405 8.35 8.328 8.365 8.41 8.442 8.47 8.49 8.51 8.53 8.553 8.585 8.63 8.682 8.727 8.753 8.765 8.778 8.793 8.808 8.82 8.83 8.807 8.75 8.688 8.683 8.745 8.81 8.865 8.9 8.87 8.805 8.755 8.705 8.658 8.638 8.63 8.608 8.58 8.563 8.57 8.585 8.57 8.535 8.505 8.483 8.495 8.54 8.59 8.62 8.625 8.62 8.61 8.6 8.6 8.615 8.62 8.605 8.585 8.563 8.54 8.523 8.52 8.53 8.54 8.553
8.457 8.425 8.44 8.507 8.555 8.557 8.545 8.53 8.505 8.462 8.408 8.393 8.407 8.405 8.43 8.482 8.515 8.535 8.555 8.578 8.613 8.663 8.72 8.772 8.805 8.817 8.825 8.833 8.84 8.84 8.825 8.817 8.805 8.768 8.77 8.827 8.885 8.927 8.93 8.87 8.793 8.735 8.685 8.638 8.64 8.662 8.65 8.617 8.578 8.56 8.565 8.552 8.52 8.49 8.47 8.485 8.53 8.58 8.61 8.62 8.622 8.615 8.605 8.605 8.61 8.597 8.575 8.555 8.535 8.515 8.495 8.49 8.5 8.513 8.53
8.45 8.453 8.515 8.577 8.585 8.573 8.56 8.547 8.532 8.507 8.465 8.442 8.397 8.355 8.395 8.465 8.522 8.56 8.585 8.608 8.645 8.7 8.76 8.817 8.855 8.87 8.88 8.882 8.872 8.847 8.805 8.805 8.842 8.842 8.855 8.902 8.942 8.975 8.955 8.875 8.79 8.72 8.665 8.63 8.65 8.69 8.687 8.652 8.608 8.57 8.553 8.535 8.508 8.483 8.463 8.478 8.525 8.572 8.6 8.607 8.612 8.612 8.605 8.602 8.597 8.575 8.55 8.53 8.508 8.485 8.468 8.465 8.478 8.495 8.515
8.455 8.52 8.597 8.612 8.6 8.587 8.572 8.557 8.542 8.527 8.505 8.45 8.345 8.303 8.358 8.425 8.495 8.555 8.602 8.64 8.683 8.74 8.8 8.86 8.902 8.92 8.927 8.912 8.87 8.818 8.768 8.768 8.825 8.877 8.92 8.96 8.987 9.007 8.97 8.88 8.793 8.71 8.645 8.628 8.665 8.717 8.725 8.687 8.642 8.598 8.558 8.528 8.505 8.485 8.468 8.48 8.523 8.565 8.59 8.595 8.597 8.602 8.602 8.595 8.58 8.558 8.53 8.505 8.482 8.458 8.44 8.445 8.465 8.485 8.505
8.483 8.565 8.625 8.602 8.573 8.545 8.522 8.505 8.49 8.475 8.46 8.385 8.288 8.288 8.348 8.413 8.478 8.54 8.603 8.66 8.715 8.777 8.84 8.9 8.945 8.96 8.96 8.93 8.87 8.81 8.758 8.753 8.805 8.88 8.952 9.002 9.032 9.032 8.975 8.885 8.797 8.71 8.635 8.628 8.677 8.735 8.755 8.722 8.677 8.632 8.585 8.55 8.528 8.508 8.503 8.52 8.555 8.57 8.568 8.572 8.575 8.58 8.592 8.595 8.58 8.562 8.52 8.475 8.455 8.433 8.42 8.433 8.455 8.478 8.5
8.523 8.58 8.62 8.593 8.548 8.5 8.463 8.433 8.403 8.373 8.35 8.305 8.273 8.305 8.363 8.425 8.485 8.545 8.608 8.675 8.74 8.805 8.87 8.93 8.975 8.987 8.98 8.945 8.888 8.833 8.783 8.78 8.83 8.895 8.965 9.03 9.075 9.057 8.98 8.89 8.8 8.71 8.628 8.62 8.677 8.72 8.732 8.727 8.707 8.667 8.623 8.588 8.563 8.553 8.565 8.59 8.617 8.587 8.54 8.538 8.543 8.555 8.583 8.607 8.605 8.582 8.512 8.445 8.428 8.415 8.415 8.43 8.45 8.473 8.495
8.565 8.6 8.622 8.605 8.56 8.513 8.468 8.423 8.378 8.333 8.3 8.285 8.29 8.323 8.375 8.435 8.495 8.56 8.63 8.7 8.765 8.828 8.89 8.945 8.985 9.005 9 8.96 8.908 8.863 8.823 8.83 8.883 8.938 8.995 9.06 9.102 9.067 8.977 8.885 8.79 8.693 8.608 8.6 8.645 8.657 8.658 8.672 8.685 8.677 8.652 8.623 8.608 8.615 8.635 8.657 8.655 8.587 8.518 8.505 8.52 8.548 8.583 8.617 8.63 8.59 8.49 8.418 8.41 8.41 8.418 8.433 8.45 8.47 8.49
8.6 8.625 8.637 8.617 8.57 8.525 8.48 8.435 8.39 8.348 8.318 8.305 8.313 8.338 8.385 8.445 8.51 8.583 8.655 8.725 8.79 8.85 8.907 8.952 8.985 9.012 9.017 8.985 8.94 8.9 8.868 8.883 8.937 8.992 9.042 9.08 9.092 9.05 8.96 8.865 8.77 8.67 8.585 8.565 8.58 8.575 8.573 8.588 8.613 8.638 8.65 8.647 8.652 8.67 8.687 8.702 8.67 8.578 8.498 8.483 8.512 8.55 8.587 8.622 8.64 8.582 8.463 8.4 8.405 8.41 8.42 8.435 8.45 8.47 8.49
