EGM722_Project_Data/DTM_asc/TL4753.asc
ncols         200
nrows         200
xllcorner     547000.000
yllcorner     253000.000
cellsize      5
NODATA_value  -9999.0
[rows 96 to 127 of 200, columns 73 to 145 of 200]
41.715 41.602 41.47 41.31 41.14 40.965 40.777 40.57 40.355 40.15 39.955 39.762 39.57 39.367 39.158 38.96 38.778 38.605 38.435 38.265 38.105 37.96 37.833 37.728 37.63 37.53 37.415 37.267 37.1 36.955 36.835 36.717 36.597 36.475 36.337 36.172 35.998 35.82 35.66 35.598 35.533 35.435 35.433 35.478 35.523 35.57 35.618 35.665 35.712 35.757 35.788 35.82 35.872 35.882 35.845 35.815 35.795 35.772 35.745 35.71 35.667 35.635 35.615 35.618 35.633 35.64 35.65 35.655 35.657 35.638 35.598 35.575 35.565
41.97 41.842 41.695 41.532 41.362 41.172 40.965 40.752 40.537 40.332 40.135 39.937 39.742 39.537 39.327 39.122 38.935 38.765 38.592 38.418 38.248 38.098 37.985 37.897 37.807 37.697 37.55 37.38 37.21 37.065 36.945 36.83 36.71 36.572 36.41 36.23 36.055 35.88 35.7 35.578 35.52 35.518 35.563 35.61 35.658 35.705 35.753 35.8 35.848 35.895 35.938 35.985 36.042 36.065 36.047 36.022 36.002 35.987 35.967 35.94 35.907 35.88 35.86 35.84 35.828 35.825 35.825 35.823 35.82 35.805 35.785 35.775 35.765
42.16 42.02 41.867 41.712 41.542 41.342 41.127 40.915 40.692 40.47 40.26 40.055 39.855 39.65 39.445 39.24 39.067 38.917 38.747 38.575 38.405 38.24 38.113 38.025 37.942 37.83 37.672 37.5 37.33 37.193 37.08 36.965 36.84 36.678 36.495 36.315 36.14 35.965 35.785 35.63 35.603 35.677 35.735 35.78 35.83 35.88 35.925 35.97 36.02 36.07 36.1 36.133 36.187 36.215 36.205 36.182 36.162 36.15 36.135 36.117 36.105 36.105 36.1 36.08 36.063 36.05 36.043 36.035 36.018 35.998 35.985 35.975 35.965
42.31 42.17 42.015 41.855 41.682 41.482 41.267 41.045 40.805 40.563 40.335 40.125 39.925 39.72 39.515 39.313 39.158 39.04 38.897 38.735 38.563 38.388 38.228 38.115 38.032 37.927 37.79 37.627 37.46 37.335 37.237 37.127 36.992 36.813 36.615 36.43 36.253 36.075 35.903 35.755 35.73 35.817 35.9 35.972 36.04 36.092 36.138 36.185 36.235 36.277 36.278 36.273 36.312 36.335 36.317 36.295 36.275 36.26 36.25 36.245 36.255 36.29 36.322 36.32 36.3 36.285 36.277 36.265 36.235 36.205 36.19 36.18 36.17
42.46 42.32 42.162 41.995 41.82 41.62 41.392 41.15 40.9 40.658 40.425 40.203 39.993 39.787 39.585 39.385 39.228 39.122 39.015 38.88 38.717 38.542 38.368 38.223 38.12 38.012 37.887 37.745 37.59 37.473 37.385 37.285 37.147 36.96 36.753 36.553 36.368 36.193 36.035 35.905 35.86 35.92 36.013 36.11 36.2 36.275 36.345 36.405 36.452 36.477 36.46 36.43 36.443 36.455 36.432 36.408 36.385 36.37 36.365 36.375 36.4 36.443 36.497 36.535 36.537 36.522 36.505 36.48 36.445 36.413 36.395 36.385 36.378
42.595 42.465 42.3 42.13 41.952 41.742 41.497 41.245 40.995 40.755 40.522 40.29 40.065 39.855 39.658 39.46 39.298 39.19 39.095 38.987 38.857 38.697 38.525 38.358 38.218 38.095 37.97 37.842 37.705 37.595 37.512 37.422 37.292 37.107 36.9 36.69 36.493 36.343 36.235 36.143 36.07 36.083 36.168 36.255 36.343 36.433 36.522 36.597 36.655 36.67 36.64 36.6 36.585 36.575 36.548 36.523 36.498 36.485 36.495 36.52 36.55 36.59 36.645 36.705 36.745 36.745 36.72 36.69 36.655 36.62 36.6 36.59 36.585
42.692 42.575 42.405 42.232 42.052 41.835 41.582 41.332 41.087 40.847 40.612 40.383 40.165 39.95 39.743 39.548 39.388 39.275 39.175 39.075 38.967 38.825 38.655 38.482 38.32 38.183 38.057 37.92 37.757 37.63 37.55 37.49 37.407 37.245 37.04 36.83 36.625 36.535 36.525 36.472 36.385 36.333 36.375 36.455 36.535 36.62 36.705 36.777 36.83 36.835 36.802 36.765 36.73 36.7 36.67 36.645 36.625 36.63 36.663 36.695 36.725 36.753 36.793 36.85 36.905 36.937 36.93 36.9 36.868 36.838 36.82 36.803 36.795
42.77 42.655 42.485 42.31 42.127 41.91 41.658 41.41 41.17 40.93 40.7 40.49 40.295 40.075 39.845 39.648 39.495 39.38 39.27 39.165 39.06 38.92 38.753 38.585 38.418 38.275 38.142 37.965 37.745 37.59 37.523 37.515 37.502 37.37 37.167 36.96 36.753 36.7 36.772 36.787 36.732 36.625 36.595 36.665 36.745 36.83 36.902 36.947 36.977 36.977 36.95 36.912 36.868 36.83 36.803 36.783 36.77 36.793 36.847 36.89 36.92 36.938 36.953 36.993 37.048 37.097 37.125 37.115 37.083 37.06 37.055 37.038 37.015
42.847 42.735 42.562 42.387 42.202 41.98 41.732 41.49 41.25 41.02 40.81 40.62 40.437 40.215 39.963 39.753 39.608 39.493 39.377 39.265 39.155 39.015 38.85 38.685 38.515 38.362 38.195 37.97 37.723 37.558 37.528 37.575 37.6 37.49 37.29 37.09 36.885 36.825 36.92 37.005 37.035 36.95 36.853 36.875 36.955 37.022 37.062 37.087 37.112 37.12 37.097 37.052 37 36.963 36.943 36.93 36.923 36.948 37.01 37.07 37.112 37.132 37.138 37.153 37.193 37.24 37.285 37.312 37.297 37.283 37.29 37.285 37.258
42.925 42.812 42.635 42.455 42.267 42.047 41.802 41.557 41.325 41.12 40.932 40.75 40.572 40.355 40.09 39.865 39.718 39.6 39.482 39.367 39.247 39.097 38.93 38.765 38.597 38.422 38.207 37.96 37.71 37.563 37.578 37.65 37.697 37.61 37.41 37.215 37.018 36.948 37.025 37.117 37.205 37.197 37.115 37.097 37.14 37.177 37.2 37.223 37.247 37.26 37.237 37.188 37.135 37.103 37.092 37.085 37.078 37.1 37.16 37.232 37.297 37.325 37.33 37.335 37.35 37.385 37.43 37.475 37.497 37.505 37.517 37.525 37.51
42.965 42.825 42.645 42.467 42.297 42.092 41.845 41.605 41.398 41.215 41.035 40.855 40.67 40.445 40.185 39.963 39.81 39.69 39.57 39.45 39.317 39.15 38.972 38.805 38.64 38.447 38.213 37.965 37.715 37.605 37.655 37.725 37.79 37.715 37.497 37.275 37.118 37.075 37.113 37.188 37.275 37.307 37.277 37.27 37.292 37.32 37.345 37.365 37.39 37.402 37.375 37.325 37.275 37.245 37.24 37.235 37.233 37.26 37.323 37.397 37.47 37.505 37.51 37.517 37.525 37.55 37.593 37.635 37.672 37.695 37.71 37.735 37.74
42.94 42.775 42.598 42.443 42.31 42.12 41.875 41.66 41.48 41.305 41.125 40.937 40.735 40.497 40.253 40.048 39.89 39.768 39.647 39.515 39.367 39.19 39 38.825 38.657 38.46 38.227 37.985 37.75 37.673 37.74 37.792 37.807 37.702 37.48 37.303 37.253 37.245 37.238 37.268 37.335 37.38 37.37 37.385 37.427 37.465 37.495 37.518 37.542 37.547 37.515 37.465 37.415 37.388 37.383 37.383 37.395 37.433 37.498 37.57 37.64 37.675 37.68 37.69 37.703 37.73 37.77 37.805 37.835 37.855 37.875 37.917 37.947
42.89 42.725 42.565 42.44 42.327 42.147 41.925 41.74 41.57 41.395 41.207 41.005 40.79 40.558 40.338 40.145 39.975 39.842 39.715 39.57 39.415 39.235 39.038 38.85 38.67 38.465 38.235 38 37.8 37.752 37.782 37.76 37.697 37.57 37.45 37.43 37.452 37.447 37.423 37.405 37.42 37.453 37.475 37.508 37.55 37.595 37.637 37.67 37.695 37.69 37.652 37.605 37.555 37.53 37.533 37.545 37.568 37.61 37.675 37.745 37.812 37.847 37.855 37.865 37.88 37.91 37.945 37.972 37.998 38.018 38.05 38.105 38.152
42.848 42.69 42.56 42.452 42.345 42.187 42 41.83 41.66 41.477 41.275 41.062 40.842 40.628 40.43 40.24 40.063 39.913 39.77 39.62 39.465 39.282 39.08 38.883 38.685 38.47 38.24 38.01 37.833 37.765 37.72 37.64 37.565 37.513 37.54 37.617 37.657 37.652 37.625 37.595 37.568 37.563 37.59 37.63 37.67 37.715 37.765 37.807 37.837 37.83 37.787 37.74 37.695 37.68 37.697 37.72 37.745 37.79 37.855 37.925 37.99 38.025 38.035 38.045 38.06 38.085 38.11 38.135 38.16 38.188 38.232 38.29 38.347
42.802 42.59 42.435 42.332 42.287 42.215 42.055 41.885 41.702 41.512 41.317 41.107 40.89 40.687 40.5 40.313 40.143 39.99 39.84 39.687 39.517 39.33 39.135 38.935 38.728 38.508 38.28 38.075 37.933 37.84 37.76 37.683 37.628 37.648 37.725 37.805 37.85 37.835 37.795 37.757 37.735 37.733 37.743 37.768 37.805 37.85 37.9 37.947 37.97 37.947 37.902 37.855 37.83 37.84 37.865 37.89 37.923 37.975 38.04 38.107 38.17 38.207 38.22 38.23 38.243 38.265 38.29 38.313 38.335 38.363 38.408 38.462 38.52
42.722 42.435 42.22 42.155 42.22 42.22 42.07 41.882 41.677 41.493 41.327 41.137 40.927 40.728 40.543 40.37 40.223 40.082 39.93 39.755 39.557 39.375 39.2 39.005 38.795 38.573 38.373 38.228 38.125 38.04 37.963 37.898 37.858 37.88 37.95 37.997 38 37.967 37.92 37.895 37.913 37.937 37.938 37.938 37.963 38.005 38.055 38.087 38.08 38.042 37.998 37.968 37.975 38 38.025 38.058 38.108 38.17 38.23 38.292 38.355 38.392 38.407 38.42 38.43 38.453 38.485 38.51 38.53 38.55 38.58 38.625 38.68
42.62 42.355 42.175 42.155 42.237 42.22 42.057 41.847 41.635 41.458 41.31 41.147 40.957 40.76 40.588 40.443 40.312 40.175 40.002 39.795 39.585 39.41 39.252 39.072 38.865 38.67 38.53 38.425 38.328 38.24 38.175 38.13 38.095 38.11 38.15 38.145 38.112 38.078 38.058 38.078 38.122 38.147 38.14 38.125 38.13 38.165 38.2 38.197 38.173 38.138 38.105 38.108 38.135 38.16 38.193 38.243 38.305 38.37 38.425 38.483 38.545 38.58 38.592 38.605 38.615 38.635 38.67 38.705 38.732 38.752 38.77 38.798 38.843
42.61 42.403 42.285 42.285 42.302 42.207 42.01 41.795 41.593 41.425 41.28 41.13 40.97 40.802 40.652 40.517 40.385 40.23 40.032 39.817 39.613 39.44 39.287 39.125 38.96 38.83 38.73 38.63 38.53 38.45 38.397 38.35 38.3 38.277 38.265 38.232 38.202 38.205 38.245 38.292 38.337 38.357 38.345 38.325 38.312 38.317 38.317 38.295 38.267 38.243 38.24 38.265 38.295 38.327 38.377 38.44 38.502 38.565 38.62 38.675 38.732 38.765 38.775 38.785 38.795 38.818 38.853 38.89 38.927 38.957 38.978 38.993 39.018
42.71 42.528 42.428 42.432 42.357 42.16 41.943 41.735 41.55 41.393 41.247 41.1 40.952 40.812 40.675 40.535 40.395 40.225 40.02 39.813 39.625 39.463 39.308 39.16 39.04 38.945 38.85 38.752 38.652 38.575 38.52 38.457 38.387 38.33 38.295 38.265 38.253 38.297 38.382 38.462 38.537 38.562 38.532 38.495 38.457 38.425 38.397 38.372 38.347 38.34 38.36 38.39 38.43 38.485 38.547 38.61 38.675 38.742 38.8 38.855 38.91 38.94 38.95 38.963 38.98 39.003 39.033 39.067 39.105 39.157 39.202 39.22 39.233
42.83 42.65 42.567 42.515 42.322 42.083 41.875 41.688 41.52 41.363 41.213 41.065 40.915 40.775 40.642 40.505 40.365 40.192 39.99 39.8 39.633 39.478 39.328 39.195 39.083 38.985 38.89 38.79 38.688 38.603 38.537 38.467 38.39 38.33 38.295 38.278 38.29 38.343 38.435 38.545 38.645 38.675 38.637 38.587 38.532 38.487 38.455 38.433 38.418 38.42 38.445 38.485 38.55 38.625 38.69 38.753 38.825 38.9 38.965 39.025 39.08 39.11 39.123 39.145 39.177 39.2 39.215 39.243 39.278 39.34 39.417 39.462 39.48
42.95 42.775 42.66 42.5 42.243 42.013 41.823 41.655 41.495 41.335 41.18 41.027 40.875 40.735 40.605 40.472 40.335 40.162 39.973 39.808 39.65 39.495 39.358 39.238 39.125 39.022 38.925 38.82 38.713 38.623 38.547 38.47 38.39 38.33 38.308 38.318 38.345 38.393 38.478 38.577 38.662 38.69 38.662 38.627 38.582 38.54 38.515 38.503 38.495 38.5 38.538 38.603 38.685 38.765 38.833 38.903 38.978 39.052 39.125 39.192 39.25 39.282 39.305 39.343 39.385 39.407 39.413 39.425 39.453 39.513 39.6 39.675 39.72
42.992 42.85 42.67 42.425 42.165 41.955 41.785 41.625 41.465 41.305 41.145 40.987 40.835 40.692 40.56 40.43 40.297 40.142 39.977 39.822 39.667 39.522 39.397 39.28 39.162 39.052 38.947 38.837 38.725 38.63 38.55 38.47 38.39 38.34 38.343 38.37 38.4 38.44 38.51 38.592 38.665 38.69 38.665 38.64 38.61 38.58 38.567 38.562 38.558 38.583 38.652 38.737 38.825 38.907 38.98 39.055 39.132 39.207 39.28 39.35 39.415 39.462 39.5 39.545 39.59 39.612 39.617 39.62 39.633 39.685 39.77 39.855 39.927
42.9 42.78 42.577 42.317 42.09 41.912 41.75 41.59 41.43 41.267 41.103 40.943 40.787 40.635 40.495 40.365 40.235 40.095 39.942 39.787 39.645 39.512 39.385 39.265 39.147 39.042 38.942 38.832 38.718 38.62 38.54 38.46 38.388 38.36 38.38 38.41 38.437 38.47 38.525 38.595 38.665 38.69 38.665 38.64 38.612 38.59 38.585 38.58 38.588 38.65 38.75 38.845 38.935 39.027 39.117 39.2 39.28 39.355 39.425 39.495 39.572 39.642 39.69 39.735 39.78 39.802 39.805 39.808 39.818 39.858 39.933 40.017 40.1
42.747 42.615 42.41 42.163 41.972 41.84 41.7 41.547 41.385 41.222 41.057 40.895 40.737 40.578 40.423 40.283 40.15 40.01 39.86 39.72 39.6 39.467 39.325 39.2 39.085 38.99 38.905 38.81 38.702 38.603 38.523 38.453 38.395 38.38 38.405 38.435 38.46 38.493 38.54 38.598 38.665 38.69 38.665 38.637 38.605 38.58 38.575 38.583 38.618 38.7 38.815 38.922 39.015 39.118 39.23 39.332 39.417 39.492 39.565 39.64 39.73 39.81 39.865 39.912 39.955 39.977 39.98 39.99 40.01 40.045 40.1 40.175 40.26
42.597 42.45 42.22 41.973 41.808 41.702 41.592 41.467 41.33 41.177 41.012 40.85 40.692 40.532 40.37 40.213 40.067 39.927 39.793 39.675 39.565 39.432 39.28 39.14 39.023 38.93 38.85 38.767 38.677 38.59 38.52 38.465 38.415 38.4 38.425 38.455 38.482 38.517 38.562 38.61 38.667 38.687 38.66 38.627 38.593 38.57 38.575 38.61 38.665 38.75 38.87 38.99 39.092 39.2 39.322 39.445 39.547 39.627 39.708 39.798 39.892 39.97 40.03 40.085 40.13 40.155 40.165 40.183 40.208 40.243 40.288 40.345 40.42
42.457 42.275 42.005 41.778 41.645 41.538 41.433 41.328 41.22 41.095 40.957 40.807 40.645 40.485 40.325 40.152 39.962 39.82 39.732 39.637 39.53 39.4 39.245 39.09 38.963 38.87 38.793 38.715 38.635 38.565 38.512 38.467 38.422 38.41 38.435 38.465 38.495 38.53 38.572 38.617 38.665 38.677 38.65 38.615 38.58 38.57 38.6 38.655 38.715 38.798 38.915 39.042 39.162 39.282 39.407 39.535 39.655 39.757 39.855 39.952 40.047 40.127 40.19 40.25 40.305 40.337 40.355 40.377 40.403 40.438 40.482 40.53 40.593
42.285 42.067 41.788 41.625 41.538 41.423 41.31 41.198 41.085 40.973 40.858 40.728 40.587 40.405 40.162 39.907 39.71 39.62 39.577 39.517 39.435 39.317 39.16 38.998 38.888 38.815 38.737 38.66 38.58 38.515 38.472 38.432 38.385 38.37 38.395 38.437 38.472 38.485 38.51 38.552 38.595 38.605 38.582 38.555 38.535 38.565 38.63 38.69 38.752 38.838 38.952 39.08 39.21 39.34 39.467 39.592 39.717 39.842 39.96 40.062 40.16 40.262 40.35 40.415 40.472 40.512 40.535 40.56 40.59 40.63 40.675 40.72 40.778
42.075 41.85 41.605 41.493 41.467 41.39 41.27 41.15 41.03 40.91 40.79 40.67 40.462 40.127 39.768 39.503 39.395 39.36 39.325 39.29 39.24 39.15 39.002 38.863 38.805 38.76 38.68 38.6 38.523 38.46 38.415 38.365 38.305 38.285 38.32 38.393 38.442 38.428 38.408 38.428 38.47 38.48 38.46 38.45 38.46 38.528 38.632 38.71 38.773 38.86 38.98 39.11 39.24 39.37 39.5 39.625 39.75 39.882 40.012 40.13 40.235 40.355 40.482 40.577 40.64 40.68 40.708 40.738 40.778 40.823 40.865 40.91 40.963
41.877 41.663 41.453 41.318 41.33 41.355 41.27 41.15 41.03 40.91 40.79 40.627 40.22 39.67 39.31 39.173 39.135 39.113 39.105 39.105 39.083 38.988 38.83 38.738 38.737 38.705 38.625 38.545 38.468 38.4 38.343 38.283 38.218 38.205 38.268 38.365 38.43 38.412 38.358 38.328 38.345 38.355 38.348 38.365 38.395 38.473 38.597 38.707 38.785 38.873 39 39.135 39.265 39.395 39.525 39.653 39.78 39.915 40.052 40.185 40.302 40.428 40.572 40.705 40.8 40.852 40.887 40.927 40.972 41.015 41.057 41.103 41.15
41.705 41.505 41.305 41.128 41.123 41.235 41.24 41.145 41.025 40.905 40.785 40.475 39.855 39.263 39.018 38.993 38.99 39 39.023 39.05 39.035 38.908 38.743 38.678 38.685 38.652 38.575 38.495 38.423 38.355 38.285 38.215 38.145 38.15 38.24 38.345 38.417 38.405 38.345 38.288 38.25 38.243 38.263 38.297 38.335 38.42 38.545 38.67 38.78 38.887 39.017 39.15 39.282 39.415 39.547 39.68 39.81 39.945 40.082 40.22 40.352 40.487 40.63 40.772 40.902 40.987 41.045 41.105 41.16 41.207 41.25 41.29 41.332
41.542 41.355 41.158 40.963 40.913 41.032 41.135 41.122 41.02 40.9 40.68 40.165 39.498 39.043 38.923 38.958 38.983 39.01 39.037 39.062 39.022 38.873 38.745 38.705 38.685 38.62 38.525 38.45 38.395 38.34 38.265 38.188 38.13 38.15 38.238 38.335 38.402 38.385 38.312 38.242 38.168 38.143 38.177 38.215 38.27 38.37 38.498 38.623 38.747 38.875 39.005 39.135 39.27 39.415 39.557 39.69 39.82 39.955 40.092 40.227 40.367 40.51 40.65 40.79 40.935 41.045 41.117 41.19 41.27 41.34 41.382 41.417 41.465
41.377 41.202 41.01 40.815 40.718 40.795 40.942 41.04 41.012 40.845 40.45 39.865 39.305 38.96 38.91 38.967 38.997 39.023 39.05 39.075 39.007 38.858 38.775 38.752 38.7 38.595 38.485 38.418 38.382 38.332 38.255 38.198 38.175 38.195 38.265 38.345 38.365 38.312 38.23 38.145 38.063 38.038 38.075 38.128 38.205 38.318 38.452 38.58 38.705 38.835 38.965 39.095 39.23 39.385 39.542 39.68 39.813 39.948 40.085 40.223 40.363 40.507 40.65 40.795 40.947 41.06 41.13 41.213 41.322 41.41 41.455 41.5 41.565
