EGM722_Project_Data/DTM_asc/TL4761.asc
ncols         200
nrows         200
xllcorner     547000.000
yllcorner     261000.000
cellsize      5
NODATA_value  -9999.0
[rows 70 to 104 of 200, columns 0 to 79 of 200]
9.013 9.007 9.002 8.997 8.98 8.925 8.84 8.753 8.665 8.588 8.528 8.53 8.588 8.63 8.635 8.625 8.63 8.635 8.645 8.668 8.687 8.667 8.595 8.505 8.418 8.355 8.3 8.215 8.115 8.015 7.915 7.81 7.705 7.628 7.57 7.588 7.682 7.782 7.845 7.82 7.733 7.648 7.63 7.657 7.68 7.705 7.732 7.642 7.405 7.25 7.213 7.175 7.102 6.958 6.885 6.92 6.935 6.94 6.945 6.95 6.963 6.977 6.972 6.943 6.908 6.87 6.833 6.8 6.77 6.745 6.75 6.8 6.867 6.942 7.035 7.132 7.225 7.285 7.335 7.377
9.057 9.052 9.047 9.042 9.007 8.932 8.845 8.757 8.662 8.55 8.46 8.468 8.537 8.592 8.595 8.563 8.543 8.545 8.573 8.607 8.605 8.55 8.472 8.385 8.313 8.273 8.245 8.192 8.105 8.005 7.905 7.8 7.715 7.673 7.63 7.595 7.635 7.73 7.802 7.817 7.77 7.678 7.605 7.583 7.59 7.612 7.635 7.473 7.263 7.2 7.153 7.108 7.06 6.955 6.893 6.917 6.925 6.933 6.945 6.958 6.978 7.012 7.03 7.005 6.962 6.915 6.87 6.833 6.8 6.768 6.73 6.718 6.76 6.835 6.933 7.042 7.145 7.18 7.245 7.315
9.102 9.097 9.092 9.077 9.022 8.937 8.85 8.745 8.607 8.473 8.395 8.413 8.487 8.557 8.58 8.55 8.508 8.495 8.527 8.542 8.497 8.425 8.353 8.278 8.225 8.198 8.175 8.147 8.087 7.995 7.898 7.823 7.79 7.785 7.752 7.67 7.62 7.67 7.737 7.77 7.782 7.737 7.652 7.578 7.523 7.51 7.495 7.375 7.24 7.165 7.105 7.055 7.005 6.933 6.895 6.913 6.925 6.94 6.96 6.983 7.015 7.062 7.06 7 6.94 6.903 6.887 6.862 6.83 6.8 6.757 6.705 6.683 6.728 6.823 6.923 7.015 7.06 7.147 7.24
9.142 9.142 9.137 9.105 9.03 8.942 8.827 8.667 8.508 8.4 8.343 8.355 8.43 8.507 8.557 8.55 8.505 8.47 8.467 8.442 8.375 8.305 8.24 8.188 8.15 8.123 8.1 8.08 8.047 7.99 7.933 7.91 7.91 7.91 7.875 7.79 7.693 7.653 7.675 7.707 7.725 7.69 7.625 7.557 7.48 7.43 7.38 7.3 7.22 7.14 7.073 7.02 6.968 6.92 6.908 6.925 6.945 6.965 6.985 7.015 7.045 7.047 6.985 6.9 6.868 6.883 6.905 6.887 6.85 6.822 6.79 6.743 6.688 6.683 6.745 6.825 6.905 6.965 7.023 7.09
9.167 9.187 9.175 9.122 9.025 8.9 8.73 8.548 8.425 8.35 8.288 8.295 8.37 8.45 8.512 8.515 8.472 8.437 8.413 8.368 8.303 8.238 8.18 8.135 8.1 8.073 8.048 8.025 8.005 7.982 7.967 7.965 7.965 7.965 7.927 7.84 7.74 7.65 7.625 7.652 7.637 7.57 7.498 7.44 7.39 7.357 7.33 7.275 7.2 7.12 7.05 6.995 6.953 6.928 6.93 6.95 6.97 6.99 7.012 7.015 6.982 6.915 6.85 6.83 6.86 6.915 6.942 6.912 6.863 6.835 6.82 6.797 6.755 6.728 6.76 6.828 6.888 6.913 6.928 6.97
9.187 9.232 9.2 9.105 8.96 8.782 8.59 8.445 8.365 8.3 8.235 8.24 8.312 8.385 8.432 8.425 8.395 8.388 8.382 8.345 8.285 8.225 8.17 8.12 8.078 8.048 8.023 8 7.983 7.967 7.953 7.945 7.945 7.937 7.89 7.805 7.71 7.613 7.583 7.587 7.532 7.45 7.373 7.31 7.258 7.27 7.287 7.235 7.17 7.097 7.03 6.985 6.96 6.945 6.95 6.97 6.992 7.002 6.995 6.955 6.89 6.84 6.82 6.845 6.9 6.955 6.98 6.945 6.883 6.845 6.842 6.85 6.83 6.803 6.828 6.885 6.907 6.88 6.873 6.91
9.195 9.252 9.182 9.022 8.835 8.64 8.473 8.375 8.315 8.25 8.185 8.188 8.25 8.307 8.335 8.33 8.33 8.345 8.36 8.335 8.275 8.215 8.16 8.11 8.063 8.025 8 7.98 7.965 7.952 7.935 7.918 7.91 7.887 7.825 7.745 7.66 7.568 7.525 7.495 7.415 7.33 7.25 7.183 7.143 7.198 7.237 7.183 7.125 7.068 7.02 6.993 6.978 6.965 6.97 6.99 7.015 7.025 6.995 6.955 6.938 6.935 6.913 6.9 6.94 6.995 7.017 6.98 6.91 6.86 6.855 6.875 6.885 6.873 6.887 6.912 6.885 6.835 6.823 6.852
9.16 9.167 9.062 8.887 8.695 8.518 8.395 8.325 8.265 8.2 8.135 8.128 8.175 8.225 8.255 8.27 8.292 8.315 8.335 8.322 8.267 8.205 8.15 8.1 8.05 8.005 7.978 7.96 7.945 7.935 7.92 7.897 7.877 7.835 7.76 7.68 7.6 7.518 7.45 7.382 7.298 7.213 7.13 7.055 7.05 7.15 7.195 7.15 7.105 7.063 7.035 7.015 6.998 6.985 6.99 7.013 7.037 7.06 7.065 7.062 7.08 7.092 7.055 7 6.995 7.035 7.055 7.015 6.945 6.883 6.865 6.888 6.912 6.922 6.92 6.892 6.84 6.79 6.773 6.793
9.01 8.92 8.822 8.715 8.56 8.423 8.345 8.295 8.255 8.213 8.158 8.108 8.118 8.17 8.203 8.223 8.252 8.282 8.305 8.305 8.262 8.202 8.147 8.087 8.02 7.973 7.955 7.938 7.918 7.905 7.89 7.87 7.855 7.812 7.735 7.658 7.578 7.488 7.375 7.265 7.18 7.095 7.01 6.94 6.975 7.112 7.18 7.157 7.123 7.088 7.06 7.04 7.023 7.008 7.01 7.035 7.06 7.085 7.112 7.137 7.165 7.18 7.16 7.122 7.09 7.088 7.092 7.05 6.977 6.905 6.883 6.907 6.93 6.945 6.935 6.89 6.835 6.783 6.76 6.775
8.755 8.633 8.578 8.545 8.483 8.42 8.383 8.355 8.335 8.312 8.255 8.158 8.108 8.135 8.162 8.173 8.198 8.232 8.265 8.282 8.252 8.187 8.117 8.04 7.955 7.92 7.937 7.925 7.888 7.865 7.853 7.835 7.835 7.817 7.75 7.67 7.585 7.48 7.325 7.165 7.06 6.975 6.89 6.855 6.93 7.075 7.167 7.175 7.147 7.113 7.085 7.065 7.05 7.035 7.035 7.057 7.08 7.105 7.13 7.155 7.18 7.192 7.187 7.177 7.16 7.147 7.132 7.077 7 6.925 6.905 6.93 6.945 6.947 6.942 6.92 6.872 6.823 6.805 6.818
8.638 8.528 8.495 8.518 8.523 8.515 8.502 8.485 8.465 8.427 8.342 8.23 8.135 8.11 8.127 8.13 8.138 8.163 8.2 8.24 8.217 8.132 8.045 7.96 7.88 7.865 7.915 7.925 7.885 7.845 7.82 7.803 7.815 7.82 7.765 7.677 7.582 7.467 7.3 7.105 6.955 6.855 6.775 6.788 6.9 7.04 7.137 7.17 7.167 7.138 7.11 7.093 7.077 7.063 7.063 7.08 7.1 7.123 7.147 7.17 7.187 7.2 7.195 7.178 7.165 7.165 7.15 7.095 7.02 6.945 6.925 6.945 6.947 6.943 6.94 6.932 6.902 6.873 6.87 6.877
8.603 8.508 8.503 8.56 8.6 8.617 8.617 8.607 8.585 8.522 8.417 8.305 8.193 8.113 8.093 8.095 8.098 8.11 8.165 8.21 8.155 8.055 7.968 7.883 7.815 7.82 7.88 7.92 7.905 7.853 7.805 7.778 7.795 7.817 7.77 7.675 7.575 7.455 7.282 7.075 6.883 6.743 6.685 6.743 6.87 7.007 7.1 7.142 7.172 7.162 7.135 7.12 7.105 7.09 7.09 7.105 7.122 7.14 7.162 7.18 7.193 7.207 7.205 7.185 7.163 7.15 7.135 7.092 7.03 6.965 6.943 6.947 6.942 6.94 6.937 6.932 6.922 6.917 6.922 6.927
8.545 8.443 8.48 8.537 8.595 8.64 8.652 8.645 8.62 8.552 8.45 8.34 8.227 8.12 8.085 8.105 8.115 8.125 8.187 8.197 8.09 7.98 7.89 7.805 7.758 7.785 7.845 7.902 7.912 7.867 7.815 7.775 7.778 7.805 7.765 7.665 7.567 7.452 7.277 7.065 6.853 6.663 6.618 6.715 6.84 6.972 7.062 7.107 7.152 7.175 7.165 7.15 7.135 7.12 7.118 7.127 7.142 7.157 7.172 7.187 7.2 7.212 7.212 7.192 7.168 7.147 7.12 7.072 7.017 6.965 6.94 6.937 6.932 6.93 6.925 6.92 6.927 6.94 6.945 6.95
8.8 8.585 8.478 8.47 8.52 8.57 8.6 8.6 8.575 8.515 8.427 8.327 8.22 8.118 8.095 8.137 8.167 8.185 8.205 8.155 8.03 7.913 7.813 7.725 7.7 7.75 7.81 7.87 7.905 7.885 7.835 7.793 7.77 7.782 7.752 7.655 7.562 7.455 7.282 7.068 6.86 6.673 6.615 6.693 6.805 6.932 7.02 7.065 7.11 7.152 7.175 7.175 7.16 7.145 7.135 7.14 7.157 7.17 7.18 7.193 7.207 7.22 7.217 7.198 7.175 7.147 7.105 7.05 6.995 6.945 6.918 6.915 6.912 6.908 6.903 6.905 6.925 6.947 6.955 6.968
9.077 8.922 8.73 8.555 8.468 8.48 8.522 8.542 8.525 8.465 8.385 8.3 8.205 8.11 8.093 8.145 8.192 8.227 8.2 8.098 7.973 7.85 7.74 7.655 7.65 7.71 7.77 7.83 7.885 7.895 7.855 7.815 7.783 7.77 7.735 7.65 7.562 7.457 7.29 7.093 6.918 6.765 6.7 6.725 6.785 6.885 6.97 7.015 7.058 7.102 7.147 7.18 7.182 7.165 7.143 7.148 7.17 7.18 7.19 7.2 7.213 7.227 7.225 7.205 7.177 7.135 7.082 7.028 6.975 6.925 6.89 6.883 6.887 6.885 6.885 6.903 6.93 6.953 6.97 7.005
9.005 9 8.93 8.775 8.613 8.498 8.453 8.485 8.487 8.42 8.34 8.26 8.178 8.103 8.103 8.165 8.225 8.257 8.195 8.063 7.928 7.795 7.673 7.598 7.61 7.67 7.73 7.79 7.85 7.887 7.875 7.837 7.805 7.772 7.722 7.65 7.567 7.467 7.322 7.16 7.01 6.868 6.805 6.815 6.83 6.873 6.928 6.97 7.01 7.053 7.1 7.152 7.19 7.18 7.143 7.15 7.177 7.182 7.19 7.202 7.217 7.232 7.232 7.208 7.165 7.113 7.058 7.005 6.958 6.91 6.868 6.853 6.86 6.865 6.878 6.905 6.938 6.968 7.005 7.06
8.812 8.825 8.82 8.795 8.73 8.612 8.518 8.498 8.477 8.41 8.33 8.25 8.175 8.13 8.155 8.225 8.275 8.272 8.195 8.063 7.92 7.78 7.648 7.575 7.595 7.655 7.715 7.775 7.835 7.875 7.867 7.827 7.787 7.752 7.71 7.65 7.572 7.48 7.357 7.21 7.062 6.923 6.86 6.87 6.88 6.895 6.925 6.965 7.005 7.045 7.083 7.12 7.165 7.187 7.168 7.165 7.18 7.18 7.183 7.193 7.21 7.23 7.247 7.233 7.188 7.133 7.073 7.02 6.975 6.93 6.888 6.87 6.873 6.883 6.905 6.938 6.978 7.03 7.088 7.145
8.585 8.625 8.672 8.69 8.677 8.65 8.595 8.527 8.48 8.425 8.35 8.273 8.218 8.2 8.235 8.292 8.3 8.265 8.195 8.077 7.94 7.798 7.683 7.628 7.633 7.68 7.74 7.8 7.84 7.845 7.82 7.778 7.738 7.71 7.682 7.637 7.572 7.49 7.372 7.225 7.083 6.945 6.875 6.88 6.895 6.923 6.96 6.997 7.035 7.072 7.1 7.123 7.153 7.182 7.187 7.18 7.18 7.18 7.18 7.188 7.205 7.233 7.282 7.302 7.265 7.205 7.138 7.075 7.025 6.98 6.943 6.93 6.933 6.943 6.968 7.005 7.06 7.135 7.2 7.247
8.353 8.39 8.472 8.545 8.59 8.605 8.57 8.518 8.48 8.432 8.368 8.31 8.285 8.28 8.31 8.332 8.3 8.255 8.192 8.087 7.955 7.83 7.758 7.725 7.705 7.723 7.775 7.815 7.815 7.792 7.763 7.728 7.698 7.673 7.647 7.61 7.557 7.492 7.387 7.248 7.108 6.973 6.895 6.895 6.923 6.957 6.995 7.03 7.065 7.1 7.125 7.147 7.17 7.182 7.183 7.18 7.18 7.18 7.183 7.198 7.22 7.245 7.307 7.367 7.347 7.282 7.215 7.145 7.083 7.03 6.995 6.99 7 7.01 7.033 7.083 7.158 7.242 7.305 7.312
8.183 8.185 8.27 8.36 8.45 8.525 8.542 8.512 8.477 8.438 8.398 8.375 8.365 8.357 8.36 8.34 8.292 8.247 8.19 8.092 7.968 7.883 7.845 7.815 7.785 7.772 7.785 7.785 7.765 7.743 7.715 7.688 7.662 7.637 7.612 7.58 7.532 7.477 7.397 7.275 7.135 6.998 6.918 6.92 6.952 6.987 7.022 7.055 7.09 7.125 7.15 7.17 7.185 7.19 7.187 7.185 7.182 7.18 7.19 7.212 7.235 7.255 7.323 7.402 7.392 7.33 7.267 7.202 7.14 7.08 7.063 7.088 7.11 7.123 7.118 7.158 7.25 7.34 7.37 7.315
8.133 8.115 8.19 8.28 8.373 8.468 8.52 8.505 8.47 8.443 8.427 8.42 8.413 8.42 8.372 8.295 8.265 8.235 8.19 8.1 7.98 7.91 7.877 7.847 7.82 7.792 7.77 7.75 7.743 7.738 7.713 7.668 7.628 7.603 7.577 7.55 7.507 7.452 7.387 7.287 7.155 7.015 6.935 6.938 6.965 7 7.035 7.065 7.1 7.135 7.162 7.182 7.192 7.192 7.19 7.187 7.183 7.183 7.198 7.22 7.24 7.26 7.335 7.415 7.402 7.342 7.277 7.212 7.15 7.158 7.243 7.305 7.312 7.265 7.195 7.203 7.29 7.38 7.377 7.295
8.175 8.158 8.208 8.278 8.36 8.455 8.507 8.492 8.465 8.45 8.44 8.433 8.455 8.49 8.402 8.25 8.178 8.152 8.135 8.082 7.988 7.915 7.875 7.84 7.808 7.778 7.758 7.753 7.768 7.777 7.752 7.695 7.638 7.585 7.543 7.517 7.48 7.422 7.352 7.27 7.16 7.025 6.945 6.943 6.965 7 7.035 7.065 7.1 7.135 7.165 7.185 7.192 7.192 7.187 7.183 7.18 7.185 7.2 7.22 7.24 7.26 7.335 7.41 7.39 7.325 7.255 7.185 7.185 7.34 7.525 7.57 7.495 7.36 7.25 7.238 7.298 7.37 7.36 7.28
8.235 8.213 8.25 8.3 8.36 8.442 8.492 8.483 8.468 8.46 8.453 8.45 8.553 8.61 8.47 8.278 8.115 8.025 8.005 8.02 7.985 7.92 7.88 7.84 7.8 7.768 7.765 7.787 7.812 7.822 7.795 7.745 7.692 7.63 7.555 7.493 7.448 7.387 7.31 7.235 7.15 7.033 6.958 6.955 6.97 6.998 7.032 7.065 7.098 7.132 7.165 7.182 7.185 7.185 7.183 7.18 7.18 7.185 7.2 7.22 7.24 7.258 7.327 7.387 7.352 7.285 7.215 7.215 7.365 7.6 7.757 7.727 7.577 7.415 7.308 7.29 7.323 7.365 7.345 7.265
8.295 8.268 8.298 8.343 8.388 8.445 8.485 8.485 8.477 8.472 8.468 8.523 8.697 8.725 8.537 8.342 8.148 7.978 7.898 7.93 7.955 7.917 7.875 7.832 7.787 7.753 7.765 7.807 7.847 7.865 7.835 7.787 7.742 7.695 7.625 7.542 7.445 7.345 7.267 7.192 7.117 7.025 6.97 6.975 6.985 7 7.03 7.065 7.095 7.13 7.165 7.18 7.18 7.18 7.18 7.18 7.18 7.183 7.193 7.207 7.22 7.24 7.295 7.322 7.288 7.238 7.225 7.327 7.515 7.705 7.792 7.732 7.612 7.47 7.365 7.35 7.365 7.367 7.33 7.255
8.353 8.32 8.345 8.39 8.435 8.472 8.477 8.457 8.445 8.44 8.45 8.59 8.777 8.752 8.577 8.39 8.195 8 7.89 7.903 7.925 7.897 7.855 7.81 7.76 7.725 7.74 7.792 7.842 7.862 7.84 7.8 7.755 7.707 7.66 7.595 7.44 7.285 7.21 7.135 7.06 7 6.98 6.99 7 7.01 7.033 7.068 7.1 7.133 7.165 7.18 7.18 7.18 7.18 7.18 7.18 7.18 7.183 7.188 7.19 7.213 7.252 7.263 7.238 7.203 7.23 7.347 7.492 7.627 7.675 7.627 7.56 7.467 7.39 7.37 7.365 7.342 7.292 7.222
8.41 8.373 8.395 8.44 8.477 8.495 8.472 8.415 8.373 8.358 8.415 8.575 8.717 8.692 8.547 8.387 8.215 8.03 7.933 7.927 7.905 7.865 7.825 7.78 7.733 7.698 7.713 7.762 7.792 7.8 7.79 7.767 7.732 7.687 7.642 7.565 7.395 7.228 7.138 7.063 7.005 6.988 6.993 7 7.01 7.02 7.04 7.073 7.107 7.14 7.167 7.18 7.18 7.18 7.18 7.18 7.18 7.18 7.18 7.18 7.18 7.2 7.227 7.237 7.225 7.195 7.193 7.27 7.405 7.517 7.54 7.492 7.435 7.377 7.34 7.322 7.307 7.285 7.237 7.173
8.46 8.428 8.445 8.48 8.497 8.5 8.477 8.41 8.333 8.293 8.36 8.49 8.595 8.592 8.47 8.33 8.185 8.03 7.94 7.91 7.87 7.83 7.79 7.747 7.705 7.673 7.683 7.712 7.72 7.72 7.715 7.707 7.695 7.662 7.607 7.5 7.337 7.178 7.065 7.008 6.99 6.998 7.008 7.013 7.02 7.03 7.05 7.08 7.113 7.145 7.17 7.18 7.18 7.18 7.18 7.18 7.18 7.18 7.18 7.18 7.18 7.193 7.207 7.212 7.212 7.195 7.18 7.213 7.315 7.402 7.397 7.353 7.305 7.268 7.253 7.245 7.235 7.22 7.193 7.158
8.482 8.477 8.485 8.497 8.497 8.492 8.465 8.392 8.298 8.238 8.265 8.358 8.462 8.485 8.385 8.245 8.105 7.983 7.91 7.87 7.83 7.79 7.75 7.71 7.673 7.643 7.638 7.645 7.645 7.645 7.643 7.638 7.635 7.622 7.555 7.42 7.263 7.108 7.01 6.993 7 7.015 7.033 7.043 7.05 7.055 7.065 7.09 7.12 7.15 7.172 7.18 7.18 7.18 7.18 7.18 7.18 7.18 7.18 7.18 7.18 7.183 7.188 7.19 7.193 7.187 7.18 7.185 7.243 7.285 7.26 7.238 7.22 7.205 7.2 7.198 7.19 7.183 7.178 7.172
8.437 8.462 8.467 8.462 8.455 8.442 8.405 8.325 8.238 8.19 8.19 8.238 8.33 8.375 8.295 8.155 8.028 7.93 7.87 7.83 7.79 7.753 7.715 7.675 7.638 7.615 7.61 7.61 7.61 7.61 7.61 7.605 7.595 7.575 7.497 7.355 7.195 7.053 6.993 7 7.013 7.048 7.1 7.128 7.135 7.13 7.105 7.1 7.125 7.155 7.175 7.18 7.18 7.18 7.18 7.18 7.18 7.18 7.18 7.18 7.18 7.18 7.18 7.18 7.18 7.18 7.18 7.18 7.198 7.203 7.19 7.193 7.195 7.193 7.19 7.19 7.185 7.18 7.18 7.18
8.34 8.372 8.385 8.382 8.372 8.357 8.317 8.243 8.185 8.165 8.155 8.158 8.208 8.265 8.21 8.078 7.973 7.89 7.828 7.788 7.753 7.717 7.68 7.64 7.61 7.603 7.607 7.61 7.61 7.61 7.607 7.59 7.557 7.515 7.437 7.302 7.15 7.035 6.995 7.008 7.04 7.105 7.197 7.252 7.257 7.24 7.185 7.135 7.13 7.155 7.175 7.18 7.18 7.18 7.18 7.18 7.18 7.18 7.18 7.18 7.18 7.18 7.18 7.18 7.18 7.18 7.18 7.18 7.18 7.18 7.185 7.19 7.19 7.19 7.19 7.19 7.185 7.18 7.18 7.18
8.235 8.262 8.28 8.287 8.285 8.275 8.238 8.183 8.155 8.142 8.13 8.118 8.123 8.165 8.127 8.013 7.925 7.845 7.783 7.745 7.715 7.68 7.64 7.608 7.595 7.597 7.602 7.605 7.605 7.582 7.557 7.535 7.49 7.44 7.372 7.253 7.125 7.038 7.003 7.03 7.095 7.175 7.27 7.352 7.38 7.35 7.285 7.215 7.165 7.16 7.175 7.18 7.18 7.18 7.18 7.18 7.18 7.18 7.18 7.18 7.18 7.18 7.18 7.18 7.18 7.18 7.18 7.18 7.18 7.18 7.183 7.187 7.19 7.19 7.19 7.187 7.183 7.18 7.18 7.18
8.125 8.15 8.17 8.18 8.185 8.187 8.172 8.148 8.135 8.12 8.105 8.095 8.085 8.09 8.05 7.96 7.88 7.8 7.738 7.7 7.67 7.638 7.605 7.588 7.585 7.587 7.59 7.59 7.585 7.502 7.397 7.365 7.352 7.335 7.3 7.223 7.13 7.053 7.03 7.085 7.165 7.245 7.328 7.435 7.495 7.455 7.385 7.315 7.245 7.195 7.18 7.18 7.18 7.18 7.18 7.18 7.18 7.18 7.18 7.18 7.18 7.18 7.18 7.18 7.18 7.18 7.18 7.18 7.18 7.18 7.18 7.183 7.185 7.185 7.185 7.183 7.18 7.18 7.18 7.18
8.078 8.088 8.088 8.085 8.095 8.11 8.117 8.112 8.107 8.095 8.08 8.067 8.052 8.032 7.985 7.915 7.84 7.76 7.693 7.653 7.625 7.608 7.588 7.57 7.57 7.57 7.57 7.57 7.522 7.365 7.173 7.095 7.11 7.145 7.205 7.23 7.182 7.105 7.098 7.17 7.245 7.318 7.395 7.522 7.602 7.557 7.475 7.375 7.27 7.203 7.183 7.18 7.18 7.18 7.18 7.18 7.18 7.18 7.18 7.18 7.18 7.18 7.18 7.18 7.18 7.18 7.18 7.18 7.18 7.18 7.18 7.18 7.18 7.18 7.18 7.18 7.18 7.18 7.18 7.18
8.125 8.115 8.09 8.045 8.035 8.052 8.06 8.06 8.057 8.047 8.037 8.025 8.005 7.975 7.92 7.855 7.788 7.715 7.65 7.625 7.633 7.65 7.633 7.578 7.553 7.55 7.55 7.527 7.405 7.195 6.973 6.843 6.875 6.995 7.137 7.23 7.24 7.193 7.183 7.26 7.347 7.418 7.488 7.612 7.642 7.527 7.405 7.293 7.213 7.18 7.18 7.18 7.18 7.18 7.18 7.18 7.18 7.18 7.18 7.18 7.18 7.18 7.18 7.18 7.18 7.18 7.18 7.18 7.18 7.18 7.18 7.18 7.18 7.18 7.18 7.18 7.18 7.18 7.18 7.18
8.21 8.19 8.152 8.073 8.008 7.998 8.005 8 7.988 7.975 7.973 7.97 7.952 7.91 7.85 7.798 7.75 7.703 7.665 7.673 7.715 7.75 7.725 7.64 7.573 7.54 7.525 7.443 7.25 7.063 6.923 6.808 6.813 6.96 7.112 7.195 7.24 7.252 7.255 7.328 7.445 7.537 7.607 7.655 7.557 7.36 7.238 7.19 7.18 7.18 7.18 7.18 7.18 7.18 7.18 7.18 7.18 7.18 7.18 7.18 7.18 7.18 7.18 7.18 7.18 7.18 7.18 7.18 7.18 7.18 7.18 7.18 7.18 7.18 7.18 7.18 7.18 7.18 7.18 7.18
