EGM722_Project_Data/DTM_asc/TL4754.asc
ncols         200
nrows         200
xllcorner     547000.000
yllcorner     254000.000
cellsize      5
NODATA_value  -9999.0
[rows 128 to 159 of 200, columns 0 to 72 of 200]
18.65 18.687 18.695 18.705 18.775 18.875 18.88 18.8 18.738 18.683 18.663 18.685 18.71 18.727 18.75 18.782 18.817 18.815 18.737 18.6 18.435 18.303 18.248 18.232 18.215 18.197 18.173 18.138 18.113 18.095 18.095 18.143 18.218 18.29 18.327 18.33 18.325 18.32 18.315 18.3 18.293 18.31 18.34 18.372 18.397 18.39 18.372 18.367 18.372 18.395 18.417 18.43 18.442 18.458 18.49 18.537 18.575 18.592 18.587 18.572 18.557 18.547 18.535 18.51 18.493 18.508 18.517 18.49 18.455 18.425 18.41 18.41 18.413
18.598 18.645 18.68 18.74 18.842 18.945 18.972 18.932 18.892 18.845 18.825 18.845 18.872 18.895 18.922 18.96 18.997 18.962 18.827 18.66 18.49 18.368 18.323 18.305 18.288 18.273 18.255 18.238 18.23 18.23 18.245 18.29 18.342 18.39 18.417 18.42 18.417 18.415 18.41 18.395 18.38 18.375 18.388 18.417 18.447 18.47 18.477 18.467 18.455 18.455 18.465 18.475 18.487 18.5 18.528 18.57 18.612 18.65 18.657 18.647 18.637 18.632 18.622 18.597 18.573 18.558 18.545 18.52 18.49 18.463 18.45 18.45 18.45
18.635 18.69 18.748 18.81 18.895 18.997 19.04 19.017 18.992 18.96 18.95 18.972 18.992 19.01 19.042 19.085 19.11 19.04 18.88 18.71 18.555 18.46 18.428 18.41 18.392 18.358 18.345 18.365 18.37 18.37 18.373 18.395 18.432 18.465 18.485 18.492 18.495 18.492 18.485 18.472 18.46 18.45 18.44 18.448 18.47 18.495 18.505 18.49 18.48 18.49 18.505 18.515 18.527 18.538 18.55 18.58 18.62 18.66 18.675 18.67 18.67 18.687 18.692 18.67 18.645 18.62 18.593 18.56 18.53 18.503 18.488 18.485 18.485
18.755 18.81 18.862 18.908 18.968 19.048 19.087 19.072 19.048 19.023 19.025 19.055 19.077 19.095 19.13 19.16 19.152 19.077 18.93 18.77 18.653 18.59 18.565 18.545 18.502 18.438 18.43 18.48 18.505 18.51 18.493 18.473 18.488 18.52 18.54 18.552 18.562 18.56 18.55 18.54 18.533 18.53 18.513 18.49 18.493 18.515 18.525 18.515 18.518 18.532 18.545 18.555 18.565 18.573 18.578 18.59 18.62 18.66 18.675 18.673 18.69 18.73 18.747 18.727 18.702 18.68 18.65 18.613 18.58 18.55 18.528 18.518 18.515
18.898 18.93 18.98 19.025 19.075 19.13 19.15 19.13 19.105 19.078 19.083 19.122 19.16 19.187 19.21 19.207 19.18 19.112 18.983 18.858 18.783 18.732 18.692 18.645 18.57 18.503 18.51 18.567 18.615 18.64 18.625 18.583 18.558 18.57 18.592 18.608 18.622 18.627 18.62 18.613 18.613 18.612 18.595 18.56 18.535 18.538 18.543 18.545 18.56 18.575 18.585 18.595 18.602 18.608 18.612 18.615 18.628 18.66 18.678 18.69 18.73 18.782 18.802 18.782 18.76 18.737 18.705 18.665 18.628 18.598 18.575 18.558 18.548
19.09 19.07 19.1 19.15 19.198 19.245 19.25 19.21 19.17 19.135 19.14 19.185 19.232 19.265 19.265 19.24 19.21 19.152 19.06 18.978 18.915 18.855 18.787 18.707 18.62 18.565 18.585 18.64 18.695 18.74 18.737 18.697 18.655 18.635 18.645 18.663 18.678 18.69 18.692 18.69 18.695 18.695 18.675 18.642 18.608 18.583 18.575 18.585 18.603 18.615 18.625 18.633 18.638 18.643 18.648 18.65 18.653 18.668 18.693 18.73 18.777 18.827 18.847 18.83 18.81 18.787 18.757 18.72 18.68 18.648 18.625 18.605 18.59
19.25 19.2 19.213 19.272 19.322 19.37 19.372 19.318 19.258 19.208 19.203 19.248 19.3 19.332 19.323 19.29 19.26 19.215 19.15 19.08 19.01 18.937 18.857 18.77 18.693 18.655 18.663 18.703 18.757 18.807 18.812 18.777 18.743 18.733 18.73 18.728 18.74 18.755 18.765 18.765 18.767 18.76 18.742 18.722 18.69 18.655 18.64 18.648 18.663 18.678 18.688 18.69 18.695 18.695 18.69 18.69 18.69 18.693 18.71 18.75 18.795 18.84 18.862 18.85 18.83 18.81 18.8 18.785 18.75 18.713 18.688 18.67 18.653
19.345 19.298 19.315 19.382 19.442 19.495 19.492 19.433 19.373 19.32 19.298 19.323 19.37 19.407 19.4 19.365 19.333 19.295 19.232 19.15 19.075 19.002 18.923 18.845 18.803 18.793 18.778 18.775 18.81 18.862 18.87 18.838 18.833 18.87 18.87 18.825 18.813 18.825 18.835 18.832 18.822 18.803 18.79 18.785 18.765 18.733 18.715 18.723 18.74 18.76 18.77 18.77 18.77 18.76 18.745 18.735 18.733 18.735 18.735 18.748 18.783 18.827 18.85 18.845 18.83 18.813 18.82 18.837 18.825 18.79 18.763 18.747 18.725
19.45 19.393 19.41 19.482 19.552 19.612 19.612 19.56 19.513 19.47 19.44 19.433 19.45 19.482 19.48 19.445 19.41 19.375 19.32 19.233 19.145 19.07 18.998 18.95 18.945 18.95 18.93 18.895 18.885 18.918 18.93 18.928 18.97 19.03 19.03 18.968 18.918 18.903 18.9 18.887 18.865 18.84 18.828 18.825 18.82 18.802 18.79 18.8 18.82 18.84 18.85 18.845 18.835 18.82 18.805 18.79 18.78 18.78 18.777 18.773 18.783 18.815 18.835 18.835 18.83 18.818 18.825 18.857 18.877 18.865 18.84 18.82 18.79
19.588 19.498 19.505 19.58 19.658 19.73 19.745 19.705 19.667 19.63 19.6 19.58 19.568 19.57 19.558 19.525 19.49 19.455 19.407 19.325 19.23 19.15 19.1 19.09 19.1 19.107 19.09 19.05 19.015 19.003 19.018 19.063 19.127 19.19 19.19 19.122 19.045 18.993 18.968 18.943 18.913 18.883 18.868 18.868 18.87 18.87 18.875 18.89 18.91 18.93 18.933 18.915 18.895 18.878 18.862 18.847 18.833 18.823 18.82 18.815 18.81 18.818 18.825 18.825 18.823 18.818 18.83 18.862 18.895 18.912 18.907 18.885 18.85
19.75 19.64 19.628 19.69 19.77 19.85 19.88 19.85 19.815 19.815 19.778 19.715 19.692 19.673 19.653 19.623 19.588 19.553 19.515 19.455 19.375 19.3 19.265 19.268 19.273 19.27 19.245 19.205 19.167 19.133 19.148 19.212 19.28 19.322 19.29 19.205 19.122 19.075 19.053 19.025 18.99 18.958 18.943 18.943 18.948 18.953 18.97 18.998 19.02 19.04 19.037 19.013 18.983 18.948 18.915 18.895 18.88 18.865 18.86 18.857 18.853 18.848 18.843 18.84 18.838 18.833 18.833 18.853 18.885 18.915 18.95 18.955 18.92
19.943 19.853 19.82 19.835 19.89 19.97 20.007 19.988 19.985 20.062 20.032 19.875 19.798 19.778 19.762 19.74 19.71 19.675 19.648 19.625 19.577 19.51 19.475 19.475 19.462 19.432 19.395 19.355 19.315 19.28 19.295 19.36 19.402 19.387 19.317 19.228 19.17 19.158 19.15 19.125 19.093 19.065 19.05 19.045 19.048 19.05 19.073 19.112 19.142 19.162 19.16 19.13 19.082 19.025 18.973 18.938 18.918 18.903 18.898 18.9 18.897 18.892 18.888 18.882 18.877 18.867 18.848 18.84 18.863 18.895 18.955 19.01 19
20.17 20.103 20.065 20.045 20.05 20.098 20.135 20.153 20.225 20.36 20.352 20.138 19.948 19.88 19.868 19.857 19.837 19.808 19.785 19.78 19.762 19.717 19.685 19.667 19.63 19.583 19.54 19.5 19.463 19.428 19.442 19.482 19.462 19.405 19.333 19.268 19.248 19.252 19.245 19.222 19.195 19.173 19.16 19.155 19.153 19.153 19.178 19.22 19.257 19.285 19.275 19.225 19.16 19.095 19.04 18.995 18.96 18.938 18.933 18.938 18.94 18.938 18.932 18.925 18.915 18.902 18.882 18.858 18.85 18.873 18.935 19.02 19.06
20.402 20.347 20.315 20.295 20.275 20.275 20.3 20.375 20.512 20.665 20.667 20.445 20.165 20.005 19.975 19.97 19.958 19.94 19.925 19.92 19.915 19.897 19.872 19.835 19.785 19.735 19.69 19.65 19.613 19.575 19.56 19.54 19.483 19.42 19.365 19.34 19.342 19.345 19.335 19.317 19.295 19.278 19.27 19.262 19.255 19.25 19.27 19.312 19.357 19.39 19.37 19.305 19.235 19.168 19.11 19.065 19.02 18.985 18.973 18.975 18.98 18.983 18.977 18.963 18.95 18.938 18.917 18.893 18.868 18.863 18.915 19.007 19.087
20.575 20.555 20.545 20.525 20.505 20.48 20.463 20.517 20.655 20.812 20.802 20.56 20.29 20.143 20.108 20.1 20.088 20.073 20.06 20.055 20.045 20.015 20.012 20.007 19.96 19.91 19.865 19.825 19.785 19.745 19.698 19.64 19.58 19.503 19.443 19.433 19.435 19.435 19.427 19.412 19.392 19.377 19.37 19.36 19.35 19.338 19.35 19.395 19.442 19.465 19.437 19.377 19.31 19.24 19.183 19.14 19.103 19.073 19.045 19.03 19.03 19.035 19.03 19.013 18.998 18.98 18.958 18.933 18.908 18.898 18.928 19.003 19.097
20.71 20.743 20.755 20.735 20.705 20.657 20.603 20.583 20.658 20.805 20.765 20.52 20.345 20.28 20.263 20.252 20.232 20.208 20.19 20.182 20.155 20.093 20.103 20.16 20.145 20.097 20.052 20.01 19.97 19.93 19.882 19.817 19.73 19.615 19.54 19.53 19.53 19.527 19.517 19.502 19.485 19.47 19.46 19.45 19.437 19.423 19.435 19.477 19.512 19.522 19.492 19.435 19.372 19.308 19.26 19.23 19.205 19.185 19.15 19.11 19.093 19.095 19.09 19.075 19.057 19.03 19.005 18.983 18.97 18.978 18.985 19.02 19.102
20.885 20.947 20.965 20.935 20.882 20.817 20.758 20.708 20.703 20.795 20.742 20.558 20.475 20.435 20.417 20.402 20.375 20.343 20.322 20.3 20.245 20.17 20.168 20.255 20.305 20.282 20.238 20.195 20.155 20.115 20.052 19.955 19.832 19.7 19.633 19.63 19.627 19.617 19.603 19.59 19.577 19.563 19.55 19.54 19.525 19.51 19.523 19.552 19.57 19.575 19.545 19.485 19.438 19.403 19.37 19.343 19.32 19.3 19.265 19.215 19.175 19.16 19.15 19.132 19.11 19.08 19.055 19.048 19.06 19.072 19.068 19.068 19.115
21.082 21.145 21.157 21.107 21.04 20.97 20.91 20.863 20.818 20.82 20.773 20.68 20.635 20.593 20.567 20.545 20.513 20.478 20.445 20.395 20.325 20.25 20.233 20.315 20.415 20.45 20.425 20.382 20.337 20.287 20.195 20.06 19.923 19.793 19.73 19.725 19.715 19.702 19.69 19.68 19.67 19.655 19.64 19.627 19.612 19.598 19.597 19.61 19.62 19.625 19.605 19.57 19.55 19.54 19.515 19.477 19.445 19.417 19.38 19.33 19.28 19.24 19.213 19.188 19.163 19.135 19.12 19.133 19.155 19.167 19.162 19.145 19.15
21.265 21.325 21.325 21.26 21.19 21.12 21.07 21.035 20.993 20.948 20.9 20.853 20.805 20.755 20.715 20.685 20.653 20.62 20.585 20.538 20.47 20.388 20.363 20.443 20.55 20.602 20.595 20.555 20.505 20.437 20.325 20.18 20.035 19.903 19.83 19.813 19.8 19.788 19.775 19.765 19.755 19.74 19.722 19.705 19.687 19.672 19.653 19.64 19.645 19.652 19.647 19.637 19.63 19.63 19.62 19.587 19.55 19.515 19.482 19.44 19.39 19.34 19.3 19.27 19.245 19.223 19.22 19.238 19.255 19.26 19.247 19.23 19.213
21.435 21.495 21.487 21.413 21.34 21.275 21.238 21.215 21.182 21.14 21.09 21.04 20.985 20.92 20.868 20.833 20.8 20.77 20.745 20.72 20.677 20.608 20.598 20.665 20.717 20.735 20.727 20.705 20.665 20.582 20.455 20.313 20.17 20.035 19.945 19.905 19.885 19.872 19.858 19.845 19.835 19.82 19.798 19.773 19.753 19.737 19.702 19.658 19.645 19.652 19.65 19.643 19.645 19.667 19.677 19.652 19.62 19.59 19.567 19.542 19.5 19.45 19.41 19.383 19.358 19.335 19.335 19.352 19.355 19.335 19.315 19.3 19.277
21.613 21.662 21.65 21.568 21.49 21.435 21.405 21.385 21.362 21.33 21.282 21.225 21.157 21.083 21.025 20.987 20.953 20.92 20.895 20.875 20.855 20.825 20.82 20.837 20.84 20.84 20.835 20.825 20.807 20.727 20.59 20.448 20.305 20.173 20.08 20.02 19.975 19.955 19.942 19.927 19.913 19.897 19.875 19.845 19.82 19.802 19.762 19.7 19.658 19.645 19.645 19.655 19.68 19.715 19.732 19.712 19.685 19.663 19.642 19.625 19.597 19.557 19.52 19.495 19.472 19.45 19.447 19.452 19.43 19.398 19.375 19.355 19.33
21.803 21.835 21.81 21.728 21.645 21.59 21.565 21.545 21.522 21.497 21.452 21.385 21.312 21.237 21.18 21.142 21.107 21.073 21.045 21.03 21.02 21.012 20.993 20.968 20.953 20.945 20.94 20.938 20.932 20.88 20.782 20.635 20.455 20.31 20.218 20.153 20.093 20.048 20.023 20.007 19.99 19.975 19.955 19.925 19.895 19.87 19.825 19.76 19.698 19.66 19.668 19.698 19.73 19.765 19.787 19.777 19.755 19.735 19.715 19.695 19.675 19.652 19.627 19.605 19.585 19.565 19.55 19.527 19.493 19.46 19.433 19.408 19.38
22 22.022 21.985 21.902 21.803 21.725 21.695 21.675 21.65 21.622 21.577 21.507 21.435 21.362 21.315 21.287 21.255 21.22 21.2 21.203 21.205 21.197 21.172 21.138 21.103 21.073 21.063 21.067 21.052 21.015 20.967 20.872 20.71 20.538 20.43 20.375 20.3 20.2 20.12 20.085 20.07 20.052 20.032 20.005 19.975 19.942 19.892 19.83 19.77 19.735 19.75 19.785 19.815 19.842 19.855 19.845 19.825 19.805 19.785 19.767 19.75 19.738 19.725 19.705 19.685 19.667 19.645 19.61 19.575 19.54 19.505 19.475 19.443
22.2 22.217 22.172 22.075 21.95 21.848 21.805 21.782 21.755 21.727 21.682 21.612 21.54 21.468 21.425 21.415 21.395 21.363 21.355 21.38 21.392 21.382 21.357 21.32 21.275 21.223 21.203 21.197 21.165 21.125 21.085 21.045 20.97 20.842 20.732 20.645 20.52 20.378 20.26 20.183 20.148 20.13 20.107 20.08 20.05 20.017 19.97 19.913 19.87 19.853 19.87 19.905 19.925 19.93 19.925 19.912 19.897 19.88 19.86 19.843 19.83 19.823 19.812 19.795 19.778 19.765 19.745 19.71 19.675 19.64 19.6 19.565 19.525
22.418 22.41 22.345 22.222 22.085 21.97 21.915 21.89 21.86 21.832 21.785 21.715 21.645 21.573 21.525 21.522 21.525 21.505 21.5 21.535 21.567 21.567 21.54 21.492 21.432 21.37 21.338 21.315 21.275 21.235 21.198 21.163 21.127 21.075 20.977 20.835 20.678 20.538 20.425 20.325 20.248 20.21 20.185 20.155 20.125 20.095 20.053 20.01 19.988 19.975 19.987 20.01 20.01 20 19.99 19.98 19.97 19.955 19.935 19.92 19.913 19.907 19.9 19.885 19.873 19.865 19.845 19.81 19.772 19.737 19.7 19.66 19.61
22.655 22.6 22.492 22.355 22.218 22.093 22.023 21.995 21.965 21.935 21.888 21.82 21.748 21.675 21.625 21.62 21.635 21.635 21.642 21.68 21.727 21.74 21.702 21.64 21.57 21.507 21.468 21.438 21.403 21.368 21.335 21.305 21.275 21.235 21.135 20.985 20.833 20.7 20.592 20.49 20.39 20.32 20.285 20.255 20.225 20.188 20.148 20.123 20.107 20.093 20.09 20.087 20.075 20.065 20.055 20.045 20.035 20.022 20.007 20 19.995 19.987 19.982 19.975 19.97 19.965 19.942 19.905 19.867 19.832 19.792 19.742 19.685
22.862 22.765 22.632 22.495 22.358 22.253 22.183 22.13 22.095 22.065 22.015 21.943 21.865 21.785 21.728 21.72 21.738 21.752 21.762 21.785 21.825 21.837 21.795 21.725 21.657 21.615 21.595 21.577 21.555 21.525 21.495 21.465 21.435 21.385 21.277 21.132 20.985 20.858 20.752 20.648 20.55 20.478 20.435 20.405 20.367 20.31 20.26 20.233 20.215 20.2 20.185 20.17 20.155 20.14 20.118 20.1 20.09 20.08 20.067 20.06 20.055 20.045 20.037 20.032 20.032 20.03 20.005 19.967 19.932 19.897 19.86 19.812 19.755
23.025 22.907 22.777 22.64 22.523 22.47 22.417 22.333 22.268 22.225 22.17 22.09 22.005 21.91 21.845 21.835 21.85 21.87 21.862 21.845 21.86 21.872 21.835 21.765 21.718 21.71 21.712 21.707 21.695 21.677 21.655 21.625 21.595 21.537 21.422 21.278 21.138 21.013 20.905 20.805 20.718 20.655 20.615 20.58 20.52 20.443 20.383 20.343 20.318 20.3 20.285 20.27 20.25 20.222 20.185 20.155 20.138 20.125 20.113 20.103 20.095 20.085 20.075 20.065 20.06 20.057 20.035 20 19.968 19.938 19.91 19.872 19.822
23.17 23.05 22.92 22.793 22.723 22.712 22.672 22.58 22.483 22.403 22.325 22.232 22.135 22.03 21.97 21.968 21.978 21.992 21.972 21.923 21.9 21.905 21.875 21.82 21.805 21.815 21.822 21.82 21.812 21.807 21.795 21.777 21.755 21.69 21.57 21.43 21.295 21.168 21.055 20.968 20.898 20.838 20.792 20.737 20.65 20.565 20.508 20.465 20.428 20.4 20.385 20.367 20.337 20.3 20.26 20.223 20.19 20.17 20.16 20.147 20.135 20.125 20.115 20.105 20.095 20.087 20.067 20.035 20.008 19.983 19.955 19.922 19.882
23.31 23.19 23.063 22.975 22.955 22.957 22.92 22.822 22.707 22.592 22.48 22.368 22.258 22.158 22.11 22.113 22.12 22.122 22.09 22.03 21.978 21.953 21.928 21.905 21.91 21.917 21.922 21.92 21.912 21.905 21.897 21.892 21.88 21.827 21.72 21.587 21.455 21.325 21.218 21.143 21.08 21.018 20.953 20.87 20.77 20.688 20.635 20.593 20.548 20.51 20.483 20.452 20.415 20.375 20.335 20.298 20.26 20.228 20.208 20.193 20.18 20.17 20.158 20.145 20.135 20.125 20.108 20.08 20.055 20.03 19.997 19.965 19.93
23.483 23.35 23.233 23.178 23.172 23.167 23.122 23.017 22.892 22.765 22.64 22.523 22.413 22.33 22.3 22.303 22.305 22.28 22.225 22.163 22.1 22.048 22.003 21.985 21.992 21.995 21.995 21.987 21.975 21.967 21.962 21.955 21.95 21.935 21.855 21.725 21.597 21.478 21.388 21.322 21.258 21.213 21.15 21.048 20.94 20.848 20.79 20.748 20.702 20.645 20.588 20.54 20.493 20.45 20.413 20.383 20.358 20.318 20.273 20.25 20.24 20.228 20.213 20.2 20.19 20.178 20.16 20.135 20.11 20.075 20.03 19.995 19.963
23.705 23.555 23.433 23.368 23.345 23.332 23.282 23.18 23.055 22.925 22.8 22.688 22.6 22.543 22.523 22.527 22.507 22.445 22.375 22.313 22.25 22.193 22.128 22.073 22.05 22.045 22.045 22.035 22.02 22.013 22.005 21.998 22 22.007 21.962 21.85 21.725 21.628 21.558 21.495 21.45 21.445 21.405 21.295 21.168 21.05 20.98 20.93 20.865 20.78 20.705 20.65 20.598 20.558 20.528 20.505 20.475 20.42 20.363 20.328 20.308 20.293 20.28 20.27 20.257 20.24 20.22 20.197 20.162 20.105 20.053 20.02 19.995
