EGM722_Project_Data/DTM_asc/TL4753.asc
ncols         200
nrows         200
xllcorner     547000.000
yllcorner     253000.000
cellsize      5
NODATA_value  -9999.0
[rows 64 to 95 of 200, columns 73 to 145 of 200]
33.555 33.415 33.288 33.18 33.095 33.023 32.963 32.935 32.92 32.882 32.83 32.78 32.73 32.675 32.618 32.562 32.505 32.45 32.405 32.367 32.322 32.225 32.085 31.95 31.835 31.702 31.545 31.4 31.265 31.165 31.095 31.025 30.958 30.935 30.955 30.988 31.048 31.082 31.073 31.06 31.055 31.055 31.047 31.022 30.995 31.038 31.122 31.137 31.097 31.042 30.972 30.89 30.793 30.715 30.655 30.582 30.497 30.425 30.395 30.365 30.317 30.27 30.22 30.173 30.15 30.155 30.163 30.17 30.182 30.182 30.13 30.035 29.943
33.732 33.632 33.54 33.47 33.407 33.332 33.247 33.178 33.138 33.097 33.045 32.995 32.945 32.89 32.83 32.77 32.713 32.66 32.615 32.575 32.522 32.417 32.275 32.135 32.003 31.865 31.72 31.58 31.445 31.345 31.278 31.21 31.153 31.14 31.163 31.185 31.218 31.24 31.238 31.233 31.23 31.22 31.192 31.157 31.128 31.155 31.222 31.255 31.247 31.215 31.17 31.12 31.057 30.985 30.905 30.812 30.715 30.625 30.568 30.525 30.48 30.438 30.39 30.358 30.358 30.367 30.372 30.377 30.385 30.385 30.332 30.232 30.14
33.9 33.822 33.752 33.692 33.637 33.572 33.492 33.41 33.358 33.32 33.27 33.22 33.17 33.115 33.055 32.993 32.935 32.885 32.838 32.795 32.732 32.62 32.483 32.345 32.205 32.065 31.923 31.783 31.648 31.545 31.48 31.415 31.358 31.345 31.37 31.395 31.41 31.418 31.42 31.42 31.417 31.377 31.318 31.28 31.248 31.25 31.298 31.34 31.342 31.317 31.292 31.27 31.257 31.2 31.097 31 30.9 30.815 30.763 30.723 30.673 30.62 30.573 30.553 30.56 30.557 30.55 30.552 30.56 30.552 30.49 30.392 30.308
34.08 34 33.92 33.85 33.792 33.73 33.658 33.605 33.582 33.552 33.505 33.455 33.405 33.35 33.29 33.23 33.175 33.125 33.075 33.02 32.94 32.83 32.707 32.575 32.438 32.297 32.15 32.008 31.87 31.768 31.702 31.635 31.573 31.555 31.58 31.597 31.597 31.602 31.615 31.62 31.612 31.547 31.45 31.393 31.358 31.35 31.38 31.422 31.435 31.413 31.39 31.39 31.422 31.372 31.253 31.155 31.063 31.003 30.972 30.945 30.902 30.845 30.788 30.753 30.75 30.74 30.713 30.703 30.707 30.685 30.612 30.523 30.445
34.257 34.177 34.093 34.015 33.95 33.885 33.833 33.815 33.812 33.787 33.74 33.69 33.64 33.585 33.528 33.47 33.415 33.365 33.305 33.227 33.137 33.035 32.922 32.802 32.672 32.53 32.38 32.233 32.093 31.993 31.925 31.855 31.788 31.765 31.782 31.785 31.775 31.78 31.802 31.817 31.805 31.732 31.62 31.525 31.47 31.46 31.475 31.507 31.525 31.51 31.51 31.553 31.61 31.552 31.413 31.308 31.238 31.203 31.178 31.155 31.127 31.087 31.03 30.97 30.945 30.93 30.895 30.865 30.855 30.817 30.738 30.658 30.583
34.438 34.355 34.27 34.19 34.115 34.06 34.04 34.04 34.042 34.02 33.97 33.922 33.875 33.82 33.765 33.71 33.655 33.595 33.515 33.425 33.335 33.235 33.125 33.017 32.9 32.763 32.618 32.473 32.333 32.228 32.153 32.078 32.005 31.973 31.973 31.965 31.955 31.96 31.985 32.01 31.997 31.92 31.808 31.693 31.603 31.573 31.583 31.603 31.618 31.63 31.67 31.732 31.785 31.727 31.58 31.475 31.43 31.408 31.383 31.36 31.338 31.31 31.27 31.21 31.155 31.12 31.085 31.045 31.015 30.96 30.875 30.798 30.72
34.645 34.56 34.48 34.4 34.323 34.28 34.278 34.28 34.275 34.245 34.195 34.15 34.113 34.065 34.01 33.955 33.89 33.81 33.72 33.63 33.54 33.442 33.335 33.228 33.118 33.012 32.892 32.75 32.61 32.5 32.42 32.34 32.255 32.205 32.195 32.188 32.18 32.185 32.208 32.23 32.21 32.127 32.02 31.91 31.808 31.76 31.763 31.765 31.76 31.778 31.827 31.885 31.927 31.87 31.743 31.675 31.655 31.635 31.61 31.585 31.565 31.542 31.51 31.462 31.398 31.323 31.265 31.225 31.185 31.12 31.035 30.958 30.898
34.89 34.803 34.725 34.648 34.573 34.533 34.535 34.53 34.505 34.465 34.415 34.378 34.355 34.317 34.262 34.195 34.11 34.02 33.93 33.84 33.75 33.655 33.55 33.44 33.333 33.252 33.172 33.052 32.913 32.8 32.72 32.627 32.525 32.47 32.463 32.458 32.45 32.455 32.475 32.475 32.432 32.352 32.257 32.155 32.06 32.02 32.01 31.987 31.958 31.945 31.968 32.015 32.052 31.993 31.91 31.9 31.9 31.885 31.863 31.84 31.82 31.777 31.733 31.715 31.672 31.573 31.468 31.4 31.355 31.29 31.213 31.163 31.135
35.148 35.055 34.978 34.903 34.828 34.79 34.785 34.76 34.725 34.685 34.643 34.62 34.605 34.567 34.502 34.417 34.325 34.235 34.143 34.05 33.96 33.865 33.76 33.653 33.548 33.465 33.405 33.33 33.215 33.102 33.007 32.89 32.783 32.738 32.735 32.73 32.72 32.725 32.73 32.7 32.645 32.572 32.485 32.39 32.307 32.265 32.24 32.205 32.165 32.14 32.138 32.158 32.177 32.14 32.11 32.127 32.14 32.137 32.12 32.1 32.062 31.983 31.935 31.95 31.937 31.85 31.72 31.61 31.535 31.473 31.428 31.412 31.392
35.405 35.31 35.233 35.158 35.083 35.038 35.012 34.978 34.943 34.908 34.882 34.867 34.852 34.805 34.72 34.63 34.537 34.447 34.357 34.263 34.17 34.075 33.97 33.865 33.76 33.673 33.613 33.56 33.487 33.387 33.27 33.138 33.038 33.005 33.002 32.997 32.99 32.982 32.957 32.907 32.852 32.78 32.69 32.597 32.512 32.46 32.43 32.4 32.37 32.347 32.335 32.33 32.33 32.328 32.335 32.353 32.37 32.382 32.377 32.345 32.267 32.178 32.148 32.16 32.157 32.09 31.965 31.84 31.735 31.678 31.665 31.66 31.63
35.66 35.568 35.49 35.415 35.348 35.29 35.245 35.21 35.175 35.138 35.115 35.1 35.085 35.027 34.927 34.835 34.74 34.65 34.565 34.472 34.38 34.282 34.178 34.072 33.968 33.883 33.825 33.775 33.72 33.63 33.505 33.375 33.285 33.257 33.247 33.237 33.23 33.202 33.152 33.097 33.042 32.967 32.875 32.77 32.66 32.6 32.577 32.552 32.53 32.527 32.53 32.52 32.52 32.545 32.572 32.585 32.6 32.617 32.617 32.567 32.468 32.378 32.343 32.342 32.34 32.282 32.17 32.047 31.938 31.888 31.882 31.865 31.822
35.915 35.823 35.748 35.68 35.625 35.565 35.505 35.463 35.425 35.38 35.34 35.318 35.302 35.242 35.135 35.035 34.94 34.85 34.765 34.675 34.587 34.49 34.385 34.28 34.175 34.095 34.042 33.995 33.94 33.85 33.725 33.598 33.503 33.467 33.455 33.44 33.427 33.39 33.33 33.275 33.22 33.145 33.045 32.92 32.793 32.723 32.7 32.675 32.648 32.665 32.705 32.71 32.718 32.762 32.81 32.83 32.845 32.855 32.837 32.782 32.69 32.595 32.535 32.515 32.51 32.455 32.352 32.238 32.135 32.093 32.075 32.035 31.985
36.173 36.08 36.01 35.955 35.905 35.847 35.783 35.723 35.678 35.635 35.583 35.543 35.52 35.457 35.348 35.24 35.143 35.053 34.965 34.878 34.792 34.697 34.592 34.487 34.383 34.305 34.257 34.212 34.16 34.067 33.94 33.808 33.695 33.65 33.642 33.63 33.612 33.572 33.515 33.457 33.4 33.317 33.197 33.06 32.925 32.848 32.822 32.795 32.765 32.785 32.852 32.887 32.91 32.965 33.03 33.072 33.092 33.082 33.04 32.985 32.91 32.825 32.755 32.708 32.685 32.63 32.53 32.423 32.333 32.285 32.245 32.195 32.145
36.433 36.348 36.29 36.24 36.19 36.132 36.067 36 35.94 35.89 35.837 35.785 35.745 35.675 35.565 35.455 35.35 35.258 35.17 35.085 34.997 34.9 34.797 34.695 34.59 34.515 34.47 34.425 34.375 34.28 34.147 34.012 33.89 33.833 33.825 33.815 33.795 33.752 33.695 33.635 33.572 33.475 33.34 33.2 33.06 32.975 32.945 32.915 32.885 32.903 32.975 33.042 33.097 33.16 33.232 33.295 33.317 33.287 33.232 33.175 33.115 33.05 32.985 32.922 32.87 32.8 32.697 32.593 32.515 32.468 32.42 32.37 32.315
36.705 36.63 36.58 36.53 36.475 36.41 36.345 36.28 36.202 36.132 36.08 36.027 35.97 35.892 35.79 35.68 35.57 35.473 35.388 35.3 35.192 35.08 34.98 34.88 34.785 34.718 34.67 34.622 34.555 34.445 34.31 34.175 34.06 34.005 33.995 33.985 33.962 33.915 33.852 33.79 33.72 33.612 33.475 33.335 33.198 33.105 33.065 33.035 33.002 33.01 33.07 33.147 33.23 33.305 33.375 33.442 33.462 33.422 33.367 33.312 33.26 33.212 33.16 33.095 33.022 32.935 32.833 32.748 32.705 32.673 32.625 32.575 32.495
36.993 36.92 36.87 36.815 36.75 36.68 36.612 36.537 36.445 36.365 36.31 36.252 36.175 36.092 36.01 35.91 35.8 35.7 35.612 35.505 35.365 35.24 35.14 35.048 34.97 34.91 34.86 34.792 34.69 34.565 34.43 34.308 34.218 34.17 34.155 34.14 34.11 34.06 33.995 33.925 33.847 33.74 33.605 33.465 33.328 33.215 33.15 33.112 33.077 33.078 33.125 33.198 33.29 33.382 33.46 33.527 33.547 33.505 33.448 33.395 33.345 33.305 33.27 33.215 33.14 33.05 32.963 32.92 32.915 32.892 32.845 32.775 32.657
37.29 37.215 37.16 37.092 37.02 36.95 36.872 36.78 36.68 36.598 36.535 36.457 36.36 36.275 36.205 36.125 36.027 35.93 35.822 35.682 35.528 35.4 35.308 35.23 35.16 35.1 35.035 34.932 34.81 34.685 34.563 34.465 34.39 34.34 34.315 34.29 34.255 34.202 34.132 34.052 33.97 33.865 33.732 33.595 33.458 33.328 33.223 33.155 33.115 33.113 33.158 33.238 33.335 33.435 33.53 33.61 33.635 33.595 33.535 33.478 33.425 33.388 33.365 33.327 33.257 33.175 33.125 33.118 33.122 33.11 33.052 32.942 32.802
37.59 37.508 37.437 37.362 37.287 37.207 37.115 37.017 36.92 36.827 36.743 36.645 36.54 36.453 36.382 36.315 36.237 36.137 36 35.842 35.688 35.568 35.49 35.42 35.35 35.275 35.177 35.055 34.93 34.813 34.715 34.637 34.563 34.505 34.47 34.437 34.4 34.342 34.262 34.177 34.092 33.987 33.857 33.72 33.588 33.463 33.34 33.233 33.16 33.143 33.193 33.285 33.385 33.485 33.585 33.68 33.72 33.685 33.622 33.557 33.5 33.468 33.45 33.427 33.38 33.33 33.317 33.32 33.322 33.317 33.242 33.103 32.953
37.923 37.793 37.675 37.6 37.525 37.427 37.322 37.227 37.132 37.045 36.96 36.863 36.76 36.648 36.543 36.467 36.4 36.297 36.15 35.99 35.855 35.75 35.663 35.59 35.52 35.43 35.315 35.19 35.063 34.96 34.883 34.81 34.737 34.663 34.603 34.557 34.515 34.455 34.372 34.29 34.205 34.097 33.965 33.84 33.733 33.618 33.493 33.363 33.245 33.188 33.23 33.33 33.43 33.527 33.625 33.725 33.782 33.757 33.69 33.623 33.568 33.54 33.525 33.513 33.502 33.492 33.49 33.487 33.48 33.467 33.42 33.302 33.148
38.282 38.103 37.918 37.813 37.732 37.627 37.513 37.41 37.315 37.245 37.192 37.115 37.015 36.88 36.723 36.608 36.53 36.43 36.288 36.148 36.05 35.95 35.833 35.745 35.675 35.582 35.465 35.34 35.213 35.12 35.052 34.98 34.91 34.822 34.728 34.658 34.61 34.547 34.465 34.385 34.3 34.188 34.065 33.975 33.902 33.812 33.693 33.558 33.44 33.368 33.358 33.393 33.465 33.56 33.655 33.75 33.82 33.81 33.74 33.678 33.633 33.608 33.598 33.605 33.625 33.63 33.625 33.615 33.595 33.575 33.562 33.51 33.385
38.637 38.442 38.218 38.048 37.94 37.832 37.708 37.593 37.495 37.433 37.402 37.355 37.267 37.13 36.955 36.795 36.675 36.563 36.44 36.34 36.262 36.16 36.033 35.92 35.833 35.735 35.615 35.49 35.37 35.283 35.217 35.15 35.08 34.99 34.88 34.783 34.713 34.642 34.558 34.475 34.385 34.285 34.2 34.135 34.072 34.005 33.917 33.823 33.753 33.7 33.65 33.608 33.6 33.623 33.685 33.773 33.842 33.85 33.795 33.74 33.7 33.683 33.693 33.723 33.752 33.76 33.75 33.73 33.703 33.683 33.675 33.665 33.602
38.962 38.765 38.542 38.328 38.165 38.04 37.91 37.785 37.68 37.623 37.597 37.57 37.51 37.38 37.205 37.027 36.863 36.72 36.615 36.537 36.462 36.365 36.242 36.115 36 35.887 35.765 35.64 35.528 35.448 35.382 35.317 35.245 35.15 35.037 34.925 34.825 34.738 34.653 34.57 34.485 34.408 34.342 34.28 34.215 34.15 34.107 34.095 34.09 34.065 34.017 33.96 33.898 33.84 33.833 33.865 33.89 33.89 33.858 33.813 33.783 33.788 33.818 33.85 33.88 33.885 33.862 33.837 33.81 33.79 33.785 33.788 33.78
39.215 39.02 38.81 38.595 38.43 38.308 38.17 38.033 37.895 37.81 37.777 37.747 37.7 37.58 37.405 37.225 37.045 36.883 36.768 36.685 36.61 36.532 36.425 36.295 36.17 36.045 35.92 35.798 35.69 35.613 35.548 35.48 35.39 35.277 35.162 35.05 34.938 34.838 34.755 34.675 34.597 34.527 34.46 34.395 34.333 34.273 34.263 34.312 34.355 34.355 34.325 34.285 34.232 34.172 34.13 34.092 34.045 34.003 33.965 33.935 33.935 33.963 33.995 34.025 34.025 33.995 33.967 33.943 33.923 33.92 33.928 33.938 33.952
39.425 39.23 39.023 38.863 38.773 38.67 38.522 38.355 38.165 38.015 37.938 37.895 37.845 37.725 37.55 37.37 37.19 37.03 36.903 36.8 36.72 36.655 36.572 36.457 36.333 36.208 36.085 35.968 35.86 35.778 35.712 35.627 35.507 35.383 35.27 35.157 35.043 34.943 34.86 34.783 34.705 34.635 34.57 34.505 34.448 34.395 34.405 34.497 34.562 34.565 34.55 34.53 34.497 34.445 34.382 34.31 34.23 34.163 34.123 34.12 34.15 34.185 34.215 34.215 34.155 34.095 34.07 34.055 34.055 34.075 34.1 34.12 34.135
39.635 39.443 39.283 39.21 39.167 39.06 38.882 38.675 38.463 38.278 38.135 38.048 37.982 37.862 37.692 37.515 37.335 37.18 37.05 36.928 36.833 36.765 36.7 36.612 36.495 36.373 36.258 36.145 36.035 35.945 35.862 35.747 35.613 35.49 35.377 35.263 35.148 35.048 34.968 34.893 34.815 34.745 34.683 34.623 34.57 34.52 34.55 34.68 34.76 34.76 34.745 34.727 34.705 34.655 34.568 34.47 34.38 34.315 34.303 34.33 34.37 34.405 34.407 34.347 34.255 34.198 34.185 34.193 34.21 34.235 34.265 34.293 34.315
39.845 39.703 39.62 39.572 39.517 39.385 39.175 38.957 38.752 38.57 38.4 38.255 38.138 37.998 37.83 37.658 37.485 37.335 37.205 37.075 36.958 36.875 36.815 36.75 36.657 36.545 36.432 36.32 36.21 36.105 35.99 35.855 35.72 35.598 35.483 35.368 35.253 35.155 35.08 35.008 34.935 34.868 34.805 34.75 34.7 34.65 34.69 34.827 34.912 34.922 34.915 34.907 34.897 34.855 34.765 34.657 34.55 34.465 34.455 34.51 34.577 34.597 34.54 34.445 34.358 34.32 34.328 34.345 34.368 34.395 34.433 34.48 34.49
40.095 39.98 39.915 39.85 39.777 39.627 39.415 39.208 39.015 38.842 38.675 38.507 38.338 38.165 37.995 37.823 37.658 37.515 37.385 37.255 37.123 37.023 36.963 36.897 36.802 36.687 36.572 36.46 36.352 36.242 36.117 35.98 35.843 35.718 35.603 35.488 35.373 35.288 35.228 35.16 35.093 35.025 34.958 34.898 34.843 34.793 34.818 34.927 35.015 35.04 35.04 35.042 35.045 35.025 34.947 34.835 34.723 34.62 34.565 34.578 34.645 34.652 34.565 34.503 34.493 34.5 34.51 34.52 34.545 34.598 34.665 34.735 34.667
40.375 40.235 40.143 40.068 39.992 39.842 39.635 39.443 39.265 39.097 38.93 38.752 38.56 38.375 38.203 38.028 37.863 37.72 37.59 37.458 37.32 37.218 37.15 37.05 36.917 36.793 36.68 36.573 36.47 36.365 36.247 36.117 35.98 35.853 35.737 35.622 35.505 35.433 35.4 35.345 35.275 35.205 35.135 35.07 35.007 34.955 34.953 35.02 35.105 35.14 35.14 35.148 35.157 35.15 35.097 35 34.89 34.79 34.705 34.643 34.625 34.615 34.595 34.623 34.69 34.725 34.728 34.73 34.748 34.808 34.907 35.02 34.855
40.645 40.5 40.395 40.3 40.21 40.062 39.87 39.693 39.52 39.347 39.17 38.98 38.78 38.593 38.417 38.245 38.078 37.93 37.797 37.662 37.525 37.415 37.315 37.177 37.028 36.9 36.793 36.69 36.59 36.485 36.37 36.247 36.115 35.988 35.872 35.755 35.635 35.563 35.545 35.517 35.46 35.39 35.32 35.232 35.135 35.09 35.103 35.138 35.2 35.24 35.245 35.257 35.267 35.257 35.227 35.162 35.06 34.96 34.875 34.795 34.728 34.708 34.76 34.845 34.917 34.952 34.955 34.955 34.96 35 35.087 35.21 34.945
40.918 40.773 40.667 40.56 40.445 40.292 40.115 39.942 39.767 39.585 39.392 39.197 39 38.81 38.632 38.457 38.282 38.122 37.982 37.847 37.712 37.582 37.445 37.295 37.148 37.023 36.918 36.815 36.715 36.607 36.49 36.37 36.245 36.122 36.005 35.885 35.763 35.675 35.655 35.662 35.635 35.542 35.415 35.282 35.198 35.2 35.24 35.273 35.315 35.347 35.358 35.373 35.378 35.365 35.343 35.305 35.227 35.133 35.058 34.993 34.94 34.92 34.965 35.057 35.137 35.172 35.175 35.175 35.175 35.18 35.185 35.215 35.005
41.18 41.048 40.942 40.827 40.687 40.522 40.347 40.172 39.987 39.79 39.592 39.397 39.202 39.007 38.82 38.64 38.46 38.288 38.132 37.99 37.855 37.715 37.565 37.418 37.288 37.178 37.073 36.97 36.855 36.73 36.607 36.485 36.365 36.245 36.125 36.005 35.867 35.728 35.675 35.7 35.677 35.547 35.375 35.275 35.278 35.32 35.36 35.403 35.445 35.475 35.49 35.505 35.52 35.51 35.478 35.443 35.39 35.325 35.273 35.225 35.18 35.15 35.163 35.24 35.322 35.352 35.355 35.355 35.355 35.33 35.278 35.233 35.165
41.44 41.325 41.212 41.077 40.915 40.745 40.57 40.38 40.175 39.97 39.775 39.58 39.385 39.185 38.985 38.8 38.62 38.445 38.278 38.12 37.978 37.835 37.69 37.56 37.453 37.353 37.25 37.135 36.987 36.845 36.722 36.6 36.48 36.36 36.237 36.102 35.94 35.76 35.65 35.645 35.6 35.458 35.353 35.35 35.395 35.443 35.485 35.53 35.577 35.617 35.64 35.66 35.695 35.695 35.653 35.613 35.58 35.548 35.51 35.467 35.423 35.39 35.378 35.42 35.477 35.495 35.503 35.505 35.505 35.482 35.433 35.388 35.362
