EGM722_Project_Data/DTM_asc/TL4754.asc
ncols         200
nrows         200
xllcorner     547000.000
yllcorner     254000.000
cellsize      5
NODATA_value  -9999.0
[rows 0 to 31 of 200, columns 0 to 72 of 200]
19.118 19.253 19.39 19.515 19.612 19.657 19.67 19.665 19.67 19.772 19.822 19.77 19.768 19.805 19.85 19.882 19.897 19.882 19.885 19.895 19.87 19.835 19.798 19.763 19.738 19.725 19.748 19.82 19.91 19.992 20.065 20.137 20.205 20.252 20.275 20.285 20.313 20.37 20.435 20.485 20.507 20.513 20.525 20.56 20.587 20.585 20.59 20.602 20.607 20.607 20.592 20.57 20.545 20.525 20.52 20.535 20.58 20.63 20.64 20.61 20.565 20.513 20.485 20.495 20.515 20.52 20.502 20.507 20.537 20.56 20.57 20.56 20.532
19.018 19.1 19.215 19.287 19.32 19.333 19.345 19.355 19.435 19.605 19.665 19.595 19.573 19.608 19.653 19.698 19.742 19.772 19.765 19.703 19.638 19.615 19.6 19.585 19.583 19.58 19.578 19.598 19.658 19.735 19.808 19.883 19.955 20.022 20.075 20.102 20.128 20.18 20.23 20.247 20.253 20.258 20.265 20.298 20.345 20.372 20.385 20.39 20.39 20.387 20.372 20.35 20.328 20.305 20.295 20.323 20.38 20.43 20.44 20.415 20.382 20.338 20.315 20.33 20.35 20.365 20.365 20.365 20.385 20.417 20.43 20.415 20.387
18.94 18.97 19.025 19.048 19.063 19.078 19.09 19.118 19.238 19.43 19.502 19.428 19.388 19.423 19.47 19.518 19.568 19.622 19.61 19.515 19.473 19.488 19.493 19.5 19.507 19.497 19.475 19.455 19.46 19.508 19.575 19.643 19.705 19.768 19.835 19.892 19.935 19.972 19.993 19.998 20.008 20.018 20.033 20.058 20.098 20.147 20.17 20.17 20.17 20.167 20.157 20.14 20.12 20.103 20.1 20.13 20.183 20.23 20.24 20.217 20.192 20.16 20.147 20.152 20.15 20.145 20.127 20.102 20.11 20.155 20.187 20.19 20.175
18.885 18.908 18.93 18.945 18.965 18.978 18.98 19.003 19.083 19.232 19.32 19.273 19.23 19.255 19.308 19.36 19.425 19.48 19.472 19.395 19.363 19.4 19.42 19.43 19.43 19.41 19.388 19.373 19.353 19.353 19.393 19.45 19.508 19.565 19.628 19.682 19.727 19.757 19.773 19.785 19.798 19.823 19.86 19.878 19.888 19.925 19.95 19.947 19.942 19.94 19.942 19.94 19.925 19.908 19.91 19.945 19.992 20.027 20.002 19.933 19.885 19.877 19.905 19.912 19.89 19.867 19.84 19.8 19.785 19.818 19.865 19.892 19.89
18.853 18.895 18.922 18.937 18.947 18.947 18.943 18.96 19 19.075 19.142 19.135 19.105 19.11 19.153 19.215 19.3 19.345 19.327 19.268 19.235 19.287 19.34 19.355 19.347 19.33 19.315 19.3 19.275 19.25 19.253 19.295 19.355 19.41 19.445 19.46 19.495 19.55 19.585 19.603 19.628 19.675 19.722 19.735 19.725 19.73 19.735 19.723 19.708 19.7 19.71 19.725 19.727 19.715 19.72 19.757 19.792 19.812 19.762 19.645 19.548 19.505 19.555 19.612 19.605 19.582 19.55 19.508 19.473 19.483 19.532 19.577 19.562
18.837 18.882 18.912 18.92 18.915 18.905 18.9 18.92 18.96 18.99 19.002 18.997 18.985 18.98 19.01 19.088 19.172 19.197 19.175 19.133 19.108 19.16 19.237 19.272 19.27 19.26 19.25 19.227 19.195 19.165 19.14 19.153 19.188 19.213 19.225 19.23 19.27 19.34 19.395 19.435 19.488 19.55 19.59 19.592 19.58 19.568 19.553 19.535 19.515 19.51 19.518 19.523 19.525 19.518 19.523 19.547 19.567 19.582 19.552 19.45 19.325 19.23 19.228 19.29 19.312 19.292 19.257 19.213 19.168 19.158 19.167 19.13 19.037
18.767 18.815 18.855 18.875 18.875 18.865 18.862 18.882 18.897 18.882 18.857 18.843 18.837 18.835 18.878 18.972 19.04 19.042 19.02 18.993 18.98 19.025 19.097 19.155 19.187 19.19 19.177 19.152 19.117 19.082 19.043 19.033 19.045 19.053 19.07 19.09 19.123 19.178 19.24 19.3 19.363 19.427 19.457 19.445 19.427 19.413 19.397 19.38 19.368 19.375 19.385 19.38 19.37 19.363 19.353 19.335 19.335 19.35 19.34 19.26 19.138 19.045 18.998 19 19.018 19.003 18.965 18.93 18.91 18.878 18.783 18.615 18.435
18.622 18.67 18.727 18.775 18.795 18.805 18.805 18.795 18.767 18.72 18.688 18.68 18.68 18.688 18.725 18.832 18.905 18.887 18.865 18.843 18.835 18.867 18.92 18.985 19.057 19.102 19.102 19.07 19.025 18.977 18.928 18.923 18.952 18.97 18.99 19.008 19.028 19.065 19.12 19.18 19.243 19.307 19.325 19.298 19.275 19.258 19.243 19.225 19.225 19.247 19.265 19.265 19.258 19.255 19.23 19.18 19.148 19.133 19.125 19.065 18.95 18.86 18.813 18.785 18.773 18.795 18.805 18.798 18.81 18.76 18.57 18.335 18.148
18.455 18.5 18.565 18.625 18.66 18.677 18.665 18.63 18.59 18.548 18.523 18.525 18.538 18.552 18.57 18.662 18.745 18.732 18.71 18.69 18.68 18.693 18.73 18.795 18.88 18.96 18.985 18.952 18.902 18.85 18.795 18.805 18.862 18.89 18.91 18.925 18.94 18.963 19.003 19.063 19.148 19.212 19.205 19.168 19.135 19.108 19.088 19.078 19.09 19.12 19.145 19.15 19.148 19.147 19.12 19.07 19.02 18.973 18.94 18.875 18.763 18.673 18.63 18.613 18.6 18.665 18.78 18.83 18.84 18.77 18.517 18.235 18.098
18.282 18.33 18.395 18.46 18.487 18.48 18.458 18.433 18.405 18.378 18.37 18.385 18.403 18.417 18.435 18.485 18.552 18.572 18.558 18.545 18.535 18.53 18.548 18.605 18.687 18.77 18.815 18.8 18.757 18.712 18.663 18.685 18.767 18.81 18.827 18.842 18.857 18.872 18.898 18.968 19.08 19.127 19.092 19.05 19.01 18.973 18.943 18.94 18.963 18.99 19.02 19.035 19.04 19.04 19.01 18.96 18.91 18.86 18.807 18.72 18.598 18.513 18.475 18.458 18.453 18.535 18.707 18.84 18.882 18.755 18.45 18.185 18.1
18.11 18.16 18.217 18.26 18.272 18.275 18.273 18.26 18.243 18.23 18.233 18.25 18.267 18.283 18.303 18.328 18.373 18.415 18.42 18.408 18.395 18.388 18.393 18.425 18.49 18.57 18.632 18.635 18.595 18.555 18.52 18.563 18.67 18.727 18.742 18.75 18.747 18.75 18.778 18.875 18.98 18.997 18.962 18.92 18.877 18.835 18.805 18.818 18.85 18.875 18.905 18.925 18.935 18.927 18.895 18.85 18.8 18.75 18.69 18.59 18.478 18.423 18.403 18.368 18.335 18.415 18.593 18.77 18.865 18.737 18.453 18.253 18.193
17.945 17.985 18.025 18.048 18.065 18.09 18.107 18.112 18.105 18.095 18.098 18.113 18.133 18.153 18.175 18.2 18.228 18.27 18.287 18.273 18.265 18.27 18.278 18.288 18.318 18.375 18.442 18.46 18.425 18.395 18.385 18.448 18.557 18.602 18.6 18.592 18.583 18.593 18.645 18.75 18.812 18.81 18.802 18.772 18.727 18.685 18.668 18.7 18.747 18.777 18.805 18.825 18.817 18.78 18.76 18.74 18.69 18.64 18.567 18.468 18.398 18.38 18.375 18.347 18.298 18.345 18.51 18.662 18.725 18.667 18.522 18.395 18.312
17.803 17.843 17.868 17.878 17.89 17.91 17.933 17.95 17.955 17.955 17.965 17.983 18.005 18.03 18.052 18.077 18.1 18.132 18.15 18.148 18.158 18.172 18.182 18.188 18.195 18.218 18.258 18.278 18.265 18.26 18.27 18.33 18.402 18.412 18.395 18.39 18.41 18.45 18.525 18.597 18.605 18.593 18.6 18.595 18.57 18.535 18.53 18.575 18.632 18.677 18.707 18.71 18.67 18.608 18.595 18.61 18.58 18.53 18.448 18.368 18.343 18.34 18.335 18.327 18.305 18.323 18.43 18.51 18.507 18.485 18.445 18.37 18.27
17.695 17.745 17.765 17.76 17.758 17.763 17.773 17.783 17.793 17.807 17.827 17.85 17.875 17.9 17.922 17.947 17.972 17.997 18.02 18.042 18.062 18.075 18.085 18.092 18.098 18.105 18.118 18.133 18.143 18.15 18.16 18.185 18.203 18.198 18.2 18.225 18.27 18.32 18.382 18.412 18.39 18.373 18.375 18.385 18.387 18.378 18.395 18.447 18.505 18.56 18.587 18.565 18.507 18.443 18.418 18.447 18.457 18.412 18.345 18.305 18.3 18.297 18.292 18.287 18.282 18.28 18.302 18.312 18.293 18.277 18.237 18.162 18.08
17.605 17.657 17.677 17.67 17.665 17.66 17.645 17.628 17.63 17.653 17.677 17.702 17.727 17.752 17.777 17.802 17.83 17.852 17.877 17.922 17.962 17.977 17.985 17.995 18.002 18.01 18.018 18.04 18.065 18.07 18.07 18.063 18.05 18.045 18.063 18.103 18.15 18.197 18.222 18.215 18.193 18.175 18.173 18.18 18.19 18.198 18.23 18.285 18.337 18.392 18.41 18.372 18.315 18.263 18.243 18.27 18.31 18.302 18.273 18.26 18.25 18.24 18.23 18.22 18.212 18.202 18.158 18.113 18.097 18.08 18.032 17.953 17.908
17.513 17.567 17.59 17.582 17.572 17.55 17.512 17.478 17.475 17.5 17.525 17.55 17.575 17.6 17.625 17.65 17.675 17.69 17.71 17.772 17.845 17.875 17.887 17.897 17.905 17.915 17.923 17.958 18 18.01 18 17.978 17.96 17.96 17.98 18.013 18.052 18.082 18.072 18.043 18.018 18 17.993 17.995 17.997 17.995 18.025 18.08 18.133 18.187 18.195 18.148 18.115 18.108 18.108 18.118 18.15 18.187 18.195 18.182 18.167 18.152 18.137 18.125 18.118 18.117 18.07 17.965 17.9 17.877 17.823 17.768 17.775
17.448 17.48 17.5 17.482 17.45 17.405 17.353 17.318 17.323 17.35 17.375 17.4 17.425 17.45 17.475 17.497 17.515 17.525 17.54 17.615 17.715 17.76 17.78 17.795 17.805 17.815 17.825 17.868 17.927 17.945 17.925 17.895 17.875 17.88 17.905 17.935 17.96 17.96 17.932 17.897 17.865 17.84 17.82 17.813 17.793 17.778 17.815 17.873 17.928 17.978 17.99 17.973 17.98 18.005 18.012 18.005 18.008 18.04 18.075 18.077 18.065 18.05 18.035 18.028 18.028 18.032 18.022 17.89 17.733 17.675 17.633 17.628 17.665
17.425 17.42 17.407 17.363 17.31 17.258 17.2 17.163 17.17 17.197 17.222 17.25 17.275 17.3 17.325 17.343 17.355 17.365 17.38 17.468 17.585 17.635 17.655 17.675 17.693 17.708 17.725 17.778 17.852 17.872 17.845 17.812 17.783 17.77 17.78 17.797 17.805 17.79 17.76 17.727 17.697 17.67 17.645 17.65 17.655 17.658 17.695 17.748 17.798 17.828 17.845 17.865 17.89 17.915 17.92 17.91 17.903 17.91 17.938 17.962 17.962 17.948 17.938 17.938 17.942 17.947 17.952 17.865 17.65 17.503 17.488 17.515 17.555
17.405 17.382 17.343 17.285 17.228 17.165 17.088 17.02 17.008 17.032 17.06 17.09 17.118 17.148 17.178 17.198 17.215 17.235 17.265 17.35 17.455 17.505 17.525 17.548 17.583 17.625 17.67 17.743 17.797 17.787 17.755 17.723 17.698 17.655 17.6 17.583 17.585 17.57 17.54 17.513 17.493 17.493 17.515 17.558 17.607 17.642 17.675 17.717 17.747 17.748 17.753 17.775 17.8 17.83 17.845 17.843 17.843 17.848 17.848 17.85 17.852 17.847 17.847 17.852 17.852 17.852 17.852 17.825 17.642 17.435 17.4 17.435 17.473
17.37 17.347 17.307 17.25 17.18 17.092 16.99 16.895 16.848 16.855 16.885 16.915 16.963 17.028 17.065 17.08 17.105 17.135 17.18 17.255 17.338 17.398 17.44 17.483 17.538 17.603 17.672 17.73 17.732 17.695 17.658 17.63 17.627 17.597 17.493 17.39 17.355 17.34 17.315 17.318 17.343 17.388 17.453 17.512 17.567 17.615 17.657 17.687 17.685 17.665 17.665 17.688 17.72 17.76 17.79 17.802 17.813 17.825 17.815 17.79 17.747 17.722 17.732 17.732 17.727 17.722 17.717 17.707 17.627 17.45 17.36 17.395 17.435
17.327 17.312 17.267 17.192 17.097 16.99 16.88 16.785 16.715 16.685 16.713 16.775 16.86 16.952 16.99 16.988 17.005 17.035 17.09 17.17 17.248 17.325 17.405 17.48 17.545 17.61 17.665 17.67 17.638 17.6 17.563 17.543 17.55 17.557 17.477 17.32 17.195 17.15 17.165 17.213 17.278 17.343 17.407 17.467 17.52 17.567 17.607 17.617 17.6 17.58 17.583 17.612 17.65 17.69 17.727 17.76 17.785 17.802 17.792 17.725 17.593 17.525 17.552 17.57 17.575 17.57 17.563 17.55 17.527 17.415 17.33 17.37 17.42
17.272 17.267 17.207 17.105 16.995 16.885 16.775 16.678 16.613 16.595 16.633 16.705 16.798 16.89 16.925 16.915 16.915 16.94 17.003 17.085 17.165 17.25 17.342 17.435 17.517 17.592 17.622 17.595 17.558 17.52 17.485 17.47 17.478 17.492 17.457 17.33 17.158 17.035 17.03 17.112 17.215 17.297 17.362 17.42 17.462 17.495 17.52 17.522 17.507 17.498 17.503 17.53 17.565 17.6 17.64 17.687 17.732 17.767 17.745 17.625 17.46 17.375 17.383 17.395 17.403 17.41 17.41 17.393 17.37 17.325 17.308 17.352 17.407
17.23 17.235 17.17 17.053 16.938 16.82 16.708 16.618 16.588 16.62 16.67 16.718 16.78 16.85 16.878 16.873 16.865 16.875 16.925 17 17.08 17.163 17.25 17.343 17.437 17.53 17.562 17.533 17.5 17.465 17.43 17.415 17.42 17.43 17.425 17.335 17.17 17 16.885 16.9 17.015 17.14 17.25 17.34 17.385 17.405 17.422 17.425 17.413 17.415 17.428 17.44 17.465 17.5 17.543 17.593 17.647 17.702 17.702 17.605 17.46 17.368 17.34 17.325 17.32 17.313 17.303 17.293 17.28 17.275 17.285 17.318 17.367
17.202 17.212 17.162 17.05 16.93 16.82 16.735 16.643 16.61 16.66 16.71 16.757 16.805 16.845 16.865 16.87 16.865 16.865 16.888 16.93 16.995 17.075 17.16 17.25 17.345 17.45 17.495 17.472 17.445 17.413 17.38 17.368 17.373 17.385 17.392 17.315 17.16 17.002 16.843 16.725 16.728 16.843 17 17.152 17.262 17.31 17.327 17.33 17.325 17.34 17.36 17.365 17.375 17.403 17.445 17.5 17.563 17.622 17.657 17.622 17.507 17.413 17.383 17.367 17.335 17.265 17.225 17.247 17.265 17.265 17.265 17.275 17.308
17.17 17.18 17.15 17.055 16.958 16.908 16.842 16.695 16.625 16.675 16.723 16.77 16.817 16.847 16.865 16.88 16.882 16.885 16.895 16.908 16.938 16.995 17.073 17.16 17.26 17.375 17.425 17.405 17.382 17.357 17.33 17.32 17.333 17.355 17.36 17.275 17.125 16.98 16.832 16.675 16.558 16.558 16.68 16.863 17.04 17.17 17.23 17.237 17.245 17.27 17.29 17.295 17.3 17.315 17.355 17.42 17.492 17.55 17.58 17.587 17.535 17.458 17.422 17.382 17.297 17.185 17.14 17.187 17.235 17.252 17.255 17.255 17.265
17.14 17.15 17.137 17.095 17.065 17.047 16.942 16.745 16.653 16.69 16.737 16.782 16.82 16.842 16.86 16.877 16.882 16.887 16.905 16.922 16.935 16.958 17 17.07 17.177 17.3 17.355 17.338 17.315 17.298 17.278 17.278 17.305 17.335 17.327 17.232 17.085 16.938 16.793 16.645 16.498 16.39 16.428 16.588 16.765 16.94 17.075 17.14 17.173 17.202 17.22 17.227 17.232 17.238 17.278 17.353 17.43 17.477 17.498 17.52 17.52 17.482 17.42 17.327 17.212 17.095 17.058 17.113 17.175 17.222 17.24 17.24 17.24
17.075 17.082 17.1 17.15 17.215 17.177 17.01 16.805 16.69 16.703 16.75 16.792 16.82 16.837 16.852 16.86 16.85 16.847 16.865 16.887 16.907 16.925 16.945 16.988 17.08 17.2 17.287 17.302 17.28 17.263 17.25 17.26 17.29 17.32 17.3 17.195 17.053 16.908 16.768 16.628 16.485 16.36 16.345 16.473 16.643 16.808 16.968 17.067 17.107 17.135 17.15 17.157 17.16 17.163 17.205 17.285 17.37 17.417 17.423 17.435 17.455 17.437 17.35 17.23 17.123 17.028 16.998 17.048 17.11 17.17 17.2 17.2 17.2
16.965 16.978 17.035 17.14 17.235 17.222 17.07 16.865 16.728 16.718 16.762 16.795 16.815 16.825 16.825 16.82 16.798 16.783 16.79 16.808 16.83 16.852 16.877 16.91 16.975 17.078 17.192 17.27 17.28 17.26 17.253 17.268 17.292 17.31 17.272 17.17 17.042 16.905 16.768 16.63 16.49 16.39 16.365 16.468 16.652 16.822 16.952 17.015 17.042 17.065 17.077 17.08 17.08 17.088 17.135 17.218 17.312 17.375 17.375 17.363 17.367 17.342 17.255 17.153 17.07 17 16.975 17.005 17.055 17.115 17.145 17.142 17.138
16.85 16.885 16.962 17.047 17.107 17.137 17.082 16.92 16.763 16.73 16.77 16.79 16.797 16.795 16.785 16.77 16.743 16.72 16.72 16.735 16.753 16.77 16.795 16.83 16.878 16.958 17.068 17.18 17.252 17.26 17.258 17.275 17.287 17.282 17.23 17.135 17.027 16.905 16.77 16.63 16.503 16.43 16.4 16.465 16.645 16.822 16.917 16.945 16.962 16.98 16.992 16.997 17 17.013 17.068 17.158 17.257 17.332 17.345 17.32 17.3 17.265 17.193 17.118 17.052 16.988 16.963 16.98 17.01 17.06 17.09 17.087 17.08
16.783 16.79 16.853 16.908 16.96 17.008 17.007 16.922 16.79 16.74 16.762 16.765 16.76 16.75 16.74 16.72 16.688 16.658 16.653 16.67 16.688 16.705 16.728 16.755 16.79 16.848 16.943 17.057 17.167 17.235 17.255 17.257 17.25 17.237 17.182 17.085 16.982 16.875 16.76 16.63 16.528 16.48 16.453 16.478 16.618 16.795 16.87 16.873 16.878 16.885 16.895 16.908 16.918 16.94 17.008 17.105 17.205 17.29 17.31 17.277 17.24 17.197 17.145 17.087 17.03 16.973 16.95 16.965 16.985 17.015 17.035 17.033 17.028
16.835 16.745 16.788 16.84 16.9 16.945 16.932 16.87 16.788 16.74 16.735 16.723 16.71 16.7 16.687 16.665 16.638 16.625 16.625 16.635 16.655 16.675 16.698 16.725 16.745 16.763 16.825 16.935 17.058 17.175 17.227 17.217 17.205 17.192 17.135 17.035 16.935 16.838 16.743 16.635 16.565 16.54 16.513 16.503 16.59 16.755 16.83 16.825 16.82 16.813 16.813 16.823 16.835 16.883 16.978 17.083 17.188 17.272 17.267 17.21 17.167 17.122 17.075 17.027 16.98 16.94 16.933 16.95 16.967 16.985 16.998 16.998 16.995
16.645 16.79 16.808 16.86 16.917 16.935 16.89 16.83 16.793 16.765 16.725 16.685 16.665 16.655 16.638 16.62 16.623 16.642 16.645 16.635 16.645 16.665 16.693 16.73 16.752 16.753 16.775 16.853 16.97 17.102 17.175 17.175 17.165 17.17 17.13 17.035 16.945 16.855 16.763 16.655 16.598 16.595 16.577 16.553 16.585 16.717 16.8 16.792 16.777 16.755 16.748 16.755 16.8 16.895 16.998 17.1 17.212 17.285 17.242 17.148 17.09 17.047 17 16.953 16.915 16.9 16.91 16.927 16.943 16.96 16.975 16.98 16.98
