EGM722_Project_Data/DTM_asc/TL4755.asc
ncols         200
nrows         200
xllcorner     547000.000
yllcorner     255000.000
cellsize      5
NODATA_value  -9999.0
[rows 33 to 65 of 200, columns 0 to 73 of 200]
9.07 9.055 9.11 9.165 9.217 9.232 9.205 9.162 9.117 9.075 9.068 9.097 9.13 9.16 9.175 9.167 9.147 9.112 9.075 9.063 9.072 9.087 9.075 9.055 9.05 9.042 9.037 9.032 9.025 9.04 9.093 9.157 9.22 9.27 9.28 9.257 9.232 9.207 9.182 9.157 9.137 9.12 9.082 9.015 8.93 8.843 8.758 8.685 8.65 8.67 8.725 8.788 8.853 8.92 8.97 8.987 8.993 9.005 9.055 9.135 9.212 9.267 9.3 9.322 9.322 9.282 9.215 9.148 9.1 9.095 9.115 9.13 9.135 9.135
9.108 9.11 9.165 9.218 9.267 9.272 9.235 9.19 9.143 9.103 9.1 9.13 9.16 9.19 9.202 9.19 9.16 9.115 9.065 9.028 9.028 9.055 9.08 9.087 9.082 9.075 9.067 9.062 9.055 9.058 9.09 9.145 9.207 9.262 9.272 9.25 9.227 9.202 9.172 9.128 9.08 9.045 9.01 8.947 8.863 8.775 8.718 8.698 8.698 8.725 8.773 8.828 8.885 8.945 8.987 9.005 9.013 9.03 9.088 9.17 9.24 9.28 9.307 9.337 9.347 9.317 9.255 9.185 9.125 9.108 9.115 9.12 9.125 9.125
9.163 9.17 9.222 9.272 9.31 9.307 9.267 9.218 9.168 9.13 9.13 9.16 9.19 9.217 9.225 9.205 9.165 9.115 9.065 9.015 8.985 8.995 9.035 9.07 9.077 9.072 9.065 9.058 9.055 9.068 9.093 9.128 9.183 9.235 9.247 9.23 9.21 9.185 9.15 9.1 9.038 8.983 8.943 8.883 8.818 8.785 8.798 8.823 8.82 8.82 8.85 8.9 8.952 8.995 9.02 9.035 9.045 9.075 9.145 9.22 9.26 9.275 9.295 9.327 9.352 9.337 9.287 9.225 9.158 9.118 9.108 9.11 9.115 9.115
9.238 9.235 9.277 9.317 9.34 9.34 9.305 9.25 9.198 9.16 9.16 9.187 9.215 9.242 9.242 9.207 9.16 9.11 9.063 9.015 8.968 8.948 8.975 9.027 9.062 9.067 9.062 9.055 9.06 9.083 9.108 9.133 9.168 9.207 9.22 9.205 9.187 9.165 9.13 9.077 9.013 8.95 8.895 8.86 8.865 8.902 8.95 8.975 8.962 8.943 8.943 8.975 9.02 9.04 9.055 9.075 9.085 9.125 9.197 9.247 9.265 9.275 9.288 9.313 9.342 9.337 9.3 9.252 9.195 9.145 9.118 9.11 9.108 9.105
9.322 9.305 9.322 9.347 9.365 9.372 9.345 9.29 9.233 9.188 9.185 9.21 9.235 9.265 9.262 9.22 9.17 9.123 9.078 9.03 8.98 8.94 8.943 8.98 9.023 9.052 9.057 9.058 9.073 9.098 9.123 9.145 9.17 9.192 9.192 9.178 9.163 9.142 9.11 9.055 8.99 8.93 8.878 8.858 8.897 8.985 9.082 9.125 9.107 9.085 9.065 9.062 9.07 9.07 9.087 9.112 9.13 9.177 9.232 9.255 9.265 9.275 9.285 9.303 9.33 9.33 9.297 9.26 9.217 9.172 9.14 9.125 9.112 9.1
9.37 9.337 9.337 9.36 9.38 9.395 9.375 9.32 9.257 9.205 9.2 9.227 9.255 9.282 9.282 9.252 9.21 9.163 9.118 9.067 9.013 8.965 8.955 8.975 9 9.03 9.05 9.065 9.088 9.115 9.143 9.168 9.19 9.19 9.173 9.16 9.145 9.125 9.092 9.037 8.975 8.923 8.883 8.853 8.853 8.93 9.072 9.152 9.14 9.11 9.08 9.072 9.077 9.082 9.112 9.147 9.18 9.22 9.245 9.255 9.265 9.275 9.283 9.293 9.317 9.322 9.292 9.257 9.215 9.152 9.105 9.087 9.072 9.07
9.36 9.325 9.328 9.352 9.375 9.395 9.382 9.335 9.275 9.22 9.215 9.243 9.27 9.297 9.3 9.28 9.25 9.207 9.162 9.107 9.043 8.99 8.98 9 9.015 9.025 9.045 9.08 9.115 9.145 9.175 9.205 9.212 9.185 9.16 9.147 9.132 9.115 9.08 9.025 8.973 8.933 8.898 8.868 8.843 8.848 8.94 9.037 9.042 9.005 8.98 9.003 9.047 9.07 9.108 9.167 9.212 9.235 9.245 9.255 9.265 9.275 9.28 9.285 9.305 9.315 9.29 9.247 9.182 9.085 9.015 9 9.01 9.04
9.335 9.305 9.313 9.34 9.365 9.385 9.377 9.34 9.29 9.238 9.23 9.257 9.285 9.312 9.315 9.295 9.275 9.247 9.2 9.137 9.07 9.015 9 9.012 9.022 9.025 9.04 9.085 9.137 9.18 9.215 9.235 9.215 9.17 9.145 9.132 9.12 9.105 9.07 9.02 8.98 8.947 8.913 8.883 8.857 8.83 8.843 8.905 8.925 8.895 8.895 8.943 9.005 9.043 9.085 9.155 9.202 9.222 9.235 9.247 9.26 9.27 9.277 9.285 9.297 9.305 9.28 9.212 9.115 9.01 8.95 8.955 8.993 9.035
9.307 9.285 9.295 9.325 9.352 9.377 9.375 9.337 9.293 9.248 9.24 9.27 9.3 9.32 9.317 9.3 9.282 9.262 9.215 9.15 9.085 9.035 9.018 9.018 9.018 9.013 9.028 9.075 9.138 9.197 9.242 9.245 9.202 9.155 9.13 9.118 9.108 9.098 9.068 9.028 8.993 8.96 8.927 8.898 8.87 8.843 8.818 8.823 8.838 8.835 8.855 8.905 8.963 9.01 9.06 9.12 9.167 9.195 9.21 9.225 9.24 9.252 9.265 9.277 9.29 9.292 9.252 9.163 9.06 8.978 8.945 8.96 8.995 9.033
9.273 9.265 9.28 9.308 9.335 9.365 9.372 9.342 9.3 9.26 9.255 9.285 9.307 9.31 9.302 9.292 9.275 9.255 9.215 9.153 9.09 9.05 9.038 9.033 9.028 9.023 9.038 9.085 9.148 9.21 9.252 9.24 9.193 9.158 9.145 9.14 9.133 9.123 9.088 9.043 9.007 8.973 8.94 8.913 8.885 8.858 8.84 8.823 8.815 8.83 8.858 8.898 8.945 8.993 9.033 9.08 9.132 9.165 9.182 9.198 9.212 9.227 9.243 9.26 9.277 9.277 9.225 9.13 9.04 8.99 8.98 8.985 9.01 9.045
9.258 9.25 9.265 9.292 9.318 9.345 9.36 9.347 9.317 9.28 9.275 9.3 9.302 9.285 9.275 9.27 9.26 9.245 9.212 9.155 9.103 9.075 9.063 9.057 9.053 9.053 9.07 9.113 9.17 9.23 9.26 9.235 9.198 9.18 9.185 9.197 9.195 9.177 9.13 9.068 9.023 8.988 8.955 8.928 8.905 8.89 8.885 8.86 8.83 8.835 8.863 8.9 8.943 8.987 9.02 9.05 9.095 9.132 9.155 9.17 9.185 9.203 9.223 9.247 9.262 9.252 9.2 9.11 9.04 9.02 9.02 9.02 9.033 9.063
9.26 9.24 9.245 9.275 9.3 9.325 9.34 9.335 9.322 9.298 9.29 9.297 9.28 9.255 9.245 9.24 9.235 9.227 9.205 9.16 9.12 9.103 9.09 9.083 9.08 9.083 9.1 9.14 9.193 9.25 9.27 9.245 9.225 9.213 9.22 9.242 9.25 9.23 9.177 9.11 9.048 9.003 8.97 8.948 8.943 8.95 8.942 8.9 8.85 8.843 8.87 8.903 8.94 8.982 9.015 9.035 9.065 9.1 9.125 9.143 9.163 9.188 9.215 9.237 9.237 9.217 9.17 9.1 9.065 9.065 9.065 9.065 9.068 9.085
9.26 9.235 9.23 9.255 9.28 9.305 9.32 9.318 9.312 9.302 9.29 9.275 9.25 9.225 9.215 9.21 9.205 9.2 9.19 9.17 9.145 9.127 9.115 9.11 9.112 9.117 9.132 9.17 9.22 9.267 9.28 9.267 9.26 9.247 9.25 9.267 9.277 9.257 9.205 9.142 9.077 9.023 8.995 8.99 8.998 9.01 8.995 8.942 8.878 8.853 8.878 8.91 8.943 8.978 9.007 9.03 9.053 9.08 9.105 9.128 9.155 9.185 9.212 9.22 9.203 9.18 9.148 9.115 9.107 9.11 9.11 9.11 9.11 9.115
9.21 9.215 9.228 9.248 9.273 9.298 9.31 9.31 9.305 9.3 9.28 9.248 9.22 9.195 9.183 9.178 9.175 9.17 9.16 9.14 9.122 9.122 9.125 9.12 9.107 9.107 9.13 9.167 9.215 9.267 9.277 9.26 9.255 9.247 9.247 9.252 9.257 9.242 9.195 9.135 9.078 9.045 9.043 9.048 9.055 9.065 9.047 8.99 8.92 8.883 8.9 8.938 8.972 8.99 9.003 9.025 9.048 9.083 9.115 9.135 9.158 9.185 9.2 9.193 9.18 9.173 9.163 9.148 9.138 9.135 9.135 9.135 9.135 9.135
9.168 9.21 9.243 9.26 9.283 9.305 9.312 9.31 9.305 9.3 9.275 9.228 9.19 9.165 9.15 9.145 9.142 9.132 9.112 9.075 9.04 9.04 9.047 9.045 9.045 9.06 9.093 9.13 9.178 9.252 9.27 9.23 9.215 9.21 9.21 9.21 9.215 9.205 9.16 9.105 9.075 9.088 9.107 9.11 9.115 9.125 9.102 9.04 8.978 8.94 8.95 8.99 9.015 9.002 8.998 9.023 9.058 9.107 9.145 9.163 9.178 9.2 9.21 9.205 9.21 9.22 9.215 9.193 9.173 9.158 9.15 9.15 9.15 9.15
9.19 9.24 9.27 9.28 9.295 9.312 9.317 9.312 9.305 9.3 9.277 9.225 9.173 9.138 9.12 9.112 9.102 9.085 9.06 9.02 8.968 8.943 8.943 8.955 8.985 9.02 9.055 9.09 9.148 9.242 9.272 9.22 9.183 9.17 9.17 9.17 9.172 9.165 9.13 9.103 9.118 9.152 9.177 9.18 9.175 9.18 9.157 9.1 9.05 9.013 9.013 9.037 9.032 9 8.995 9.033 9.085 9.14 9.177 9.2 9.23 9.277 9.297 9.288 9.285 9.285 9.272 9.25 9.227 9.203 9.185 9.175 9.17 9.17
9.2 9.26 9.295 9.302 9.312 9.32 9.32 9.315 9.308 9.302 9.282 9.235 9.175 9.123 9.09 9.073 9.053 9.03 9.008 8.983 8.955 8.938 8.94 8.958 8.98 9.005 9.03 9.055 9.123 9.235 9.275 9.222 9.165 9.14 9.14 9.138 9.135 9.135 9.133 9.148 9.182 9.217 9.245 9.252 9.245 9.24 9.217 9.172 9.13 9.09 9.07 9.06 9.035 9.005 9.01 9.06 9.118 9.173 9.22 9.257 9.305 9.365 9.387 9.37 9.352 9.335 9.317 9.3 9.277 9.255 9.235 9.215 9.2 9.193
9.175 9.245 9.29 9.305 9.315 9.322 9.325 9.32 9.315 9.31 9.297 9.26 9.2 9.14 9.093 9.065 9.04 9.015 9 8.995 8.995 8.992 8.993 9.005 9.02 9.035 9.05 9.065 9.128 9.24 9.282 9.23 9.165 9.133 9.13 9.125 9.12 9.12 9.142 9.187 9.232 9.277 9.312 9.322 9.302 9.27 9.232 9.19 9.15 9.117 9.095 9.07 9.038 9.015 9.043 9.105 9.16 9.215 9.255 9.29 9.337 9.38 9.4 9.397 9.385 9.36 9.337 9.32 9.3 9.28 9.263 9.258 9.252 9.235
9.145 9.205 9.26 9.285 9.292 9.305 9.322 9.327 9.325 9.32 9.312 9.29 9.237 9.18 9.135 9.1 9.07 9.045 9.035 9.04 9.045 9.045 9.045 9.055 9.07 9.085 9.102 9.12 9.163 9.255 9.292 9.237 9.175 9.138 9.13 9.125 9.115 9.105 9.13 9.185 9.24 9.295 9.335 9.34 9.3 9.242 9.193 9.15 9.118 9.103 9.095 9.075 9.048 9.035 9.075 9.15 9.212 9.267 9.285 9.288 9.323 9.362 9.38 9.382 9.38 9.365 9.345 9.325 9.315 9.318 9.328 9.335 9.315 9.285
9.148 9.185 9.235 9.262 9.265 9.275 9.3 9.32 9.327 9.327 9.32 9.31 9.272 9.22 9.18 9.143 9.108 9.078 9.065 9.075 9.087 9.092 9.095 9.105 9.12 9.135 9.155 9.175 9.208 9.275 9.295 9.242 9.185 9.143 9.128 9.12 9.105 9.088 9.108 9.16 9.212 9.262 9.29 9.282 9.25 9.2 9.15 9.12 9.105 9.1 9.097 9.083 9.068 9.065 9.103 9.185 9.262 9.312 9.315 9.293 9.31 9.347 9.36 9.36 9.36 9.357 9.367 9.385 9.405 9.437 9.45 9.42 9.358 9.323
9.17 9.195 9.227 9.242 9.24 9.25 9.273 9.295 9.315 9.33 9.33 9.322 9.3 9.26 9.222 9.187 9.15 9.112 9.095 9.105 9.122 9.135 9.142 9.155 9.172 9.19 9.21 9.23 9.26 9.295 9.287 9.24 9.187 9.145 9.12 9.1 9.08 9.065 9.08 9.123 9.17 9.21 9.217 9.2 9.18 9.15 9.12 9.113 9.113 9.11 9.11 9.105 9.1 9.1 9.133 9.213 9.302 9.35 9.34 9.31 9.308 9.327 9.337 9.335 9.325 9.315 9.38 9.495 9.56 9.572 9.53 9.46 9.385 9.358
9.193 9.217 9.232 9.235 9.238 9.25 9.27 9.29 9.315 9.34 9.345 9.335 9.315 9.28 9.24 9.2 9.16 9.105 9.08 9.105 9.13 9.15 9.167 9.182 9.197 9.212 9.227 9.245 9.262 9.265 9.245 9.207 9.16 9.117 9.087 9.06 9.04 9.035 9.05 9.085 9.127 9.155 9.15 9.133 9.115 9.115 9.128 9.135 9.14 9.14 9.14 9.14 9.143 9.148 9.18 9.255 9.345 9.39 9.375 9.343 9.315 9.303 9.297 9.285 9.265 9.245 9.353 9.567 9.677 9.655 9.58 9.505 9.43 9.413
9.217 9.235 9.24 9.245 9.255 9.27 9.29 9.31 9.335 9.36 9.365 9.347 9.312 9.267 9.222 9.18 9.122 9.04 9.018 9.065 9.102 9.127 9.15 9.162 9.17 9.18 9.19 9.202 9.205 9.19 9.17 9.145 9.107 9.065 9.033 9.013 9.005 9.005 9.02 9.055 9.09 9.105 9.097 9.083 9.08 9.123 9.165 9.175 9.182 9.185 9.185 9.188 9.198 9.213 9.245 9.318 9.397 9.435 9.422 9.385 9.332 9.283 9.245 9.213 9.19 9.185 9.318 9.555 9.697 9.725 9.692 9.628 9.553 9.533
9.24 9.248 9.255 9.265 9.275 9.29 9.31 9.33 9.353 9.377 9.38 9.345 9.295 9.243 9.195 9.135 9.037 8.955 8.955 9.01 9.06 9.092 9.112 9.12 9.123 9.13 9.137 9.137 9.127 9.11 9.09 9.07 9.045 9.01 8.983 8.975 8.975 8.978 8.993 9.022 9.047 9.055 9.05 9.045 9.078 9.152 9.2 9.21 9.22 9.227 9.235 9.248 9.265 9.285 9.315 9.377 9.442 9.482 9.477 9.422 9.348 9.278 9.22 9.168 9.125 9.133 9.27 9.477 9.645 9.74 9.77 9.77 9.732 9.698
9.26 9.265 9.275 9.287 9.3 9.313 9.33 9.35 9.37 9.39 9.382 9.338 9.283 9.228 9.153 9.045 8.925 8.865 8.893 8.95 9.005 9.053 9.078 9.08 9.08 9.083 9.083 9.07 9.055 9.043 9.025 9.008 8.993 8.97 8.953 8.95 8.95 8.953 8.965 8.985 8.998 9.003 9.005 9.033 9.105 9.187 9.232 9.245 9.255 9.265 9.288 9.32 9.343 9.36 9.383 9.428 9.483 9.532 9.53 9.455 9.375 9.315 9.268 9.22 9.173 9.168 9.235 9.383 9.567 9.685 9.74 9.795 9.822 9.827
9.28 9.285 9.295 9.307 9.322 9.335 9.347 9.365 9.382 9.39 9.377 9.342 9.29 9.235 9.14 8.985 8.833 8.79 8.858 8.94 9.013 9.068 9.08 9.07 9.07 9.07 9.07 9.063 9.048 9.035 9.023 9.008 8.995 8.98 8.965 8.955 8.948 8.943 8.943 8.955 8.973 8.99 9.013 9.06 9.14 9.22 9.265 9.282 9.295 9.305 9.34 9.395 9.427 9.445 9.463 9.5 9.555 9.61 9.607 9.53 9.47 9.44 9.41 9.375 9.35 9.355 9.343 9.353 9.48 9.62 9.69 9.745 9.81 9.89
9.295 9.303 9.315 9.325 9.337 9.347 9.355 9.37 9.382 9.377 9.365 9.345 9.305 9.255 9.17 9 8.835 8.823 8.918 9.012 9.085 9.13 9.127 9.1 9.09 9.09 9.095 9.097 9.09 9.078 9.065 9.05 9.035 9.02 9.005 8.99 8.975 8.968 8.965 8.98 9.01 9.04 9.075 9.118 9.178 9.25 9.297 9.32 9.335 9.348 9.39 9.457 9.507 9.535 9.558 9.6 9.655 9.71 9.715 9.658 9.628 9.625 9.602 9.568 9.568 9.61 9.585 9.493 9.473 9.555 9.643 9.715 9.815 9.932
9.305 9.318 9.332 9.342 9.347 9.352 9.358 9.37 9.375 9.36 9.345 9.33 9.305 9.27 9.2 9.058 8.943 8.955 9.03 9.1 9.15 9.182 9.18 9.145 9.118 9.11 9.115 9.122 9.125 9.12 9.107 9.09 9.075 9.06 9.043 9.028 9.02 9.02 9.025 9.045 9.078 9.11 9.145 9.185 9.23 9.288 9.332 9.355 9.373 9.393 9.44 9.51 9.572 9.617 9.653 9.7 9.755 9.81 9.83 9.81 9.802 9.805 9.79 9.773 9.8 9.862 9.85 9.75 9.645 9.613 9.663 9.748 9.863 9.988
9.312 9.335 9.345 9.352 9.355 9.357 9.362 9.367 9.36 9.343 9.328 9.31 9.29 9.267 9.222 9.145 9.088 9.085 9.12 9.168 9.21 9.24 9.232 9.197 9.163 9.14 9.14 9.148 9.153 9.158 9.152 9.135 9.118 9.102 9.083 9.078 9.088 9.09 9.093 9.11 9.145 9.18 9.215 9.255 9.295 9.34 9.378 9.4 9.42 9.438 9.48 9.552 9.622 9.685 9.742 9.797 9.85 9.905 9.942 9.955 9.965 9.972 9.97 9.987 10.042 10.107 10.107 10.03 9.945 9.883 9.893 9.962 10.032 10.1
9.317 9.34 9.34 9.342 9.345 9.342 9.35 9.365 9.36 9.343 9.325 9.305 9.285 9.265 9.248 9.24 9.225 9.203 9.215 9.253 9.287 9.302 9.28 9.245 9.21 9.178 9.175 9.188 9.195 9.205 9.202 9.185 9.165 9.142 9.115 9.145 9.192 9.195 9.195 9.205 9.225 9.25 9.285 9.33 9.378 9.423 9.458 9.48 9.485 9.47 9.495 9.57 9.645 9.738 9.827 9.885 9.937 9.992 10.035 10.06 10.077 10.095 10.11 10.14 10.202 10.272 10.287 10.237 10.175 10.125 10.12 10.152 10.175 10.185
9.322 9.317 9.307 9.305 9.305 9.313 9.338 9.372 9.38 9.358 9.335 9.315 9.295 9.275 9.278 9.312 9.33 9.315 9.325 9.36 9.372 9.352 9.318 9.282 9.247 9.213 9.21 9.232 9.25 9.262 9.255 9.23 9.2 9.165 9.135 9.195 9.295 9.325 9.328 9.333 9.335 9.338 9.365 9.42 9.475 9.525 9.562 9.572 9.54 9.485 9.498 9.573 9.665 9.805 9.917 9.968 10.02 10.075 10.112 10.135 10.155 10.183 10.207 10.223 10.265 10.335 10.355 10.31 10.25 10.195 10.17 10.173 10.178 10.185
9.31 9.28 9.263 9.26 9.27 9.3 9.34 9.38 9.392 9.373 9.35 9.328 9.305 9.29 9.31 9.362 9.407 9.42 9.432 9.45 9.43 9.39 9.355 9.32 9.283 9.248 9.243 9.265 9.29 9.307 9.292 9.255 9.215 9.175 9.155 9.225 9.357 9.437 9.46 9.465 9.457 9.438 9.455 9.515 9.572 9.625 9.657 9.637 9.57 9.495 9.5 9.593 9.728 9.897 10.01 10.055 10.103 10.155 10.19 10.215 10.245 10.28 10.305 10.308 10.32 10.37 10.382 10.33 10.27 10.215 10.19 10.19 10.188 10.188
9.28 9.245 9.225 9.235 9.265 9.305 9.345 9.385 9.402 9.39 9.367 9.343 9.32 9.31 9.34 9.397 9.457 9.505 9.52 9.502 9.467 9.43 9.392 9.357 9.32 9.283 9.275 9.298 9.323 9.345 9.327 9.278 9.23 9.185 9.175 9.255 9.395 9.517 9.582 9.59 9.565 9.53 9.543 9.6 9.66 9.715 9.727 9.672 9.588 9.505 9.518 9.65 9.82 9.992 10.097 10.142 10.187 10.232 10.272 10.31 10.345 10.38 10.402 10.402 10.398 10.415 10.407 10.35 10.293 10.24 10.215 10.213 10.208 10.208
