EGM722_Project_Data/DTM_asc/TL4756.asc
ncols         200
nrows         200
xllcorner     547000.000
yllcorner     256000.000
cellsize      5
NODATA_value  -9999.0
[rows 140 to 174 of 200, columns 0 to 78 of 200]
9.035 9.02 8.993 8.968 8.953 8.947 8.915 8.83 8.748 8.715 8.738 8.788 8.858 8.94 8.963 8.983 9.085 9.13 9.078 9.025 8.993 8.975 8.96 8.94 8.925 8.91 8.975 9.112 9.23 9.27 9.225 9.16 9.087 9.01 8.963 8.958 8.963 8.97 8.983 8.995 9.01 9.03 9.035 9.025 8.997 8.945 8.885 8.828 8.78 8.742 8.705 8.67 8.68 8.755 8.85 8.935 8.985 8.99 8.98 8.97 8.952 8.917 8.855 8.795 8.805 8.845 8.86 8.865 8.855 8.828 8.858 8.932 8.97 8.99 9.018 9.07 9.16 9.262 9.305
9.02 9 8.983 8.98 8.99 9 8.992 8.92 8.813 8.788 8.85 8.93 9.012 9.095 9.135 9.1 9.085 9.09 9.055 9.028 9.01 8.995 8.98 8.963 8.948 8.933 8.958 9.045 9.155 9.2 9.17 9.12 9.057 8.985 8.945 8.95 8.955 8.963 8.98 8.995 9.01 9.03 9.035 9.025 9.01 8.982 8.94 8.895 8.855 8.815 8.775 8.735 8.705 8.725 8.8 8.885 8.957 8.99 8.985 8.978 8.97 8.96 8.93 8.872 8.83 8.823 8.83 8.84 8.847 8.843 8.868 8.913 8.94 8.968 8.995 9.063 9.17 9.277 9.327
8.987 8.968 8.965 8.975 8.99 9.005 9.017 8.997 8.913 8.898 8.985 9.07 9.15 9.207 9.217 9.165 9.085 9.048 9.037 9.025 9.012 9.01 9.005 8.99 8.975 8.96 8.953 8.985 9.075 9.13 9.11 9.065 9.015 8.958 8.933 8.945 8.953 8.965 8.983 8.998 9.015 9.03 9.03 9.02 9.007 8.995 8.97 8.932 8.897 8.862 8.827 8.79 8.752 8.733 8.763 8.838 8.92 8.977 8.992 8.988 8.983 8.975 8.957 8.91 8.845 8.81 8.81 8.82 8.83 8.843 8.87 8.91 8.953 8.99 9.02 9.085 9.187 9.26 9.32
8.945 8.925 8.925 8.938 8.953 8.97 8.995 9.017 8.997 9.007 9.062 9.097 9.13 9.137 9.105 9.043 8.993 8.998 9.012 9.005 9.005 9.022 9.03 9.02 9.005 8.99 8.975 8.97 9.013 9.06 9.05 9.005 8.968 8.943 8.94 8.955 8.963 8.973 8.988 9.005 9.02 9.022 9.017 9.012 9.005 8.995 8.97 8.933 8.9 8.87 8.84 8.805 8.77 8.75 8.76 8.81 8.888 8.96 8.995 9 8.997 8.99 8.97 8.922 8.86 8.813 8.8 8.81 8.82 8.838 8.875 8.925 8.975 9.02 9.062 9.122 9.187 9.165 9.208
8.903 8.885 8.885 8.903 8.925 8.948 8.975 9.005 9.022 9.037 9.037 9.013 8.988 8.963 8.935 8.918 8.93 8.962 8.985 8.993 9.01 9.035 9.047 9.045 9.032 9.02 9.005 8.99 8.99 9.003 8.998 8.973 8.955 8.95 8.957 8.967 8.972 8.98 8.995 9.01 9.015 9.01 9.005 9.005 9.002 8.995 8.97 8.93 8.893 8.86 8.83 8.798 8.773 8.77 8.788 8.818 8.873 8.942 8.985 9.002 9.01 9.005 8.982 8.935 8.875 8.82 8.795 8.8 8.813 8.833 8.87 8.92 8.972 9.017 9.047 9.062 9.057 8.98 9.013
8.855 8.845 8.853 8.875 8.902 8.927 8.955 8.982 9.002 9.01 8.998 8.968 8.935 8.903 8.88 8.883 8.905 8.935 8.96 8.98 9.002 9.025 9.04 9.04 9.03 9.03 9.042 9.042 9.025 9.013 9.008 9.005 9.002 8.983 8.97 8.975 8.98 8.99 9 9.005 9.002 8.998 8.995 8.995 8.995 8.987 8.962 8.925 8.887 8.853 8.823 8.803 8.798 8.805 8.823 8.845 8.878 8.93 8.97 8.99 9.007 9.017 9 8.95 8.89 8.833 8.795 8.793 8.81 8.83 8.86 8.89 8.912 8.927 8.917 8.875 8.82 8.753 8.81
8.788 8.81 8.835 8.853 8.878 8.905 8.932 8.955 8.975 8.99 8.992 8.977 8.95 8.918 8.893 8.885 8.893 8.915 8.94 8.957 8.975 8.995 9.01 9.01 9.008 9.028 9.077 9.11 9.1 9.085 9.08 9.08 9.062 9.013 8.983 8.985 8.99 8.99 8.985 8.985 8.985 8.985 8.982 8.98 8.977 8.967 8.942 8.905 8.872 8.845 8.823 8.815 8.825 8.845 8.865 8.885 8.908 8.938 8.968 8.99 9.01 9.032 9.022 8.97 8.91 8.853 8.808 8.795 8.813 8.835 8.842 8.823 8.785 8.753 8.725 8.69 8.653 8.618 8.673
8.728 8.795 8.837 8.84 8.855 8.882 8.907 8.927 8.945 8.96 8.972 8.977 8.96 8.93 8.908 8.898 8.895 8.903 8.92 8.935 8.948 8.965 8.98 8.985 8.998 9.03 9.09 9.16 9.18 9.168 9.162 9.142 9.092 9.028 8.993 8.993 8.995 8.972 8.95 8.95 8.96 8.972 8.968 8.958 8.952 8.942 8.915 8.875 8.843 8.825 8.825 8.838 8.863 8.893 8.915 8.935 8.955 8.978 9.003 9.025 9.048 9.072 9.057 8.998 8.935 8.878 8.835 8.815 8.82 8.842 8.835 8.783 8.73 8.708 8.698 8.685 8.678 8.673 8.715
8.708 8.792 8.852 8.858 8.845 8.858 8.882 8.902 8.917 8.93 8.945 8.96 8.96 8.94 8.923 8.915 8.91 8.91 8.915 8.92 8.925 8.938 8.95 8.968 8.998 9.035 9.093 9.18 9.242 9.25 9.225 9.172 9.107 9.04 9 9 8.987 8.94 8.913 8.925 8.95 8.967 8.96 8.94 8.928 8.915 8.888 8.853 8.828 8.828 8.853 8.885 8.917 8.947 8.97 8.99 9.01 9.033 9.057 9.08 9.103 9.127 9.107 9.038 8.968 8.905 8.865 8.848 8.84 8.85 8.842 8.803 8.793 8.825 8.84 8.833 8.83 8.833 8.88
8.703 8.788 8.865 8.89 8.865 8.853 8.86 8.875 8.89 8.9 8.915 8.93 8.943 8.948 8.948 8.948 8.948 8.953 8.953 8.948 8.945 8.948 8.95 8.968 9.005 9.045 9.098 9.18 9.262 9.287 9.247 9.185 9.12 9.053 9.013 8.997 8.963 8.913 8.9 8.93 8.965 8.975 8.958 8.933 8.913 8.895 8.875 8.858 8.848 8.863 8.902 8.94 8.97 9 9.025 9.045 9.065 9.087 9.112 9.135 9.157 9.182 9.157 9.082 9.007 8.938 8.898 8.882 8.87 8.865 8.86 8.865 8.905 8.962 8.99 8.99 8.99 8.995 9.042
8.77 8.848 8.905 8.917 8.895 8.868 8.855 8.865 8.883 8.895 8.91 8.925 8.94 8.965 8.99 9.002 9.01 9.017 9.017 9.012 9.005 8.992 8.978 8.985 9.02 9.057 9.095 9.152 9.22 9.247 9.22 9.17 9.117 9.062 9.02 8.99 8.955 8.925 8.93 8.962 8.987 8.987 8.965 8.94 8.918 8.898 8.89 8.888 8.883 8.898 8.942 8.99 9.025 9.055 9.08 9.1 9.117 9.13 9.147 9.172 9.2 9.217 9.18 9.102 9.025 8.948 8.913 8.91 8.9 8.89 8.89 8.917 8.965 9.017 9.05 9.057 9.067 9.087 9.135
8.895 8.935 8.947 8.935 8.912 8.885 8.87 8.88 8.897 8.912 8.927 8.943 8.963 9 9.037 9.06 9.075 9.082 9.082 9.075 9.06 9.035 9.005 9.005 9.04 9.07 9.085 9.103 9.14 9.17 9.155 9.115 9.077 9.042 9.017 9.002 8.983 8.965 8.975 8.997 9.002 8.995 8.98 8.96 8.935 8.91 8.91 8.92 8.918 8.933 8.978 9.032 9.077 9.11 9.135 9.152 9.157 9.15 9.158 9.185 9.212 9.212 9.16 9.08 9 8.925 8.9 8.912 8.917 8.915 8.915 8.933 8.96 8.995 9.025 9.048 9.078 9.115 9.163
8.962 8.972 8.965 8.945 8.925 8.9 8.885 8.895 8.912 8.927 8.943 8.96 8.99 9.04 9.082 9.107 9.13 9.145 9.145 9.13 9.102 9.07 9.038 9.033 9.057 9.072 9.075 9.073 9.08 9.1 9.09 9.055 9.03 9.01 9.005 9.012 9.01 9.005 9.01 9.015 9.01 9 8.99 8.975 8.95 8.92 8.92 8.945 8.952 8.968 9.013 9.067 9.12 9.162 9.185 9.187 9.172 9.155 9.163 9.185 9.205 9.187 9.12 9.042 8.965 8.898 8.88 8.895 8.91 8.922 8.93 8.942 8.96 8.983 9.013 9.052 9.095 9.137 9.185
8.985 8.992 8.98 8.955 8.932 8.908 8.895 8.905 8.925 8.942 8.96 8.985 9.028 9.082 9.125 9.15 9.175 9.192 9.185 9.162 9.132 9.1 9.07 9.057 9.062 9.065 9.065 9.06 9.055 9.058 9.048 9.025 9.008 8.993 8.99 9.005 9.02 9.027 9.025 9.017 9.01 9 8.99 8.98 8.96 8.93 8.928 8.955 8.978 9.003 9.048 9.103 9.16 9.207 9.217 9.2 9.177 9.158 9.16 9.177 9.187 9.155 9.08 9.003 8.93 8.875 8.865 8.883 8.898 8.915 8.927 8.937 8.952 8.97 9.003 9.05 9.097 9.142 9.185
9 9.007 8.99 8.96 8.935 8.91 8.903 8.915 8.935 8.955 8.978 9.015 9.07 9.127 9.165 9.18 9.192 9.197 9.18 9.152 9.127 9.1 9.072 9.05 9.043 9.05 9.052 9.048 9.045 9.04 9.03 9.017 9 8.983 8.983 9 9.015 9.015 9.005 8.995 8.985 8.977 8.975 8.972 8.957 8.935 8.945 8.98 9.008 9.04 9.088 9.145 9.197 9.227 9.222 9.2 9.18 9.158 9.15 9.162 9.167 9.132 9.063 8.988 8.918 8.868 8.858 8.875 8.893 8.91 8.918 8.923 8.935 8.95 8.985 9.038 9.09 9.137 9.167
9.015 9.025 9.01 8.97 8.935 8.908 8.903 8.92 8.94 8.965 9 9.05 9.11 9.155 9.175 9.18 9.177 9.17 9.15 9.12 9.095 9.07 9.045 9.023 9.01 9.017 9.03 9.035 9.032 9.027 9.02 9.012 9 8.98 8.98 8.995 8.997 8.985 8.97 8.96 8.953 8.95 8.955 8.957 8.945 8.938 8.97 9.022 9.055 9.085 9.135 9.19 9.22 9.225 9.217 9.2 9.177 9.15 9.138 9.145 9.155 9.132 9.07 9 8.933 8.878 8.86 8.873 8.89 8.91 8.915 8.91 8.918 8.933 8.968 9.025 9.08 9.13 9.15
9.032 9.045 9.04 9 8.948 8.908 8.9 8.925 8.955 8.99 9.035 9.087 9.132 9.15 9.155 9.16 9.152 9.137 9.117 9.09 9.065 9.042 9.02 8.998 8.978 8.975 8.992 9.01 9.015 9.015 9.01 9.002 8.992 8.978 8.977 8.98 8.967 8.953 8.938 8.928 8.928 8.933 8.938 8.94 8.93 8.94 8.99 9.05 9.1 9.137 9.18 9.215 9.222 9.218 9.212 9.2 9.172 9.14 9.123 9.128 9.142 9.135 9.085 9.015 8.947 8.89 8.87 8.88 8.893 8.907 8.912 8.905 8.905 8.918 8.955 9.015 9.07 9.12 9.13
9.045 9.06 9.067 9.04 8.98 8.923 8.91 8.945 8.985 9.025 9.067 9.105 9.125 9.13 9.135 9.137 9.125 9.105 9.085 9.06 9.035 9.015 8.995 8.972 8.95 8.938 8.948 8.97 8.99 9.002 9 8.99 8.983 8.975 8.967 8.955 8.938 8.923 8.908 8.903 8.91 8.92 8.925 8.925 8.923 8.95 9.013 9.075 9.135 9.182 9.21 9.218 9.215 9.21 9.205 9.195 9.168 9.135 9.11 9.108 9.12 9.122 9.087 9.02 8.95 8.893 8.875 8.885 8.895 8.905 8.907 8.9 8.895 8.905 8.945 9.002 9.057 9.107 9.115
9.027 9.04 9.05 9.037 8.997 8.943 8.925 8.962 9.007 9.05 9.08 9.095 9.105 9.113 9.125 9.12 9.093 9.072 9.052 9.025 8.997 8.975 8.952 8.927 8.905 8.905 8.93 8.955 8.978 8.995 8.995 8.985 8.98 8.972 8.95 8.928 8.912 8.895 8.883 8.885 8.898 8.92 8.935 8.933 8.938 8.975 9.038 9.1 9.16 9.212 9.235 9.233 9.228 9.223 9.218 9.208 9.185 9.155 9.12 9.088 9.078 9.082 9.062 9.005 8.935 8.883 8.87 8.88 8.89 8.9 8.902 8.895 8.89 8.893 8.925 8.98 9.032 9.08 9.095
8.98 8.99 8.992 8.982 8.965 8.937 8.93 8.96 9.002 9.045 9.07 9.078 9.088 9.105 9.13 9.115 9.063 9.035 9.01 8.972 8.94 8.915 8.89 8.86 8.845 8.885 8.937 8.96 8.977 8.99 8.992 8.987 8.982 8.972 8.945 8.91 8.888 8.87 8.86 8.868 8.893 8.937 8.967 8.968 8.973 9.008 9.065 9.125 9.185 9.242 9.27 9.267 9.262 9.257 9.25 9.242 9.227 9.2 9.157 9.09 9.038 9.03 9.022 8.98 8.918 8.87 8.86 8.87 8.88 8.89 8.897 8.897 8.892 8.885 8.9 8.945 8.995 9.042 9.065
8.932 8.94 8.933 8.92 8.913 8.908 8.915 8.94 8.975 9.015 9.047 9.065 9.085 9.115 9.137 9.11 9.043 8.998 8.96 8.915 8.875 8.845 8.82 8.79 8.803 8.88 8.94 8.957 8.97 8.98 8.987 8.99 8.987 8.98 8.955 8.91 8.873 8.85 8.843 8.865 8.91 8.962 9 9.012 9.02 9.045 9.095 9.155 9.215 9.27 9.297 9.297 9.295 9.29 9.28 9.275 9.267 9.247 9.202 9.12 9.035 8.993 8.975 8.945 8.897 8.858 8.85 8.86 8.87 8.883 8.895 8.9 8.895 8.885 8.883 8.908 8.955 9.005 9.03
8.885 8.893 8.885 8.88 8.88 8.88 8.888 8.91 8.945 8.985 9.022 9.055 9.09 9.13 9.14 9.095 9.025 8.968 8.918 8.868 8.82 8.778 8.748 8.735 8.783 8.875 8.93 8.945 8.955 8.965 8.977 8.985 8.985 8.985 8.967 8.928 8.883 8.845 8.838 8.873 8.927 8.982 9.03 9.057 9.07 9.085 9.123 9.175 9.227 9.275 9.302 9.31 9.312 9.315 9.31 9.305 9.3 9.29 9.247 9.16 9.065 8.985 8.935 8.905 8.868 8.84 8.84 8.85 8.863 8.877 8.89 8.897 8.895 8.885 8.875 8.883 8.918 8.968 8.993
8.878 8.86 8.86 8.86 8.86 8.86 8.865 8.883 8.915 8.955 8.995 9.035 9.075 9.11 9.11 9.06 8.99 8.935 8.9 8.858 8.8 8.74 8.69 8.698 8.77 8.857 8.907 8.92 8.93 8.94 8.95 8.957 8.96 8.962 8.975 8.965 8.923 8.88 8.855 8.865 8.91 8.967 9.02 9.055 9.072 9.1 9.138 9.178 9.222 9.265 9.295 9.307 9.312 9.312 9.295 9.28 9.277 9.275 9.245 9.172 9.085 8.993 8.915 8.87 8.845 8.83 8.83 8.84 8.855 8.87 8.88 8.89 8.892 8.885 8.875 8.878 8.913 8.97 8.998
8.898 8.845 8.843 8.845 8.842 8.838 8.843 8.86 8.888 8.925 8.965 9.005 9.035 9.05 9.052 9.012 8.943 8.9 8.887 8.87 8.827 8.765 8.703 8.7 8.758 8.832 8.88 8.89 8.897 8.902 8.907 8.913 8.917 8.92 8.96 8.997 8.975 8.935 8.895 8.87 8.88 8.923 8.97 9.003 9.043 9.108 9.152 9.178 9.215 9.255 9.285 9.3 9.3 9.28 9.24 9.208 9.2 9.197 9.175 9.127 9.067 8.99 8.905 8.853 8.845 8.843 8.83 8.833 8.847 8.86 8.87 8.882 8.89 8.885 8.875 8.893 8.948 9.012 9.042
8.908 8.843 8.828 8.827 8.822 8.815 8.82 8.84 8.863 8.895 8.932 8.96 8.972 8.98 8.99 8.96 8.9 8.873 8.865 8.858 8.845 8.81 8.768 8.76 8.788 8.825 8.848 8.853 8.855 8.858 8.863 8.868 8.875 8.88 8.92 8.997 9.02 8.985 8.948 8.913 8.888 8.893 8.928 8.978 9.048 9.132 9.18 9.193 9.213 9.245 9.275 9.285 9.272 9.24 9.195 9.15 9.125 9.112 9.085 9.045 9.005 8.952 8.885 8.85 8.863 8.87 8.85 8.835 8.84 8.85 8.86 8.875 8.887 8.887 8.888 8.925 8.992 9.06 9.09
8.917 8.843 8.81 8.805 8.8 8.798 8.803 8.82 8.84 8.863 8.885 8.898 8.905 8.915 8.928 8.913 8.878 8.863 8.858 8.853 8.85 8.837 8.817 8.815 8.825 8.832 8.833 8.828 8.823 8.823 8.823 8.825 8.833 8.838 8.873 8.963 9.037 9.035 9 8.965 8.93 8.895 8.91 8.988 9.072 9.16 9.21 9.22 9.23 9.248 9.267 9.262 9.235 9.2 9.155 9.105 9.06 9.028 8.998 8.963 8.93 8.898 8.86 8.855 8.885 8.895 8.875 8.85 8.838 8.84 8.852 8.867 8.88 8.888 8.913 8.968 9.035 9.102 9.132
8.91 8.833 8.793 8.785 8.778 8.778 8.785 8.805 8.84 8.873 8.89 8.9 8.91 8.918 8.925 8.915 8.9 8.898 8.895 8.893 8.89 8.862 8.83 8.83 8.835 8.837 8.837 8.83 8.82 8.815 8.813 8.813 8.815 8.82 8.863 8.955 9.047 9.077 9.052 9.018 8.982 8.918 8.91 8.992 9.08 9.17 9.22 9.232 9.245 9.252 9.255 9.237 9.205 9.17 9.125 9.075 9.025 8.985 8.953 8.92 8.893 8.865 8.845 8.86 8.89 8.895 8.88 8.862 8.845 8.835 8.842 8.855 8.865 8.878 8.93 9.005 9.07 9.137 9.167
8.9 8.845 8.81 8.79 8.77 8.763 8.783 8.825 8.878 8.927 8.955 8.965 8.972 8.972 8.97 8.958 8.953 8.96 8.96 8.957 8.935 8.872 8.823 8.825 8.837 8.842 8.842 8.835 8.828 8.825 8.825 8.825 8.825 8.838 8.9 8.99 9.057 9.1 9.102 9.072 9.02 8.928 8.91 8.99 9.073 9.16 9.212 9.227 9.235 9.235 9.227 9.207 9.18 9.147 9.105 9.055 9.018 8.995 8.958 8.913 8.88 8.85 8.84 8.857 8.872 8.872 8.865 8.852 8.838 8.83 8.828 8.83 8.84 8.855 8.923 9.025 9.102 9.17 9.202
8.933 8.9 8.873 8.85 8.833 8.828 8.855 8.905 8.95 8.992 9.017 9.02 9.02 9.015 9.01 9.005 9.01 9.022 9.022 9.005 8.947 8.865 8.815 8.815 8.832 8.845 8.847 8.843 8.84 8.84 8.84 8.837 8.835 8.865 8.935 9 9.05 9.1 9.135 9.125 9.035 8.918 8.91 8.99 9.07 9.152 9.202 9.212 9.21 9.202 9.19 9.17 9.15 9.125 9.085 9.043 9.02 9.01 8.975 8.92 8.875 8.84 8.835 8.847 8.85 8.85 8.842 8.83 8.825 8.828 8.823 8.813 8.81 8.82 8.893 9.015 9.12 9.2 9.235
8.972 8.95 8.945 8.945 8.95 8.957 8.97 8.99 9.007 9.027 9.05 9.057 9.055 9.052 9.05 9.055 9.067 9.082 9.072 9.02 8.94 8.855 8.803 8.803 8.828 8.85 8.858 8.855 8.857 8.86 8.857 8.85 8.848 8.883 8.94 8.993 9.045 9.095 9.145 9.137 9.017 8.9 8.91 8.987 9.065 9.142 9.192 9.2 9.188 9.17 9.153 9.135 9.118 9.097 9.068 9.043 9.03 9.02 8.995 8.945 8.888 8.838 8.82 8.825 8.825 8.825 8.82 8.82 8.83 8.835 8.827 8.81 8.795 8.793 8.86 8.985 9.105 9.212 9.262
8.99 8.988 9.002 9.017 9.027 9.022 9.012 9.01 9.01 9.013 9.037 9.07 9.08 9.08 9.077 9.08 9.092 9.11 9.105 9.05 8.968 8.883 8.833 8.84 8.87 8.887 8.878 8.855 8.848 8.852 8.85 8.843 8.855 8.895 8.948 9.003 9.055 9.1 9.13 9.092 8.963 8.873 8.903 8.977 9.052 9.122 9.18 9.207 9.2 9.173 9.138 9.11 9.093 9.075 9.053 9.035 9.025 9.015 9 8.962 8.905 8.845 8.813 8.81 8.81 8.805 8.803 8.815 8.83 8.837 8.83 8.81 8.795 8.795 8.855 8.97 9.09 9.205 9.26
9.02 9.035 9.05 9.062 9.057 9.033 9.01 8.993 8.988 8.99 9.015 9.062 9.092 9.1 9.095 9.088 9.093 9.107 9.115 9.095 9.035 8.953 8.913 8.927 8.945 8.942 8.915 8.87 8.833 8.82 8.82 8.833 8.87 8.92 8.972 9.025 9.065 9.085 9.085 9.027 8.91 8.848 8.885 8.957 9.03 9.095 9.157 9.212 9.23 9.207 9.155 9.103 9.078 9.062 9.04 9.018 9.003 8.99 8.98 8.955 8.91 8.853 8.818 8.815 8.81 8.795 8.788 8.8 8.817 8.83 8.827 8.813 8.805 8.82 8.878 8.975 9.09 9.187 9.222
9.06 9.08 9.097 9.1 9.077 9.047 9.02 8.99 8.97 8.965 8.99 9.04 9.087 9.112 9.112 9.103 9.095 9.103 9.11 9.107 9.085 9.025 8.993 9.002 8.997 8.985 8.962 8.915 8.86 8.818 8.81 8.845 8.895 8.945 8.995 9.03 9.04 9.035 9.025 8.967 8.878 8.835 8.865 8.935 9.003 9.065 9.13 9.195 9.24 9.242 9.19 9.115 9.068 9.048 9.027 9.003 8.98 8.963 8.947 8.927 8.9 8.855 8.823 8.815 8.8 8.78 8.773 8.785 8.805 8.822 8.825 8.823 8.83 8.85 8.905 8.99 9.092 9.167 9.19
9.105 9.125 9.135 9.12 9.087 9.057 9.03 9 8.97 8.948 8.963 9.012 9.067 9.11 9.125 9.117 9.105 9.102 9.105 9.103 9.097 9.075 9.057 9.055 9.042 9.027 9.005 8.962 8.91 8.858 8.845 8.883 8.925 8.965 8.992 8.995 8.985 8.975 8.965 8.923 8.863 8.833 8.855 8.92 8.985 9.045 9.108 9.17 9.23 9.265 9.227 9.143 9.073 9.035 9.013 8.988 8.963 8.94 8.918 8.895 8.875 8.848 8.825 8.808 8.785 8.765 8.76 8.775 8.798 8.823 8.833 8.84 8.855 8.878 8.933 9.01 9.095 9.15 9.173
9.115 9.132 9.137 9.12 9.087 9.06 9.04 9.017 8.99 8.96 8.95 8.98 9.03 9.08 9.105 9.1 9.09 9.093 9.105 9.11 9.108 9.105 9.102 9.095 9.085 9.072 9.05 9.01 8.958 8.908 8.9 8.935 8.97 8.99 8.985 8.97 8.958 8.945 8.933 8.903 8.868 8.86 8.885 8.938 9 9.06 9.123 9.185 9.243 9.285 9.257 9.175 9.095 9.038 9.005 8.98 8.958 8.93 8.9 8.875 8.855 8.838 8.827 8.815 8.793 8.77 8.765 8.783 8.81 8.837 8.85 8.855 8.868 8.893 8.948 9.022 9.09 9.132 9.16
