EGM722_Project_Data/DTM_asc/TL4755.asc
ncols         200
nrows         200
xllcorner     547000.000
yllcorner     255000.000
cellsize      5
NODATA_value  -9999.0
[rows 99 to 131 of 200, columns 0 to 73 of 200]
9.632 9.605 9.528 9.553 9.665 9.732 9.75 9.76 9.76 9.74 9.718 9.702 9.67 9.58 9.45 9.37 9.39 9.508 9.645 9.698 9.735 9.81 9.835 9.81 9.777 9.74 9.695 9.668 9.675 9.708 9.773 9.852 9.93 10.005 10.067 10.107 10.13 10.15 10.165 10.183 10.205 10.23 10.26 10.297 10.3 10.265 10.245 10.248 10.265 10.283 10.32 10.383 10.455 10.538 10.622 10.695 10.763 10.84 10.875 10.83 10.763 10.74 10.755 10.767 10.772 10.775 10.785 10.802 10.82 10.835 10.837 10.835 10.87 10.95
9.498 9.455 9.448 9.535 9.655 9.745 9.78 9.782 9.765 9.735 9.712 9.677 9.585 9.435 9.278 9.203 9.273 9.418 9.563 9.657 9.727 9.815 9.84 9.805 9.76 9.71 9.66 9.635 9.648 9.685 9.755 9.842 9.927 10.005 10.062 10.1 10.127 10.15 10.165 10.178 10.195 10.225 10.268 10.315 10.327 10.275 10.22 10.205 10.215 10.238 10.28 10.335 10.395 10.473 10.555 10.627 10.693 10.765 10.787 10.748 10.725 10.74 10.767 10.782 10.785 10.783 10.79 10.813 10.837 10.855 10.86 10.885 10.953 11.04
9.378 9.35 9.405 9.525 9.643 9.75 9.802 9.792 9.765 9.735 9.692 9.618 9.498 9.36 9.24 9.215 9.308 9.433 9.545 9.625 9.695 9.777 9.8 9.76 9.717 9.672 9.628 9.608 9.625 9.665 9.735 9.825 9.918 10.002 10.06 10.095 10.128 10.16 10.18 10.19 10.203 10.235 10.285 10.335 10.37 10.327 10.235 10.178 10.168 10.193 10.238 10.293 10.348 10.41 10.485 10.56 10.625 10.695 10.72 10.71 10.725 10.75 10.783 10.797 10.792 10.788 10.795 10.82 10.85 10.873 10.895 10.958 11.047 11.132
9.333 9.338 9.418 9.535 9.653 9.76 9.805 9.785 9.755 9.72 9.672 9.6 9.5 9.395 9.298 9.303 9.415 9.517 9.57 9.59 9.633 9.707 9.735 9.7 9.66 9.62 9.585 9.58 9.61 9.658 9.743 9.845 9.935 10.023 10.085 10.123 10.16 10.198 10.22 10.233 10.248 10.27 10.308 10.355 10.405 10.387 10.29 10.195 10.14 10.148 10.195 10.255 10.33 10.398 10.45 10.51 10.578 10.648 10.708 10.745 10.775 10.805 10.825 10.815 10.798 10.793 10.81 10.845 10.873 10.9 10.943 11.015 11.107 11.2
9.37 9.398 9.465 9.57 9.69 9.775 9.79 9.767 9.735 9.685 9.647 9.617 9.547 9.448 9.37 9.405 9.502 9.55 9.562 9.57 9.588 9.638 9.667 9.64 9.603 9.573 9.555 9.565 9.603 9.658 9.763 9.892 9.992 10.077 10.14 10.177 10.215 10.252 10.275 10.293 10.315 10.33 10.348 10.38 10.43 10.435 10.357 10.255 10.17 10.17 10.245 10.333 10.415 10.462 10.483 10.51 10.565 10.638 10.725 10.807 10.865 10.897 10.887 10.845 10.81 10.798 10.823 10.875 10.912 10.948 10.995 11.053 11.13 11.225
9.43 9.48 9.528 9.613 9.72 9.772 9.77 9.747 9.7 9.638 9.6 9.59 9.562 9.492 9.45 9.487 9.53 9.542 9.55 9.557 9.563 9.585 9.602 9.585 9.56 9.545 9.545 9.565 9.598 9.655 9.768 9.91 10.037 10.137 10.197 10.233 10.27 10.307 10.333 10.355 10.382 10.4 10.41 10.423 10.455 10.477 10.425 10.328 10.28 10.32 10.412 10.5 10.542 10.55 10.555 10.565 10.59 10.645 10.73 10.83 10.922 10.962 10.935 10.885 10.835 10.805 10.828 10.885 10.93 10.982 11.047 11.1 11.157 11.237
9.46 9.532 9.592 9.665 9.735 9.755 9.745 9.712 9.65 9.585 9.55 9.543 9.535 9.508 9.497 9.515 9.523 9.53 9.54 9.548 9.553 9.56 9.563 9.553 9.54 9.53 9.538 9.565 9.595 9.655 9.77 9.913 10.055 10.177 10.25 10.29 10.33 10.365 10.392 10.42 10.45 10.47 10.48 10.485 10.498 10.522 10.49 10.438 10.465 10.525 10.58 10.617 10.625 10.625 10.63 10.64 10.65 10.675 10.743 10.843 10.95 10.995 10.96 10.912 10.862 10.818 10.813 10.837 10.857 10.907 10.987 11.062 11.135 11.238
9.465 9.545 9.617 9.682 9.725 9.73 9.712 9.67 9.608 9.553 9.528 9.525 9.52 9.513 9.513 9.52 9.528 9.533 9.54 9.55 9.557 9.56 9.555 9.545 9.538 9.535 9.548 9.575 9.605 9.665 9.783 9.928 10.07 10.197 10.277 10.322 10.367 10.407 10.43 10.447 10.472 10.492 10.507 10.52 10.533 10.557 10.557 10.56 10.602 10.635 10.662 10.687 10.695 10.695 10.7 10.71 10.73 10.758 10.793 10.87 10.98 11.015 10.97 10.925 10.88 10.827 10.783 10.75 10.735 10.753 10.818 10.913 11.04 11.235
9.425 9.492 9.555 9.617 9.672 9.697 9.68 9.635 9.585 9.545 9.53 9.532 9.53 9.525 9.525 9.53 9.54 9.547 9.553 9.56 9.567 9.567 9.56 9.55 9.55 9.563 9.578 9.598 9.625 9.688 9.808 9.95 10.092 10.212 10.282 10.33 10.385 10.437 10.455 10.453 10.458 10.47 10.495 10.525 10.558 10.595 10.615 10.62 10.635 10.653 10.685 10.727 10.755 10.765 10.77 10.79 10.838 10.88 10.87 10.9 11.002 11.03 10.98 10.935 10.885 10.825 10.765 10.705 10.663 10.638 10.658 10.765 10.983 11.27
9.355 9.385 9.445 9.513 9.585 9.642 9.65 9.618 9.58 9.545 9.533 9.537 9.537 9.535 9.535 9.54 9.55 9.56 9.567 9.57 9.57 9.57 9.565 9.563 9.575 9.595 9.61 9.625 9.65 9.713 9.83 9.973 10.117 10.227 10.29 10.345 10.408 10.47 10.495 10.485 10.475 10.483 10.518 10.56 10.605 10.642 10.652 10.648 10.65 10.668 10.705 10.75 10.792 10.827 10.855 10.903 10.975 11.012 10.97 10.953 11.02 11.04 10.99 10.94 10.88 10.815 10.755 10.695 10.64 10.588 10.565 10.705 11.008 11.327
9.33 9.293 9.338 9.408 9.493 9.59 9.635 9.612 9.578 9.545 9.535 9.54 9.543 9.545 9.548 9.552 9.56 9.57 9.577 9.575 9.57 9.57 9.573 9.585 9.605 9.625 9.642 9.657 9.678 9.738 9.855 9.997 10.14 10.245 10.308 10.37 10.435 10.5 10.532 10.525 10.515 10.528 10.57 10.617 10.662 10.687 10.687 10.68 10.675 10.688 10.722 10.765 10.807 10.855 10.92 11 11.082 11.122 11.085 11.03 11.043 11.05 10.995 10.935 10.872 10.808 10.745 10.685 10.628 10.585 10.585 10.765 11.095 11.402
9.358 9.245 9.25 9.343 9.45 9.572 9.63 9.607 9.573 9.545 9.54 9.545 9.55 9.555 9.558 9.562 9.567 9.575 9.58 9.575 9.57 9.57 9.58 9.6 9.62 9.637 9.655 9.672 9.693 9.753 9.87 10.01 10.155 10.27 10.34 10.405 10.47 10.527 10.56 10.56 10.555 10.578 10.622 10.667 10.71 10.73 10.727 10.72 10.708 10.7 10.72 10.76 10.8 10.853 10.94 11.042 11.132 11.187 11.172 11.113 11.08 11.053 10.993 10.928 10.865 10.8 10.735 10.675 10.633 10.628 10.678 10.885 11.205 11.482
9.433 9.31 9.273 9.34 9.45 9.57 9.622 9.6 9.573 9.555 9.553 9.557 9.563 9.567 9.568 9.568 9.573 9.577 9.58 9.575 9.568 9.565 9.575 9.595 9.615 9.633 9.65 9.673 9.7 9.758 9.87 10.013 10.165 10.297 10.382 10.447 10.505 10.55 10.58 10.59 10.6 10.632 10.672 10.71 10.747 10.77 10.772 10.765 10.74 10.703 10.703 10.74 10.78 10.848 10.95 11.06 11.162 11.237 11.24 11.19 11.143 11.11 11.068 11 10.933 10.863 10.793 10.728 10.695 10.708 10.78 11 11.292 11.542
9.568 9.483 9.428 9.42 9.47 9.57 9.62 9.598 9.58 9.57 9.565 9.57 9.577 9.582 9.58 9.575 9.578 9.582 9.582 9.575 9.565 9.558 9.568 9.59 9.61 9.63 9.65 9.678 9.71 9.763 9.87 10.02 10.18 10.325 10.425 10.485 10.53 10.567 10.597 10.615 10.64 10.677 10.712 10.75 10.785 10.81 10.817 10.8 10.76 10.71 10.693 10.72 10.77 10.855 10.965 11.075 11.185 11.282 11.302 11.257 11.212 11.197 11.19 11.152 11.095 11.023 10.948 10.875 10.82 10.803 10.883 11.1 11.36 11.597
9.75 9.677 9.622 9.587 9.57 9.6 9.622 9.608 9.595 9.585 9.58 9.585 9.593 9.595 9.593 9.588 9.585 9.588 9.585 9.575 9.565 9.558 9.568 9.59 9.61 9.63 9.655 9.688 9.723 9.77 9.875 10.032 10.195 10.35 10.455 10.507 10.55 10.58 10.597 10.62 10.665 10.712 10.747 10.785 10.822 10.852 10.857 10.825 10.775 10.725 10.69 10.7 10.768 10.87 10.98 11.09 11.205 11.312 11.337 11.292 11.252 11.243 11.257 11.265 11.25 11.202 11.13 11.055 10.985 10.928 10.98 11.175 11.415 11.652
9.877 9.822 9.775 9.735 9.692 9.655 9.638 9.63 9.62 9.61 9.608 9.613 9.618 9.62 9.62 9.615 9.608 9.608 9.605 9.598 9.59 9.585 9.595 9.615 9.635 9.653 9.678 9.713 9.748 9.803 9.898 10.035 10.195 10.355 10.462 10.512 10.55 10.565 10.568 10.605 10.68 10.74 10.777 10.815 10.855 10.887 10.885 10.842 10.79 10.74 10.693 10.693 10.77 10.885 11.008 11.13 11.255 11.335 11.327 11.283 11.263 11.275 11.295 11.315 11.33 11.317 11.26 11.182 11.107 11.05 11.098 11.275 11.5 11.727
9.922 9.875 9.832 9.792 9.745 9.693 9.665 9.662 9.655 9.645 9.643 9.647 9.653 9.657 9.657 9.653 9.648 9.65 9.65 9.643 9.637 9.633 9.643 9.662 9.68 9.695 9.715 9.75 9.8 9.88 9.968 10.065 10.195 10.345 10.455 10.5 10.517 10.518 10.533 10.595 10.687 10.76 10.805 10.845 10.88 10.897 10.89 10.857 10.81 10.76 10.708 10.715 10.81 10.935 11.07 11.205 11.31 11.332 11.295 11.27 11.28 11.305 11.325 11.345 11.36 11.362 11.322 11.245 11.18 11.173 11.255 11.428 11.635 11.79
9.937 9.88 9.835 9.802 9.765 9.72 9.695 9.693 9.688 9.68 9.675 9.68 9.688 9.695 9.695 9.693 9.695 9.7 9.7 9.69 9.685 9.68 9.688 9.705 9.718 9.733 9.755 9.803 9.883 9.982 10.072 10.15 10.24 10.353 10.44 10.47 10.473 10.475 10.518 10.6 10.693 10.777 10.832 10.865 10.882 10.88 10.87 10.855 10.83 10.787 10.753 10.793 10.9 11.023 11.152 11.275 11.325 11.3 11.275 11.283 11.307 11.332 11.355 11.372 11.385 11.392 11.365 11.308 11.293 11.34 11.428 11.577 11.722 11.775
9.945 9.885 9.843 9.815 9.785 9.753 9.733 9.728 9.725 9.723 9.72 9.725 9.735 9.743 9.743 9.743 9.745 9.75 9.75 9.74 9.735 9.73 9.733 9.745 9.755 9.768 9.805 9.883 9.977 10.077 10.162 10.235 10.315 10.395 10.45 10.468 10.473 10.49 10.545 10.628 10.71 10.792 10.85 10.867 10.865 10.855 10.845 10.835 10.825 10.805 10.823 10.907 11.015 11.125 11.24 11.317 11.317 11.285 11.28 11.305 11.332 11.36 11.385 11.4 11.408 11.415 11.413 11.413 11.452 11.515 11.582 11.665 11.717 11.733
10 9.94 9.908 9.893 9.865 9.84 9.825 9.82 9.82 9.823 9.828 9.833 9.84 9.84 9.835 9.835 9.835 9.823 9.805 9.795 9.79 9.788 9.788 9.798 9.81 9.82 9.87 9.962 10.057 10.152 10.23 10.297 10.372 10.447 10.495 10.51 10.523 10.55 10.605 10.68 10.755 10.817 10.86 10.87 10.863 10.855 10.845 10.835 10.825 10.83 10.878 10.97 11.08 11.185 11.285 11.332 11.32 11.298 11.298 11.322 11.35 11.38 11.41 11.432 11.44 11.445 11.46 11.497 11.555 11.61 11.662 11.69 11.7 11.72
10.1 10.043 10.018 10.017 10.002 9.98 9.965 9.96 9.963 9.97 9.98 9.987 9.987 9.975 9.965 9.965 9.947 9.9 9.865 9.858 9.853 9.85 9.853 9.863 9.878 9.893 9.943 10.03 10.123 10.217 10.295 10.355 10.42 10.495 10.542 10.558 10.578 10.61 10.668 10.742 10.807 10.832 10.842 10.867 10.88 10.875 10.865 10.855 10.855 10.878 10.92 10.988 11.085 11.192 11.277 11.32 11.327 11.313 11.313 11.338 11.365 11.398 11.432 11.462 11.48 11.488 11.503 11.535 11.585 11.64 11.687 11.705 11.705 11.72
10.187 10.145 10.123 10.13 10.132 10.12 10.108 10.105 10.11 10.12 10.13 10.135 10.125 10.105 10.095 10.08 10.03 9.963 9.928 9.923 9.918 9.915 9.918 9.928 9.945 9.965 10.015 10.1 10.19 10.282 10.362 10.42 10.478 10.545 10.59 10.61 10.635 10.67 10.73 10.8 10.83 10.81 10.795 10.837 10.887 10.895 10.885 10.885 10.905 10.935 10.973 11.023 11.095 11.192 11.26 11.29 11.315 11.322 11.328 11.353 11.387 11.423 11.457 11.488 11.512 11.53 11.548 11.578 11.62 11.67 11.712 11.725 11.72 11.725
10.245 10.232 10.225 10.232 10.24 10.242 10.242 10.25 10.262 10.275 10.28 10.272 10.255 10.235 10.212 10.165 10.095 10.028 9.993 9.988 9.985 9.985 9.985 9.995 10.015 10.035 10.088 10.173 10.26 10.35 10.43 10.49 10.542 10.6 10.645 10.672 10.698 10.73 10.787 10.827 10.81 10.77 10.748 10.788 10.862 10.902 10.913 10.93 10.963 10.995 11.03 11.073 11.125 11.19 11.238 11.265 11.298 11.325 11.343 11.37 11.41 11.447 11.485 11.518 11.545 11.573 11.595 11.625 11.663 11.703 11.737 11.745 11.743 11.748
10.247 10.247 10.25 10.255 10.26 10.277 10.295 10.31 10.33 10.345 10.352 10.347 10.332 10.315 10.277 10.212 10.142 10.085 10.06 10.06 10.06 10.06 10.063 10.075 10.095 10.123 10.183 10.268 10.355 10.443 10.505 10.55 10.602 10.657 10.7 10.73 10.76 10.795 10.822 10.818 10.79 10.763 10.75 10.788 10.86 10.915 10.962 11.012 11.052 11.088 11.128 11.17 11.203 11.225 11.25 11.28 11.313 11.348 11.37 11.39 11.425 11.465 11.515 11.565 11.603 11.633 11.653 11.678 11.71 11.745 11.775 11.785 11.79 11.8
10.207 10.2 10.2 10.208 10.22 10.25 10.275 10.29 10.31 10.325 10.34 10.352 10.35 10.335 10.297 10.235 10.175 10.133 10.128 10.145 10.15 10.15 10.155 10.17 10.2 10.25 10.32 10.403 10.49 10.56 10.59 10.613 10.658 10.71 10.75 10.783 10.817 10.847 10.85 10.833 10.818 10.803 10.805 10.85 10.907 10.943 11 11.08 11.145 11.207 11.26 11.29 11.3 11.3 11.31 11.333 11.36 11.395 11.415 11.42 11.44 11.475 11.538 11.62 11.677 11.705 11.718 11.733 11.76 11.795 11.827 11.847 11.86 11.87
10.165 10.155 10.153 10.168 10.195 10.23 10.255 10.27 10.288 10.303 10.32 10.34 10.352 10.347 10.312 10.26 10.218 10.183 10.185 10.217 10.237 10.245 10.253 10.283 10.338 10.405 10.478 10.557 10.627 10.665 10.68 10.695 10.72 10.76 10.802 10.835 10.862 10.88 10.887 10.885 10.875 10.86 10.868 10.91 10.945 10.96 11.01 11.095 11.175 11.255 11.315 11.345 11.365 11.377 11.385 11.395 11.413 11.442 11.46 11.46 11.465 11.488 11.553 11.66 11.745 11.777 11.785 11.79 11.81 11.845 11.88 11.907 11.927 11.94
10.128 10.113 10.115 10.143 10.178 10.213 10.238 10.255 10.273 10.29 10.308 10.325 10.345 10.357 10.34 10.303 10.27 10.238 10.238 10.273 10.305 10.33 10.363 10.42 10.49 10.56 10.63 10.695 10.735 10.755 10.772 10.787 10.8 10.823 10.852 10.875 10.892 10.905 10.912 10.917 10.92 10.915 10.925 10.95 10.965 10.975 11.015 11.087 11.16 11.227 11.285 11.33 11.37 11.4 11.422 11.445 11.467 11.49 11.5 11.502 11.502 11.508 11.563 11.672 11.782 11.84 11.852 11.855 11.865 11.893 11.928 11.96 11.987 12.01
10.143 10.123 10.135 10.17 10.205 10.238 10.263 10.285 10.305 10.325 10.34 10.355 10.373 10.38 10.387 10.377 10.345 10.315 10.313 10.345 10.38 10.415 10.48 10.56 10.63 10.7 10.77 10.81 10.825 10.845 10.862 10.875 10.885 10.892 10.89 10.893 10.905 10.915 10.92 10.922 10.927 10.932 10.942 10.955 10.967 10.983 11.008 11.058 11.125 11.192 11.247 11.29 11.327 11.362 11.4 11.44 11.49 11.525 11.527 11.525 11.522 11.525 11.565 11.648 11.755 11.845 11.882 11.895 11.91 11.94 11.978 12.013 12.045 12.083
10.208 10.193 10.208 10.24 10.272 10.3 10.325 10.35 10.372 10.395 10.41 10.42 10.422 10.41 10.427 10.455 10.44 10.415 10.415 10.44 10.47 10.505 10.578 10.675 10.757 10.83 10.892 10.915 10.915 10.93 10.945 10.955 10.96 10.952 10.925 10.905 10.91 10.917 10.92 10.918 10.915 10.918 10.928 10.943 10.96 10.98 11 11.03 11.085 11.155 11.21 11.25 11.285 11.32 11.375 11.455 11.532 11.555 11.535 11.523 11.52 11.538 11.578 11.63 11.703 11.797 11.867 11.895 11.93 11.99 12.04 12.073 12.113 12.173
10.275 10.268 10.28 10.307 10.335 10.36 10.385 10.41 10.435 10.462 10.472 10.465 10.45 10.43 10.453 10.507 10.525 10.515 10.52 10.543 10.568 10.598 10.665 10.77 10.872 10.955 11.002 11.012 11.008 11.013 11.025 11.03 11.022 11.005 10.97 10.93 10.918 10.92 10.923 10.925 10.93 10.94 10.948 10.95 10.96 10.98 11 11.02 11.055 11.115 11.17 11.208 11.26 11.34 11.445 11.56 11.612 11.582 11.535 11.515 11.523 11.555 11.602 11.65 11.7 11.765 11.84 11.89 11.945 12.032 12.102 12.143 12.2 12.288
10.348 10.343 10.353 10.373 10.393 10.418 10.445 10.47 10.495 10.52 10.517 10.495 10.473 10.455 10.483 10.545 10.592 10.613 10.625 10.648 10.67 10.693 10.753 10.855 10.965 11.065 11.11 11.108 11.103 11.103 11.102 11.093 11.075 11.055 11.023 10.98 10.953 10.948 10.958 10.97 10.985 11.002 11.005 10.993 10.988 10.995 11.008 11.023 11.043 11.083 11.15 11.23 11.333 11.463 11.597 11.67 11.65 11.595 11.54 11.515 11.535 11.578 11.625 11.675 11.725 11.775 11.84 11.903 11.973 12.068 12.155 12.228 12.31 12.41
10.463 10.468 10.483 10.503 10.518 10.525 10.52 10.525 10.55 10.57 10.555 10.525 10.5 10.49 10.525 10.585 10.655 10.722 10.76 10.78 10.8 10.82 10.863 10.945 11.05 11.16 11.212 11.205 11.2 11.197 11.188 11.17 11.15 11.128 11.103 11.075 11.045 11.025 11.028 11.04 11.055 11.07 11.07 11.06 11.053 11.06 11.075 11.085 11.098 11.128 11.225 11.363 11.493 11.627 11.72 11.715 11.66 11.61 11.568 11.568 11.615 11.673 11.728 11.785 11.845 11.895 11.938 11.975 12.033 12.12 12.218 12.35 12.48 12.58
10.63 10.645 10.665 10.695 10.715 10.705 10.655 10.603 10.6 10.62 10.6 10.56 10.53 10.53 10.575 10.645 10.74 10.84 10.91 10.947 10.97 10.99 11.023 11.078 11.155 11.255 11.307 11.303 11.3 11.297 11.287 11.27 11.247 11.218 11.198 11.187 11.165 11.135 11.118 11.115 11.125 11.14 11.14 11.133 11.14 11.168 11.192 11.205 11.218 11.248 11.36 11.522 11.672 11.78 11.795 11.76 11.723 11.688 11.673 11.723 11.805 11.873 11.937 11.992 12.037 12.07 12.09 12.105 12.128 12.19 12.29 12.465 12.67 12.805
