EGM722_Project_Data/DTM_asc/TL4757.asc
ncols         200
nrows         200
xllcorner     547000.000
yllcorner     257000.000
cellsize      5
NODATA_value  -9999.0
[rows 0 to 33 of 200, columns 75 to 149 of 200]
8.525 8.475 8.43 8.423 8.445 8.445 8.435 8.44 8.447 8.453 8.457 8.462 8.467 8.442 8.393 8.375 8.38 8.375 8.363 8.35 8.338 8.333 8.353 8.39 8.412 8.4 8.39 8.408 8.445 8.495 8.545 8.59 8.63 8.675 8.727 8.72 8.637 8.533 8.443 8.435 8.455 8.425 8.375 8.35 8.342 8.323 8.338 8.39 8.445 8.503 8.56 8.605 8.635 8.66 8.7 8.757 8.808 9.061 10.403 12.46 13.804 14.229 13.754 12.237 10.565 9.585 9.333 9.477 9.562 9.567 9.52 9.43 9.328 9.23 9.16
8.632 8.587 8.537 8.507 8.502 8.492 8.485 8.488 8.493 8.498 8.503 8.507 8.507 8.455 8.388 8.375 8.385 8.387 8.378 8.363 8.35 8.335 8.33 8.35 8.368 8.375 8.405 8.455 8.505 8.555 8.605 8.652 8.7 8.747 8.797 8.787 8.695 8.582 8.488 8.455 8.435 8.385 8.335 8.298 8.29 8.295 8.325 8.385 8.448 8.51 8.568 8.613 8.65 8.663 8.675 8.722 8.77 8.81 9.718 11.55 13.285 14.169 14.169 13.242 11.498 10.091 9.58 9.585 9.618 9.637 9.612 9.53 9.425 9.32 9.238
8.655 8.615 8.575 8.54 8.517 8.507 8.517 8.532 8.537 8.543 8.55 8.555 8.535 8.455 8.383 8.375 8.385 8.398 8.4 8.385 8.37 8.355 8.34 8.343 8.368 8.41 8.46 8.507 8.555 8.605 8.652 8.692 8.732 8.775 8.817 8.807 8.72 8.613 8.525 8.473 8.428 8.373 8.318 8.273 8.275 8.31 8.353 8.415 8.485 8.555 8.612 8.648 8.677 8.69 8.673 8.685 8.73 8.77 9.243 10.64 12.535 13.879 14.282 13.847 12.485 10.828 9.963 9.758 9.69 9.71 9.7 9.63 9.528 9.425 9.335
8.605 8.568 8.532 8.5 8.48 8.485 8.52 8.56 8.58 8.587 8.595 8.6 8.552 8.445 8.375 8.373 8.393 8.427 8.442 8.428 8.413 8.4 8.39 8.388 8.408 8.45 8.5 8.547 8.595 8.642 8.68 8.705 8.73 8.765 8.8 8.792 8.722 8.625 8.553 8.517 8.48 8.428 8.37 8.333 8.353 8.398 8.438 8.485 8.545 8.615 8.667 8.695 8.715 8.727 8.7 8.673 8.675 8.703 8.888 9.858 11.62 13.352 14.212 14.17 13.292 11.67 10.455 9.94 9.783 9.79 9.772 9.715 9.632 9.54 9.448
8.56 8.523 8.485 8.453 8.443 8.468 8.513 8.56 8.6 8.625 8.64 8.63 8.555 8.435 8.368 8.375 8.415 8.47 8.495 8.485 8.473 8.465 8.46 8.455 8.46 8.488 8.535 8.583 8.63 8.67 8.695 8.715 8.735 8.76 8.782 8.767 8.712 8.638 8.583 8.565 8.547 8.515 8.465 8.445 8.475 8.512 8.547 8.583 8.628 8.682 8.722 8.74 8.75 8.762 8.747 8.705 8.665 8.64 8.723 9.288 10.745 12.6 13.892 14.3 13.817 12.505 10.96 10.06 9.865 9.852 9.822 9.775 9.712 9.637 9.555
8.52 8.478 8.435 8.41 8.42 8.46 8.505 8.55 8.597 8.64 8.675 8.647 8.545 8.425 8.37 8.4 8.452 8.507 8.55 8.56 8.553 8.548 8.543 8.53 8.523 8.538 8.573 8.617 8.657 8.685 8.705 8.725 8.743 8.76 8.767 8.74 8.69 8.648 8.623 8.61 8.597 8.58 8.555 8.557 8.587 8.615 8.645 8.675 8.705 8.735 8.755 8.76 8.765 8.782 8.785 8.755 8.715 8.648 8.633 8.92 9.775 11.412 13.364 14.289 14.16 13.247 11.538 10.263 9.913 9.887 9.862 9.822 9.762 9.697 9.63
8.508 8.463 8.415 8.388 8.405 8.448 8.492 8.538 8.585 8.632 8.67 8.63 8.517 8.41 8.378 8.422 8.475 8.525 8.595 8.655 8.67 8.665 8.66 8.638 8.6 8.588 8.61 8.647 8.678 8.703 8.728 8.75 8.77 8.77 8.74 8.695 8.66 8.658 8.66 8.65 8.637 8.625 8.622 8.63 8.645 8.665 8.69 8.715 8.735 8.75 8.757 8.76 8.768 8.793 8.817 8.805 8.765 8.695 8.603 8.703 9.018 9.901 12.164 14.061 14.347 13.79 12.29 10.615 9.918 9.887 9.87 9.85 9.807 9.745 9.677
8.53 8.48 8.423 8.385 8.395 8.433 8.477 8.523 8.567 8.607 8.63 8.58 8.47 8.393 8.383 8.423 8.477 8.53 8.615 8.725 8.792 8.805 8.8 8.772 8.71 8.655 8.64 8.67 8.715 8.748 8.775 8.802 8.812 8.765 8.693 8.653 8.65 8.675 8.69 8.685 8.675 8.67 8.675 8.67 8.663 8.675 8.7 8.725 8.742 8.75 8.753 8.758 8.775 8.808 8.842 8.847 8.812 8.74 8.638 8.635 8.83 9.121 10.304 12.857 14.378 14.188 13.024 10.985 9.895 9.87 9.855 9.852 9.842 9.792 9.722
8.55 8.49 8.425 8.388 8.395 8.423 8.463 8.507 8.542 8.565 8.58 8.53 8.438 8.393 8.388 8.42 8.48 8.538 8.628 8.752 8.862 8.925 8.94 8.907 8.84 8.763 8.695 8.7 8.755 8.802 8.84 8.857 8.82 8.723 8.648 8.638 8.663 8.695 8.717 8.72 8.718 8.725 8.735 8.725 8.703 8.695 8.708 8.73 8.742 8.748 8.75 8.758 8.785 8.823 8.857 8.882 8.86 8.782 8.693 8.718 8.918 9.173 9.406 10.733 12.017 12.48 12.544 11.052 9.878 9.86 9.845 9.84 9.855 9.835 9.767
8.555 8.49 8.425 8.393 8.405 8.423 8.45 8.482 8.5 8.515 8.53 8.49 8.43 8.408 8.395 8.418 8.48 8.555 8.655 8.775 8.892 8.997 9.06 9.035 8.955 8.867 8.778 8.758 8.805 8.857 8.897 8.875 8.78 8.675 8.635 8.655 8.688 8.723 8.753 8.765 8.77 8.78 8.79 8.782 8.76 8.738 8.725 8.733 8.745 8.755 8.763 8.778 8.808 8.84 8.873 8.91 8.902 8.835 8.76 8.825 9.045 9.275 9.495 9.661 9.749 10.232 10.816 10.403 9.843 9.832 9.83 9.82 9.84 9.857 9.817
8.547 8.49 8.425 8.398 8.412 8.425 8.435 8.45 8.465 8.475 8.485 8.467 8.435 8.418 8.405 8.43 8.505 8.598 8.703 8.818 8.93 9.045 9.125 9.117 9.045 8.952 8.858 8.835 8.882 8.915 8.917 8.85 8.73 8.653 8.668 8.722 8.763 8.798 8.83 8.85 8.855 8.86 8.86 8.843 8.82 8.795 8.77 8.77 8.79 8.805 8.818 8.838 8.865 8.893 8.923 8.95 8.952 8.91 8.845 8.928 9.148 9.365 9.585 9.773 10.446 11.56 11.24 10.116 9.788 9.755 9.77 9.79 9.843 9.89 9.872
8.527 8.485 8.425 8.4 8.41 8.407 8.403 8.418 8.445 8.455 8.46 8.455 8.435 8.428 8.44 8.48 8.558 8.653 8.758 8.87 8.982 9.08 9.125 9.125 9.092 9.027 8.943 8.915 8.94 8.932 8.895 8.81 8.71 8.67 8.713 8.79 8.855 8.905 8.94 8.962 8.97 8.965 8.945 8.913 8.883 8.855 8.83 8.835 8.862 8.885 8.902 8.922 8.947 8.967 8.982 8.99 9 8.987 8.945 9.04 9.265 9.485 9.7 10.213 11.797 13.423 12.581 10.611 9.84 9.723 9.718 9.803 9.907 9.95 9.925
8.497 8.462 8.42 8.393 8.382 8.365 8.358 8.38 8.417 8.442 8.45 8.443 8.443 8.47 8.513 8.56 8.623 8.708 8.813 8.925 9.022 9.077 9.09 9.09 9.085 9.057 9.005 8.972 8.952 8.907 8.855 8.783 8.725 8.713 8.748 8.825 8.907 8.982 9.04 9.077 9.08 9.052 9.02 8.985 8.95 8.918 8.89 8.895 8.925 8.955 8.977 8.992 9.007 9.015 9.015 9.015 9.03 9.045 9.04 9.155 9.392 9.622 9.88 10.918 12.894 13.609 12.535 11.205 10.29 9.86 9.743 9.868 9.992 10.005 9.975
8.463 8.433 8.408 8.383 8.358 8.333 8.325 8.348 8.385 8.42 8.445 8.463 8.495 8.545 8.595 8.645 8.698 8.768 8.867 8.97 9.027 9.045 9.05 9.05 9.052 9.045 9.02 8.98 8.93 8.875 8.82 8.778 8.76 8.758 8.785 8.858 8.942 9.025 9.102 9.155 9.152 9.117 9.087 9.055 9.02 8.985 8.953 8.955 8.982 9.007 9.025 9.03 9.032 9.037 9.04 9.043 9.06 9.088 9.12 9.258 9.49 9.72 10 11.15 13.124 13.787 13.013 12.138 11.22 10.378 9.94 9.96 10.065 10.053 10.025
8.443 8.42 8.4 8.38 8.355 8.325 8.313 8.333 8.368 8.403 8.445 8.497 8.552 8.61 8.67 8.725 8.775 8.833 8.915 8.982 9 9.005 9.01 9.013 9.017 9.017 9.002 8.962 8.908 8.85 8.79 8.78 8.8 8.8 8.825 8.893 8.975 9.055 9.132 9.182 9.18 9.15 9.12 9.097 9.072 9.037 9.005 9.005 9.03 9.045 9.047 9.045 9.048 9.052 9.058 9.085 9.128 9.163 9.223 9.365 9.573 9.793 10.07 10.883 12.552 13.837 13.884 13.25 12.3 11.245 10.49 10.28 10.27 10.208 10.133
8.427 8.412 8.395 8.375 8.352 8.325 8.31 8.328 8.363 8.398 8.44 8.497 8.562 8.63 8.7 8.762 8.82 8.885 8.953 8.983 8.978 8.975 8.973 8.975 8.98 8.98 8.975 8.945 8.887 8.825 8.763 8.758 8.812 8.84 8.863 8.925 9.005 9.082 9.152 9.192 9.185 9.152 9.115 9.1 9.097 9.075 9.045 9.043 9.062 9.067 9.063 9.058 9.06 9.065 9.09 9.16 9.232 9.278 9.353 9.495 9.675 9.9 10.235 10.703 11.835 13.504 14.242 13.86 12.982 11.945 11.148 10.76 10.622 10.487 10.335
8.395 8.387 8.38 8.367 8.35 8.325 8.308 8.323 8.357 8.39 8.43 8.485 8.55 8.62 8.69 8.755 8.828 8.93 9.025 9.052 9.04 9.03 9.02 9.01 8.998 8.983 8.968 8.937 8.87 8.795 8.735 8.71 8.77 8.852 8.897 8.955 9.032 9.102 9.167 9.202 9.187 9.15 9.11 9.093 9.1 9.1 9.082 9.075 9.082 9.082 9.077 9.073 9.073 9.083 9.148 9.25 9.332 9.39 9.48 9.635 9.805 10.068 10.43 10.728 11.326 12.857 14.057 14.035 13.36 12.445 11.663 11.153 10.925 10.75 10.562
8.355 8.35 8.35 8.345 8.335 8.32 8.305 8.318 8.35 8.383 8.423 8.475 8.54 8.61 8.678 8.75 8.855 8.99 9.11 9.15 9.13 9.112 9.095 9.07 9.04 9.01 8.975 8.957 8.917 8.825 8.725 8.66 8.7 8.818 8.913 8.983 9.052 9.118 9.185 9.215 9.19 9.15 9.11 9.088 9.09 9.1 9.105 9.105 9.103 9.098 9.093 9.088 9.085 9.123 9.228 9.337 9.42 9.495 9.608 9.77 9.97 10.262 10.552 10.748 10.985 12.083 13.654 14.197 13.71 12.902 12.118 11.495 11.163 10.975 10.775
8.315 8.31 8.31 8.305 8.3 8.297 8.295 8.31 8.34 8.372 8.408 8.46 8.532 8.602 8.67 8.763 8.89 9.02 9.125 9.172 9.162 9.137 9.11 9.08 9.05 9.017 8.975 8.973 8.997 8.937 8.805 8.743 8.768 8.863 8.975 9.025 9.07 9.135 9.202 9.227 9.2 9.16 9.118 9.09 9.09 9.1 9.118 9.14 9.145 9.135 9.128 9.118 9.118 9.188 9.312 9.415 9.495 9.595 9.735 9.9 10.132 10.392 10.58 10.732 10.865 11.493 13.062 14.172 13.985 13.307 12.555 11.865 11.443 11.24 11.055
8.275 8.27 8.267 8.263 8.26 8.265 8.278 8.3 8.327 8.352 8.38 8.435 8.515 8.59 8.668 8.77 8.89 9.005 9.095 9.147 9.165 9.15 9.12 9.09 9.06 9.022 8.973 8.968 9.022 9.042 8.97 8.98 9.037 9.06 9.097 9.125 9.138 9.16 9.217 9.235 9.22 9.19 9.145 9.113 9.105 9.113 9.135 9.167 9.192 9.195 9.185 9.173 9.188 9.265 9.382 9.487 9.58 9.708 9.865 10.032 10.232 10.42 10.57 10.717 10.845 11.088 12.283 13.812 14.202 13.697 12.95 12.403 11.888 11.51 11.43
8.235 8.23 8.225 8.223 8.228 8.24 8.262 8.287 8.31 8.328 8.35 8.405 8.485 8.565 8.653 8.755 8.87 8.985 9.065 9.11 9.142 9.15 9.132 9.105 9.067 9.02 8.968 8.963 9.018 9.085 9.11 9.157 9.22 9.227 9.21 9.237 9.265 9.238 9.233 9.232 9.23 9.22 9.187 9.155 9.135 9.13 9.15 9.183 9.22 9.245 9.247 9.245 9.28 9.358 9.458 9.565 9.685 9.83 9.977 10.125 10.267 10.41 10.56 10.702 10.825 10.935 11.628 13.212 14.187 13.947 13.485 13.237 12.405 11.638 11.64
8.195 8.19 8.19 8.195 8.208 8.225 8.245 8.265 8.285 8.302 8.323 8.375 8.455 8.538 8.633 8.74 8.852 8.96 9.03 9.07 9.105 9.132 9.14 9.115 9.068 9.015 8.963 8.958 9.03 9.133 9.212 9.252 9.26 9.267 9.27 9.282 9.32 9.325 9.27 9.225 9.228 9.23 9.22 9.197 9.172 9.153 9.165 9.203 9.24 9.275 9.3 9.325 9.38 9.463 9.55 9.65 9.777 9.92 10.055 10.18 10.3 10.428 10.56 10.685 10.802 10.915 11.193 12.458 13.842 14.075 13.977 13.962 12.942 11.813 11.65
8.175 8.168 8.173 8.188 8.205 8.23 8.245 8.248 8.258 8.275 8.295 8.345 8.425 8.515 8.62 8.73 8.837 8.93 8.987 9.025 9.062 9.1 9.135 9.13 9.085 9.035 8.985 8.995 9.095 9.205 9.247 9.252 9.25 9.245 9.255 9.265 9.28 9.307 9.292 9.258 9.243 9.235 9.242 9.222 9.188 9.16 9.175 9.227 9.268 9.303 9.338 9.4 9.487 9.573 9.658 9.745 9.85 9.98 10.115 10.24 10.36 10.475 10.575 10.673 10.783 10.895 11.008 11.765 13.33 14.134 14.1 14.167 13.475 12.223 11.668
8.175 8.168 8.173 8.193 8.218 8.25 8.27 8.26 8.245 8.25 8.268 8.315 8.4 8.498 8.605 8.715 8.81 8.885 8.937 8.975 9.015 9.063 9.127 9.167 9.147 9.1 9.07 9.108 9.182 9.215 9.203 9.195 9.205 9.215 9.223 9.23 9.24 9.25 9.265 9.275 9.26 9.253 9.265 9.252 9.2 9.153 9.175 9.245 9.3 9.34 9.378 9.463 9.585 9.682 9.77 9.853 9.935 10.043 10.17 10.295 10.407 10.502 10.582 10.668 10.77 10.878 10.985 11.296 12.635 13.902 14.08 14.12 13.887 12.7 11.788
8.175 8.17 8.178 8.203 8.238 8.275 8.305 8.297 8.263 8.243 8.245 8.288 8.378 8.483 8.587 8.685 8.762 8.827 8.885 8.928 8.973 9.043 9.13 9.195 9.212 9.185 9.185 9.202 9.16 9.128 9.162 9.2 9.21 9.22 9.228 9.235 9.243 9.25 9.26 9.27 9.288 9.293 9.288 9.287 9.238 9.165 9.175 9.247 9.317 9.372 9.425 9.523 9.655 9.777 9.88 9.965 10.042 10.128 10.232 10.337 10.427 10.505 10.578 10.663 10.762 10.867 10.973 11.083 11.928 13.405 14.06 14.07 14.077 13.2 12.21
8.178 8.175 8.19 8.225 8.265 8.305 8.332 8.327 8.297 8.263 8.24 8.27 8.36 8.468 8.562 8.64 8.708 8.773 8.835 8.888 8.952 9.045 9.137 9.2 9.237 9.24 9.222 9.127 9.01 9.013 9.112 9.212 9.242 9.25 9.26 9.27 9.277 9.285 9.295 9.303 9.337 9.342 9.315 9.315 9.295 9.21 9.165 9.222 9.302 9.375 9.463 9.585 9.715 9.85 9.975 10.067 10.14 10.21 10.282 10.355 10.43 10.505 10.575 10.655 10.75 10.852 10.957 11.063 11.413 12.755 13.897 14.03 14.065 13.652 12.79
8.21 8.208 8.225 8.265 8.305 8.337 8.337 8.327 8.315 8.282 8.25 8.275 8.37 8.47 8.548 8.613 8.675 8.738 8.8 8.848 8.907 8.992 9.077 9.167 9.232 9.217 9.075 8.91 8.878 8.923 9.013 9.165 9.265 9.285 9.293 9.3 9.31 9.32 9.33 9.338 9.377 9.397 9.363 9.345 9.345 9.262 9.145 9.14 9.24 9.39 9.525 9.645 9.775 9.907 10.035 10.127 10.19 10.247 10.298 10.358 10.432 10.505 10.572 10.638 10.72 10.82 10.925 11.033 11.155 12.1 13.485 14.005 14.022 13.912 13.172
8.27 8.265 8.278 8.315 8.352 8.357 8.32 8.303 8.307 8.29 8.263 8.3 8.397 8.487 8.56 8.62 8.68 8.74 8.8 8.823 8.825 8.87 8.953 9.082 9.157 9.015 8.803 8.748 8.792 8.835 8.89 9.04 9.23 9.315 9.327 9.335 9.343 9.35 9.36 9.37 9.41 9.485 9.452 9.38 9.372 9.285 8.643 8.688 9.372 9.517 9.62 9.71 9.833 9.96 10.07 10.152 10.212 10.262 10.305 10.363 10.435 10.507 10.562 10.608 10.683 10.78 10.885 11 11.138 11.571 12.902 13.922 13.977 13.972 13.445
8.332 8.325 8.333 8.365 8.377 8.342 8.29 8.27 8.285 8.287 8.278 8.325 8.417 8.502 8.58 8.642 8.7 8.763 8.825 8.85 8.808 8.773 8.83 8.945 8.895 8.69 8.615 8.66 8.705 8.745 8.785 8.898 9.11 9.292 9.36 9.37 9.377 9.385 9.393 9.4 9.44 9.557 9.547 9.435 9.39 9.13 8.553 8.928 9.66 9.68 9.718 9.788 9.888 10 10.092 10.172 10.232 10.275 10.315 10.368 10.435 10.51 10.545 10.57 10.648 10.745 10.85 10.975 11.125 11.291 12.305 13.577 13.937 13.937 13.692
8.395 8.385 8.388 8.392 8.363 8.308 8.258 8.24 8.253 8.265 8.283 8.343 8.432 8.517 8.6 8.667 8.725 8.787 8.847 8.892 8.86 8.763 8.715 8.675 8.55 8.485 8.528 8.572 8.615 8.655 8.695 8.773 8.95 9.185 9.347 9.4 9.41 9.42 9.427 9.435 9.473 9.59 9.642 9.53 9.427 8.656 8.603 9.547 9.795 9.795 9.825 9.883 9.953 10.035 10.113 10.188 10.245 10.285 10.325 10.373 10.438 10.505 10.517 10.533 10.613 10.71 10.82 10.958 11.115 11.27 11.768 13.047 13.912 13.9 13.817
8.455 8.445 8.445 8.443 8.403 8.338 8.283 8.288 8.34 8.36 8.348 8.35 8.403 8.49 8.575 8.645 8.702 8.757 8.807 8.852 8.862 8.785 8.718 8.593 8.423 8.398 8.443 8.485 8.525 8.565 8.605 8.658 8.8 9.027 9.25 9.395 9.44 9.45 9.46 9.47 9.508 9.623 9.752 9.677 9.247 8.628 8.818 9.517 9.802 9.897 9.933 9.985 10.038 10.098 10.165 10.225 10.263 10.295 10.335 10.38 10.442 10.49 10.48 10.495 10.578 10.675 10.793 10.942 11.102 11.258 11.458 12.513 13.662 13.862 13.827
8.51 8.505 8.508 8.53 8.535 8.517 8.495 8.508 8.547 8.54 8.482 8.413 8.383 8.425 8.502 8.567 8.617 8.662 8.702 8.74 8.777 8.76 8.807 8.785 8.565 8.405 8.368 8.395 8.435 8.475 8.518 8.563 8.665 8.863 9.1 9.317 9.447 9.482 9.49 9.5 9.54 9.658 9.822 9.704 8.696 8.638 9.412 9.565 9.81 9.967 10.035 10.085 10.135 10.188 10.25 10.295 10.305 10.315 10.343 10.385 10.445 10.47 10.443 10.46 10.545 10.65 10.77 10.918 11.08 11.24 11.4 11.968 13.15 13.827 13.79
8.555 8.565 8.575 8.61 8.65 8.687 8.712 8.73 8.72 8.677 8.617 8.542 8.465 8.423 8.435 8.473 8.513 8.55 8.588 8.623 8.66 8.688 8.825 8.937 8.805 8.575 8.4 8.333 8.345 8.388 8.432 8.475 8.538 8.7 8.94 9.177 9.385 9.497 9.525 9.533 9.57 9.69 9.865 9.39 8.621 8.915 9.51 9.695 9.86 10.015 10.127 10.185 10.232 10.28 10.337 10.372 10.37 10.363 10.365 10.39 10.435 10.44 10.405 10.428 10.52 10.635 10.755 10.89 11.05 11.215 11.373 11.608 12.652 13.654 13.752
8.59 8.625 8.65 8.69 8.727 8.762 8.8 8.835 8.845 8.815 8.752 8.675 8.59 8.503 8.43 8.413 8.443 8.478 8.515 8.55 8.585 8.623 8.835 9.072 9.027 8.82 8.585 8.395 8.3 8.303 8.345 8.385 8.428 8.555 8.778 9.013 9.25 9.452 9.55 9.568 9.603 9.72 9.722 8.766 8.681 9.514 9.673 9.845 9.97 10.11 10.22 10.28 10.327 10.375 10.422 10.442 10.435 10.425 10.415 10.415 10.423 10.408 10.375 10.395 10.492 10.615 10.735 10.862 11.002 11.147 11.3 11.483 12.16 13.235 13.717
