EGM722_Project_Data/DTM_asc/TL4762.asc
ncols         200
nrows         200
xllcorner     547000.000
yllcorner     262000.000
cellsize      5
NODATA_value  -9999.0
[rows 70 to 104 of 200, columns 0 to 78 of 200]
11.347 12.274 11.592 10.123 9.438 9.335 9.27 9.223 9.19 9.155 9.107 9.052 8.997 8.945 8.887 8.825 8.762 8.7 8.642 8.59 8.535 8.485 8.483 8.522 8.567 8.605 8.59 8.517 8.435 8.35 8.285 8.263 8.25 8.23 8.213 8.207 8.21 8.21 8.212 8.21 8.205 8.197 8.162 8.117 8.087 8.055 8.015 7.982 7.955 7.927 7.92 7.925 7.92 7.908 7.895 7.885 7.875 7.865 7.845 7.848 7.88 7.912 7.952 7.985 8.002 8.02 8.047 8.08 8.095 8.097 8.105 8.12 8.14 8.157 8.162 8.16 8.162 8.167 8.172
11.555 12.247 11.35 10 9.395 9.275 9.203 9.14 9.098 9.06 9.012 8.957 8.903 8.848 8.79 8.73 8.67 8.618 8.57 8.518 8.473 8.448 8.453 8.485 8.53 8.577 8.552 8.458 8.365 8.275 8.22 8.222 8.227 8.207 8.18 8.158 8.15 8.15 8.155 8.16 8.165 8.172 8.157 8.117 8.072 8.027 7.988 7.957 7.93 7.9 7.895 7.917 7.927 7.92 7.91 7.9 7.89 7.867 7.835 7.838 7.873 7.908 7.955 8.005 8.035 8.055 8.08 8.102 8.097 8.08 8.083 8.1 8.13 8.162 8.17 8.163 8.16 8.163 8.165
11.77 12.222 11.13 9.903 9.365 9.223 9.138 9.068 9.01 8.963 8.915 8.863 8.808 8.753 8.695 8.638 8.588 8.548 8.503 8.458 8.435 8.423 8.423 8.448 8.485 8.53 8.505 8.398 8.29 8.195 8.15 8.17 8.192 8.182 8.155 8.123 8.098 8.09 8.095 8.105 8.118 8.132 8.12 8.08 8.038 7.995 7.96 7.93 7.9 7.87 7.863 7.89 7.92 7.93 7.925 7.912 7.887 7.838 7.81 7.833 7.867 7.903 7.95 8.01 8.057 8.087 8.107 8.11 8.09 8.065 8.063 8.085 8.125 8.167 8.18 8.17 8.165 8.16 8.155
11.984 12.209 10.923 9.805 9.345 9.195 9.103 9.025 8.948 8.88 8.825 8.775 8.723 8.67 8.618 8.565 8.52 8.483 8.448 8.423 8.41 8.398 8.393 8.415 8.45 8.485 8.467 8.365 8.24 8.125 8.08 8.11 8.145 8.153 8.13 8.098 8.065 8.045 8.048 8.068 8.093 8.102 8.082 8.045 8.005 7.965 7.93 7.9 7.87 7.84 7.83 7.855 7.895 7.927 7.937 7.912 7.86 7.803 7.79 7.825 7.86 7.898 7.95 8.01 8.065 8.107 8.12 8.105 8.08 8.055 8.053 8.083 8.128 8.172 8.185 8.155 8.12 8.082 8.023
12.169 12.194 10.738 9.703 9.33 9.2 9.115 9.03 8.94 8.855 8.785 8.728 8.675 8.625 8.575 8.528 8.483 8.435 8.408 8.397 8.383 8.37 8.365 8.383 8.417 8.442 8.43 8.357 8.24 8.11 8.06 8.095 8.133 8.148 8.13 8.1 8.07 8.045 8.045 8.07 8.092 8.082 8.047 8.01 7.967 7.925 7.892 7.867 7.84 7.81 7.8 7.825 7.865 7.907 7.932 7.905 7.848 7.8 7.793 7.823 7.855 7.893 7.945 8.005 8.057 8.097 8.112 8.1 8.078 8.053 8.053 8.09 8.132 8.16 8.142 8.072 7.99 7.915 7.83
12.239 12.072 10.563 9.603 9.328 9.225 9.145 9.06 8.972 8.885 8.8 8.723 8.658 8.605 8.557 8.51 8.457 8.4 8.368 8.365 8.357 8.345 8.338 8.35 8.38 8.39 8.375 8.34 8.262 8.145 8.095 8.127 8.157 8.172 8.16 8.13 8.1 8.075 8.075 8.095 8.092 8.055 8.01 7.967 7.92 7.873 7.84 7.82 7.797 7.775 7.773 7.805 7.85 7.89 7.915 7.905 7.865 7.82 7.81 7.835 7.86 7.888 7.933 7.987 8.032 8.065 8.085 8.087 8.077 8.058 8.06 8.09 8.11 8.107 8.06 7.975 7.883 7.793 7.738
12.237 11.875 10.385 9.513 9.34 9.255 9.172 9.088 9.005 8.92 8.83 8.74 8.658 8.593 8.54 8.482 8.42 8.36 8.325 8.322 8.322 8.317 8.31 8.317 8.332 8.325 8.305 8.285 8.25 8.17 8.13 8.157 8.18 8.197 8.19 8.16 8.133 8.108 8.102 8.102 8.067 8.015 7.968 7.92 7.87 7.82 7.783 7.76 7.745 7.743 7.765 7.807 7.845 7.872 7.89 7.892 7.872 7.835 7.828 7.85 7.865 7.88 7.913 7.957 7.997 8.03 8.047 8.055 8.057 8.052 8.052 8.055 8.047 8.03 7.98 7.9 7.817 7.728 7.713
12.247 11.69 10.245 9.473 9.365 9.285 9.2 9.115 9.035 8.95 8.857 8.76 8.66 8.575 8.51 8.447 8.383 8.32 8.283 8.275 8.278 8.28 8.278 8.275 8.268 8.253 8.235 8.215 8.198 8.165 8.15 8.172 8.197 8.22 8.217 8.19 8.165 8.14 8.117 8.087 8.035 7.983 7.935 7.883 7.828 7.773 7.73 7.715 7.723 7.74 7.77 7.802 7.827 7.85 7.862 7.865 7.86 7.843 7.84 7.852 7.857 7.865 7.888 7.925 7.962 7.992 8.007 8.012 8.015 8.017 8.01 7.992 7.973 7.95 7.902 7.828 7.753 7.69 7.728
12.247 11.497 10.145 9.473 9.375 9.287 9.197 9.105 9.015 8.927 8.832 8.727 8.625 8.538 8.47 8.41 8.345 8.28 8.245 8.24 8.245 8.25 8.255 8.253 8.233 8.21 8.193 8.178 8.165 8.158 8.155 8.163 8.18 8.202 8.207 8.185 8.16 8.14 8.112 8.072 8.02 7.968 7.928 7.885 7.83 7.77 7.728 7.72 7.74 7.765 7.773 7.78 7.803 7.825 7.837 7.838 7.835 7.838 7.837 7.835 7.835 7.84 7.863 7.897 7.927 7.945 7.955 7.96 7.96 7.96 7.95 7.93 7.905 7.885 7.847 7.78 7.713 7.693 7.765
12.242 11.3 10.035 9.438 9.325 9.23 9.135 9.035 8.94 8.855 8.76 8.655 8.568 8.495 8.43 8.37 8.308 8.248 8.22 8.22 8.228 8.24 8.252 8.252 8.235 8.21 8.188 8.178 8.17 8.163 8.158 8.153 8.153 8.16 8.16 8.145 8.128 8.115 8.095 8.062 8.017 7.965 7.93 7.905 7.865 7.81 7.773 7.768 7.778 7.795 7.793 7.775 7.78 7.8 7.812 7.813 7.82 7.837 7.828 7.808 7.805 7.813 7.838 7.867 7.885 7.89 7.895 7.9 7.9 7.9 7.89 7.87 7.85 7.837 7.812 7.755 7.71 7.728 7.815
12.237 11.09 9.908 9.385 9.245 9.14 9.045 8.948 8.863 8.785 8.69 8.593 8.52 8.455 8.39 8.33 8.27 8.22 8.2 8.205 8.22 8.24 8.255 8.25 8.235 8.217 8.195 8.183 8.175 8.168 8.163 8.158 8.155 8.15 8.138 8.123 8.108 8.095 8.077 8.047 8.007 7.963 7.93 7.91 7.885 7.845 7.818 7.82 7.827 7.835 7.827 7.795 7.77 7.775 7.788 7.798 7.825 7.85 7.83 7.79 7.775 7.785 7.807 7.825 7.83 7.83 7.835 7.84 7.84 7.84 7.83 7.813 7.8 7.792 7.777 7.74 7.735 7.783 7.865
12.234 10.863 9.763 9.35 9.188 9.058 8.958 8.868 8.788 8.71 8.623 8.543 8.48 8.415 8.35 8.292 8.235 8.195 8.19 8.205 8.225 8.245 8.257 8.25 8.233 8.217 8.2 8.188 8.18 8.175 8.17 8.165 8.162 8.157 8.145 8.122 8.098 8.078 8.06 8.03 7.993 7.958 7.935 7.92 7.9 7.875 7.858 7.857 7.862 7.865 7.85 7.817 7.783 7.765 7.775 7.803 7.84 7.865 7.842 7.79 7.755 7.755 7.77 7.775 7.775 7.775 7.778 7.78 7.78 7.78 7.773 7.76 7.753 7.75 7.743 7.74 7.773 7.83 7.88
12.147 10.62 9.608 9.32 9.15 8.995 8.883 8.8 8.72 8.643 8.565 8.495 8.432 8.367 8.305 8.247 8.193 8.17 8.187 8.21 8.23 8.25 8.26 8.25 8.23 8.218 8.208 8.195 8.188 8.185 8.18 8.175 8.17 8.165 8.152 8.125 8.098 8.073 8.047 8.018 7.985 7.955 7.943 7.94 7.925 7.905 7.885 7.875 7.875 7.875 7.86 7.83 7.8 7.78 7.79 7.825 7.862 7.885 7.877 7.838 7.785 7.758 7.755 7.755 7.755 7.755 7.748 7.738 7.735 7.735 7.733 7.728 7.725 7.725 7.725 7.748 7.797 7.852 7.865
11.937 10.388 9.488 9.29 9.123 8.958 8.833 8.75 8.675 8.608 8.53 8.445 8.373 8.307 8.245 8.185 8.143 8.143 8.172 8.202 8.23 8.255 8.26 8.25 8.238 8.23 8.225 8.21 8.198 8.192 8.188 8.185 8.18 8.172 8.155 8.127 8.1 8.067 8.038 8.012 7.985 7.958 7.948 7.952 7.95 7.935 7.91 7.89 7.885 7.882 7.865 7.838 7.818 7.808 7.82 7.852 7.882 7.9 7.91 7.902 7.86 7.815 7.798 7.795 7.795 7.795 7.775 7.738 7.72 7.72 7.72 7.72 7.72 7.72 7.728 7.755 7.803 7.855 7.862
11.695 10.203 9.43 9.263 9.097 8.93 8.798 8.715 8.658 8.602 8.517 8.413 8.32 8.245 8.178 8.125 8.108 8.118 8.145 8.18 8.215 8.255 8.27 8.263 8.258 8.253 8.245 8.23 8.213 8.2 8.195 8.193 8.187 8.177 8.152 8.122 8.09 8.05 8.023 8.005 7.98 7.958 7.95 7.955 7.96 7.957 7.94 7.915 7.9 7.89 7.873 7.855 7.847 7.84 7.85 7.875 7.895 7.91 7.92 7.93 7.925 7.897 7.875 7.87 7.867 7.865 7.835 7.77 7.728 7.72 7.72 7.72 7.72 7.72 7.733 7.765 7.81 7.857 7.867
11.432 10.048 9.403 9.237 9.07 8.9 8.768 8.698 8.657 8.605 8.515 8.405 8.298 8.2 8.12 8.083 8.085 8.095 8.118 8.158 8.205 8.26 8.29 8.287 8.283 8.278 8.27 8.255 8.233 8.213 8.205 8.202 8.197 8.177 8.14 8.105 8.07 8.033 8.01 7.995 7.973 7.955 7.953 7.957 7.96 7.965 7.96 7.94 7.92 7.9 7.885 7.88 7.875 7.867 7.875 7.89 7.9 7.91 7.92 7.93 7.942 7.947 7.942 7.94 7.937 7.93 7.89 7.815 7.75 7.723 7.72 7.72 7.72 7.72 7.738 7.775 7.82 7.865 7.872
11.17 9.895 9.378 9.21 9.04 8.87 8.743 8.69 8.662 8.607 8.515 8.405 8.3 8.203 8.12 8.083 8.083 8.09 8.113 8.16 8.223 8.285 8.315 8.312 8.308 8.308 8.302 8.285 8.26 8.233 8.218 8.215 8.205 8.167 8.12 8.085 8.05 8.015 7.995 7.98 7.963 7.953 7.955 7.96 7.963 7.967 7.965 7.95 7.922 7.885 7.865 7.862 7.857 7.857 7.862 7.867 7.872 7.88 7.89 7.9 7.915 7.945 7.965 7.965 7.962 7.942 7.892 7.825 7.758 7.728 7.73 7.73 7.728 7.725 7.75 7.798 7.845 7.872 7.86
10.962 9.773 9.353 9.183 9.015 8.845 8.718 8.67 8.657 8.612 8.528 8.43 8.338 8.255 8.18 8.128 8.11 8.115 8.14 8.188 8.25 8.312 8.34 8.338 8.338 8.342 8.337 8.317 8.287 8.253 8.23 8.225 8.202 8.153 8.105 8.068 8.03 7.995 7.975 7.963 7.953 7.953 7.958 7.963 7.967 7.97 7.965 7.945 7.902 7.848 7.818 7.81 7.808 7.815 7.82 7.818 7.82 7.828 7.835 7.848 7.88 7.932 7.96 7.957 7.94 7.897 7.842 7.785 7.758 7.765 7.768 7.763 7.758 7.755 7.783 7.835 7.865 7.855 7.825
10.79 9.678 9.333 9.16 8.99 8.823 8.69 8.635 8.63 8.61 8.56 8.487 8.405 8.325 8.253 8.195 8.16 8.158 8.185 8.23 8.283 8.337 8.365 8.368 8.372 8.377 8.372 8.347 8.31 8.27 8.245 8.232 8.195 8.138 8.09 8.05 8.01 7.978 7.958 7.95 7.95 7.955 7.962 7.967 7.97 7.972 7.962 7.927 7.875 7.815 7.775 7.763 7.765 7.773 7.775 7.773 7.773 7.775 7.78 7.805 7.86 7.925 7.955 7.937 7.895 7.843 7.788 7.763 7.803 7.837 7.827 7.815 7.808 7.805 7.827 7.855 7.845 7.818 7.79
10.618 9.583 9.315 9.142 8.97 8.8 8.658 8.595 8.59 8.585 8.562 8.517 8.46 8.395 8.33 8.275 8.223 8.2 8.225 8.27 8.317 8.365 8.39 8.395 8.4 8.405 8.4 8.37 8.33 8.29 8.262 8.232 8.182 8.125 8.073 8.03 7.993 7.963 7.945 7.945 7.952 7.96 7.967 7.97 7.972 7.975 7.95 7.898 7.843 7.785 7.735 7.718 7.73 7.745 7.745 7.74 7.738 7.735 7.743 7.783 7.85 7.917 7.935 7.893 7.84 7.79 7.763 7.803 7.877 7.905 7.89 7.875 7.862 7.85 7.85 7.84 7.81 7.783 7.755
10.455 9.498 9.295 9.125 8.955 8.785 8.64 8.568 8.553 8.547 8.527 8.495 8.462 8.422 8.377 8.327 8.265 8.228 8.243 8.285 8.335 8.38 8.4 8.402 8.407 8.41 8.407 8.392 8.357 8.315 8.275 8.225 8.168 8.113 8.06 8.015 7.978 7.948 7.938 7.945 7.955 7.965 7.97 7.97 7.972 7.97 7.935 7.875 7.818 7.763 7.718 7.718 7.748 7.763 7.75 7.733 7.725 7.72 7.733 7.78 7.85 7.91 7.912 7.865 7.815 7.775 7.795 7.872 7.915 7.91 7.895 7.877 7.862 7.842 7.827 7.82 7.8 7.77 7.738
10.333 9.453 9.28 9.11 8.945 8.788 8.648 8.558 8.52 8.51 8.492 8.458 8.428 8.405 8.382 8.342 8.283 8.248 8.258 8.29 8.335 8.377 8.395 8.395 8.397 8.395 8.395 8.402 8.387 8.347 8.292 8.223 8.155 8.1 8.05 8.005 7.968 7.938 7.93 7.94 7.95 7.96 7.965 7.965 7.965 7.962 7.93 7.868 7.808 7.753 7.725 7.763 7.812 7.812 7.78 7.748 7.728 7.72 7.738 7.79 7.852 7.895 7.9 7.865 7.82 7.808 7.86 7.91 7.892 7.863 7.845 7.825 7.807 7.785 7.768 7.78 7.795 7.78 7.745
10.238 9.435 9.268 9.105 8.95 8.8 8.663 8.565 8.503 8.473 8.455 8.425 8.403 8.387 8.37 8.342 8.298 8.27 8.28 8.305 8.34 8.375 8.387 8.385 8.382 8.375 8.375 8.39 8.4 8.38 8.32 8.233 8.15 8.09 8.04 7.995 7.963 7.938 7.925 7.93 7.94 7.95 7.955 7.955 7.957 7.96 7.93 7.865 7.803 7.745 7.735 7.8 7.862 7.86 7.82 7.777 7.74 7.723 7.743 7.792 7.837 7.87 7.887 7.868 7.843 7.865 7.905 7.895 7.848 7.813 7.792 7.772 7.75 7.725 7.7 7.708 7.745 7.77 7.755
10.148 9.425 9.267 9.115 8.965 8.815 8.678 8.58 8.508 8.45 8.42 8.4 8.385 8.372 8.355 8.335 8.305 8.287 8.3 8.325 8.347 8.367 8.375 8.37 8.365 8.355 8.355 8.37 8.39 8.392 8.345 8.255 8.16 8.085 8.03 7.99 7.963 7.94 7.923 7.92 7.93 7.94 7.945 7.945 7.95 7.955 7.927 7.865 7.8 7.738 7.735 7.802 7.865 7.872 7.835 7.795 7.757 7.73 7.74 7.777 7.81 7.84 7.867 7.877 7.885 7.905 7.897 7.855 7.805 7.763 7.738 7.715 7.69 7.665 7.64 7.63 7.655 7.71 7.735
10.073 9.395 9.245 9.095 8.945 8.795 8.665 8.585 8.525 8.458 8.415 8.393 8.373 8.357 8.34 8.32 8.292 8.262 8.255 8.27 8.295 8.335 8.355 8.35 8.345 8.335 8.335 8.35 8.365 8.367 8.327 8.247 8.16 8.08 8.025 7.993 7.968 7.945 7.925 7.918 7.923 7.93 7.937 7.94 7.94 7.935 7.915 7.872 7.815 7.75 7.725 7.763 7.82 7.84 7.812 7.78 7.75 7.728 7.735 7.765 7.795 7.825 7.85 7.865 7.882 7.887 7.857 7.81 7.763 7.733 7.728 7.715 7.688 7.663 7.638 7.608 7.608 7.658 7.69
10.01 9.328 9.18 9.03 8.88 8.73 8.613 8.557 8.52 8.472 8.432 8.4 8.37 8.34 8.312 8.285 8.247 8.195 8.153 8.145 8.2 8.292 8.332 8.33 8.325 8.315 8.317 8.327 8.327 8.317 8.272 8.198 8.123 8.063 8.028 8.003 7.98 7.96 7.94 7.928 7.923 7.925 7.932 7.932 7.922 7.905 7.89 7.872 7.837 7.782 7.738 7.733 7.765 7.792 7.78 7.75 7.728 7.72 7.735 7.765 7.792 7.815 7.827 7.825 7.83 7.837 7.81 7.763 7.73 7.723 7.745 7.767 7.755 7.728 7.7 7.653 7.615 7.64 7.65
9.95 9.25 9.107 8.96 8.81 8.66 8.55 8.503 8.48 8.462 8.432 8.39 8.35 8.31 8.273 8.23 8.185 8.143 8.1 8.085 8.15 8.26 8.31 8.307 8.302 8.295 8.292 8.29 8.277 8.262 8.217 8.148 8.09 8.055 8.035 8.017 8 7.98 7.963 7.947 7.933 7.925 7.92 7.907 7.89 7.87 7.858 7.85 7.835 7.805 7.77 7.745 7.738 7.75 7.747 7.728 7.72 7.72 7.735 7.76 7.777 7.79 7.795 7.79 7.785 7.785 7.763 7.73 7.72 7.72 7.745 7.792 7.817 7.805 7.767 7.705 7.635 7.62 7.613
9.893 9.17 9.03 8.887 8.74 8.59 8.49 8.453 8.443 8.442 8.417 8.37 8.323 8.285 8.255 8.218 8.18 8.15 8.12 8.113 8.158 8.24 8.285 8.283 8.28 8.275 8.263 8.248 8.228 8.208 8.173 8.125 8.09 8.063 8.043 8.03 8.017 8 7.982 7.965 7.945 7.922 7.893 7.868 7.852 7.835 7.822 7.815 7.802 7.802 7.795 7.77 7.748 7.733 7.725 7.72 7.72 7.72 7.728 7.74 7.75 7.76 7.765 7.76 7.75 7.743 7.73 7.72 7.72 7.723 7.745 7.79 7.837 7.862 7.827 7.747 7.665 7.618 7.598
9.813 9.09 8.95 8.81 8.667 8.52 8.433 8.418 8.423 8.427 8.402 8.358 8.315 8.285 8.268 8.25 8.225 8.195 8.165 8.163 8.202 8.245 8.26 8.26 8.26 8.257 8.242 8.22 8.198 8.173 8.148 8.12 8.09 8.062 8.045 8.035 8.025 8.012 7.995 7.975 7.95 7.912 7.863 7.82 7.8 7.787 7.772 7.76 7.753 7.788 7.812 7.79 7.767 7.74 7.723 7.72 7.72 7.72 7.72 7.723 7.728 7.733 7.735 7.733 7.728 7.723 7.72 7.72 7.72 7.733 7.755 7.783 7.825 7.867 7.842 7.755 7.683 7.643 7.62
9.703 9.01 8.87 8.733 8.6 8.47 8.4 8.4 8.41 8.415 8.39 8.348 8.318 8.298 8.283 8.27 8.257 8.237 8.21 8.21 8.242 8.25 8.24 8.24 8.24 8.24 8.225 8.2 8.177 8.153 8.13 8.107 8.08 8.053 8.038 8.032 8.025 8.015 8 7.975 7.937 7.89 7.837 7.783 7.74 7.72 7.705 7.688 7.708 7.785 7.825 7.805 7.777 7.745 7.725 7.72 7.72 7.72 7.72 7.72 7.72 7.72 7.72 7.72 7.72 7.72 7.72 7.72 7.728 7.755 7.78 7.79 7.81 7.842 7.82 7.75 7.708 7.683 7.66
9.64 8.955 8.833 8.708 8.585 8.475 8.418 8.405 8.403 8.402 8.38 8.35 8.33 8.313 8.298 8.285 8.275 8.267 8.255 8.252 8.255 8.235 8.22 8.22 8.22 8.22 8.205 8.18 8.155 8.13 8.11 8.09 8.067 8.04 8.025 8.027 8.027 8.017 7.997 7.962 7.915 7.865 7.813 7.757 7.703 7.658 7.633 7.633 7.693 7.797 7.837 7.812 7.782 7.748 7.725 7.72 7.72 7.72 7.72 7.72 7.72 7.72 7.72 7.72 7.72 7.72 7.72 7.725 7.75 7.79 7.812 7.818 7.823 7.832 7.817 7.78 7.752 7.727 7.702
9.683 8.938 8.83 8.72 8.607 8.51 8.457 8.432 8.412 8.397 8.38 8.362 8.345 8.327 8.315 8.302 8.287 8.28 8.275 8.262 8.24 8.21 8.195 8.195 8.195 8.195 8.182 8.16 8.135 8.11 8.09 8.07 8.05 8.028 8.018 8.022 8.027 8.02 7.99 7.945 7.895 7.845 7.79 7.733 7.677 7.62 7.578 7.603 7.695 7.805 7.845 7.815 7.782 7.748 7.725 7.72 7.72 7.72 7.72 7.72 7.72 7.72 7.72 7.72 7.72 7.72 7.723 7.743 7.783 7.825 7.845 7.845 7.837 7.822 7.81 7.792 7.77 7.747 7.72
9.705 8.93 8.823 8.717 8.612 8.52 8.465 8.44 8.415 8.39 8.375 8.36 8.34 8.322 8.312 8.302 8.29 8.28 8.27 8.25 8.223 8.195 8.173 8.165 8.165 8.162 8.15 8.13 8.107 8.087 8.067 8.042 8.017 8.005 8.007 8.012 8.017 8.007 7.97 7.92 7.87 7.82 7.767 7.71 7.653 7.603 7.57 7.585 7.665 7.775 7.827 7.81 7.777 7.743 7.723 7.72 7.72 7.72 7.72 7.72 7.72 7.72 7.72 7.72 7.72 7.72 7.733 7.77 7.817 7.855 7.862 7.845 7.822 7.798 7.78 7.765 7.747 7.727 7.7
9.66 8.925 8.818 8.71 8.605 8.508 8.445 8.42 8.397 8.373 8.355 8.34 8.317 8.295 8.285 8.285 8.28 8.27 8.26 8.245 8.222 8.197 8.163 8.138 8.135 8.127 8.11 8.092 8.07 8.042 8.012 7.98 7.965 7.978 7.992 7.997 7.997 7.98 7.942 7.895 7.845 7.795 7.743 7.688 7.64 7.613 7.605 7.605 7.633 7.715 7.787 7.795 7.77 7.738 7.72 7.72 7.72 7.72 7.72 7.72 7.72 7.72 7.72 7.72 7.72 7.725 7.753 7.797 7.835 7.855 7.845 7.818 7.795 7.77 7.75 7.735 7.715 7.695 7.67
9.608 8.92 8.813 8.705 8.598 8.493 8.425 8.4 8.38 8.355 8.335 8.317 8.29 8.263 8.253 8.26 8.262 8.255 8.245 8.235 8.22 8.2 8.16 8.118 8.102 8.09 8.067 8.04 8.005 7.965 7.928 7.91 7.925 7.955 7.975 7.977 7.967 7.945 7.91 7.867 7.822 7.775 7.72 7.675 7.655 7.653 7.655 7.655 7.655 7.683 7.74 7.767 7.755 7.733 7.72 7.72 7.72 7.72 7.72 7.72 7.72 7.72 7.72 7.72 7.72 7.737 7.77 7.795 7.807 7.812 7.805 7.785 7.765 7.743 7.723 7.705 7.685 7.662 7.638
