EGM722_Project_Data/DTM_asc/TL4761.asc
ncols         200
nrows         200
xllcorner     547000.000
yllcorner     261000.000
cellsize      5
NODATA_value  -9999.0
[rows 105 to 139 of 200, columns 0 to 79 of 200]
8.247 8.232 8.192 8.11 8.023 7.965 7.948 7.938 7.923 7.913 7.913 7.917 7.91 7.887 7.858 7.825 7.795 7.765 7.75 7.775 7.822 7.852 7.817 7.73 7.64 7.56 7.535 7.478 7.343 7.245 7.183 7.095 7.023 7.028 7.09 7.155 7.208 7.257 7.3 7.383 7.51 7.627 7.685 7.61 7.418 7.243 7.18 7.18 7.18 7.18 7.18 7.18 7.18 7.18 7.18 7.18 7.18 7.18 7.18 7.18 7.18 7.18 7.18 7.18 7.18 7.18 7.18 7.18 7.18 7.18 7.18 7.18 7.18 7.18 7.18 7.18 7.18 7.18 7.18 7.18
8.25 8.227 8.167 8.092 8.015 7.943 7.903 7.89 7.883 7.878 7.877 7.872 7.857 7.865 7.887 7.897 7.89 7.865 7.85 7.875 7.902 7.887 7.822 7.727 7.63 7.55 7.555 7.615 7.667 7.677 7.592 7.452 7.31 7.173 7.115 7.15 7.205 7.26 7.325 7.42 7.537 7.662 7.67 7.505 7.303 7.195 7.18 7.18 7.18 7.18 7.18 7.18 7.18 7.18 7.18 7.18 7.18 7.18 7.18 7.18 7.18 7.18 7.18 7.18 7.18 7.18 7.18 7.18 7.18 7.18 7.18 7.18 7.18 7.18 7.18 7.18 7.18 7.18 7.18 7.175
8.257 8.185 8.1 8.035 7.968 7.913 7.885 7.868 7.858 7.852 7.845 7.817 7.783 7.79 7.832 7.877 7.907 7.917 7.925 7.922 7.887 7.82 7.732 7.635 7.553 7.515 7.55 7.662 7.792 7.837 7.772 7.637 7.467 7.293 7.198 7.198 7.235 7.29 7.358 7.45 7.558 7.675 7.592 7.358 7.223 7.18 7.18 7.18 7.18 7.18 7.18 7.18 7.18 7.18 7.18 7.18 7.18 7.18 7.18 7.18 7.18 7.18 7.18 7.18 7.18 7.18 7.18 7.18 7.18 7.18 7.18 7.18 7.18 7.18 7.18 7.18 7.18 7.18 7.18 7.15
8.22 8.115 8.028 7.968 7.925 7.895 7.875 7.855 7.838 7.825 7.797 7.75 7.705 7.708 7.75 7.792 7.827 7.85 7.86 7.83 7.775 7.715 7.635 7.558 7.518 7.51 7.548 7.64 7.71 7.71 7.68 7.62 7.525 7.39 7.298 7.28 7.283 7.32 7.39 7.487 7.577 7.637 7.462 7.228 7.185 7.18 7.18 7.18 7.18 7.18 7.18 7.18 7.18 7.18 7.18 7.18 7.18 7.18 7.18 7.18 7.18 7.18 7.18 7.18 7.18 7.18 7.18 7.18 7.18 7.18 7.18 7.18 7.18 7.18 7.18 7.18 7.18 7.18 7.175 7.107
8.15 8.045 7.963 7.918 7.9 7.89 7.873 7.85 7.83 7.805 7.755 7.688 7.628 7.62 7.65 7.67 7.683 7.683 7.668 7.638 7.61 7.585 7.548 7.518 7.51 7.51 7.528 7.56 7.565 7.54 7.513 7.49 7.472 7.425 7.38 7.37 7.36 7.365 7.405 7.46 7.49 7.487 7.33 7.18 7.18 7.18 7.18 7.18 7.18 7.18 7.18 7.18 7.18 7.18 7.18 7.18 7.18 7.18 7.18 7.18 7.18 7.18 7.18 7.18 7.18 7.18 7.18 7.18 7.18 7.18 7.18 7.18 7.18 7.18 7.18 7.18 7.18 7.18 7.15 7.045
8.083 7.983 7.918 7.898 7.89 7.885 7.875 7.855 7.835 7.805 7.745 7.665 7.605 7.595 7.603 7.598 7.595 7.57 7.538 7.523 7.513 7.51 7.51 7.51 7.51 7.51 7.508 7.493 7.47 7.445 7.423 7.413 7.41 7.41 7.41 7.413 7.42 7.433 7.438 7.42 7.39 7.358 7.27 7.195 7.185 7.18 7.18 7.18 7.18 7.18 7.18 7.18 7.18 7.18 7.18 7.18 7.18 7.18 7.18 7.18 7.18 7.18 7.18 7.18 7.18 7.18 7.18 7.18 7.18 7.18 7.18 7.18 7.18 7.18 7.18 7.18 7.18 7.175 7.107 6.967
8.02 7.938 7.895 7.883 7.878 7.875 7.87 7.86 7.842 7.812 7.755 7.69 7.665 7.673 7.678 7.67 7.64 7.565 7.513 7.51 7.51 7.51 7.51 7.51 7.51 7.51 7.505 7.488 7.463 7.435 7.415 7.41 7.41 7.41 7.423 7.453 7.488 7.522 7.52 7.475 7.425 7.37 7.3 7.26 7.263 7.24 7.198 7.18 7.18 7.18 7.18 7.18 7.18 7.18 7.18 7.18 7.18 7.18 7.18 7.18 7.18 7.18 7.18 7.18 7.18 7.18 7.18 7.18 7.18 7.18 7.18 7.18 7.18 7.18 7.18 7.18 7.18 7.15 7.042 6.887
7.963 7.908 7.885 7.87 7.865 7.862 7.858 7.855 7.845 7.82 7.778 7.75 7.76 7.782 7.797 7.77 7.687 7.58 7.518 7.51 7.51 7.51 7.51 7.51 7.51 7.51 7.505 7.49 7.465 7.435 7.415 7.41 7.41 7.41 7.443 7.515 7.585 7.627 7.62 7.572 7.515 7.452 7.38 7.358 7.392 7.392 7.313 7.215 7.18 7.18 7.18 7.18 7.18 7.18 7.18 7.18 7.18 7.18 7.18 7.18 7.18 7.18 7.18 7.18 7.18 7.18 7.18 7.18 7.18 7.18 7.18 7.18 7.18 7.18 7.18 7.18 7.177 7.107 6.96 6.692
7.915 7.895 7.875 7.86 7.853 7.847 7.843 7.84 7.837 7.83 7.82 7.822 7.84 7.86 7.865 7.805 7.695 7.598 7.545 7.528 7.515 7.51 7.51 7.51 7.51 7.513 7.515 7.503 7.473 7.44 7.42 7.418 7.42 7.423 7.468 7.56 7.655 7.72 7.715 7.66 7.6 7.535 7.47 7.463 7.505 7.545 7.515 7.375 7.233 7.18 7.18 7.18 7.18 7.18 7.18 7.18 7.18 7.18 7.18 7.18 7.18 7.18 7.18 7.18 7.18 7.18 7.18 7.18 7.18 7.18 7.18 7.18 7.18 7.18 7.177 7.175 7.157 7.05 6.88 6.3
7.883 7.897 7.875 7.85 7.84 7.833 7.828 7.825 7.828 7.843 7.857 7.865 7.877 7.892 7.877 7.8 7.7 7.64 7.618 7.595 7.568 7.548 7.54 7.545 7.553 7.563 7.575 7.568 7.538 7.503 7.488 7.493 7.498 7.508 7.56 7.655 7.742 7.79 7.78 7.735 7.68 7.618 7.57 7.575 7.617 7.662 7.69 7.602 7.38 7.205 7.17 7.18 7.18 7.18 7.18 7.18 7.18 7.18 7.18 7.18 7.18 7.18 7.18 7.18 7.18 7.18 7.18 7.18 7.18 7.18 7.18 7.18 7.18 7.175 7.165 7.157 7.112 6.977 6.68 5.808
7.863 7.9 7.892 7.853 7.828 7.818 7.813 7.815 7.835 7.867 7.885 7.888 7.895 7.907 7.88 7.8 7.738 7.72 7.715 7.695 7.665 7.635 7.62 7.628 7.643 7.66 7.672 7.667 7.647 7.618 7.61 7.625 7.633 7.65 7.71 7.79 7.83 7.825 7.805 7.78 7.74 7.69 7.66 7.672 7.71 7.745 7.772 7.695 7.477 7.243 7.138 7.152 7.172 7.18 7.18 7.18 7.18 7.18 7.18 7.18 7.18 7.18 7.18 7.18 7.18 7.18 7.18 7.18 7.18 7.18 7.18 7.18 7.18 7.167 7.14 7.09 7.005 6.88 6.275 5.333
7.848 7.89 7.91 7.88 7.828 7.803 7.803 7.82 7.86 7.9 7.915 7.915 7.918 7.925 7.893 7.838 7.82 7.82 7.815 7.795 7.765 7.735 7.723 7.73 7.743 7.757 7.765 7.762 7.752 7.732 7.73 7.75 7.765 7.792 7.842 7.872 7.862 7.838 7.818 7.8 7.775 7.74 7.723 7.732 7.755 7.782 7.77 7.64 7.435 7.233 7.11 7.11 7.148 7.172 7.18 7.18 7.18 7.18 7.18 7.18 7.18 7.18 7.18 7.18 7.185 7.185 7.18 7.18 7.18 7.18 7.18 7.18 7.18 7.16 7.107 7.013 6.9 6.68 5.813 5.025
7.835 7.875 7.912 7.91 7.855 7.803 7.805 7.847 7.892 7.932 7.947 7.945 7.945 7.945 7.93 7.915 7.915 7.915 7.912 7.895 7.865 7.835 7.825 7.835 7.845 7.852 7.85 7.842 7.835 7.822 7.827 7.85 7.87 7.895 7.912 7.9 7.875 7.85 7.83 7.815 7.795 7.772 7.765 7.775 7.79 7.805 7.742 7.583 7.4 7.23 7.125 7.118 7.152 7.155 7.153 7.175 7.182 7.18 7.18 7.18 7.18 7.18 7.18 7.185 7.215 7.23 7.213 7.2 7.19 7.183 7.18 7.18 7.18 7.152 7.083 6.978 6.86 6.407 5.475 4.953
7.83 7.865 7.907 7.912 7.86 7.803 7.805 7.857 7.907 7.95 7.967 7.962 7.96 7.955 7.95 7.952 7.955 7.957 7.962 7.955 7.93 7.902 7.892 7.897 7.905 7.865 7.792 7.76 7.75 7.75 7.755 7.767 7.79 7.805 7.807 7.8 7.79 7.815 7.837 7.82 7.802 7.785 7.777 7.787 7.802 7.81 7.74 7.59 7.43 7.27 7.168 7.165 7.177 7.125 7.105 7.15 7.177 7.182 7.183 7.183 7.185 7.185 7.185 7.21 7.272 7.305 7.283 7.27 7.255 7.213 7.185 7.185 7.182 7.165 7.095 6.973 6.842 6.197 5.288 4.978
7.835 7.86 7.902 7.897 7.84 7.795 7.8 7.845 7.895 7.942 7.965 7.962 7.96 7.955 7.945 7.94 7.943 7.947 7.955 7.96 7.95 7.928 7.918 7.92 7.88 7.747 7.595 7.533 7.533 7.55 7.55 7.535 7.548 7.565 7.57 7.578 7.628 7.75 7.83 7.82 7.802 7.78 7.765 7.768 7.78 7.795 7.745 7.617 7.467 7.31 7.213 7.2 7.15 7.065 7.06 7.107 7.152 7.177 7.187 7.197 7.205 7.2 7.198 7.255 7.355 7.403 7.398 7.395 7.362 7.273 7.205 7.197 7.195 7.187 7.125 6.992 6.847 6.143 5.228 4.985
7.848 7.863 7.892 7.882 7.833 7.795 7.8 7.84 7.883 7.927 7.952 7.955 7.955 7.952 7.945 7.935 7.93 7.933 7.94 7.95 7.955 7.945 7.937 7.897 7.765 7.58 7.4 7.313 7.328 7.357 7.357 7.33 7.318 7.325 7.34 7.4 7.535 7.705 7.81 7.822 7.8 7.77 7.755 7.758 7.765 7.775 7.732 7.622 7.492 7.348 7.252 7.19 7.065 6.988 7.015 7.063 7.11 7.152 7.175 7.185 7.19 7.185 7.208 7.302 7.457 7.55 7.555 7.527 7.455 7.345 7.238 7.205 7.215 7.205 7.145 7.02 6.872 6.312 5.373 4.985
7.865 7.873 7.882 7.87 7.83 7.795 7.8 7.84 7.88 7.917 7.94 7.945 7.948 7.95 7.945 7.935 7.925 7.92 7.925 7.938 7.95 7.955 7.917 7.79 7.605 7.415 7.228 7.12 7.13 7.165 7.163 7.135 7.11 7.113 7.178 7.318 7.49 7.66 7.79 7.825 7.797 7.765 7.75 7.752 7.755 7.757 7.72 7.62 7.5 7.372 7.25 7.115 6.97 6.925 6.97 7.02 7.075 7.125 7.142 7.138 7.133 7.13 7.158 7.283 7.525 7.695 7.695 7.625 7.535 7.425 7.288 7.215 7.22 7.212 7.167 7.065 6.927 6.645 5.895 5.178
7.882 7.885 7.885 7.87 7.835 7.798 7.803 7.845 7.885 7.917 7.937 7.948 7.953 7.957 7.953 7.94 7.93 7.92 7.923 7.938 7.95 7.955 7.875 7.7 7.513 7.333 7.185 7.103 7.083 7.063 7.033 7.018 7.005 7.01 7.088 7.245 7.422 7.6 7.765 7.822 7.79 7.76 7.745 7.745 7.745 7.74 7.707 7.627 7.515 7.392 7.223 7.02 6.89 6.88 6.935 6.998 7.057 7.1 7.11 7.1 7.09 7.083 7.08 7.19 7.49 7.735 7.757 7.692 7.612 7.505 7.365 7.243 7.203 7.2 7.185 7.132 7.022 6.887 6.552 5.925
7.892 7.895 7.892 7.877 7.847 7.81 7.815 7.86 7.895 7.92 7.94 7.957 7.965 7.97 7.967 7.953 7.943 7.935 7.938 7.95 7.955 7.95 7.857 7.675 7.508 7.38 7.295 7.245 7.192 7.088 7.008 7 7 7 7.038 7.163 7.348 7.545 7.72 7.79 7.777 7.752 7.735 7.732 7.727 7.715 7.682 7.622 7.532 7.417 7.227 6.975 6.838 6.858 6.925 6.992 7.04 7.07 7.08 7.07 7.06 7.053 7.05 7.148 7.45 7.677 7.682 7.645 7.59 7.517 7.432 7.312 7.213 7.183 7.182 7.177 7.12 7.005 6.885 6.707
7.898 7.9 7.895 7.88 7.86 7.83 7.835 7.875 7.9 7.92 7.94 7.96 7.972 7.98 7.98 7.967 7.957 7.95 7.95 7.955 7.95 7.937 7.837 7.683 7.578 7.505 7.445 7.395 7.307 7.15 7.03 7 7.003 7.025 7.085 7.19 7.333 7.515 7.665 7.72 7.732 7.73 7.722 7.712 7.697 7.682 7.647 7.59 7.525 7.437 7.26 7.045 6.933 6.908 6.933 6.98 7.012 7.04 7.05 7.04 7.038 7.043 7.045 7.16 7.427 7.56 7.525 7.49 7.45 7.41 7.382 7.337 7.25 7.183 7.168 7.177 7.172 7.107 7.023 7
7.908 7.903 7.895 7.882 7.867 7.845 7.85 7.88 7.9 7.92 7.94 7.957 7.972 7.987 7.99 7.98 7.967 7.955 7.952 7.95 7.94 7.925 7.86 7.775 7.715 7.655 7.597 7.527 7.395 7.213 7.065 7.025 7.058 7.115 7.208 7.313 7.418 7.537 7.625 7.655 7.675 7.695 7.7 7.685 7.665 7.647 7.61 7.553 7.497 7.435 7.32 7.197 7.11 7.02 6.97 6.97 6.985 7.008 7.023 7.025 7.035 7.05 7.045 7.17 7.36 7.397 7.365 7.33 7.293 7.26 7.243 7.24 7.215 7.173 7.155 7.163 7.175 7.165 7.14 7.11
7.92 7.907 7.895 7.885 7.87 7.853 7.85 7.865 7.882 7.897 7.915 7.93 7.945 7.972 7.985 7.972 7.957 7.94 7.94 7.945 7.935 7.917 7.88 7.84 7.81 7.78 7.737 7.635 7.473 7.293 7.148 7.12 7.173 7.24 7.333 7.437 7.532 7.582 7.6 7.62 7.643 7.667 7.675 7.66 7.64 7.617 7.575 7.52 7.465 7.412 7.36 7.285 7.192 7.095 7.02 6.99 6.988 7 7.018 7.03 7.045 7.055 7.038 7.142 7.257 7.235 7.205 7.18 7.168 7.16 7.155 7.155 7.153 7.148 7.148 7.153 7.16 7.172 7.19 7.187
7.925 7.91 7.895 7.885 7.87 7.855 7.84 7.83 7.838 7.85 7.865 7.883 7.905 7.945 7.962 7.947 7.93 7.908 7.913 7.937 7.937 7.91 7.858 7.81 7.795 7.792 7.775 7.707 7.567 7.393 7.275 7.26 7.3 7.363 7.455 7.55 7.597 7.59 7.583 7.6 7.62 7.645 7.652 7.637 7.617 7.59 7.547 7.493 7.438 7.39 7.35 7.297 7.217 7.125 7.065 7.038 7.02 7.023 7.035 7.045 7.055 7.05 7.023 7.068 7.118 7.11 7.118 7.128 7.128 7.123 7.13 7.135 7.138 7.143 7.148 7.15 7.155 7.165 7.198 7.235
7.927 7.91 7.895 7.885 7.87 7.855 7.835 7.805 7.79 7.798 7.815 7.84 7.878 7.922 7.935 7.918 7.898 7.873 7.878 7.915 7.935 7.905 7.845 7.783 7.735 7.718 7.712 7.7 7.637 7.5 7.408 7.408 7.433 7.488 7.565 7.612 7.605 7.578 7.57 7.583 7.6 7.622 7.627 7.61 7.585 7.557 7.52 7.467 7.415 7.37 7.33 7.292 7.235 7.16 7.115 7.092 7.07 7.058 7.057 7.057 7.05 7.027 6.995 7.018 7.063 7.095 7.14 7.155 7.125 7.105 7.115 7.122 7.13 7.14 7.155 7.17 7.18 7.188 7.21 7.25
7.93 7.91 7.895 7.885 7.873 7.858 7.835 7.803 7.77 7.755 7.775 7.82 7.873 7.917 7.925 7.903 7.88 7.855 7.86 7.9 7.92 7.887 7.825 7.762 7.7 7.658 7.64 7.635 7.625 7.572 7.537 7.555 7.575 7.605 7.63 7.62 7.59 7.563 7.555 7.568 7.583 7.6 7.602 7.58 7.55 7.522 7.487 7.443 7.395 7.35 7.31 7.275 7.237 7.195 7.162 7.14 7.12 7.097 7.078 7.058 7.033 7.005 6.998 7.043 7.103 7.152 7.18 7.152 7.105 7.09 7.1 7.11 7.118 7.128 7.155 7.19 7.22 7.24 7.255 7.28
7.935 7.913 7.903 7.893 7.88 7.868 7.855 7.835 7.8 7.768 7.785 7.845 7.9 7.932 7.932 7.912 7.888 7.863 7.868 7.897 7.89 7.84 7.78 7.72 7.66 7.62 7.608 7.605 7.603 7.6 7.607 7.627 7.65 7.66 7.647 7.62 7.59 7.565 7.56 7.573 7.585 7.595 7.58 7.545 7.515 7.485 7.455 7.42 7.377 7.333 7.293 7.26 7.235 7.217 7.197 7.175 7.155 7.13 7.1 7.07 7.04 7.023 7.048 7.1 7.152 7.19 7.177 7.128 7.088 7.078 7.085 7.095 7.103 7.115 7.145 7.185 7.23 7.27 7.297 7.33
7.952 7.92 7.91 7.905 7.893 7.885 7.887 7.882 7.857 7.825 7.84 7.895 7.932 7.945 7.937 7.922 7.9 7.875 7.88 7.882 7.84 7.78 7.723 7.665 7.62 7.613 7.617 7.615 7.618 7.62 7.625 7.635 7.65 7.662 7.652 7.625 7.6 7.585 7.585 7.595 7.602 7.602 7.57 7.515 7.475 7.445 7.42 7.395 7.36 7.318 7.28 7.255 7.243 7.238 7.225 7.205 7.182 7.157 7.13 7.1 7.075 7.07 7.1 7.15 7.182 7.18 7.147 7.1 7.068 7.06 7.065 7.075 7.085 7.103 7.135 7.175 7.22 7.265 7.307 7.357
7.857 7.932 7.91 7.91 7.905 7.905 7.91 7.91 7.905 7.883 7.895 7.935 7.947 7.952 7.945 7.927 7.907 7.887 7.875 7.84 7.78 7.723 7.668 7.625 7.615 7.627 7.632 7.63 7.635 7.64 7.643 7.648 7.655 7.665 7.657 7.635 7.618 7.605 7.605 7.61 7.61 7.605 7.57 7.505 7.445 7.405 7.38 7.36 7.335 7.303 7.273 7.26 7.262 7.265 7.255 7.235 7.21 7.185 7.16 7.135 7.123 7.123 7.145 7.172 7.167 7.142 7.11 7.073 7.05 7.045 7.048 7.055 7.068 7.09 7.125 7.165 7.21 7.258 7.308 7.363
7.483 7.68 7.922 7.915 7.902 7.897 7.902 7.91 7.922 7.925 7.935 7.952 7.955 7.96 7.955 7.935 7.912 7.89 7.86 7.805 7.735 7.67 7.625 7.613 7.625 7.64 7.645 7.647 7.652 7.657 7.66 7.662 7.667 7.672 7.667 7.655 7.642 7.628 7.62 7.615 7.607 7.6 7.567 7.505 7.435 7.375 7.343 7.325 7.308 7.288 7.27 7.27 7.28 7.287 7.28 7.26 7.237 7.215 7.195 7.18 7.172 7.167 7.165 7.152 7.13 7.105 7.078 7.058 7.045 7.038 7.033 7.038 7.055 7.08 7.115 7.158 7.205 7.258 7.313 7.365
7.64 7.331 7.55 7.887 7.885 7.865 7.863 7.875 7.895 7.915 7.92 7.92 7.93 7.942 7.945 7.927 7.897 7.868 7.852 7.82 7.75 7.673 7.625 7.62 7.633 7.647 7.655 7.657 7.662 7.667 7.67 7.672 7.677 7.682 7.68 7.67 7.66 7.645 7.62 7.597 7.585 7.575 7.547 7.49 7.42 7.35 7.318 7.31 7.295 7.28 7.27 7.272 7.28 7.29 7.285 7.265 7.245 7.227 7.215 7.205 7.195 7.185 7.167 7.14 7.115 7.09 7.07 7.06 7.05 7.04 7.03 7.033 7.048 7.07 7.108 7.155 7.208 7.265 7.325 7.385
8.11 7.685 7.316 7.46 7.71 7.842 7.825 7.828 7.845 7.865 7.867 7.855 7.86 7.877 7.89 7.887 7.862 7.833 7.832 7.842 7.802 7.73 7.673 7.643 7.64 7.652 7.66 7.663 7.667 7.67 7.673 7.677 7.682 7.687 7.685 7.677 7.67 7.655 7.617 7.57 7.543 7.53 7.505 7.452 7.385 7.32 7.298 7.302 7.295 7.283 7.273 7.27 7.273 7.28 7.275 7.258 7.243 7.23 7.22 7.21 7.198 7.185 7.17 7.147 7.122 7.098 7.078 7.065 7.055 7.045 7.038 7.04 7.048 7.085 7.163 7.233 7.293 7.358 7.425 7.473
8.125 8.177 7.812 7.358 7.27 7.547 7.8 7.79 7.798 7.815 7.82 7.803 7.79 7.795 7.81 7.822 7.82 7.8 7.8 7.83 7.832 7.79 7.737 7.695 7.665 7.66 7.665 7.668 7.67 7.673 7.677 7.682 7.687 7.69 7.688 7.683 7.677 7.662 7.62 7.563 7.515 7.488 7.457 7.405 7.345 7.29 7.27 7.282 7.29 7.285 7.278 7.273 7.27 7.272 7.267 7.255 7.245 7.235 7.225 7.215 7.202 7.188 7.17 7.15 7.127 7.105 7.085 7.07 7.06 7.05 7.045 7.047 7.05 7.103 7.232 7.37 7.465 7.535 7.58 7.585
8.03 8.15 8.16 7.877 7.415 7.141 7.403 7.732 7.755 7.765 7.77 7.755 7.735 7.725 7.733 7.745 7.758 7.76 7.77 7.8 7.825 7.817 7.782 7.745 7.702 7.675 7.67 7.673 7.675 7.678 7.68 7.685 7.69 7.692 7.695 7.69 7.682 7.667 7.625 7.567 7.51 7.46 7.413 7.358 7.303 7.258 7.245 7.258 7.273 7.28 7.28 7.275 7.27 7.27 7.265 7.255 7.245 7.235 7.225 7.215 7.205 7.192 7.175 7.152 7.13 7.11 7.093 7.08 7.07 7.057 7.05 7.047 7.045 7.098 7.245 7.432 7.59 7.69 7.69 7.667
7.87 7.977 8.07 8.06 7.91 7.448 7.116 7.293 7.577 7.72 7.72 7.705 7.69 7.683 7.685 7.695 7.708 7.72 7.74 7.77 7.797 7.807 7.787 7.752 7.715 7.688 7.68 7.683 7.685 7.685 7.68 7.68 7.685 7.69 7.692 7.687 7.677 7.655 7.612 7.555 7.495 7.435 7.378 7.323 7.273 7.243 7.243 7.255 7.268 7.277 7.277 7.273 7.27 7.27 7.265 7.255 7.245 7.235 7.225 7.215 7.205 7.192 7.175 7.152 7.13 7.115 7.105 7.095 7.082 7.06 7.043 7.038 7.04 7.098 7.245 7.435 7.625 7.757 7.762 7.717
7.755 7.81 7.888 7.932 7.93 7.895 7.532 7.128 7.148 7.465 7.675 7.665 7.66 7.66 7.665 7.675 7.68 7.685 7.708 7.74 7.77 7.787 7.772 7.738 7.71 7.698 7.695 7.695 7.695 7.695 7.685 7.675 7.675 7.68 7.68 7.672 7.655 7.62 7.575 7.525 7.47 7.41 7.353 7.303 7.27 7.255 7.258 7.27 7.277 7.277 7.273 7.27 7.27 7.267 7.262 7.255 7.245 7.235 7.225 7.212 7.2 7.187 7.17 7.15 7.135 7.13 7.125 7.112 7.09 7.053 7.028 7.028 7.055 7.123 7.25 7.43 7.625 7.77 7.785 7.659
