EGM722_Project_Data/DTM_asc/TL4754.asc
ncols         200
nrows         200
xllcorner     547000.000
yllcorner     254000.000
cellsize      5
NODATA_value  -9999.0
[rows 32 to 63 of 200, columns 0 to 72 of 200]
16.278 16.87 16.85 16.88 16.925 16.912 16.868 16.845 16.838 16.827 16.78 16.71 16.655 16.618 16.605 16.615 16.645 16.675 16.675 16.655 16.645 16.655 16.685 16.728 16.77 16.79 16.805 16.85 16.925 17.033 17.117 17.135 17.153 17.205 17.185 17.093 17.005 16.915 16.81 16.68 16.615 16.625 16.627 16.615 16.608 16.693 16.77 16.757 16.735 16.703 16.688 16.708 16.82 16.962 17.053 17.143 17.247 17.302 17.24 17.123 17.028 16.97 16.925 16.885 16.87 16.875 16.89 16.905 16.918 16.935 16.95 16.958 16.96
16.165 16.922 16.907 16.912 16.927 16.913 16.895 16.895 16.892 16.89 16.865 16.797 16.705 16.628 16.615 16.645 16.678 16.705 16.705 16.685 16.663 16.653 16.678 16.725 16.775 16.81 16.845 16.892 16.94 17.008 17.077 17.13 17.205 17.28 17.255 17.16 17.067 16.97 16.845 16.698 16.63 16.64 16.65 16.655 16.65 16.693 16.735 16.717 16.69 16.658 16.635 16.698 16.875 17.027 17.115 17.2 17.287 17.317 17.24 17.12 17.003 16.908 16.855 16.84 16.845 16.858 16.873 16.885 16.898 16.913 16.928 16.938 16.943
16.245 16.895 16.905 16.912 16.917 16.915 16.91 16.91 16.907 16.905 16.897 16.857 16.772 16.685 16.665 16.695 16.722 16.73 16.715 16.692 16.667 16.658 16.683 16.73 16.777 16.812 16.852 16.905 16.955 17.005 17.053 17.13 17.235 17.307 17.282 17.19 17.1 17.002 16.87 16.715 16.643 16.65 16.66 16.67 16.68 16.695 16.695 16.67 16.643 16.615 16.6 16.715 16.92 17.06 17.152 17.235 17.312 17.322 17.24 17.122 17 16.883 16.825 16.833 16.845 16.86 16.878 16.89 16.905 16.92 16.943 16.965 16.975
16.545 16.827 16.84 16.858 16.88 16.885 16.88 16.88 16.875 16.87 16.872 16.87 16.82 16.743 16.725 16.75 16.752 16.725 16.693 16.673 16.663 16.67 16.698 16.737 16.775 16.8 16.835 16.885 16.932 16.975 17.015 17.09 17.19 17.265 17.252 17.165 17.09 17.012 16.887 16.733 16.658 16.665 16.675 16.68 16.682 16.682 16.662 16.63 16.603 16.575 16.583 16.705 16.875 17.017 17.145 17.237 17.312 17.315 17.23 17.122 17.005 16.885 16.833 16.85 16.867 16.885 16.905 16.92 16.935 16.95 16.98 17.022 17.047
16.725 16.755 16.773 16.798 16.83 16.842 16.84 16.84 16.837 16.833 16.838 16.852 16.842 16.795 16.775 16.775 16.74 16.695 16.668 16.665 16.675 16.69 16.71 16.738 16.763 16.78 16.815 16.862 16.9 16.93 16.968 17.038 17.125 17.2 17.202 17.135 17.08 17.02 16.902 16.748 16.673 16.675 16.675 16.673 16.668 16.657 16.633 16.6 16.57 16.545 16.555 16.64 16.773 16.923 17.08 17.212 17.307 17.302 17.21 17.112 17.01 16.895 16.845 16.865 16.887 16.91 16.93 16.947 16.965 16.983 17.013 17.06 17.102
16.67 16.685 16.713 16.743 16.777 16.797 16.8 16.8 16.8 16.798 16.805 16.82 16.832 16.825 16.808 16.788 16.75 16.715 16.7 16.708 16.72 16.733 16.748 16.76 16.76 16.763 16.79 16.828 16.86 16.893 16.933 16.993 17.065 17.133 17.155 17.123 17.08 17.027 16.92 16.778 16.703 16.69 16.678 16.668 16.66 16.645 16.625 16.603 16.58 16.565 16.568 16.613 16.698 16.828 16.993 17.158 17.282 17.28 17.185 17.09 16.995 16.895 16.855 16.877 16.902 16.927 16.95 16.97 16.992 17.015 17.047 17.092 17.137
16.673 16.655 16.665 16.69 16.723 16.75 16.76 16.773 16.793 16.788 16.79 16.813 16.83 16.85 16.862 16.855 16.83 16.808 16.798 16.8 16.81 16.82 16.835 16.85 16.84 16.823 16.833 16.863 16.9 16.94 16.98 17.033 17.098 17.145 17.155 17.132 17.095 17.05 16.965 16.85 16.773 16.743 16.728 16.715 16.7 16.675 16.66 16.653 16.64 16.628 16.633 16.665 16.715 16.82 16.98 17.15 17.255 17.23 17.137 17.042 16.948 16.868 16.848 16.875 16.9 16.925 16.95 16.972 17 17.027 17.057 17.095 17.132
16.705 16.683 16.685 16.698 16.715 16.743 16.778 16.807 16.815 16.785 16.783 16.822 16.85 16.878 16.925 16.955 16.942 16.923 16.913 16.91 16.915 16.925 16.943 16.97 16.98 16.965 16.965 16.99 17.02 17.055 17.098 17.15 17.195 17.205 17.185 17.155 17.122 17.087 17.03 16.945 16.865 16.82 16.805 16.792 16.76 16.718 16.705 16.71 16.705 16.693 16.7 16.743 16.805 16.895 17.035 17.185 17.227 17.162 17.072 16.978 16.893 16.833 16.825 16.855 16.88 16.905 16.93 16.955 16.988 17.02 17.045 17.068 17.098
16.75 16.748 16.76 16.77 16.788 16.823 16.857 16.857 16.82 16.77 16.77 16.817 16.857 16.89 16.95 17.022 17.047 17.037 17.027 17.022 17.022 17.03 17.05 17.08 17.105 17.11 17.115 17.135 17.152 17.175 17.215 17.25 17.25 17.227 17.2 17.173 17.145 17.115 17.077 17.027 16.962 16.908 16.885 16.857 16.798 16.75 16.745 16.755 16.76 16.758 16.778 16.835 16.902 16.975 17.095 17.19 17.167 17.092 17.008 16.92 16.853 16.805 16.8 16.83 16.858 16.885 16.91 16.938 16.977 17.015 17.037 17.053 17.073
16.815 16.812 16.82 16.845 16.88 16.91 16.902 16.86 16.81 16.76 16.758 16.803 16.85 16.89 16.95 17.042 17.112 17.135 17.13 17.125 17.125 17.13 17.147 17.172 17.197 17.212 17.222 17.237 17.25 17.265 17.29 17.295 17.272 17.245 17.215 17.19 17.165 17.135 17.107 17.08 17.042 16.995 16.955 16.902 16.825 16.783 16.785 16.798 16.81 16.813 16.845 16.917 16.99 17.06 17.137 17.155 17.092 17.02 16.948 16.878 16.82 16.778 16.775 16.805 16.835 16.865 16.895 16.927 16.967 17.005 17.025 17.037 17.052
16.785 16.772 16.787 16.832 16.875 16.9 16.89 16.85 16.8 16.75 16.745 16.79 16.835 16.865 16.92 17.01 17.087 17.127 17.132 17.13 17.132 17.145 17.165 17.185 17.202 17.217 17.23 17.24 17.252 17.275 17.292 17.285 17.267 17.255 17.237 17.212 17.185 17.155 17.13 17.105 17.08 17.055 17.01 16.943 16.873 16.838 16.84 16.853 16.86 16.843 16.865 16.945 17.025 17.092 17.117 17.08 17.01 16.94 16.897 16.867 16.82 16.78 16.78 16.81 16.838 16.865 16.888 16.905 16.933 16.965 16.987 17 17.012
16.653 16.643 16.67 16.727 16.777 16.815 16.832 16.825 16.79 16.74 16.735 16.775 16.802 16.818 16.868 16.942 17 17.037 17.05 17.05 17.063 17.09 17.115 17.135 17.15 17.163 17.175 17.19 17.215 17.25 17.27 17.26 17.25 17.255 17.252 17.232 17.205 17.178 17.153 17.128 17.108 17.1 17.065 16.998 16.943 16.91 16.908 16.92 16.905 16.85 16.855 16.935 17.002 17.047 17.047 16.992 16.918 16.845 16.83 16.857 16.842 16.808 16.81 16.84 16.868 16.892 16.9 16.893 16.895 16.913 16.932 16.945 16.952
16.518 16.515 16.553 16.615 16.672 16.717 16.745 16.762 16.762 16.73 16.723 16.747 16.752 16.758 16.798 16.855 16.905 16.95 16.97 16.978 17.002 17.037 17.065 17.082 17.095 17.105 17.125 17.155 17.19 17.23 17.247 17.243 17.245 17.255 17.255 17.242 17.225 17.202 17.175 17.155 17.15 17.152 17.125 17.07 17.025 16.99 16.978 16.972 16.927 16.853 16.845 16.905 16.95 16.98 16.97 16.905 16.825 16.753 16.745 16.8 16.832 16.83 16.84 16.87 16.897 16.917 16.917 16.902 16.887 16.88 16.883 16.888 16.89
16.385 16.388 16.438 16.5 16.56 16.615 16.652 16.675 16.695 16.697 16.695 16.697 16.692 16.69 16.715 16.763 16.808 16.855 16.887 16.91 16.935 16.96 16.99 17.01 17.022 17.035 17.065 17.11 17.155 17.202 17.222 17.222 17.227 17.23 17.232 17.235 17.235 17.222 17.205 17.197 17.195 17.192 17.177 17.147 17.11 17.075 17.047 17.005 16.938 16.865 16.845 16.878 16.908 16.92 16.882 16.807 16.73 16.668 16.673 16.73 16.788 16.83 16.857 16.885 16.907 16.915 16.905 16.89 16.875 16.858 16.848 16.845 16.845
16.285 16.293 16.345 16.405 16.465 16.525 16.57 16.595 16.615 16.63 16.635 16.632 16.627 16.62 16.638 16.683 16.725 16.765 16.795 16.815 16.832 16.853 16.887 16.92 16.937 16.95 16.983 17.035 17.087 17.125 17.135 17.135 17.135 17.13 17.135 17.15 17.162 17.182 17.195 17.19 17.182 17.182 17.192 17.19 17.162 17.13 17.092 17.032 16.96 16.893 16.873 16.897 16.9 16.852 16.767 16.682 16.608 16.593 16.643 16.7 16.76 16.82 16.86 16.882 16.895 16.89 16.875 16.86 16.845 16.83 16.82 16.815 16.82
16.22 16.23 16.275 16.335 16.395 16.452 16.497 16.525 16.54 16.545 16.55 16.557 16.557 16.55 16.565 16.607 16.647 16.675 16.687 16.695 16.71 16.735 16.775 16.82 16.847 16.863 16.898 16.947 16.98 16.985 16.983 16.985 16.985 16.98 16.985 17.003 17.038 17.102 17.135 17.125 17.125 17.143 17.17 17.192 17.187 17.157 17.115 17.057 16.99 16.93 16.917 16.91 16.845 16.74 16.63 16.54 16.498 16.56 16.65 16.703 16.758 16.815 16.857 16.875 16.872 16.86 16.847 16.833 16.817 16.803 16.793 16.79 16.808
16.165 16.17 16.205 16.265 16.322 16.377 16.425 16.452 16.457 16.453 16.455 16.468 16.477 16.48 16.495 16.527 16.555 16.57 16.575 16.578 16.59 16.618 16.66 16.707 16.747 16.778 16.807 16.832 16.837 16.83 16.828 16.83 16.83 16.828 16.838 16.878 16.953 17.04 17.072 17.07 17.085 17.108 17.138 17.172 17.195 17.182 17.137 17.08 17.015 16.962 16.92 16.84 16.725 16.605 16.49 16.405 16.44 16.57 16.66 16.71 16.76 16.812 16.85 16.857 16.845 16.83 16.82 16.805 16.79 16.775 16.765 16.778 16.815
16.113 16.11 16.138 16.193 16.248 16.303 16.353 16.375 16.37 16.363 16.368 16.385 16.4 16.413 16.428 16.445 16.46 16.468 16.468 16.465 16.473 16.5 16.548 16.6 16.653 16.695 16.71 16.705 16.695 16.688 16.685 16.685 16.685 16.688 16.72 16.795 16.888 16.975 17.015 17.028 17.052 17.075 17.105 17.14 17.172 17.187 17.155 17.092 17.027 16.967 16.875 16.743 16.608 16.478 16.355 16.315 16.448 16.6 16.662 16.71 16.757 16.802 16.827 16.825 16.812 16.8 16.787 16.772 16.76 16.745 16.745 16.78 16.83
16.083 16.078 16.098 16.145 16.198 16.253 16.305 16.335 16.338 16.335 16.348 16.37 16.388 16.405 16.415 16.418 16.425 16.43 16.428 16.423 16.425 16.455 16.51 16.57 16.625 16.653 16.648 16.633 16.62 16.615 16.618 16.62 16.62 16.625 16.67 16.755 16.845 16.93 16.98 17 17.023 17.045 17.073 17.105 17.135 17.165 17.147 17.08 17.03 16.985 16.883 16.735 16.588 16.445 16.31 16.433 16.655 16.657 16.645 16.69 16.735 16.77 16.782 16.775 16.765 16.755 16.74 16.725 16.715 16.71 16.733 16.78 16.83
16.077 16.073 16.09 16.133 16.178 16.228 16.282 16.332 16.357 16.36 16.378 16.41 16.432 16.45 16.455 16.448 16.448 16.452 16.452 16.45 16.458 16.493 16.55 16.607 16.64 16.637 16.622 16.608 16.603 16.608 16.612 16.615 16.615 16.625 16.67 16.745 16.83 16.912 16.96 16.98 17 17.023 17.045 17.068 17.098 17.132 17.12 17.068 17.045 17.032 16.947 16.8 16.653 16.508 16.365 16.58 16.84 16.717 16.628 16.658 16.697 16.722 16.727 16.72 16.708 16.695 16.68 16.665 16.665 16.683 16.72 16.77 16.815
16.073 16.07 16.09 16.13 16.17 16.213 16.263 16.317 16.362 16.382 16.405 16.445 16.475 16.495 16.5 16.487 16.475 16.475 16.48 16.488 16.505 16.538 16.59 16.627 16.627 16.612 16.598 16.59 16.593 16.6 16.605 16.608 16.61 16.625 16.675 16.745 16.823 16.9 16.945 16.965 16.985 17.01 17.033 17.048 17.07 17.097 17.1 17.083 17.075 17.072 17.005 16.867 16.723 16.58 16.44 16.563 16.762 16.717 16.633 16.62 16.65 16.667 16.672 16.665 16.65 16.633 16.618 16.615 16.638 16.67 16.71 16.755 16.787
16.065 16.068 16.088 16.125 16.165 16.205 16.25 16.3 16.352 16.395 16.43 16.47 16.51 16.54 16.545 16.53 16.513 16.505 16.515 16.535 16.555 16.58 16.61 16.617 16.602 16.588 16.58 16.583 16.588 16.593 16.598 16.603 16.608 16.628 16.68 16.75 16.823 16.89 16.932 16.955 16.975 17 17.025 17.04 17.055 17.075 17.09 17.095 17.095 17.097 17.055 16.94 16.8 16.66 16.52 16.52 16.598 16.613 16.593 16.58 16.6 16.615 16.62 16.61 16.595 16.578 16.573 16.59 16.623 16.658 16.693 16.725 16.75
16.065 16.073 16.09 16.12 16.16 16.2 16.245 16.295 16.345 16.395 16.44 16.482 16.527 16.565 16.58 16.57 16.55 16.528 16.53 16.557 16.58 16.595 16.595 16.585 16.573 16.568 16.575 16.583 16.588 16.59 16.595 16.6 16.608 16.635 16.69 16.76 16.827 16.882 16.917 16.942 16.965 16.987 17.012 17.03 17.045 17.065 17.08 17.09 17.095 17.09 17.082 17.03 16.91 16.77 16.63 16.54 16.528 16.543 16.558 16.573 16.588 16.605 16.623 16.623 16.608 16.595 16.6 16.625 16.655 16.685 16.725 16.768 16.798
16.075 16.093 16.11 16.128 16.16 16.2 16.245 16.295 16.343 16.39 16.437 16.482 16.522 16.555 16.59 16.602 16.572 16.53 16.525 16.552 16.57 16.572 16.563 16.553 16.553 16.565 16.577 16.585 16.59 16.593 16.597 16.603 16.618 16.648 16.7 16.767 16.825 16.87 16.902 16.927 16.952 16.975 16.997 17.017 17.035 17.055 17.07 17.08 17.077 17.048 17.057 17.1 17.042 16.905 16.768 16.645 16.575 16.568 16.585 16.6 16.615 16.638 16.667 16.687 16.685 16.673 16.678 16.702 16.73 16.758 16.81 16.882 16.932
16.095 16.12 16.14 16.15 16.168 16.2 16.245 16.292 16.337 16.383 16.43 16.475 16.505 16.523 16.562 16.595 16.57 16.525 16.52 16.537 16.54 16.535 16.53 16.535 16.55 16.57 16.582 16.587 16.593 16.597 16.603 16.613 16.633 16.66 16.708 16.765 16.81 16.85 16.885 16.912 16.937 16.962 16.985 17.005 17.025 17.045 17.06 17.062 17.037 16.988 17.003 17.095 17.127 17.04 16.905 16.78 16.67 16.613 16.613 16.63 16.65 16.673 16.7 16.732 16.752 16.748 16.753 16.778 16.805 16.833 16.888 16.975 17.05
16.12 16.145 16.165 16.175 16.185 16.205 16.243 16.288 16.333 16.378 16.423 16.458 16.475 16.485 16.51 16.535 16.532 16.51 16.503 16.508 16.508 16.51 16.518 16.535 16.553 16.57 16.585 16.59 16.595 16.6 16.608 16.625 16.647 16.673 16.71 16.753 16.79 16.827 16.86 16.89 16.915 16.948 16.98 16.998 17.015 17.035 17.045 17.025 16.975 16.925 16.953 17.05 17.14 17.145 17.045 16.92 16.8 16.693 16.648 16.663 16.685 16.708 16.735 16.77 16.802 16.815 16.828 16.855 16.883 16.923 16.973 17.035 17.115
16.12 16.142 16.16 16.17 16.185 16.218 16.263 16.308 16.35 16.393 16.433 16.455 16.465 16.473 16.483 16.493 16.498 16.495 16.493 16.498 16.505 16.513 16.525 16.545 16.562 16.575 16.585 16.59 16.593 16.598 16.61 16.632 16.657 16.68 16.71 16.747 16.782 16.802 16.82 16.85 16.89 16.95 16.995 17.01 17.025 17.045 17.045 17.008 16.95 16.9 16.928 17.025 17.122 17.19 17.142 17.01 16.877 16.78 16.748 16.745 16.743 16.748 16.77 16.805 16.842 16.868 16.95 17.055 17.115 17.18 17.123 17.058 17.148
16.097 16.12 16.135 16.148 16.18 16.243 16.307 16.355 16.395 16.435 16.467 16.485 16.493 16.495 16.5 16.505 16.505 16.503 16.505 16.513 16.52 16.528 16.54 16.557 16.57 16.575 16.58 16.587 16.59 16.595 16.613 16.637 16.66 16.68 16.71 16.747 16.767 16.762 16.77 16.81 16.885 16.977 17.027 17.043 17.058 17.075 17.067 17.025 16.972 16.918 16.933 17.023 17.112 17.192 17.165 17.028 16.92 16.898 16.905 16.89 16.865 16.845 16.83 16.838 16.875 16.905 17.05 17.307 17.502 17.58 17.373 17.188 17.248
16.075 16.095 16.115 16.148 16.205 16.278 16.347 16.4 16.44 16.48 16.507 16.52 16.525 16.525 16.53 16.532 16.528 16.523 16.523 16.528 16.535 16.543 16.555 16.567 16.567 16.565 16.57 16.58 16.587 16.595 16.615 16.64 16.66 16.683 16.71 16.73 16.725 16.71 16.728 16.798 16.905 17.01 17.062 17.077 17.093 17.107 17.092 17.045 16.995 16.943 16.95 17.027 17.105 17.172 17.15 17.058 17.03 17.055 17.067 17.052 17.03 17.012 16.95 16.895 16.91 16.935 17.048 17.375 17.797 18.017 17.87 17.728 17.613
16.06 16.075 16.11 16.173 16.245 16.315 16.385 16.44 16.48 16.517 16.542 16.552 16.555 16.558 16.563 16.56 16.548 16.54 16.54 16.545 16.555 16.56 16.563 16.563 16.555 16.553 16.56 16.57 16.585 16.603 16.623 16.645 16.668 16.69 16.702 16.698 16.68 16.668 16.71 16.815 16.935 17.042 17.097 17.112 17.127 17.137 17.115 17.065 17.015 16.965 16.963 17.022 17.09 17.15 17.167 17.162 17.185 17.215 17.23 17.22 17.205 17.192 17.105 16.99 17.07 17.51 18.02 18.187 18.192 18.15 18.31 18.517 18.214
16.07 16.085 16.133 16.207 16.28 16.35 16.415 16.462 16.5 16.537 16.57 16.587 16.593 16.598 16.6 16.595 16.58 16.565 16.563 16.57 16.58 16.585 16.58 16.565 16.55 16.553 16.573 16.595 16.613 16.628 16.645 16.665 16.687 16.7 16.698 16.69 16.675 16.66 16.718 16.842 16.965 17.075 17.132 17.145 17.152 17.152 17.127 17.08 17.03 16.98 16.96 16.995 17.057 17.12 17.177 17.227 17.272 17.315 17.345 17.345 17.322 17.297 17.205 17.048 17.717 18.774 19.199 19.019 18.402 17.855 18.177 18.432 17.815
16.105 16.12 16.168 16.24 16.307 16.37 16.425 16.467 16.503 16.54 16.58 16.615 16.635 16.642 16.642 16.632 16.612 16.59 16.585 16.597 16.61 16.615 16.607 16.59 16.583 16.595 16.623 16.65 16.66 16.663 16.675 16.695 16.707 16.705 16.7 16.702 16.7 16.683 16.735 16.862 16.987 17.1 17.152 17.152 17.15 17.145 17.122 17.082 17.035 16.985 16.955 16.965 17.013 17.075 17.135 17.195 17.255 17.305 17.35 17.377 17.362 17.33 17.24 17.065 17.902 19.126 19.347 19.022 18.362 17.593 17.45 17.348 16.866
