EGM722_Project_Data/DTM_asc/TL4756.asc
ncols         200
nrows         200
xllcorner     547000.000
yllcorner     256000.000
cellsize      5
NODATA_value  -9999.0
[rows 35 to 69 of 200, columns 79 to 157 of 200]
9.04 9.047 9.05 9.053 9.055 9.052 9.035 8.962 8.853 8.768 8.713 8.67 8.635 8.623 8.64 8.675 8.712 8.747 8.78 8.795 8.795 8.8 8.813 8.845 8.905 8.95 8.957 8.94 8.91 8.885 8.875 8.883 8.898 8.92 8.945 8.98 9.032 9.065 9.06 9.025 8.975 8.928 8.885 8.87 8.888 8.91 8.92 8.91 8.882 8.845 8.818 8.835 8.875 8.88 8.858 8.833 8.808 8.785 8.768 8.758 8.76 8.778 8.81 8.845 8.877 8.897 8.895 8.88 8.86 8.84 8.825 8.81 8.797 8.795 8.792 8.787 8.78 8.77 8.76
9.037 9.065 9.075 9.077 9.08 9.082 9.08 9.025 8.91 8.793 8.705 8.653 8.633 8.635 8.653 8.68 8.71 8.74 8.77 8.788 8.795 8.81 8.83 8.865 8.907 8.935 8.952 8.95 8.928 8.913 8.915 8.927 8.94 8.955 8.975 9.01 9.047 9.055 9.042 9.02 8.99 8.965 8.948 8.928 8.908 8.905 8.905 8.895 8.88 8.855 8.825 8.833 8.852 8.837 8.813 8.788 8.763 8.738 8.715 8.715 8.738 8.77 8.81 8.84 8.855 8.85 8.835 8.82 8.8 8.785 8.78 8.775 8.775 8.785 8.792 8.792 8.787 8.78 8.773
9.005 9.052 9.082 9.087 9.085 9.087 9.09 9.055 8.957 8.835 8.72 8.655 8.653 8.668 8.685 8.705 8.73 8.758 8.777 8.787 8.8 8.822 8.845 8.875 8.905 8.925 8.945 8.957 8.955 8.95 8.957 8.972 8.985 8.995 9.007 9.025 9.032 9.022 9.01 9.01 9.022 9.035 9.037 9.017 8.967 8.918 8.893 8.88 8.868 8.852 8.83 8.823 8.82 8.8 8.78 8.76 8.743 8.723 8.703 8.713 8.745 8.778 8.81 8.822 8.815 8.8 8.783 8.765 8.753 8.753 8.762 8.772 8.777 8.785 8.795 8.797 8.793 8.788 8.785
8.965 9.025 9.077 9.082 9.065 9.06 9.06 9.03 8.95 8.84 8.72 8.665 8.69 8.72 8.74 8.76 8.782 8.792 8.777 8.765 8.777 8.805 8.832 8.862 8.892 8.915 8.935 8.952 8.952 8.947 8.957 8.967 8.975 8.985 8.997 9 8.99 8.975 8.96 8.965 8.995 9.032 9.057 9.062 9.025 8.953 8.9 8.88 8.865 8.85 8.833 8.82 8.813 8.798 8.783 8.77 8.758 8.743 8.73 8.738 8.765 8.795 8.82 8.82 8.803 8.788 8.765 8.73 8.71 8.715 8.727 8.74 8.747 8.755 8.78 8.805 8.808 8.805 8.805
8.935 9.018 9.085 9.085 9.05 9.028 9.015 8.977 8.907 8.817 8.705 8.665 8.717 8.77 8.8 8.815 8.812 8.782 8.735 8.715 8.735 8.765 8.798 8.835 8.872 8.902 8.925 8.94 8.923 8.9 8.905 8.91 8.915 8.928 8.947 8.955 8.942 8.925 8.91 8.908 8.928 8.96 8.987 9.012 9.02 8.98 8.923 8.893 8.875 8.855 8.83 8.82 8.825 8.82 8.81 8.8 8.785 8.773 8.765 8.765 8.785 8.815 8.84 8.84 8.82 8.797 8.765 8.715 8.67 8.655 8.66 8.67 8.68 8.71 8.775 8.822 8.832 8.835 8.835
8.928 9.025 9.095 9.095 9.055 9.012 8.975 8.925 8.855 8.782 8.69 8.665 8.73 8.795 8.835 8.827 8.785 8.733 8.68 8.668 8.698 8.733 8.768 8.805 8.845 8.882 8.91 8.925 8.902 8.86 8.848 8.853 8.863 8.88 8.902 8.91 8.895 8.875 8.86 8.853 8.858 8.875 8.893 8.915 8.95 8.967 8.94 8.905 8.882 8.852 8.82 8.81 8.82 8.83 8.835 8.83 8.817 8.807 8.8 8.795 8.81 8.84 8.862 8.857 8.83 8.795 8.755 8.707 8.653 8.608 8.593 8.603 8.635 8.705 8.795 8.845 8.855 8.862 8.86
8.935 9.035 9.105 9.097 9.037 8.972 8.932 8.895 8.828 8.753 8.678 8.675 8.745 8.805 8.837 8.82 8.765 8.703 8.64 8.628 8.665 8.705 8.742 8.778 8.815 8.855 8.89 8.907 8.885 8.838 8.81 8.81 8.823 8.84 8.86 8.865 8.858 8.853 8.848 8.838 8.825 8.82 8.818 8.823 8.85 8.895 8.917 8.907 8.882 8.845 8.81 8.8 8.813 8.83 8.847 8.85 8.842 8.835 8.827 8.822 8.835 8.865 8.88 8.862 8.827 8.79 8.75 8.702 8.645 8.585 8.55 8.57 8.64 8.73 8.812 8.857 8.872 8.885 8.88
8.945 9.035 9.08 9.045 8.96 8.895 8.88 8.875 8.83 8.75 8.685 8.7 8.765 8.807 8.822 8.817 8.782 8.718 8.643 8.618 8.645 8.68 8.718 8.753 8.79 8.83 8.867 8.897 8.887 8.848 8.823 8.82 8.83 8.843 8.858 8.865 8.87 8.875 8.87 8.857 8.84 8.82 8.8 8.788 8.8 8.84 8.885 8.905 8.89 8.855 8.82 8.81 8.825 8.845 8.86 8.86 8.85 8.84 8.835 8.833 8.845 8.872 8.88 8.857 8.822 8.785 8.745 8.695 8.645 8.605 8.578 8.613 8.7 8.777 8.792 8.785 8.805 8.827 8.855
8.937 8.98 8.987 8.94 8.863 8.825 8.828 8.832 8.82 8.76 8.705 8.73 8.777 8.792 8.795 8.795 8.787 8.747 8.678 8.643 8.653 8.673 8.698 8.73 8.77 8.81 8.845 8.885 8.907 8.887 8.868 8.87 8.88 8.89 8.9 8.91 8.912 8.905 8.89 8.875 8.86 8.842 8.823 8.808 8.813 8.838 8.877 8.905 8.902 8.88 8.85 8.84 8.855 8.87 8.875 8.872 8.858 8.838 8.828 8.83 8.845 8.862 8.867 8.85 8.815 8.778 8.748 8.718 8.693 8.675 8.658 8.695 8.775 8.785 8.692 8.635 8.655 8.7 8.775
8.865 8.863 8.857 8.825 8.78 8.77 8.775 8.78 8.785 8.757 8.728 8.745 8.765 8.765 8.768 8.77 8.772 8.76 8.71 8.678 8.683 8.69 8.703 8.723 8.753 8.79 8.825 8.865 8.91 8.92 8.913 8.92 8.93 8.94 8.947 8.95 8.94 8.925 8.91 8.895 8.88 8.862 8.845 8.833 8.838 8.853 8.878 8.905 8.907 8.892 8.875 8.868 8.877 8.885 8.887 8.887 8.87 8.843 8.823 8.825 8.837 8.845 8.852 8.84 8.805 8.778 8.768 8.765 8.765 8.76 8.745 8.77 8.782 8.69 8.55 8.485 8.518 8.593 8.683
8.753 8.748 8.748 8.738 8.725 8.728 8.73 8.735 8.74 8.735 8.73 8.732 8.735 8.738 8.743 8.745 8.745 8.747 8.73 8.713 8.717 8.725 8.733 8.74 8.755 8.778 8.805 8.845 8.895 8.932 8.95 8.96 8.967 8.972 8.972 8.962 8.947 8.935 8.92 8.905 8.892 8.875 8.86 8.855 8.865 8.88 8.893 8.91 8.912 8.9 8.89 8.88 8.88 8.887 8.895 8.897 8.88 8.847 8.818 8.813 8.822 8.83 8.84 8.83 8.805 8.795 8.795 8.8 8.81 8.817 8.817 8.792 8.697 8.553 8.41 8.355 8.418 8.513 8.608
8.713 8.715 8.713 8.71 8.713 8.715 8.718 8.723 8.725 8.72 8.71 8.71 8.715 8.718 8.72 8.72 8.723 8.727 8.727 8.735 8.75 8.76 8.767 8.775 8.783 8.79 8.8 8.825 8.87 8.92 8.955 8.967 8.972 8.97 8.952 8.94 8.935 8.925 8.91 8.895 8.885 8.87 8.853 8.857 8.885 8.905 8.915 8.925 8.925 8.912 8.897 8.88 8.87 8.875 8.885 8.887 8.87 8.835 8.803 8.795 8.805 8.815 8.827 8.83 8.825 8.822 8.82 8.825 8.835 8.845 8.845 8.767 8.623 8.475 8.36 8.33 8.375 8.46 8.56
8.737 8.735 8.717 8.708 8.72 8.73 8.732 8.735 8.737 8.715 8.683 8.685 8.697 8.702 8.705 8.705 8.707 8.71 8.713 8.737 8.772 8.79 8.8 8.81 8.815 8.812 8.805 8.815 8.848 8.89 8.935 8.955 8.96 8.947 8.908 8.903 8.915 8.905 8.89 8.875 8.862 8.845 8.828 8.833 8.875 8.917 8.937 8.947 8.942 8.925 8.905 8.885 8.868 8.86 8.865 8.862 8.84 8.808 8.783 8.78 8.79 8.803 8.82 8.837 8.847 8.847 8.843 8.845 8.855 8.857 8.837 8.745 8.598 8.485 8.438 8.423 8.42 8.448 8.52
8.752 8.735 8.71 8.703 8.725 8.742 8.745 8.747 8.74 8.692 8.648 8.65 8.667 8.682 8.69 8.69 8.69 8.69 8.698 8.73 8.775 8.81 8.83 8.837 8.835 8.82 8.805 8.815 8.84 8.87 8.912 8.94 8.942 8.917 8.87 8.86 8.882 8.885 8.87 8.853 8.835 8.818 8.803 8.798 8.84 8.91 8.955 8.967 8.952 8.93 8.91 8.89 8.87 8.853 8.845 8.835 8.81 8.78 8.763 8.768 8.783 8.803 8.825 8.842 8.855 8.862 8.865 8.867 8.87 8.855 8.817 8.72 8.608 8.568 8.56 8.55 8.535 8.52 8.535
8.753 8.728 8.7 8.698 8.725 8.747 8.757 8.757 8.725 8.658 8.615 8.62 8.64 8.66 8.673 8.672 8.67 8.67 8.68 8.715 8.76 8.805 8.845 8.855 8.84 8.82 8.805 8.813 8.838 8.865 8.895 8.922 8.92 8.888 8.85 8.833 8.853 8.865 8.853 8.835 8.815 8.798 8.783 8.773 8.808 8.885 8.955 8.982 8.968 8.945 8.925 8.905 8.885 8.865 8.843 8.818 8.79 8.76 8.748 8.763 8.785 8.807 8.83 8.845 8.858 8.87 8.88 8.885 8.872 8.84 8.795 8.733 8.695 8.692 8.687 8.68 8.665 8.65 8.635
8.795 8.76 8.713 8.698 8.725 8.752 8.77 8.755 8.713 8.668 8.645 8.655 8.675 8.687 8.67 8.65 8.65 8.65 8.66 8.695 8.74 8.788 8.842 8.86 8.84 8.82 8.805 8.81 8.835 8.863 8.888 8.917 8.917 8.885 8.855 8.843 8.853 8.857 8.857 8.85 8.83 8.81 8.795 8.788 8.808 8.873 8.955 8.997 8.995 8.98 8.96 8.94 8.92 8.895 8.863 8.828 8.798 8.773 8.758 8.768 8.79 8.812 8.832 8.848 8.862 8.875 8.887 8.892 8.867 8.825 8.785 8.765 8.772 8.785 8.797 8.797 8.775 8.75 8.725
8.912 8.852 8.758 8.713 8.738 8.762 8.782 8.775 8.753 8.74 8.735 8.745 8.755 8.727 8.655 8.615 8.625 8.63 8.64 8.675 8.725 8.783 8.842 8.86 8.84 8.82 8.803 8.808 8.835 8.863 8.893 8.925 8.93 8.905 8.875 8.865 8.86 8.843 8.86 8.882 8.87 8.85 8.835 8.833 8.843 8.885 8.962 9.01 9.017 9.015 9 8.977 8.952 8.922 8.888 8.855 8.83 8.813 8.795 8.785 8.795 8.818 8.837 8.852 8.868 8.88 8.895 8.895 8.862 8.82 8.785 8.768 8.775 8.8 8.83 8.842 8.83 8.805 8.77
9.042 8.937 8.798 8.738 8.757 8.772 8.787 8.802 8.812 8.82 8.825 8.82 8.787 8.713 8.62 8.578 8.59 8.605 8.62 8.658 8.718 8.785 8.847 8.862 8.84 8.82 8.8 8.805 8.837 8.872 8.91 8.937 8.937 8.92 8.895 8.877 8.855 8.818 8.83 8.885 8.905 8.89 8.88 8.885 8.895 8.915 8.97 9.015 9.025 9.032 9.03 9.01 8.977 8.945 8.915 8.89 8.873 8.86 8.845 8.825 8.815 8.825 8.843 8.858 8.875 8.893 8.907 8.897 8.86 8.82 8.788 8.77 8.763 8.77 8.795 8.815 8.822 8.82 8.802
9.085 8.962 8.813 8.75 8.76 8.77 8.78 8.8 8.825 8.85 8.875 8.867 8.805 8.718 8.63 8.575 8.573 8.585 8.603 8.65 8.723 8.797 8.857 8.865 8.84 8.82 8.8 8.802 8.832 8.87 8.907 8.927 8.922 8.91 8.897 8.877 8.845 8.805 8.793 8.845 8.912 8.93 8.93 8.94 8.95 8.96 8.99 9.02 9.025 9.025 9.022 9.012 8.99 8.965 8.947 8.93 8.915 8.905 8.89 8.87 8.847 8.84 8.853 8.87 8.89 8.91 8.917 8.897 8.86 8.82 8.79 8.775 8.763 8.755 8.763 8.775 8.785 8.795 8.802
9.035 8.95 8.808 8.748 8.753 8.76 8.77 8.788 8.813 8.843 8.882 8.902 8.857 8.775 8.693 8.625 8.598 8.595 8.613 8.67 8.75 8.82 8.867 8.865 8.833 8.81 8.79 8.778 8.79 8.822 8.857 8.875 8.87 8.862 8.865 8.855 8.825 8.79 8.758 8.788 8.872 8.925 8.942 8.955 8.967 8.98 8.995 9.005 9 8.99 8.98 8.977 8.975 8.962 8.95 8.937 8.922 8.91 8.895 8.872 8.85 8.853 8.875 8.895 8.915 8.927 8.917 8.89 8.857 8.82 8.79 8.775 8.773 8.773 8.765 8.765 8.778 8.79 8.803
8.945 8.91 8.793 8.74 8.745 8.75 8.76 8.775 8.803 8.84 8.885 8.922 8.91 8.845 8.765 8.695 8.645 8.628 8.65 8.71 8.782 8.835 8.872 8.867 8.828 8.798 8.775 8.75 8.735 8.75 8.785 8.802 8.798 8.803 8.817 8.812 8.79 8.762 8.728 8.74 8.802 8.855 8.892 8.92 8.937 8.95 8.96 8.96 8.95 8.94 8.933 8.933 8.937 8.932 8.92 8.907 8.892 8.877 8.86 8.838 8.835 8.868 8.902 8.925 8.94 8.935 8.91 8.88 8.85 8.823 8.813 8.82 8.825 8.817 8.798 8.79 8.805 8.82 8.822
8.83 8.845 8.778 8.73 8.737 8.743 8.75 8.768 8.8 8.843 8.89 8.927 8.94 8.907 8.837 8.768 8.705 8.67 8.688 8.742 8.797 8.84 8.877 8.875 8.833 8.793 8.763 8.738 8.71 8.695 8.713 8.728 8.733 8.753 8.772 8.767 8.745 8.723 8.698 8.695 8.725 8.765 8.81 8.852 8.882 8.9 8.91 8.912 8.905 8.895 8.888 8.888 8.895 8.9 8.892 8.875 8.858 8.84 8.82 8.818 8.848 8.89 8.927 8.952 8.952 8.93 8.897 8.865 8.848 8.858 8.887 8.905 8.892 8.865 8.838 8.825 8.832 8.837 8.827
8.71 8.762 8.752 8.723 8.73 8.732 8.735 8.75 8.787 8.842 8.895 8.932 8.955 8.955 8.91 8.842 8.78 8.728 8.723 8.762 8.805 8.845 8.885 8.882 8.838 8.795 8.758 8.728 8.7 8.67 8.655 8.663 8.683 8.708 8.728 8.723 8.705 8.693 8.68 8.673 8.683 8.71 8.745 8.78 8.813 8.843 8.863 8.868 8.86 8.85 8.84 8.84 8.85 8.862 8.862 8.845 8.825 8.805 8.8 8.828 8.87 8.91 8.952 8.97 8.95 8.918 8.883 8.865 8.875 8.902 8.935 8.937 8.915 8.895 8.877 8.862 8.852 8.84 8.822
8.635 8.688 8.712 8.71 8.71 8.71 8.715 8.725 8.753 8.807 8.872 8.92 8.945 8.962 8.955 8.91 8.847 8.785 8.753 8.77 8.81 8.85 8.89 8.887 8.845 8.805 8.765 8.73 8.7 8.67 8.653 8.665 8.688 8.708 8.72 8.71 8.698 8.693 8.69 8.683 8.68 8.698 8.723 8.748 8.773 8.803 8.83 8.833 8.818 8.803 8.793 8.793 8.803 8.82 8.83 8.82 8.8 8.785 8.803 8.845 8.887 8.93 8.972 8.98 8.95 8.918 8.898 8.883 8.875 8.887 8.905 8.902 8.885 8.875 8.865 8.857 8.85 8.832 8.81
8.61 8.65 8.677 8.682 8.68 8.685 8.695 8.705 8.718 8.753 8.817 8.87 8.897 8.907 8.915 8.917 8.887 8.835 8.783 8.778 8.815 8.855 8.895 8.895 8.855 8.815 8.775 8.738 8.705 8.685 8.695 8.725 8.752 8.772 8.775 8.753 8.723 8.71 8.71 8.7 8.685 8.693 8.717 8.742 8.765 8.798 8.83 8.83 8.81 8.79 8.775 8.768 8.77 8.785 8.802 8.8 8.785 8.783 8.81 8.855 8.9 8.945 8.985 8.99 8.965 8.953 8.96 8.933 8.875 8.85 8.855 8.852 8.833 8.82 8.81 8.813 8.822 8.815 8.795
8.59 8.627 8.65 8.653 8.655 8.665 8.675 8.685 8.695 8.71 8.753 8.802 8.822 8.812 8.813 8.842 8.862 8.86 8.822 8.798 8.825 8.865 8.902 8.902 8.865 8.825 8.783 8.743 8.718 8.72 8.75 8.785 8.82 8.85 8.855 8.822 8.773 8.74 8.728 8.717 8.698 8.69 8.71 8.735 8.765 8.812 8.847 8.845 8.825 8.805 8.785 8.77 8.765 8.77 8.78 8.78 8.778 8.788 8.82 8.865 8.91 8.957 8.997 9.008 9.005 9.02 9.042 9.017 8.94 8.87 8.828 8.805 8.785 8.767 8.76 8.77 8.785 8.792 8.785
8.575 8.605 8.62 8.628 8.635 8.645 8.655 8.665 8.673 8.678 8.698 8.727 8.73 8.708 8.708 8.738 8.772 8.807 8.817 8.815 8.835 8.867 8.897 8.897 8.867 8.832 8.79 8.753 8.748 8.772 8.807 8.842 8.877 8.91 8.92 8.887 8.837 8.792 8.757 8.735 8.713 8.695 8.703 8.735 8.783 8.837 8.865 8.855 8.835 8.815 8.793 8.778 8.775 8.775 8.778 8.78 8.785 8.8 8.835 8.883 8.928 8.975 9.015 9.04 9.067 9.097 9.125 9.1 9.01 8.91 8.812 8.75 8.725 8.705 8.698 8.715 8.74 8.757 8.765
8.575 8.59 8.608 8.62 8.63 8.64 8.65 8.658 8.663 8.67 8.675 8.663 8.633 8.6 8.6 8.633 8.67 8.705 8.74 8.777 8.81 8.837 8.862 8.867 8.847 8.82 8.785 8.765 8.78 8.812 8.845 8.877 8.91 8.932 8.922 8.88 8.832 8.792 8.767 8.76 8.75 8.723 8.718 8.76 8.82 8.872 8.887 8.87 8.848 8.825 8.803 8.79 8.79 8.793 8.798 8.8 8.805 8.825 8.865 8.913 8.958 9.002 9.035 9.062 9.1 9.137 9.155 9.107 8.997 8.875 8.755 8.675 8.648 8.63 8.618 8.62 8.64 8.665 8.685
8.605 8.588 8.61 8.627 8.64 8.65 8.66 8.668 8.675 8.677 8.665 8.625 8.568 8.52 8.508 8.535 8.575 8.613 8.65 8.693 8.737 8.777 8.807 8.822 8.812 8.785 8.768 8.775 8.8 8.83 8.86 8.89 8.92 8.91 8.857 8.808 8.77 8.755 8.76 8.78 8.797 8.785 8.775 8.81 8.87 8.912 8.915 8.895 8.87 8.845 8.823 8.81 8.81 8.815 8.82 8.823 8.833 8.86 8.903 8.948 8.992 9.03 9.05 9.068 9.1 9.13 9.11 9.025 8.907 8.785 8.665 8.588 8.565 8.55 8.535 8.52 8.515 8.528 8.543
8.66 8.605 8.615 8.632 8.647 8.66 8.67 8.68 8.685 8.67 8.64 8.595 8.538 8.488 8.468 8.48 8.503 8.53 8.565 8.608 8.655 8.703 8.742 8.772 8.772 8.755 8.763 8.787 8.812 8.84 8.87 8.9 8.905 8.85 8.783 8.753 8.748 8.758 8.77 8.79 8.82 8.84 8.845 8.87 8.912 8.942 8.945 8.925 8.9 8.875 8.85 8.835 8.835 8.838 8.84 8.845 8.863 8.898 8.94 8.985 9.022 9.045 9.06 9.073 9.095 9.09 9.025 8.923 8.808 8.693 8.575 8.503 8.485 8.47 8.455 8.445 8.44 8.44 8.445
8.715 8.635 8.623 8.638 8.655 8.67 8.683 8.687 8.675 8.648 8.615 8.573 8.52 8.475 8.46 8.47 8.483 8.498 8.515 8.548 8.593 8.635 8.678 8.715 8.733 8.745 8.767 8.795 8.82 8.845 8.872 8.89 8.85 8.778 8.743 8.74 8.755 8.77 8.78 8.8 8.83 8.86 8.88 8.902 8.932 8.962 8.972 8.955 8.93 8.905 8.88 8.865 8.865 8.863 8.863 8.87 8.893 8.935 8.98 9.017 9.04 9.055 9.07 9.08 9.08 9.043 8.97 8.868 8.745 8.628 8.523 8.465 8.455 8.453 8.45 8.453 8.46 8.465 8.468
8.772 8.693 8.673 8.69 8.705 8.708 8.707 8.702 8.68 8.65 8.62 8.58 8.53 8.49 8.483 8.5 8.518 8.525 8.523 8.54 8.58 8.62 8.66 8.698 8.713 8.722 8.747 8.772 8.797 8.825 8.855 8.857 8.795 8.743 8.743 8.753 8.767 8.78 8.793 8.815 8.842 8.867 8.872 8.88 8.912 8.93 8.937 8.955 8.96 8.942 8.918 8.9 8.895 8.893 8.89 8.897 8.925 8.965 9.002 9.032 9.052 9.067 9.08 9.092 9.077 9.033 8.977 8.882 8.755 8.628 8.56 8.543 8.525 8.525 8.533 8.54 8.55 8.555 8.555
8.817 8.772 8.757 8.76 8.757 8.747 8.732 8.72 8.705 8.68 8.65 8.61 8.565 8.538 8.54 8.557 8.565 8.56 8.55 8.558 8.595 8.64 8.68 8.715 8.705 8.685 8.705 8.73 8.758 8.793 8.827 8.82 8.77 8.755 8.765 8.77 8.78 8.79 8.805 8.83 8.852 8.857 8.835 8.833 8.855 8.835 8.825 8.872 8.922 8.947 8.952 8.94 8.93 8.925 8.907 8.905 8.932 8.967 9 9.032 9.062 9.08 9.093 9.107 9.09 9.05 9.007 8.917 8.793 8.69 8.678 8.705 8.673 8.633 8.628 8.635 8.642 8.645 8.645
8.822 8.802 8.787 8.775 8.767 8.76 8.747 8.735 8.722 8.705 8.68 8.643 8.61 8.595 8.597 8.605 8.6 8.59 8.58 8.575 8.603 8.655 8.7 8.722 8.695 8.658 8.665 8.695 8.728 8.765 8.802 8.793 8.768 8.78 8.792 8.795 8.798 8.805 8.818 8.837 8.845 8.822 8.788 8.782 8.772 8.72 8.698 8.738 8.8 8.862 8.912 8.942 8.95 8.93 8.895 8.888 8.918 8.953 8.988 9.022 9.057 9.085 9.105 9.12 9.102 9.07 9.037 8.952 8.833 8.785 8.825 8.88 8.86 8.78 8.735 8.73 8.735 8.735 8.735
8.807 8.79 8.775 8.763 8.755 8.747 8.742 8.735 8.725 8.715 8.702 8.68 8.657 8.647 8.645 8.64 8.63 8.62 8.61 8.6 8.61 8.657 8.715 8.727 8.685 8.635 8.63 8.665 8.703 8.74 8.78 8.785 8.78 8.8 8.817 8.825 8.825 8.827 8.832 8.83 8.81 8.775 8.74 8.71 8.662 8.6 8.57 8.6 8.663 8.733 8.813 8.885 8.92 8.907 8.87 8.868 8.905 8.94 8.975 9.01 9.045 9.08 9.107 9.127 9.12 9.095 9.067 8.988 8.9 8.91 8.977 9.035 9.032 8.955 8.87 8.83 8.825 8.825 8.825
