EGM722_Project_Data/DTM_asc/TL4757.asc
ncols         200
nrows         200
xllcorner     547000.000
yllcorner     257000.000
cellsize      5
NODATA_value  -9999.0
[rows 68 to 101 of 200, columns 0 to 74 of 200]
12.355 12.215 12.225 12.263 12.3 12.337 12.352 12.25 12.075 11.92 11.765 11.613 11.46 11.343 11.275 11.225 11.175 11.128 11.083 11.04 11.005 10.973 10.928 10.87 10.813 10.755 10.695 10.638 10.593 10.557 10.507 10.445 10.377 10.302 10.22 10.135 10.062 10.007 9.96 9.91 9.86 9.81 9.76 9.77 10.123 10.722 10.642 9.937 9.325 9.01 8.917 8.82 8.72 8.623 8.57 8.788 9.067 9.13 9.105 9.025 8.925 8.855 8.835 8.832 8.83 8.83 8.805 8.71 8.588 8.515 8.488 8.472 8.442 8.392 8.35
12.3 12.165 12.2 12.235 12.27 12.305 12.295 12.19 12.035 11.88 11.725 11.57 11.418 11.315 11.258 11.205 11.153 11.1 11.058 11.025 10.998 10.972 10.937 10.883 10.823 10.765 10.705 10.655 10.62 10.585 10.535 10.472 10.407 10.332 10.237 10.135 10.037 9.968 9.92 9.87 9.822 9.775 9.725 9.678 9.735 9.973 10.11 9.807 9.408 9.243 9.145 9.045 8.945 8.847 8.75 8.875 9.122 9.2 9.192 9.145 9.072 9.002 8.967 8.957 8.937 8.915 8.87 8.77 8.64 8.528 8.468 8.45 8.44 8.427 8.39
12.298 12.15 12.185 12.22 12.252 12.272 12.24 12.135 11.99 11.835 11.68 11.535 11.405 11.333 11.303 11.258 11.2 11.13 11.06 11.018 10.99 10.965 10.945 10.907 10.85 10.788 10.728 10.683 10.648 10.612 10.562 10.497 10.432 10.35 10.232 10.098 9.983 9.913 9.865 9.818 9.778 9.738 9.693 9.653 9.613 9.628 9.725 9.688 9.555 9.47 9.37 9.27 9.17 9.07 8.97 9.005 9.177 9.265 9.25 9.212 9.165 9.107 9.055 9.017 8.98 8.94 8.88 8.78 8.66 8.548 8.483 8.463 8.455 8.45 8.41
12.335 12.155 12.175 12.205 12.22 12.215 12.162 12.062 11.935 11.785 11.643 11.528 11.425 11.368 11.365 11.35 11.3 11.23 11.113 11.013 10.975 10.953 10.94 10.922 10.882 10.823 10.765 10.72 10.68 10.65 10.595 10.52 10.455 10.367 10.24 10.09 9.993 9.93 9.853 9.795 9.76 9.725 9.685 9.65 9.615 9.59 9.61 9.665 9.677 9.625 9.555 9.48 9.39 9.29 9.19 9.135 9.233 9.325 9.3 9.267 9.225 9.167 9.1 9.038 8.988 8.945 8.88 8.777 8.66 8.568 8.523 8.5 8.488 8.48 8.44
12.375 12.183 12.16 12.167 12.16 12.145 12.087 11.985 11.873 11.755 11.645 11.55 11.455 11.393 11.393 11.407 11.392 11.345 11.215 11.045 10.96 10.94 10.93 10.92 10.902 10.86 10.805 10.765 10.738 10.722 10.667 10.568 10.48 10.393 10.275 10.18 10.148 10.103 10.01 9.915 9.838 9.758 9.695 9.658 9.623 9.59 9.603 9.67 9.712 9.695 9.655 9.61 9.55 9.48 9.405 9.315 9.333 9.385 9.352 9.32 9.282 9.222 9.15 9.08 9.015 8.96 8.885 8.778 8.665 8.595 8.568 8.543 8.523 8.51 8.47
12.4 12.198 12.13 12.115 12.098 12.078 12.02 11.925 11.828 11.747 11.67 11.58 11.488 11.42 11.41 11.435 11.455 11.44 11.335 11.145 10.988 10.93 10.92 10.913 10.907 10.887 10.855 10.835 10.825 10.82 10.775 10.665 10.548 10.448 10.388 10.383 10.375 10.342 10.28 10.175 10.055 9.933 9.828 9.745 9.668 9.603 9.603 9.67 9.737 9.745 9.705 9.665 9.625 9.585 9.54 9.482 9.45 9.432 9.397 9.365 9.332 9.277 9.205 9.135 9.065 8.992 8.897 8.783 8.685 8.633 8.61 8.587 8.565 8.545 8.497
12.458 12.233 12.135 12.115 12.093 12.045 11.975 11.895 11.805 11.73 11.675 11.607 11.52 11.445 11.428 11.455 11.485 11.502 11.445 11.252 11.03 10.93 10.915 10.908 10.9 10.892 10.89 10.892 10.895 10.897 10.88 10.815 10.73 10.655 10.63 10.627 10.597 10.565 10.525 10.452 10.345 10.225 10.103 9.978 9.855 9.743 9.66 9.67 9.752 9.785 9.755 9.715 9.675 9.635 9.595 9.537 9.485 9.45 9.415 9.385 9.367 9.332 9.265 9.195 9.12 9.032 8.917 8.793 8.708 8.668 8.645 8.622 8.597 8.567 8.507
12.527 12.305 12.185 12.162 12.112 12.02 11.935 11.867 11.785 11.7 11.65 11.615 11.547 11.468 11.445 11.475 11.505 11.53 11.477 11.267 11.043 10.948 10.92 10.905 10.895 10.89 10.895 10.905 10.915 10.925 10.927 10.907 10.87 10.83 10.787 10.775 10.792 10.785 10.75 10.705 10.63 10.517 10.395 10.272 10.14 10.003 9.86 9.75 9.758 9.812 9.805 9.765 9.725 9.682 9.617 9.528 9.473 9.447 9.415 9.393 9.395 9.382 9.325 9.252 9.165 9.062 8.942 8.81 8.725 8.69 8.662 8.632 8.597 8.56 8.502
12.54 12.358 12.235 12.182 12.085 11.97 11.885 11.825 11.757 11.675 11.615 11.59 11.555 11.49 11.465 11.492 11.515 11.53 11.437 11.233 11.063 10.975 10.935 10.91 10.895 10.89 10.895 10.905 10.912 10.92 10.92 10.905 10.88 10.847 10.805 10.803 10.86 10.905 10.925 10.927 10.89 10.805 10.687 10.557 10.41 10.27 10.15 9.983 9.84 9.838 9.852 9.815 9.767 9.697 9.59 9.503 9.47 9.445 9.415 9.405 9.42 9.425 9.382 9.297 9.197 9.09 8.97 8.833 8.735 8.693 8.657 8.62 8.582 8.545 8.5
12.507 12.367 12.255 12.16 12.04 11.923 11.835 11.775 11.715 11.647 11.588 11.555 11.532 11.495 11.48 11.497 11.51 11.52 11.415 11.233 11.098 11.003 10.955 10.925 10.9 10.888 10.89 10.9 10.905 10.91 10.907 10.89 10.872 10.852 10.82 10.795 10.828 10.9 10.972 11.03 11.057 11.052 10.972 10.82 10.665 10.54 10.43 10.28 10.075 9.93 9.89 9.855 9.775 9.662 9.548 9.485 9.467 9.445 9.423 9.425 9.445 9.455 9.41 9.312 9.21 9.11 9 8.868 8.763 8.698 8.638 8.593 8.56 8.525 8.487
12.45 12.325 12.232 12.14 12.02 11.89 11.79 11.73 11.67 11.608 11.555 11.525 11.503 11.48 11.468 11.472 11.49 11.497 11.41 11.26 11.13 11.028 10.975 10.945 10.915 10.89 10.883 10.89 10.895 10.9 10.895 10.875 10.858 10.842 10.822 10.795 10.805 10.867 10.94 11.012 11.08 11.149 10.465 10.325 10.887 10.812 10.705 10.572 10.385 10.163 9.995 9.883 9.755 9.615 9.518 9.48 9.462 9.445 9.435 9.435 9.435 9.425 9.365 9.265 9.17 9.093 9.02 8.91 8.818 8.745 8.655 8.583 8.528 8.488 8.452
12.38 12.253 12.182 12.127 12.01 11.86 11.748 11.685 11.625 11.568 11.525 11.5 11.48 11.46 11.443 11.435 11.443 11.452 11.405 11.292 11.165 11.055 10.995 10.965 10.938 10.913 10.888 10.88 10.887 10.892 10.885 10.865 10.845 10.828 10.812 10.795 10.785 10.818 10.882 10.945 11.015 10.587 9.354 9.751 10.892 10.855 10.82 10.78 10.655 10.427 10.185 9.988 9.835 9.683 9.55 9.473 9.443 9.427 9.412 9.395 9.375 9.345 9.275 9.19 9.125 9.075 9.032 8.945 8.873 8.817 8.723 8.625 8.538 8.468 8.405
12.292 12.175 12.115 12.095 11.985 11.815 11.703 11.64 11.585 11.54 11.505 11.48 11.46 11.44 11.425 11.41 11.398 11.398 11.367 11.29 11.19 11.08 11.013 10.988 10.965 10.945 10.91 10.88 10.88 10.885 10.875 10.855 10.835 10.815 10.798 10.78 10.76 10.755 10.785 10.848 10.967 10.12 9.191 10 10.74 10.66 10.672 10.737 10.76 10.627 10.39 10.178 10.015 9.855 9.675 9.515 9.423 9.388 9.365 9.338 9.31 9.278 9.225 9.168 9.125 9.085 9.045 8.975 8.93 8.89 8.795 8.698 8.603 8.508 8.418
12.19 12.103 12.068 12.062 11.945 11.765 11.66 11.605 11.56 11.523 11.488 11.458 11.438 11.423 11.41 11.4 11.39 11.378 11.338 11.27 11.19 11.095 11.035 11.015 10.998 10.98 10.945 10.9 10.878 10.872 10.86 10.842 10.825 10.805 10.785 10.762 10.738 10.71 10.7 10.785 10.977 10.293 9.86 10.465 10.625 10.493 10.468 10.548 10.66 10.7 10.575 10.37 10.195 10.027 9.84 9.65 9.483 9.373 9.32 9.285 9.248 9.235 9.22 9.177 9.135 9.095 9.055 9.003 8.982 8.955 8.865 8.77 8.68 8.59 8.497
12.12 12.073 12.073 12.05 11.9 11.718 11.623 11.578 11.545 11.523 11.49 11.45 11.433 11.425 11.418 11.413 11.405 11.395 11.362 11.293 11.208 11.128 11.075 11.05 11.033 11.015 10.98 10.933 10.893 10.865 10.845 10.828 10.81 10.79 10.77 10.748 10.72 10.693 10.69 10.795 11.01 10.453 10.26 10.67 10.523 10.39 10.35 10.413 10.508 10.607 10.64 10.537 10.37 10.195 10.002 9.802 9.595 9.398 9.273 9.218 9.193 9.217 9.225 9.185 9.145 9.105 9.06 9.008 9.007 9.01 8.94 8.85 8.763 8.675 8.58
12.105 12.095 12.105 12.047 11.863 11.688 11.628 11.608 11.575 11.54 11.492 11.453 11.445 11.442 11.44 11.435 11.425 11.417 11.397 11.335 11.253 11.185 11.133 11.095 11.07 11.05 11.015 10.968 10.928 10.915 10.915 10.9 10.87 10.83 10.78 10.74 10.718 10.703 10.75 10.875 10.942 10.48 10.333 10.572 10.445 10.333 10.293 10.333 10.403 10.485 10.572 10.605 10.502 10.312 10.105 9.887 9.657 9.425 9.238 9.143 9.148 9.212 9.23 9.19 9.15 9.097 9.025 8.97 8.998 9.052 9.025 8.94 8.85 8.757 8.66
12.13 12.132 12.135 12.07 11.91 11.76 11.69 11.655 11.605 11.542 11.485 11.46 11.458 11.455 11.455 11.452 11.447 11.442 11.43 11.377 11.303 11.245 11.195 11.148 11.113 11.09 11.055 11.008 10.993 11.022 11.04 11.027 10.992 10.925 10.835 10.76 10.723 10.745 10.85 10.952 10.897 10.595 10.47 10.502 10.39 10.285 10.245 10.273 10.323 10.395 10.475 10.552 10.535 10.367 10.145 9.917 9.682 9.448 9.223 9.093 9.115 9.2 9.227 9.19 9.127 9.042 8.945 8.91 8.973 9.067 9.092 9.027 8.937 8.84 8.74
12.155 12.152 12.15 12.095 11.975 11.84 11.732 11.663 11.598 11.53 11.485 11.475 11.473 11.468 11.465 11.465 11.465 11.463 11.455 11.418 11.358 11.305 11.255 11.205 11.16 11.13 11.095 11.07 11.077 11.087 11.082 11.07 11.052 10.995 10.9 10.805 10.738 10.74 10.79 10.805 10.77 10.65 10.525 10.442 10.335 10.235 10.2 10.223 10.253 10.308 10.387 10.46 10.49 10.387 10.172 9.94 9.705 9.47 9.23 9.088 9.108 9.19 9.215 9.157 9.063 8.958 8.863 8.863 8.955 9.06 9.135 9.115 9.022 8.92 8.82
12.158 12.153 12.15 12.092 11.972 11.84 11.735 11.665 11.595 11.533 11.51 11.52 11.525 11.52 11.515 11.513 11.508 11.505 11.5 11.483 11.443 11.388 11.33 11.273 11.218 11.173 11.138 11.125 11.117 11.09 11.068 11.058 11.057 11.025 10.94 10.843 10.77 10.73 10.695 10.66 10.625 10.553 10.453 10.37 10.28 10.185 10.155 10.175 10.198 10.235 10.3 10.365 10.415 10.375 10.195 9.96 9.723 9.487 9.253 9.118 9.133 9.205 9.212 9.125 9.018 8.913 8.835 8.85 8.943 9.05 9.155 9.182 9.102 8.987 8.875
12.163 12.15 12.147 12.085 11.967 11.84 11.735 11.668 11.608 11.563 11.56 11.585 11.602 11.61 11.607 11.603 11.595 11.59 11.588 11.585 11.57 11.523 11.458 11.395 11.33 11.255 11.185 11.138 11.105 11.075 11.053 11.048 11.055 11.035 10.96 10.875 10.818 10.78 10.747 10.71 10.662 10.577 10.443 10.318 10.223 10.135 10.108 10.13 10.153 10.178 10.22 10.28 10.342 10.352 10.212 9.977 9.74 9.503 9.285 9.178 9.183 9.235 9.227 9.125 9.028 8.948 8.898 8.893 8.938 9.03 9.14 9.197 9.137 9.012 8.887
12.198 12.16 12.142 12.075 11.957 11.835 11.738 11.683 11.64 11.605 11.605 11.632 11.66 11.682 11.695 11.7 11.695 11.69 11.69 11.692 11.697 11.677 11.622 11.55 11.465 11.365 11.26 11.17 11.1 11.055 11.038 11.043 11.055 11.045 10.988 10.92 10.87 10.83 10.8 10.755 10.695 10.61 10.477 10.323 10.188 10.09 10.063 10.085 10.105 10.125 10.16 10.22 10.292 10.34 10.23 9.993 9.757 9.52 9.33 9.255 9.248 9.27 9.242 9.15 9.083 9.033 9.003 8.985 8.983 9.023 9.102 9.172 9.132 9.007 8.882
12.26 12.195 12.145 12.065 11.948 11.835 11.755 11.713 11.678 11.648 11.65 11.677 11.705 11.732 11.76 11.782 11.79 11.79 11.79 11.795 11.797 11.782 11.737 11.652 11.55 11.447 11.345 11.242 11.14 11.06 11.033 11.043 11.055 11.06 11.03 10.975 10.925 10.883 10.845 10.79 10.725 10.642 10.512 10.358 10.205 10.093 10.045 10.045 10.063 10.078 10.113 10.178 10.255 10.315 10.232 10.01 9.772 9.535 9.378 9.335 9.325 9.32 9.285 9.225 9.175 9.133 9.108 9.092 9.077 9.055 9.065 9.125 9.112 9.002 8.877
12.285 12.212 12.145 12.065 11.96 11.86 11.795 11.755 11.712 11.68 11.682 11.707 11.737 11.77 11.8 11.83 11.855 11.867 11.865 11.855 11.84 11.815 11.777 11.705 11.605 11.505 11.405 11.305 11.202 11.105 11.055 11.055 11.065 11.077 11.07 11.03 10.982 10.935 10.88 10.817 10.755 10.675 10.545 10.393 10.273 10.198 10.095 10.028 10.04 10.055 10.1 10.175 10.23 10.247 10.18 10 9.78 9.558 9.435 9.425 9.412 9.387 9.36 9.32 9.273 9.238 9.215 9.192 9.15 9.075 9.035 9.07 9.077 8.995 8.873
12.258 12.185 12.122 12.06 11.98 11.898 11.835 11.782 11.722 11.688 11.695 11.72 11.752 11.785 11.815 11.845 11.877 11.895 11.885 11.86 11.835 11.81 11.78 11.735 11.655 11.555 11.455 11.355 11.258 11.168 11.098 11.075 11.085 11.095 11.097 11.077 11.037 10.98 10.903 10.823 10.747 10.66 10.558 10.46 10.395 10.355 10.223 10.068 10.033 10.063 10.115 10.16 10.162 10.137 10.087 9.95 9.75 9.588 9.525 9.52 9.495 9.458 9.435 9.41 9.37 9.342 9.307 9.245 9.16 9.06 9.008 9.023 9.045 8.987 8.87
12.228 12.153 12.093 12.038 11.982 11.917 11.845 11.775 11.708 11.685 11.705 11.73 11.76 11.79 11.82 11.853 11.885 11.892 11.875 11.852 11.827 11.8 11.77 11.74 11.69 11.605 11.505 11.41 11.32 11.233 11.15 11.105 11.105 11.115 11.12 11.117 11.09 11.02 10.928 10.838 10.75 10.663 10.605 10.577 10.545 10.502 10.4 10.183 10.045 10.057 10.075 10.067 10.042 10.015 9.982 9.875 9.685 9.595 9.605 9.59 9.555 9.517 9.5 9.492 9.462 9.412 9.34 9.245 9.145 9.045 8.988 8.99 9.017 8.977 8.883
12.208 12.13 12.08 12.033 11.985 11.92 11.838 11.758 11.698 11.69 11.715 11.74 11.77 11.8 11.833 11.87 11.892 11.885 11.867 11.847 11.82 11.79 11.76 11.73 11.697 11.642 11.56 11.472 11.385 11.297 11.213 11.145 11.125 11.135 11.143 11.147 11.13 11.065 10.975 10.89 10.805 10.723 10.683 10.675 10.66 10.635 10.585 10.36 10.105 10.018 9.975 9.943 9.918 9.893 9.865 9.785 9.653 9.608 9.632 9.625 9.595 9.56 9.547 9.55 9.517 9.432 9.333 9.233 9.13 9.03 8.97 8.968 8.988 8.967 8.913
12.205 12.133 12.09 12.05 11.995 11.92 11.838 11.76 11.715 11.713 11.733 11.758 11.785 11.815 11.85 11.885 11.892 11.875 11.86 11.84 11.813 11.785 11.755 11.725 11.7 11.675 11.612 11.522 11.435 11.35 11.265 11.185 11.155 11.165 11.175 11.182 11.16 11.102 11.03 10.95 10.865 10.78 10.738 10.73 10.725 10.72 10.707 10.492 10.19 10.048 9.965 9.905 9.855 9.805 9.755 9.693 9.638 9.625 9.635 9.64 9.625 9.593 9.58 9.575 9.53 9.445 9.343 9.238 9.133 9.033 8.983 8.99 9.008 8.982 8.93
12.228 12.16 12.11 12.067 12.005 11.923 11.85 11.795 11.768 11.765 11.775 11.79 11.808 11.835 11.87 11.892 11.885 11.865 11.85 11.832 11.807 11.78 11.75 11.733 11.73 11.722 11.662 11.565 11.473 11.385 11.3 11.223 11.195 11.205 11.215 11.225 11.19 11.125 11.07 11.005 10.925 10.84 10.793 10.783 10.778 10.773 10.767 10.567 10.303 10.173 10.065 9.98 9.905 9.83 9.753 9.67 9.63 9.633 9.635 9.645 9.647 9.627 9.612 9.587 9.527 9.455 9.362 9.26 9.155 9.078 9.06 9.077 9.07 9 8.93
12.26 12.19 12.133 12.08 12.013 11.943 11.89 11.855 11.84 11.84 11.843 11.845 11.85 11.863 11.883 11.89 11.875 11.855 11.84 11.825 11.8 11.775 11.763 11.77 11.782 11.775 11.717 11.618 11.515 11.42 11.33 11.26 11.24 11.248 11.255 11.265 11.222 11.145 11.09 11.037 10.975 10.9 10.848 10.835 10.832 10.828 10.822 10.667 10.448 10.313 10.188 10.085 10.003 9.927 9.835 9.715 9.65 9.657 9.663 9.66 9.663 9.655 9.637 9.595 9.525 9.455 9.377 9.283 9.195 9.16 9.165 9.175 9.117 9.003 8.93
12.29 12.22 12.158 12.098 12.04 11.995 11.955 11.928 11.92 11.92 11.92 11.92 11.92 11.935 11.95 11.915 11.855 11.825 11.817 11.81 11.803 11.803 11.815 11.832 11.837 11.825 11.77 11.672 11.57 11.468 11.368 11.3 11.285 11.29 11.295 11.305 11.255 11.163 11.1 11.05 11 10.94 10.892 10.882 10.885 10.882 10.872 10.765 10.595 10.46 10.327 10.203 10.102 10.007 9.885 9.75 9.663 9.67 9.707 9.71 9.7 9.688 9.658 9.6 9.528 9.455 9.385 9.313 9.268 9.263 9.27 9.247 9.14 9.005 8.93
12.333 12.258 12.193 12.14 12.098 12.06 12.023 12.003 12 12 12 12.01 12.035 12.08 12.117 12.057 11.938 11.85 11.79 11.783 11.825 11.862 11.885 11.895 11.887 11.872 11.822 11.73 11.63 11.53 11.43 11.35 11.308 11.295 11.3 11.307 11.26 11.165 11.092 11.037 10.982 10.927 10.887 10.875 10.877 10.882 10.875 10.815 10.7 10.57 10.437 10.302 10.18 10.055 9.918 9.783 9.67 9.66 9.725 9.765 9.765 9.745 9.705 9.638 9.563 9.49 9.42 9.355 9.335 9.357 9.365 9.292 9.143 9.005 8.93
12.385 12.308 12.245 12.2 12.163 12.125 12.09 12.075 12.078 12.083 12.103 12.145 12.2 12.255 12.29 12.245 12.122 11.985 11.868 11.84 11.883 11.923 11.947 11.947 11.92 11.882 11.857 11.8 11.703 11.608 11.513 11.423 11.345 11.288 11.268 11.272 11.24 11.157 11.07 10.998 10.938 10.885 10.848 10.828 10.818 10.818 10.812 10.782 10.712 10.607 10.487 10.355 10.22 10.085 9.95 9.815 9.685 9.653 9.715 9.78 9.817 9.815 9.772 9.703 9.63 9.56 9.487 9.413 9.378 9.402 9.405 9.307 9.148 9.008 8.93
12.438 12.365 12.308 12.265 12.227 12.19 12.16 12.15 12.168 12.203 12.247 12.297 12.342 12.385 12.397 12.352 12.265 12.15 12.043 12.005 12.01 12.012 12.005 11.975 11.925 11.865 11.843 11.832 11.777 11.69 11.598 11.51 11.425 11.34 11.275 11.248 11.217 11.15 11.058 10.97 10.898 10.843 10.81 10.79 10.773 10.765 10.74 10.7 10.66 10.592 10.492 10.375 10.25 10.118 9.982 9.845 9.71 9.653 9.695 9.767 9.835 9.87 9.84 9.77 9.697 9.625 9.552 9.48 9.418 9.41 9.395 9.29 9.145 9.01 8.928
12.493 12.423 12.37 12.33 12.292 12.255 12.24 12.255 12.288 12.332 12.375 12.41 12.442 12.477 12.472 12.417 12.352 12.272 12.192 12.152 12.135 12.11 12.067 12.01 11.953 11.895 11.85 11.838 11.82 11.762 11.685 11.6 11.512 11.427 11.343 11.27 11.213 11.14 11.05 10.963 10.878 10.813 10.785 10.775 10.765 10.76 10.72 10.653 10.595 10.538 10.465 10.37 10.27 10.152 10.015 9.878 9.743 9.66 9.68 9.752 9.822 9.872 9.88 9.835 9.762 9.69 9.618 9.545 9.473 9.432 9.375 9.257 9.127 9.003 8.915
