EGM722_Project_Data/DTM_asc/TL4760.asc
ncols         200
nrows         200
xllcorner     547000.000
yllcorner     260000.000
cellsize      5
NODATA_value  -9999.0
[rows 35 to 69 of 200, columns 0 to 78 of 200]
7.865 7.868 7.878 7.9 7.905 7.865 7.805 7.745 7.685 7.63 7.598 7.577 7.51 7.408 7.315 7.227 7.143 7.09 7.108 7.168 7.233 7.297 7.36 7.412 7.455 7.495 7.52 7.525 7.53 7.548 7.578 7.617 7.657 7.695 7.725 7.74 7.73 7.697 7.665 7.653 7.685 7.742 7.792 7.807 7.78 7.742 7.695 7.64 7.582 7.495 7.385 7.29 7.223 7.178 7.153 7.135 7.112 7.08 7.075 7.1 7.107 7.097 7.08 7.063 7.068 7.097 7.09 7.035 6.983 6.935 6.883 6.828 6.778 6.735 6.67 6.593 6.545 6.515 6.485
7.88 7.885 7.895 7.91 7.892 7.835 7.775 7.713 7.653 7.6 7.565 7.515 7.42 7.313 7.215 7.135 7.088 7.095 7.14 7.195 7.258 7.322 7.382 7.432 7.472 7.51 7.532 7.54 7.558 7.585 7.615 7.652 7.69 7.725 7.757 7.782 7.795 7.78 7.75 7.72 7.715 7.755 7.787 7.772 7.738 7.702 7.66 7.607 7.53 7.42 7.315 7.248 7.205 7.17 7.145 7.12 7.085 7.045 7.038 7.057 7.067 7.062 7.045 7.043 7.075 7.11 7.097 7.047 6.998 6.952 6.903 6.85 6.805 6.765 6.702 6.615 6.538 6.49 6.46
7.897 7.905 7.912 7.897 7.857 7.802 7.74 7.678 7.62 7.57 7.525 7.45 7.338 7.225 7.133 7.09 7.105 7.142 7.18 7.227 7.282 7.342 7.39 7.43 7.48 7.525 7.55 7.567 7.595 7.625 7.652 7.685 7.72 7.755 7.787 7.81 7.83 7.832 7.812 7.787 7.767 7.77 7.765 7.733 7.698 7.663 7.625 7.57 7.478 7.365 7.278 7.23 7.195 7.16 7.13 7.095 7.053 7.013 7 7.013 7.025 7.027 7.023 7.045 7.095 7.122 7.102 7.057 7.01 6.968 6.928 6.883 6.838 6.795 6.737 6.652 6.558 6.478 6.433
7.912 7.917 7.905 7.845 7.775 7.735 7.695 7.642 7.593 7.547 7.492 7.407 7.295 7.18 7.103 7.1 7.137 7.172 7.207 7.245 7.29 7.345 7.377 7.395 7.44 7.495 7.535 7.562 7.59 7.617 7.645 7.69 7.737 7.772 7.802 7.825 7.845 7.84 7.812 7.792 7.777 7.765 7.75 7.725 7.69 7.655 7.62 7.557 7.463 7.358 7.275 7.225 7.185 7.15 7.115 7.075 7.033 6.998 6.985 6.988 6.993 6.995 7.012 7.06 7.115 7.135 7.102 7.052 7.008 6.985 6.967 6.928 6.88 6.832 6.767 6.672 6.567 6.463 6.398
7.922 7.905 7.86 7.775 7.668 7.613 7.607 7.597 7.57 7.53 7.472 7.387 7.282 7.17 7.11 7.12 7.153 7.187 7.22 7.245 7.283 7.332 7.355 7.355 7.373 7.42 7.47 7.505 7.535 7.56 7.595 7.66 7.727 7.775 7.81 7.835 7.845 7.82 7.78 7.758 7.74 7.733 7.74 7.737 7.712 7.677 7.637 7.57 7.475 7.373 7.29 7.23 7.18 7.143 7.105 7.065 7.03 7.005 6.993 6.988 6.985 6.98 6.968 6.992 7.052 7.087 7.077 7.035 7.003 7.013 7.015 6.98 6.935 6.885 6.797 6.668 6.54 6.425 6.355
7.902 7.855 7.792 7.7 7.575 7.485 7.488 7.54 7.55 7.512 7.447 7.36 7.265 7.165 7.123 7.143 7.17 7.202 7.23 7.248 7.28 7.317 7.327 7.325 7.328 7.35 7.39 7.43 7.467 7.5 7.548 7.62 7.695 7.76 7.812 7.845 7.837 7.795 7.755 7.728 7.705 7.698 7.71 7.725 7.725 7.7 7.65 7.577 7.487 7.39 7.31 7.245 7.185 7.138 7.095 7.06 7.035 7.015 7 6.995 6.992 6.98 6.925 6.875 6.9 6.955 6.99 7 7.015 7.05 7.057 7.027 6.99 6.94 6.83 6.668 6.515 6.388 6.315
7.85 7.79 7.72 7.62 7.495 7.398 7.398 7.465 7.51 7.492 7.42 7.33 7.24 7.163 7.14 7.162 7.187 7.215 7.237 7.255 7.28 7.3 7.303 7.298 7.295 7.3 7.32 7.355 7.398 7.443 7.503 7.577 7.652 7.725 7.795 7.837 7.82 7.77 7.73 7.7 7.673 7.663 7.675 7.695 7.712 7.71 7.662 7.582 7.497 7.407 7.328 7.263 7.198 7.138 7.093 7.065 7.045 7.025 7.008 6.997 6.99 6.977 6.922 6.83 6.793 6.83 6.89 6.95 7.012 7.072 7.09 7.062 7.03 6.977 6.855 6.688 6.523 6.368 6.283
7.788 7.725 7.647 7.535 7.405 7.333 7.35 7.403 7.457 7.462 7.398 7.313 7.23 7.17 7.153 7.168 7.192 7.215 7.235 7.255 7.27 7.287 7.3 7.298 7.295 7.295 7.295 7.308 7.343 7.39 7.455 7.53 7.605 7.68 7.755 7.8 7.782 7.737 7.7 7.667 7.635 7.625 7.637 7.655 7.675 7.677 7.632 7.552 7.472 7.402 7.345 7.29 7.228 7.163 7.108 7.075 7.055 7.035 7.01 6.985 6.972 6.962 6.907 6.815 6.755 6.773 6.84 6.908 6.98 7.05 7.075 7.055 7.027 7.002 6.905 6.738 6.57 6.398 6.298
7.737 7.657 7.562 7.442 7.32 7.28 7.318 7.365 7.415 7.44 7.4 7.32 7.248 7.195 7.17 7.17 7.185 7.208 7.23 7.245 7.245 7.262 7.302 7.322 7.325 7.325 7.315 7.3 7.308 7.343 7.405 7.48 7.555 7.632 7.707 7.75 7.735 7.697 7.662 7.628 7.595 7.583 7.593 7.61 7.617 7.6 7.547 7.472 7.405 7.355 7.337 7.322 7.275 7.21 7.145 7.093 7.06 7.04 7.01 6.97 6.948 6.935 6.88 6.8 6.748 6.753 6.81 6.878 6.945 7 7.022 7.01 6.998 7.02 6.967 6.812 6.63 6.455 6.363
7.667 7.567 7.46 7.343 7.253 7.243 7.28 7.325 7.377 7.425 7.41 7.343 7.28 7.23 7.203 7.188 7.185 7.203 7.222 7.225 7.208 7.215 7.27 7.325 7.35 7.355 7.342 7.315 7.298 7.305 7.355 7.432 7.507 7.585 7.662 7.702 7.687 7.652 7.617 7.585 7.555 7.538 7.545 7.555 7.54 7.507 7.452 7.385 7.33 7.288 7.29 7.317 7.307 7.257 7.193 7.128 7.075 7.043 7.01 6.965 6.928 6.905 6.855 6.795 6.755 6.743 6.785 6.852 6.907 6.945 6.967 6.968 6.98 7.025 7.01 6.877 6.663 6.5 6.438
7.542 7.44 7.337 7.238 7.193 7.21 7.243 7.285 7.34 7.395 7.402 7.362 7.312 7.265 7.235 7.218 7.205 7.202 7.202 7.187 7.163 7.165 7.215 7.285 7.342 7.375 7.37 7.34 7.307 7.28 7.303 7.375 7.452 7.527 7.605 7.65 7.637 7.6 7.565 7.537 7.512 7.495 7.487 7.472 7.445 7.413 7.365 7.313 7.265 7.223 7.225 7.265 7.292 7.287 7.24 7.175 7.112 7.055 7.01 6.967 6.922 6.885 6.842 6.797 6.762 6.735 6.758 6.812 6.85 6.88 6.91 6.938 6.975 7.025 7.037 6.907 6.685 6.558 6.512
7.385 7.285 7.213 7.18 7.17 7.188 7.218 7.25 7.298 7.35 7.372 7.35 7.307 7.278 7.262 7.247 7.227 7.197 7.17 7.145 7.12 7.12 7.165 7.235 7.307 7.365 7.367 7.327 7.28 7.243 7.238 7.285 7.365 7.442 7.517 7.57 7.572 7.542 7.508 7.48 7.46 7.445 7.425 7.395 7.365 7.338 7.313 7.28 7.235 7.19 7.173 7.195 7.235 7.262 7.23 7.157 7.09 7.022 6.98 6.947 6.902 6.86 6.822 6.787 6.752 6.72 6.73 6.773 6.808 6.84 6.878 6.925 6.975 7.025 7.002 6.852 6.698 6.622 6.577
7.225 7.17 7.17 7.195 7.185 7.178 7.202 7.228 7.258 7.3 7.327 7.31 7.283 7.28 7.282 7.262 7.225 7.175 7.133 7.108 7.09 7.095 7.14 7.212 7.275 7.312 7.31 7.267 7.22 7.195 7.175 7.188 7.255 7.335 7.405 7.457 7.487 7.482 7.45 7.42 7.415 7.413 7.385 7.345 7.31 7.283 7.28 7.275 7.235 7.19 7.153 7.14 7.165 7.195 7.16 7.075 7 6.935 6.905 6.89 6.857 6.82 6.785 6.755 6.725 6.703 6.715 6.755 6.795 6.833 6.875 6.925 6.975 6.987 6.908 6.783 6.7 6.655 6.612
7.15 7.165 7.207 7.235 7.212 7.178 7.185 7.21 7.233 7.263 7.285 7.283 7.278 7.285 7.29 7.262 7.208 7.15 7.105 7.085 7.08 7.088 7.13 7.19 7.22 7.23 7.23 7.2 7.168 7.155 7.13 7.11 7.15 7.227 7.287 7.333 7.377 7.405 7.39 7.365 7.395 7.412 7.37 7.318 7.27 7.233 7.233 7.255 7.237 7.193 7.15 7.115 7.108 7.125 7.09 7 6.915 6.845 6.813 6.808 6.795 6.773 6.748 6.723 6.703 6.69 6.705 6.745 6.785 6.828 6.875 6.925 6.967 6.94 6.855 6.778 6.715 6.668 6.625
7.17 7.212 7.255 7.277 7.25 7.198 7.183 7.203 7.23 7.255 7.265 7.268 7.272 7.277 7.28 7.252 7.195 7.135 7.095 7.085 7.085 7.085 7.105 7.13 7.138 7.145 7.15 7.138 7.123 7.115 7.09 7.055 7.063 7.115 7.168 7.21 7.253 7.297 7.315 7.333 7.395 7.41 7.357 7.302 7.247 7.198 7.19 7.222 7.23 7.197 7.152 7.11 7.078 7.065 7.02 6.933 6.853 6.785 6.75 6.745 6.743 6.738 6.725 6.705 6.69 6.678 6.693 6.735 6.775 6.82 6.872 6.925 6.952 6.925 6.86 6.793 6.733 6.68 6.635
7.215 7.258 7.302 7.32 7.287 7.235 7.21 7.225 7.25 7.26 7.257 7.255 7.258 7.262 7.262 7.24 7.19 7.135 7.105 7.1 7.103 7.11 7.123 7.133 7.138 7.145 7.138 7.12 7.113 7.105 7.078 7.035 7.005 7.015 7.06 7.108 7.15 7.195 7.243 7.317 7.395 7.39 7.33 7.272 7.22 7.175 7.17 7.2 7.21 7.185 7.142 7.1 7.06 7.028 6.98 6.91 6.843 6.783 6.745 6.735 6.735 6.735 6.725 6.705 6.685 6.663 6.673 6.717 6.752 6.787 6.842 6.89 6.9 6.887 6.855 6.802 6.745 6.69 6.645
7.257 7.305 7.347 7.36 7.325 7.278 7.255 7.257 7.26 7.25 7.24 7.24 7.243 7.247 7.245 7.23 7.187 7.14 7.123 7.125 7.143 7.17 7.197 7.215 7.222 7.212 7.177 7.143 7.128 7.12 7.092 7.045 6.993 6.97 6.995 7.038 7.083 7.13 7.195 7.285 7.35 7.342 7.29 7.235 7.193 7.16 7.163 7.185 7.18 7.152 7.115 7.075 7.038 7.005 6.972 6.927 6.867 6.808 6.768 6.75 6.745 6.742 6.73 6.71 6.682 6.648 6.65 6.685 6.702 6.723 6.767 6.795 6.805 6.83 6.842 6.815 6.76 6.703 6.655
7.268 7.328 7.385 7.4 7.36 7.315 7.285 7.265 7.247 7.23 7.223 7.225 7.228 7.232 7.23 7.217 7.183 7.148 7.15 7.173 7.203 7.237 7.27 7.295 7.292 7.245 7.195 7.168 7.145 7.13 7.107 7.062 7.005 6.965 6.965 6.99 7.03 7.08 7.15 7.222 7.26 7.272 7.252 7.213 7.18 7.153 7.15 7.155 7.14 7.117 7.085 7.045 7.013 6.988 6.965 6.937 6.89 6.833 6.795 6.773 6.755 6.747 6.732 6.705 6.672 6.635 6.625 6.638 6.64 6.648 6.673 6.7 6.738 6.79 6.832 6.83 6.78 6.718 6.663
7.293 7.363 7.425 7.425 7.375 7.33 7.288 7.255 7.235 7.218 7.215 7.223 7.227 7.217 7.205 7.2 7.185 7.18 7.202 7.232 7.26 7.29 7.32 7.337 7.315 7.257 7.212 7.19 7.167 7.145 7.12 7.075 7.013 6.96 6.948 6.965 6.99 7.033 7.09 7.138 7.173 7.207 7.215 7.192 7.165 7.14 7.128 7.117 7.1 7.082 7.055 7.02 6.993 6.97 6.95 6.93 6.9 6.857 6.822 6.797 6.772 6.752 6.73 6.695 6.66 6.625 6.603 6.6 6.598 6.593 6.61 6.655 6.708 6.76 6.81 6.832 6.8 6.735 6.68
7.363 7.437 7.467 7.432 7.38 7.332 7.285 7.248 7.225 7.228 7.245 7.255 7.24 7.185 7.153 7.157 7.162 7.187 7.225 7.25 7.272 7.297 7.317 7.31 7.275 7.235 7.202 7.182 7.165 7.145 7.127 7.092 7.033 6.975 6.958 6.973 6.985 7 7.03 7.07 7.115 7.162 7.177 7.158 7.14 7.128 7.103 7.075 7.058 7.045 7.025 7 6.977 6.955 6.932 6.91 6.887 6.857 6.825 6.795 6.762 6.732 6.712 6.687 6.653 6.618 6.595 6.588 6.58 6.568 6.585 6.635 6.685 6.735 6.782 6.815 6.797 6.735 6.7
7.44 7.495 7.485 7.435 7.385 7.335 7.285 7.245 7.235 7.27 7.3 7.28 7.212 7.125 7.085 7.093 7.108 7.135 7.185 7.227 7.25 7.272 7.275 7.242 7.2 7.162 7.135 7.117 7.102 7.092 7.102 7.105 7.067 7.013 6.993 7.005 7.005 6.983 6.988 7.033 7.078 7.125 7.14 7.128 7.133 7.132 7.093 7.04 7.013 7 6.982 6.96 6.94 6.92 6.897 6.875 6.85 6.82 6.79 6.755 6.712 6.675 6.667 6.67 6.645 6.61 6.59 6.58 6.567 6.553 6.568 6.615 6.665 6.71 6.747 6.775 6.767 6.718 6.705
7.512 7.53 7.49 7.437 7.385 7.335 7.285 7.25 7.27 7.317 7.31 7.24 7.148 7.058 7.02 7.033 7.05 7.07 7.11 7.17 7.22 7.235 7.207 7.162 7.118 7.078 7.048 7.025 7.01 7.013 7.045 7.087 7.092 7.05 7.028 7.035 7.012 6.963 6.955 7 7.045 7.103 7.13 7.13 7.152 7.147 7.097 7.033 6.978 6.948 6.928 6.903 6.878 6.858 6.84 6.822 6.8 6.77 6.737 6.7 6.655 6.61 6.6 6.62 6.625 6.602 6.58 6.567 6.552 6.538 6.55 6.592 6.635 6.67 6.7 6.725 6.732 6.71 6.713
7.557 7.542 7.49 7.437 7.385 7.335 7.283 7.248 7.275 7.317 7.277 7.183 7.088 6.998 6.965 6.983 7 7.02 7.04 7.09 7.172 7.187 7.13 7.078 7.033 6.993 6.963 6.938 6.925 6.943 6.985 7.04 7.085 7.08 7.062 7.047 7 6.94 6.94 7.008 7.083 7.17 7.225 7.215 7.195 7.162 7.102 7.032 6.957 6.905 6.878 6.853 6.825 6.8 6.78 6.765 6.747 6.72 6.685 6.643 6.598 6.555 6.538 6.553 6.575 6.58 6.567 6.55 6.532 6.517 6.52 6.552 6.59 6.62 6.65 6.675 6.69 6.702 6.732
7.565 7.535 7.483 7.43 7.38 7.327 7.273 7.235 7.248 7.28 7.24 7.14 7.045 6.97 6.94 6.95 6.97 6.988 7.005 7.045 7.125 7.15 7.09 7.025 6.968 6.918 6.888 6.873 6.87 6.89 6.928 6.978 7.035 7.077 7.082 7.045 6.988 6.96 6.988 7.082 7.205 7.31 7.392 7.4 7.31 7.155 7.027 6.95 6.89 6.86 6.84 6.818 6.79 6.76 6.735 6.718 6.703 6.68 6.643 6.598 6.555 6.515 6.493 6.5 6.52 6.54 6.54 6.52 6.5 6.48 6.437 6.398 6.418 6.488 6.572 6.627 6.648 6.675 6.717
7.547 7.525 7.48 7.423 7.37 7.315 7.263 7.23 7.223 7.24 7.205 7.108 7.03 6.978 6.948 6.94 6.948 6.963 6.988 7.028 7.087 7.12 7.08 7.01 6.94 6.875 6.843 6.843 6.848 6.86 6.885 6.92 6.975 7.05 7.08 7.043 7.008 7.048 7.033 7.108 7.322 7.45 7.545 7.605 7.435 7.078 6.878 6.83 6.81 6.81 6.807 6.79 6.76 6.728 6.703 6.685 6.667 6.645 6.607 6.565 6.528 6.49 6.465 6.468 6.483 6.5 6.5 6.477 6.452 6.425 6.343 6.233 6.23 6.343 6.485 6.582 6.62 6.645 6.675
7.52 7.507 7.475 7.42 7.363 7.305 7.258 7.23 7.21 7.21 7.175 7.095 7.038 6.993 6.965 6.95 6.94 6.945 6.97 7.013 7.062 7.097 7.07 7 6.93 6.863 6.828 6.828 6.833 6.843 6.86 6.878 6.935 7.03 7.075 7.06 7.083 7.185 7.12 7.065 7.31 7.56 7.685 7.772 7.51 6.99 6.768 6.757 6.755 6.752 6.75 6.742 6.725 6.695 6.668 6.65 6.63 6.608 6.575 6.538 6.503 6.468 6.443 6.44 6.45 6.46 6.455 6.43 6.4 6.367 6.283 6.185 6.193 6.288 6.415 6.535 6.595 6.62 6.648
7.492 7.48 7.46 7.417 7.36 7.3 7.255 7.23 7.21 7.195 7.158 7.1 7.053 7.01 6.983 6.968 6.955 6.945 6.96 7.003 7.05 7.087 7.067 7 6.93 6.873 6.848 6.843 6.838 6.83 6.813 6.823 6.903 7.012 7.075 7.115 7.21 7.34 7.297 7.055 7.138 7.53 7.747 7.782 7.58 7.035 6.683 6.677 6.672 6.667 6.665 6.662 6.657 6.648 6.635 6.62 6.6 6.58 6.553 6.518 6.48 6.445 6.418 6.413 6.425 6.415 6.387 6.365 6.342 6.31 6.235 6.17 6.198 6.273 6.365 6.482 6.562 6.595 6.625
7.462 7.447 7.432 7.405 7.355 7.293 7.253 7.237 7.22 7.198 7.162 7.115 7.067 7.023 6.998 6.99 6.98 6.965 6.968 7 7.045 7.08 7.07 7.015 6.945 6.898 6.885 6.882 6.872 6.845 6.788 6.778 6.863 6.977 7.087 7.215 7.357 7.49 7.472 7.165 7.008 7.302 7.565 7.542 7.44 7.14 6.733 6.58 6.575 6.57 6.57 6.573 6.585 6.605 6.615 6.607 6.59 6.57 6.545 6.51 6.473 6.443 6.418 6.408 6.415 6.39 6.305 6.245 6.23 6.217 6.187 6.163 6.203 6.277 6.353 6.442 6.527 6.575 6.605
7.41 7.395 7.382 7.37 7.335 7.278 7.243 7.24 7.232 7.212 7.177 7.13 7.077 7.025 7.005 7.01 7.007 6.997 6.99 7.008 7.047 7.072 7.067 7.027 6.963 6.925 6.92 6.92 6.917 6.89 6.825 6.773 6.818 6.93 7.078 7.28 7.472 7.622 7.617 7.377 7.108 7.095 7.212 7.187 7.09 7 6.72 6.483 6.478 6.483 6.498 6.52 6.553 6.587 6.605 6.6 6.587 6.57 6.545 6.518 6.493 6.47 6.45 6.428 6.417 6.39 6.255 6.113 6.068 6.08 6.11 6.142 6.197 6.265 6.332 6.4 6.472 6.542 6.59
7.34 7.325 7.315 7.31 7.295 7.257 7.228 7.23 7.235 7.227 7.192 7.137 7.08 7.023 7.003 7.015 7.025 7.027 7.02 7.023 7.047 7.062 7.057 7.032 6.985 6.96 6.96 6.96 6.962 6.942 6.88 6.803 6.795 6.88 7.033 7.265 7.515 7.672 7.622 7.417 7.177 6.978 6.888 6.828 6.74 6.65 6.505 6.403 6.41 6.438 6.47 6.505 6.54 6.575 6.592 6.587 6.58 6.58 6.57 6.548 6.53 6.513 6.492 6.46 6.43 6.39 6.245 6.04 5.925 5.923 5.955 5.995 6.075 6.167 6.24 6.302 6.37 6.462 6.557
7.285 7.258 7.248 7.243 7.238 7.223 7.21 7.212 7.22 7.222 7.19 7.132 7.075 7.018 6.998 7.01 7.022 7.032 7.032 7.032 7.045 7.05 7.043 7.03 7.01 7.003 7.005 7.008 7.015 7.002 6.942 6.86 6.803 6.835 6.988 7.225 7.475 7.605 7.512 7.295 7.077 6.86 6.668 6.568 6.525 6.475 6.435 6.453 6.47 6.45 6.46 6.495 6.53 6.562 6.577 6.573 6.588 6.628 6.635 6.608 6.583 6.56 6.532 6.495 6.45 6.387 6.235 6.008 5.825 5.74 5.715 5.718 5.8 5.94 6.07 6.17 6.245 6.34 6.465
7.263 7.223 7.213 7.208 7.203 7.205 7.198 7.183 7.185 7.19 7.16 7.105 7.053 7.013 6.993 6.99 7 7.01 7.015 7.02 7.04 7.052 7.045 7.038 7.04 7.052 7.06 7.065 7.075 7.067 7.01 6.925 6.843 6.818 6.945 7.165 7.357 7.467 7.39 7.175 6.96 6.748 6.58 6.528 6.533 6.528 6.533 6.607 6.657 6.598 6.538 6.513 6.52 6.55 6.568 6.588 6.648 6.712 6.717 6.685 6.655 6.602 6.495 6.4 6.345 6.28 6.157 5.955 5.758 5.623 5.54 5.49 5.525 5.668 5.845 6.002 6.112 6.205 6.325
7.26 7.223 7.21 7.208 7.21 7.225 7.207 7.163 7.148 7.15 7.12 7.068 7.035 7.023 7 6.973 6.968 6.975 6.983 6.998 7.035 7.062 7.06 7.063 7.08 7.102 7.117 7.125 7.135 7.132 7.08 6.993 6.908 6.838 6.888 7.042 7.192 7.317 7.262 7.048 6.833 6.66 6.593 6.605 6.625 6.63 6.655 6.75 6.862 6.86 6.763 6.668 6.608 6.58 6.593 6.658 6.742 6.802 6.802 6.765 6.707 6.607 6.42 6.223 6.12 6.062 5.992 5.867 5.718 5.593 5.485 5.413 5.423 5.525 5.665 5.805 5.938 6.055 6.215
7.265 7.23 7.215 7.22 7.238 7.255 7.23 7.17 7.125 7.108 7.083 7.053 7.048 7.045 7.02 6.98 6.95 6.943 6.953 6.983 7.03 7.067 7.08 7.095 7.12 7.145 7.167 7.182 7.195 7.197 7.15 7.06 6.962 6.848 6.808 6.888 7.018 7.157 7.127 6.923 6.738 6.653 6.658 6.682 6.707 6.725 6.775 6.892 7.035 7.102 7.047 6.95 6.878 6.815 6.77 6.778 6.838 6.89 6.877 6.81 6.705 6.58 6.38 6.12 5.93 5.835 5.815 5.797 5.697 5.565 5.473 5.438 5.453 5.52 5.62 5.72 5.833 5.948 6.138
7.27 7.235 7.225 7.242 7.267 7.28 7.25 7.19 7.13 7.085 7.063 7.06 7.067 7.062 7.035 6.995 6.957 6.93 6.933 6.97 7.02 7.067 7.102 7.132 7.16 7.185 7.21 7.23 7.25 7.262 7.215 7.1 6.965 6.825 6.75 6.778 6.86 6.98 6.977 6.818 6.715 6.71 6.735 6.76 6.782 6.805 6.823 6.912 7.082 7.24 7.28 7.21 7.155 7.127 7.07 7.007 6.987 6.97 6.907 6.79 6.652 6.52 6.325 6.06 5.808 5.665 5.71 5.78 5.697 5.56 5.495 5.485 5.49 5.54 5.635 5.735 5.832 5.908 6.033
