EGM722_Project_Data/DTM_asc/TL4757.asc
ncols         200
nrows         200
xllcorner     547000.000
yllcorner     257000.000
cellsize      5
NODATA_value  -9999.0
[rows 136 to 169 of 200, columns 0 to 74 of 200]
14.607 14.46 14.318 14.19 14.04 13.853 13.665 13.513 13.377 13.255 13.178 13.13 13.085 13.035 12.95 12.848 12.755 12.667 12.56 12.42 12.257 12.098 12.003 11.955 11.9 11.837 11.76 11.635 11.452 11.248 11.053 10.965 11.01 11.072 11.09 11.077 11.047 10.992 10.912 10.815 10.725 10.652 10.525 10.33 10.13 9.933 9.755 9.6 9.453 9.32 9.22 9.137 9.047 8.948 8.868 8.813 8.76 8.71 8.65 8.585 8.525 8.465 8.415 8.39 8.385 8.39 8.4 8.405 8.42 8.468 8.525 8.558 8.557 8.492 8.415
14.475 14.358 14.235 14.102 13.97 13.815 13.66 13.522 13.385 13.265 13.195 13.152 13.11 13.06 12.977 12.875 12.777 12.682 12.562 12.4 12.22 12.05 11.945 11.895 11.845 11.8 11.74 11.597 11.39 11.178 10.965 10.88 10.955 11.017 11.022 11.017 11.005 10.96 10.877 10.78 10.68 10.582 10.44 10.25 10.057 9.875 9.713 9.56 9.41 9.273 9.168 9.08 8.995 8.91 8.835 8.78 8.728 8.673 8.615 8.555 8.495 8.435 8.395 8.39 8.398 8.405 8.415 8.423 8.43 8.44 8.448 8.448 8.445 8.42 8.39
14.378 14.295 14.17 14.01 13.885 13.755 13.615 13.475 13.343 13.235 13.177 13.145 13.105 13.052 12.975 12.88 12.782 12.685 12.55 12.368 12.18 12.003 11.888 11.84 11.8 11.767 11.71 11.582 11.39 11.17 10.978 10.913 10.948 10.963 10.96 10.955 10.95 10.915 10.827 10.722 10.612 10.492 10.342 10.16 9.97 9.805 9.672 9.535 9.385 9.245 9.135 9.048 8.965 8.89 8.825 8.77 8.718 8.66 8.6 8.54 8.48 8.425 8.408 8.418 8.423 8.43 8.44 8.45 8.46 8.465 8.453 8.43 8.41 8.393 8.383
14.313 14.252 14.117 13.933 13.795 13.665 13.525 13.395 13.283 13.185 13.133 13.107 13.072 13.017 12.937 12.85 12.76 12.667 12.53 12.343 12.153 11.973 11.853 11.805 11.778 11.75 11.677 11.557 11.397 11.19 11.05 11.012 10.975 10.933 10.913 10.9 10.895 10.852 10.752 10.635 10.51 10.38 10.24 10.07 9.88 9.723 9.612 9.502 9.365 9.228 9.12 9.035 8.96 8.895 8.837 8.782 8.722 8.66 8.6 8.54 8.485 8.44 8.433 8.457 8.467 8.465 8.47 8.48 8.49 8.492 8.477 8.458 8.443 8.428 8.408
14.265 14.21 14.077 13.875 13.71 13.575 13.448 13.34 13.24 13.145 13.085 13.062 13.037 12.977 12.893 12.81 12.725 12.637 12.51 12.338 12.168 12.005 11.885 11.815 11.77 11.727 11.64 11.52 11.387 11.228 11.118 11.065 10.995 10.93 10.893 10.87 10.847 10.775 10.653 10.525 10.395 10.265 10.132 9.975 9.79 9.638 9.535 9.442 9.335 9.213 9.11 9.035 8.968 8.905 8.847 8.79 8.727 8.663 8.6 8.545 8.5 8.458 8.448 8.482 8.515 8.52 8.513 8.513 8.52 8.517 8.505 8.495 8.485 8.47 8.445
14.223 14.167 14.042 13.835 13.643 13.5 13.395 13.3 13.2 13.105 13.038 13.018 13.002 12.943 12.86 12.78 12.698 12.615 12.502 12.352 12.205 12.06 11.94 11.85 11.775 11.705 11.605 11.485 11.365 11.25 11.157 11.082 11.005 10.933 10.888 10.862 10.805 10.692 10.558 10.423 10.288 10.153 10.02 9.878 9.71 9.565 9.465 9.373 9.28 9.185 9.103 9.04 8.977 8.912 8.85 8.787 8.725 8.662 8.603 8.555 8.515 8.473 8.465 8.5 8.542 8.575 8.577 8.565 8.558 8.55 8.545 8.54 8.527 8.507 8.482
14.2 14.14 14.012 13.802 13.595 13.453 13.358 13.262 13.165 13.078 13.025 13.013 12.995 12.938 12.86 12.78 12.7 12.612 12.497 12.357 12.215 12.062 11.93 11.837 11.755 11.677 11.582 11.468 11.35 11.25 11.172 11.095 11.015 10.938 10.883 10.837 10.745 10.615 10.48 10.343 10.205 10.065 9.935 9.808 9.655 9.513 9.41 9.315 9.225 9.155 9.092 9.03 8.97 8.907 8.842 8.777 8.715 8.655 8.602 8.557 8.515 8.473 8.473 8.522 8.567 8.607 8.637 8.635 8.613 8.598 8.595 8.587 8.57 8.545 8.518
14.215 14.127 13.975 13.767 13.56 13.418 13.323 13.228 13.145 13.085 13.055 13.045 13.012 12.95 12.875 12.795 12.707 12.605 12.482 12.345 12.197 12.03 11.883 11.783 11.705 11.64 11.565 11.462 11.353 11.263 11.185 11.105 11.025 10.945 10.872 10.785 10.667 10.54 10.405 10.268 10.138 10.015 9.903 9.777 9.618 9.468 9.358 9.268 9.195 9.137 9.077 9.013 8.95 8.89 8.827 8.763 8.703 8.645 8.595 8.552 8.505 8.455 8.46 8.527 8.592 8.642 8.68 8.69 8.67 8.65 8.645 8.632 8.608 8.582 8.555
14.222 14.087 13.917 13.727 13.53 13.385 13.29 13.213 13.16 13.12 13.093 13.07 13.025 12.96 12.885 12.8 12.7 12.59 12.47 12.332 12.17 11.99 11.835 11.73 11.66 11.6 11.537 11.452 11.357 11.275 11.187 11.092 11.005 10.93 10.842 10.725 10.595 10.465 10.335 10.21 10.1 10 9.9 9.762 9.585 9.425 9.31 9.235 9.178 9.122 9.062 8.998 8.935 8.873 8.81 8.75 8.693 8.638 8.588 8.542 8.492 8.44 8.443 8.51 8.59 8.66 8.705 8.722 8.717 8.702 8.69 8.672 8.645 8.617 8.59
14.19 14.022 13.85 13.675 13.493 13.358 13.283 13.235 13.2 13.16 13.127 13.09 13.032 12.967 12.892 12.797 12.69 12.58 12.46 12.312 12.135 11.95 11.788 11.683 11.615 11.545 11.475 11.397 11.307 11.215 11.127 11.04 10.96 10.895 10.802 10.673 10.535 10.41 10.28 10.158 10.062 9.965 9.862 9.72 9.542 9.383 9.275 9.215 9.163 9.11 9.05 8.985 8.925 8.86 8.795 8.737 8.682 8.63 8.577 8.525 8.475 8.425 8.425 8.488 8.562 8.635 8.692 8.722 8.735 8.74 8.725 8.7 8.675 8.645 8.617
14.132 13.957 13.785 13.612 13.443 13.333 13.285 13.25 13.215 13.175 13.14 13.092 13.022 12.952 12.872 12.772 12.667 12.562 12.445 12.292 12.118 11.945 11.775 11.64 11.55 11.468 11.383 11.298 11.213 11.128 11.055 10.99 10.925 10.862 10.762 10.628 10.503 10.4 10.26 10.098 9.983 9.885 9.78 9.64 9.47 9.338 9.263 9.208 9.158 9.11 9.053 8.99 8.927 8.858 8.785 8.72 8.663 8.61 8.557 8.503 8.45 8.4 8.398 8.455 8.525 8.595 8.66 8.697 8.715 8.72 8.697 8.667 8.64 8.61 8.585
14.055 13.877 13.703 13.54 13.41 13.303 13.213 13.157 13.12 13.08 13.06 13.04 12.982 12.907 12.822 12.722 12.62 12.52 12.412 12.287 12.145 11.99 11.815 11.633 11.495 11.4 11.31 11.215 11.125 11.062 11.017 10.96 10.895 10.825 10.72 10.6 10.503 10.41 10.262 10.07 9.908 9.793 9.687 9.545 9.4 9.315 9.265 9.213 9.165 9.122 9.07 9.007 8.937 8.86 8.78 8.705 8.64 8.585 8.532 8.477 8.423 8.37 8.368 8.423 8.488 8.553 8.62 8.667 8.685 8.657 8.61 8.58 8.55 8.523 8.503
13.96 13.78 13.613 13.488 13.407 13.295 13.145 13.023 12.948 12.905 12.903 12.927 12.912 12.852 12.767 12.667 12.565 12.465 12.365 12.262 12.15 12.025 11.87 11.672 11.483 11.355 11.265 11.16 11.043 10.97 10.94 10.903 10.858 10.79 10.695 10.603 10.52 10.422 10.267 10.07 9.878 9.72 9.595 9.468 9.37 9.315 9.265 9.218 9.178 9.14 9.087 9.017 8.94 8.862 8.782 8.7 8.625 8.563 8.507 8.452 8.398 8.345 8.343 8.395 8.455 8.515 8.578 8.632 8.64 8.58 8.52 8.493 8.468 8.448 8.433
13.873 13.693 13.56 13.478 13.412 13.315 13.162 12.99 12.85 12.76 12.743 12.78 12.805 12.785 12.71 12.61 12.51 12.41 12.31 12.205 12.095 11.99 11.86 11.685 11.497 11.335 11.215 11.108 11 10.933 10.903 10.883 10.855 10.785 10.695 10.615 10.535 10.435 10.275 10.075 9.877 9.688 9.528 9.423 9.363 9.315 9.268 9.227 9.192 9.155 9.097 9.02 8.942 8.867 8.787 8.703 8.62 8.545 8.483 8.428 8.373 8.32 8.318 8.37 8.428 8.488 8.55 8.6 8.587 8.513 8.458 8.438 8.42 8.403 8.388
13.853 13.668 13.555 13.488 13.42 13.33 13.182 13.002 12.825 12.685 12.638 12.658 12.695 12.707 12.65 12.55 12.45 12.345 12.235 12.122 12.007 11.905 11.785 11.627 11.465 11.303 11.198 11.133 11.053 11 10.975 10.952 10.897 10.797 10.7 10.62 10.537 10.42 10.247 10.05 9.85 9.65 9.49 9.403 9.353 9.307 9.265 9.227 9.192 9.152 9.087 9.007 8.932 8.855 8.785 8.71 8.625 8.55 8.498 8.453 8.395 8.34 8.338 8.385 8.438 8.498 8.56 8.607 8.59 8.515 8.46 8.443 8.43 8.413 8.398
13.892 13.698 13.575 13.505 13.43 13.33 13.172 12.982 12.795 12.658 12.605 12.598 12.615 12.635 12.59 12.487 12.375 12.255 12.135 12.013 11.905 11.82 11.702 11.543 11.383 11.235 11.188 11.207 11.167 11.113 11.082 11.03 10.927 10.805 10.705 10.625 10.517 10.36 10.177 9.987 9.79 9.603 9.475 9.403 9.343 9.293 9.252 9.215 9.175 9.13 9.062 8.98 8.903 8.828 8.77 8.712 8.635 8.568 8.542 8.522 8.47 8.42 8.418 8.453 8.495 8.548 8.605 8.657 8.642 8.563 8.498 8.475 8.467 8.455 8.443
13.912 13.73 13.595 13.52 13.425 13.307 13.147 12.953 12.758 12.633 12.595 12.575 12.565 12.57 12.522 12.407 12.277 12.145 12.02 11.905 11.815 11.737 11.615 11.46 11.313 11.17 11.138 11.212 11.247 11.222 11.162 11.065 10.942 10.82 10.715 10.612 10.465 10.285 10.105 9.922 9.73 9.573 9.48 9.41 9.34 9.28 9.238 9.197 9.152 9.105 9.037 8.953 8.87 8.8 8.75 8.705 8.642 8.585 8.575 8.582 8.55 8.508 8.513 8.545 8.578 8.618 8.662 8.71 8.695 8.61 8.533 8.5 8.497 8.492 8.495
13.885 13.745 13.615 13.517 13.4 13.272 13.12 12.93 12.728 12.603 12.57 12.55 12.53 12.512 12.445 12.315 12.178 12.04 11.918 11.823 11.743 11.665 11.543 11.39 11.25 11.113 11.085 11.178 11.275 11.28 11.182 11.065 10.945 10.825 10.707 10.567 10.395 10.215 10.035 9.855 9.68 9.555 9.48 9.41 9.335 9.27 9.223 9.175 9.13 9.085 9.018 8.933 8.848 8.783 8.735 8.69 8.643 8.603 8.6 8.62 8.615 8.595 8.607 8.642 8.675 8.7 8.712 8.727 8.71 8.64 8.56 8.515 8.507 8.507 8.527
13.843 13.735 13.617 13.493 13.368 13.24 13.09 12.902 12.7 12.568 12.523 12.5 12.48 12.45 12.362 12.225 12.088 11.958 11.85 11.79 11.735 11.66 11.568 11.458 11.323 11.165 11.15 11.252 11.3 11.252 11.145 11.03 10.91 10.792 10.67 10.525 10.355 10.175 9.995 9.815 9.648 9.53 9.455 9.385 9.315 9.258 9.213 9.165 9.118 9.075 9.015 8.933 8.858 8.81 8.768 8.718 8.67 8.635 8.635 8.655 8.665 8.652 8.642 8.65 8.657 8.655 8.64 8.642 8.647 8.605 8.535 8.503 8.498 8.5 8.53
13.82 13.73 13.617 13.473 13.338 13.21 13.06 12.868 12.673 12.545 12.48 12.445 12.425 12.38 12.275 12.138 12.013 11.903 11.803 11.777 11.772 11.71 11.645 11.585 11.492 11.363 11.327 11.347 11.287 11.187 11.08 10.967 10.852 10.737 10.615 10.485 10.337 10.165 9.985 9.802 9.623 9.493 9.415 9.348 9.29 9.248 9.207 9.16 9.115 9.077 9.025 8.95 8.893 8.865 8.837 8.795 8.743 8.703 8.697 8.7 8.675 8.625 8.575 8.535 8.503 8.48 8.47 8.495 8.535 8.522 8.473 8.473 8.485 8.493 8.53
13.818 13.745 13.632 13.475 13.323 13.183 13.03 12.835 12.648 12.53 12.453 12.398 12.37 12.31 12.19 12.065 11.96 11.86 11.76 11.728 11.767 11.757 11.692 11.627 11.562 11.477 11.395 11.317 11.222 11.12 11.01 10.9 10.79 10.677 10.557 10.432 10.3 10.145 9.97 9.787 9.603 9.46 9.375 9.318 9.275 9.24 9.2 9.155 9.118 9.082 9.035 8.975 8.935 8.915 8.895 8.865 8.82 8.777 8.742 8.695 8.625 8.55 8.485 8.428 8.378 8.34 8.33 8.36 8.41 8.43 8.418 8.44 8.467 8.488 8.53
13.828 13.76 13.645 13.485 13.325 13.17 13.007 12.808 12.625 12.515 12.435 12.363 12.315 12.24 12.123 12.018 11.92 11.82 11.72 11.65 11.692 11.745 11.697 11.62 11.542 11.442 11.33 11.24 11.152 11.05 10.94 10.833 10.725 10.607 10.475 10.347 10.235 10.11 9.952 9.772 9.585 9.43 9.345 9.303 9.268 9.235 9.2 9.163 9.125 9.09 9.05 9.01 8.982 8.96 8.937 8.91 8.87 8.827 8.778 8.705 8.623 8.535 8.458 8.4 8.348 8.3 8.283 8.298 8.325 8.345 8.363 8.403 8.445 8.485 8.53
13.835 13.762 13.647 13.49 13.327 13.162 13.002 12.813 12.635 12.53 12.448 12.36 12.28 12.183 12.073 11.975 11.875 11.775 11.68 11.603 11.603 11.667 11.66 11.58 11.495 11.375 11.243 11.148 11.072 10.982 10.875 10.77 10.662 10.53 10.375 10.23 10.11 10.002 9.872 9.702 9.525 9.398 9.345 9.318 9.285 9.255 9.225 9.19 9.153 9.112 9.068 9.04 9.022 8.997 8.972 8.942 8.905 8.87 8.835 8.775 8.69 8.588 8.485 8.415 8.363 8.32 8.308 8.313 8.318 8.32 8.345 8.395 8.44 8.482 8.525
13.83 13.757 13.642 13.482 13.312 13.14 12.995 12.837 12.675 12.573 12.492 12.403 12.303 12.178 12.04 11.925 11.825 11.735 11.66 11.6 11.563 11.588 11.602 11.54 11.44 11.3 11.155 11.053 10.99 10.917 10.815 10.71 10.592 10.445 10.285 10.125 9.973 9.838 9.708 9.573 9.45 9.375 9.357 9.352 9.33 9.3 9.27 9.235 9.19 9.13 9.07 9.05 9.052 9.035 9.007 8.977 8.945 8.915 8.885 8.84 8.76 8.65 8.533 8.44 8.378 8.34 8.333 8.337 8.34 8.34 8.365 8.412 8.447 8.478 8.515
13.817 13.747 13.627 13.46 13.285 13.115 12.98 12.852 12.715 12.615 12.542 12.465 12.367 12.225 12.058 11.905 11.793 11.723 11.667 11.612 11.56 11.533 11.532 11.492 11.375 11.222 11.07 10.958 10.905 10.85 10.755 10.647 10.517 10.357 10.195 10.035 9.875 9.723 9.593 9.493 9.415 9.363 9.355 9.367 9.367 9.35 9.317 9.27 9.202 9.123 9.06 9.048 9.06 9.062 9.045 9.015 8.985 8.955 8.925 8.89 8.815 8.705 8.59 8.48 8.4 8.363 8.358 8.36 8.36 8.36 8.385 8.425 8.45 8.473 8.505
13.795 13.715 13.587 13.425 13.253 13.093 12.968 12.857 12.745 12.652 12.58 12.507 12.407 12.255 12.075 11.913 11.79 11.705 11.65 11.605 11.56 11.517 11.487 11.43 11.3 11.145 10.99 10.87 10.82 10.78 10.695 10.577 10.435 10.27 10.108 9.96 9.818 9.683 9.573 9.485 9.408 9.353 9.345 9.363 9.38 9.385 9.347 9.275 9.195 9.11 9.05 9.043 9.052 9.062 9.065 9.045 9.012 8.98 8.95 8.912 8.822 8.71 8.615 8.517 8.427 8.383 8.38 8.38 8.38 8.38 8.4 8.43 8.45 8.47 8.5
13.755 13.657 13.535 13.385 13.215 13.068 12.953 12.848 12.753 12.67 12.592 12.515 12.405 12.24 12.068 11.938 11.818 11.695 11.603 11.548 11.515 11.482 11.44 11.357 11.222 11.067 10.91 10.795 10.745 10.71 10.632 10.5 10.35 10.2 10.058 9.93 9.805 9.68 9.578 9.495 9.425 9.38 9.37 9.385 9.402 9.407 9.36 9.273 9.19 9.105 9.043 9.03 9.037 9.045 9.052 9.05 9.027 8.995 8.965 8.92 8.802 8.668 8.58 8.5 8.417 8.375 8.377 8.382 8.387 8.392 8.407 8.43 8.45 8.467 8.487
13.702 13.595 13.48 13.337 13.18 13.048 12.935 12.835 12.748 12.665 12.585 12.5 12.377 12.223 12.09 11.982 11.862 11.728 11.595 11.49 11.435 11.402 11.35 11.255 11.13 10.987 10.835 10.735 10.687 10.645 10.567 10.44 10.303 10.173 10.05 9.927 9.803 9.683 9.585 9.515 9.473 9.45 9.438 9.435 9.432 9.422 9.37 9.28 9.193 9.108 9.045 9.02 9.018 9.025 9.03 9.032 9.03 9.01 8.98 8.927 8.795 8.63 8.52 8.44 8.37 8.338 8.34 8.35 8.36 8.38 8.402 8.42 8.44 8.455 8.467
13.64 13.53 13.418 13.29 13.155 13.03 12.92 12.83 12.745 12.66 12.58 12.482 12.36 12.235 12.117 12 11.89 11.77 11.633 11.498 11.388 11.315 11.235 11.125 11.01 10.888 10.763 10.673 10.607 10.542 10.48 10.402 10.292 10.17 10.05 9.925 9.8 9.688 9.608 9.565 9.545 9.527 9.507 9.47 9.403 9.367 9.345 9.282 9.2 9.113 9.053 9.028 9.015 9.008 9.008 9.01 9.015 9.012 8.992 8.937 8.8 8.615 8.475 8.385 8.323 8.293 8.29 8.3 8.32 8.357 8.387 8.403 8.42 8.435 8.45
13.613 13.505 13.395 13.275 13.145 13.017 12.912 12.827 12.742 12.657 12.572 12.467 12.35 12.235 12.102 11.973 11.897 11.812 11.677 11.54 11.403 11.268 11.145 11.033 10.92 10.808 10.698 10.593 10.493 10.4 10.345 10.32 10.265 10.165 10.045 9.922 9.8 9.705 9.658 9.635 9.615 9.592 9.567 9.497 9.375 9.283 9.243 9.212 9.167 9.107 9.063 9.04 9.02 9 8.99 8.99 8.995 9 8.995 8.945 8.805 8.615 8.445 8.335 8.28 8.248 8.24 8.258 8.295 8.34 8.37 8.387 8.403 8.418 8.435
13.632 13.527 13.415 13.285 13.137 12.983 12.882 12.815 12.73 12.645 12.555 12.45 12.33 12.197 12.043 11.923 11.9 11.852 11.72 11.582 11.437 11.258 11.1 10.99 10.88 10.767 10.648 10.525 10.41 10.303 10.23 10.208 10.187 10.132 10.027 9.888 9.788 9.745 9.72 9.697 9.673 9.65 9.615 9.525 9.395 9.265 9.158 9.09 9.055 9.057 9.062 9.04 9.015 9 8.988 8.978 8.978 8.983 8.985 8.95 8.825 8.638 8.445 8.315 8.25 8.205 8.2 8.233 8.28 8.325 8.353 8.373 8.395 8.42 8.45
13.655 13.55 13.422 13.27 13.097 12.915 12.813 12.777 12.712 12.627 12.535 12.425 12.295 12.137 11.965 11.868 11.885 11.872 11.762 11.627 11.455 11.238 11.068 10.955 10.845 10.73 10.605 10.478 10.358 10.245 10.165 10.13 10.1 10.025 9.925 9.838 9.8 9.797 9.777 9.753 9.73 9.71 9.657 9.547 9.415 9.285 9.155 9.028 8.96 9 9.045 9.03 9.01 9.002 8.99 8.973 8.965 8.967 8.967 8.937 8.852 8.7 8.51 8.388 8.328 8.263 8.245 8.28 8.318 8.343 8.36 8.385 8.418 8.455 8.492
13.66 13.552 13.39 13.215 13.032 12.848 12.728 12.697 12.672 12.61 12.515 12.387 12.232 12.062 11.888 11.813 11.855 11.88 11.807 11.665 11.46 11.21 11.033 10.92 10.81 10.692 10.565 10.435 10.308 10.188 10.108 10.047 9.977 9.875 9.813 9.835 9.852 9.852 9.835 9.81 9.79 9.767 9.697 9.57 9.435 9.302 9.152 8.998 8.935 8.98 9.025 9.025 9.013 9.005 8.99 8.97 8.958 8.955 8.945 8.902 8.84 8.75 8.615 8.525 8.49 8.432 8.405 8.417 8.422 8.423 8.428 8.445 8.47 8.505 8.537
13.572 13.48 13.325 13.145 12.965 12.783 12.648 12.6 12.592 12.567 12.48 12.327 12.155 11.985 11.818 11.763 11.822 11.877 11.84 11.685 11.45 11.183 11 10.887 10.772 10.652 10.522 10.39 10.26 10.133 10.038 9.95 9.853 9.768 9.753 9.82 9.882 9.905 9.895 9.873 9.85 9.815 9.725 9.59 9.442 9.28 9.093 8.955 8.94 8.982 9.017 9.025 9.015 9.007 8.995 8.975 8.958 8.945 8.92 8.868 8.808 8.75 8.68 8.622 8.59 8.55 8.525 8.52 8.512 8.51 8.512 8.52 8.53 8.547 8.572
