EGM722_Project_Data/DTM_asc/TL4753.asc
ncols         200
nrows         200
xllcorner     547000.000
yllcorner     253000.000
cellsize      5
NODATA_value  -9999.0
[rows 64 to 95 of 200, columns 0 to 72 of 200]
38.57 39.005 39.37 39.73 40.165 40.627 41.017 41.342 41.635 41.857 41.997 42.103 42.225 42.35 42.395 42.367 42.345 42.322 42.25 42.135 42.035 41.945 41.815 41.637 41.448 41.26 41.09 40.922 40.745 40.565 40.387 40.205 40.007 39.805 39.632 39.462 39.25 39.028 38.863 38.75 38.635 38.505 38.327 38.115 37.93 37.78 37.645 37.515 37.388 37.265 37.105 36.923 36.783 36.655 36.465 36.235 36.038 35.873 35.712 35.548 35.385 35.222 35.06 34.892 34.695 34.488 34.33 34.21 34.085 33.96 33.858 33.772 33.677
38.435 38.887 39.313 39.75 40.22 40.687 41.087 41.42 41.75 42.052 42.267 42.415 42.55 42.675 42.725 42.705 42.687 42.672 42.615 42.52 42.432 42.345 42.21 42.022 41.827 41.638 41.46 41.28 41.095 40.913 40.725 40.528 40.323 40.12 39.925 39.715 39.485 39.265 39.1 38.983 38.87 38.75 38.575 38.355 38.148 37.98 37.845 37.715 37.585 37.458 37.31 37.163 37.042 36.922 36.742 36.505 36.275 36.075 35.905 35.743 35.58 35.42 35.26 35.072 34.848 34.633 34.473 34.35 34.225 34.1 33.995 33.908 33.823
38.32 38.785 39.267 39.75 40.22 40.69 41.142 41.532 41.87 42.2 42.487 42.692 42.84 42.965 43.02 43.005 42.99 43 42.977 42.895 42.807 42.72 42.582 42.39 42.195 42.005 41.818 41.632 41.448 41.263 41.073 40.873 40.67 40.47 40.255 40.025 39.793 39.563 39.39 39.27 39.155 39.02 38.83 38.61 38.39 38.208 38.07 37.94 37.808 37.67 37.528 37.392 37.27 37.147 36.97 36.74 36.505 36.28 36.1 35.945 35.785 35.625 35.462 35.26 35.02 34.8 34.635 34.508 34.378 34.248 34.143 34.058 33.978
38.22 38.685 39.18 39.687 40.17 40.643 41.14 41.62 42.012 42.347 42.652 42.912 43.102 43.235 43.29 43.278 43.283 43.33 43.33 43.25 43.162 43.075 42.94 42.75 42.555 42.362 42.173 41.987 41.802 41.618 41.432 41.245 41.05 40.85 40.635 40.402 40.162 39.918 39.735 39.615 39.477 39.3 39.09 38.87 38.655 38.47 38.325 38.195 38.055 37.903 37.748 37.6 37.468 37.342 37.165 36.935 36.7 36.47 36.293 36.15 35.995 35.835 35.665 35.455 35.215 34.993 34.825 34.693 34.558 34.425 34.318 34.233 34.155
38.112 38.583 39.078 39.6 40.107 40.595 41.095 41.615 42.095 42.485 42.797 43.08 43.33 43.502 43.56 43.57 43.615 43.68 43.68 43.602 43.517 43.43 43.297 43.11 42.915 42.72 42.53 42.345 42.158 41.97 41.785 41.605 41.422 41.23 41.012 40.772 40.525 40.275 40.085 39.942 39.762 39.56 39.35 39.135 38.93 38.743 38.59 38.45 38.295 38.135 37.975 37.818 37.67 37.537 37.36 37.127 36.888 36.653 36.475 36.342 36.2 36.045 35.867 35.65 35.41 35.19 35.023 34.888 34.755 34.625 34.513 34.42 34.335
37.992 38.472 38.975 39.5 40.022 40.535 41.045 41.565 42.085 42.56 42.917 43.205 43.495 43.74 43.852 43.9 43.965 44.03 44.03 43.955 43.867 43.775 43.645 43.462 43.27 43.077 42.887 42.7 42.51 42.32 42.135 41.955 41.777 41.59 41.37 41.125 40.877 40.63 40.415 40.227 40.028 39.823 39.615 39.41 39.21 39.015 38.845 38.688 38.525 38.363 38.203 38.045 37.89 37.743 37.555 37.32 37.08 36.843 36.658 36.525 36.39 36.247 36.07 35.845 35.605 35.388 35.22 35.085 34.955 34.825 34.71 34.615 34.523
37.833 38.338 38.875 39.412 39.94 40.465 40.985 41.505 42.033 42.557 42.962 43.257 43.557 43.875 44.072 44.142 44.212 44.305 44.335 44.265 44.177 44.082 43.952 43.775 43.585 43.4 43.217 43.03 42.84 42.65 42.465 42.285 42.1 41.897 41.677 41.442 41.197 40.95 40.718 40.51 40.308 40.103 39.9 39.7 39.5 39.3 39.113 38.943 38.778 38.61 38.443 38.283 38.13 37.977 37.785 37.55 37.31 37.075 36.87 36.713 36.578 36.445 36.267 36.035 35.805 35.618 35.473 35.34 35.21 35.07 34.943 34.84 34.74
37.658 38.198 38.762 39.325 39.865 40.392 40.915 41.44 41.99 42.542 42.957 43.255 43.585 43.965 44.2 44.273 44.375 44.527 44.59 44.527 44.447 44.357 44.227 44.05 43.868 43.695 43.52 43.337 43.152 42.963 42.775 42.592 42.39 42.162 41.942 41.727 41.49 41.243 41.015 40.81 40.605 40.4 40.2 40 39.798 39.595 39.408 39.233 39.06 38.89 38.715 38.543 38.385 38.235 38.045 37.81 37.573 37.345 37.125 36.928 36.775 36.642 36.457 36.23 36.043 35.905 35.78 35.652 35.512 35.348 35.205 35.095 34.99
37.518 38.073 38.64 39.215 39.777 40.32 40.85 41.395 41.97 42.535 42.952 43.283 43.67 44.08 44.327 44.433 44.59 44.777 44.84 44.775 44.705 44.627 44.502 44.33 44.16 43.997 43.825 43.645 43.465 43.277 43.085 42.882 42.655 42.418 42.198 41.992 41.775 41.54 41.315 41.11 40.905 40.7 40.5 40.297 40.092 39.888 39.7 39.525 39.35 39.18 39.005 38.825 38.653 38.492 38.302 38.073 37.84 37.615 37.395 37.18 36.993 36.835 36.653 36.468 36.333 36.215 36.092 35.955 35.79 35.613 35.47 35.36 35.253
37.393 37.95 38.518 39.093 39.67 40.235 40.795 41.372 41.962 42.53 42.977 43.36 43.767 44.172 44.457 44.632 44.82 45.01 45.075 45.01 44.945 44.877 44.767 44.612 44.45 44.29 44.125 43.95 43.77 43.587 43.385 43.155 42.915 42.678 42.455 42.25 42.045 41.83 41.618 41.415 41.213 41.008 40.8 40.59 40.385 40.183 39.993 39.818 39.643 39.47 39.295 39.112 38.93 38.755 38.562 38.34 38.112 37.887 37.667 37.452 37.24 37.05 36.888 36.752 36.635 36.517 36.39 36.23 36.05 35.875 35.735 35.625 35.515
37.262 37.817 38.39 38.972 39.55 40.127 40.712 41.307 41.905 42.492 42.99 43.402 43.805 44.202 44.537 44.77 44.96 45.14 45.222 45.197 45.142 45.077 44.982 44.84 44.677 44.522 44.387 44.242 44.07 43.89 43.68 43.44 43.2 42.958 42.733 42.528 42.32 42.118 41.927 41.735 41.535 41.333 41.12 40.903 40.69 40.483 40.295 40.125 39.952 39.76 39.552 39.355 39.17 38.987 38.79 38.572 38.352 38.135 37.917 37.7 37.483 37.29 37.145 37.025 36.905 36.787 36.652 36.485 36.308 36.14 36 35.885 35.772
37.122 37.668 38.248 38.85 39.432 40.01 40.598 41.195 41.808 42.425 42.947 43.377 43.79 44.185 44.545 44.822 45.03 45.19 45.275 45.3 45.29 45.242 45.155 45.017 44.86 44.718 44.605 44.5 44.357 44.185 43.977 43.74 43.498 43.253 43.028 42.82 42.608 42.405 42.23 42.06 41.87 41.67 41.46 41.24 41.023 40.81 40.623 40.452 40.26 40.03 39.788 39.565 39.37 39.185 38.982 38.768 38.557 38.35 38.135 37.915 37.71 37.533 37.39 37.272 37.155 37.035 36.9 36.735 36.568 36.42 36.278 36.145 36.028
36.97 37.508 38.085 38.702 39.307 39.895 40.485 41.098 41.735 42.365 42.89 43.332 43.762 44.165 44.53 44.847 45.095 45.24 45.305 45.345 45.377 45.382 45.325 45.197 45.055 44.92 44.803 44.712 44.61 44.47 44.275 44.037 43.792 43.547 43.32 43.107 42.893 42.688 42.515 42.36 42.192 42.007 41.8 41.583 41.368 41.155 40.962 40.767 40.535 40.285 40.038 39.798 39.578 39.38 39.177 38.968 38.763 38.557 38.345 38.135 37.948 37.778 37.635 37.518 37.4 37.28 37.147 36.993 36.843 36.71 36.568 36.418 36.285
36.812 37.348 37.923 38.54 39.16 39.77 40.383 41.02 41.67 42.302 42.83 43.272 43.715 44.135 44.505 44.842 45.135 45.287 45.335 45.375 45.415 45.455 45.457 45.377 45.25 45.117 45 44.907 44.82 44.717 44.547 44.31 44.062 43.815 43.597 43.395 43.178 42.97 42.795 42.643 42.487 42.325 42.135 41.922 41.707 41.492 41.277 41.045 40.795 40.545 40.295 40.05 39.813 39.59 39.38 39.173 38.968 38.765 38.563 38.373 38.195 38.023 37.88 37.763 37.645 37.528 37.403 37.265 37.132 37.005 36.865 36.71 36.558
36.647 37.183 37.768 38.395 39.015 39.635 40.27 40.92 41.567 42.195 42.74 43.202 43.647 44.072 44.447 44.79 45.107 45.3 45.365 45.405 45.445 45.485 45.52 45.507 45.417 45.29 45.175 45.08 44.99 44.897 44.752 44.532 44.285 44.035 43.838 43.675 43.475 43.263 43.085 42.935 42.777 42.612 42.435 42.235 42.022 41.807 41.575 41.325 41.075 40.833 40.593 40.348 40.103 39.863 39.64 39.433 39.228 39.028 38.838 38.66 38.485 38.308 38.15 38.025 37.91 37.795 37.672 37.537 37.407 37.28 37.14 36.985 36.83
36.473 37.008 37.603 38.25 38.882 39.505 40.14 40.787 41.42 42.03 42.597 43.107 43.57 43.99 44.362 44.697 45.01 45.237 45.362 45.435 45.48 45.52 45.55 45.565 45.535 45.437 45.325 45.228 45.135 45.04 44.912 44.72 44.482 44.238 44.05 43.917 43.76 43.565 43.385 43.227 43.057 42.88 42.702 42.52 42.317 42.105 41.872 41.623 41.383 41.155 40.925 40.68 40.428 40.18 39.955 39.748 39.548 39.36 39.18 39.003 38.825 38.645 38.47 38.318 38.193 38.077 37.947 37.803 37.663 37.532 37.392 37.24 37.103
36.303 36.833 37.428 38.085 38.737 39.372 40.007 40.64 41.25 41.85 42.425 42.97 43.475 43.907 44.27 44.587 44.89 45.13 45.292 45.417 45.502 45.555 45.58 45.592 45.597 45.557 45.47 45.373 45.278 45.18 45.065 44.892 44.67 44.438 44.255 44.125 43.992 43.84 43.675 43.502 43.32 43.14 42.965 42.79 42.605 42.402 42.17 41.93 41.708 41.49 41.257 41.007 40.753 40.503 40.275 40.073 39.888 39.713 39.535 39.355 39.175 38.995 38.815 38.638 38.485 38.357 38.22 38.07 37.923 37.788 37.65 37.513 37.395
36.145 36.665 37.255 37.915 38.572 39.22 39.852 40.465 41.067 41.67 42.247 42.802 43.345 43.807 44.16 44.462 44.76 45.012 45.187 45.335 45.467 45.565 45.612 45.628 45.643 45.645 45.602 45.517 45.42 45.32 45.215 45.055 44.843 44.63 44.463 44.338 44.213 44.087 43.94 43.762 43.58 43.4 43.222 43.047 42.875 42.69 42.475 42.25 42.035 41.82 41.585 41.33 41.075 40.823 40.6 40.415 40.24 40.065 39.885 39.705 39.525 39.342 39.16 38.977 38.8 38.643 38.495 38.345 38.195 38.053 37.925 37.808 37.695
36.002 36.508 37.083 37.74 38.392 39.03 39.65 40.257 40.865 41.47 42.047 42.602 43.157 43.637 43.99 44.285 44.595 44.882 45.077 45.225 45.383 45.545 45.655 45.695 45.713 45.727 45.717 45.662 45.575 45.475 45.372 45.225 45.025 44.83 44.685 44.57 44.45 44.33 44.185 44.012 43.835 43.637 43.45 43.292 43.13 42.955 42.757 42.54 42.325 42.117 41.89 41.637 41.385 41.145 40.94 40.763 40.587 40.41 40.22 40.03 39.85 39.665 39.482 39.305 39.122 38.948 38.79 38.64 38.493 38.358 38.248 38.143 38.03
35.857 36.345 36.91 37.56 38.197 38.812 39.42 40.03 40.64 41.245 41.822 42.377 42.927 43.41 43.767 44.075 44.42 44.747 44.962 45.118 45.308 45.515 45.67 45.757 45.797 45.815 45.815 45.787 45.732 45.642 45.535 45.405 45.225 45.035 44.9 44.797 44.687 44.57 44.427 44.257 44.065 43.833 43.64 43.512 43.372 43.207 43.012 42.798 42.595 42.405 42.182 41.933 41.698 41.485 41.293 41.11 40.93 40.752 40.553 40.34 40.15 39.967 39.788 39.612 39.435 39.26 39.1 38.953 38.818 38.7 38.6 38.505 38.4
35.7 36.18 36.738 37.365 37.98 38.585 39.19 39.8 40.41 41.017 41.597 42.147 42.69 43.18 43.555 43.893 44.267 44.617 44.855 45.038 45.26 45.482 45.647 45.767 45.86 45.902 45.902 45.885 45.857 45.797 45.697 45.577 45.42 45.24 45.105 45.007 44.91 44.805 44.672 44.49 44.26 44.01 43.828 43.712 43.592 43.452 43.267 43.065 42.885 42.702 42.48 42.245 42.035 41.838 41.647 41.462 41.277 41.097 40.895 40.67 40.46 40.27 40.093 39.918 39.743 39.57 39.413 39.278 39.158 39.045 38.947 38.86 38.765
35.532 36.015 36.553 37.15 37.753 38.355 38.96 39.572 40.185 40.792 41.367 41.91 42.45 42.955 43.367 43.738 44.125 44.492 44.767 44.988 45.222 45.45 45.622 45.745 45.867 45.962 45.99 45.975 45.955 45.927 45.857 45.742 45.605 45.445 45.313 45.215 45.117 45.02 44.87 44.647 44.397 44.165 44.005 43.89 43.775 43.652 43.495 43.327 43.172 43.002 42.8 42.59 42.39 42.192 42 41.81 41.62 41.43 41.222 41 40.78 40.578 40.4 40.225 40.05 39.88 39.732 39.612 39.497 39.382 39.282 39.192 39.097
35.353 35.835 36.365 36.953 37.55 38.135 38.723 39.332 39.945 40.552 41.125 41.665 42.207 42.74 43.21 43.615 44.005 44.382 44.7 44.955 45.193 45.425 45.617 45.755 45.88 46.005 46.075 46.077 46.06 46.042 45.987 45.882 45.767 45.637 45.515 45.415 45.312 45.21 45 44.698 44.432 44.233 44.117 44.022 43.907 43.77 43.612 43.465 43.327 43.187 43.015 42.817 42.63 42.477 42.315 42.117 41.922 41.725 41.515 41.295 41.085 40.903 40.733 40.558 40.38 40.195 40.033 39.907 39.792 39.677 39.572 39.477 39.367
35.17 35.65 36.185 36.775 37.355 37.905 38.47 39.075 39.688 40.3 40.875 41.418 41.968 42.522 43.04 43.495 43.905 44.285 44.622 44.91 45.165 45.4 45.612 45.787 45.93 46.055 46.14 46.175 46.175 46.157 46.097 45.995 45.9 45.805 45.702 45.597 45.492 45.36 45.085 44.715 44.413 44.235 44.182 44.125 43.997 43.827 43.648 43.495 43.375 43.265 43.105 42.93 42.805 42.73 42.6 42.395 42.195 41.997 41.79 41.575 41.393 41.245 41.087 40.91 40.717 40.508 40.323 40.178 40.05 39.933 39.827 39.722 39.59
34.993 35.47 36.005 36.577 37.12 37.648 38.21 38.818 39.435 40.05 40.625 41.175 41.738 42.3 42.83 43.322 43.782 44.182 44.522 44.832 45.12 45.37 45.585 45.782 45.962 46.105 46.19 46.24 46.272 46.272 46.21 46.115 46.037 45.965 45.88 45.775 45.67 45.477 45.142 44.76 44.415 44.24 44.24 44.207 44.062 43.87 43.683 43.538 43.447 43.352 43.228 43.125 43.062 43.017 42.892 42.682 42.473 42.272 42.068 41.878 41.73 41.597 41.44 41.247 41.032 40.813 40.628 40.47 40.32 40.19 40.075 39.947 39.8
34.815 35.29 35.805 36.342 36.865 37.388 37.953 38.565 39.185 39.8 40.382 40.945 41.515 42.08 42.61 43.113 43.612 44.062 44.422 44.735 45.042 45.327 45.56 45.758 45.957 46.135 46.235 46.285 46.332 46.36 46.315 46.23 46.157 46.087 46.035 45.96 45.82 45.55 45.172 44.787 44.425 44.265 44.305 44.247 44.067 43.88 43.705 43.582 43.502 43.42 43.355 43.317 43.28 43.247 43.155 42.97 42.76 42.552 42.363 42.202 42.06 41.92 41.752 41.545 41.325 41.112 40.933 40.775 40.615 40.465 40.32 40.165 40.008
34.622 35.097 35.59 36.108 36.63 37.15 37.715 38.33 38.95 39.557 40.142 40.715 41.285 41.852 42.405 42.93 43.438 43.922 44.327 44.655 44.965 45.272 45.545 45.763 45.963 46.147 46.247 46.287 46.332 46.375 46.352 46.27 46.187 46.13 46.152 46.152 45.925 45.517 45.105 44.725 44.433 44.35 44.365 44.212 43.983 43.807 43.665 43.57 43.485 43.415 43.377 43.352 43.33 43.342 43.345 43.222 43.015 42.818 42.64 42.477 42.325 42.172 41.995 41.785 41.573 41.383 41.23 41.085 40.925 40.765 40.6 40.43 40.263
34.42 34.89 35.38 35.893 36.41 36.93 37.495 38.107 38.715 39.305 39.887 40.47 41.045 41.615 42.19 42.755 43.282 43.775 44.212 44.58 44.905 45.215 45.52 45.782 45.995 46.162 46.237 46.26 46.3 46.342 46.322 46.245 46.163 46.143 46.23 46.32 46.027 45.433 44.968 44.668 44.505 44.48 44.397 44.13 43.87 43.695 43.583 43.507 43.425 43.355 43.32 43.3 43.293 43.363 43.49 43.445 43.24 43.068 42.895 42.705 42.54 42.387 42.207 41.998 41.805 41.645 41.512 41.385 41.237 41.08 40.915 40.742 40.56
34.238 34.685 35.175 35.685 36.198 36.713 37.273 37.872 38.46 39.04 39.625 40.215 40.8 41.375 41.95 42.535 43.105 43.622 44.07 44.467 44.83 45.155 45.47 45.77 46.02 46.18 46.235 46.248 46.275 46.31 46.292 46.22 46.143 46.16 46.27 46.252 45.872 45.29 44.9 44.735 44.635 44.56 44.372 44.05 43.77 43.598 43.51 43.44 43.363 43.295 43.263 43.26 43.278 43.393 43.605 43.64 43.48 43.33 43.167 42.965 42.77 42.603 42.423 42.23 42.068 41.923 41.788 41.667 41.542 41.395 41.23 41.047 40.842
34.085 34.498 34.97 35.48 35.99 36.498 37.043 37.623 38.2 38.78 39.365 39.955 40.545 41.13 41.71 42.295 42.882 43.437 43.905 44.312 44.71 45.072 45.402 45.722 46.02 46.197 46.237 46.245 46.26 46.282 46.265 46.195 46.14 46.17 46.14 45.835 45.393 45.055 44.893 44.815 44.727 44.535 44.225 43.9 43.6 43.467 43.44 43.37 43.297 43.235 43.215 43.235 43.285 43.443 43.69 43.802 43.71 43.56 43.41 43.227 43.022 42.83 42.653 42.492 42.345 42.197 42.062 41.942 41.825 41.692 41.527 41.33 41.117
33.895 34.298 34.758 35.265 35.775 36.278 36.81 37.38 37.955 38.533 39.115 39.705 40.298 40.905 41.478 42.035 42.622 43.195 43.68 44.09 44.507 44.907 45.26 45.587 45.907 46.117 46.177 46.195 46.215 46.227 46.217 46.167 46.112 46.012 45.717 45.315 45.025 44.91 44.872 44.82 44.675 44.272 43.822 43.497 43.135 42.967 43.025 43.072 43.117 43.165 43.22 43.293 43.44 43.63 43.797 43.885 43.805 43.662 43.557 43.427 43.245 43.045 42.868 42.72 42.577 42.432 42.297 42.175 42.055 41.93 41.767 41.567 41.362
33.668 34.083 34.545 35.048 35.552 36.05 36.58 37.15 37.722 38.295 38.875 39.468 40.085 40.732 41.292 41.788 42.345 42.922 43.41 43.825 44.26 44.687 45.052 45.377 45.695 45.93 46.025 46.055 46.072 46.052 46.045 46.022 45.882 45.585 45.23 44.995 44.905 44.877 44.847 44.8 44.515 43.9 43.308 42.913 42.478 42.153 42.183 42.345 42.507 42.827 43.23 43.462 43.622 43.76 43.847 43.88 43.798 43.69 43.625 43.545 43.412 43.232 43.058 42.905 42.76 42.62 42.487 42.365 42.245 42.122 41.962 41.765 41.583
