EGM722_Project_Data/DTM_asc/TL4756.asc
ncols         200
nrows         200
xllcorner     547000.000
yllcorner     256000.000
cellsize      5
NODATA_value  -9999.0
[rows 35 to 69 of 200, columns 0 to 78 of 200]
9.227 9.19 9.18 9.212 9.247 9.275 9.287 9.262 9.207 9.145 9.083 9.035 8.995 8.957 8.92 8.882 8.845 8.81 8.778 8.742 8.703 8.673 8.675 8.708 8.755 8.795 8.8 8.772 8.727 8.685 8.67 8.673 8.678 8.688 8.703 8.723 8.755 8.8 8.827 8.815 8.8 8.815 8.848 8.88 8.887 8.872 8.858 8.845 8.835 8.825 8.805 8.772 8.732 8.703 8.725 8.787 8.845 8.882 8.89 8.88 8.875 8.87 8.84 8.785 8.748 8.745 8.752 8.762 8.778 8.798 8.828 8.873 8.945 9.03 9.057 9.032 9.01 9.007 9.025
9.22 9.195 9.193 9.222 9.245 9.257 9.255 9.23 9.192 9.147 9.1 9.062 9.022 8.98 8.942 8.907 8.872 8.835 8.79 8.74 8.698 8.68 8.683 8.698 8.735 8.765 8.76 8.74 8.712 8.673 8.65 8.65 8.65 8.653 8.665 8.693 8.735 8.785 8.82 8.825 8.833 8.86 8.892 8.91 8.897 8.878 8.862 8.848 8.835 8.82 8.802 8.782 8.758 8.743 8.763 8.81 8.86 8.892 8.897 8.89 8.882 8.875 8.837 8.765 8.698 8.67 8.675 8.688 8.72 8.77 8.83 8.88 8.923 8.99 9.017 8.992 8.968 8.968 9
9.213 9.203 9.2 9.207 9.215 9.222 9.217 9.19 9.155 9.122 9.09 9.06 9.022 8.982 8.957 8.932 8.9 8.865 8.815 8.75 8.7 8.69 8.698 8.703 8.723 8.735 8.72 8.7 8.68 8.653 8.635 8.64 8.65 8.66 8.673 8.698 8.713 8.74 8.797 8.842 8.875 8.905 8.927 8.925 8.903 8.88 8.865 8.852 8.837 8.813 8.798 8.795 8.775 8.758 8.778 8.823 8.87 8.9 8.902 8.897 8.89 8.875 8.83 8.755 8.675 8.615 8.613 8.655 8.718 8.793 8.86 8.905 8.932 8.962 8.97 8.947 8.92 8.92 8.958
9.235 9.235 9.21 9.18 9.18 9.19 9.182 9.15 9.118 9.092 9.062 9.03 8.977 8.93 8.947 8.96 8.927 8.892 8.84 8.773 8.73 8.723 8.73 8.735 8.738 8.73 8.71 8.693 8.675 8.655 8.65 8.665 8.685 8.705 8.718 8.732 8.74 8.733 8.743 8.803 8.89 8.942 8.947 8.93 8.907 8.883 8.865 8.855 8.835 8.803 8.785 8.792 8.79 8.775 8.793 8.837 8.882 8.91 8.91 8.902 8.89 8.86 8.802 8.725 8.65 8.603 8.62 8.685 8.755 8.83 8.892 8.92 8.925 8.92 8.915 8.9 8.873 8.875 8.915
9.272 9.285 9.25 9.183 9.15 9.155 9.145 9.113 9.085 9.065 9.035 8.985 8.895 8.835 8.89 8.957 8.952 8.915 8.86 8.81 8.788 8.78 8.783 8.785 8.777 8.76 8.74 8.723 8.705 8.688 8.69 8.712 8.737 8.76 8.765 8.765 8.792 8.805 8.825 8.885 8.96 8.957 8.91 8.915 8.91 8.887 8.868 8.852 8.825 8.79 8.768 8.773 8.79 8.79 8.808 8.852 8.895 8.915 8.905 8.885 8.857 8.817 8.755 8.685 8.645 8.648 8.69 8.75 8.813 8.875 8.9 8.885 8.86 8.843 8.847 8.847 8.828 8.833 8.875
9.282 9.322 9.31 9.23 9.148 9.123 9.11 9.083 9.058 9.035 8.995 8.91 8.79 8.735 8.803 8.907 8.957 8.935 8.893 8.868 8.853 8.843 8.84 8.835 8.82 8.8 8.78 8.76 8.74 8.723 8.725 8.753 8.785 8.812 8.812 8.798 8.818 8.925 9.082 9.127 9.105 8.962 8.833 8.867 8.89 8.887 8.87 8.845 8.813 8.778 8.748 8.748 8.773 8.793 8.823 8.868 8.907 8.915 8.885 8.843 8.803 8.763 8.718 8.69 8.695 8.723 8.77 8.83 8.882 8.917 8.902 8.848 8.79 8.763 8.773 8.785 8.778 8.788 8.845
9.28 9.335 9.347 9.282 9.183 9.113 9.078 9.055 9.03 9 8.932 8.815 8.685 8.638 8.713 8.827 8.922 8.952 8.94 8.93 8.917 8.905 8.895 8.88 8.86 8.84 8.82 8.8 8.777 8.755 8.758 8.79 8.825 8.857 8.86 8.835 8.885 9.057 9.207 9.177 9.057 8.895 8.8 8.828 8.855 8.872 8.865 8.838 8.803 8.768 8.733 8.73 8.763 8.8 8.843 8.887 8.917 8.917 8.887 8.838 8.788 8.745 8.73 8.745 8.765 8.798 8.85 8.897 8.925 8.94 8.925 8.857 8.76 8.713 8.718 8.723 8.723 8.755 8.838
9.28 9.315 9.322 9.282 9.197 9.11 9.053 9.023 8.995 8.965 8.885 8.755 8.64 8.6 8.638 8.713 8.817 8.895 8.912 8.907 8.902 8.91 8.91 8.89 8.87 8.847 8.825 8.805 8.783 8.778 8.788 8.81 8.845 8.88 8.885 8.853 8.878 8.995 9.11 9.075 8.913 8.795 8.775 8.795 8.818 8.85 8.862 8.842 8.813 8.778 8.74 8.735 8.775 8.82 8.865 8.905 8.92 8.917 8.905 8.87 8.818 8.775 8.778 8.81 8.835 8.87 8.912 8.93 8.922 8.907 8.9 8.852 8.75 8.693 8.69 8.688 8.693 8.748 8.845
9.257 9.257 9.25 9.24 9.182 9.103 9.043 8.995 8.958 8.93 8.86 8.74 8.663 8.645 8.645 8.663 8.71 8.775 8.808 8.815 8.84 8.88 8.892 8.868 8.845 8.82 8.795 8.78 8.78 8.808 8.822 8.823 8.845 8.88 8.885 8.847 8.808 8.815 8.91 8.962 8.86 8.748 8.73 8.75 8.783 8.837 8.865 8.85 8.827 8.797 8.763 8.76 8.798 8.843 8.887 8.915 8.917 8.913 8.907 8.892 8.852 8.81 8.818 8.86 8.89 8.892 8.877 8.857 8.822 8.79 8.8 8.807 8.74 8.678 8.67 8.673 8.693 8.76 8.86
9.197 9.183 9.173 9.18 9.157 9.095 9.038 8.985 8.935 8.895 8.83 8.75 8.72 8.72 8.72 8.715 8.708 8.723 8.745 8.773 8.82 8.867 8.875 8.845 8.818 8.79 8.773 8.783 8.815 8.852 8.865 8.855 8.858 8.882 8.882 8.842 8.798 8.753 8.75 8.805 8.78 8.7 8.69 8.72 8.77 8.832 8.86 8.847 8.83 8.807 8.783 8.785 8.823 8.867 8.905 8.917 8.913 8.907 8.903 8.897 8.877 8.845 8.853 8.892 8.91 8.877 8.808 8.73 8.658 8.638 8.675 8.72 8.707 8.663 8.653 8.665 8.7 8.77 8.84
9.123 9.108 9.098 9.113 9.125 9.092 9.038 8.985 8.933 8.88 8.825 8.79 8.78 8.772 8.767 8.757 8.745 8.733 8.743 8.778 8.818 8.855 8.855 8.825 8.795 8.775 8.783 8.82 8.865 8.9 8.91 8.9 8.89 8.892 8.877 8.835 8.79 8.745 8.7 8.685 8.68 8.653 8.66 8.71 8.77 8.83 8.855 8.843 8.827 8.81 8.793 8.8 8.843 8.89 8.912 8.913 8.908 8.903 8.898 8.892 8.885 8.873 8.88 8.905 8.905 8.875 8.802 8.693 8.593 8.568 8.6 8.63 8.643 8.64 8.648 8.668 8.695 8.733 8.755
9.083 9.065 9.058 9.083 9.112 9.102 9.055 9 8.95 8.898 8.855 8.828 8.807 8.795 8.785 8.772 8.757 8.745 8.758 8.792 8.827 8.847 8.835 8.805 8.788 8.8 8.835 8.878 8.92 8.937 8.925 8.907 8.89 8.877 8.865 8.832 8.788 8.743 8.695 8.65 8.625 8.625 8.658 8.713 8.77 8.83 8.855 8.84 8.822 8.805 8.8 8.82 8.86 8.907 8.922 8.913 8.905 8.9 8.895 8.89 8.885 8.883 8.895 8.905 8.892 8.865 8.812 8.72 8.623 8.588 8.6 8.613 8.628 8.65 8.675 8.695 8.705 8.708 8.71
9.08 9.06 9.058 9.085 9.11 9.11 9.08 9.03 8.978 8.938 8.912 8.865 8.825 8.815 8.802 8.785 8.763 8.753 8.773 8.807 8.832 8.837 8.818 8.798 8.813 8.855 8.9 8.942 8.975 8.957 8.9 8.858 8.837 8.828 8.83 8.825 8.792 8.747 8.7 8.658 8.64 8.66 8.705 8.755 8.802 8.84 8.85 8.835 8.815 8.805 8.82 8.85 8.883 8.925 8.94 8.923 8.91 8.903 8.898 8.893 8.888 8.888 8.9 8.9 8.875 8.845 8.81 8.742 8.655 8.623 8.635 8.653 8.678 8.705 8.73 8.742 8.74 8.735 8.735
9.088 9.065 9.065 9.085 9.1 9.105 9.095 9.057 9.008 8.987 8.972 8.912 8.853 8.83 8.815 8.792 8.768 8.763 8.787 8.812 8.82 8.82 8.813 8.823 8.865 8.915 8.962 9 9.01 8.97 8.888 8.81 8.773 8.768 8.775 8.785 8.782 8.752 8.71 8.688 8.703 8.742 8.78 8.81 8.832 8.842 8.84 8.825 8.815 8.828 8.853 8.88 8.91 8.945 8.96 8.942 8.923 8.908 8.9 8.897 8.895 8.895 8.897 8.885 8.855 8.825 8.797 8.752 8.685 8.658 8.675 8.7 8.73 8.762 8.787 8.787 8.773 8.763 8.76
9.1 9.073 9.067 9.08 9.09 9.095 9.097 9.077 9.043 9.02 8.985 8.932 8.878 8.843 8.822 8.798 8.773 8.773 8.792 8.8 8.803 8.808 8.825 8.87 8.927 8.98 9.025 9.042 9.03 8.98 8.892 8.798 8.728 8.71 8.72 8.733 8.748 8.745 8.735 8.745 8.767 8.795 8.812 8.817 8.822 8.827 8.827 8.823 8.832 8.86 8.887 8.912 8.935 8.957 8.97 8.957 8.935 8.915 8.902 8.897 8.895 8.895 8.887 8.865 8.835 8.808 8.783 8.75 8.71 8.7 8.725 8.755 8.785 8.815 8.832 8.825 8.805 8.788 8.773
9.097 9.065 9.045 9.05 9.06 9.067 9.075 9.082 9.07 9.033 8.988 8.945 8.898 8.855 8.828 8.802 8.778 8.775 8.79 8.798 8.805 8.815 8.833 8.88 8.947 9.01 9.05 9.047 9.022 8.967 8.877 8.783 8.72 8.71 8.723 8.738 8.753 8.755 8.76 8.78 8.792 8.795 8.795 8.797 8.802 8.807 8.81 8.81 8.82 8.842 8.867 8.89 8.907 8.932 8.95 8.937 8.915 8.895 8.877 8.867 8.865 8.865 8.867 8.857 8.83 8.803 8.775 8.745 8.72 8.725 8.752 8.78 8.81 8.837 8.847 8.835 8.82 8.833 8.83
9.075 9.027 8.988 8.985 8.998 9.02 9.05 9.085 9.092 9.06 9.02 8.975 8.917 8.863 8.83 8.805 8.788 8.79 8.803 8.815 8.825 8.835 8.838 8.858 8.915 8.98 9.012 9.005 8.98 8.927 8.843 8.768 8.748 8.762 8.778 8.792 8.797 8.78 8.77 8.78 8.785 8.78 8.773 8.773 8.778 8.782 8.782 8.77 8.763 8.773 8.79 8.813 8.843 8.887 8.917 8.9 8.868 8.845 8.828 8.818 8.813 8.81 8.825 8.842 8.832 8.805 8.775 8.745 8.718 8.72 8.745 8.77 8.8 8.83 8.842 8.83 8.838 8.902 8.942
9.035 8.965 8.915 8.92 8.955 9 9.05 9.092 9.112 9.097 9.055 9 8.935 8.87 8.83 8.813 8.81 8.82 8.828 8.837 8.847 8.855 8.855 8.853 8.885 8.93 8.945 8.942 8.93 8.887 8.823 8.79 8.798 8.815 8.832 8.84 8.822 8.79 8.778 8.78 8.777 8.77 8.763 8.758 8.755 8.758 8.752 8.73 8.708 8.703 8.715 8.748 8.798 8.855 8.89 8.87 8.825 8.795 8.78 8.77 8.76 8.755 8.77 8.8 8.817 8.805 8.775 8.745 8.715 8.713 8.735 8.763 8.795 8.825 8.837 8.838 8.883 8.972 9.05
8.972 8.9 8.87 8.898 8.953 9.007 9.06 9.097 9.117 9.117 9.077 9.015 8.95 8.882 8.84 8.832 8.837 8.845 8.85 8.857 8.867 8.872 8.87 8.86 8.865 8.877 8.878 8.875 8.87 8.85 8.83 8.835 8.852 8.867 8.877 8.867 8.835 8.8 8.78 8.775 8.77 8.763 8.758 8.753 8.745 8.743 8.733 8.705 8.675 8.653 8.66 8.705 8.765 8.822 8.86 8.845 8.793 8.755 8.74 8.73 8.72 8.718 8.725 8.745 8.777 8.792 8.775 8.745 8.715 8.708 8.728 8.758 8.792 8.825 8.835 8.863 8.942 9.027 9.095
8.898 8.865 8.863 8.898 8.952 9.007 9.062 9.072 9.06 9.065 9.04 8.985 8.92 8.855 8.82 8.82 8.825 8.832 8.85 8.852 8.847 8.852 8.847 8.835 8.83 8.83 8.825 8.82 8.818 8.815 8.825 8.845 8.862 8.887 8.887 8.855 8.822 8.787 8.76 8.75 8.747 8.755 8.765 8.765 8.76 8.755 8.74 8.71 8.678 8.645 8.645 8.68 8.73 8.787 8.83 8.82 8.773 8.743 8.73 8.723 8.718 8.725 8.71 8.69 8.713 8.74 8.737 8.712 8.693 8.695 8.72 8.752 8.787 8.822 8.852 8.892 8.942 8.982 9.02
8.865 8.868 8.873 8.895 8.945 9 9.05 9.027 8.965 8.953 8.945 8.907 8.848 8.79 8.768 8.773 8.785 8.81 8.845 8.84 8.803 8.795 8.79 8.78 8.785 8.79 8.785 8.78 8.78 8.783 8.795 8.813 8.845 8.885 8.87 8.823 8.788 8.753 8.723 8.71 8.715 8.738 8.767 8.787 8.79 8.785 8.767 8.735 8.7 8.665 8.66 8.683 8.715 8.758 8.8 8.797 8.765 8.753 8.745 8.738 8.748 8.772 8.742 8.675 8.65 8.663 8.665 8.653 8.658 8.68 8.71 8.742 8.775 8.81 8.825 8.825 8.83 8.845 8.89
8.878 8.882 8.885 8.898 8.938 8.992 9.032 8.995 8.903 8.85 8.838 8.82 8.775 8.73 8.723 8.74 8.77 8.81 8.845 8.832 8.778 8.745 8.735 8.735 8.745 8.75 8.747 8.745 8.745 8.75 8.765 8.8 8.867 8.895 8.85 8.798 8.755 8.718 8.685 8.67 8.685 8.715 8.747 8.782 8.805 8.81 8.792 8.757 8.72 8.685 8.683 8.707 8.73 8.753 8.785 8.79 8.773 8.768 8.76 8.765 8.798 8.83 8.797 8.713 8.64 8.605 8.603 8.615 8.64 8.67 8.7 8.73 8.76 8.792 8.765 8.695 8.675 8.71 8.77
8.892 8.895 8.898 8.905 8.933 8.985 9.012 8.96 8.86 8.795 8.773 8.745 8.7 8.68 8.7 8.735 8.775 8.815 8.84 8.817 8.763 8.715 8.698 8.703 8.708 8.71 8.71 8.713 8.715 8.723 8.758 8.828 8.897 8.895 8.833 8.773 8.725 8.685 8.65 8.638 8.658 8.692 8.725 8.757 8.79 8.807 8.8 8.775 8.74 8.708 8.708 8.73 8.747 8.762 8.785 8.805 8.803 8.788 8.785 8.815 8.862 8.89 8.852 8.767 8.68 8.6 8.575 8.6 8.63 8.66 8.69 8.72 8.747 8.772 8.737 8.63 8.57 8.598 8.653
8.905 8.908 8.912 8.915 8.933 8.977 8.99 8.922 8.835 8.79 8.785 8.768 8.715 8.683 8.7 8.743 8.785 8.825 8.84 8.805 8.753 8.715 8.703 8.708 8.705 8.69 8.68 8.685 8.693 8.72 8.788 8.87 8.91 8.88 8.815 8.75 8.698 8.655 8.618 8.605 8.625 8.658 8.69 8.717 8.745 8.762 8.76 8.745 8.725 8.715 8.723 8.737 8.752 8.765 8.788 8.827 8.847 8.833 8.833 8.87 8.92 8.937 8.895 8.815 8.725 8.635 8.583 8.59 8.62 8.65 8.677 8.702 8.725 8.745 8.71 8.608 8.54 8.545 8.585
8.92 8.923 8.925 8.928 8.938 8.972 8.97 8.898 8.838 8.803 8.803 8.835 8.825 8.773 8.745 8.758 8.79 8.83 8.837 8.8 8.763 8.745 8.74 8.74 8.72 8.68 8.66 8.668 8.695 8.753 8.83 8.905 8.915 8.86 8.795 8.73 8.673 8.625 8.598 8.61 8.633 8.638 8.645 8.663 8.69 8.7 8.695 8.698 8.708 8.725 8.735 8.738 8.748 8.763 8.79 8.837 8.882 8.892 8.895 8.925 8.965 8.962 8.91 8.84 8.76 8.675 8.6 8.585 8.615 8.642 8.66 8.675 8.695 8.715 8.682 8.603 8.553 8.543 8.568
8.935 8.938 8.94 8.943 8.945 8.967 8.952 8.893 8.853 8.818 8.798 8.835 8.89 8.89 8.855 8.823 8.813 8.835 8.837 8.808 8.793 8.785 8.777 8.757 8.712 8.663 8.643 8.67 8.73 8.8 8.872 8.925 8.905 8.84 8.778 8.713 8.65 8.6 8.598 8.65 8.695 8.693 8.67 8.663 8.665 8.665 8.675 8.698 8.725 8.75 8.755 8.747 8.748 8.758 8.79 8.843 8.897 8.937 8.962 8.987 9 8.97 8.91 8.845 8.777 8.707 8.628 8.59 8.613 8.642 8.655 8.66 8.67 8.685 8.66 8.608 8.578 8.555 8.558
8.947 8.952 8.955 8.957 8.96 8.965 8.945 8.905 8.87 8.835 8.803 8.818 8.885 8.915 8.897 8.87 8.845 8.847 8.847 8.83 8.822 8.817 8.797 8.752 8.698 8.648 8.643 8.698 8.77 8.842 8.915 8.94 8.898 8.835 8.773 8.708 8.645 8.6 8.615 8.68 8.745 8.775 8.757 8.722 8.685 8.675 8.7 8.725 8.75 8.762 8.755 8.75 8.75 8.758 8.795 8.852 8.908 8.962 9.005 9.027 9.01 8.955 8.897 8.837 8.775 8.715 8.647 8.6 8.613 8.647 8.66 8.66 8.66 8.665 8.653 8.625 8.603 8.578 8.56
8.952 8.955 8.955 8.957 8.96 8.96 8.96 8.942 8.903 8.86 8.82 8.813 8.838 8.85 8.85 8.85 8.852 8.86 8.852 8.835 8.825 8.817 8.785 8.73 8.683 8.65 8.665 8.725 8.795 8.867 8.937 8.952 8.91 8.855 8.79 8.725 8.66 8.613 8.638 8.71 8.777 8.825 8.822 8.78 8.73 8.71 8.73 8.755 8.767 8.747 8.72 8.717 8.723 8.748 8.803 8.865 8.923 8.977 9.02 9.027 8.985 8.92 8.862 8.805 8.747 8.69 8.633 8.595 8.61 8.647 8.662 8.665 8.665 8.665 8.67 8.67 8.648 8.618 8.588
8.937 8.94 8.94 8.94 8.94 8.943 8.967 8.99 8.965 8.918 8.873 8.843 8.825 8.818 8.828 8.84 8.853 8.867 8.857 8.825 8.805 8.792 8.758 8.713 8.688 8.68 8.7 8.75 8.815 8.885 8.945 8.955 8.922 8.877 8.817 8.755 8.668 8.605 8.645 8.732 8.81 8.862 8.862 8.825 8.783 8.753 8.76 8.775 8.755 8.705 8.668 8.663 8.683 8.735 8.807 8.877 8.94 8.995 9.027 9.007 8.942 8.878 8.82 8.76 8.708 8.658 8.605 8.575 8.595 8.637 8.662 8.672 8.675 8.675 8.69 8.715 8.715 8.688 8.653
8.893 8.905 8.915 8.92 8.92 8.92 8.948 9 9.025 9.002 8.958 8.92 8.893 8.87 8.86 8.858 8.86 8.872 8.867 8.833 8.798 8.773 8.745 8.725 8.72 8.72 8.74 8.785 8.84 8.905 8.955 8.955 8.925 8.89 8.842 8.785 8.66 8.583 8.648 8.742 8.832 8.895 8.897 8.865 8.83 8.792 8.78 8.765 8.715 8.655 8.615 8.62 8.668 8.738 8.812 8.885 8.952 9.01 9.022 8.972 8.898 8.833 8.78 8.728 8.68 8.635 8.588 8.56 8.578 8.622 8.655 8.672 8.682 8.685 8.703 8.74 8.77 8.767 8.735
8.86 8.88 8.885 8.88 8.885 8.893 8.925 8.983 9.035 9.06 9.045 9.015 8.987 8.962 8.937 8.915 8.9 8.892 8.88 8.847 8.802 8.763 8.745 8.745 8.747 8.75 8.77 8.817 8.87 8.927 8.965 8.955 8.925 8.895 8.86 8.792 8.635 8.563 8.65 8.745 8.837 8.91 8.917 8.882 8.847 8.81 8.772 8.725 8.665 8.605 8.573 8.6 8.668 8.742 8.815 8.888 8.96 9.015 9.005 8.938 8.865 8.808 8.765 8.72 8.673 8.628 8.583 8.558 8.573 8.613 8.645 8.665 8.683 8.695 8.718 8.755 8.795 8.822 8.802
8.86 8.86 8.835 8.818 8.828 8.86 8.933 9.008 9.06 9.105 9.102 9.057 9.02 8.995 8.972 8.95 8.927 8.905 8.882 8.847 8.8 8.753 8.733 8.735 8.743 8.768 8.795 8.823 8.867 8.925 8.93 8.87 8.822 8.8 8.777 8.702 8.56 8.535 8.637 8.727 8.815 8.895 8.902 8.857 8.822 8.782 8.73 8.67 8.612 8.555 8.54 8.595 8.672 8.745 8.818 8.892 8.965 9.012 8.99 8.92 8.855 8.808 8.777 8.74 8.693 8.648 8.603 8.583 8.6 8.633 8.66 8.68 8.7 8.72 8.748 8.783 8.82 8.852 8.845
8.835 8.805 8.768 8.753 8.77 8.838 8.952 9.06 9.13 9.162 9.137 9.073 9.015 8.97 8.94 8.92 8.9 8.88 8.855 8.822 8.782 8.738 8.71 8.713 8.75 8.802 8.825 8.828 8.848 8.892 8.865 8.748 8.643 8.59 8.57 8.5 8.413 8.455 8.585 8.69 8.78 8.865 8.872 8.818 8.777 8.732 8.675 8.615 8.558 8.5 8.505 8.585 8.67 8.747 8.822 8.895 8.962 9.007 8.985 8.915 8.858 8.813 8.782 8.762 8.727 8.68 8.643 8.635 8.65 8.675 8.7 8.72 8.74 8.76 8.79 8.825 8.847 8.857 8.852
8.775 8.738 8.703 8.685 8.728 8.833 8.96 9.085 9.185 9.22 9.182 9.117 9.05 8.983 8.93 8.89 8.86 8.84 8.815 8.785 8.75 8.713 8.695 8.728 8.8 8.847 8.855 8.855 8.857 8.872 8.817 8.68 8.535 8.418 8.345 8.283 8.265 8.345 8.483 8.617 8.735 8.832 8.847 8.788 8.733 8.68 8.62 8.562 8.505 8.45 8.473 8.565 8.657 8.747 8.825 8.892 8.955 9 8.98 8.915 8.863 8.818 8.778 8.76 8.747 8.713 8.69 8.695 8.705 8.723 8.745 8.763 8.78 8.8 8.822 8.842 8.847 8.843 8.837
8.7 8.67 8.635 8.633 8.713 8.84 8.97 9.097 9.217 9.26 9.212 9.15 9.087 9.022 8.96 8.9 8.847 8.808 8.775 8.745 8.715 8.695 8.713 8.787 8.84 8.842 8.845 8.845 8.842 8.835 8.775 8.648 8.5 8.353 8.243 8.21 8.24 8.318 8.433 8.558 8.68 8.787 8.82 8.765 8.703 8.64 8.568 8.508 8.45 8.41 8.45 8.545 8.64 8.748 8.835 8.89 8.943 8.987 8.972 8.918 8.87 8.823 8.778 8.755 8.755 8.748 8.745 8.755 8.765 8.778 8.795 8.807 8.817 8.825 8.827 8.83 8.83 8.827 8.822
