EGM722_Project_Data/DTM_asc/TL4762.asc
ncols         200
nrows         200
xllcorner     547000.000
yllcorner     262000.000
cellsize      5
NODATA_value  -9999.0
[rows 70 to 104 of 200, columns 79 to 157 of 200]
8.175 8.18 8.187 8.15 8.057 7.952 7.858 7.803 7.778 7.755 7.74 7.73 7.723 7.718 7.71 7.705 7.7 7.698 7.705 7.715 7.722 7.72 7.707 7.663 7.608 7.588 7.585 7.58 7.572 7.56 7.542 7.49 7.4 7.308 7.22 7.125 7.027 6.94 6.85 6.767 6.692 6.615 6.535 6.528 6.618 6.73 6.825 6.85 6.82 6.79 6.768 6.757 6.737 6.7 6.66 6.625 6.6 6.58 6.568 6.565 6.567 6.56 6.532 6.5 6.467 6.435 6.415 6.417 6.435 6.45 6.452 6.427 6.372 6.31 6.247 6.182 6.117 6.052 5.995
8.165 8.168 8.17 8.133 8.038 7.93 7.845 7.798 7.778 7.768 7.765 7.762 7.757 7.75 7.743 7.738 7.733 7.735 7.745 7.755 7.767 7.77 7.752 7.685 7.59 7.528 7.5 7.49 7.477 7.463 7.447 7.4 7.313 7.235 7.177 7.078 6.955 6.86 6.77 6.675 6.585 6.505 6.443 6.473 6.58 6.682 6.767 6.787 6.753 6.728 6.73 6.735 6.715 6.685 6.657 6.638 6.625 6.612 6.6 6.595 6.587 6.547 6.49 6.45 6.42 6.398 6.388 6.393 6.407 6.415 6.41 6.395 6.362 6.307 6.243 6.177 6.113 6.048 6.003
8.158 8.587 8.89 8.43 8.03 7.91 7.83 7.8 7.795 7.795 7.798 7.797 7.79 7.78 7.775 7.77 7.768 7.778 7.79 7.8 7.812 7.817 7.795 7.722 7.62 7.513 7.435 7.403 7.38 7.365 7.35 7.307 7.238 7.188 7.155 7.052 6.9 6.778 6.678 6.578 6.48 6.395 6.368 6.433 6.53 6.615 6.695 6.72 6.688 6.678 6.7 6.712 6.695 6.665 6.648 6.645 6.645 6.64 6.63 6.615 6.575 6.508 6.445 6.408 6.388 6.375 6.365 6.367 6.375 6.37 6.36 6.352 6.34 6.3 6.237 6.172 6.107 6.038 5.998
8.065 9.025 9.779 8.89 8.053 7.913 7.83 7.82 7.825 7.827 7.832 7.83 7.82 7.813 7.807 7.805 7.81 7.822 7.835 7.845 7.855 7.862 7.832 7.742 7.627 7.513 7.425 7.36 7.31 7.283 7.258 7.22 7.18 7.157 7.137 7.045 6.883 6.73 6.598 6.483 6.38 6.293 6.293 6.375 6.46 6.54 6.62 6.647 6.633 6.645 6.675 6.69 6.672 6.645 6.645 6.655 6.655 6.655 6.647 6.617 6.558 6.485 6.423 6.385 6.37 6.358 6.343 6.335 6.33 6.32 6.313 6.308 6.3 6.28 6.232 6.167 6.1 6.03 5.99
7.898 8.772 9.734 9.245 8.298 7.963 7.855 7.838 7.847 7.857 7.865 7.862 7.855 7.847 7.837 7.83 7.832 7.837 7.84 7.842 7.845 7.85 7.822 7.725 7.595 7.503 7.45 7.37 7.285 7.235 7.198 7.163 7.138 7.125 7.107 7.05 6.937 6.788 6.63 6.49 6.365 6.255 6.243 6.315 6.388 6.465 6.545 6.585 6.595 6.62 6.65 6.665 6.648 6.633 6.648 6.662 6.665 6.662 6.645 6.607 6.555 6.49 6.423 6.38 6.363 6.348 6.333 6.318 6.303 6.288 6.278 6.27 6.26 6.25 6.22 6.16 6.093 6.03 5.99
7.8 8.233 9.265 9.654 8.77 8.053 7.883 7.838 7.853 7.872 7.892 7.897 7.892 7.875 7.845 7.817 7.798 7.79 7.785 7.78 7.78 7.782 7.767 7.685 7.57 7.51 7.477 7.397 7.29 7.213 7.165 7.13 7.103 7.082 7.062 7.032 6.982 6.895 6.762 6.607 6.445 6.285 6.245 6.313 6.378 6.445 6.515 6.555 6.57 6.595 6.625 6.64 6.63 6.633 6.655 6.67 6.675 6.665 6.632 6.59 6.547 6.492 6.425 6.38 6.36 6.348 6.342 6.33 6.31 6.29 6.273 6.258 6.243 6.228 6.202 6.152 6.093 6.035 5.993
7.815 7.975 8.823 9.722 9.195 8.258 7.908 7.835 7.858 7.887 7.92 7.93 7.912 7.875 7.827 7.788 7.755 7.733 7.715 7.705 7.71 7.717 7.717 7.652 7.565 7.53 7.502 7.43 7.315 7.208 7.138 7.1 7.068 7.04 7.017 6.985 6.95 6.912 6.842 6.71 6.525 6.335 6.278 6.347 6.417 6.48 6.54 6.57 6.573 6.583 6.605 6.62 6.623 6.638 6.662 6.68 6.68 6.657 6.615 6.57 6.53 6.482 6.425 6.383 6.365 6.36 6.357 6.345 6.325 6.305 6.285 6.265 6.245 6.223 6.195 6.152 6.097 6.043 5.998
7.853 7.988 8.5 9.432 9.462 8.505 7.913 7.828 7.857 7.892 7.925 7.93 7.897 7.85 7.8 7.76 7.73 7.7 7.67 7.65 7.65 7.658 7.665 7.63 7.578 7.552 7.525 7.457 7.347 7.23 7.128 7.07 7.038 7.008 6.978 6.943 6.91 6.875 6.84 6.757 6.592 6.398 6.318 6.373 6.445 6.515 6.58 6.607 6.602 6.598 6.6 6.608 6.622 6.645 6.667 6.685 6.675 6.64 6.595 6.55 6.51 6.467 6.42 6.385 6.378 6.38 6.375 6.36 6.337 6.315 6.292 6.27 6.25 6.222 6.185 6.147 6.102 6.048 6.003
7.883 8.003 8.225 8.857 8.999 8.315 7.883 7.813 7.837 7.87 7.89 7.882 7.852 7.815 7.772 7.735 7.705 7.675 7.645 7.62 7.608 7.608 7.612 7.605 7.59 7.572 7.545 7.485 7.382 7.268 7.153 7.068 7.025 6.995 6.955 6.913 6.878 6.843 6.807 6.757 6.645 6.465 6.365 6.4 6.47 6.542 6.602 6.62 6.615 6.61 6.6 6.6 6.615 6.637 6.662 6.677 6.662 6.625 6.58 6.535 6.495 6.455 6.413 6.388 6.387 6.39 6.385 6.37 6.345 6.32 6.295 6.27 6.247 6.21 6.158 6.125 6.102 6.055 6.008
7.935 8.012 8.028 8.18 8.175 7.958 7.848 7.795 7.81 7.832 7.835 7.82 7.795 7.765 7.732 7.705 7.68 7.65 7.62 7.595 7.575 7.565 7.568 7.567 7.565 7.56 7.547 7.51 7.422 7.31 7.2 7.103 7.035 6.995 6.95 6.893 6.845 6.81 6.775 6.735 6.672 6.532 6.413 6.425 6.497 6.562 6.605 6.615 6.608 6.6 6.59 6.59 6.6 6.615 6.64 6.655 6.64 6.607 6.57 6.53 6.488 6.445 6.405 6.388 6.39 6.385 6.375 6.362 6.342 6.317 6.293 6.27 6.237 6.185 6.128 6.095 6.085 6.057 6.013
7.935 7.927 7.89 7.868 7.848 7.833 7.807 7.775 7.772 7.777 7.772 7.76 7.732 7.697 7.663 7.65 7.647 7.625 7.595 7.57 7.55 7.533 7.525 7.523 7.52 7.517 7.515 7.495 7.432 7.347 7.25 7.15 7.065 7.003 6.95 6.885 6.825 6.783 6.745 6.705 6.665 6.575 6.46 6.45 6.52 6.572 6.602 6.61 6.6 6.59 6.583 6.583 6.59 6.598 6.61 6.62 6.605 6.578 6.55 6.517 6.48 6.44 6.4 6.383 6.382 6.372 6.358 6.345 6.332 6.312 6.29 6.262 6.217 6.16 6.103 6.065 6.053 6.042 6.012
7.88 7.84 7.813 7.8 7.785 7.77 7.76 7.74 7.723 7.718 7.712 7.695 7.66 7.62 7.58 7.57 7.593 7.595 7.572 7.55 7.53 7.51 7.49 7.48 7.477 7.472 7.47 7.447 7.398 7.34 7.267 7.18 7.092 7.012 6.945 6.88 6.815 6.76 6.713 6.67 6.63 6.577 6.495 6.478 6.532 6.572 6.597 6.6 6.59 6.58 6.572 6.572 6.577 6.58 6.585 6.598 6.588 6.558 6.528 6.495 6.463 6.43 6.398 6.375 6.365 6.355 6.34 6.325 6.315 6.303 6.285 6.247 6.193 6.135 6.078 6.038 6.02 6.015 6.002
7.84 7.818 7.798 7.785 7.772 7.755 7.735 7.71 7.685 7.67 7.662 7.64 7.598 7.565 7.55 7.55 7.565 7.568 7.548 7.525 7.502 7.477 7.452 7.435 7.428 7.422 7.42 7.41 7.372 7.315 7.252 7.175 7.09 7.005 6.928 6.862 6.798 6.743 6.698 6.653 6.608 6.562 6.505 6.49 6.52 6.545 6.565 6.565 6.552 6.545 6.542 6.545 6.55 6.553 6.575 6.61 6.61 6.58 6.545 6.51 6.475 6.443 6.408 6.375 6.36 6.348 6.33 6.323 6.323 6.318 6.295 6.238 6.17 6.11 6.055 6.018 6 5.995 5.987
7.828 7.8 7.78 7.768 7.76 7.747 7.73 7.702 7.67 7.64 7.62 7.603 7.583 7.583 7.603 7.622 7.623 7.61 7.57 7.505 7.46 7.433 7.408 7.388 7.378 7.37 7.363 7.367 7.355 7.307 7.24 7.155 7.07 6.985 6.903 6.835 6.775 6.733 6.7 6.655 6.605 6.555 6.505 6.48 6.48 6.488 6.502 6.502 6.493 6.495 6.503 6.507 6.513 6.533 6.588 6.642 6.652 6.63 6.595 6.56 6.525 6.485 6.438 6.395 6.373 6.357 6.325 6.315 6.347 6.365 6.327 6.243 6.158 6.093 6.038 6.003 5.99 5.982 5.97
7.83 7.788 7.76 7.75 7.745 7.737 7.725 7.697 7.662 7.625 7.59 7.578 7.602 7.647 7.685 7.712 7.725 7.712 7.645 7.538 7.45 7.395 7.363 7.343 7.33 7.32 7.31 7.313 7.322 7.297 7.225 7.135 7.05 6.965 6.878 6.808 6.76 6.73 6.7 6.655 6.605 6.555 6.505 6.47 6.453 6.443 6.443 6.443 6.445 6.455 6.465 6.47 6.488 6.54 6.615 6.675 6.69 6.675 6.647 6.612 6.572 6.525 6.473 6.423 6.39 6.37 6.308 6.27 6.35 6.41 6.357 6.258 6.158 6.08 6.023 5.99 5.98 5.967 5.95
7.835 7.785 7.748 7.733 7.728 7.722 7.712 7.687 7.65 7.612 7.575 7.548 7.565 7.62 7.672 7.72 7.792 7.797 7.697 7.582 7.467 7.368 7.32 7.308 7.295 7.288 7.28 7.278 7.292 7.275 7.2 7.112 7.027 6.94 6.85 6.788 6.755 6.727 6.697 6.655 6.605 6.552 6.503 6.47 6.45 6.43 6.415 6.413 6.418 6.423 6.428 6.443 6.49 6.565 6.642 6.705 6.722 6.71 6.695 6.66 6.61 6.56 6.507 6.455 6.415 6.37 6.293 6.285 6.392 6.442 6.375 6.273 6.17 6.078 6.01 5.978 5.965 5.95 5.93
7.82 7.77 7.74 7.725 7.713 7.705 7.697 7.675 7.635 7.597 7.56 7.518 7.493 7.51 7.56 7.63 7.712 7.695 7.575 7.468 7.393 7.338 7.305 7.303 7.3 7.293 7.285 7.283 7.275 7.22 7.13 7.045 6.96 6.87 6.805 6.775 6.75 6.722 6.687 6.637 6.582 6.525 6.49 6.475 6.455 6.435 6.418 6.41 6.41 6.41 6.415 6.445 6.508 6.585 6.662 6.722 6.735 6.717 6.705 6.665 6.607 6.562 6.517 6.47 6.425 6.38 6.33 6.347 6.415 6.43 6.38 6.29 6.19 6.088 6.005 5.965 5.948 5.93 5.91
7.787 7.745 7.733 7.727 7.705 7.69 7.682 7.662 7.623 7.58 7.54 7.5 7.46 7.435 7.45 7.507 7.515 7.448 7.38 7.335 7.323 7.328 7.32 7.315 7.32 7.315 7.307 7.295 7.24 7.135 7.025 6.935 6.85 6.778 6.763 6.765 6.742 6.707 6.652 6.59 6.53 6.488 6.485 6.485 6.463 6.44 6.423 6.415 6.415 6.42 6.438 6.473 6.528 6.6 6.68 6.727 6.722 6.7 6.685 6.637 6.568 6.52 6.48 6.437 6.395 6.365 6.34 6.337 6.355 6.365 6.355 6.297 6.202 6.098 6.008 5.958 5.935 5.915 5.9
7.753 7.725 7.73 7.732 7.71 7.685 7.67 7.648 7.615 7.57 7.52 7.48 7.44 7.4 7.375 7.385 7.37 7.335 7.33 7.335 7.34 7.345 7.342 7.325 7.325 7.332 7.317 7.262 7.162 7.045 6.928 6.828 6.753 6.725 6.747 6.755 6.725 6.67 6.598 6.53 6.48 6.473 6.497 6.497 6.473 6.448 6.428 6.423 6.43 6.448 6.473 6.508 6.558 6.62 6.695 6.727 6.707 6.685 6.667 6.617 6.535 6.47 6.425 6.382 6.34 6.303 6.275 6.278 6.297 6.308 6.307 6.27 6.19 6.097 6.01 5.955 5.927 5.9 5.887
7.723 7.713 7.73 7.737 7.72 7.69 7.665 7.653 7.635 7.568 7.495 7.455 7.415 7.375 7.35 7.35 7.348 7.345 7.35 7.355 7.36 7.365 7.365 7.338 7.325 7.337 7.297 7.195 7.078 6.96 6.84 6.735 6.688 6.705 6.742 6.74 6.685 6.615 6.543 6.478 6.453 6.475 6.51 6.51 6.485 6.46 6.435 6.435 6.457 6.482 6.508 6.545 6.595 6.647 6.702 6.717 6.692 6.67 6.645 6.592 6.512 6.435 6.375 6.327 6.285 6.243 6.208 6.213 6.247 6.27 6.257 6.205 6.132 6.05 5.965 5.9 5.857 5.835 5.835
7.703 7.698 7.725 7.742 7.732 7.713 7.698 7.702 7.677 7.573 7.475 7.425 7.385 7.348 7.358 7.397 7.398 7.38 7.373 7.375 7.38 7.385 7.385 7.355 7.328 7.332 7.28 7.16 7.04 6.925 6.823 6.735 6.693 6.71 6.747 6.727 6.643 6.558 6.485 6.443 6.453 6.487 6.52 6.522 6.498 6.473 6.45 6.448 6.472 6.507 6.542 6.582 6.622 6.66 6.692 6.692 6.667 6.642 6.607 6.55 6.475 6.397 6.322 6.268 6.23 6.185 6.145 6.145 6.18 6.212 6.185 6.103 6.015 5.925 5.84 5.77 5.735 5.738 5.753
7.698 7.67 7.692 7.727 7.745 7.757 7.767 7.772 7.715 7.588 7.47 7.4 7.36 7.345 7.395 7.452 7.462 7.445 7.418 7.403 7.4 7.405 7.405 7.375 7.335 7.325 7.275 7.163 7.058 6.968 6.893 6.825 6.763 6.743 6.765 6.735 6.635 6.533 6.453 6.433 6.465 6.5 6.53 6.535 6.513 6.49 6.473 6.46 6.465 6.5 6.545 6.58 6.607 6.635 6.662 6.66 6.632 6.6 6.555 6.495 6.42 6.335 6.247 6.195 6.165 6.122 6.085 6.073 6.09 6.122 6.1 6.01 5.91 5.813 5.715 5.645 5.635 5.652 5.67
7.702 7.645 7.64 7.677 7.715 7.752 7.787 7.805 7.737 7.605 7.478 7.385 7.345 7.37 7.45 7.505 7.52 7.515 7.488 7.455 7.433 7.428 7.425 7.395 7.353 7.327 7.282 7.202 7.125 7.055 6.99 6.925 6.855 6.8 6.79 6.755 6.658 6.563 6.488 6.463 6.485 6.515 6.545 6.55 6.53 6.513 6.497 6.483 6.47 6.478 6.51 6.542 6.568 6.595 6.625 6.625 6.59 6.545 6.495 6.435 6.36 6.24 6.138 6.115 6.095 6.055 6.025 6.01 6.008 6.025 6.02 5.95 5.85 5.742 5.618 5.538 5.535 5.555 5.575
7.697 7.63 7.6 7.625 7.668 7.713 7.762 7.79 7.737 7.62 7.49 7.375 7.348 7.415 7.505 7.56 7.572 7.575 7.562 7.53 7.495 7.47 7.45 7.417 7.377 7.337 7.282 7.222 7.167 7.11 7.052 6.995 6.937 6.88 6.837 6.785 6.705 6.635 6.57 6.525 6.525 6.545 6.565 6.567 6.55 6.535 6.52 6.505 6.492 6.48 6.485 6.51 6.538 6.563 6.59 6.582 6.535 6.485 6.435 6.377 6.277 6.118 6.025 6.03 6.022 5.993 5.97 5.96 5.95 5.945 5.942 5.89 5.78 5.65 5.505 5.425 5.43 5.45 5.47
7.66 7.603 7.573 7.595 7.648 7.7 7.75 7.765 7.725 7.63 7.5 7.39 7.378 7.457 7.55 7.605 7.617 7.625 7.625 7.6 7.56 7.517 7.475 7.435 7.392 7.335 7.26 7.19 7.14 7.095 7.045 6.995 6.95 6.905 6.855 6.8 6.74 6.68 6.617 6.575 6.57 6.58 6.59 6.587 6.57 6.555 6.542 6.528 6.515 6.5 6.488 6.498 6.525 6.55 6.565 6.522 6.443 6.392 6.357 6.295 6.15 5.985 5.925 5.935 5.94 5.932 5.917 5.905 5.892 5.877 5.867 5.81 5.683 5.535 5.385 5.315 5.335 5.368 5.403
7.608 7.573 7.558 7.58 7.633 7.685 7.732 7.737 7.702 7.63 7.513 7.435 7.43 7.483 7.567 7.62 7.637 7.65 7.657 7.637 7.59 7.54 7.487 7.44 7.39 7.32 7.243 7.168 7.105 7.055 7.005 6.958 6.913 6.868 6.828 6.787 6.732 6.67 6.628 6.615 6.61 6.608 6.617 6.615 6.595 6.578 6.565 6.55 6.535 6.517 6.498 6.503 6.527 6.54 6.532 6.472 6.353 6.258 6.22 6.14 5.973 5.855 5.843 5.858 5.87 5.852 5.82 5.802 5.787 5.775 5.767 5.722 5.605 5.45 5.293 5.233 5.273 5.32 5.373
7.58 7.563 7.55 7.568 7.618 7.67 7.71 7.705 7.667 7.617 7.543 7.5 7.5 7.52 7.575 7.62 7.64 7.655 7.665 7.647 7.6 7.547 7.492 7.437 7.375 7.3 7.225 7.15 7.078 7.018 6.965 6.92 6.878 6.838 6.805 6.77 6.718 6.67 6.663 6.667 6.655 6.643 6.645 6.642 6.625 6.605 6.588 6.57 6.555 6.535 6.505 6.505 6.52 6.51 6.49 6.447 6.322 6.16 6.06 5.943 5.77 5.71 5.765 5.81 5.815 5.745 5.678 5.66 5.65 5.648 5.647 5.64 5.562 5.415 5.255 5.193 5.238 5.293 5.353
7.578 7.56 7.545 7.558 7.605 7.662 7.69 7.67 7.63 7.592 7.565 7.557 7.56 7.565 7.585 7.607 7.62 7.63 7.64 7.622 7.577 7.53 7.485 7.43 7.358 7.28 7.205 7.13 7.055 6.988 6.928 6.88 6.843 6.81 6.78 6.75 6.72 6.708 6.72 6.722 6.707 6.692 6.68 6.67 6.655 6.635 6.612 6.59 6.572 6.55 6.515 6.497 6.49 6.47 6.45 6.425 6.317 6.13 5.963 5.805 5.663 5.64 5.713 5.775 5.76 5.638 5.545 5.53 5.528 5.53 5.532 5.535 5.51 5.44 5.325 5.23 5.23 5.285 5.35
7.6 7.58 7.56 7.563 7.605 7.652 7.657 7.625 7.585 7.558 7.555 7.565 7.572 7.577 7.575 7.57 7.573 7.58 7.587 7.567 7.525 7.49 7.465 7.42 7.345 7.265 7.19 7.118 7.055 6.998 6.925 6.875 6.855 6.835 6.803 6.755 6.74 6.755 6.77 6.765 6.742 6.722 6.7 6.682 6.662 6.64 6.617 6.595 6.57 6.537 6.502 6.475 6.455 6.435 6.415 6.395 6.297 6.115 5.928 5.765 5.668 5.668 5.72 5.762 5.722 5.573 5.453 5.42 5.41 5.403 5.413 5.45 5.505 5.502 5.43 5.35 5.298 5.305 5.36
7.64 7.617 7.59 7.583 7.615 7.635 7.612 7.575 7.543 7.533 7.538 7.545 7.555 7.555 7.543 7.53 7.525 7.528 7.53 7.51 7.475 7.458 7.45 7.41 7.335 7.255 7.185 7.125 7.083 7.052 7.008 6.972 6.942 6.9 6.845 6.773 6.75 6.782 6.81 6.792 6.745 6.713 6.687 6.665 6.642 6.617 6.595 6.572 6.542 6.508 6.475 6.448 6.423 6.4 6.38 6.34 6.24 6.085 5.91 5.77 5.698 5.7 5.747 5.76 5.692 5.543 5.398 5.335 5.318 5.303 5.325 5.41 5.522 5.55 5.5 5.462 5.412 5.373 5.388
7.677 7.65 7.62 7.607 7.612 7.6 7.567 7.533 7.513 7.515 7.522 7.53 7.535 7.525 7.51 7.497 7.485 7.478 7.475 7.458 7.438 7.438 7.437 7.4 7.33 7.263 7.203 7.15 7.115 7.102 7.092 7.062 7.002 6.927 6.853 6.78 6.748 6.79 6.84 6.817 6.755 6.705 6.668 6.638 6.615 6.592 6.567 6.54 6.51 6.48 6.45 6.42 6.39 6.365 6.337 6.267 6.155 6.025 5.888 5.788 5.73 5.73 5.757 5.732 5.655 5.515 5.355 5.27 5.25 5.245 5.288 5.383 5.5 5.585 5.585 5.548 5.512 5.473 5.453
7.69 7.66 7.632 7.615 7.592 7.555 7.52 7.498 7.493 7.497 7.505 7.512 7.51 7.495 7.48 7.465 7.45 7.438 7.428 7.42 7.418 7.422 7.425 7.397 7.342 7.29 7.237 7.185 7.15 7.132 7.115 7.075 7.007 6.933 6.86 6.788 6.74 6.778 6.85 6.845 6.782 6.717 6.66 6.615 6.585 6.562 6.537 6.512 6.483 6.45 6.42 6.39 6.36 6.332 6.282 6.19 6.083 5.973 5.873 5.807 5.76 5.75 5.742 5.69 5.617 5.487 5.323 5.218 5.183 5.198 5.265 5.355 5.465 5.59 5.65 5.632 5.6 5.57 5.54
7.67 7.64 7.625 7.612 7.578 7.533 7.493 7.47 7.47 7.477 7.485 7.485 7.475 7.46 7.445 7.43 7.415 7.4 7.393 7.398 7.403 7.41 7.407 7.357 7.295 7.257 7.22 7.182 7.165 7.15 7.122 7.08 7.012 6.938 6.865 6.793 6.73 6.743 6.815 6.817 6.75 6.682 6.617 6.565 6.535 6.512 6.49 6.482 6.467 6.435 6.403 6.37 6.34 6.307 6.245 6.155 6.063 5.958 5.858 5.805 5.78 5.752 5.71 5.65 5.582 5.46 5.295 5.17 5.125 5.165 5.248 5.335 5.443 5.575 5.687 5.722 5.7 5.675 5.64
7.64 7.623 7.632 7.622 7.573 7.525 7.488 7.46 7.448 7.45 7.46 7.452 7.435 7.42 7.403 7.387 7.373 7.363 7.37 7.382 7.387 7.392 7.38 7.3 7.195 7.143 7.117 7.102 7.125 7.147 7.13 7.085 7.017 6.943 6.868 6.795 6.728 6.703 6.737 6.732 6.665 6.598 6.533 6.488 6.467 6.45 6.43 6.45 6.462 6.43 6.398 6.365 6.332 6.297 6.245 6.167 6.07 5.948 5.833 5.78 5.757 5.717 5.665 5.605 5.545 5.445 5.295 5.153 5.103 5.163 5.258 5.353 5.455 5.575 5.707 5.797 5.807 5.785 5.753
7.623 7.633 7.655 7.635 7.573 7.518 7.48 7.455 7.435 7.425 7.43 7.42 7.395 7.378 7.36 7.343 7.33 7.333 7.35 7.365 7.37 7.367 7.35 7.27 7.138 7.033 6.983 6.988 7.045 7.11 7.13 7.095 7.025 6.948 6.873 6.8 6.735 6.683 6.67 6.647 6.58 6.513 6.45 6.413 6.397 6.382 6.368 6.407 6.447 6.425 6.392 6.36 6.325 6.29 6.252 6.177 6.062 5.932 5.81 5.743 5.692 5.648 5.612 5.555 5.508 5.47 5.38 5.238 5.173 5.223 5.318 5.42 5.518 5.62 5.738 5.842 5.87 5.837 5.862
