EGM722_Project_Data/DTM_asc/TL4754.asc
ncols         200
nrows         200
xllcorner     547000.000
yllcorner     254000.000
cellsize      5
NODATA_value  -9999.0
[rows 64 to 95 of 200, columns 0 to 72 of 200]
16.143 16.155 16.203 16.27 16.327 16.38 16.43 16.472 16.507 16.543 16.583 16.627 16.662 16.682 16.685 16.667 16.638 16.608 16.603 16.62 16.635 16.642 16.638 16.633 16.645 16.665 16.685 16.697 16.697 16.695 16.705 16.717 16.715 16.705 16.7 16.705 16.71 16.703 16.755 16.875 16.997 17.112 17.157 17.14 17.13 17.125 17.105 17.072 17.032 16.985 16.958 16.958 16.98 17.03 17.09 17.147 17.197 17.235 17.28 17.34 17.372 17.357 17.267 17.11 17.298 17.942 18.235 18.015 17.675 17.235 16.91 16.733 16.67
16.19 16.198 16.233 16.285 16.335 16.385 16.435 16.475 16.51 16.545 16.585 16.63 16.672 16.71 16.72 16.7 16.665 16.63 16.625 16.645 16.66 16.667 16.667 16.675 16.695 16.712 16.722 16.727 16.727 16.725 16.727 16.725 16.715 16.705 16.705 16.718 16.728 16.735 16.79 16.893 17.003 17.117 17.165 17.14 17.118 17.105 17.085 17.055 17.02 16.98 16.96 16.963 16.97 16.998 17.045 17.09 17.127 17.16 17.205 17.272 17.34 17.367 17.297 17.16 17.018 16.975 16.926 16.853 16.908 16.93 16.838 16.745 16.745
16.28 16.288 16.308 16.335 16.368 16.4 16.438 16.48 16.52 16.558 16.585 16.615 16.657 16.7 16.73 16.735 16.71 16.675 16.67 16.688 16.697 16.692 16.675 16.67 16.682 16.697 16.705 16.707 16.715 16.727 16.73 16.72 16.71 16.705 16.733 16.77 16.788 16.805 16.858 16.948 17.045 17.14 17.165 17.132 17.107 17.085 17.065 17.04 17.01 16.98 16.965 16.967 16.972 16.978 16.993 17.02 17.053 17.085 17.13 17.198 17.272 17.337 17.315 17.187 17.02 16.843 16.685 16.668 16.827 16.9 16.823 16.798 16.84
16.405 16.42 16.44 16.455 16.47 16.485 16.495 16.51 16.543 16.585 16.6 16.605 16.63 16.665 16.71 16.747 16.755 16.735 16.73 16.737 16.727 16.705 16.673 16.645 16.635 16.645 16.655 16.66 16.678 16.707 16.72 16.713 16.71 16.715 16.765 16.837 16.875 16.893 16.943 17.032 17.117 17.172 17.155 17.098 17.065 17.04 17.03 17.03 17.012 16.985 16.97 16.97 16.97 16.957 16.948 16.958 16.98 17.01 17.055 17.123 17.198 17.277 17.302 17.2 17.028 16.855 16.723 16.69 16.81 16.92 16.913 16.915 16.957
16.54 16.56 16.58 16.595 16.61 16.625 16.617 16.59 16.585 16.615 16.632 16.628 16.628 16.64 16.675 16.722 16.762 16.78 16.78 16.767 16.74 16.71 16.68 16.645 16.615 16.605 16.61 16.628 16.658 16.695 16.712 16.713 16.72 16.73 16.778 16.867 16.942 16.978 17.03 17.107 17.16 17.185 17.15 17.073 17.01 16.97 16.97 16.995 17.002 16.985 16.97 16.965 16.952 16.93 16.915 16.915 16.92 16.938 16.98 17.048 17.13 17.22 17.28 17.21 17.04 16.898 16.815 16.808 16.898 17.002 17.045 17.053 17.075
16.68 16.7 16.717 16.727 16.73 16.73 16.717 16.687 16.665 16.663 16.665 16.663 16.658 16.655 16.665 16.7 16.75 16.792 16.8 16.775 16.745 16.717 16.693 16.663 16.63 16.6 16.598 16.625 16.658 16.692 16.712 16.72 16.73 16.74 16.783 16.873 16.972 17.047 17.105 17.15 17.172 17.182 17.145 17.068 16.99 16.925 16.913 16.938 16.962 16.972 16.965 16.947 16.925 16.903 16.89 16.888 16.883 16.883 16.913 16.983 17.073 17.165 17.247 17.21 17.075 16.985 16.925 16.925 17.015 17.107 17.167 17.185 17.187
16.755 16.78 16.8 16.8 16.785 16.77 16.755 16.735 16.72 16.715 16.713 16.71 16.71 16.712 16.703 16.703 16.74 16.787 16.797 16.77 16.743 16.723 16.712 16.697 16.667 16.633 16.628 16.658 16.69 16.705 16.715 16.732 16.745 16.755 16.798 16.89 16.995 17.092 17.145 17.157 17.17 17.172 17.135 17.062 16.985 16.91 16.883 16.9 16.925 16.95 16.95 16.925 16.9 16.89 16.89 16.885 16.88 16.878 16.9 16.968 17.05 17.13 17.21 17.217 17.153 17.09 17.03 17.043 17.127 17.205 17.28 17.302 17.287
16.768 16.805 16.827 16.817 16.795 16.78 16.765 16.75 16.75 16.773 16.785 16.778 16.775 16.777 16.762 16.735 16.743 16.782 16.79 16.763 16.743 16.733 16.732 16.73 16.71 16.68 16.675 16.702 16.722 16.71 16.71 16.74 16.762 16.775 16.823 16.92 17.027 17.13 17.172 17.163 17.165 17.155 17.112 17.052 16.98 16.903 16.868 16.88 16.903 16.925 16.927 16.905 16.89 16.898 16.905 16.903 16.9 16.903 16.93 16.995 17.07 17.14 17.208 17.25 17.24 17.19 17.13 17.15 17.235 17.313 17.395 17.405 17.365
16.79 16.835 16.855 16.84 16.812 16.793 16.783 16.79 16.815 16.85 16.865 16.855 16.848 16.845 16.827 16.79 16.765 16.778 16.782 16.763 16.753 16.747 16.745 16.745 16.742 16.727 16.722 16.732 16.722 16.698 16.7 16.735 16.77 16.793 16.848 16.95 17.06 17.167 17.21 17.188 17.162 17.125 17.075 17.025 16.967 16.898 16.855 16.86 16.88 16.9 16.905 16.893 16.895 16.912 16.92 16.923 16.925 16.93 16.963 17.028 17.097 17.165 17.23 17.277 17.297 17.282 17.235 17.253 17.343 17.44 17.517 17.505 17.445
16.802 16.855 16.875 16.852 16.818 16.805 16.823 16.858 16.897 16.932 16.945 16.935 16.925 16.915 16.892 16.855 16.815 16.793 16.783 16.77 16.765 16.76 16.755 16.755 16.76 16.76 16.752 16.737 16.71 16.685 16.693 16.728 16.765 16.803 16.868 16.97 17.08 17.19 17.237 17.217 17.157 17.08 17.025 16.977 16.93 16.875 16.838 16.84 16.86 16.88 16.89 16.895 16.91 16.927 16.94 16.95 16.955 16.96 16.995 17.057 17.12 17.182 17.245 17.29 17.32 17.337 17.33 17.37 17.475 17.59 17.645 17.605 17.53
16.777 16.84 16.857 16.825 16.808 16.835 16.88 16.922 16.967 16.997 17.005 16.997 16.985 16.97 16.952 16.927 16.89 16.85 16.81 16.785 16.778 16.77 16.768 16.77 16.775 16.78 16.767 16.74 16.708 16.688 16.708 16.75 16.793 16.84 16.903 16.988 17.09 17.2 17.255 17.237 17.145 17.03 16.965 16.92 16.875 16.838 16.828 16.838 16.855 16.875 16.888 16.9 16.92 16.935 16.95 16.965 16.972 16.98 17.015 17.075 17.137 17.2 17.26 17.302 17.33 17.355 17.383 17.46 17.58 17.685 17.697 17.622 17.535
16.73 16.795 16.81 16.8 16.833 16.89 16.94 16.98 17.012 17.025 17.03 17.032 17.025 17.01 17 16.99 16.962 16.927 16.875 16.823 16.798 16.785 16.785 16.79 16.795 16.8 16.782 16.75 16.728 16.728 16.758 16.805 16.858 16.91 16.963 17.025 17.105 17.205 17.27 17.242 17.12 16.983 16.908 16.863 16.83 16.825 16.84 16.855 16.868 16.885 16.897 16.905 16.92 16.935 16.948 16.96 16.975 16.993 17.03 17.09 17.153 17.217 17.275 17.31 17.335 17.36 17.4 17.495 17.602 17.662 17.64 17.55 17.498
16.675 16.745 16.788 16.828 16.89 16.95 17 17.027 17.035 17.035 17.04 17.052 17.06 17.05 17.04 17.035 17.022 17 16.952 16.888 16.835 16.81 16.808 16.81 16.815 16.817 16.803 16.783 16.78 16.795 16.828 16.872 16.922 16.977 17.03 17.083 17.143 17.22 17.285 17.237 17.085 16.938 16.853 16.82 16.82 16.843 16.862 16.875 16.885 16.898 16.91 16.915 16.923 16.935 16.948 16.963 16.983 17.005 17.048 17.11 17.17 17.232 17.282 17.312 17.337 17.36 17.41 17.492 17.55 17.572 17.55 17.5 17.525
16.623 16.7 16.777 16.857 16.937 17.007 17.047 17.05 17.042 17.04 17.048 17.065 17.082 17.085 17.08 17.075 17.067 17.055 17.015 16.947 16.88 16.85 16.848 16.845 16.845 16.84 16.835 16.84 16.85 16.862 16.892 16.935 16.98 17.032 17.085 17.137 17.195 17.257 17.3 17.222 17.05 16.893 16.813 16.813 16.835 16.865 16.885 16.895 16.905 16.915 16.923 16.928 16.933 16.94 16.955 16.975 16.995 17.018 17.06 17.12 17.177 17.232 17.275 17.305 17.332 17.36 17.4 17.438 17.455 17.468 17.473 17.503 17.59
16.58 16.66 16.745 16.837 16.93 17.002 17.027 17.022 17.017 17.03 17.055 17.073 17.092 17.107 17.107 17.1 17.09 17.08 17.042 16.973 16.923 16.913 16.913 16.907 16.89 16.862 16.852 16.862 16.875 16.885 16.91 16.95 16.997 17.057 17.11 17.16 17.22 17.28 17.295 17.217 17.067 16.893 16.81 16.828 16.855 16.882 16.902 16.915 16.925 16.933 16.94 16.95 16.955 16.96 16.975 16.995 17.015 17.033 17.063 17.112 17.165 17.215 17.255 17.285 17.315 17.347 17.38 17.4 17.41 17.42 17.458 17.548 17.66
16.55 16.62 16.705 16.792 16.867 16.917 16.937 16.94 16.963 17.017 17.06 17.078 17.103 17.125 17.122 17.11 17.1 17.09 17.05 16.995 16.98 16.987 16.987 16.975 16.93 16.87 16.845 16.848 16.855 16.865 16.89 16.938 16.998 17.067 17.12 17.163 17.217 17.267 17.26 17.195 17.097 16.945 16.84 16.84 16.87 16.895 16.915 16.932 16.945 16.95 16.96 16.975 16.983 16.99 17.005 17.022 17.035 17.04 17.058 17.098 17.145 17.195 17.235 17.265 17.295 17.323 17.36 17.4 17.42 17.43 17.49 17.61 17.73
16.555 16.593 16.658 16.73 16.777 16.813 16.835 16.863 16.93 17.012 17.062 17.087 17.117 17.14 17.137 17.125 17.112 17.097 17.07 17.05 17.055 17.062 17.06 17.022 16.945 16.87 16.84 16.84 16.843 16.848 16.878 16.94 17.01 17.082 17.132 17.165 17.212 17.237 17.202 17.135 17.065 16.972 16.878 16.853 16.877 16.9 16.92 16.94 16.96 16.972 16.983 16.997 17.01 17.022 17.035 17.042 17.045 17.045 17.06 17.093 17.13 17.175 17.215 17.245 17.272 17.298 17.333 17.38 17.42 17.44 17.518 17.665 17.797
16.6 16.618 16.638 16.668 16.698 16.728 16.758 16.815 16.902 16.987 17.055 17.095 17.127 17.15 17.15 17.137 17.123 17.115 17.115 17.12 17.13 17.137 17.115 17.042 16.948 16.868 16.835 16.838 16.85 16.873 16.913 16.968 17.028 17.098 17.147 17.175 17.207 17.197 17.14 17.078 17.013 16.95 16.888 16.865 16.885 16.905 16.925 16.945 16.967 16.987 17.002 17.02 17.035 17.047 17.055 17.052 17.05 17.05 17.065 17.095 17.125 17.16 17.195 17.223 17.248 17.275 17.31 17.355 17.405 17.448 17.548 17.71 17.84
16.675 16.695 16.685 16.663 16.673 16.698 16.723 16.77 16.845 16.93 17.012 17.077 17.125 17.152 17.152 17.138 17.135 17.15 17.167 17.18 17.19 17.197 17.152 17.058 16.958 16.868 16.845 16.875 16.915 16.968 17.015 17.055 17.1 17.148 17.185 17.212 17.21 17.167 17.11 17.05 16.99 16.93 16.885 16.88 16.892 16.902 16.92 16.94 16.96 16.982 17.005 17.025 17.04 17.05 17.055 17.05 17.045 17.058 17.085 17.118 17.15 17.175 17.195 17.218 17.243 17.27 17.3 17.338 17.385 17.44 17.555 17.717 17.837
16.765 16.78 16.76 16.71 16.688 16.703 16.718 16.733 16.78 16.86 16.945 17.027 17.102 17.145 17.15 17.15 17.168 17.193 17.215 17.23 17.237 17.24 17.192 17.095 16.995 16.918 16.92 16.978 17.033 17.09 17.14 17.18 17.212 17.232 17.252 17.252 17.207 17.15 17.1 17.045 16.985 16.925 16.893 16.895 16.895 16.888 16.898 16.92 16.94 16.968 16.995 17.015 17.03 17.04 17.045 17.04 17.05 17.09 17.13 17.162 17.19 17.207 17.22 17.235 17.255 17.28 17.305 17.333 17.373 17.425 17.538 17.685 17.8
16.84 16.86 16.83 16.777 16.73 16.715 16.72 16.718 16.73 16.79 16.875 16.96 17.05 17.12 17.157 17.185 17.212 17.24 17.265 17.277 17.28 17.28 17.237 17.15 17.07 17.025 17.043 17.1 17.157 17.212 17.257 17.287 17.305 17.312 17.302 17.255 17.19 17.128 17.075 17.032 16.98 16.925 16.903 16.9 16.89 16.878 16.878 16.898 16.925 16.957 16.985 17.005 17.02 17.03 17.035 17.045 17.083 17.137 17.177 17.202 17.22 17.235 17.25 17.26 17.273 17.293 17.315 17.34 17.37 17.413 17.513 17.637 17.745
16.877 16.91 16.88 16.827 16.77 16.733 16.725 16.72 16.715 16.74 16.805 16.887 16.972 17.055 17.122 17.17 17.21 17.252 17.295 17.315 17.317 17.32 17.29 17.23 17.175 17.145 17.167 17.22 17.27 17.317 17.345 17.352 17.357 17.36 17.325 17.253 17.18 17.108 17.048 17.01 16.97 16.928 16.908 16.898 16.885 16.873 16.863 16.878 16.915 16.95 16.975 16.993 17.008 17.02 17.035 17.073 17.125 17.177 17.215 17.235 17.25 17.265 17.28 17.29 17.298 17.308 17.328 17.353 17.378 17.41 17.485 17.59 17.69
16.847 16.892 16.877 16.82 16.765 16.74 16.74 16.738 16.733 16.735 16.753 16.808 16.89 16.97 17.037 17.09 17.145 17.21 17.282 17.33 17.345 17.35 17.332 17.292 17.25 17.23 17.252 17.295 17.335 17.375 17.39 17.385 17.385 17.385 17.347 17.27 17.19 17.105 17.033 16.988 16.953 16.925 16.913 16.905 16.895 16.883 16.868 16.87 16.9 16.937 16.972 16.997 17.013 17.025 17.048 17.09 17.14 17.19 17.227 17.247 17.262 17.285 17.305 17.315 17.322 17.33 17.348 17.373 17.398 17.425 17.488 17.583 17.675
16.775 16.835 16.837 16.78 16.745 16.75 16.762 16.765 16.765 16.772 16.763 16.76 16.81 16.885 16.95 17.005 17.075 17.155 17.24 17.315 17.355 17.367 17.35 17.313 17.288 17.285 17.3 17.328 17.365 17.405 17.42 17.415 17.415 17.415 17.372 17.29 17.202 17.095 17.01 16.97 16.94 16.92 16.92 16.922 16.915 16.905 16.892 16.88 16.888 16.92 16.965 17.01 17.035 17.048 17.068 17.098 17.135 17.18 17.22 17.243 17.265 17.3 17.325 17.335 17.345 17.355 17.37 17.395 17.42 17.445 17.51 17.602 17.68
16.73 16.773 16.785 16.755 16.75 16.77 16.787 16.798 16.808 16.825 16.815 16.78 16.773 16.81 16.87 16.938 17.02 17.105 17.19 17.275 17.345 17.377 17.363 17.343 17.34 17.343 17.353 17.373 17.4 17.435 17.45 17.445 17.443 17.44 17.395 17.3 17.187 17.058 16.973 16.948 16.927 16.91 16.915 16.927 16.93 16.925 16.915 16.9 16.89 16.908 16.95 17.002 17.045 17.07 17.093 17.118 17.145 17.18 17.215 17.245 17.28 17.32 17.345 17.355 17.368 17.378 17.393 17.418 17.443 17.47 17.53 17.605 17.66
16.73 16.74 16.75 16.755 16.773 16.795 16.812 16.827 16.845 16.867 16.857 16.817 16.783 16.775 16.818 16.893 16.978 17.06 17.145 17.23 17.312 17.367 17.385 17.395 17.4 17.4 17.41 17.43 17.447 17.47 17.48 17.475 17.47 17.46 17.4 17.28 17.145 17.013 16.94 16.925 16.913 16.903 16.908 16.923 16.935 16.94 16.935 16.922 16.908 16.908 16.94 16.99 17.04 17.082 17.115 17.14 17.165 17.192 17.22 17.258 17.3 17.34 17.365 17.377 17.392 17.403 17.418 17.443 17.468 17.495 17.54 17.593 17.64
16.75 16.753 16.76 16.775 16.795 16.807 16.815 16.83 16.85 16.875 16.865 16.82 16.785 16.778 16.805 16.865 16.945 17.028 17.113 17.197 17.27 17.317 17.352 17.382 17.405 17.432 17.457 17.472 17.485 17.495 17.462 17.42 17.412 17.4 17.322 17.185 17.055 16.963 16.925 16.915 16.908 16.905 16.913 16.928 16.94 16.947 16.95 16.945 16.933 16.923 16.945 16.995 17.045 17.087 17.122 17.152 17.177 17.2 17.228 17.268 17.312 17.355 17.382 17.397 17.41 17.423 17.445 17.472 17.495 17.52 17.555 17.6 17.65
16.778 16.777 16.782 16.79 16.795 16.792 16.795 16.81 16.833 16.855 16.842 16.8 16.783 16.798 16.823 16.858 16.92 17.003 17.087 17.165 17.212 17.235 17.26 17.295 17.348 17.427 17.48 17.487 17.495 17.502 17.435 17.323 17.27 17.25 17.172 17.05 16.968 16.938 16.93 16.92 16.915 16.918 16.927 16.94 16.947 16.95 16.955 16.96 16.955 16.945 16.965 17.015 17.055 17.08 17.11 17.15 17.18 17.203 17.235 17.275 17.32 17.365 17.395 17.412 17.425 17.44 17.47 17.502 17.528 17.555 17.588 17.628 17.675
16.797 16.79 16.785 16.778 16.773 16.77 16.775 16.79 16.815 16.835 16.82 16.793 16.8 16.825 16.85 16.875 16.913 16.98 17.055 17.105 17.128 17.143 17.17 17.228 17.318 17.427 17.492 17.5 17.503 17.51 17.442 17.298 17.178 17.108 17.038 16.97 16.948 16.943 16.938 16.933 16.93 16.933 16.94 16.947 16.95 16.95 16.955 16.965 16.97 16.965 16.983 17.022 17.045 17.06 17.093 17.137 17.177 17.207 17.24 17.283 17.33 17.375 17.407 17.427 17.442 17.46 17.49 17.527 17.56 17.59 17.623 17.66 17.7
16.788 16.785 16.78 16.763 16.753 16.75 16.758 16.775 16.798 16.815 16.808 16.805 16.827 16.852 16.877 16.902 16.928 16.968 17.013 17.035 17.05 17.07 17.12 17.215 17.33 17.445 17.507 17.515 17.515 17.517 17.432 17.267 17.107 17.005 16.97 16.955 16.952 16.948 16.945 16.945 16.945 16.945 16.947 16.95 16.95 16.95 16.955 16.965 16.975 16.98 16.993 17.015 17.03 17.045 17.078 17.123 17.168 17.208 17.245 17.29 17.34 17.385 17.42 17.44 17.455 17.478 17.51 17.55 17.587 17.622 17.657 17.695 17.732
16.773 16.783 16.782 16.765 16.748 16.74 16.748 16.765 16.785 16.8 16.81 16.827 16.85 16.875 16.9 16.922 16.948 16.98 17.013 17.033 17.048 17.068 17.138 17.25 17.362 17.46 17.507 17.515 17.515 17.522 17.372 17.12 16.973 16.94 16.96 16.96 16.955 16.953 16.955 16.955 16.955 16.952 16.95 16.95 16.95 16.948 16.955 16.97 16.98 16.99 17 17.015 17.03 17.048 17.083 17.128 17.17 17.21 17.253 17.3 17.35 17.395 17.43 17.452 17.47 17.493 17.525 17.565 17.605 17.64 17.67 17.705 17.742
16.77 16.787 16.787 16.77 16.755 16.763 16.775 16.783 16.8 16.815 16.83 16.848 16.865 16.89 16.915 16.938 16.97 17.015 17.055 17.082 17.1 17.115 17.183 17.295 17.39 17.455 17.495 17.51 17.513 17.53 17.332 16.98 16.855 16.915 16.96 16.96 16.958 16.958 16.96 16.96 16.96 16.955 16.95 16.95 16.947 16.94 16.948 16.972 16.99 17 17.01 17.025 17.045 17.07 17.108 17.15 17.187 17.218 17.255 17.305 17.355 17.402 17.44 17.465 17.485 17.505 17.535 17.575 17.612 17.642 17.668 17.695 17.725
