EGM722_Project_Data/DTM_asc/TL4762.asc
ncols         200
nrows         200
xllcorner     547000.000
yllcorner     262000.000
cellsize      5
NODATA_value  -9999.0
[rows 140 to 174 of 200, columns 79 to 157 of 200]
7.822 7.867 7.877 7.845 7.802 7.76 7.717 7.675 7.645 7.648 7.675 7.655 7.548 7.415 7.298 7.205 7.135 7.073 7.025 6.92 6.793 6.805 6.995 7.155 7.13 7.05 7.003 6.973 6.958 6.955 6.963 6.99 7.025 7.052 7.075 7.075 7.05 7.022 6.985 6.93 6.87 6.807 6.735 6.695 6.708 6.75 6.797 6.8 6.77 6.74 6.733 6.76 6.798 6.82 6.825 6.843 6.862 6.86 6.85 6.88 6.952 7.017 7.05 7.047 7.03 7.015 6.907 6.155 5.318 5.13 5.135 5.14 5.14 5.14 5.145 5.15 5.15 5.15 5.153
7.837 7.89 7.897 7.857 7.815 7.775 7.732 7.698 7.687 7.692 7.69 7.645 7.552 7.447 7.355 7.28 7.212 7.145 7.082 7.023 7 7.038 7.137 7.227 7.195 7.097 7.023 6.99 6.985 6.985 6.995 7.02 7.045 7.065 7.08 7.07 7.04 7.012 6.985 6.945 6.89 6.822 6.745 6.718 6.76 6.827 6.875 6.87 6.843 6.818 6.813 6.838 6.853 6.858 6.863 6.85 6.828 6.81 6.8 6.83 6.905 6.977 7.01 7.002 6.985 6.965 6.725 5.813 5.13 5.133 5.137 5.14 5.14 5.14 5.145 5.15 5.15 5.15 5.155
7.84 7.895 7.902 7.862 7.82 7.78 7.74 7.71 7.695 7.677 7.652 7.6 7.515 7.43 7.37 7.317 7.255 7.192 7.128 7.127 7.197 7.247 7.27 7.272 7.217 7.12 7.04 7.01 7.01 7.01 7.018 7.035 7.055 7.072 7.075 7.055 7.027 7 6.975 6.947 6.905 6.84 6.768 6.765 6.832 6.91 6.952 6.942 6.92 6.9 6.893 6.935 6.975 6.975 6.957 6.91 6.855 6.813 6.773 6.775 6.837 6.907 6.952 6.955 6.935 6.905 6.352 5.475 5.13 5.135 5.14 5.14 5.14 5.14 5.145 5.15 5.15 5.15 5.155
7.837 7.882 7.887 7.855 7.815 7.777 7.74 7.698 7.66 7.633 7.607 7.557 7.475 7.405 7.368 7.325 7.265 7.205 7.148 7.153 7.2 7.227 7.25 7.245 7.185 7.105 7.05 7.03 7.03 7.03 7.035 7.05 7.065 7.07 7.06 7.035 7.007 6.982 6.957 6.933 6.915 6.892 6.85 6.84 6.895 6.972 7.015 7.015 7 6.98 6.97 7.02 7.087 7.102 7.072 7.015 6.945 6.862 6.775 6.723 6.745 6.802 6.86 6.892 6.885 6.835 6.035 5.203 5.13 5.135 5.14 5.14 5.14 5.143 5.147 5.15 5.15 5.15 5.155
7.827 7.862 7.87 7.845 7.808 7.773 7.737 7.69 7.633 7.59 7.562 7.512 7.44 7.393 7.37 7.332 7.275 7.215 7.163 7.15 7.173 7.2 7.227 7.217 7.163 7.11 7.07 7.05 7.05 7.05 7.055 7.062 7.062 7.052 7.035 7.012 6.985 6.96 6.94 6.923 6.93 6.952 6.95 6.933 6.953 7.01 7.052 7.067 7.067 7.057 7.05 7.1 7.187 7.215 7.165 7.082 6.987 6.882 6.778 6.685 6.658 6.695 6.75 6.802 6.825 6.59 5.743 5.13 5.133 5.137 5.14 5.14 5.14 5.145 5.15 5.15 5.15 5.15 5.155
7.81 7.838 7.852 7.837 7.803 7.768 7.733 7.687 7.625 7.563 7.52 7.47 7.418 7.388 7.365 7.335 7.285 7.228 7.18 7.158 7.163 7.183 7.207 7.2 7.157 7.112 7.065 7.043 7.05 7.06 7.065 7.058 7.045 7.03 7.01 6.99 6.97 6.95 6.935 6.925 6.945 6.987 7.007 7.007 7.012 7.037 7.067 7.085 7.097 7.105 7.112 7.165 7.247 7.26 7.19 7.092 6.985 6.878 6.773 6.668 6.595 6.6 6.65 6.703 6.747 6.162 5.345 5.13 5.135 5.14 5.14 5.14 5.14 5.145 5.15 5.15 5.15 5.153 5.157
7.803 7.825 7.847 7.842 7.813 7.778 7.74 7.688 7.62 7.552 7.493 7.443 7.41 7.387 7.363 7.335 7.292 7.243 7.203 7.18 7.175 7.185 7.205 7.197 7.152 7.1 7.055 7.038 7.048 7.065 7.077 7.068 7.048 7.028 7.003 6.98 6.965 6.952 6.938 6.93 6.963 7.022 7.052 7.057 7.05 7.03 7.027 7.042 7.057 7.07 7.11 7.182 7.235 7.215 7.142 7.062 6.975 6.875 6.767 6.663 6.563 6.525 6.56 6.61 6.68 5.935 5.138 5.13 5.135 5.14 5.14 5.14 5.143 5.147 5.15 5.15 5.15 5.155 5.16
7.823 7.83 7.85 7.852 7.832 7.807 7.777 7.712 7.618 7.535 7.465 7.415 7.392 7.377 7.362 7.34 7.302 7.263 7.228 7.205 7.195 7.195 7.21 7.197 7.15 7.105 7.073 7.06 7.065 7.078 7.095 7.097 7.078 7.05 7.015 6.985 6.968 6.955 6.943 6.943 6.988 7.057 7.095 7.095 7.065 7.01 6.965 6.958 6.973 7.04 7.117 7.17 7.187 7.135 7.065 6.995 6.925 6.845 6.755 6.657 6.553 6.473 6.47 6.52 6.477 5.77 5.13 5.133 5.137 5.14 5.14 5.14 5.145 5.15 5.15 5.15 5.15 5.155 5.16
7.865 7.85 7.855 7.857 7.84 7.82 7.792 7.725 7.62 7.522 7.435 7.375 7.355 7.345 7.337 7.322 7.307 7.287 7.253 7.23 7.22 7.212 7.212 7.195 7.158 7.125 7.095 7.083 7.09 7.1 7.113 7.125 7.115 7.077 7.03 6.995 6.975 6.958 6.945 6.958 7.013 7.087 7.132 7.122 7.073 7.01 6.945 6.898 6.938 7.07 7.137 7.142 7.125 7.055 6.985 6.915 6.845 6.775 6.705 6.625 6.537 6.443 6.398 6.47 6.155 5.453 5.13 5.135 5.14 5.14 5.14 5.14 5.145 5.15 5.15 5.15 5.153 5.157 5.16
7.915 7.89 7.87 7.852 7.827 7.8 7.76 7.687 7.592 7.5 7.405 7.335 7.31 7.297 7.265 7.243 7.262 7.28 7.27 7.255 7.242 7.217 7.205 7.2 7.175 7.145 7.115 7.105 7.115 7.125 7.135 7.147 7.142 7.097 7.037 7 6.982 6.965 6.948 6.97 7.035 7.105 7.157 7.155 7.105 7.05 6.995 6.938 7.02 7.12 7.11 7.095 7.045 6.975 6.905 6.835 6.765 6.695 6.625 6.555 6.485 6.405 6.338 6.48 5.967 5.21 5.13 5.135 5.14 5.14 5.14 5.143 5.147 5.15 5.15 5.15 5.155 5.16 5.16
7.962 7.932 7.892 7.84 7.795 7.765 7.715 7.632 7.54 7.453 7.368 7.295 7.258 7.232 7.17 7.143 7.18 7.22 7.235 7.215 7.18 7.153 7.173 7.202 7.192 7.167 7.14 7.128 7.138 7.15 7.16 7.167 7.152 7.095 7.023 6.978 6.957 6.94 6.917 6.92 6.967 7.032 7.097 7.127 7.115 7.1 7.085 7.067 7.12 7.127 7.068 7.027 6.963 6.895 6.825 6.755 6.688 6.628 6.573 6.518 6.463 6.408 6.36 6.39 5.785 5.13 5.133 5.137 5.14 5.14 5.14 5.145 5.15 5.15 5.15 5.15 5.155 5.16 5.16
7.997 7.96 7.917 7.833 7.755 7.725 7.667 7.58 7.493 7.413 7.338 7.265 7.21 7.127 7.053 7.057 7.082 7.1 7.105 7.08 7.05 7.07 7.14 7.19 7.2 7.19 7.165 7.153 7.162 7.175 7.182 7.185 7.155 7.08 6.998 6.938 6.905 6.885 6.855 6.815 6.82 6.88 6.955 7.012 7.035 7.05 7.065 7.082 7.097 7.067 7.018 6.973 6.92 6.868 6.813 6.758 6.705 6.658 6.615 6.575 6.535 6.495 6.48 6.182 5.505 5.13 5.135 5.14 5.14 5.14 5.14 5.145 5.15 5.15 5.15 5.153 5.157 5.16 5.16
8.012 7.977 7.94 7.843 7.735 7.685 7.62 7.533 7.453 7.38 7.31 7.24 7.147 7 6.918 6.935 6.943 6.943 6.943 6.938 6.963 7.035 7.12 7.17 7.19 7.2 7.185 7.175 7.185 7.192 7.195 7.19 7.152 7.075 6.988 6.908 6.858 6.832 6.795 6.733 6.695 6.733 6.807 6.877 6.915 6.93 6.948 6.973 7.007 7.007 6.978 6.952 6.925 6.897 6.87 6.842 6.812 6.772 6.727 6.685 6.645 6.605 6.607 6.002 5.253 5.13 5.135 5.14 5.14 5.14 5.143 5.147 5.15 5.15 5.15 5.155 5.16 5.16 5.16
8.018 7.995 7.96 7.865 7.735 7.645 7.575 7.495 7.42 7.35 7.277 7.205 7.068 6.928 6.89 6.893 6.898 6.903 6.908 6.92 6.97 7.048 7.11 7.147 7.17 7.19 7.197 7.197 7.202 7.205 7.205 7.19 7.147 7.075 6.983 6.89 6.818 6.773 6.733 6.678 6.62 6.61 6.663 6.737 6.787 6.81 6.835 6.87 6.915 6.942 6.937 6.922 6.907 6.892 6.877 6.862 6.845 6.82 6.79 6.76 6.732 6.705 6.592 5.817 5.135 5.13 5.135 5.14 5.14 5.14 5.145 5.15 5.15 5.15 5.15 5.155 5.16 5.16 5.16
8.055 8.035 7.975 7.86 7.725 7.623 7.545 7.463 7.388 7.315 7.242 7.162 7.033 6.953 6.965 6.97 6.975 6.98 6.983 6.998 7.045 7.1 7.112 7.118 7.14 7.16 7.177 7.177 7.19 7.21 7.21 7.187 7.14 7.07 6.978 6.885 6.803 6.745 6.705 6.668 6.628 6.588 6.583 6.615 6.658 6.695 6.735 6.788 6.845 6.887 6.895 6.88 6.863 6.847 6.832 6.818 6.802 6.787 6.772 6.757 6.742 6.73 6.345 5.548 5.13 5.133 5.137 5.14 5.14 5.14 5.145 5.15 5.15 5.15 5.153 5.157 5.16 5.16 5.16
8.125 8.075 7.967 7.835 7.71 7.645 7.585 7.473 7.365 7.278 7.205 7.115 7.038 7.025 7.04 7.047 7.052 7.055 7.055 7.073 7.12 7.14 7.105 7.085 7.102 7.12 7.125 7.113 7.115 7.142 7.172 7.175 7.132 7.062 6.978 6.895 6.82 6.76 6.718 6.688 6.662 6.63 6.595 6.575 6.588 6.63 6.685 6.748 6.808 6.845 6.855 6.845 6.823 6.803 6.788 6.773 6.757 6.743 6.727 6.713 6.7 6.662 6.007 5.258 5.13 5.135 5.14 5.14 5.14 5.14 5.145 5.15 5.15 5.15 5.155 5.16 5.16 5.16 5.16
8.175 8.075 7.945 7.813 7.705 7.685 7.68 7.575 7.428 7.3 7.185 7.1 7.078 7.095 7.112 7.122 7.125 7.125 7.125 7.147 7.17 7.14 7.085 7.058 7.065 7.072 7.065 7.05 7.03 7.025 7.053 7.08 7.082 7.055 6.992 6.92 6.85 6.783 6.735 6.705 6.678 6.652 6.625 6.598 6.595 6.635 6.695 6.755 6.792 6.803 6.812 6.812 6.79 6.765 6.748 6.73 6.713 6.698 6.682 6.668 6.675 6.465 5.685 5.13 5.133 5.137 5.14 5.14 5.14 5.143 5.147 5.15 5.15 5.15 5.155 5.16 5.16 5.16 5.16
8.182 8.052 7.92 7.788 7.708 7.715 7.747 7.702 7.57 7.415 7.258 7.16 7.148 7.165 7.185 7.192 7.19 7.192 7.195 7.197 7.172 7.118 7.065 7.03 7.02 7.015 7.005 6.99 6.97 6.948 6.95 6.985 7.028 7.042 7.007 6.945 6.875 6.805 6.753 6.72 6.693 6.668 6.643 6.63 6.635 6.668 6.725 6.782 6.8 6.78 6.773 6.772 6.757 6.735 6.715 6.693 6.67 6.653 6.638 6.643 6.685 6.167 5.375 5.13 5.135 5.14 5.14 5.14 5.14 5.145 5.15 5.15 5.15 5.153 5.157 5.16 5.16 5.16 5.163
8.16 8.027 7.893 7.768 7.718 7.745 7.785 7.797 7.717 7.565 7.405 7.265 7.213 7.227 7.245 7.247 7.235 7.235 7.24 7.215 7.16 7.105 7.055 7.015 6.995 6.98 6.958 6.935 6.915 6.895 6.915 6.97 7.007 7.015 6.997 6.96 6.9 6.83 6.773 6.735 6.708 6.683 6.668 6.683 6.7 6.715 6.76 6.807 6.807 6.775 6.75 6.738 6.725 6.705 6.685 6.66 6.638 6.623 6.618 6.65 6.557 5.828 5.175 5.13 5.135 5.14 5.14 5.14 5.143 5.147 5.15 5.15 5.15 5.155 5.16 5.16 5.16 5.16 5.165
8.125 8 7.868 7.763 7.743 7.775 7.8 7.817 7.782 7.687 7.555 7.395 7.295 7.283 7.295 7.29 7.27 7.26 7.26 7.23 7.168 7.108 7.055 7.018 6.995 6.965 6.923 6.888 6.868 6.855 6.893 6.955 6.975 6.97 6.962 6.95 6.917 6.86 6.798 6.755 6.725 6.703 6.713 6.755 6.777 6.775 6.8 6.827 6.812 6.778 6.745 6.72 6.7 6.685 6.673 6.658 6.648 6.64 6.64 6.675 6.287 5.5 5.13 5.133 5.137 5.14 5.14 5.14 5.145 5.15 5.15 5.15 5.15 5.155 5.16 5.16 5.16 5.163 5.167
8.083 7.963 7.838 7.76 7.755 7.77 7.772 7.762 7.74 7.705 7.635 7.525 7.403 7.345 7.347 7.335 7.315 7.297 7.285 7.25 7.185 7.117 7.058 7.018 6.985 6.94 6.893 6.85 6.823 6.825 6.88 6.932 6.935 6.925 6.918 6.91 6.897 6.872 6.822 6.773 6.743 6.743 6.783 6.832 6.85 6.84 6.843 6.843 6.823 6.798 6.773 6.748 6.73 6.728 6.725 6.72 6.715 6.697 6.677 6.6 5.947 5.248 5.13 5.135 5.14 5.14 5.14 5.14 5.145 5.15 5.15 5.15 5.153 5.157 5.16 5.16 5.16 5.165 5.17
8.05 7.933 7.825 7.763 7.748 7.745 7.735 7.705 7.67 7.642 7.61 7.56 7.48 7.417 7.395 7.372 7.345 7.317 7.292 7.247 7.182 7.117 7.06 7.015 6.968 6.913 6.865 6.82 6.78 6.795 6.865 6.902 6.895 6.885 6.875 6.865 6.855 6.847 6.825 6.788 6.778 6.813 6.867 6.91 6.92 6.91 6.898 6.883 6.865 6.85 6.835 6.82 6.815 6.82 6.822 6.812 6.79 6.755 6.717 6.39 5.605 5.133 5.135 5.137 5.14 5.14 5.14 5.143 5.147 5.15 5.15 5.15 5.155 5.16 5.16 5.16 5.16 5.165 5.17
8.038 7.933 7.85 7.793 7.76 7.748 7.727 7.675 7.615 7.578 7.547 7.507 7.467 7.43 7.397 7.37 7.337 7.302 7.267 7.217 7.153 7.098 7.063 7.028 6.983 6.935 6.885 6.833 6.78 6.803 6.857 6.86 6.85 6.84 6.83 6.82 6.81 6.8 6.79 6.787 6.82 6.877 6.935 6.977 6.985 6.972 6.957 6.942 6.927 6.912 6.895 6.885 6.885 6.887 6.892 6.877 6.84 6.802 6.715 6.09 5.333 5.135 5.14 5.14 5.14 5.14 5.143 5.147 5.15 5.15 5.15 5.15 5.155 5.16 5.16 5.16 5.163 5.167 5.17
8.04 7.958 7.895 7.84 7.793 7.765 7.735 7.67 7.595 7.533 7.485 7.448 7.415 7.385 7.36 7.337 7.31 7.275 7.235 7.183 7.125 7.093 7.078 7.052 7.017 6.98 6.937 6.89 6.838 6.83 6.835 6.813 6.8 6.79 6.78 6.77 6.76 6.75 6.74 6.745 6.82 6.912 6.97 7.012 7.027 7.025 7.012 6.998 6.983 6.965 6.945 6.935 6.933 6.933 6.937 6.92 6.882 6.832 6.54 5.73 5.153 5.133 5.14 5.14 5.143 5.145 5.147 5.15 5.15 5.15 5.15 5.153 5.157 5.16 5.16 5.16 5.165 5.17 5.17
8.065 8.002 7.947 7.892 7.835 7.79 7.74 7.668 7.595 7.52 7.45 7.405 7.373 7.343 7.318 7.297 7.277 7.247 7.205 7.158 7.125 7.113 7.102 7.077 7.04 7.003 6.967 6.927 6.872 6.815 6.783 6.767 6.755 6.743 6.73 6.72 6.708 6.695 6.685 6.678 6.77 6.912 6.987 7.025 7.045 7.06 7.062 7.055 7.04 7.02 7 6.988 6.983 6.98 6.98 6.962 6.912 6.822 6.235 5.408 5.115 5.13 5.14 5.143 5.147 5.15 5.15 5.15 5.15 5.153 5.155 5.157 5.16 5.16 5.16 5.163 5.167 5.17 5.17
8.077 8.02 7.962 7.905 7.842 7.797 7.745 7.67 7.6 7.525 7.45 7.393 7.35 7.313 7.278 7.253 7.235 7.215 7.185 7.158 7.145 7.137 7.127 7.1 7.062 7.027 6.982 6.922 6.847 6.773 6.733 6.72 6.71 6.697 6.682 6.67 6.657 6.642 6.63 6.62 6.7 6.875 6.995 7.035 7.055 7.075 7.095 7.1 7.087 7.07 7.052 7.04 7.035 7.03 7.025 6.99 6.9 6.675 5.883 5.185 5.115 5.13 5.142 5.147 5.15 5.15 5.15 5.153 5.155 5.157 5.16 5.16 5.16 5.16 5.163 5.167 5.17 5.17 5.17
8.053 7.987 7.925 7.865 7.803 7.782 7.755 7.68 7.607 7.533 7.46 7.4 7.353 7.308 7.27 7.238 7.208 7.188 7.178 7.175 7.17 7.162 7.15 7.122 7.082 7.03 6.962 6.885 6.787 6.713 6.678 6.655 6.645 6.635 6.62 6.605 6.595 6.58 6.57 6.583 6.625 6.765 6.94 7.03 7.065 7.088 7.112 7.122 7.112 7.095 7.077 7.062 7.052 7.05 7.042 6.975 6.855 6.377 5.53 5.105 5.115 5.13 5.145 5.15 5.15 5.15 5.153 5.157 5.16 5.16 5.16 5.16 5.163 5.165 5.167 5.17 5.17 5.17 5.17
8.03 7.943 7.878 7.815 7.763 7.77 7.765 7.692 7.615 7.54 7.47 7.41 7.36 7.313 7.288 7.26 7.215 7.183 7.17 7.175 7.18 7.182 7.175 7.137 7.075 7 6.912 6.805 6.698 6.648 6.615 6.578 6.565 6.552 6.538 6.525 6.515 6.513 6.533 6.577 6.573 6.623 6.8 6.957 7.055 7.102 7.125 7.135 7.125 7.102 7.08 7.06 7.045 7.037 7.02 6.935 6.775 6.027 5.235 5.105 5.115 5.13 5.145 5.15 5.153 5.155 5.157 5.16 5.16 5.16 5.16 5.163 5.167 5.17 5.17 5.17 5.17 5.173 5.175
8.038 7.913 7.833 7.768 7.733 7.762 7.77 7.705 7.625 7.55 7.478 7.415 7.368 7.325 7.31 7.29 7.24 7.195 7.163 7.155 7.162 7.162 7.147 7.105 7.035 6.937 6.815 6.685 6.608 6.595 6.57 6.518 6.485 6.47 6.455 6.448 6.458 6.493 6.545 6.592 6.56 6.52 6.63 6.812 6.967 7.082 7.137 7.147 7.132 7.105 7.08 7.06 7.042 7.01 6.955 6.872 6.555 5.693 5.098 5.105 5.115 5.13 5.145 5.152 5.157 5.16 5.16 5.16 5.16 5.163 5.165 5.167 5.17 5.17 5.17 5.17 5.173 5.177 5.18
8.065 7.91 7.795 7.723 7.71 7.76 7.772 7.715 7.635 7.56 7.485 7.42 7.373 7.343 7.34 7.32 7.27 7.22 7.173 7.148 7.14 7.123 7.098 7.067 6.972 6.817 6.668 6.57 6.545 6.545 6.537 6.483 6.418 6.39 6.385 6.405 6.45 6.51 6.57 6.602 6.555 6.463 6.495 6.65 6.813 6.975 7.102 7.147 7.132 7.105 7.08 7.042 6.987 6.92 6.835 6.732 6.157 5.373 5.108 5.11 5.115 5.13 5.145 5.155 5.16 5.16 5.16 5.16 5.163 5.167 5.17 5.17 5.17 5.17 5.173 5.175 5.177 5.18 5.18
8.09 7.927 7.778 7.688 7.698 7.76 7.78 7.73 7.648 7.568 7.493 7.43 7.383 7.365 7.375 7.355 7.305 7.252 7.198 7.173 7.165 7.145 7.125 7.077 6.912 6.685 6.54 6.495 6.493 6.493 6.5 6.465 6.38 6.338 6.363 6.415 6.475 6.535 6.595 6.612 6.55 6.45 6.403 6.488 6.66 6.845 7.01 7.052 7.015 6.995 6.985 6.975 6.907 6.803 6.705 6.535 5.805 5.155 5.12 5.12 5.118 5.13 5.145 5.155 5.16 5.16 5.163 5.165 5.167 5.17 5.17 5.17 5.173 5.175 5.177 5.18 5.18 5.18 5.18
8.07 7.917 7.768 7.68 7.695 7.757 7.787 7.745 7.662 7.578 7.5 7.438 7.4 7.398 7.41 7.39 7.337 7.28 7.218 7.205 7.225 7.215 7.192 7.09 6.86 6.665 6.595 6.573 6.568 6.58 6.6 6.573 6.485 6.425 6.423 6.45 6.5 6.56 6.62 6.625 6.55 6.45 6.37 6.405 6.575 6.785 6.917 6.877 6.795 6.773 6.783 6.827 6.832 6.797 6.7 6.352 5.59 5.105 5.127 5.13 5.125 5.133 5.145 5.155 5.162 5.165 5.167 5.17 5.17 5.17 5.17 5.173 5.177 5.18 5.18 5.18 5.18 5.18 5.18
8.01 7.888 7.8 7.745 7.728 7.76 7.795 7.757 7.675 7.593 7.513 7.445 7.42 7.43 7.44 7.417 7.36 7.298 7.233 7.223 7.27 7.285 7.235 7.068 6.893 6.873 6.895 6.873 6.85 6.842 6.845 6.807 6.722 6.643 6.588 6.57 6.578 6.6 6.645 6.635 6.563 6.5 6.453 6.438 6.548 6.762 6.83 6.713 6.598 6.555 6.578 6.633 6.688 6.742 6.727 6.375 5.578 5.098 5.125 5.142 5.138 5.138 5.145 5.155 5.165 5.17 5.17 5.17 5.17 5.173 5.175 5.177 5.18 5.18 5.18 5.18 5.18 5.18 5.18
7.98 7.908 7.862 7.83 7.805 7.798 7.807 7.772 7.69 7.607 7.525 7.463 7.442 7.442 7.45 7.442 7.392 7.325 7.258 7.243 7.305 7.345 7.265 7.145 7.145 7.235 7.275 7.232 7.157 7.08 7.027 6.99 6.932 6.867 6.812 6.777 6.747 6.72 6.715 6.69 6.648 6.622 6.597 6.535 6.558 6.707 6.71 6.558 6.415 6.355 6.398 6.47 6.543 6.618 6.692 6.65 5.908 5.168 5.123 5.155 5.15 5.145 5.148 5.155 5.165 5.17 5.17 5.17 5.173 5.177 5.18 5.18 5.18 5.18 5.18 5.18 5.18 5.18 5.18
7.978 7.932 7.885 7.855 7.847 7.835 7.81 7.75 7.662 7.575 7.492 7.442 7.422 7.415 7.432 7.447 7.427 7.375 7.305 7.278 7.335 7.4 7.378 7.367 7.425 7.47 7.455 7.37 7.262 7.165 7.097 7.072 7.047 7.002 6.967 6.945 6.915 6.875 6.835 6.79 6.76 6.745 6.73 6.67 6.613 6.623 6.573 6.458 6.355 6.288 6.313 6.403 6.495 6.588 6.69 6.84 6.595 5.838 5.293 5.165 5.162 5.158 5.155 5.158 5.165 5.17 5.173 5.175 5.177 5.18 5.18 5.18 5.18 5.18 5.18 5.18 5.18 5.18 5.18
