EGM722_Project_Data/DTM_asc/TL4759.asc
ncols         200
nrows         200
xllcorner     547000.000
yllcorner     259000.000
cellsize      5
NODATA_value  -9999.0
[rows 165 to 197 of 200, columns 0 to 73 of 200]
7.662 7.442 7.235 7.12 6.955 6.88 6.892 6.912 6.97 7.063 7.202 7.257 7.112 6.053 5.211 5.882 6.117 5.793 6.33 7.147 7.585 7.787 7.79 7.677 7.54 7.405 7.277 7.155 7.08 7.137 7.173 7.393 7.552 7.355 7.168 7.16 7.327 7.502 7.677 7.812 7.812 7.705 7.658 7.703 7.767 7.83 7.877 7.897 7.897 7.89 7.885 7.92 7.988 8.05 8.115 8.18 8.24 8.29 8.32 8.34 8.36 8.38 8.425 8.502 8.587 8.647 8.665 8.667 8.672 8.672 8.67 8.672 8.678 8.708
7.582 7.288 7.095 7.06 7.032 7.027 7.05 7.08 7.1 7.115 7.125 7.072 6.809 5.641 5.616 6.802 6.919 6.38 5.941 6.43 7.232 7.62 7.712 7.627 7.49 7.35 7.21 7.075 7.075 7.05 7.228 7.582 7.597 7.435 7.26 7.21 7.328 7.5 7.677 7.802 7.79 7.683 7.648 7.702 7.765 7.825 7.875 7.895 7.893 7.888 7.883 7.905 7.963 8.025 8.083 8.135 8.185 8.233 8.268 8.293 8.323 8.36 8.425 8.515 8.602 8.662 8.682 8.687 8.69 8.69 8.687 8.687 8.69 8.693
7.482 7.205 7.1 7.067 7.03 7 7.003 7.03 7.055 7.08 7.04 6.922 6.248 5.571 6.28 7.06 7.065 6.997 6.53 6.073 6.528 7.272 7.547 7.522 7.387 7.247 7.1 6.983 7.092 7.03 7.265 7.68 7.6 7.477 7.328 7.26 7.305 7.425 7.592 7.717 7.74 7.668 7.638 7.695 7.752 7.802 7.845 7.88 7.897 7.897 7.898 7.92 7.97 8.032 8.087 8.133 8.18 8.23 8.263 8.285 8.32 8.358 8.42 8.51 8.585 8.632 8.665 8.682 8.685 8.685 8.68 8.67 8.668 8.672
7.393 7.183 7.108 7.07 7.03 6.99 6.968 6.98 7.005 7.027 6.98 6.87 5.843 5.743 6.839 7.067 7.075 7.08 7.065 6.647 6.183 6.62 7.285 7.397 7.282 7.14 7.003 6.955 7.133 7.3 7.495 7.65 7.58 7.497 7.395 7.345 7.355 7.398 7.508 7.605 7.652 7.635 7.625 7.68 7.725 7.76 7.795 7.84 7.882 7.902 7.91 7.938 7.985 8.04 8.093 8.145 8.207 8.262 8.285 8.295 8.32 8.353 8.415 8.492 8.542 8.575 8.615 8.652 8.67 8.675 8.667 8.653 8.645 8.645
7.335 7.198 7.115 7.07 7.03 6.99 6.953 6.94 6.955 6.972 6.917 6.8 5.953 6.108 7.059 7.073 7.082 7.09 7.105 7.12 6.715 6.261 6.69 7.205 7.175 7.055 7.005 7.055 7.185 7.495 7.697 7.635 7.57 7.508 7.438 7.405 7.412 7.42 7.458 7.513 7.56 7.585 7.608 7.647 7.68 7.71 7.748 7.795 7.845 7.887 7.917 7.955 8.005 8.052 8.105 8.17 8.24 8.295 8.317 8.322 8.333 8.355 8.402 8.452 8.485 8.515 8.555 8.6 8.637 8.66 8.655 8.64 8.628 8.618
7.328 7.223 7.145 7.09 7.04 6.993 6.95 6.918 6.91 6.915 6.867 6.487 6.078 6.533 7.07 7.08 7.09 7.1 7.115 7.13 7.142 6.75 6.331 6.718 7.1 7.083 7.132 7.217 7.263 7.457 7.677 7.67 7.605 7.525 7.453 7.425 7.422 7.43 7.445 7.475 7.515 7.55 7.58 7.61 7.64 7.678 7.715 7.755 7.805 7.855 7.907 7.96 8.01 8.057 8.112 8.18 8.25 8.302 8.325 8.332 8.337 8.352 8.373 8.395 8.425 8.455 8.503 8.557 8.603 8.637 8.642 8.627 8.612 8.597
7.358 7.27 7.2 7.14 7.08 7.023 6.968 6.915 6.88 6.863 6.84 5.913 5.853 6.887 7.077 7.09 7.103 7.115 7.127 7.135 7.13 7.12 6.735 6.376 6.745 7.122 7.187 7.262 7.312 7.318 7.535 7.727 7.645 7.538 7.465 7.435 7.418 7.42 7.438 7.468 7.502 7.53 7.555 7.585 7.623 7.677 7.713 7.728 7.765 7.815 7.875 7.942 8 8.05 8.108 8.175 8.237 8.28 8.3 8.31 8.323 8.345 8.35 8.343 8.363 8.395 8.45 8.522 8.577 8.617 8.627 8.612 8.595 8.575
7.41 7.325 7.252 7.197 7.14 7.08 7.015 6.95 6.893 6.85 6.834 5.796 5.871 7.027 7.085 7.105 7.117 7.13 7.13 7.11 7.075 7.06 7.065 6.695 6.401 6.805 7.142 7.19 7.27 7.14 7.29 7.665 7.65 7.54 7.485 7.455 7.428 7.415 7.43 7.457 7.485 7.51 7.535 7.573 7.628 7.692 7.727 7.728 7.738 7.775 7.838 7.915 7.987 8.042 8.1 8.165 8.215 8.252 8.275 8.288 8.313 8.342 8.342 8.318 8.31 8.335 8.395 8.475 8.547 8.6 8.612 8.595 8.572 8.548
7.387 7.285 7.212 7.187 7.17 7.135 7.072 7 6.925 6.865 6.615 5.97 6.268 7.025 7.09 7.117 7.13 7.127 7.097 7.05 7.01 7.005 7.025 6.997 6.608 6.413 6.857 7.152 7.188 7.14 7.128 7.435 7.622 7.545 7.51 7.48 7.453 7.425 7.42 7.44 7.463 7.488 7.523 7.578 7.642 7.707 7.742 7.742 7.738 7.75 7.803 7.88 7.96 8.03 8.09 8.142 8.185 8.223 8.252 8.277 8.31 8.34 8.337 8.31 8.283 8.29 8.35 8.43 8.51 8.577 8.595 8.573 8.548 8.52
7.262 7.145 7.08 7.085 7.105 7.115 7.092 7.027 6.943 6.877 6.133 5.895 6.677 7.02 7.087 7.122 7.132 7.105 7.05 6.99 6.953 6.955 6.975 6.987 6.89 6.488 6.395 6.892 7.18 7.19 7.143 7.128 7.4 7.617 7.59 7.55 7.492 7.42 7.398 7.427 7.45 7.475 7.52 7.585 7.652 7.72 7.755 7.755 7.753 7.753 7.79 7.863 7.94 8.015 8.077 8.125 8.165 8.203 8.233 8.26 8.295 8.325 8.32 8.29 8.27 8.29 8.355 8.435 8.513 8.58 8.592 8.563 8.535 8.505
7.12 7 6.943 6.955 6.983 7.02 7.04 7.017 6.955 6.889 5.828 5.813 6.902 7.015 7.085 7.125 7.117 7.065 7.005 6.943 6.903 6.905 6.925 6.942 6.94 6.772 6.34 6.348 6.925 7.21 7.232 7 7.245 7.73 7.67 7.59 7.487 7.383 7.365 7.417 7.45 7.475 7.523 7.588 7.655 7.722 7.76 7.767 7.767 7.765 7.8 7.87 7.942 8.005 8.06 8.112 8.155 8.195 8.222 8.24 8.268 8.295 8.292 8.27 8.278 8.33 8.405 8.482 8.55 8.607 8.615 8.575 8.54 8.51
6.972 6.86 6.808 6.83 6.87 6.915 6.942 6.952 6.937 6.735 5.828 5.993 6.922 7.01 7.085 7.112 7.08 7.017 6.955 6.9 6.86 6.853 6.87 6.887 6.902 6.882 6.65 6.196 6.31 6.97 7.292 7.168 7.288 7.64 7.66 7.545 7.43 7.338 7.335 7.395 7.442 7.475 7.525 7.592 7.658 7.72 7.757 7.772 7.78 7.78 7.813 7.877 7.94 7.99 8.04 8.097 8.147 8.19 8.217 8.23 8.245 8.267 8.27 8.273 8.315 8.38 8.452 8.52 8.577 8.632 8.642 8.6 8.555 8.52
6.81 6.715 6.68 6.718 6.765 6.81 6.837 6.852 6.865 6.325 5.855 6.402 6.917 7.005 7.077 7.08 7.027 6.967 6.91 6.863 6.82 6.803 6.815 6.835 6.855 6.862 6.82 6.53 6.088 6.31 7.025 7.31 7.173 7.41 7.692 7.543 7.393 7.295 7.305 7.365 7.423 7.473 7.528 7.595 7.663 7.722 7.755 7.768 7.78 7.79 7.82 7.872 7.925 7.972 8.022 8.08 8.135 8.185 8.215 8.225 8.233 8.245 8.265 8.305 8.365 8.425 8.485 8.542 8.6 8.655 8.667 8.625 8.567 8.52
6.703 6.628 6.615 6.655 6.695 6.722 6.735 6.747 6.76 5.821 5.718 6.715 6.915 7 7.047 7.027 6.972 6.915 6.865 6.82 6.773 6.758 6.775 6.793 6.808 6.825 6.81 6.747 6.435 6.028 6.333 7.02 7.165 7.12 7.465 7.655 7.455 7.318 7.315 7.375 7.433 7.488 7.545 7.61 7.677 7.732 7.76 7.77 7.783 7.795 7.818 7.86 7.907 7.947 7.985 8.035 8.09 8.15 8.197 8.212 8.217 8.225 8.258 8.312 8.37 8.425 8.457 8.492 8.55 8.607 8.635 8.605 8.542 8.483
6.663 6.605 6.607 6.632 6.64 6.632 6.63 6.642 6.56 5.608 5.761 6.82 6.91 6.957 6.96 6.952 6.917 6.863 6.815 6.77 6.72 6.705 6.735 6.762 6.775 6.788 6.795 6.757 6.677 6.362 5.988 6.32 6.97 7.07 7.427 7.792 7.57 7.398 7.37 7.427 7.477 7.523 7.578 7.64 7.695 7.74 7.767 7.783 7.795 7.798 7.81 7.85 7.887 7.9 7.915 7.958 8.018 8.09 8.15 8.18 8.195 8.205 8.233 8.278 8.33 8.385 8.4 8.395 8.428 8.485 8.525 8.525 8.482 8.42
6.628 6.583 6.58 6.575 6.555 6.53 6.525 6.535 6.21 5.68 6.125 6.815 6.872 6.857 6.838 6.855 6.85 6.81 6.762 6.715 6.665 6.645 6.68 6.73 6.757 6.77 6.785 6.785 6.737 6.647 6.31 5.953 6.28 6.902 7.207 7.532 7.66 7.47 7.423 7.473 7.518 7.56 7.61 7.662 7.705 7.742 7.775 7.797 7.802 7.795 7.803 7.83 7.845 7.835 7.835 7.87 7.95 8.037 8.092 8.135 8.165 8.183 8.21 8.25 8.295 8.345 8.36 8.335 8.325 8.36 8.397 8.41 8.402 8.36
6.58 6.535 6.51 6.483 6.458 6.433 6.423 6.422 5.8 5.73 6.522 6.787 6.78 6.73 6.723 6.745 6.762 6.752 6.71 6.66 6.61 6.585 6.615 6.675 6.725 6.755 6.777 6.802 6.807 6.752 6.607 6.235 5.908 6.225 6.625 7.262 7.757 7.56 7.498 7.543 7.59 7.625 7.638 7.66 7.702 7.742 7.78 7.802 7.8 7.79 7.785 7.785 7.78 7.765 7.755 7.795 7.9 7.99 8.038 8.082 8.122 8.152 8.185 8.225 8.265 8.31 8.325 8.3 8.27 8.263 8.273 8.28 8.29 8.282
6.515 6.473 6.438 6.405 6.375 6.345 6.322 6.195 5.401 5.698 6.697 6.707 6.665 6.635 6.645 6.67 6.693 6.702 6.675 6.625 6.575 6.553 6.588 6.65 6.703 6.735 6.76 6.787 6.815 6.795 6.64 6.49 6.19 5.873 6.173 6.87 7.52 7.737 7.657 7.682 7.712 7.715 7.693 7.673 7.683 7.715 7.757 7.777 7.77 7.742 7.695 7.667 7.66 7.65 7.65 7.72 7.85 7.94 7.988 8.033 8.077 8.115 8.163 8.218 8.263 8.307 8.322 8.303 8.275 8.243 8.21 8.198 8.205 8.213
6.453 6.42 6.385 6.348 6.315 6.293 6.242 5.825 5.253 5.853 6.645 6.623 6.598 6.598 6.618 6.64 6.663 6.68 6.66 6.61 6.57 6.568 6.613 6.667 6.7 6.718 6.735 6.76 6.787 6.75 6.62 6.503 6.457 6.165 5.868 6.15 6.905 7.272 7.455 7.78 7.82 7.797 7.772 7.74 7.705 7.69 7.713 7.732 7.705 7.627 7.533 7.488 7.485 7.493 7.518 7.61 7.775 7.895 7.947 7.992 8.032 8.065 8.135 8.225 8.285 8.327 8.342 8.332 8.312 8.28 8.228 8.18 8.168 8.173
6.398 6.365 6.333 6.305 6.29 6.282 6.182 5.458 5.383 6.27 6.592 6.58 6.575 6.58 6.6 6.623 6.647 6.667 6.65 6.61 6.588 6.598 6.637 6.67 6.687 6.702 6.715 6.73 6.752 6.71 6.608 6.523 6.465 6.442 6.167 5.893 6.24 6.72 7.15 7.445 7.34 7.458 7.757 7.825 7.79 7.742 7.7 7.663 7.585 7.468 7.355 7.31 7.325 7.35 7.385 7.49 7.685 7.842 7.912 7.952 7.977 8.003 8.085 8.205 8.295 8.345 8.357 8.352 8.342 8.315 8.262 8.198 8.15 8.14
6.37 6.343 6.303 6.27 6.265 6.245 5.995 5.236 5.585 6.484 6.51 6.53 6.547 6.563 6.585 6.608 6.633 6.655 6.65 6.628 6.613 6.618 6.64 6.658 6.673 6.685 6.695 6.708 6.725 6.697 6.62 6.545 6.475 6.438 6.432 6.172 5.918 6.343 6.927 7.065 6.963 7.13 7.387 7.323 7.418 7.705 7.777 7.68 7.57 7.46 7.355 7.285 7.253 7.238 7.258 7.38 7.59 7.777 7.87 7.895 7.913 7.94 8.025 8.155 8.275 8.352 8.365 8.347 8.327 8.31 8.275 8.212 8.15 8.118
6.38 6.36 6.302 6.233 6.21 6.162 5.67 5.266 5.917 6.467 6.39 6.42 6.505 6.567 6.6 6.623 6.648 6.67 6.675 6.663 6.65 6.648 6.653 6.663 6.675 6.688 6.7 6.713 6.72 6.69 6.63 6.565 6.49 6.44 6.428 6.422 6.172 5.938 6.33 6.837 7.002 7.08 7.073 6.92 7.013 7.305 7.295 7.22 7.485 7.67 7.575 7.467 7.365 7.293 7.253 7.355 7.58 7.75 7.815 7.833 7.85 7.883 7.97 8.1 8.217 8.287 8.287 8.255 8.238 8.252 8.242 8.185 8.133 8.11
6.4 6.38 6.307 6.198 6.15 6.042 5.303 5.42 6.327 6.422 6.35 6.383 6.49 6.595 6.647 6.673 6.695 6.712 6.715 6.705 6.698 6.695 6.695 6.698 6.705 6.718 6.73 6.74 6.717 6.65 6.6 6.57 6.51 6.448 6.423 6.417 6.407 6.155 5.946 6.315 6.745 6.882 6.982 7.015 6.97 6.9 6.783 6.795 7.13 7.302 7.15 7.342 7.557 7.435 7.355 7.455 7.642 7.73 7.75 7.772 7.79 7.828 7.92 8.032 8.11 8.145 8.133 8.113 8.13 8.177 8.185 8.135 8.108 8.118
6.42 6.397 6.31 6.165 6.095 5.822 5.153 5.66 6.502 6.423 6.438 6.493 6.558 6.642 6.7 6.725 6.745 6.76 6.76 6.753 6.75 6.75 6.748 6.745 6.748 6.753 6.76 6.755 6.687 6.578 6.525 6.525 6.505 6.455 6.42 6.412 6.405 6.38 6.128 5.95 6.303 6.665 6.792 6.895 6.89 6.793 6.72 6.725 6.765 6.743 6.678 6.945 7.182 7.322 7.537 7.602 7.662 7.67 7.68 7.705 7.728 7.773 7.85 7.917 7.96 7.987 7.99 8.003 8.045 8.1 8.122 8.103 8.11 8.135
6.44 6.41 6.31 6.148 6.045 5.528 5.3 6.042 6.5 6.518 6.582 6.63 6.665 6.707 6.745 6.77 6.79 6.805 6.807 6.805 6.805 6.805 6.802 6.797 6.795 6.795 6.795 6.752 6.64 6.505 6.44 6.443 6.445 6.432 6.415 6.407 6.402 6.395 6.355 6.1 5.96 6.303 6.612 6.723 6.81 6.772 6.63 6.518 6.488 6.543 6.65 6.73 6.748 6.923 7.39 7.677 7.66 7.623 7.623 7.653 7.683 7.712 7.745 7.78 7.813 7.843 7.87 7.913 7.965 8.017 8.057 8.085 8.12 8.132
6.462 6.41 6.292 6.135 5.917 5.206 5.463 6.425 6.577 6.627 6.675 6.707 6.732 6.757 6.782 6.805 6.82 6.83 6.842 6.85 6.85 6.847 6.837 6.827 6.825 6.822 6.817 6.78 6.67 6.52 6.42 6.398 6.4 6.405 6.407 6.398 6.39 6.387 6.382 6.33 6.075 5.975 6.317 6.605 6.695 6.732 6.652 6.498 6.373 6.37 6.463 6.57 6.69 6.723 6.925 7.415 7.662 7.623 7.615 7.65 7.66 7.645 7.65 7.68 7.71 7.74 7.773 7.818 7.87 7.922 7.972 8.02 8.065 8.072
6.47 6.382 6.25 6.117 5.707 5.181 5.79 6.602 6.647 6.68 6.71 6.74 6.767 6.792 6.815 6.827 6.82 6.818 6.845 6.875 6.885 6.882 6.865 6.843 6.833 6.828 6.825 6.82 6.762 6.63 6.498 6.423 6.403 6.407 6.402 6.385 6.373 6.37 6.37 6.367 6.302 6.048 5.993 6.37 6.645 6.71 6.677 6.54 6.398 6.34 6.375 6.443 6.545 6.687 6.765 7.028 7.48 7.647 7.642 7.65 7.617 7.575 7.575 7.605 7.635 7.665 7.693 7.725 7.765 7.815 7.865 7.91 7.957 7.98
6.463 6.338 6.233 6.122 5.485 5.493 6.32 6.592 6.64 6.698 6.743 6.77 6.8 6.825 6.837 6.827 6.793 6.785 6.823 6.867 6.9 6.912 6.902 6.875 6.848 6.833 6.832 6.835 6.82 6.737 6.615 6.505 6.43 6.413 6.402 6.38 6.36 6.35 6.35 6.342 6.327 6.24 6.003 6.013 6.427 6.715 6.712 6.595 6.445 6.35 6.353 6.385 6.418 6.52 6.7 6.868 7.17 7.527 7.64 7.605 7.555 7.508 7.5 7.53 7.56 7.59 7.618 7.645 7.675 7.713 7.758 7.805 7.855 7.89
6.493 6.365 6.3 6.052 5.413 5.82 6.597 6.568 6.628 6.73 6.795 6.815 6.838 6.85 6.835 6.8 6.758 6.755 6.798 6.843 6.887 6.922 6.932 6.915 6.88 6.848 6.838 6.842 6.845 6.815 6.73 6.617 6.51 6.44 6.405 6.38 6.358 6.338 6.313 6.278 6.243 6.215 6.182 5.995 6.045 6.497 6.735 6.657 6.503 6.368 6.32 6.328 6.325 6.375 6.535 6.76 6.945 7.223 7.507 7.557 7.503 7.448 7.433 7.46 7.49 7.52 7.55 7.578 7.605 7.635 7.673 7.715 7.758 7.797
6.573 6.48 6.407 5.875 5.623 6.247 6.597 6.578 6.67 6.795 6.862 6.877 6.887 6.872 6.83 6.78 6.735 6.735 6.78 6.828 6.872 6.912 6.935 6.927 6.895 6.855 6.838 6.845 6.85 6.845 6.785 6.677 6.57 6.468 6.413 6.395 6.373 6.345 6.293 6.228 6.17 6.115 6.18 6.21 5.998 6.093 6.55 6.715 6.592 6.438 6.34 6.315 6.308 6.318 6.415 6.61 6.8 6.95 7.208 7.452 7.48 7.42 7.385 7.393 7.42 7.45 7.485 7.52 7.55 7.58 7.613 7.648 7.685 7.727
6.673 6.592 6.395 5.651 5.84 6.615 6.598 6.63 6.74 6.86 6.927 6.937 6.927 6.89 6.84 6.788 6.74 6.738 6.778 6.825 6.862 6.885 6.9 6.902 6.882 6.848 6.833 6.84 6.847 6.845 6.787 6.682 6.572 6.468 6.423 6.417 6.397 6.365 6.307 6.233 6.163 6.108 6.125 6.247 6.235 6 6.14 6.592 6.697 6.553 6.433 6.37 6.345 6.34 6.373 6.495 6.692 6.843 6.95 7.175 7.392 7.42 7.365 7.34 7.355 7.385 7.42 7.46 7.495 7.525 7.558 7.598 7.643 7.69
6.775 6.672 6.24 5.72 6.188 6.702 6.62 6.703 6.815 6.927 6.99 6.982 6.948 6.903 6.855 6.808 6.765 6.753 6.78 6.815 6.832 6.837 6.845 6.857 6.862 6.842 6.828 6.835 6.845 6.847 6.792 6.682 6.565 6.463 6.425 6.43 6.42 6.385 6.323 6.26 6.215 6.185 6.173 6.208 6.317 6.26 6.003 6.188 6.625 6.67 6.543 6.46 6.405 6.383 6.39 6.445 6.588 6.785 6.9 6.948 7.128 7.332 7.357 7.315 7.305 7.32 7.355 7.397 7.437 7.47 7.508 7.555 7.605 7.655
6.865 6.702 5.903 5.898 6.682 6.697 6.67 6.777 6.89 7 7.045 7.018 6.978 6.935 6.89 6.845 6.803 6.768 6.765 6.778 6.783 6.785 6.79 6.805 6.823 6.823 6.82 6.83 6.84 6.847 6.792 6.675 6.555 6.458 6.425 6.435 6.437 6.412 6.365 6.328 6.3 6.275 6.258 6.26 6.295 6.385 6.285 6.008 6.228 6.632 6.655 6.57 6.498 6.44 6.43 6.455 6.533 6.69 6.872 6.942 6.938 7.083 7.267 7.305 7.278 7.265 7.288 7.333 7.378 7.42 7.465 7.515 7.568 7.62
