EGM722_Project_Data/DTM_asc/TL4761.asc
ncols         200
nrows         200
xllcorner     547000.000
yllcorner     261000.000
cellsize      5
NODATA_value  -9999.0
[rows 105 to 139 of 200, columns 80 to 159 of 200]
7.162 7.095 6.993 6.965 7.032 7.087 7.07 6.987 6.88 6.8 6.77 6.76 6.758 6.76 6.803 6.892 6.98 7.048 7.123 7.235 7.365 7.185 6.658 7.053 7.669 7.518 7.448 7.495 7.553 7.625 7.7 7.745 7.522 6.963 6.498 6.378 6.75 7.36 7.697 7.76 7.72 7.677 7.587 7.427 7.28 7.2 7.168 7.158 7.155 7.15 7.143 7.128 7.103 7.08 6.96 6.79 6.673 6.75 7.038 7.347 7.667 7.84 7.855 7.86 7.86 7.86 7.86 7.86 7.86 7.86 7.835 7.327 6.728 6.625 6.652 6.675 6.68 6.685 6.713 6.785
7.117 7.02 6.93 6.867 6.882 6.94 6.942 6.867 6.793 6.778 6.785 6.775 6.745 6.715 6.743 6.833 6.938 7.038 7.148 7.275 7.277 6.578 6.631 7.495 7.58 7.415 7.36 7.403 7.448 7.503 7.57 7.642 7.717 7.694 7.402 6.773 6.348 6.418 6.85 7.442 7.737 7.755 7.702 7.595 7.445 7.343 7.308 7.293 7.278 7.253 7.22 7.188 7.158 7.127 7.04 6.9 6.76 6.665 6.625 6.753 7.043 7.352 7.675 7.842 7.855 7.86 7.86 7.86 7.86 7.852 7.667 7.038 6.61 6.65 6.677 6.7 6.722 6.74 6.75 6.725
7.045 6.917 6.77 6.465 6.193 6.252 6.557 6.747 6.77 6.8 6.825 6.837 6.815 6.758 6.748 6.825 6.94 7.06 7.185 7.327 6.94 6.413 7.04 7.642 7.47 7.34 7.313 7.35 7.395 7.445 7.478 7.52 7.593 7.667 7.74 7.644 7.285 6.67 6.281 6.496 6.99 7.52 7.77 7.725 7.605 7.495 7.46 7.442 7.415 7.375 7.332 7.292 7.25 7.207 7.117 6.98 6.84 6.735 6.69 6.663 6.628 6.755 7.058 7.372 7.682 7.842 7.85 7.852 7.852 7.832 7.347 6.745 6.635 6.677 6.705 6.722 6.737 6.742 6.725 6.68
6.967 6.742 6.15 5.515 5.253 5.295 5.603 6.057 6.54 6.79 6.842 6.88 6.897 6.87 6.845 6.888 6.98 7.095 7.232 7.185 6.618 6.835 7.554 7.527 7.375 7.278 7.27 7.323 7.385 7.45 7.463 7.453 7.49 7.555 7.625 7.697 7.77 7.599 7.13 6.571 6.258 6.576 7.14 7.584 7.75 7.657 7.607 7.58 7.535 7.48 7.422 7.37 7.33 7.292 7.2 7.06 6.92 6.803 6.748 6.727 6.7 6.665 6.638 6.77 7.078 7.402 7.692 7.83 7.832 7.667 7.043 6.605 6.655 6.7 6.722 6.727 6.73 6.725 6.693 6.65
6.89 6.367 5.423 4.921 4.92 4.92 4.925 5.16 5.65 6.162 6.607 6.83 6.89 6.935 6.96 6.99 7.047 7.145 7.31 6.748 6.551 7.345 7.585 7.423 7.298 7.23 7.245 7.315 7.385 7.455 7.482 7.455 7.44 7.468 7.518 7.57 7.62 7.665 7.672 7.452 6.935 6.448 6.248 6.638 7.265 7.617 7.732 7.68 7.617 7.55 7.48 7.415 7.377 7.352 7.265 7.125 6.985 6.855 6.793 6.782 6.765 6.737 6.7 6.66 6.65 6.8 7.105 7.425 7.687 7.342 6.748 6.628 6.672 6.715 6.727 6.715 6.71 6.702 6.675 6.645
6.71 5.86 5.055 4.92 4.92 4.917 4.913 4.908 4.953 5.228 5.723 6.24 6.65 6.855 6.93 6.982 7.045 7.195 7.12 6.536 6.9 7.612 7.483 7.348 7.255 7.213 7.238 7.305 7.377 7.447 7.48 7.46 7.423 7.413 7.435 7.448 7.44 7.448 7.478 7.575 7.599 7.315 6.735 6.321 6.316 6.765 7.357 7.632 7.67 7.6 7.53 7.46 7.408 7.38 7.297 7.152 7.01 6.878 6.813 6.807 6.802 6.79 6.762 6.725 6.688 6.65 6.653 6.82 7.067 6.875 6.603 6.645 6.685 6.722 6.732 6.715 6.7 6.682 6.657 6.637
6.33 5.385 4.92 4.92 4.917 4.912 4.907 4.903 4.9 4.895 4.98 5.295 5.793 6.315 6.685 6.842 6.995 7.272 6.688 6.603 7.449 7.557 7.413 7.305 7.25 7.228 7.235 7.285 7.36 7.422 7.44 7.42 7.385 7.373 7.412 7.435 7.403 7.373 7.375 7.44 7.535 7.575 7.497 7.165 6.605 6.276 6.421 6.898 7.395 7.6 7.58 7.51 7.445 7.402 7.32 7.168 7.015 6.883 6.818 6.815 6.815 6.812 6.797 6.77 6.737 6.7 6.663 6.625 6.59 6.585 6.613 6.65 6.69 6.727 6.742 6.73 6.702 6.665 6.632 6.61
5.835 5.043 4.92 4.917 4.912 4.907 4.903 4.9 4.897 4.892 4.885 4.875 5.005 5.365 5.865 6.45 6.947 7.182 6.53 6.78 7.649 7.495 7.363 7.288 7.265 7.253 7.245 7.275 7.335 7.377 7.38 7.36 7.335 7.33 7.395 7.475 7.487 7.46 7.44 7.448 7.488 7.515 7.52 7.53 7.395 7 6.523 6.263 6.488 6.99 7.412 7.56 7.49 7.435 7.355 7.202 7.03 6.888 6.825 6.822 6.82 6.82 6.812 6.795 6.772 6.74 6.705 6.662 6.61 6.593 6.618 6.655 6.695 6.732 6.752 6.74 6.697 6.643 6.598 6.575
5.36 4.92 4.917 4.912 4.907 4.903 4.9 4.897 4.892 4.887 4.883 4.877 4.873 4.865 5.033 5.73 6.655 6.91 6.563 7.03 7.615 7.448 7.335 7.3 7.29 7.28 7.268 7.273 7.305 7.335 7.335 7.313 7.29 7.29 7.353 7.455 7.525 7.542 7.537 7.535 7.532 7.547 7.535 7.495 7.462 7.44 7.267 6.837 6.425 6.226 6.528 7.067 7.382 7.472 7.39 7.245 7.058 6.9 6.833 6.827 6.825 6.825 6.822 6.81 6.792 6.77 6.735 6.687 6.63 6.603 6.625 6.665 6.703 6.737 6.755 6.73 6.677 6.62 6.568 6.555
5.03 4.918 4.912 4.907 4.903 4.9 4.897 4.892 4.887 4.883 4.88 4.877 4.872 4.865 4.855 5.253 6.34 6.727 6.538 7.162 7.595 7.413 7.32 7.327 7.322 7.31 7.298 7.288 7.303 7.33 7.328 7.303 7.273 7.25 7.298 7.4 7.497 7.55 7.555 7.557 7.56 7.557 7.535 7.485 7.423 7.385 7.372 7.357 7.137 6.673 6.323 6.186 6.505 7.07 7.329 7.29 7.11 6.95 6.84 6.805 6.805 6.805 6.805 6.785 6.75 6.76 6.722 6.635 6.583 6.593 6.645 6.678 6.713 6.75 6.75 6.697 6.637 6.58 6.53 6.525
4.918 4.913 4.908 4.903 4.9 4.898 4.893 4.888 4.883 4.88 4.877 4.872 4.867 4.862 4.855 5.19 6.312 6.627 6.505 7.255 7.57 7.378 7.295 7.332 7.35 7.345 7.335 7.325 7.33 7.347 7.342 7.312 7.265 7.21 7.235 7.335 7.437 7.505 7.52 7.52 7.52 7.512 7.482 7.435 7.38 7.35 7.353 7.36 7.342 7.29 7.012 6.488 6.178 6.193 6.543 7.022 7.19 7.102 6.958 6.853 6.775 6.718 6.698 6.69 6.705 6.785 6.695 6.515 6.49 6.59 6.69 6.703 6.73 6.767 6.745 6.658 6.58 6.523 6.48 6.473
4.93 4.923 4.915 4.91 4.908 4.9 4.895 4.89 4.883 4.88 4.875 4.868 4.863 4.86 4.855 5.338 6.564 6.587 6.47 7.355 7.537 7.343 7.27 7.315 7.355 7.372 7.37 7.362 7.36 7.365 7.352 7.307 7.245 7.178 7.18 7.268 7.372 7.455 7.482 7.48 7.48 7.467 7.427 7.37 7.318 7.315 7.355 7.395 7.405 7.375 7.317 7.207 6.87 6.365 6.101 6.198 6.573 7.019 7.157 7.025 6.873 6.74 6.648 6.653 6.755 6.875 6.722 6.435 6.433 6.627 6.75 6.75 6.76 6.785 6.747 6.633 6.533 6.468 6.43 6.425
4.957 4.948 4.94 4.933 4.928 4.92 4.913 4.905 4.898 4.893 4.885 4.878 4.873 4.868 4.94 5.72 6.822 6.468 6.511 7.455 7.495 7.305 7.248 7.295 7.345 7.38 7.39 7.39 7.39 7.382 7.348 7.293 7.238 7.183 7.148 7.19 7.29 7.382 7.43 7.435 7.435 7.415 7.362 7.295 7.268 7.298 7.342 7.385 7.425 7.462 7.44 7.332 7.23 7.11 6.737 6.25 6.031 6.213 6.62 6.989 7.08 6.93 6.783 6.735 6.833 6.965 6.785 6.395 6.388 6.672 6.817 6.823 6.825 6.835 6.768 6.623 6.5 6.415 6.383 6.385
4.985 4.973 4.967 4.96 4.952 4.945 4.938 4.93 4.923 4.917 4.91 4.903 4.898 4.893 5.28 6.375 6.77 6.323 6.88 7.575 7.47 7.293 7.248 7.3 7.34 7.362 7.372 7.377 7.382 7.375 7.417 7.447 7.405 7.365 7.3 7.25 7.245 7.283 7.348 7.375 7.37 7.342 7.285 7.233 7.238 7.283 7.328 7.37 7.41 7.445 7.457 7.42 7.34 7.25 7.145 6.967 6.582 6.148 5.963 6.193 6.637 6.947 6.985 6.865 6.89 7.032 6.832 6.368 6.33 6.63 6.825 6.91 6.947 6.955 6.885 6.725 6.558 6.44 6.425 6.468
5.015 5 4.993 4.985 4.977 4.97 4.963 4.957 4.95 4.943 4.935 4.928 4.928 5.07 5.895 6.837 6.523 6.536 7.405 7.62 7.47 7.32 7.273 7.307 7.32 7.323 7.327 7.332 7.33 7.323 7.43 7.647 7.735 7.69 7.615 7.513 7.408 7.345 7.33 7.313 7.288 7.257 7.21 7.19 7.223 7.27 7.315 7.355 7.392 7.427 7.447 7.44 7.38 7.277 7.172 7.07 6.97 6.765 6.382 6.026 5.896 6.168 6.637 6.9 6.97 7.025 6.8 6.373 6.28 6.478 6.722 6.897 7.002 7.075 7.08 6.957 6.79 6.67 6.665 6.742
5.045 5.032 5.02 5.01 5.003 4.997 4.99 4.983 4.975 4.967 4.96 4.958 4.965 5.488 6.622 6.725 6.321 7.022 7.622 7.565 7.44 7.328 7.278 7.278 7.278 7.28 7.28 7.277 7.265 7.25 7.295 7.547 7.897 8.01 7.92 7.795 7.652 7.51 7.37 7.273 7.223 7.18 7.15 7.163 7.21 7.257 7.3 7.34 7.378 7.413 7.435 7.427 7.345 7.217 7.102 6.985 6.868 6.772 6.757 6.64 6.253 5.908 5.818 6.138 6.66 6.922 6.792 6.505 6.34 6.36 6.568 6.772 6.92 7.057 7.18 7.205 7.135 7.045 7.025 7.055
5.035 5.065 5.05 5.04 5.03 5.023 5.015 5.007 5 4.993 4.99 4.998 5.21 6.142 6.924 6.45 6.62 7.467 7.59 7.502 7.383 7.303 7.273 7.258 7.248 7.24 7.23 7.218 7.203 7.188 7.193 7.295 7.71 8.08 8.05 7.885 7.705 7.525 7.358 7.253 7.195 7.143 7.13 7.16 7.203 7.245 7.295 7.363 7.438 7.447 7.427 7.387 7.245 7.093 6.98 6.867 6.75 6.65 6.613 6.667 6.742 6.547 6.053 5.753 5.808 6.165 6.607 6.707 6.54 6.393 6.44 6.63 6.8 6.94 7.16 7.347 7.38 7.36 7.357 7.332
5.428 5.188 5.08 5.07 5.058 5.048 5.04 5.033 5.028 5.025 5.03 5.073 5.725 6.852 6.685 6.343 7.16 7.602 7.532 7.44 7.343 7.295 7.277 7.26 7.243 7.225 7.208 7.19 7.175 7.16 7.16 7.183 7.478 7.925 8 7.82 7.64 7.46 7.318 7.24 7.185 7.145 7.15 7.18 7.218 7.29 7.39 7.495 7.562 7.497 7.425 7.342 7.14 6.968 6.853 6.74 6.628 6.538 6.495 6.498 6.573 6.672 6.68 6.4 5.9 5.653 5.813 6.195 6.527 6.552 6.44 6.508 6.677 6.828 7.12 7.392 7.47 7.507 7.545 7.567
6.4 5.998 5.58 5.238 5.085 5.073 5.065 5.058 5.058 5.068 5.08 5.385 6.37 6.939 6.413 6.708 7.465 7.515 7.477 7.39 7.325 7.3 7.28 7.263 7.247 7.23 7.21 7.193 7.177 7.163 7.165 7.19 7.38 7.772 7.92 7.76 7.58 7.408 7.293 7.233 7.18 7.163 7.185 7.215 7.27 7.408 7.572 7.672 7.65 7.51 7.415 7.287 7.045 6.853 6.725 6.61 6.518 6.458 6.418 6.39 6.425 6.508 6.6 6.675 6.582 6.22 5.773 5.596 5.798 6.165 6.422 6.487 6.558 6.755 7.12 7.44 7.532 7.558 7.603 7.687
6.995 6.85 6.512 6.092 5.678 5.285 5.09 5.09 5.1 5.113 5.226 5.97 6.999 6.68 6.448 7.245 7.512 7.46 7.42 7.355 7.32 7.303 7.285 7.267 7.25 7.23 7.21 7.195 7.18 7.165 7.173 7.203 7.288 7.595 7.81 7.695 7.515 7.365 7.28 7.225 7.185 7.19 7.22 7.238 7.325 7.522 7.727 7.795 7.687 7.523 7.39 7.215 6.965 6.748 6.598 6.5 6.443 6.41 6.38 6.358 6.403 6.473 6.515 6.573 6.622 6.62 6.442 6.053 5.661 5.518 5.763 6.1 6.365 6.712 7.147 7.485 7.587 7.595 7.638 7.73
7.075 7.04 7.002 6.902 6.612 6.19 5.793 5.475 5.315 5.386 5.868 6.707 6.94 6.481 6.87 7.457 7.41 7.405 7.378 7.343 7.325 7.307 7.29 7.267 7.245 7.225 7.205 7.19 7.175 7.17 7.188 7.218 7.25 7.465 7.692 7.63 7.455 7.333 7.268 7.215 7.198 7.22 7.245 7.265 7.39 7.615 7.777 7.775 7.65 7.512 7.355 7.138 6.885 6.645 6.493 6.438 6.408 6.383 6.36 6.36 6.44 6.555 6.597 6.59 6.59 6.588 6.577 6.54 6.305 5.89 5.565 5.416 5.653 6.175 6.752 7.325 7.595 7.627 7.66 7.7
7.157 7.12 7.085 7.05 7.01 6.955 6.735 6.402 6.238 6.318 6.755 7.249 6.693 6.571 7.332 7.43 7.358 7.365 7.362 7.347 7.33 7.31 7.287 7.26 7.233 7.21 7.192 7.178 7.173 7.198 7.228 7.245 7.268 7.388 7.555 7.547 7.413 7.315 7.255 7.215 7.22 7.252 7.253 7.303 7.482 7.652 7.695 7.635 7.535 7.43 7.3 7.102 6.86 6.61 6.453 6.41 6.39 6.367 6.345 6.375 6.48 6.585 6.652 6.7 6.705 6.663 6.623 6.582 6.52 6.45 6.185 5.7 5.406 5.331 5.673 6.455 7.097 7.415 7.537 7.55
7.232 7.202 7.167 7.13 7.093 7.06 7.032 7.027 7.065 7.122 7.252 6.93 6.496 7.04 7.47 7.335 7.33 7.343 7.35 7.345 7.33 7.312 7.287 7.253 7.22 7.193 7.175 7.168 7.193 7.25 7.285 7.295 7.308 7.345 7.418 7.437 7.373 7.3 7.245 7.23 7.257 7.272 7.258 7.355 7.53 7.585 7.55 7.487 7.395 7.303 7.215 7.075 6.872 6.635 6.458 6.395 6.375 6.353 6.338 6.398 6.5 6.557 6.615 6.695 6.765 6.765 6.682 6.597 6.542 6.487 6.422 6.317 6.025 5.548 5.261 5.353 5.9 6.615 7.052 7.26
7.28 7.28 7.25 7.213 7.18 7.175 7.19 7.2 7.247 7.345 7.172 6.483 6.676 7.437 7.417 7.3 7.317 7.33 7.335 7.335 7.327 7.315 7.29 7.25 7.213 7.18 7.163 7.18 7.24 7.31 7.345 7.352 7.355 7.355 7.37 7.377 7.342 7.285 7.248 7.26 7.287 7.26 7.278 7.402 7.475 7.45 7.4 7.342 7.263 7.185 7.115 7 6.84 6.645 6.465 6.383 6.36 6.338 6.343 6.407 6.475 6.513 6.567 6.635 6.682 6.687 6.625 6.548 6.512 6.482 6.43 6.37 6.31 6.177 5.87 5.468 5.296 5.516 6.06 6.642
7.315 7.34 7.357 7.395 7.43 7.472 7.505 7.442 7.352 6.957 6.528 6.805 7.395 7.555 7.368 7.28 7.3 7.318 7.325 7.322 7.317 7.312 7.29 7.25 7.21 7.17 7.168 7.223 7.3 7.37 7.4 7.395 7.385 7.377 7.372 7.352 7.315 7.275 7.268 7.3 7.292 7.243 7.29 7.362 7.342 7.298 7.25 7.198 7.137 7.077 7.017 6.912 6.767 6.61 6.453 6.368 6.345 6.323 6.338 6.385 6.425 6.465 6.507 6.54 6.553 6.548 6.51 6.473 6.458 6.443 6.412 6.365 6.315 6.27 6.24 6.115 5.787 5.45 5.368 5.613
7.365 7.398 7.442 7.507 7.582 7.672 7.692 7.317 6.763 6.418 6.68 7.39 7.627 7.47 7.33 7.28 7.303 7.315 7.312 7.308 7.305 7.302 7.282 7.245 7.205 7.17 7.19 7.265 7.342 7.4 7.415 7.402 7.39 7.38 7.362 7.333 7.3 7.275 7.29 7.312 7.262 7.225 7.25 7.24 7.2 7.173 7.143 7.083 7.005 6.955 6.912 6.82 6.683 6.543 6.423 6.36 6.337 6.31 6.315 6.353 6.388 6.425 6.453 6.46 6.458 6.455 6.453 6.445 6.433 6.423 6.41 6.38 6.337 6.293 6.27 6.26 6.212 6.047 5.705 5.423
7.41 7.46 7.497 7.518 7.548 7.557 7.132 6.475 6.286 6.72 7.355 7.622 7.585 7.455 7.333 7.303 7.32 7.312 7.298 7.295 7.292 7.287 7.27 7.235 7.203 7.188 7.22 7.292 7.355 7.39 7.395 7.385 7.377 7.37 7.355 7.335 7.31 7.285 7.292 7.28 7.215 7.183 7.173 7.145 7.125 7.115 7.097 7.002 6.858 6.788 6.765 6.717 6.622 6.5 6.403 6.355 6.33 6.3 6.298 6.328 6.363 6.4 6.422 6.425 6.423 6.425 6.435 6.44 6.437 6.43 6.417 6.395 6.36 6.318 6.295 6.3 6.282 6.22 6.14 5.97
7.425 7.49 7.537 7.56 7.559 6.995 6.231 6.191 6.633 7.135 7.45 7.537 7.522 7.447 7.35 7.323 7.32 7.295 7.28 7.28 7.278 7.275 7.26 7.233 7.218 7.213 7.248 7.307 7.345 7.37 7.375 7.368 7.363 7.357 7.345 7.33 7.312 7.292 7.278 7.25 7.215 7.185 7.158 7.133 7.11 7.095 7.05 6.905 6.705 6.598 6.578 6.565 6.53 6.457 6.388 6.348 6.318 6.285 6.283 6.308 6.338 6.375 6.395 6.398 6.4 6.403 6.413 6.427 6.437 6.435 6.42 6.4 6.375 6.343 6.325 6.327 6.327 6.292 6.222 6.147
7.425 7.483 7.525 7.555 7.08 6.241 6.288 6.865 7.122 7.307 7.425 7.435 7.428 7.403 7.358 7.327 7.307 7.28 7.265 7.265 7.265 7.262 7.252 7.242 7.24 7.238 7.263 7.3 7.325 7.35 7.358 7.355 7.35 7.345 7.335 7.32 7.308 7.295 7.28 7.265 7.255 7.232 7.205 7.175 7.138 7.105 7.002 6.805 6.585 6.445 6.415 6.415 6.418 6.41 6.383 6.348 6.31 6.273 6.27 6.298 6.323 6.35 6.365 6.37 6.375 6.378 6.39 6.41 6.425 6.43 6.42 6.4 6.38 6.36 6.35 6.352 6.357 6.35 6.305 6.23
7.443 7.493 7.54 7.275 6.411 6.173 7.025 7.565 7.562 7.48 7.418 7.405 7.395 7.385 7.358 7.32 7.293 7.265 7.25 7.25 7.25 7.247 7.242 7.24 7.24 7.253 7.28 7.305 7.33 7.347 7.35 7.35 7.348 7.345 7.335 7.32 7.313 7.308 7.302 7.295 7.277 7.23 7.195 7.2 7.195 7.147 6.997 6.773 6.553 6.41 6.375 6.383 6.398 6.413 6.402 6.365 6.325 6.293 6.295 6.323 6.345 6.355 6.348 6.345 6.35 6.355 6.37 6.387 6.402 6.412 6.405 6.385 6.365 6.347 6.342 6.35 6.355 6.36 6.342 6.28
7.508 7.56 7.484 6.733 6.208 6.613 7.385 7.85 7.747 7.575 7.468 7.448 7.435 7.417 7.375 7.32 7.28 7.25 7.235 7.233 7.23 7.23 7.227 7.225 7.235 7.273 7.312 7.337 7.355 7.355 7.35 7.352 7.355 7.355 7.345 7.333 7.33 7.33 7.325 7.312 7.27 7.185 7.12 7.145 7.207 7.177 7.012 6.79 6.593 6.48 6.44 6.425 6.433 6.447 6.435 6.395 6.363 6.345 6.355 6.377 6.385 6.375 6.35 6.333 6.33 6.335 6.35 6.365 6.375 6.38 6.37 6.35 6.33 6.313 6.31 6.317 6.323 6.327 6.32 6.282
7.607 7.622 6.97 6.208 6.435 7.007 7.47 7.72 7.707 7.615 7.523 7.493 7.477 7.452 7.402 7.338 7.28 7.238 7.22 7.217 7.213 7.21 7.21 7.22 7.255 7.307 7.347 7.365 7.365 7.355 7.35 7.352 7.357 7.362 7.36 7.353 7.35 7.35 7.347 7.315 7.24 7.163 7.123 7.155 7.205 7.177 7.03 6.81 6.648 6.573 6.528 6.488 6.473 6.48 6.465 6.433 6.415 6.405 6.412 6.42 6.405 6.385 6.36 6.335 6.318 6.315 6.327 6.337 6.342 6.345 6.335 6.315 6.295 6.28 6.278 6.283 6.29 6.295 6.285 6.26
7.67 7.22 6.303 6.218 6.84 7.257 7.5 7.565 7.585 7.58 7.552 7.535 7.522 7.49 7.43 7.365 7.297 7.233 7.205 7.205 7.2 7.193 7.2 7.235 7.287 7.34 7.372 7.375 7.365 7.355 7.348 7.348 7.358 7.37 7.372 7.37 7.37 7.372 7.362 7.315 7.25 7.205 7.2 7.212 7.19 7.145 7.032 6.845 6.72 6.668 6.62 6.573 6.535 6.518 6.503 6.485 6.475 6.465 6.46 6.445 6.42 6.4 6.375 6.35 6.328 6.305 6.298 6.303 6.307 6.31 6.3 6.28 6.262 6.248 6.243 6.25 6.258 6.262 6.252 6.228
7.437 6.553 6.178 6.687 7.13 7.385 7.475 7.495 7.515 7.535 7.55 7.552 7.54 7.495 7.422 7.35 7.282 7.228 7.21 7.218 7.215 7.205 7.218 7.263 7.315 7.367 7.395 7.39 7.38 7.37 7.358 7.353 7.365 7.377 7.378 7.377 7.38 7.382 7.365 7.327 7.292 7.24 7.195 7.17 7.137 7.097 7.015 6.895 6.81 6.76 6.707 6.652 6.597 6.563 6.562 6.565 6.558 6.553 6.525 6.485 6.458 6.435 6.413 6.388 6.362 6.323 6.283 6.273 6.275 6.275 6.265 6.245 6.228 6.218 6.218 6.225 6.233 6.24 6.23 6.203
6.845 6.168 6.52 7.005 7.285 7.42 7.462 7.485 7.505 7.525 7.537 7.532 7.505 7.447 7.37 7.3 7.253 7.225 7.223 7.24 7.25 7.245 7.255 7.293 7.34 7.392 7.42 7.417 7.41 7.4 7.385 7.373 7.375 7.382 7.383 7.38 7.38 7.377 7.36 7.327 7.27 7.167 7.068 7.025 7.012 6.99 6.968 6.925 6.86 6.8 6.737 6.675 6.62 6.593 6.617 6.655 6.665 6.665 6.625 6.558 6.515 6.488 6.465 6.44 6.402 6.352 6.298 6.258 6.245 6.245 6.235 6.215 6.203 6.205 6.21 6.21 6.215 6.225 6.217 6.19
