EGM722_Project_Data/DTM_asc/TL4755.asc
ncols         200
nrows         200
xllcorner     547000.000
yllcorner     255000.000
cellsize      5
NODATA_value  -9999.0
[rows 0 to 32 of 200, columns 0 to 73 of 200]
9.115 9.08 9.085 9.098 9.11 9.125 9.14 9.14 9.13 9.12 9.113 9.11 9.118 9.135 9.133 9.113 9.1 9.093 9.1 9.123 9.168 9.207 9.21 9.195 9.183 9.177 9.165 9.14 9.11 9.088 9.077 9.062 9.013 8.988 9.007 9 8.968 8.938 8.915 8.91 8.93 8.96 9 9.058 9.133 9.22 9.245 9.195 9.142 9.092 9.035 8.978 8.935 8.915 8.89 8.845 8.787 8.733 8.733 8.777 8.812 8.84 8.862 8.878 8.895 8.913 8.933 8.968 9.01 9.05 9.09 9.115 9.11 9.09
9.065 9.04 9.05 9.065 9.08 9.095 9.11 9.11 9.1 9.09 9.08 9.085 9.113 9.15 9.165 9.14 9.103 9.09 9.102 9.12 9.148 9.175 9.177 9.163 9.148 9.135 9.12 9.098 9.08 9.07 9.06 9.05 9.025 9.005 8.993 8.96 8.925 8.898 8.89 8.908 8.935 8.968 9.02 9.095 9.18 9.27 9.292 9.235 9.172 9.117 9.06 9.002 8.947 8.905 8.868 8.82 8.768 8.723 8.728 8.773 8.815 8.847 8.868 8.885 8.902 8.92 8.95 8.99 9.03 9.067 9.1 9.11 9.095 9.075
9.03 9.03 9.045 9.06 9.078 9.093 9.103 9.1 9.088 9.078 9.068 9.08 9.122 9.167 9.205 9.19 9.11 9.07 9.09 9.11 9.132 9.15 9.148 9.135 9.123 9.11 9.098 9.083 9.075 9.07 9.06 9.048 9.03 9.033 9.05 9.035 9 8.973 8.975 9.003 9.023 9.018 9.05 9.137 9.222 9.285 9.272 9.2 9.135 9.082 9.027 8.972 8.917 8.888 8.858 8.805 8.753 8.713 8.725 8.77 8.815 8.852 8.875 8.892 8.908 8.928 8.96 8.997 9.035 9.07 9.092 9.092 9.077 9.06
9.023 9.047 9.067 9.083 9.1 9.115 9.12 9.115 9.103 9.1 9.098 9.088 9.11 9.16 9.205 9.192 9.09 9.03 9.052 9.077 9.1 9.117 9.127 9.127 9.12 9.11 9.098 9.088 9.085 9.082 9.075 9.062 9.035 9.053 9.127 9.18 9.185 9.16 9.16 9.177 9.152 9.08 9.08 9.17 9.225 9.22 9.165 9.09 9.038 8.992 8.94 8.89 8.863 8.878 8.867 8.813 8.763 8.73 8.74 8.778 8.82 8.86 8.882 8.897 8.912 8.93 8.957 8.99 9.023 9.057 9.077 9.07 9.058 9.058
9.035 9.065 9.09 9.107 9.122 9.132 9.137 9.137 9.138 9.15 9.152 9.12 9.098 9.125 9.16 9.135 9.04 8.99 9.01 9.03 9.047 9.067 9.092 9.112 9.12 9.115 9.103 9.095 9.095 9.095 9.09 9.072 9.035 9.038 9.118 9.22 9.292 9.325 9.332 9.297 9.21 9.11 9.11 9.165 9.152 9.105 9.04 8.98 8.94 8.898 8.86 8.845 8.865 8.897 8.885 8.835 8.795 8.77 8.775 8.805 8.84 8.87 8.885 8.9 8.915 8.928 8.95 8.98 9.01 9.042 9.057 9.055 9.06 9.08
9.05 9.08 9.107 9.127 9.14 9.148 9.152 9.155 9.167 9.195 9.202 9.17 9.122 9.108 9.102 9.055 8.978 8.943 8.96 8.978 8.993 9.013 9.038 9.065 9.09 9.105 9.107 9.105 9.105 9.105 9.1 9.075 9.033 9.025 9.093 9.197 9.297 9.375 9.382 9.312 9.217 9.127 9.095 9.08 9.03 8.98 8.925 8.88 8.85 8.823 8.815 8.843 8.887 8.92 8.91 8.872 8.84 8.813 8.815 8.842 8.865 8.877 8.885 8.9 8.915 8.923 8.94 8.97 9 9.03 9.05 9.065 9.087 9.112
9.065 9.095 9.125 9.145 9.155 9.165 9.167 9.145 9.138 9.165 9.17 9.14 9.107 9.095 9.07 9.013 8.963 8.95 8.955 8.953 8.948 8.958 8.983 9.013 9.048 9.08 9.107 9.13 9.137 9.135 9.122 9.08 9.028 9.013 9.068 9.157 9.235 9.297 9.297 9.23 9.152 9.092 9.043 8.99 8.938 8.89 8.855 8.828 8.808 8.793 8.795 8.83 8.88 8.915 8.915 8.895 8.875 8.855 8.852 8.867 8.877 8.88 8.888 8.902 8.915 8.912 8.92 8.95 8.98 9.01 9.04 9.067 9.095 9.127
9.08 9.11 9.14 9.16 9.172 9.182 9.18 9.135 9.08 9.07 9.073 9.065 9.063 9.075 9.067 9.025 9.008 9.022 9.025 9.005 8.98 8.95 8.948 8.983 9.018 9.053 9.09 9.135 9.172 9.187 9.167 9.113 9.053 9.015 9.023 9.07 9.125 9.18 9.18 9.113 9.055 9.03 8.997 8.943 8.895 8.865 8.843 8.82 8.803 8.785 8.778 8.805 8.85 8.88 8.887 8.88 8.87 8.865 8.867 8.875 8.882 8.885 8.893 8.905 8.907 8.89 8.89 8.92 8.95 8.983 9.015 9.045 9.08 9.127
9.09 9.122 9.152 9.172 9.187 9.197 9.192 9.145 9.068 9.025 9.028 9.04 9.053 9.067 9.07 9.06 9.068 9.092 9.112 9.105 9.055 8.965 8.928 8.962 8.995 9.028 9.063 9.108 9.165 9.21 9.217 9.182 9.125 9.07 9.028 9.01 9.023 9.063 9.062 9.015 8.993 8.985 8.955 8.91 8.883 8.867 8.847 8.823 8.8 8.78 8.765 8.783 8.817 8.84 8.85 8.848 8.845 8.85 8.86 8.872 8.885 8.89 8.895 8.9 8.887 8.863 8.865 8.895 8.925 8.958 8.99 9.025 9.073 9.13
9.103 9.137 9.165 9.185 9.2 9.21 9.205 9.157 9.085 9.035 9.025 9.038 9.052 9.065 9.073 9.09 9.117 9.147 9.18 9.185 9.107 8.975 8.92 8.945 8.975 9.005 9.038 9.078 9.125 9.172 9.207 9.212 9.195 9.16 9.11 9.055 9.01 8.993 8.975 8.958 8.955 8.95 8.928 8.903 8.888 8.87 8.85 8.828 8.803 8.78 8.76 8.76 8.78 8.8 8.813 8.818 8.828 8.84 8.85 8.862 8.877 8.887 8.89 8.882 8.86 8.835 8.84 8.87 8.9 8.933 8.968 9.012 9.07 9.13
9.127 9.152 9.162 9.17 9.18 9.19 9.19 9.16 9.1 9.043 9.028 9.042 9.055 9.062 9.073 9.1 9.137 9.172 9.207 9.232 9.18 9.048 8.965 8.96 8.98 9.01 9.04 9.063 9.08 9.11 9.145 9.17 9.192 9.2 9.167 9.11 9.05 8.993 8.965 8.965 8.965 8.96 8.945 8.925 8.905 8.88 8.855 8.835 8.813 8.79 8.77 8.758 8.763 8.78 8.803 8.825 8.84 8.848 8.84 8.835 8.845 8.855 8.857 8.845 8.822 8.803 8.813 8.848 8.883 8.918 8.95 8.988 9.04 9.1
9.15 9.147 9.135 9.128 9.13 9.137 9.14 9.132 9.102 9.053 9.033 9.045 9.052 9.055 9.065 9.098 9.14 9.177 9.215 9.252 9.257 9.17 9.065 9.025 9.02 9.04 9.07 9.075 9.055 9.055 9.08 9.108 9.148 9.192 9.182 9.125 9.065 9.018 9.005 9.01 9.01 9.007 8.992 8.968 8.943 8.913 8.88 8.85 8.825 8.805 8.785 8.77 8.77 8.783 8.813 8.865 8.895 8.89 8.858 8.815 8.798 8.798 8.802 8.795 8.78 8.785 8.808 8.84 8.88 8.917 8.942 8.958 8.988 9.04
9.14 9.115 9.095 9.085 9.083 9.085 9.085 9.085 9.08 9.052 9.035 9.042 9.045 9.045 9.058 9.093 9.138 9.18 9.22 9.258 9.295 9.27 9.188 9.128 9.09 9.08 9.095 9.09 9.055 9.025 9.023 9.055 9.12 9.185 9.187 9.137 9.08 9.045 9.045 9.05 9.052 9.052 9.037 9.015 8.99 8.962 8.927 8.885 8.848 8.82 8.8 8.785 8.783 8.79 8.823 8.892 8.947 8.95 8.907 8.843 8.79 8.758 8.748 8.745 8.755 8.798 8.83 8.848 8.88 8.92 8.942 8.948 8.958 8.985
9.105 9.078 9.058 9.045 9.04 9.038 9.035 9.038 9.04 9.035 9.032 9.035 9.035 9.035 9.053 9.093 9.14 9.188 9.228 9.265 9.302 9.322 9.295 9.24 9.192 9.155 9.127 9.097 9.057 9.015 8.99 9.023 9.097 9.167 9.18 9.137 9.095 9.077 9.085 9.09 9.095 9.097 9.085 9.062 9.037 9.012 8.977 8.935 8.89 8.85 8.823 8.805 8.798 8.798 8.833 8.905 8.98 9.007 8.965 8.898 8.833 8.77 8.723 8.72 8.765 8.825 8.86 8.87 8.888 8.917 8.937 8.945 8.95 8.955
9.093 9.068 9.045 9.033 9.028 9.02 9.013 9.013 9.015 9.02 9.025 9.025 9.025 9.038 9.065 9.105 9.153 9.2 9.242 9.278 9.312 9.345 9.35 9.315 9.265 9.212 9.152 9.093 9.043 9 8.975 9 9.068 9.14 9.155 9.115 9.08 9.065 9.077 9.102 9.127 9.142 9.135 9.11 9.08 9.05 9.017 8.977 8.932 8.888 8.853 8.835 8.825 8.815 8.84 8.91 8.995 9.05 9.025 8.955 8.888 8.82 8.755 8.733 8.773 8.835 8.872 8.887 8.9 8.917 8.932 8.94 8.945 8.945
9.105 9.08 9.058 9.047 9.04 9.032 9.023 9.013 9.01 9.013 9.015 9.018 9.028 9.065 9.102 9.128 9.168 9.215 9.257 9.292 9.322 9.332 9.332 9.325 9.285 9.227 9.162 9.088 9.025 8.98 8.963 8.985 9.04 9.11 9.125 9.085 9.045 9.013 9.01 9.045 9.09 9.137 9.16 9.14 9.107 9.072 9.04 9.002 8.962 8.92 8.888 8.872 8.855 8.83 8.84 8.903 8.982 9.052 9.06 9.01 8.945 8.875 8.815 8.775 8.775 8.823 8.865 8.882 8.895 8.907 8.917 8.927 8.935 8.935
9.118 9.09 9.07 9.06 9.05 9.045 9.035 9.02 9.013 9.008 9.008 9.018 9.05 9.107 9.147 9.163 9.188 9.23 9.272 9.3 9.305 9.288 9.283 9.297 9.287 9.242 9.175 9.095 9.02 8.96 8.945 8.975 9.02 9.08 9.095 9.055 9.015 8.975 8.948 8.975 9.048 9.122 9.155 9.135 9.105 9.072 9.042 9.012 8.98 8.945 8.915 8.892 8.862 8.83 8.843 8.9 8.963 9.03 9.057 9.032 8.99 8.93 8.875 8.84 8.815 8.825 8.852 8.865 8.872 8.88 8.89 8.905 8.917 8.923
9.13 9.1 9.08 9.07 9.062 9.057 9.047 9.032 9.02 9.01 9.008 9.033 9.087 9.15 9.19 9.207 9.225 9.252 9.277 9.277 9.258 9.235 9.235 9.255 9.267 9.247 9.185 9.105 9.025 8.95 8.93 8.965 9.005 9.052 9.062 9.03 9 8.97 8.948 8.988 9.08 9.132 9.127 9.102 9.075 9.045 9.027 9.01 8.98 8.95 8.92 8.89 8.858 8.833 8.855 8.91 8.96 9.017 9.042 9.025 9.005 8.972 8.932 8.9 8.867 8.848 8.845 8.848 8.85 8.853 8.86 8.873 8.89 8.91
9.13 9.1 9.08 9.07 9.065 9.062 9.055 9.042 9.028 9.015 9.015 9.053 9.117 9.167 9.192 9.21 9.232 9.255 9.257 9.238 9.215 9.195 9.195 9.215 9.232 9.237 9.195 9.115 9.033 8.963 8.945 8.975 9.015 9.053 9.06 9.04 9.018 8.995 8.995 9.05 9.107 9.107 9.083 9.057 9.03 9.003 8.995 8.992 8.97 8.94 8.91 8.88 8.853 8.838 8.863 8.915 8.965 9.012 9.035 9.028 9.013 8.995 8.965 8.93 8.9 8.875 8.86 8.855 8.855 8.853 8.853 8.86 8.88 8.91
9.123 9.09 9.07 9.063 9.06 9.06 9.055 9.045 9.032 9.018 9.023 9.068 9.122 9.15 9.16 9.173 9.195 9.22 9.22 9.202 9.185 9.163 9.16 9.18 9.2 9.222 9.197 9.12 9.045 8.998 8.988 9.01 9.05 9.082 9.09 9.075 9.052 9.03 9.045 9.085 9.087 9.063 9.038 9.012 8.985 8.958 8.95 8.96 8.955 8.93 8.9 8.87 8.848 8.84 8.868 8.92 8.965 9.002 9.027 9.035 9.027 9.007 8.978 8.948 8.928 8.91 8.895 8.888 8.885 8.883 8.88 8.88 8.895 8.925
9.125 9.083 9.06 9.058 9.06 9.062 9.06 9.048 9.035 9.02 9.03 9.075 9.107 9.12 9.13 9.14 9.158 9.18 9.18 9.165 9.15 9.128 9.125 9.148 9.175 9.205 9.192 9.128 9.073 9.045 9.033 9.05 9.087 9.115 9.12 9.105 9.085 9.067 9.07 9.067 9.043 9.018 8.993 8.967 8.942 8.915 8.905 8.917 8.925 8.915 8.89 8.865 8.85 8.845 8.873 8.92 8.957 8.99 9.015 9.032 9.037 9.022 8.998 8.977 8.962 8.947 8.932 8.92 8.915 8.915 8.915 8.913 8.918 8.94
9.137 9.085 9.055 9.055 9.06 9.065 9.065 9.05 9.033 9.018 9.033 9.065 9.08 9.09 9.1 9.11 9.123 9.14 9.14 9.125 9.113 9.1 9.1 9.122 9.155 9.185 9.185 9.147 9.115 9.095 9.077 9.09 9.125 9.145 9.137 9.11 9.08 9.075 9.082 9.06 9.02 8.98 8.948 8.92 8.895 8.87 8.863 8.875 8.885 8.89 8.882 8.87 8.86 8.853 8.873 8.91 8.943 8.977 9.005 9.022 9.032 9.032 9.02 9.002 8.985 8.967 8.95 8.932 8.927 8.932 8.937 8.942 8.945 8.955
9.142 9.088 9.055 9.053 9.058 9.065 9.065 9.05 9.03 9.015 9.023 9.04 9.05 9.06 9.07 9.083 9.095 9.108 9.11 9.103 9.098 9.093 9.07 9.065 9.1 9.137 9.152 9.14 9.12 9.1 9.092 9.097 9.11 9.122 9.105 9.065 9.043 9.068 9.105 9.107 9.07 9.015 8.97 8.928 8.888 8.85 8.845 8.875 8.898 8.887 8.868 8.86 8.85 8.845 8.865 8.9 8.93 8.965 8.992 9.002 9.005 9.012 9.02 9.01 8.992 8.975 8.953 8.93 8.923 8.93 8.94 8.95 8.957 8.97
9.14 9.083 9.05 9.048 9.055 9.062 9.065 9.055 9.035 9.018 9.013 9.02 9.03 9.04 9.05 9.063 9.075 9.088 9.102 9.11 9.11 9.1 9.05 8.995 9.005 9.05 9.07 9.06 9.048 9.053 9.075 9.07 9.045 9.045 9.03 9.003 9.018 9.072 9.12 9.147 9.15 9.115 9.065 9.01 8.958 8.915 8.91 8.942 8.942 8.885 8.84 8.833 8.83 8.835 8.858 8.89 8.92 8.955 8.97 8.965 8.963 8.963 8.985 9.005 8.997 8.98 8.957 8.933 8.918 8.92 8.93 8.938 8.955 8.988
9.145 9.08 9.045 9.045 9.052 9.058 9.065 9.06 9.04 9.018 9.008 9.013 9.018 9.025 9.035 9.048 9.06 9.075 9.1 9.122 9.13 9.11 9.05 8.968 8.928 8.948 8.958 8.958 8.98 9.023 9.06 9.045 9 8.973 8.955 8.963 9.013 9.08 9.13 9.16 9.187 9.195 9.165 9.113 9.07 9.042 9.022 9 8.942 8.86 8.815 8.813 8.82 8.83 8.85 8.88 8.913 8.95 8.955 8.933 8.92 8.913 8.933 8.975 8.995 8.985 8.962 8.938 8.915 8.91 8.92 8.935 8.97 9.015
9.162 9.088 9.045 9.043 9.048 9.055 9.065 9.06 9.04 9.015 9.003 9.007 9.01 9.013 9.02 9.035 9.053 9.07 9.095 9.123 9.14 9.117 9.05 8.965 8.89 8.865 8.878 8.913 8.965 9.017 9.047 9.025 8.975 8.93 8.918 8.958 9.023 9.087 9.137 9.17 9.2 9.232 9.24 9.207 9.167 9.135 9.09 9.017 8.93 8.84 8.795 8.8 8.81 8.82 8.843 8.875 8.91 8.95 8.955 8.925 8.898 8.88 8.88 8.915 8.965 8.982 8.965 8.94 8.918 8.905 8.92 8.955 9 9.045
9.167 9.075 9.025 9.035 9.047 9.055 9.065 9.057 9.035 9.013 9 9.003 9.008 9.01 9.018 9.038 9.063 9.088 9.113 9.138 9.152 9.122 9.05 8.965 8.878 8.828 8.85 8.907 8.96 9.01 9.032 9.005 8.96 8.933 8.938 8.98 9.043 9.102 9.147 9.182 9.215 9.242 9.262 9.257 9.22 9.172 9.112 9.035 8.945 8.845 8.803 8.815 8.825 8.833 8.848 8.875 8.91 8.95 8.955 8.925 8.895 8.873 8.873 8.898 8.945 8.985 8.982 8.958 8.935 8.92 8.938 8.98 9.025 9.07
9.145 9.033 8.985 9.012 9.045 9.06 9.065 9.052 9.03 9.013 9.005 9.005 9.008 9.01 9.023 9.055 9.092 9.125 9.15 9.172 9.17 9.125 9.052 8.965 8.87 8.81 8.835 8.897 8.952 9.005 9.02 8.99 8.968 8.973 8.988 9.015 9.068 9.125 9.165 9.195 9.22 9.235 9.25 9.265 9.247 9.195 9.127 9.052 8.97 8.878 8.838 8.85 8.857 8.86 8.868 8.885 8.913 8.95 8.955 8.925 8.908 8.915 8.938 8.95 8.97 9.01 9.017 8.993 8.968 8.948 8.96 9 9.045 9.09
9.125 8.995 8.943 8.975 9.023 9.057 9.065 9.05 9.033 9.018 9.01 9.01 9.01 9.01 9.028 9.07 9.117 9.157 9.187 9.197 9.17 9.12 9.052 8.96 8.855 8.79 8.815 8.88 8.942 9 9.015 9.003 9.008 9.025 9.04 9.058 9.098 9.145 9.177 9.197 9.21 9.22 9.233 9.255 9.26 9.212 9.14 9.065 8.987 8.908 8.87 8.877 8.882 8.885 8.893 8.905 8.92 8.95 8.955 8.943 8.963 9.005 9.032 9.03 9.028 9.05 9.055 9.03 9.005 8.978 8.983 9.023 9.067 9.11
9.11 8.975 8.928 8.968 9.015 9.06 9.07 9.053 9.037 9.023 9.015 9.015 9.015 9.023 9.038 9.065 9.112 9.165 9.202 9.197 9.157 9.11 9.045 8.95 8.843 8.783 8.805 8.868 8.933 8.995 9.03 9.045 9.062 9.078 9.093 9.108 9.13 9.155 9.172 9.185 9.195 9.205 9.218 9.24 9.242 9.19 9.115 9.042 8.97 8.905 8.882 8.895 8.905 8.912 8.92 8.93 8.94 8.958 8.975 9.005 9.055 9.105 9.125 9.115 9.105 9.102 9.09 9.062 9.035 9.008 9.01 9.048 9.09 9.132
9.088 8.978 8.96 9.008 9.053 9.092 9.092 9.063 9.04 9.025 9.02 9.02 9.028 9.052 9.065 9.065 9.09 9.14 9.175 9.157 9.118 9.087 9.037 8.945 8.858 8.82 8.828 8.873 8.935 9 9.057 9.092 9.115 9.132 9.148 9.162 9.165 9.16 9.16 9.165 9.175 9.185 9.2 9.215 9.187 9.112 9.035 8.965 8.895 8.848 8.842 8.86 8.882 8.912 8.937 8.95 8.96 8.97 9.008 9.067 9.122 9.172 9.192 9.185 9.172 9.152 9.118 9.083 9.055 9.028 9.035 9.075 9.117 9.152
9.07 8.998 9.01 9.06 9.107 9.14 9.13 9.09 9.055 9.03 9.023 9.033 9.055 9.087 9.102 9.095 9.09 9.108 9.12 9.103 9.083 9.075 9.037 8.958 8.905 8.893 8.888 8.9 8.945 9.01 9.075 9.13 9.167 9.187 9.202 9.21 9.195 9.173 9.16 9.155 9.158 9.165 9.18 9.167 9.102 9.018 8.938 8.865 8.795 8.76 8.768 8.798 8.848 8.905 8.945 8.96 8.97 8.98 9.025 9.095 9.155 9.205 9.235 9.24 9.227 9.2 9.148 9.1 9.07 9.048 9.063 9.105 9.14 9.155
9.06 9.02 9.06 9.112 9.162 9.187 9.17 9.13 9.087 9.048 9.038 9.063 9.095 9.125 9.14 9.135 9.12 9.103 9.088 9.083 9.085 9.085 9.048 8.995 8.975 8.97 8.965 8.96 8.973 9.02 9.085 9.15 9.207 9.24 9.252 9.242 9.217 9.193 9.173 9.162 9.157 9.155 9.145 9.095 9.01 8.925 8.845 8.768 8.7 8.685 8.723 8.78 8.848 8.912 8.957 8.972 8.98 8.993 9.04 9.117 9.185 9.235 9.27 9.285 9.28 9.245 9.18 9.12 9.083 9.073 9.095 9.127 9.142 9.145
