EGM722_Project_Data/DTM_asc/TL4755.asc
ncols         200
nrows         200
xllcorner     547000.000
yllcorner     255000.000
cellsize      5
NODATA_value  -9999.0
[rows 165 to 197 of 200, columns 0 to 73 of 200]
16.72 16.675 16.63 16.58 16.53 16.475 16.417 16.345 16.25 16.158 16.087 15.993 15.885 15.848 15.865 15.895 15.905 15.88 15.838 15.795 15.755 15.715 15.685 15.673 15.667 15.66 15.645 15.607 15.545 15.475 15.41 15.365 15.335 15.298 15.263 15.293 15.383 15.483 15.595 15.725 15.867 16.005 16.09 16.127 16.165 16.23 16.308 16.37 16.43 16.49 16.563 16.68 16.82 16.925 17.015 17.117 17.222 17.322 17.375 17.382 17.39 17.412 17.43 17.415 17.383 17.35 17.32 17.33 17.385 17.445 17.505 17.56 17.615 17.675
16.935 16.877 16.812 16.765 16.725 16.672 16.62 16.59 16.555 16.495 16.425 16.312 16.158 16.04 16.02 16.055 16.088 16.088 16.053 16.01 15.968 15.925 15.873 15.83 15.815 15.805 15.77 15.703 15.628 15.555 15.49 15.445 15.428 15.425 15.448 15.518 15.62 15.743 15.88 16.02 16.162 16.29 16.365 16.403 16.44 16.49 16.53 16.568 16.625 16.685 16.75 16.858 17.005 17.145 17.257 17.355 17.452 17.545 17.605 17.625 17.642 17.697 17.75 17.747 17.718 17.683 17.648 17.64 17.68 17.743 17.805 17.85 17.89 17.945
17.127 17.022 16.94 16.912 16.895 16.857 16.81 16.815 16.82 16.762 16.667 16.538 16.408 16.288 16.238 16.265 16.305 16.332 16.325 16.287 16.242 16.192 16.11 16.015 15.963 15.945 15.9 15.818 15.733 15.653 15.593 15.578 15.6 15.633 15.693 15.79 15.91 16.043 16.18 16.32 16.46 16.575 16.64 16.68 16.728 16.78 16.79 16.78 16.815 16.875 16.945 17.053 17.193 17.335 17.452 17.547 17.637 17.725 17.785 17.805 17.845 17.943 18.047 18.085 18.067 18.035 18.003 18 18.035 18.093 18.152 18.18 18.19 18.23
17.245 17.118 17.055 17.048 17.04 17.022 16.99 17.01 17.057 17.017 16.903 16.778 16.665 16.553 16.488 16.493 16.523 16.557 16.58 16.562 16.515 16.452 16.36 16.245 16.148 16.092 16.035 15.955 15.875 15.798 15.735 15.75 15.827 15.887 15.963 16.08 16.212 16.347 16.482 16.62 16.76 16.865 16.923 16.973 17.032 17.08 17.075 17.04 17.033 17.068 17.143 17.255 17.39 17.528 17.642 17.735 17.82 17.905 17.965 18 18.08 18.205 18.327 18.395 18.4 18.382 18.37 18.38 18.405 18.45 18.495 18.505 18.498 18.523
17.328 17.255 17.228 17.213 17.198 17.183 17.16 17.175 17.265 17.267 17.15 17.035 16.925 16.815 16.738 16.728 16.755 16.783 16.812 16.82 16.765 16.67 16.565 16.452 16.34 16.24 16.16 16.09 16.022 15.957 15.893 15.9 16 16.107 16.22 16.355 16.49 16.625 16.762 16.897 17.037 17.147 17.217 17.282 17.345 17.377 17.362 17.33 17.3 17.29 17.348 17.468 17.605 17.743 17.845 17.92 18 18.085 18.153 18.223 18.335 18.465 18.59 18.677 18.695 18.675 18.682 18.717 18.755 18.797 18.82 18.815 18.805 18.812
17.463 17.455 17.45 17.428 17.405 17.385 17.363 17.358 17.445 17.49 17.405 17.297 17.185 17.075 16.985 16.963 16.99 17.017 17.04 17.03 16.945 16.817 16.7 16.59 16.477 16.352 16.255 16.192 16.13 16.075 16.035 16.04 16.125 16.26 16.405 16.552 16.692 16.827 16.965 17.102 17.252 17.387 17.477 17.55 17.617 17.66 17.655 17.625 17.595 17.565 17.603 17.723 17.858 17.995 18.092 18.153 18.22 18.285 18.342 18.425 18.537 18.652 18.765 18.865 18.9 18.875 18.887 18.942 18.997 19.04 19.052 19.045 19.035 19.032
17.66 17.675 17.677 17.66 17.635 17.615 17.603 17.585 17.603 17.645 17.62 17.54 17.442 17.335 17.233 17.198 17.225 17.247 17.255 17.202 17.077 16.938 16.815 16.7 16.575 16.438 16.333 16.27 16.223 16.195 16.188 16.198 16.258 16.378 16.528 16.687 16.84 16.98 17.115 17.26 17.43 17.59 17.692 17.765 17.83 17.885 17.917 17.917 17.895 17.865 17.903 18.015 18.138 18.267 18.367 18.427 18.462 18.467 18.488 18.552 18.645 18.747 18.85 18.955 19.027 19.03 19.043 19.097 19.147 19.187 19.207 19.207 19.2 19.198
17.88 17.895 17.902 17.89 17.865 17.853 17.852 17.832 17.795 17.8 17.792 17.735 17.667 17.587 17.488 17.438 17.452 17.457 17.445 17.365 17.218 17.068 16.933 16.803 16.663 16.52 16.42 16.375 16.358 16.358 16.365 16.375 16.405 16.495 16.643 16.807 16.97 17.125 17.268 17.425 17.615 17.79 17.902 17.967 18.02 18.07 18.122 18.162 18.175 18.163 18.205 18.315 18.427 18.547 18.63 18.652 18.637 18.6 18.6 18.653 18.728 18.823 18.925 19.03 19.13 19.172 19.198 19.25 19.295 19.332 19.355 19.362 19.362 19.363
18.14 18.128 18.125 18.12 18.105 18.105 18.107 18.08 18.033 18 17.963 17.908 17.853 17.795 17.722 17.673 17.66 17.648 17.617 17.523 17.38 17.24 17.103 16.963 16.815 16.668 16.573 16.545 16.535 16.533 16.54 16.553 16.568 16.628 16.76 16.925 17.09 17.263 17.43 17.605 17.807 17.992 18.105 18.157 18.205 18.255 18.308 18.36 18.405 18.432 18.49 18.592 18.695 18.797 18.847 18.818 18.765 18.718 18.718 18.77 18.833 18.905 18.998 19.105 19.215 19.297 19.35 19.398 19.44 19.477 19.5 19.51 19.518 19.528
18.465 18.425 18.382 18.353 18.347 18.355 18.352 18.317 18.262 18.21 18.158 18.103 18.048 17.99 17.928 17.895 17.885 17.865 17.822 17.725 17.6 17.475 17.345 17.208 17.06 16.91 16.818 16.79 16.768 16.745 16.735 16.74 16.748 16.775 16.895 17.093 17.295 17.505 17.67 17.815 18.007 18.187 18.292 18.342 18.39 18.44 18.493 18.545 18.595 18.625 18.69 18.802 18.902 18.995 19.037 19 18.935 18.883 18.873 18.915 18.973 19.033 19.115 19.22 19.333 19.44 19.512 19.555 19.595 19.627 19.652 19.67 19.68 19.69
18.757 18.69 18.617 18.575 18.57 18.575 18.57 18.532 18.478 18.425 18.375 18.32 18.265 18.205 18.128 18.108 18.13 18.12 18.072 17.977 17.86 17.735 17.605 17.47 17.33 17.185 17.093 17.065 17.032 16.988 16.963 16.96 16.963 17.015 17.165 17.385 17.625 17.85 17.97 18.048 18.21 18.372 18.465 18.522 18.575 18.625 18.675 18.727 18.76 18.75 18.808 18.942 19.065 19.172 19.232 19.212 19.153 19.105 19.078 19.098 19.155 19.223 19.3 19.39 19.498 19.61 19.685 19.725 19.752 19.768 19.802 19.84 19.855 19.858
18.952 18.86 18.803 18.788 18.783 18.782 18.775 18.74 18.69 18.642 18.595 18.54 18.477 18.402 18.323 18.315 18.362 18.375 18.327 18.23 18.115 17.992 17.865 17.73 17.595 17.458 17.365 17.327 17.28 17.225 17.2 17.205 17.258 17.395 17.563 17.755 17.99 18.18 18.252 18.283 18.413 18.562 18.64 18.698 18.753 18.807 18.86 18.905 18.897 18.855 18.913 19.055 19.195 19.327 19.422 19.427 19.38 19.34 19.302 19.298 19.355 19.44 19.515 19.59 19.68 19.782 19.855 19.885 19.89 19.895 19.94 20 20.032 20.035
19.105 19.033 19.007 19.002 19 18.995 18.985 18.955 18.905 18.858 18.81 18.752 18.677 18.59 18.523 18.528 18.58 18.617 18.582 18.477 18.352 18.22 18.092 17.962 17.832 17.702 17.615 17.572 17.52 17.465 17.45 17.51 17.648 17.825 17.98 18.14 18.355 18.5 18.525 18.53 18.628 18.752 18.815 18.873 18.93 18.988 19.045 19.062 19.008 18.955 19.018 19.162 19.302 19.44 19.562 19.602 19.572 19.535 19.495 19.503 19.573 19.652 19.727 19.802 19.88 19.962 20.015 20.025 20.02 20.023 20.068 20.145 20.195 20.205
19.257 19.205 19.185 19.167 19.152 19.11 19.077 19.122 19.137 19.083 19.025 18.955 18.868 18.775 18.723 18.74 18.793 18.85 18.817 18.69 18.55 18.405 18.275 18.152 18.03 17.91 17.83 17.79 17.742 17.695 17.72 17.857 18.042 18.227 18.397 18.547 18.707 18.795 18.795 18.798 18.853 18.933 18.993 19.063 19.135 19.205 19.255 19.227 19.14 19.08 19.12 19.245 19.382 19.515 19.63 19.697 19.7 19.665 19.658 19.718 19.787 19.845 19.92 20 20.072 20.135 20.175 20.185 20.183 20.185 20.23 20.307 20.347 20.352
19.385 19.325 19.29 19.26 19.205 19.085 19.028 19.162 19.315 19.325 19.26 19.175 19.075 18.98 18.938 18.968 19.025 19.082 19.027 18.87 18.72 18.575 18.445 18.327 18.208 18.098 18.028 17.988 17.95 17.918 17.963 18.115 18.307 18.5 18.687 18.86 18.975 19.015 19.027 19.045 19.075 19.14 19.225 19.31 19.395 19.477 19.492 19.42 19.335 19.265 19.258 19.325 19.44 19.57 19.667 19.737 19.782 19.8 19.858 19.942 19.99 20.033 20.1 20.172 20.232 20.285 20.332 20.367 20.38 20.383 20.427 20.485 20.492 20.485
19.482 19.41 19.36 19.3 19.175 18.998 18.955 19.125 19.355 19.507 19.507 19.415 19.31 19.23 19.205 19.228 19.273 19.31 19.23 19.058 18.898 18.748 18.615 18.5 18.383 18.283 18.228 18.195 18.168 18.143 18.173 18.303 18.485 18.675 18.862 19.037 19.155 19.21 19.245 19.272 19.3 19.37 19.477 19.582 19.68 19.74 19.712 19.632 19.557 19.485 19.453 19.473 19.53 19.618 19.708 19.79 19.873 19.975 20.09 20.165 20.195 20.217 20.262 20.322 20.375 20.425 20.475 20.525 20.562 20.577 20.612 20.64 20.628 20.62
19.5 19.45 19.405 19.295 19.093 18.89 18.88 19.062 19.257 19.447 19.545 19.542 19.52 19.502 19.505 19.515 19.535 19.535 19.43 19.255 19.085 18.923 18.785 18.67 18.563 18.48 18.44 18.415 18.39 18.368 18.39 18.5 18.667 18.845 19.01 19.16 19.285 19.38 19.45 19.5 19.535 19.593 19.695 19.815 19.85 19.815 19.787 19.755 19.72 19.685 19.667 19.673 19.688 19.73 19.815 19.915 20.025 20.172 20.295 20.337 20.35 20.367 20.398 20.445 20.505 20.562 20.615 20.665 20.712 20.747 20.772 20.777 20.765 20.757
19.45 19.483 19.495 19.383 19.178 18.963 18.883 18.943 19.008 19.103 19.23 19.375 19.522 19.625 19.682 19.712 19.725 19.702 19.597 19.437 19.267 19.1 18.965 18.86 18.768 18.695 18.655 18.63 18.605 18.588 18.6 18.693 18.84 18.982 19.12 19.262 19.39 19.492 19.587 19.672 19.742 19.81 19.855 19.867 19.835 19.798 19.8 19.813 19.823 19.832 19.85 19.87 19.885 19.913 19.985 20.085 20.213 20.355 20.437 20.455 20.465 20.495 20.525 20.56 20.62 20.685 20.737 20.782 20.825 20.862 20.885 20.887 20.882 20.88
19.49 19.605 19.655 19.555 19.387 19.202 19.045 18.975 18.983 19.028 19.043 19.145 19.375 19.56 19.672 19.742 19.79 19.78 19.7 19.575 19.417 19.258 19.145 19.072 18.995 18.915 18.865 18.84 18.815 18.808 18.82 18.888 19.005 19.115 19.228 19.365 19.497 19.6 19.695 19.79 19.87 19.915 19.9 19.868 19.875 19.895 19.91 19.928 19.943 19.963 20 20.047 20.082 20.105 20.16 20.263 20.39 20.495 20.545 20.568 20.593 20.627 20.657 20.685 20.73 20.79 20.84 20.877 20.915 20.947 20.965 20.97 20.972 20.977
19.64 19.78 19.817 19.705 19.548 19.413 19.318 19.308 19.378 19.405 19.285 19.185 19.283 19.462 19.595 19.688 19.792 19.817 19.75 19.662 19.535 19.4 19.32 19.275 19.217 19.14 19.08 19.05 19.033 19.04 19.06 19.095 19.18 19.278 19.363 19.475 19.602 19.71 19.802 19.865 19.898 19.93 19.965 20.007 20.032 20.04 20.052 20.065 20.083 20.11 20.15 20.205 20.257 20.295 20.343 20.435 20.537 20.607 20.652 20.688 20.725 20.762 20.792 20.818 20.848 20.895 20.942 20.97 20.965 20.947 20.98 21.032 21.055 21.06
19.82 19.957 19.99 19.9 19.79 19.7 19.678 19.753 19.867 19.855 19.685 19.48 19.363 19.408 19.518 19.63 19.775 19.832 19.775 19.705 19.63 19.553 19.495 19.458 19.417 19.36 19.3 19.265 19.263 19.28 19.3 19.32 19.373 19.453 19.528 19.613 19.715 19.808 19.89 19.95 19.995 20.065 20.132 20.165 20.175 20.185 20.195 20.208 20.23 20.26 20.3 20.352 20.407 20.46 20.51 20.572 20.637 20.692 20.75 20.81 20.86 20.897 20.925 20.95 20.975 20.995 20.982 20.937 20.865 20.798 20.845 20.957 21.04 21.107
20.04 20.177 20.24 20.21 20.153 20.088 20.095 20.192 20.27 20.235 20.082 19.885 19.68 19.538 19.528 19.62 19.765 19.838 19.808 19.783 19.79 19.78 19.733 19.683 19.633 19.578 19.518 19.493 19.515 19.543 19.57 19.598 19.62 19.67 19.745 19.82 19.908 19.995 20.083 20.175 20.23 20.235 20.26 20.297 20.31 20.32 20.33 20.343 20.365 20.392 20.425 20.47 20.522 20.577 20.625 20.66 20.697 20.745 20.813 20.9 20.98 21.027 21.037 21.035 21.032 21.017 20.96 20.875 20.78 20.703 20.73 20.848 20.983 21.117
20.307 20.455 20.545 20.557 20.532 20.487 20.5 20.555 20.547 20.502 20.425 20.282 20.09 19.898 19.815 19.848 19.913 19.948 19.955 19.995 20.055 20.08 20.042 19.978 19.912 19.822 19.725 19.73 19.81 19.86 19.895 19.92 19.915 19.943 20.018 20.103 20.2 20.302 20.38 20.405 20.372 20.298 20.305 20.392 20.437 20.45 20.46 20.47 20.488 20.51 20.533 20.565 20.61 20.665 20.705 20.723 20.745 20.785 20.858 20.955 21.035 21.067 21.055 21.025 20.995 20.965 20.92 20.86 20.8 20.773 20.795 20.863 20.983 21.125
20.535 20.712 20.81 20.825 20.817 20.797 20.797 20.797 20.767 20.727 20.685 20.615 20.482 20.345 20.287 20.277 20.255 20.238 20.255 20.295 20.345 20.382 20.357 20.277 20.167 20.015 19.903 19.948 20.075 20.177 20.235 20.237 20.207 20.23 20.31 20.395 20.482 20.57 20.595 20.525 20.43 20.338 20.33 20.435 20.537 20.58 20.59 20.6 20.613 20.63 20.65 20.673 20.705 20.752 20.785 20.793 20.8 20.83 20.902 20.977 21.012 21.015 20.995 20.965 20.935 20.905 20.863 20.82 20.82 20.865 20.91 20.95 21.02 21.132
20.655 20.827 20.902 20.892 20.877 20.865 20.857 20.852 20.842 20.822 20.8 20.775 20.735 20.7 20.692 20.672 20.627 20.602 20.612 20.635 20.665 20.692 20.635 20.492 20.32 20.133 20.06 20.145 20.28 20.402 20.472 20.472 20.437 20.462 20.542 20.615 20.685 20.755 20.745 20.648 20.543 20.458 20.458 20.538 20.633 20.698 20.72 20.73 20.738 20.75 20.77 20.79 20.813 20.843 20.862 20.868 20.87 20.885 20.92 20.943 20.95 20.953 20.935 20.905 20.875 20.845 20.823 20.83 20.873 20.93 20.987 21.045 21.095 21.16
20.695 20.817 20.84 20.813 20.795 20.785 20.775 20.77 20.767 20.762 20.762 20.77 20.787 20.82 20.86 20.88 20.887 20.92 20.955 20.97 20.965 20.935 20.82 20.627 20.433 20.253 20.223 20.327 20.432 20.52 20.582 20.602 20.588 20.623 20.702 20.775 20.845 20.912 20.895 20.793 20.705 20.663 20.685 20.745 20.805 20.85 20.868 20.873 20.878 20.885 20.9 20.92 20.942 20.952 20.953 20.958 20.963 20.965 20.963 20.96 20.96 20.943 20.91 20.88 20.85 20.82 20.82 20.865 20.917 20.957 21 21.052 21.102 21.147
20.707 20.785 20.77 20.74 20.715 20.7 20.693 20.688 20.685 20.693 20.71 20.735 20.765 20.8 20.845 20.923 21.037 21.172 21.24 21.215 21.16 21.085 20.952 20.76 20.563 20.398 20.37 20.448 20.518 20.585 20.653 20.697 20.718 20.768 20.85 20.93 21.002 21.065 21.042 20.953 20.905 20.89 20.915 20.975 21.02 21.032 21.03 21.03 21.033 21.035 21.045 21.067 21.082 21.07 21.058 21.062 21.065 21.062 21.058 21.055 21.035 20.977 20.925 20.895 20.865 20.833 20.835 20.885 20.93 20.947 20.96 20.99 21.03 21.072
20.697 20.73 20.7 20.67 20.64 20.618 20.61 20.615 20.63 20.655 20.685 20.715 20.745 20.8 20.88 20.982 21.112 21.247 21.3 21.252 21.19 21.132 21.075 20.955 20.775 20.62 20.57 20.61 20.658 20.708 20.76 20.805 20.847 20.912 20.995 21.077 21.155 21.215 21.2 21.148 21.128 21.118 21.145 21.187 21.2 21.195 21.19 21.19 21.19 21.19 21.198 21.212 21.205 21.177 21.165 21.165 21.162 21.158 21.152 21.137 21.082 21 20.945 20.915 20.882 20.845 20.848 20.892 20.925 20.935 20.935 20.943 20.96 20.995
20.65 20.647 20.615 20.585 20.555 20.543 20.553 20.575 20.605 20.635 20.665 20.692 20.707 20.73 20.797 20.887 20.975 21.065 21.095 21.055 21.012 21.01 21.062 21.082 21.02 20.897 20.835 20.867 20.897 20.902 20.882 20.865 20.902 20.997 21.095 21.185 21.275 21.345 21.362 21.357 21.352 21.345 21.357 21.367 21.357 21.342 21.33 21.327 21.335 21.342 21.345 21.332 21.295 21.252 21.247 21.26 21.257 21.252 21.242 21.197 21.112 21.023 20.965 20.932 20.895 20.855 20.858 20.892 20.915 20.927 20.93 20.928 20.925 20.938
20.532 20.532 20.498 20.475 20.47 20.488 20.52 20.55 20.58 20.61 20.64 20.64 20.62 20.595 20.585 20.625 20.698 20.785 20.812 20.775 20.77 20.828 20.915 21.005 21.072 21.077 21.057 21.045 21.02 20.97 20.895 20.845 20.893 21.01 21.122 21.227 21.312 21.357 21.38 21.4 21.415 21.427 21.432 21.422 21.402 21.377 21.357 21.355 21.367 21.382 21.39 21.37 21.322 21.27 21.267 21.305 21.327 21.34 21.312 21.232 21.137 21.045 20.982 20.945 20.905 20.865 20.86 20.885 20.905 20.92 20.925 20.923 20.92 20.918
20.352 20.397 20.385 20.395 20.42 20.455 20.49 20.52 20.55 20.58 20.58 20.535 20.505 20.485 20.443 20.42 20.443 20.51 20.535 20.528 20.585 20.673 20.76 20.847 20.932 21.005 21.045 21.035 20.975 20.9 20.825 20.805 20.885 21.005 21.12 21.205 21.25 21.257 21.26 21.283 21.313 21.347 21.365 21.355 21.335 21.313 21.295 21.295 21.305 21.32 21.332 21.33 21.305 21.258 21.25 21.295 21.337 21.352 21.3 21.202 21.11 21.027 20.972 20.935 20.895 20.853 20.845 20.872 20.895 20.912 20.917 20.915 20.915 20.91
20.03 20.15 20.255 20.345 20.39 20.422 20.457 20.49 20.517 20.515 20.455 20.405 20.397 20.375 20.33 20.285 20.258 20.265 20.29 20.343 20.43 20.52 20.61 20.687 20.732 20.755 20.805 20.865 20.877 20.832 20.76 20.773 20.88 20.97 21.03 21.065 21.09 21.12 21.142 21.172 21.21 21.252 21.272 21.267 21.26 21.245 21.232 21.235 21.245 21.257 21.267 21.272 21.27 21.24 21.235 21.27 21.29 21.277 21.21 21.12 21.045 20.983 20.938 20.9 20.857 20.808 20.795 20.83 20.867 20.9 20.912 20.907 20.905 20.902
19.643 19.803 19.97 20.112 20.21 20.292 20.387 20.45 20.442 20.38 20.305 20.285 20.29 20.267 20.228 20.188 20.15 20.115 20.13 20.2 20.285 20.375 20.457 20.5 20.492 20.488 20.535 20.615 20.687 20.72 20.707 20.73 20.795 20.827 20.835 20.848 20.883 20.94 20.995 21.047 21.1 21.152 21.177 21.17 21.162 21.152 21.147 21.157 21.17 21.182 21.192 21.197 21.202 21.197 21.2 21.21 21.205 21.182 21.127 21.06 21.002 20.95 20.9 20.852 20.805 20.75 20.723 20.75 20.8 20.845 20.865 20.865 20.867 20.87
