EGM722_Project_Data/DTM_asc/TL4753.asc
ncols         200
nrows         200
xllcorner     547000.000
yllcorner     253000.000
cellsize      5
NODATA_value  -9999.0
[rows 128 to 159 of 200, columns 73 to 145 of 200]
41.215 41.05 40.857 40.663 40.523 40.555 40.705 40.855 40.94 40.74 40.252 39.717 39.205 38.888 38.878 38.962 39.01 39.037 39.062 39.077 38.987 38.865 38.822 38.76 38.652 38.543 38.455 38.403 38.375 38.325 38.265 38.243 38.238 38.245 38.3 38.332 38.272 38.19 38.115 38.035 37.955 37.935 37.99 38.065 38.15 38.265 38.402 38.535 38.665 38.795 38.925 39.055 39.19 39.345 39.51 39.665 39.807 39.942 40.08 40.22 40.36 40.503 40.65 40.805 40.96 41.07 41.155 41.265 41.39 41.48 41.533 41.598 41.673
41.052 40.897 40.702 40.51 40.42 40.5 40.65 40.802 40.772 40.442 39.995 39.542 39.085 38.818 38.833 38.932 39.007 39.05 39.075 39.067 38.978 38.892 38.822 38.697 38.578 38.495 38.448 38.41 38.373 38.333 38.31 38.305 38.3 38.297 38.295 38.245 38.148 38.063 37.99 37.918 37.848 37.85 37.927 38.012 38.1 38.215 38.35 38.485 38.617 38.747 38.88 39.012 39.15 39.302 39.467 39.632 39.787 39.93 40.07 40.21 40.352 40.497 40.655 40.82 40.975 41.097 41.207 41.332 41.46 41.557 41.627 41.702 41.777
40.887 40.742 40.55 40.435 40.49 40.64 40.79 40.767 40.395 39.925 39.543 39.225 38.963 38.798 38.803 38.89 38.985 39.052 39.087 39.057 38.982 38.895 38.752 38.618 38.535 38.488 38.46 38.425 38.383 38.35 38.337 38.332 38.327 38.312 38.232 38.115 38.02 37.948 37.885 37.815 37.755 37.775 37.862 37.95 38.035 38.137 38.265 38.395 38.522 38.652 38.787 38.925 39.072 39.227 39.387 39.552 39.715 39.872 40.02 40.16 40.302 40.452 40.62 40.795 40.957 41.095 41.215 41.337 41.46 41.577 41.677 41.755 41.827
40.722 40.588 40.468 40.502 40.625 40.72 40.722 40.39 39.888 39.553 39.298 39.11 38.988 38.885 38.843 38.885 38.963 39.04 39.097 39.067 38.965 38.817 38.665 38.578 38.535 38.505 38.475 38.44 38.4 38.363 38.338 38.328 38.32 38.282 38.157 38 37.888 37.828 37.79 37.73 37.673 37.695 37.785 37.867 37.94 38.03 38.143 38.263 38.388 38.518 38.658 38.808 38.97 39.13 39.283 39.443 39.605 39.77 39.93 40.075 40.218 40.37 40.54 40.715 40.88 41.02 41.14 41.26 41.377 41.51 41.647 41.747 41.82
40.535 40.458 40.427 40.477 40.53 40.545 40.332 39.91 39.63 39.508 39.385 39.26 39.145 39.038 38.96 38.945 38.98 39.043 39.097 39.047 38.882 38.718 38.62 38.578 38.552 38.525 38.495 38.46 38.42 38.383 38.35 38.325 38.312 38.247 38.092 37.913 37.765 37.693 37.667 37.632 37.593 37.618 37.697 37.765 37.828 37.915 38.023 38.135 38.255 38.388 38.54 38.705 38.875 39.035 39.185 39.338 39.495 39.657 39.822 39.982 40.132 40.287 40.455 40.62 40.777 40.917 41.04 41.162 41.285 41.42 41.572 41.71 41.81
40.353 40.297 40.242 40.205 40.19 40.142 39.905 39.66 39.612 39.59 39.517 39.415 39.305 39.195 39.108 39.055 39.048 39.07 39.05 38.935 38.773 38.665 38.622 38.595 38.567 38.542 38.515 38.48 38.445 38.418 38.388 38.35 38.307 38.2 38.025 37.843 37.67 37.565 37.53 37.513 37.5 37.53 37.595 37.653 37.715 37.805 37.915 38.023 38.135 38.275 38.44 38.61 38.777 38.935 39.082 39.23 39.38 39.537 39.705 39.875 40.035 40.192 40.355 40.515 40.672 40.812 40.937 41.065 41.193 41.33 41.48 41.635 41.775
40.187 40.095 39.995 39.913 39.855 39.773 39.643 39.557 39.53 39.5 39.482 39.462 39.427 39.355 39.26 39.19 39.12 39.042 38.932 38.785 38.673 38.622 38.6 38.577 38.552 38.53 38.517 38.507 38.49 38.47 38.442 38.4 38.292 38.127 37.957 37.78 37.6 37.475 37.433 37.415 37.395 37.415 37.475 37.535 37.605 37.7 37.81 37.92 38.035 38.18 38.35 38.517 38.67 38.815 38.96 39.105 39.25 39.405 39.575 39.74 39.897 40.055 40.215 40.375 40.537 40.682 40.807 40.938 41.093 41.26 41.418 41.573 41.725
39.995 39.887 39.782 39.675 39.573 39.495 39.432 39.37 39.31 39.263 39.27 39.315 39.355 39.36 39.325 39.245 39.1 38.94 38.795 38.653 38.563 38.537 38.52 38.5 38.48 38.47 38.495 38.537 38.547 38.53 38.497 38.415 38.232 38.035 37.88 37.715 37.538 37.415 37.372 37.337 37.288 37.29 37.353 37.423 37.503 37.598 37.708 37.823 37.94 38.085 38.255 38.41 38.542 38.678 38.82 38.963 39.108 39.265 39.43 39.585 39.735 39.89 40.05 40.213 40.377 40.525 40.655 40.81 41.008 41.202 41.372 41.532 41.685
39.747 39.632 39.52 39.407 39.305 39.238 39.18 39.113 39.05 39.018 39.04 39.09 39.143 39.202 39.242 39.167 38.995 38.823 38.668 38.525 38.443 38.43 38.42 38.4 38.39 38.415 38.478 38.55 38.59 38.585 38.53 38.372 38.135 37.935 37.785 37.63 37.465 37.348 37.29 37.235 37.175 37.175 37.243 37.32 37.405 37.5 37.61 37.728 37.845 37.99 38.147 38.282 38.408 38.54 38.68 38.82 38.965 39.12 39.275 39.425 39.573 39.725 39.888 40.055 40.222 40.37 40.525 40.728 40.945 41.137 41.312 41.485 41.645
39.392 39.345 39.23 39.12 39.033 38.98 38.93 38.865 38.798 38.785 38.835 38.9 38.97 39.042 39.09 39.037 38.885 38.71 38.545 38.395 38.32 38.317 38.315 38.307 38.33 38.395 38.472 38.547 38.612 38.627 38.517 38.29 38.035 37.835 37.688 37.54 37.398 37.29 37.215 37.148 37.078 37.068 37.138 37.22 37.305 37.403 37.515 37.635 37.755 37.887 38.022 38.148 38.273 38.405 38.545 38.685 38.83 38.983 39.133 39.278 39.418 39.568 39.735 39.905 40.075 40.245 40.443 40.668 40.882 41.073 41.25 41.43 41.605
38.842 38.975 38.942 38.835 38.765 38.72 38.685 38.647 38.588 38.583 38.648 38.725 38.805 38.882 38.922 38.867 38.732 38.585 38.427 38.273 38.205 38.205 38.19 38.182 38.23 38.307 38.382 38.455 38.527 38.527 38.362 38.11 37.885 37.732 37.612 37.478 37.353 37.253 37.173 37.097 37.005 36.975 37.038 37.118 37.203 37.3 37.415 37.535 37.655 37.775 37.898 38.023 38.148 38.283 38.425 38.568 38.713 38.87 39.028 39.17 39.308 39.468 39.65 39.825 39.995 40.188 40.408 40.63 40.84 41.03 41.208 41.388 41.585
38.185 38.387 38.557 38.555 38.485 38.433 38.425 38.442 38.415 38.405 38.458 38.53 38.612 38.695 38.705 38.61 38.47 38.332 38.217 38.117 38.027 37.982 37.97 37.962 37.987 38.045 38.115 38.185 38.225 38.16 37.982 37.755 37.588 37.557 37.537 37.437 37.322 37.223 37.137 37.047 36.935 36.9 36.953 37.018 37.098 37.195 37.31 37.43 37.55 37.667 37.785 37.908 38.033 38.168 38.313 38.46 38.605 38.765 38.937 39.092 39.235 39.408 39.612 39.802 39.975 40.173 40.392 40.607 40.815 41.005 41.183 41.375 41.595
37.57 37.638 37.98 38.207 38.162 38.125 38.155 38.205 38.222 38.235 38.28 38.338 38.407 38.462 38.422 38.302 38.157 37.993 37.865 37.785 37.713 37.678 37.69 37.698 37.693 37.705 37.755 37.81 37.78 37.653 37.49 37.293 37.193 37.265 37.34 37.33 37.275 37.192 37.09 36.97 36.85 36.825 36.875 36.93 36.998 37.09 37.205 37.325 37.445 37.563 37.678 37.795 37.918 38.053 38.2 38.35 38.495 38.655 38.835 39.005 39.16 39.343 39.56 39.77 39.958 40.158 40.372 40.58 40.785 40.975 41.168 41.385 41.615
37.03 36.903 37.298 37.765 37.825 37.865 37.923 37.978 38.023 38.057 38.102 38.155 38.207 38.205 38.115 37.993 37.855 37.685 37.525 37.42 37.39 37.41 37.43 37.442 37.435 37.415 37.418 37.415 37.348 37.198 37.015 36.84 36.808 36.915 36.99 37.03 37.067 37.082 37.017 36.888 36.77 36.75 36.8 36.853 36.908 36.99 37.105 37.225 37.345 37.463 37.575 37.688 37.805 37.94 38.093 38.248 38.398 38.563 38.745 38.923 39.095 39.29 39.51 39.728 39.935 40.14 40.348 40.553 40.755 40.958 41.175 41.405 41.635
36.538 36.528 37.113 37.622 37.655 37.693 37.755 37.83 37.862 37.865 37.908 37.962 37.992 37.952 37.845 37.713 37.583 37.453 37.33 37.23 37.17 37.158 37.17 37.187 37.185 37.16 37.14 37.113 37.06 36.91 36.673 36.485 36.485 36.603 36.683 36.755 36.85 36.935 36.927 36.82 36.7 36.675 36.725 36.775 36.828 36.913 37.03 37.15 37.27 37.39 37.505 37.615 37.73 37.873 38.038 38.198 38.353 38.523 38.705 38.888 39.07 39.27 39.488 39.703 39.918 40.133 40.345 40.55 40.75 40.975 41.217 41.45 41.68
36.655 36.995 37.495 37.712 37.6 37.565 37.64 37.74 37.72 37.663 37.705 37.725 37.72 37.707 37.625 37.488 37.365 37.287 37.215 37.115 37.023 36.955 36.925 36.93 36.932 36.913 36.905 36.91 36.88 36.727 36.485 36.323 36.333 36.433 36.533 36.643 36.757 36.827 36.817 36.742 36.63 36.595 36.645 36.698 36.758 36.848 36.97 37.092 37.21 37.335 37.46 37.575 37.688 37.838 38.022 38.192 38.35 38.52 38.7 38.882 39.065 39.265 39.482 39.698 39.913 40.135 40.357 40.567 40.77 41.008 41.272 41.515 41.745
36.887 37.21 37.412 37.48 37.442 37.455 37.565 37.645 37.547 37.46 37.472 37.435 37.425 37.46 37.41 37.283 37.165 37.105 37.075 37 36.905 36.818 36.743 36.695 36.678 36.673 36.68 36.7 36.692 36.565 36.398 36.32 36.31 36.365 36.458 36.555 36.662 36.717 36.69 36.635 36.548 36.515 36.568 36.628 36.693 36.78 36.903 37.032 37.155 37.278 37.405 37.53 37.645 37.795 37.99 38.177 38.345 38.515 38.695 38.878 39.06 39.26 39.478 39.693 39.908 40.13 40.357 40.58 40.793 41.033 41.305 41.565 41.807
36.442 36.63 36.807 36.947 37.08 37.275 37.49 37.525 37.353 37.225 37.172 37.125 37.148 37.2 37.187 37.09 36.975 36.913 36.897 36.86 36.788 36.703 36.62 36.54 36.49 36.485 36.5 36.52 36.518 36.452 36.378 36.332 36.29 36.3 36.378 36.472 36.567 36.6 36.56 36.51 36.448 36.438 36.495 36.56 36.625 36.71 36.83 36.965 37.1 37.225 37.35 37.48 37.605 37.76 37.953 38.148 38.333 38.51 38.69 38.873 39.058 39.258 39.473 39.688 39.9 40.12 40.35 40.58 40.808 41.055 41.327 41.6 41.86
35.83 36.032 36.205 36.365 36.593 36.93 37.202 37.24 37.117 36.96 36.85 36.835 36.903 36.983 37.01 36.945 36.833 36.765 36.745 36.735 36.708 36.64 36.563 36.488 36.433 36.423 36.438 36.45 36.4 36.35 36.332 36.285 36.235 36.225 36.28 36.37 36.46 36.477 36.433 36.385 36.353 36.385 36.455 36.518 36.58 36.665 36.788 36.925 37.065 37.198 37.323 37.453 37.593 37.76 37.95 38.143 38.335 38.523 38.703 38.883 39.075 39.28 39.493 39.708 39.92 40.133 40.355 40.585 40.818 41.073 41.347 41.62 41.887
35.28 35.44 35.628 35.843 36.138 36.455 36.632 36.688 36.747 36.715 36.618 36.63 36.728 36.83 36.872 36.825 36.728 36.655 36.635 36.65 36.667 36.63 36.555 36.485 36.443 36.438 36.45 36.41 36.283 36.22 36.235 36.205 36.16 36.155 36.193 36.258 36.34 36.355 36.31 36.283 36.283 36.34 36.432 36.505 36.565 36.655 36.783 36.92 37.057 37.19 37.32 37.46 37.615 37.79 37.98 38.17 38.36 38.548 38.728 38.918 39.125 39.335 39.545 39.757 39.97 40.175 40.383 40.605 40.835 41.088 41.36 41.633 41.905
34.875 34.985 35.153 35.373 35.672 35.887 36.008 36.15 36.345 36.45 36.423 36.473 36.59 36.692 36.73 36.687 36.612 36.545 36.54 36.583 36.63 36.617 36.548 36.49 36.46 36.452 36.42 36.29 36.125 36.075 36.11 36.112 36.09 36.093 36.12 36.16 36.22 36.235 36.208 36.21 36.225 36.28 36.387 36.485 36.558 36.655 36.785 36.917 37.052 37.185 37.328 37.485 37.645 37.818 38.005 38.195 38.385 38.573 38.763 38.97 39.185 39.395 39.603 39.81 40.02 40.225 40.428 40.638 40.858 41.103 41.373 41.65 41.925
34.583 34.74 34.885 34.99 35.183 35.363 35.545 35.775 36.005 36.15 36.18 36.265 36.42 36.55 36.587 36.54 36.483 36.445 36.47 36.525 36.58 36.592 36.545 36.502 36.477 36.432 36.312 36.125 35.965 35.925 35.967 36 36.012 36.027 36.052 36.08 36.117 36.138 36.14 36.153 36.168 36.223 36.33 36.445 36.548 36.66 36.787 36.915 37.05 37.193 37.347 37.51 37.67 37.843 38.03 38.22 38.41 38.608 38.815 39.03 39.245 39.455 39.663 39.868 40.075 40.283 40.488 40.69 40.895 41.125 41.39 41.667 41.943
34.343 34.605 34.805 34.833 34.86 34.995 35.203 35.435 35.665 35.85 35.93 36.025 36.2 36.377 36.485 36.485 36.448 36.44 36.47 36.508 36.545 36.565 36.53 36.467 36.41 36.315 36.155 35.96 35.805 35.77 35.812 35.85 35.875 35.9 35.925 35.95 35.992 36.057 36.102 36.115 36.128 36.185 36.295 36.415 36.535 36.66 36.787 36.915 37.053 37.205 37.365 37.525 37.688 37.87 38.065 38.255 38.448 38.655 38.87 39.085 39.3 39.515 39.73 39.938 40.145 40.36 40.57 40.77 40.973 41.17 41.405 41.68 41.975
34.19 34.505 34.782 34.882 34.865 34.903 35 35.135 35.323 35.542 35.672 35.788 35.98 36.198 36.402 36.522 36.537 36.538 36.565 36.59 36.61 36.577 36.455 36.33 36.24 36.127 35.977 35.798 35.643 35.605 35.64 35.665 35.685 35.708 35.733 35.77 35.833 35.94 36.05 36.095 36.105 36.168 36.285 36.405 36.525 36.65 36.78 36.915 37.06 37.215 37.375 37.538 37.705 37.895 38.102 38.3 38.493 38.7 38.917 39.135 39.35 39.573 39.8 40.015 40.225 40.445 40.667 40.875 41.077 41.25 41.438 41.69 42.02
34.01 34.327 34.657 34.925 35.025 35.035 35.05 35.075 35.153 35.278 35.408 35.578 35.8 36.035 36.267 36.48 36.607 36.655 36.69 36.725 36.722 36.6 36.378 36.178 36.05 35.932 35.782 35.62 35.475 35.43 35.455 35.475 35.495 35.515 35.55 35.608 35.675 35.785 35.932 36.042 36.087 36.155 36.275 36.395 36.515 36.64 36.775 36.92 37.068 37.223 37.388 37.555 37.725 37.915 38.13 38.34 38.537 38.745 38.965 39.185 39.4 39.623 39.857 40.085 40.3 40.52 40.75 40.972 41.18 41.347 41.498 41.725 42.08
33.725 34.03 34.405 34.812 35.077 35.155 35.167 35.18 35.19 35.198 35.26 35.425 35.648 35.883 36.115 36.35 36.567 36.665 36.677 36.722 36.702 36.535 36.307 36.082 35.893 35.743 35.595 35.45 35.325 35.275 35.288 35.3 35.313 35.34 35.395 35.463 35.53 35.638 35.785 35.93 36.04 36.14 36.26 36.382 36.507 36.638 36.78 36.927 37.075 37.233 37.4 37.57 37.74 37.933 38.15 38.365 38.575 38.79 39.01 39.23 39.448 39.673 39.908 40.14 40.368 40.595 40.825 41.055 41.272 41.44 41.573 41.818 42.227
33.455 33.708 34.045 34.45 34.86 35.147 35.23 35.24 35.25 35.232 35.228 35.335 35.525 35.743 35.978 36.212 36.445 36.56 36.55 36.55 36.497 36.335 36.14 35.947 35.75 35.595 35.473 35.338 35.22 35.17 35.175 35.18 35.185 35.233 35.31 35.38 35.453 35.555 35.693 35.838 35.98 36.11 36.23 36.355 36.493 36.635 36.78 36.928 37.085 37.253 37.42 37.59 37.765 37.963 38.18 38.398 38.615 38.843 39.073 39.295 39.515 39.743 39.975 40.208 40.45 40.688 40.913 41.14 41.362 41.527 41.648 41.905 42.345
33.303 33.47 33.628 33.93 34.41 34.905 35.202 35.29 35.282 35.227 35.19 35.28 35.45 35.635 35.848 36.075 36.307 36.452 36.455 36.4 36.3 36.138 35.958 35.783 35.605 35.478 35.387 35.265 35.143 35.093 35.097 35.1 35.108 35.17 35.27 35.35 35.425 35.528 35.655 35.793 35.935 36.065 36.19 36.328 36.478 36.628 36.775 36.933 37.103 37.275 37.445 37.62 37.805 38.008 38.225 38.443 38.663 38.903 39.15 39.38 39.6 39.828 40.063 40.305 40.557 40.795 41.015 41.238 41.462 41.625 41.723 42.03 42.405
33.197 33.28 33.298 33.463 33.89 34.45 34.95 35.247 35.287 35.205 35.155 35.235 35.405 35.575 35.755 35.953 36.172 36.345 36.375 36.305 36.19 36.022 35.833 35.653 35.478 35.353 35.275 35.18 35.068 35.015 35.02 35.023 35.035 35.1 35.21 35.31 35.398 35.503 35.628 35.755 35.89 36.025 36.163 36.315 36.472 36.623 36.778 36.95 37.127 37.3 37.475 37.66 37.848 38.05 38.27 38.487 38.71 38.953 39.207 39.452 39.682 39.915 40.16 40.415 40.67 40.905 41.125 41.342 41.562 41.752 41.908 42.187 42.385
33.042 33.068 33.083 33.225 33.643 34.218 34.768 35.152 35.252 35.185 35.123 35.19 35.36 35.53 35.7 35.873 36.06 36.24 36.285 36.195 36.072 35.907 35.715 35.527 35.35 35.225 35.145 35.067 34.983 34.938 34.94 34.943 34.963 35.035 35.145 35.255 35.362 35.475 35.597 35.722 35.858 36.005 36.155 36.308 36.465 36.625 36.795 36.975 37.152 37.33 37.515 37.705 37.892 38.093 38.31 38.53 38.755 38.998 39.253 39.507 39.76 40.013 40.268 40.525 40.78 41.015 41.232 41.445 41.66 41.885 42.112 42.29 42.298
32.89 32.925 32.978 33.21 33.705 34.287 34.745 35.01 35.152 35.16 35.088 35.14 35.31 35.48 35.65 35.82 35.99 36.13 36.135 36.025 35.892 35.725 35.535 35.35 35.195 35.09 35.01 34.935 34.873 34.845 34.845 34.85 34.883 34.965 35.075 35.188 35.307 35.43 35.552 35.683 35.83 36 36.167 36.32 36.473 36.64 36.82 37 37.175 37.357 37.547 37.735 37.925 38.13 38.352 38.575 38.798 39.04 39.295 39.553 39.825 40.107 40.38 40.64 40.892 41.12 41.33 41.54 41.76 41.992 42.202 42.36 42.377
32.802 32.868 32.94 33.245 33.805 34.297 34.59 34.78 34.97 35.082 35.058 35.098 35.265 35.435 35.605 35.755 35.882 35.942 35.895 35.79 35.655 35.485 35.3 35.145 35.035 34.95 34.87 34.803 34.755 34.735 34.738 34.758 34.803 34.885 34.998 35.118 35.245 35.373 35.5 35.643 35.808 35.995 36.182 36.347 36.5 36.665 36.845 37.02 37.185 37.368 37.565 37.755 37.945 38.155 38.387 38.617 38.84 39.08 39.34 39.608 39.89 40.185 40.477 40.755 41.007 41.22 41.42 41.63 41.852 42.065 42.24 42.397 42.522
