EGM722_Project_Data/DTM_asc/TL4758.asc
ncols         200
nrows         200
xllcorner     547000.000
yllcorner     258000.000
cellsize      5
NODATA_value  -9999.0
[rows 70 to 104 of 200, columns 0 to 78 of 200]
7.595 7.605 7.615 7.62 7.595 7.54 7.48 7.428 7.423 7.462 7.482 7.48 7.475 7.47 7.46 7.435 7.402 7.365 7.35 7.36 7.37 7.37 7.357 7.35 7.347 7.342 7.337 7.332 7.33 7.325 7.305 7.275 7.25 7.228 7.227 7.232 7.218 7.203 7.16 7.088 7.075 7.175 7.335 7.513 7.685 7.93 8.272 8.62 8.755 8.61 8.385 8.145 7.89 7.65 7.453 7.37 7.423 7.582 7.747 7.832 7.8 7.67 7.583 7.565 7.57 7.572 7.567 7.55 7.535 7.525 7.508 7.485 7.465 7.445 7.425 7.405 7.387 7.373 7.383
7.58 7.59 7.597 7.597 7.582 7.54 7.483 7.435 7.413 7.43 7.452 7.457 7.457 7.452 7.445 7.43 7.405 7.373 7.36 7.367 7.365 7.345 7.323 7.31 7.303 7.298 7.293 7.288 7.285 7.28 7.262 7.235 7.21 7.193 7.215 7.26 7.27 7.255 7.21 7.135 7.073 7.14 7.343 7.53 7.608 7.708 7.983 8.335 8.635 8.717 8.562 8.332 8.087 7.83 7.59 7.5 7.523 7.578 7.665 7.755 7.757 7.64 7.57 7.575 7.587 7.59 7.585 7.57 7.558 7.55 7.535 7.515 7.495 7.475 7.455 7.432 7.41 7.395 7.405
7.562 7.575 7.58 7.575 7.565 7.537 7.49 7.448 7.413 7.405 7.42 7.43 7.437 7.435 7.425 7.415 7.402 7.38 7.367 7.362 7.34 7.31 7.288 7.273 7.26 7.253 7.248 7.243 7.24 7.235 7.22 7.198 7.175 7.16 7.185 7.25 7.297 7.302 7.26 7.188 7.12 7.198 7.402 7.54 7.567 7.593 7.748 8.043 8.395 8.667 8.642 8.457 8.275 8.022 7.778 7.667 7.647 7.548 7.525 7.645 7.692 7.62 7.57 7.583 7.597 7.607 7.602 7.59 7.585 7.58 7.565 7.545 7.522 7.5 7.48 7.458 7.435 7.418 7.425
7.535 7.552 7.557 7.552 7.545 7.53 7.497 7.46 7.427 7.403 7.398 7.403 7.41 7.415 7.41 7.4 7.392 7.38 7.365 7.345 7.315 7.285 7.26 7.245 7.23 7.218 7.21 7.205 7.205 7.2 7.185 7.165 7.145 7.13 7.155 7.22 7.285 7.33 7.325 7.28 7.238 7.3 7.432 7.512 7.52 7.535 7.618 7.795 8.1 8.45 8.642 8.51 8.318 8.14 7.868 7.755 7.755 7.57 7.45 7.543 7.62 7.607 7.578 7.59 7.605 7.62 7.62 7.615 7.612 7.607 7.595 7.573 7.548 7.525 7.505 7.485 7.465 7.445 7.453
7.522 7.535 7.535 7.53 7.525 7.515 7.497 7.467 7.435 7.405 7.39 7.393 7.398 7.403 7.4 7.39 7.38 7.373 7.365 7.348 7.32 7.29 7.265 7.248 7.233 7.225 7.223 7.218 7.213 7.195 7.17 7.15 7.128 7.115 7.148 7.218 7.288 7.352 7.377 7.357 7.335 7.355 7.43 7.49 7.475 7.478 7.545 7.64 7.84 8.158 8.505 8.567 8.38 8.247 8.005 7.8 7.762 7.565 7.415 7.478 7.555 7.585 7.58 7.59 7.602 7.622 7.637 7.637 7.632 7.63 7.625 7.605 7.58 7.56 7.54 7.52 7.5 7.485 7.498
7.517 7.52 7.515 7.51 7.505 7.495 7.485 7.465 7.435 7.405 7.39 7.395 7.4 7.397 7.392 7.385 7.378 7.375 7.372 7.365 7.347 7.32 7.295 7.278 7.27 7.273 7.275 7.27 7.247 7.207 7.173 7.15 7.138 7.14 7.178 7.25 7.322 7.382 7.402 7.388 7.385 7.4 7.44 7.47 7.435 7.428 7.488 7.555 7.66 7.885 8.212 8.507 8.52 8.397 8.242 7.93 7.683 7.535 7.465 7.508 7.557 7.565 7.567 7.575 7.593 7.627 7.652 7.652 7.65 7.65 7.647 7.637 7.62 7.6 7.58 7.56 7.545 7.538 7.55
7.5 7.5 7.495 7.488 7.48 7.47 7.46 7.447 7.43 7.405 7.39 7.392 7.395 7.392 7.387 7.383 7.38 7.38 7.377 7.372 7.365 7.345 7.323 7.315 7.32 7.327 7.327 7.307 7.262 7.213 7.18 7.168 7.175 7.19 7.223 7.285 7.35 7.405 7.427 7.428 7.44 7.46 7.465 7.442 7.393 7.38 7.432 7.498 7.565 7.683 7.93 8.265 8.502 8.49 8.38 8.162 7.795 7.635 7.63 7.615 7.597 7.555 7.545 7.563 7.595 7.64 7.665 7.665 7.668 7.667 7.663 7.66 7.655 7.64 7.62 7.605 7.598 7.593 7.603
7.477 7.482 7.48 7.468 7.455 7.445 7.435 7.425 7.415 7.4 7.387 7.385 7.385 7.385 7.382 7.38 7.38 7.38 7.377 7.372 7.37 7.362 7.355 7.357 7.365 7.372 7.36 7.317 7.262 7.218 7.2 7.208 7.222 7.238 7.265 7.315 7.373 7.427 7.457 7.467 7.482 7.495 7.472 7.415 7.355 7.32 7.36 7.44 7.51 7.577 7.708 7.975 8.31 8.507 8.507 8.37 8.065 7.833 7.787 7.737 7.65 7.56 7.53 7.56 7.602 7.65 7.68 7.685 7.688 7.687 7.685 7.685 7.683 7.675 7.663 7.655 7.652 7.648 7.652
7.453 7.465 7.47 7.458 7.445 7.445 7.433 7.41 7.4 7.39 7.375 7.365 7.365 7.365 7.365 7.365 7.365 7.365 7.362 7.36 7.357 7.357 7.362 7.367 7.375 7.377 7.35 7.297 7.248 7.225 7.23 7.245 7.26 7.278 7.305 7.348 7.403 7.457 7.487 7.492 7.5 7.507 7.477 7.413 7.35 7.298 7.29 7.315 7.33 7.39 7.528 7.733 8.02 8.355 8.555 8.515 8.302 8.015 7.88 7.802 7.658 7.54 7.5 7.54 7.59 7.657 7.72 7.745 7.72 7.708 7.727 7.735 7.733 7.73 7.718 7.703 7.7 7.695 7.69
7.43 7.45 7.462 7.455 7.453 7.47 7.457 7.413 7.39 7.38 7.36 7.34 7.333 7.33 7.332 7.335 7.338 7.34 7.338 7.335 7.333 7.335 7.34 7.345 7.35 7.345 7.315 7.265 7.238 7.245 7.26 7.275 7.293 7.315 7.348 7.388 7.438 7.49 7.515 7.513 7.515 7.522 7.492 7.43 7.375 7.328 7.283 7.238 7.19 7.23 7.408 7.583 7.775 8.073 8.39 8.547 8.475 8.223 8.013 7.87 7.65 7.483 7.453 7.51 7.585 7.667 7.742 7.755 7.723 7.733 7.772 7.797 7.805 7.805 7.785 7.753 7.74 7.735 7.725
7.418 7.442 7.457 7.46 7.473 7.502 7.495 7.44 7.393 7.37 7.35 7.325 7.305 7.295 7.298 7.303 7.31 7.315 7.313 7.31 7.31 7.315 7.32 7.32 7.315 7.305 7.278 7.25 7.255 7.275 7.29 7.308 7.333 7.36 7.395 7.435 7.477 7.522 7.545 7.54 7.535 7.535 7.507 7.453 7.405 7.36 7.315 7.27 7.22 7.23 7.35 7.487 7.613 7.825 8.13 8.422 8.535 8.415 8.185 8.007 7.758 7.475 7.415 7.48 7.558 7.628 7.687 7.705 7.72 7.765 7.807 7.847 7.872 7.877 7.855 7.815 7.785 7.773 7.762
7.41 7.437 7.458 7.475 7.5 7.535 7.532 7.48 7.42 7.37 7.335 7.31 7.287 7.268 7.262 7.267 7.275 7.282 7.29 7.295 7.295 7.3 7.3 7.29 7.28 7.27 7.26 7.265 7.285 7.305 7.322 7.345 7.375 7.405 7.44 7.475 7.507 7.54 7.555 7.552 7.547 7.545 7.522 7.477 7.435 7.392 7.347 7.3 7.25 7.225 7.285 7.4 7.508 7.643 7.875 8.19 8.472 8.537 8.362 8.182 7.92 7.565 7.433 7.48 7.54 7.6 7.655 7.7 7.742 7.787 7.835 7.882 7.925 7.945 7.925 7.885 7.845 7.815 7.797
7.41 7.438 7.463 7.49 7.52 7.557 7.56 7.51 7.447 7.367 7.305 7.28 7.257 7.227 7.213 7.217 7.223 7.243 7.282 7.31 7.315 7.318 7.298 7.265 7.25 7.24 7.248 7.27 7.29 7.31 7.332 7.36 7.392 7.42 7.447 7.477 7.502 7.527 7.54 7.54 7.54 7.535 7.51 7.47 7.432 7.397 7.357 7.31 7.26 7.218 7.245 7.335 7.428 7.528 7.673 7.928 8.285 8.535 8.515 8.34 8.075 7.74 7.53 7.52 7.58 7.635 7.68 7.72 7.76 7.803 7.85 7.9 7.95 7.977 7.957 7.915 7.875 7.837 7.812
7.42 7.445 7.468 7.495 7.525 7.57 7.582 7.535 7.455 7.343 7.265 7.24 7.21 7.17 7.148 7.15 7.17 7.215 7.28 7.335 7.357 7.36 7.322 7.26 7.228 7.215 7.225 7.252 7.275 7.295 7.32 7.35 7.377 7.395 7.415 7.447 7.477 7.502 7.515 7.515 7.51 7.497 7.47 7.43 7.398 7.372 7.34 7.297 7.25 7.213 7.24 7.315 7.39 7.478 7.57 7.723 8.025 8.39 8.557 8.465 8.242 7.953 7.675 7.573 7.615 7.66 7.7 7.74 7.78 7.82 7.863 7.91 7.957 7.977 7.952 7.908 7.865 7.83 7.805
7.427 7.452 7.475 7.498 7.533 7.587 7.607 7.547 7.437 7.31 7.228 7.195 7.155 7.11 7.085 7.095 7.143 7.205 7.267 7.332 7.382 7.397 7.357 7.285 7.225 7.195 7.205 7.235 7.262 7.285 7.31 7.335 7.347 7.355 7.375 7.41 7.447 7.477 7.487 7.482 7.47 7.455 7.43 7.395 7.37 7.35 7.32 7.28 7.238 7.208 7.24 7.312 7.38 7.45 7.52 7.595 7.793 8.15 8.48 8.565 8.422 8.17 7.863 7.665 7.64 7.68 7.72 7.76 7.8 7.84 7.88 7.922 7.957 7.967 7.945 7.9 7.855 7.82 7.8
7.435 7.458 7.48 7.505 7.55 7.61 7.617 7.532 7.408 7.283 7.185 7.127 7.082 7.04 7.025 7.057 7.117 7.18 7.242 7.307 7.37 7.41 7.387 7.32 7.248 7.19 7.185 7.215 7.245 7.272 7.292 7.305 7.312 7.318 7.335 7.37 7.407 7.442 7.455 7.445 7.43 7.412 7.39 7.365 7.347 7.33 7.3 7.26 7.223 7.195 7.215 7.275 7.335 7.395 7.452 7.505 7.613 7.88 8.272 8.55 8.552 8.35 8.058 7.778 7.658 7.682 7.725 7.765 7.807 7.85 7.89 7.93 7.952 7.952 7.932 7.89 7.842 7.805 7.795
7.46 7.483 7.505 7.53 7.573 7.63 7.625 7.527 7.4 7.275 7.15 7.033 6.96 6.92 6.92 6.975 7.04 7.1 7.162 7.227 7.295 7.36 7.367 7.32 7.262 7.195 7.17 7.195 7.222 7.247 7.262 7.27 7.278 7.285 7.298 7.323 7.355 7.39 7.405 7.395 7.38 7.36 7.34 7.32 7.302 7.29 7.282 7.26 7.225 7.195 7.185 7.21 7.26 7.32 7.377 7.428 7.488 7.643 7.973 8.38 8.577 8.5 8.252 7.923 7.7 7.663 7.705 7.747 7.792 7.835 7.872 7.902 7.917 7.917 7.902 7.865 7.815 7.778 7.775
7.505 7.53 7.555 7.575 7.603 7.65 7.642 7.542 7.415 7.287 7.148 6.988 6.855 6.773 6.763 6.832 6.912 6.977 7.04 7.103 7.198 7.285 7.295 7.265 7.227 7.18 7.155 7.168 7.192 7.215 7.23 7.238 7.245 7.257 7.265 7.273 7.295 7.33 7.345 7.335 7.317 7.292 7.27 7.25 7.235 7.228 7.245 7.262 7.245 7.215 7.19 7.18 7.198 7.243 7.3 7.35 7.395 7.488 7.693 8.065 8.462 8.6 8.467 8.155 7.808 7.66 7.678 7.722 7.765 7.8 7.825 7.842 7.855 7.86 7.85 7.822 7.78 7.748 7.748
7.563 7.582 7.605 7.625 7.645 7.677 7.66 7.557 7.43 7.302 7.162 7.003 6.84 6.7 6.633 6.678 6.775 6.852 6.918 6.998 7.132 7.225 7.215 7.185 7.158 7.145 7.148 7.153 7.163 7.183 7.2 7.208 7.218 7.232 7.237 7.235 7.243 7.27 7.285 7.27 7.245 7.218 7.195 7.178 7.168 7.163 7.183 7.222 7.245 7.232 7.205 7.188 7.178 7.185 7.223 7.27 7.31 7.388 7.515 7.753 8.172 8.545 8.62 8.417 8.038 7.723 7.653 7.695 7.727 7.75 7.765 7.777 7.79 7.795 7.787 7.772 7.745 7.72 7.72
7.615 7.63 7.65 7.67 7.69 7.712 7.685 7.58 7.45 7.323 7.185 7.033 6.88 6.733 6.623 6.615 6.668 6.725 6.803 6.923 7.082 7.155 7.135 7.125 7.128 7.145 7.167 7.17 7.165 7.178 7.193 7.198 7.203 7.21 7.213 7.21 7.208 7.218 7.22 7.195 7.168 7.143 7.123 7.113 7.105 7.1 7.118 7.158 7.202 7.227 7.22 7.202 7.182 7.163 7.17 7.198 7.23 7.293 7.405 7.56 7.848 8.307 8.615 8.605 8.337 7.92 7.675 7.653 7.673 7.688 7.7 7.71 7.723 7.73 7.725 7.713 7.698 7.69 7.695
7.642 7.665 7.69 7.71 7.73 7.74 7.702 7.612 7.497 7.37 7.235 7.093 6.958 6.813 6.678 6.66 6.685 6.688 6.75 6.88 7.028 7.095 7.1 7.12 7.15 7.18 7.2 7.2 7.203 7.225 7.24 7.24 7.24 7.225 7.195 7.18 7.177 7.175 7.163 7.135 7.108 7.088 7.078 7.073 7.068 7.063 7.068 7.098 7.14 7.185 7.215 7.21 7.187 7.163 7.155 7.165 7.18 7.21 7.315 7.485 7.66 7.998 8.457 8.672 8.577 8.24 7.838 7.663 7.658 7.67 7.678 7.685 7.698 7.7 7.69 7.678 7.67 7.675 7.685
7.66 7.695 7.727 7.75 7.767 7.752 7.697 7.625 7.535 7.43 7.305 7.17 7.052 6.892 6.71 6.698 6.772 6.77 6.81 6.933 7.05 7.108 7.125 7.15 7.18 7.21 7.23 7.238 7.263 7.302 7.317 7.315 7.31 7.272 7.208 7.158 7.14 7.135 7.12 7.095 7.073 7.065 7.065 7.063 7.058 7.053 7.048 7.055 7.085 7.128 7.17 7.195 7.19 7.168 7.158 7.165 7.175 7.19 7.298 7.47 7.578 7.753 8.175 8.617 8.727 8.537 8.15 7.81 7.713 7.71 7.718 7.725 7.725 7.71 7.695 7.683 7.673 7.675 7.693
7.688 7.725 7.762 7.79 7.79 7.747 7.682 7.612 7.535 7.452 7.357 7.262 7.15 6.957 6.743 6.713 6.825 6.872 6.93 7.042 7.132 7.182 7.198 7.208 7.223 7.243 7.265 7.295 7.345 7.385 7.392 7.39 7.367 7.31 7.24 7.17 7.118 7.095 7.08 7.063 7.055 7.055 7.055 7.055 7.05 7.045 7.042 7.038 7.045 7.075 7.113 7.15 7.172 7.167 7.163 7.175 7.198 7.228 7.328 7.455 7.535 7.62 7.888 8.385 8.73 8.727 8.465 8.093 7.843 7.77 7.772 7.775 7.752 7.725 7.715 7.7 7.677 7.678 7.717
7.722 7.758 7.795 7.817 7.792 7.732 7.667 7.6 7.525 7.445 7.393 7.362 7.24 7.01 6.775 6.728 6.852 6.95 7.032 7.117 7.19 7.255 7.29 7.292 7.287 7.288 7.318 7.375 7.435 7.467 7.467 7.457 7.415 7.343 7.27 7.2 7.13 7.075 7.05 7.045 7.045 7.045 7.045 7.045 7.042 7.038 7.035 7.032 7.028 7.035 7.06 7.095 7.13 7.152 7.172 7.202 7.237 7.272 7.34 7.425 7.495 7.563 7.69 8.05 8.55 8.79 8.697 8.402 8.078 7.888 7.82 7.788 7.735 7.725 7.735 7.707 7.663 7.668 7.73
7.75 7.787 7.822 7.825 7.78 7.717 7.652 7.587 7.515 7.443 7.425 7.412 7.292 7.07 6.818 6.75 6.87 6.987 7.067 7.13 7.2 7.267 7.33 7.355 7.345 7.345 7.398 7.472 7.53 7.555 7.545 7.512 7.45 7.377 7.305 7.23 7.152 7.083 7.043 7.035 7.035 7.037 7.037 7.035 7.035 7.03 7.022 7.017 7.012 7.008 7.023 7.06 7.095 7.133 7.167 7.2 7.24 7.277 7.31 7.362 7.442 7.517 7.585 7.793 8.245 8.705 8.842 8.67 8.387 8.12 7.97 7.858 7.725 7.705 7.74 7.68 7.618 7.65 7.715
7.765 7.8 7.825 7.805 7.745 7.685 7.63 7.572 7.503 7.45 7.422 7.365 7.265 7.12 6.9 6.798 6.888 6.992 7.055 7.105 7.168 7.233 7.32 7.382 7.385 7.403 7.483 7.573 7.633 7.653 7.623 7.558 7.48 7.407 7.33 7.247 7.165 7.098 7.055 7.035 7.03 7.032 7.03 7.025 7.022 7.015 7.005 6.995 6.988 6.983 7 7.04 7.078 7.12 7.15 7.168 7.2 7.24 7.26 7.275 7.338 7.435 7.532 7.643 7.938 8.447 8.84 8.877 8.662 8.415 8.212 8.002 7.775 7.668 7.66 7.598 7.565 7.612 7.662
7.77 7.795 7.802 7.765 7.7 7.638 7.582 7.532 7.478 7.425 7.355 7.265 7.175 7.085 6.95 6.858 6.903 6.99 7.05 7.093 7.14 7.2 7.292 7.39 7.425 7.46 7.56 7.798 8.075 8.172 8.112 7.875 7.58 7.425 7.34 7.255 7.175 7.113 7.075 7.05 7.033 7.025 7.02 7.012 7.005 6.995 6.985 6.975 6.965 6.96 6.98 7.02 7.063 7.107 7.137 7.15 7.17 7.205 7.222 7.21 7.218 7.293 7.412 7.523 7.695 8.098 8.637 8.927 8.862 8.657 8.415 8.155 7.893 7.678 7.56 7.52 7.513 7.53 7.57
7.765 7.785 7.777 7.725 7.658 7.593 7.53 7.495 7.503 7.47 7.378 7.285 7.193 7.098 7.005 6.905 6.89 6.977 7.047 7.09 7.13 7.178 7.26 7.375 7.45 7.53 7.885 8.307 8.502 8.56 8.53 8.372 8.052 7.71 7.458 7.293 7.185 7.128 7.095 7.07 7.045 7.03 7.018 7 6.99 6.98 6.968 6.955 6.945 6.94 6.963 7.005 7.05 7.095 7.125 7.14 7.155 7.178 7.185 7.17 7.153 7.165 7.263 7.42 7.56 7.818 8.3 8.795 8.98 8.85 8.615 8.355 8.09 7.823 7.603 7.49 7.45 7.443 7.47
7.755 7.77 7.745 7.683 7.615 7.56 7.518 7.515 7.585 7.605 7.525 7.43 7.335 7.235 7.125 6.973 6.878 6.93 7.01 7.055 7.095 7.165 7.288 7.423 7.533 7.865 8.385 8.57 8.47 8.4 8.405 8.467 8.445 8.282 7.967 7.59 7.343 7.2 7.125 7.1 7.083 7.098 7.078 7.023 7.005 6.993 6.978 6.965 6.953 6.943 6.965 7.01 7.055 7.1 7.13 7.145 7.16 7.175 7.175 7.16 7.145 7.13 7.21 7.387 7.515 7.638 7.968 8.505 8.952 9.022 8.82 8.575 8.312 8.047 7.783 7.563 7.443 7.383 7.385
7.745 7.747 7.705 7.645 7.598 7.563 7.538 7.565 7.662 7.717 7.67 7.58 7.485 7.38 7.242 7.068 6.908 6.875 6.937 6.985 7.053 7.185 7.36 7.528 7.878 8.372 8.562 8.485 8.39 8.3 8.265 8.285 8.345 8.455 8.415 8.175 7.86 7.51 7.28 7.183 7.173 7.242 7.217 7.105 7.05 7.03 7.015 7.002 6.985 6.97 6.99 7.035 7.08 7.125 7.155 7.17 7.182 7.195 7.195 7.18 7.165 7.15 7.23 7.38 7.465 7.535 7.705 8.12 8.702 9.052 9.005 8.777 8.527 8.27 8.007 7.75 7.545 7.41 7.373
7.745 7.725 7.68 7.64 7.613 7.588 7.57 7.62 7.735 7.822 7.81 7.727 7.635 7.51 7.345 7.162 6.978 6.86 6.865 6.94 7.068 7.237 7.41 7.823 8.352 8.512 8.455 8.41 8.347 8.267 8.2 8.173 8.173 8.23 8.345 8.412 8.33 8.095 7.773 7.46 7.308 7.355 7.36 7.24 7.133 7.075 7.053 7.033 7.01 6.998 7.018 7.063 7.108 7.152 7.182 7.195 7.205 7.215 7.215 7.2 7.185 7.173 7.238 7.342 7.403 7.475 7.565 7.803 8.298 8.855 9.095 8.97 8.737 8.485 8.225 7.965 7.72 7.533 7.45
7.785 7.743 7.7 7.665 7.638 7.613 7.615 7.687 7.78 7.837 7.845 7.817 7.755 7.615 7.435 7.252 7.067 6.895 6.843 6.945 7.107 7.278 7.618 8.212 8.477 8.365 8.31 8.277 8.245 8.203 8.16 8.128 8.095 8.09 8.133 8.188 8.255 8.312 8.277 8.072 7.73 7.488 7.42 7.35 7.25 7.173 7.115 7.07 7.033 7.023 7.045 7.09 7.135 7.177 7.205 7.215 7.225 7.235 7.232 7.218 7.208 7.2 7.228 7.285 7.34 7.415 7.505 7.625 7.94 8.5 9.03 9.145 8.937 8.695 8.438 8.182 7.925 7.69 7.565
7.873 7.83 7.785 7.74 7.703 7.668 7.63 7.62 7.635 7.642 7.652 7.685 7.712 7.622 7.44 7.255 7.07 6.91 6.865 6.97 7.135 7.42 8.012 8.395 8.322 8.22 8.165 8.143 8.138 8.143 8.143 8.125 8.095 8.065 8.053 8.058 8.075 8.143 8.282 8.365 8.287 8.05 7.745 7.535 7.525 7.433 7.25 7.188 7.128 7.083 7.075 7.108 7.15 7.192 7.22 7.23 7.237 7.247 7.257 7.255 7.248 7.24 7.235 7.243 7.28 7.353 7.44 7.533 7.693 8.115 8.782 9.185 9.125 8.897 8.65 8.395 8.138 7.883 7.698
7.985 7.95 7.905 7.858 7.813 7.767 7.673 7.543 7.448 7.373 7.34 7.4 7.522 7.52 7.36 7.178 7.015 6.915 6.898 6.993 7.24 7.84 8.35 8.332 8.18 8.095 8.07 8.08 8.108 8.142 8.157 8.14 8.11 8.085 8.078 8.083 8.098 8.128 8.153 8.22 8.39 8.47 8.342 8.118 8.067 7.815 7.443 7.365 7.285 7.195 7.138 7.13 7.155 7.197 7.225 7.235 7.245 7.26 7.285 7.302 7.3 7.29 7.275 7.253 7.25 7.298 7.383 7.478 7.568 7.823 8.405 9.047 9.26 9.09 8.857 8.605 8.35 8.095 7.878
8.102 8.07 8.025 7.975 7.927 7.877 7.772 7.618 7.463 7.318 7.238 7.235 7.313 7.377 7.282 7.123 7.018 6.965 6.95 7.073 7.69 8.359 8.372 8.158 8.075 8.043 8.055 8.088 8.122 8.157 8.167 8.15 8.125 8.105 8.103 8.118 8.15 8.19 8.2 8.198 8.253 8.375 8.54 8.582 8.547 8.155 7.66 7.523 7.425 7.325 7.25 7.205 7.183 7.2 7.225 7.24 7.26 7.28 7.303 7.327 7.345 7.345 7.327 7.3 7.273 7.283 7.353 7.437 7.513 7.675 8.093 8.752 9.232 9.257 9.057 8.815 8.56 8.305 8.093
