EGM722_Project_Data/DTM_asc/TL4761.asc
ncols         200
nrows         200
xllcorner     547000.000
yllcorner     261000.000
cellsize      5
NODATA_value  -9999.0
[rows 70 to 104 of 200, columns 80 to 159 of 200]
7.342 7.25 7.16 7.085 7.018 6.953 6.895 6.85 6.813 6.813 6.878 6.97 7.065 7.163 7.28 7.565 8 8.46 8.84 8.762 8.345 7.947 7.678 7.52 7.35 7.188 7.145 7.245 7.415 7.625 7.73 7.517 7.048 6.62 6.378 6.33 6.375 6.405 6.405 6.383 6.36 6.338 6.325 6.323 6.323 6.328 6.335 6.332 6.315 6.293 6.285 6.308 6.345 6.35 6.28 6.413 6.997 7.33 7.275 7.275 7.252 7.217 7.17 7.138 7.127 7.122 7.115 7.108 7.105 7.103 7.11 7.145 7.172 7.17 7.157 7.143 7.125 7.11 7.1 7.092
7.277 7.213 7.138 7.068 7.002 6.93 6.855 6.798 6.77 6.805 6.895 6.998 7.11 7.23 7.445 7.82 8.267 8.677 8.927 8.747 8.313 7.945 7.675 7.505 7.34 7.183 7.145 7.218 7.335 7.52 7.687 7.817 7.765 7.445 7.03 6.645 6.42 6.408 6.44 6.422 6.405 6.385 6.37 6.355 6.343 6.338 6.338 6.342 6.337 6.318 6.318 6.35 6.36 6.312 6.253 6.737 7.325 7.315 7.203 7.183 7.185 7.173 7.15 7.138 7.135 7.135 7.13 7.125 7.12 7.113 7.11 7.12 7.13 7.135 7.135 7.125 7.112 7.098 7.088 7.085
7.232 7.185 7.115 7.05 6.985 6.913 6.835 6.76 6.758 6.848 6.965 7.088 7.22 7.36 7.608 8.045 8.502 8.79 8.935 8.767 8.3 7.885 7.638 7.482 7.325 7.178 7.143 7.21 7.29 7.42 7.588 7.767 7.922 7.957 7.782 7.425 7.01 6.643 6.44 6.415 6.43 6.42 6.41 6.4 6.385 6.37 6.36 6.355 6.352 6.34 6.347 6.347 6.282 6.18 6.265 6.955 7.462 7.358 7.25 7.183 7.158 7.15 7.145 7.142 7.14 7.14 7.137 7.135 7.13 7.125 7.125 7.118 7.11 7.115 7.115 7.105 7.095 7.083 7.078 7.083
7.132 7.137 7.095 7.03 6.968 6.9 6.828 6.75 6.788 6.952 7.107 7.243 7.38 7.52 7.745 8.192 8.627 8.825 8.935 8.832 8.347 7.853 7.61 7.457 7.305 7.168 7.138 7.205 7.275 7.373 7.53 7.72 7.907 8.035 8.04 7.972 7.77 7.39 6.985 6.613 6.41 6.403 6.412 6.407 6.4 6.39 6.38 6.37 6.365 6.355 6.33 6.262 6.158 6.125 6.588 7.292 7.515 7.43 7.34 7.25 7.183 7.158 7.153 7.148 7.145 7.143 7.14 7.14 7.137 7.135 7.132 7.122 7.107 7.1 7.095 7.088 7.08 7.073 7.078 7.09
7.018 7.057 7.062 7.02 6.96 6.898 6.83 6.765 6.82 7.025 7.237 7.4 7.537 7.675 7.835 8.157 8.542 8.767 8.91 8.892 8.395 7.818 7.578 7.43 7.28 7.145 7.13 7.21 7.28 7.383 7.55 7.743 7.925 8.092 8.15 8.1 8.055 7.985 7.76 7.365 6.953 6.57 6.38 6.383 6.377 6.372 6.367 6.362 6.357 6.35 6.282 6.17 6.083 6.135 6.872 7.53 7.512 7.44 7.35 7.26 7.19 7.165 7.16 7.153 7.15 7.147 7.145 7.145 7.142 7.14 7.132 7.117 7.097 7.085 7.083 7.078 7.073 7.068 7.075 7.092
6.945 6.975 7 7 6.962 6.905 6.84 6.783 6.828 7.03 7.295 7.525 7.692 7.827 7.915 8.025 8.318 8.622 8.81 8.78 8.23 7.69 7.522 7.392 7.25 7.113 7.113 7.212 7.288 7.408 7.595 7.802 7.995 8.17 8.237 8.208 8.205 8.185 8.125 8.037 7.772 7.333 6.918 6.53 6.338 6.348 6.342 6.338 6.332 6.327 6.24 6.108 6.065 6.355 7.12 7.525 7.428 7.365 7.28 7.205 7.178 7.182 7.177 7.163 7.153 7.15 7.15 7.15 7.147 7.14 7.122 7.098 7.075 7.068 7.072 7.072 7.07 7.065 7.065 7.083
6.882 6.905 6.925 6.942 6.942 6.91 6.853 6.803 6.833 7.018 7.295 7.567 7.805 7.962 8.02 8.025 8.153 8.425 8.657 8.477 7.898 7.535 7.43 7.32 7.202 7.073 7.075 7.2 7.293 7.43 7.635 7.85 8.057 8.247 8.325 8.315 8.33 8.352 8.36 8.322 8.222 8.092 7.787 7.307 6.878 6.48 6.295 6.313 6.307 6.302 6.212 6.09 6.1 6.745 7.442 7.445 7.33 7.282 7.22 7.18 7.185 7.202 7.202 7.183 7.163 7.155 7.155 7.152 7.147 7.137 7.112 7.078 7.058 7.055 7.058 7.062 7.065 7.062 7.058 7.07
6.815 6.838 6.86 6.875 6.89 6.892 6.865 6.83 6.84 7.005 7.285 7.55 7.845 8.052 8.13 8.143 8.135 8.278 8.497 8.247 7.698 7.433 7.318 7.212 7.11 7.013 7.035 7.172 7.295 7.458 7.672 7.887 8.102 8.31 8.415 8.432 8.455 8.477 8.502 8.525 8.512 8.45 8.27 8.035 7.73 7.28 6.833 6.448 6.275 6.278 6.207 6.125 6.27 7.015 7.49 7.315 7.235 7.213 7.185 7.178 7.2 7.22 7.227 7.21 7.185 7.17 7.16 7.15 7.14 7.13 7.105 7.065 7.043 7.043 7.045 7.048 7.053 7.055 7.053 7.06
6.798 6.825 6.85 6.865 6.878 6.885 6.875 6.85 6.843 6.97 7.21 7.485 7.837 8.052 8.165 8.302 8.35 8.333 8.327 8.08 7.625 7.343 7.2 7.098 7.003 6.955 7.018 7.15 7.293 7.48 7.7 7.915 8.13 8.342 8.467 8.502 8.527 8.55 8.575 8.6 8.625 8.655 8.542 8.263 8.09 8.03 7.76 7.285 6.818 6.423 6.208 6.17 6.633 7.31 7.412 7.26 7.223 7.223 7.198 7.168 7.177 7.205 7.227 7.222 7.197 7.17 7.147 7.135 7.125 7.128 7.123 7.093 7.065 7.05 7.043 7.04 7.043 7.045 7.045 7.05
6.838 6.865 6.887 6.9 6.905 6.9 6.885 6.86 6.848 6.9 7.075 7.503 7.902 8.002 8.063 8.29 8.547 8.617 8.247 7.827 7.57 7.255 7.08 6.985 6.923 6.925 7.01 7.14 7.288 7.488 7.715 7.932 8.147 8.355 8.482 8.52 8.545 8.57 8.593 8.628 8.678 8.735 8.692 8.48 8.265 8.185 8.175 8.102 7.782 7.28 6.785 6.616 7.16 7.575 7.435 7.32 7.295 7.295 7.252 7.18 7.135 7.145 7.18 7.195 7.18 7.148 7.123 7.11 7.113 7.143 7.17 7.157 7.133 7.105 7.068 7.05 7.05 7.048 7.045 7.045
6.888 6.907 6.922 6.925 6.92 6.91 6.895 6.875 6.873 6.943 7.195 7.675 7.965 7.967 7.97 8.105 8.432 8.295 7.613 7.318 7.35 7.17 6.968 6.9 6.88 6.91 7.003 7.128 7.28 7.49 7.725 7.95 8.165 8.365 8.49 8.535 8.563 8.593 8.63 8.685 8.755 8.812 8.775 8.637 8.443 8.313 8.295 8.287 8.262 8.157 7.775 7.497 7.652 7.692 7.535 7.42 7.375 7.367 7.317 7.238 7.158 7.11 7.11 7.133 7.14 7.12 7.098 7.098 7.125 7.168 7.207 7.215 7.205 7.185 7.135 7.093 7.073 7.063 7.06 7.053
6.932 6.95 6.96 6.948 6.933 6.918 6.925 7 7.127 7.312 7.602 7.852 7.93 7.933 7.935 7.97 8.187 7.808 7.176 7.098 7.125 7.03 6.878 6.855 6.855 6.893 6.993 7.115 7.27 7.488 7.73 7.962 8.177 8.372 8.495 8.545 8.588 8.637 8.695 8.757 8.82 8.857 8.817 8.722 8.587 8.46 8.415 8.4 8.377 8.352 8.2 7.99 7.882 7.772 7.645 7.533 7.468 7.44 7.382 7.305 7.225 7.145 7.098 7.093 7.093 7.083 7.083 7.113 7.155 7.195 7.232 7.26 7.27 7.26 7.222 7.17 7.123 7.09 7.075 7.063
6.963 6.992 7.005 6.985 6.965 6.948 6.963 7.1 7.332 7.56 7.805 8.025 8.095 8.07 8.045 8.028 8.01 7.747 7.407 7.222 7.038 6.918 6.888 6.885 6.893 6.94 7.035 7.143 7.283 7.493 7.738 7.977 8.192 8.372 8.492 8.555 8.612 8.675 8.732 8.787 8.83 8.83 8.78 8.707 8.625 8.535 8.487 8.467 8.427 8.382 8.235 8.06 7.957 7.847 7.745 7.65 7.568 7.51 7.45 7.372 7.293 7.218 7.158 7.125 7.105 7.085 7.088 7.122 7.165 7.205 7.243 7.292 7.33 7.327 7.287 7.23 7.177 7.128 7.09 7.068
7 7.045 7.06 7.04 7.02 7.005 7.005 7.08 7.258 7.475 7.758 8.117 8.337 8.372 8.375 8.38 7.98 7.513 7.337 7.113 6.955 6.948 6.98 6.985 7.02 7.085 7.17 7.258 7.36 7.518 7.755 8.007 8.215 8.377 8.485 8.56 8.622 8.677 8.73 8.775 8.785 8.75 8.69 8.62 8.55 8.485 8.462 8.47 8.45 8.407 8.285 8.133 8.022 7.908 7.805 7.725 7.65 7.58 7.515 7.44 7.363 7.29 7.23 7.195 7.17 7.135 7.113 7.125 7.16 7.2 7.245 7.315 7.38 7.39 7.34 7.268 7.21 7.158 7.11 7.078
7.057 7.105 7.115 7.098 7.082 7.07 7.068 7.095 7.2 7.403 7.7 7.985 8.16 8.255 8.33 8.287 7.722 7.25 7.143 6.98 6.965 7.037 7.082 7.118 7.18 7.253 7.335 7.417 7.495 7.59 7.765 8.01 8.227 8.395 8.502 8.567 8.622 8.67 8.72 8.74 8.71 8.66 8.6 8.53 8.463 8.398 8.375 8.407 8.432 8.422 8.33 8.195 8.08 7.965 7.853 7.76 7.695 7.635 7.572 7.507 7.437 7.365 7.302 7.26 7.225 7.185 7.15 7.143 7.165 7.2 7.255 7.337 7.422 7.447 7.395 7.315 7.245 7.185 7.135 7.098
7.12 7.165 7.17 7.155 7.142 7.127 7.122 7.14 7.19 7.29 7.445 7.56 7.613 7.665 7.737 7.655 7.323 7.093 7.008 6.975 7.042 7.12 7.19 7.265 7.342 7.417 7.495 7.565 7.63 7.695 7.803 8.01 8.23 8.4 8.512 8.572 8.62 8.663 8.692 8.675 8.625 8.573 8.51 8.443 8.377 8.312 8.273 8.287 8.332 8.372 8.332 8.222 8.115 8.007 7.9 7.795 7.717 7.665 7.61 7.547 7.48 7.415 7.35 7.295 7.257 7.222 7.188 7.173 7.183 7.203 7.258 7.355 7.457 7.497 7.45 7.37 7.292 7.22 7.165 7.125
7.195 7.205 7.185 7.167 7.152 7.137 7.132 7.147 7.175 7.188 7.188 7.193 7.198 7.203 7.205 7.17 7.095 7.013 6.97 7.005 7.08 7.155 7.24 7.335 7.425 7.502 7.572 7.647 7.72 7.782 7.873 8.033 8.22 8.39 8.502 8.568 8.63 8.68 8.685 8.645 8.595 8.543 8.458 8.353 8.27 8.2 8.135 8.123 8.178 8.257 8.26 8.172 8.072 7.967 7.865 7.762 7.69 7.652 7.602 7.53 7.462 7.407 7.342 7.287 7.26 7.235 7.213 7.208 7.215 7.22 7.24 7.303 7.412 7.505 7.49 7.41 7.33 7.26 7.21 7.17
7.255 7.2 7.15 7.133 7.12 7.115 7.115 7.12 7.138 7.152 7.143 7.115 7.085 7.055 7.015 7 7.008 7.003 7 7.02 7.08 7.155 7.24 7.335 7.42 7.485 7.545 7.622 7.71 7.797 7.905 8.045 8.205 8.375 8.492 8.565 8.647 8.715 8.72 8.673 8.62 8.57 8.467 8.308 8.17 8.073 7.988 7.963 8.04 8.14 8.145 8.067 7.975 7.87 7.765 7.67 7.605 7.57 7.53 7.465 7.4 7.342 7.275 7.23 7.23 7.248 7.253 7.253 7.26 7.263 7.253 7.248 7.335 7.482 7.505 7.425 7.355 7.308 7.27 7.217
7.257 7.173 7.118 7.1 7.095 7.098 7.1 7.1 7.108 7.12 7.115 7.09 7.062 7.035 7.015 7.027 7.052 7.057 7.058 7.063 7.093 7.158 7.242 7.325 7.387 7.44 7.495 7.56 7.638 7.753 7.915 8.067 8.205 8.35 8.46 8.557 8.66 8.742 8.757 8.705 8.647 8.59 8.482 8.305 8.12 7.98 7.885 7.86 7.94 8.032 8.025 7.95 7.87 7.777 7.677 7.595 7.52 7.427 7.385 7.325 7.222 7.205 7.19 7.175 7.228 7.297 7.322 7.313 7.313 7.317 7.305 7.278 7.32 7.457 7.51 7.448 7.398 7.365 7.317 7.225
7.233 7.15 7.093 7.073 7.075 7.082 7.085 7.085 7.088 7.093 7.083 7.058 7.035 7.015 7.015 7.043 7.08 7.105 7.113 7.118 7.13 7.17 7.235 7.293 7.34 7.39 7.445 7.508 7.568 7.698 7.917 8.087 8.207 8.327 8.412 8.51 8.627 8.71 8.727 8.685 8.622 8.552 8.44 8.28 8.1 7.93 7.815 7.783 7.85 7.925 7.902 7.827 7.755 7.675 7.565 7.44 7.312 7.158 7.058 7 6.968 7.07 7.15 7.175 7.257 7.347 7.387 7.38 7.372 7.365 7.337 7.325 7.368 7.462 7.517 7.49 7.455 7.425 7.36 7.252
7.215 7.135 7.075 7.055 7.06 7.068 7.073 7.078 7.088 7.095 7.1 7.1 7.085 7.07 7.078 7.105 7.138 7.163 7.17 7.175 7.185 7.21 7.25 7.285 7.318 7.36 7.418 7.485 7.54 7.65 7.852 8.047 8.182 8.267 8.337 8.425 8.52 8.575 8.592 8.58 8.535 8.465 8.347 8.202 8.045 7.875 7.718 7.645 7.73 7.817 7.78 7.702 7.625 7.545 7.42 7.243 7.06 6.908 6.815 6.8 6.878 7.028 7.132 7.19 7.27 7.35 7.395 7.397 7.392 7.367 7.345 7.37 7.43 7.5 7.545 7.542 7.515 7.485 7.397 7.285
7.2 7.123 7.068 7.05 7.053 7.06 7.078 7.098 7.113 7.123 7.15 7.187 7.202 7.197 7.2 7.22 7.235 7.237 7.235 7.24 7.26 7.298 7.333 7.358 7.378 7.403 7.458 7.525 7.57 7.64 7.793 7.982 8.072 8.08 8.157 8.267 8.345 8.39 8.415 8.425 8.41 8.355 8.232 8.08 7.932 7.77 7.55 7.42 7.555 7.692 7.65 7.565 7.482 7.397 7.27 7.088 6.94 6.87 6.848 6.858 6.933 7.035 7.102 7.175 7.255 7.312 7.345 7.357 7.36 7.35 7.365 7.415 7.47 7.535 7.582 7.59 7.57 7.54 7.427 7.283
7.185 7.108 7.06 7.05 7.05 7.055 7.105 7.147 7.145 7.15 7.178 7.225 7.27 7.297 7.31 7.317 7.315 7.305 7.303 7.32 7.36 7.41 7.447 7.47 7.482 7.493 7.532 7.58 7.608 7.653 7.78 7.89 7.86 7.798 7.823 7.935 8.08 8.172 8.213 8.247 8.255 8.215 8.102 7.95 7.805 7.617 7.345 7.215 7.4 7.572 7.532 7.433 7.34 7.25 7.13 7.003 6.943 6.93 6.92 6.923 6.975 7.032 7.065 7.127 7.19 7.217 7.24 7.267 7.292 7.33 7.392 7.457 7.512 7.572 7.615 7.625 7.615 7.592 7.475 7.298
7.175 7.095 7.053 7.05 7.05 7.05 7.105 7.16 7.165 7.177 7.202 7.242 7.287 7.332 7.355 7.355 7.352 7.352 7.375 7.42 7.47 7.52 7.56 7.577 7.577 7.567 7.587 7.622 7.643 7.67 7.725 7.738 7.683 7.628 7.605 7.695 7.873 7.985 8.02 8.057 8.08 8.062 7.97 7.823 7.677 7.47 7.2 7.1 7.298 7.477 7.44 7.33 7.223 7.125 7.035 6.992 6.992 6.99 6.987 6.975 6.982 7.005 7.023 7.06 7.09 7.095 7.108 7.143 7.19 7.25 7.335 7.425 7.505 7.587 7.64 7.65 7.647 7.64 7.532 7.327
7.15 7.083 7.053 7.055 7.055 7.058 7.083 7.118 7.145 7.175 7.207 7.245 7.282 7.32 7.342 7.35 7.358 7.378 7.432 7.5 7.557 7.612 7.642 7.637 7.62 7.593 7.61 7.665 7.695 7.715 7.718 7.695 7.668 7.635 7.628 7.713 7.837 7.882 7.865 7.868 7.885 7.892 7.83 7.692 7.545 7.345 7.135 7.075 7.23 7.382 7.35 7.24 7.138 7.05 6.965 6.918 6.92 6.93 6.947 6.94 6.922 6.923 6.965 7.045 7.085 7.093 7.093 7.103 7.138 7.185 7.265 7.373 7.48 7.567 7.622 7.655 7.665 7.625 7.475 7.275
7.123 7.088 7.068 7.065 7.065 7.07 7.083 7.098 7.12 7.155 7.195 7.232 7.268 7.305 7.33 7.338 7.358 7.4 7.465 7.542 7.61 7.67 7.68 7.642 7.61 7.58 7.608 7.685 7.742 7.78 7.792 7.77 7.73 7.685 7.688 7.772 7.825 7.782 7.725 7.693 7.685 7.697 7.655 7.542 7.405 7.215 7.083 7.093 7.188 7.285 7.26 7.16 7.078 7.002 6.905 6.8 6.755 6.77 6.808 6.82 6.8 6.815 6.923 7.077 7.172 7.2 7.187 7.155 7.153 7.188 7.268 7.38 7.47 7.512 7.558 7.625 7.665 7.54 7.288 7.13
7.133 7.115 7.09 7.075 7.078 7.085 7.098 7.113 7.128 7.15 7.182 7.217 7.255 7.295 7.32 7.335 7.375 7.43 7.495 7.575 7.65 7.705 7.692 7.635 7.595 7.568 7.6 7.68 7.75 7.812 7.845 7.827 7.78 7.73 7.737 7.772 7.735 7.655 7.595 7.54 7.49 7.477 7.435 7.343 7.235 7.108 7.06 7.107 7.165 7.212 7.185 7.103 7.03 6.957 6.87 6.74 6.798 6.85 6.72 6.753 6.75 6.748 6.91 7.082 7.232 7.305 7.29 7.238 7.198 7.205 7.28 7.37 7.417 7.438 7.483 7.56 7.602 7.445 7.148 7.003
7.165 7.147 7.113 7.09 7.095 7.105 7.115 7.13 7.145 7.155 7.168 7.195 7.24 7.285 7.317 7.352 7.405 7.46 7.525 7.605 7.685 7.727 7.697 7.633 7.583 7.553 7.59 7.675 7.742 7.802 7.852 7.855 7.812 7.77 7.742 7.693 7.61 7.53 7.463 7.398 7.328 7.283 7.235 7.168 7.1 7.05 7.06 7.11 7.16 7.172 7.127 7.057 6.983 6.91 6.835 6.788 7.115 7.362 7.235 7.277 7.24 7.025 6.873 6.938 7.182 7.36 7.387 7.332 7.277 7.245 7.275 7.322 7.343 7.36 7.402 7.422 7.37 7.232 7.018 6.903
7.18 7.17 7.138 7.11 7.11 7.117 7.122 7.13 7.137 7.14 7.14 7.15 7.187 7.237 7.277 7.327 7.4 7.475 7.54 7.6 7.657 7.685 7.672 7.632 7.58 7.54 7.58 7.665 7.72 7.77 7.83 7.855 7.825 7.787 7.732 7.655 7.57 7.478 7.395 7.333 7.278 7.218 7.158 7.108 7.063 7.033 7.05 7.1 7.135 7.122 7.067 7.002 6.932 6.86 6.79 7.035 7.522 7.742 7.78 7.815 7.775 7.577 7.278 7.058 6.975 7.088 7.28 7.327 7.282 7.23 7.237 7.285 7.303 7.313 7.313 7.245 7.128 7.01 6.885 6.81
7.18 7.177 7.16 7.128 7.105 7.1 7.1 7.1 7.1 7.1 7.097 7.095 7.113 7.155 7.195 7.235 7.3 7.385 7.47 7.527 7.56 7.58 7.59 7.587 7.557 7.382 7.272 7.482 7.677 7.735 7.8 7.842 7.83 7.787 7.737 7.677 7.605 7.515 7.425 7.365 7.31 7.235 7.165 7.108 7.058 7.023 7.038 7.08 7.085 7.057 7.005 6.937 6.872 6.783 6.708 6.915 7.357 7.68 7.802 7.835 7.85 7.845 7.785 7.577 7.275 7.058 6.983 7.05 7.142 7.132 7.118 7.202 7.297 7.322 7.283 7.19 7.09 6.985 6.878 6.8
7.18 7.18 7.172 7.142 7.105 7.083 7.07 7.06 7.055 7.055 7.052 7.048 7.05 7.075 7.11 7.138 7.17 7.223 7.313 7.405 7.455 7.475 7.483 7.497 7.332 6.698 6.318 6.603 7.1 7.562 7.77 7.827 7.832 7.787 7.733 7.677 7.62 7.552 7.475 7.405 7.332 7.248 7.175 7.115 7.058 7.013 7.018 7.037 7.02 6.992 6.945 6.865 6.805 6.75 6.703 6.658 6.943 7.54 7.825 7.847 7.86 7.86 7.857 7.847 7.782 7.57 7.275 7.058 6.938 6.948 6.973 7.025 7.197 7.325 7.317 7.232 7.142 7.042 6.945 6.867
7.18 7.18 7.175 7.155 7.122 7.09 7.065 7.045 7.028 7.013 7.005 7.002 6.998 7.003 7.03 7.068 7.098 7.13 7.193 7.275 7.34 7.383 7.418 7.415 6.853 6.508 6.685 6.476 6.316 6.72 7.39 7.762 7.83 7.79 7.73 7.673 7.623 7.575 7.522 7.45 7.355 7.263 7.188 7.125 7.065 7.01 6.988 6.978 6.953 6.93 6.903 6.858 6.83 6.833 6.812 6.71 6.99 7.597 7.847 7.855 7.86 7.86 7.86 7.86 7.857 7.847 7.78 7.56 7.268 7.043 6.87 6.82 6.973 7.172 7.217 7.157 7.097 7.035 6.987 6.925
7.18 7.18 7.175 7.162 7.135 7.103 7.078 7.055 7.02 6.97 6.945 6.945 6.942 6.94 6.975 7.03 7.068 7.105 7.153 7.208 7.28 7.36 7.43 7.155 6.638 7.12 7.732 7.43 6.823 6.413 6.478 6.945 7.572 7.8 7.752 7.705 7.663 7.625 7.585 7.53 7.433 7.305 7.198 7.123 7.063 7.018 6.99 6.968 6.945 6.93 6.93 6.938 6.945 6.947 6.867 6.775 7.225 7.77 7.855 7.86 7.86 7.86 7.86 7.86 7.86 7.86 7.852 7.835 7.765 7.542 7.258 6.985 6.82 6.873 6.925 6.913 6.918 6.928 6.97 6.997
7.18 7.165 7.145 7.15 7.147 7.12 7.092 7.06 6.997 6.918 6.878 6.875 6.878 6.88 6.925 7 7.05 7.09 7.138 7.2 7.298 7.4 7.317 6.593 6.701 7.547 7.697 7.742 7.652 7.305 6.685 6.358 6.646 7.16 7.624 7.775 7.735 7.695 7.655 7.615 7.552 7.425 7.27 7.138 7.063 7.048 7.033 7.013 7 6.995 7.005 7.022 7.032 7.02 6.865 6.87 7.412 7.82 7.84 7.852 7.857 7.86 7.86 7.86 7.86 7.86 7.857 7.85 7.84 7.83 7.762 7.525 6.985 6.65 6.68 6.703 6.75 6.798 6.865 7.02
7.177 7.135 7.068 7.075 7.127 7.13 7.1 7.045 6.955 6.86 6.813 6.81 6.815 6.82 6.865 6.952 7.022 7.07 7.123 7.208 7.327 7.422 6.925 6.536 7.2 7.642 7.573 7.618 7.68 7.755 7.602 7.155 6.616 6.388 6.735 7.28 7.659 7.765 7.725 7.685 7.645 7.572 7.43 7.248 7.133 7.1 7.08 7.068 7.068 7.07 7.08 7.09 7.08 7.055 6.89 6.813 7.038 7.34 7.657 7.832 7.847 7.857 7.86 7.86 7.86 7.86 7.86 7.86 7.857 7.852 7.837 7.635 7.017 6.603 6.625 6.653 6.673 6.69 6.73 6.91
