EGM722_Project_Data/DTM_asc/TL4759.asc
ncols         200
nrows         200
xllcorner     547000.000
yllcorner     259000.000
cellsize      5
NODATA_value  -9999.0
[rows 0 to 32 of 200, columns 0 to 73 of 200]
3.238 3.173 3.118 3.07 3.023 3.093 3.425 3.728 3.945 4.332 4.667 4.78 4.815 4.86 4.897 4.902 4.847 4.745 4.713 4.81 4.95 5.067 5.087 5.005 4.887 4.763 4.688 4.668 4.658 4.65 4.63 4.603 4.577 4.55 4.533 4.532 4.535 4.532 4.53 4.527 4.52 4.507 4.497 4.487 4.465 4.435 4.425 4.435 4.435 4.42 4.453 4.51 4.525 4.74 5.11 4.878 4.99 5.44 5.365 5.34 5.36 5.43 5.52 5.563 5.658 6.308 7.027 7.212 6.78 5.608 4.62 4.365 4.365 4.345
3.095 3.03 3.103 3.45 3.735 3.925 4.362 4.737 4.862 4.925 4.975 5.002 5.012 5.037 5.04 4.975 4.87 4.755 4.728 4.83 4.965 5.055 5.047 4.967 4.865 4.748 4.663 4.628 4.608 4.593 4.573 4.55 4.53 4.505 4.493 4.498 4.503 4.505 4.505 4.503 4.5 4.492 4.477 4.455 4.425 4.395 4.385 4.395 4.405 4.412 4.425 4.438 4.44 4.64 5.102 4.892 4.968 5.465 5.408 5.398 5.395 5.428 5.507 5.555 5.86 6.632 7.137 7.127 6.367 5.21 4.6 4.413 4.37 4.343
3.258 3.615 3.8 4.182 4.542 4.697 4.847 4.975 5.085 5.172 5.192 5.162 5.125 5.102 5.075 4.992 4.88 4.765 4.743 4.85 4.952 4.982 4.95 4.885 4.807 4.717 4.638 4.598 4.583 4.565 4.545 4.525 4.505 4.478 4.463 4.468 4.475 4.48 4.48 4.48 4.477 4.462 4.437 4.41 4.383 4.358 4.35 4.36 4.37 4.388 4.43 4.497 4.533 4.73 4.875 4.62 4.865 5.385 5.46 5.455 5.45 5.455 5.5 5.578 6.1 6.85 7.135 6.9 5.888 4.885 4.555 4.448 4.403 4.368
4.085 4.49 4.532 4.51 4.543 4.603 4.728 4.892 5.06 5.187 5.192 5.117 5.052 5.01 4.99 4.955 4.88 4.775 4.758 4.842 4.887 4.887 4.852 4.785 4.715 4.655 4.608 4.58 4.57 4.555 4.535 4.515 4.49 4.455 4.438 4.445 4.452 4.457 4.46 4.457 4.445 4.422 4.395 4.365 4.343 4.328 4.323 4.33 4.337 4.348 4.43 4.577 4.685 4.75 4.6 4.42 4.588 5.135 5.515 5.512 5.507 5.503 5.513 5.705 6.397 7.005 7.075 6.537 5.46 4.735 4.543 4.485 4.438 4.4
4.747 4.78 4.72 4.65 4.605 4.6 4.66 4.748 4.863 4.992 5.015 4.955 4.913 4.88 4.86 4.85 4.825 4.765 4.753 4.787 4.792 4.79 4.755 4.685 4.633 4.61 4.595 4.578 4.563 4.545 4.525 4.502 4.47 4.43 4.415 4.422 4.428 4.432 4.435 4.425 4.402 4.378 4.35 4.325 4.31 4.3 4.295 4.297 4.3 4.305 4.383 4.532 4.687 4.715 4.702 4.58 4.421 4.98 5.545 5.55 5.547 5.545 5.548 5.915 6.662 7.06 6.89 6.032 5.083 4.698 4.568 4.522 4.475 4.433
4.837 4.865 4.857 4.817 4.782 4.775 4.785 4.788 4.813 4.86 4.857 4.82 4.785 4.75 4.735 4.733 4.73 4.72 4.71 4.708 4.7 4.693 4.665 4.623 4.608 4.612 4.602 4.58 4.56 4.54 4.515 4.483 4.445 4.408 4.395 4.4 4.405 4.41 4.403 4.383 4.36 4.338 4.313 4.293 4.28 4.27 4.265 4.263 4.258 4.26 4.328 4.44 4.54 4.632 4.817 4.897 4.628 4.98 5.547 5.56 5.57 5.593 5.638 6.163 6.842 7 6.572 5.575 4.84 4.658 4.595 4.555 4.512 4.468
4.872 4.89 4.91 4.912 4.892 4.877 4.872 4.86 4.827 4.77 4.72 4.69 4.66 4.648 4.653 4.658 4.663 4.665 4.658 4.643 4.63 4.62 4.608 4.6 4.605 4.612 4.597 4.57 4.55 4.53 4.502 4.468 4.43 4.395 4.383 4.388 4.393 4.395 4.388 4.368 4.345 4.325 4.305 4.285 4.27 4.263 4.263 4.26 4.253 4.25 4.273 4.3 4.31 4.365 4.603 4.99 4.903 4.938 5.405 5.577 5.63 5.658 5.798 6.42 6.947 6.85 6.16 5.243 4.743 4.598 4.572 4.542 4.51 4.485
4.9 4.913 4.93 4.925 4.887 4.855 4.835 4.8 4.735 4.653 4.595 4.57 4.563 4.585 4.605 4.61 4.615 4.617 4.612 4.598 4.588 4.583 4.58 4.58 4.585 4.597 4.585 4.553 4.53 4.507 4.482 4.457 4.425 4.39 4.378 4.382 4.385 4.385 4.385 4.375 4.355 4.335 4.315 4.298 4.288 4.285 4.29 4.297 4.298 4.293 4.28 4.26 4.255 4.33 4.578 4.94 5.125 4.913 5.155 5.657 5.745 5.688 5.95 6.627 6.922 6.575 5.718 4.99 4.685 4.543 4.498 4.473 4.468 4.493
4.925 4.937 4.94 4.902 4.845 4.807 4.77 4.702 4.613 4.525 4.478 4.478 4.5 4.535 4.557 4.563 4.568 4.572 4.568 4.558 4.555 4.555 4.558 4.563 4.57 4.582 4.572 4.54 4.513 4.485 4.46 4.44 4.415 4.383 4.37 4.375 4.375 4.378 4.377 4.37 4.36 4.345 4.33 4.323 4.318 4.315 4.323 4.337 4.347 4.347 4.335 4.335 4.368 4.463 4.698 5.005 5.28 4.915 5.018 5.722 5.815 5.713 6.13 6.772 6.797 6.187 5.35 4.888 4.668 4.5 4.423 4.425 4.463 4.52
4.942 4.947 4.925 4.865 4.802 4.75 4.685 4.603 4.513 4.43 4.405 4.433 4.468 4.5 4.518 4.523 4.528 4.53 4.528 4.525 4.528 4.53 4.535 4.547 4.56 4.57 4.56 4.53 4.497 4.465 4.44 4.42 4.4 4.375 4.363 4.368 4.37 4.373 4.375 4.373 4.37 4.365 4.36 4.358 4.353 4.35 4.358 4.373 4.39 4.403 4.413 4.447 4.502 4.593 4.787 5.035 5.25 5.003 5.05 5.605 5.72 5.795 6.322 6.777 6.56 5.778 5.103 4.853 4.665 4.48 4.398 4.435 4.497 4.557
4.887 4.905 4.887 4.822 4.748 4.693 4.652 4.585 4.503 4.428 4.413 4.448 4.48 4.5 4.505 4.508 4.51 4.505 4.5 4.503 4.507 4.507 4.51 4.525 4.54 4.55 4.537 4.502 4.467 4.44 4.42 4.4 4.38 4.365 4.365 4.372 4.375 4.375 4.388 4.402 4.405 4.405 4.405 4.4 4.395 4.4 4.413 4.43 4.45 4.47 4.498 4.542 4.597 4.673 4.81 4.993 5.187 5.232 5.078 5.3 5.573 5.853 6.46 6.677 6.195 5.42 4.97 4.82 4.67 4.483 4.413 4.468 4.532 4.592
4.775 4.837 4.842 4.775 4.678 4.623 4.632 4.615 4.555 4.478 4.458 4.492 4.512 4.512 4.51 4.51 4.505 4.493 4.485 4.487 4.487 4.48 4.48 4.495 4.507 4.512 4.495 4.458 4.43 4.415 4.4 4.38 4.363 4.358 4.367 4.38 4.387 4.39 4.408 4.437 4.452 4.455 4.452 4.448 4.45 4.468 4.49 4.51 4.53 4.55 4.57 4.603 4.65 4.715 4.833 4.99 5.163 5.345 4.98 5.05 5.515 5.898 6.542 6.525 5.828 5.17 4.903 4.777 4.662 4.49 4.43 4.5 4.567 4.627
4.688 4.785 4.797 4.715 4.595 4.528 4.55 4.58 4.577 4.525 4.503 4.525 4.525 4.517 4.512 4.507 4.495 4.478 4.47 4.467 4.46 4.45 4.45 4.46 4.465 4.465 4.445 4.418 4.405 4.395 4.38 4.363 4.353 4.355 4.365 4.38 4.397 4.405 4.423 4.46 4.49 4.502 4.5 4.5 4.518 4.545 4.572 4.592 4.61 4.63 4.65 4.673 4.705 4.763 4.877 5.035 5.16 5.25 4.888 4.975 5.51 5.948 6.45 6.207 5.505 5.023 4.828 4.723 4.637 4.503 4.453 4.525 4.597 4.66
4.628 4.735 4.742 4.637 4.505 4.433 4.45 4.49 4.527 4.535 4.532 4.535 4.525 4.517 4.507 4.492 4.477 4.46 4.447 4.44 4.43 4.42 4.418 4.42 4.418 4.415 4.403 4.388 4.383 4.375 4.363 4.353 4.35 4.353 4.363 4.38 4.403 4.42 4.443 4.478 4.513 4.54 4.555 4.57 4.595 4.625 4.652 4.672 4.69 4.71 4.73 4.752 4.777 4.81 4.87 4.955 5.008 5.057 4.973 4.928 5.468 6.08 6.25 5.85 5.243 4.92 4.748 4.668 4.595 4.5 4.478 4.547 4.617 4.682
4.593 4.69 4.675 4.55 4.418 4.35 4.373 4.42 4.468 4.512 4.532 4.525 4.515 4.505 4.48 4.45 4.435 4.42 4.407 4.4 4.39 4.38 4.385 4.392 4.388 4.385 4.393 4.398 4.393 4.385 4.378 4.375 4.375 4.378 4.39 4.413 4.438 4.455 4.475 4.508 4.543 4.58 4.612 4.635 4.66 4.69 4.715 4.735 4.757 4.777 4.797 4.82 4.84 4.857 4.865 4.87 4.88 4.95 5.127 5.033 5.483 6.165 6.04 5.565 5.113 4.89 4.765 4.7 4.635 4.538 4.498 4.555 4.617 4.682
4.573 4.645 4.6 4.47 4.37 4.33 4.348 4.393 4.445 4.495 4.515 4.503 4.49 4.48 4.447 4.4 4.375 4.363 4.353 4.347 4.34 4.33 4.343 4.367 4.375 4.375 4.395 4.422 4.435 4.432 4.425 4.428 4.433 4.44 4.455 4.477 4.495 4.503 4.52 4.553 4.588 4.635 4.672 4.688 4.71 4.74 4.765 4.785 4.805 4.82 4.84 4.865 4.885 4.905 4.915 4.915 4.928 4.995 5.192 5.358 5.692 6.062 5.82 5.33 4.973 4.803 4.865 4.905 4.855 4.673 4.525 4.555 4.605 4.668
4.562 4.595 4.53 4.435 4.385 4.363 4.365 4.393 4.433 4.477 4.495 4.48 4.465 4.455 4.422 4.365 4.323 4.305 4.295 4.29 4.285 4.278 4.29 4.325 4.355 4.365 4.385 4.42 4.452 4.475 4.482 4.488 4.495 4.505 4.52 4.537 4.545 4.548 4.565 4.598 4.64 4.697 4.735 4.748 4.765 4.79 4.815 4.832 4.842 4.85 4.87 4.902 4.932 4.952 4.963 4.975 5.005 5.08 5.27 5.605 5.845 5.892 5.615 5.283 5.167 4.875 4.765 5.03 5.105 4.8 4.575 4.588 4.613 4.658
4.545 4.547 4.503 4.455 4.425 4.397 4.395 4.415 4.44 4.467 4.475 4.46 4.445 4.432 4.397 4.34 4.285 4.25 4.238 4.233 4.228 4.228 4.248 4.285 4.325 4.355 4.385 4.425 4.465 4.507 4.535 4.545 4.555 4.567 4.58 4.588 4.593 4.595 4.608 4.648 4.705 4.762 4.797 4.812 4.825 4.842 4.86 4.87 4.875 4.88 4.9 4.932 4.967 4.995 5.018 5.05 5.09 5.178 5.388 5.67 5.792 5.69 5.47 5.36 5.495 5.382 5.015 4.903 5.042 4.89 4.635 4.645 4.655 4.673
4.52 4.517 4.495 4.465 4.435 4.407 4.397 4.41 4.43 4.445 4.445 4.432 4.417 4.402 4.37 4.315 4.26 4.223 4.21 4.208 4.205 4.225 4.258 4.288 4.325 4.365 4.408 4.455 4.5 4.542 4.572 4.587 4.603 4.625 4.645 4.65 4.653 4.655 4.665 4.708 4.77 4.825 4.852 4.86 4.872 4.887 4.895 4.9 4.905 4.91 4.923 4.948 4.982 5.018 5.077 5.152 5.205 5.31 5.517 5.67 5.685 5.552 5.35 5.358 5.575 5.747 5.55 4.938 4.935 5.017 4.715 4.7 4.71 4.705
4.5 4.5 4.475 4.448 4.42 4.393 4.378 4.378 4.388 4.402 4.405 4.395 4.382 4.37 4.34 4.288 4.245 4.22 4.21 4.21 4.228 4.28 4.32 4.333 4.36 4.4 4.445 4.495 4.54 4.58 4.61 4.628 4.65 4.685 4.712 4.725 4.73 4.73 4.743 4.778 4.83 4.887 4.907 4.9 4.908 4.92 4.925 4.93 4.938 4.945 4.95 4.96 4.985 5.02 5.103 5.22 5.317 5.447 5.612 5.67 5.592 5.405 5.21 5.358 5.68 5.732 5.57 5.008 4.98 5.16 4.83 4.755 4.755 4.725
4.477 4.477 4.457 4.432 4.405 4.378 4.363 4.358 4.355 4.363 4.365 4.355 4.345 4.338 4.313 4.273 4.245 4.225 4.213 4.225 4.278 4.352 4.392 4.395 4.408 4.438 4.48 4.53 4.577 4.62 4.65 4.675 4.71 4.75 4.777 4.792 4.805 4.81 4.825 4.858 4.9 4.955 4.975 4.958 4.948 4.95 4.958 4.965 4.975 4.985 4.99 4.988 4.993 5.02 5.1 5.23 5.38 5.552 5.665 5.667 5.497 5.195 5.07 5.36 5.717 5.72 5.572 5.013 4.985 5.282 4.955 4.808 4.787 4.735
4.455 4.457 4.442 4.417 4.39 4.363 4.348 4.343 4.338 4.335 4.335 4.333 4.328 4.325 4.315 4.293 4.268 4.243 4.23 4.268 4.345 4.425 4.465 4.468 4.473 4.485 4.52 4.568 4.615 4.66 4.695 4.73 4.77 4.812 4.842 4.857 4.872 4.885 4.907 4.942 4.98 5.025 5.042 5.025 5.005 4.993 4.995 5.005 5.015 5.025 5.03 5.025 5.02 5.03 5.12 5.288 5.458 5.625 5.695 5.652 5.38 5.025 4.933 5.145 5.485 5.715 5.745 5.088 4.978 5.335 5.043 4.86 4.807 4.748
4.442 4.44 4.42 4.395 4.37 4.34 4.333 4.337 4.335 4.33 4.338 4.355 4.36 4.36 4.365 4.36 4.335 4.305 4.29 4.325 4.4 4.482 4.537 4.552 4.555 4.563 4.593 4.638 4.68 4.715 4.748 4.785 4.825 4.867 4.897 4.915 4.93 4.945 4.972 5.007 5.045 5.075 5.09 5.082 5.06 5.043 5.04 5.05 5.06 5.062 5.057 5.05 5.045 5.075 5.205 5.405 5.57 5.675 5.697 5.555 5.195 4.928 4.908 4.99 5.198 5.517 5.73 5.165 5.015 5.332 5.068 4.89 4.823 4.76
4.432 4.415 4.39 4.363 4.337 4.31 4.313 4.337 4.345 4.34 4.358 4.397 4.417 4.42 4.43 4.442 4.432 4.405 4.388 4.398 4.448 4.527 4.595 4.632 4.647 4.658 4.685 4.727 4.762 4.785 4.808 4.835 4.87 4.91 4.94 4.96 4.977 4.993 5.018 5.055 5.085 5.095 5.107 5.117 5.105 5.09 5.09 5.1 5.1 5.085 5.07 5.063 5.088 5.175 5.335 5.51 5.652 5.715 5.695 5.385 5.008 4.948 5.01 5.09 5.185 5.34 5.59 5.38 5.253 5.33 5.053 4.898 4.832 4.765
4.41 4.385 4.36 4.33 4.305 4.28 4.283 4.317 4.342 4.348 4.37 4.422 4.462 4.477 4.49 4.51 4.52 4.507 4.495 4.495 4.513 4.57 4.637 4.69 4.73 4.75 4.775 4.81 4.835 4.855 4.875 4.893 4.918 4.955 4.985 5.005 5.025 5.04 5.065 5.092 5.1 5.103 5.115 5.135 5.145 5.137 5.135 5.137 5.12 5.095 5.083 5.108 5.188 5.303 5.465 5.602 5.695 5.73 5.64 5.263 4.978 5.045 5.132 5.22 5.305 5.385 5.525 5.61 5.335 5.103 5.038 4.91 4.838 4.765
4.378 4.355 4.33 4.303 4.28 4.26 4.265 4.298 4.328 4.348 4.383 4.438 4.49 4.527 4.55 4.57 4.59 4.6 4.6 4.602 4.605 4.63 4.683 4.735 4.787 4.83 4.86 4.885 4.905 4.922 4.94 4.957 4.977 5.005 5.03 5.05 5.07 5.087 5.102 5.107 5.105 5.108 5.12 5.142 5.165 5.175 5.17 5.155 5.13 5.108 5.125 5.205 5.31 5.428 5.572 5.69 5.737 5.727 5.607 5.27 5.055 5.123 5.217 5.312 5.402 5.49 5.578 5.71 5.253 4.99 5.165 5.01 4.915 4.82
4.345 4.335 4.323 4.3 4.283 4.278 4.293 4.32 4.348 4.383 4.433 4.485 4.538 4.585 4.617 4.64 4.66 4.68 4.69 4.695 4.7 4.708 4.743 4.798 4.85 4.89 4.915 4.935 4.952 4.967 4.985 5.005 5.022 5.042 5.065 5.085 5.105 5.125 5.132 5.128 5.125 5.123 5.125 5.143 5.165 5.185 5.182 5.157 5.133 5.135 5.205 5.32 5.43 5.552 5.655 5.732 5.76 5.72 5.64 5.353 5.133 5.185 5.28 5.375 5.468 5.562 5.64 5.68 5.39 5.08 5.187 5.262 5.167 5.068
4.328 4.338 4.335 4.32 4.315 4.325 4.347 4.373 4.408 4.46 4.515 4.565 4.61 4.65 4.685 4.715 4.74 4.757 4.767 4.773 4.78 4.79 4.823 4.875 4.912 4.932 4.95 4.967 4.98 4.993 5.01 5.03 5.048 5.068 5.092 5.117 5.14 5.16 5.167 5.162 5.158 5.153 5.145 5.145 5.16 5.18 5.18 5.155 5.153 5.2 5.288 5.41 5.54 5.657 5.725 5.755 5.755 5.707 5.637 5.405 5.208 5.248 5.343 5.437 5.532 5.592 5.6 5.57 5.482 5.033 5.05 5.445 5.42 5.392
4.33 4.352 4.353 4.35 4.363 4.378 4.4 4.433 4.48 4.54 4.595 4.64 4.675 4.71 4.745 4.78 4.815 4.835 4.845 4.852 4.862 4.875 4.902 4.937 4.955 4.968 4.985 5 5.01 5.018 5.03 5.05 5.07 5.093 5.118 5.145 5.172 5.195 5.202 5.197 5.193 5.187 5.178 5.168 5.165 5.175 5.175 5.175 5.218 5.285 5.36 5.475 5.625 5.727 5.772 5.78 5.747 5.69 5.612 5.438 5.285 5.313 5.405 5.487 5.535 5.522 5.477 5.433 5.407 5.098 5.033 5.38 5.5 5.53
4.343 4.375 4.39 4.398 4.415 4.433 4.458 4.503 4.56 4.62 4.67 4.705 4.738 4.773 4.808 4.843 4.88 4.907 4.92 4.93 4.94 4.95 4.967 4.985 4.995 5.005 5.018 5.03 5.038 5.043 5.055 5.075 5.095 5.118 5.143 5.17 5.2 5.225 5.235 5.233 5.228 5.223 5.213 5.2 5.188 5.183 5.193 5.235 5.302 5.37 5.438 5.548 5.712 5.795 5.797 5.785 5.737 5.667 5.585 5.47 5.363 5.375 5.437 5.457 5.437 5.393 5.35 5.31 5.325 5.282 4.99 5.135 5.507 5.482
4.395 4.435 4.46 4.47 4.485 4.505 4.53 4.575 4.635 4.692 4.737 4.77 4.803 4.838 4.875 4.912 4.942 4.96 4.975 4.99 5 5.01 5.02 5.03 5.04 5.053 5.07 5.085 5.09 5.095 5.113 5.135 5.155 5.175 5.195 5.22 5.25 5.275 5.285 5.283 5.278 5.278 5.273 5.26 5.25 5.233 5.245 5.305 5.375 5.445 5.518 5.643 5.805 5.85 5.808 5.775 5.72 5.643 5.558 5.473 5.403 5.387 5.385 5.35 5.31 5.27 5.23 5.19 5.245 5.405 5.02 5 5.377 5.1
4.485 4.522 4.547 4.56 4.578 4.6 4.623 4.655 4.703 4.757 4.805 4.84 4.87 4.905 4.945 4.98 4.995 4.995 5.01 5.035 5.05 5.06 5.07 5.08 5.093 5.11 5.135 5.16 5.17 5.175 5.198 5.227 5.247 5.265 5.28 5.295 5.32 5.347 5.357 5.353 5.353 5.36 5.36 5.35 5.332 5.3 5.308 5.37 5.438 5.513 5.605 5.753 5.887 5.907 5.843 5.768 5.698 5.625 5.563 5.498 5.395 5.308 5.27 5.23 5.19 5.15 5.11 5.07 5.165 5.415 5.192 4.913 4.895 4.95
4.572 4.61 4.635 4.653 4.675 4.7 4.725 4.75 4.78 4.828 4.872 4.908 4.943 4.977 5.012 5.032 5.032 5.028 5.04 5.07 5.095 5.11 5.12 5.133 5.15 5.17 5.195 5.225 5.245 5.255 5.28 5.315 5.34 5.36 5.375 5.385 5.4 5.422 5.432 5.433 5.44 5.45 5.45 5.432 5.4 5.363 5.373 5.435 5.51 5.598 5.71 5.872 5.97 5.992 5.942 5.835 5.76 5.7 5.66 5.62 5.457 5.238 5.143 5.105 5.065 5.025 4.985 4.968 5.105 5.375 5.352 4.825 4.83 5.45
