EGM722_Project_Data/DTM_asc/TL4760.asc
ncols         200
nrows         200
xllcorner     547000.000
yllcorner     260000.000
cellsize      5
NODATA_value  -9999.0
[rows 105 to 139 of 200, columns 79 to 157 of 200]
6.06 6.06 6.055 6.093 6.19 6.297 6.4 6.498 6.592 6.685 6.767 6.795 6.785 6.785 6.785 6.8 6.888 7.035 7.177 6.83 6.233 5.903 5.71 5.698 5.758 5.818 5.86 5.892 5.942 5.987 6.025 6.047 6.053 6.055 6.047 5.98 5.855 5.725 5.61 5.563 5.565 5.565 5.565 5.568 5.573 5.573 5.57 5.568 5.565 5.563 5.583 5.663 5.775 5.855 5.855 5.795 5.727 5.66 5.587 5.53 5.513 5.515 5.515 5.512 5.485 5.435 5.39 5.365 5.36 5.36 5.36 5.375 5.405 5.435 5.462 5.49 5.52 5.55 5.582
6.027 6.028 6.04 6.083 6.163 6.26 6.363 6.462 6.555 6.653 6.762 6.82 6.82 6.82 6.823 6.853 6.948 7.082 7.145 6.67 6.048 5.785 5.65 5.658 5.723 5.765 5.738 5.763 5.87 5.937 5.977 6 6.005 6.002 5.977 5.89 5.76 5.638 5.56 5.55 5.56 5.563 5.565 5.575 5.59 5.59 5.58 5.57 5.573 5.585 5.63 5.725 5.81 5.827 5.782 5.72 5.657 5.592 5.533 5.503 5.503 5.505 5.505 5.505 5.49 5.453 5.408 5.375 5.365 5.365 5.365 5.378 5.405 5.432 5.46 5.492 5.525 5.555 5.587
5.965 5.988 6.03 6.085 6.15 6.23 6.328 6.425 6.523 6.638 6.767 6.837 6.84 6.843 6.853 6.89 6.99 7.125 6.945 6.37 5.928 5.755 5.673 5.682 5.72 5.682 5.57 5.58 5.755 5.882 5.932 5.952 5.955 5.94 5.895 5.8 5.673 5.575 5.535 5.555 5.582 5.588 5.595 5.615 5.64 5.652 5.652 5.638 5.62 5.623 5.68 5.76 5.777 5.735 5.675 5.615 5.553 5.498 5.465 5.473 5.502 5.515 5.515 5.515 5.512 5.487 5.443 5.405 5.383 5.373 5.37 5.38 5.403 5.428 5.455 5.488 5.522 5.555 5.585
5.933 5.985 6.042 6.097 6.155 6.22 6.298 6.395 6.513 6.645 6.782 6.855 6.863 6.873 6.888 6.928 7.03 7.167 6.742 6.103 5.893 5.78 5.703 5.672 5.625 5.51 5.37 5.383 5.59 5.787 5.882 5.905 5.895 5.86 5.805 5.71 5.603 5.54 5.515 5.545 5.597 5.615 5.628 5.652 5.677 5.702 5.72 5.71 5.675 5.668 5.71 5.727 5.685 5.628 5.57 5.51 5.46 5.433 5.428 5.448 5.49 5.52 5.525 5.528 5.532 5.517 5.48 5.445 5.413 5.385 5.375 5.385 5.405 5.428 5.455 5.485 5.518 5.55 5.58
5.935 5.992 6.05 6.107 6.165 6.225 6.285 6.393 6.538 6.673 6.807 6.875 6.885 6.907 6.925 6.968 7.073 7.177 6.655 6.03 5.915 5.815 5.727 5.64 5.52 5.378 5.235 5.235 5.415 5.638 5.802 5.85 5.822 5.772 5.713 5.635 5.565 5.518 5.493 5.525 5.595 5.64 5.662 5.685 5.707 5.732 5.755 5.755 5.722 5.697 5.68 5.635 5.578 5.523 5.465 5.42 5.4 5.395 5.4 5.42 5.465 5.515 5.537 5.542 5.547 5.545 5.52 5.485 5.45 5.412 5.388 5.39 5.41 5.43 5.455 5.485 5.515 5.545 5.575
5.94 5.998 6.055 6.115 6.172 6.227 6.28 6.405 6.58 6.722 6.85 6.897 6.893 6.915 6.938 6.998 7.115 7.01 6.45 6.023 5.935 5.835 5.74 5.65 5.538 5.395 5.248 5.235 5.383 5.568 5.735 5.79 5.748 5.693 5.635 5.585 5.54 5.493 5.465 5.495 5.567 5.622 5.652 5.675 5.695 5.712 5.73 5.735 5.712 5.677 5.628 5.563 5.503 5.445 5.395 5.375 5.378 5.383 5.385 5.38 5.408 5.475 5.525 5.542 5.55 5.557 5.542 5.507 5.467 5.425 5.39 5.385 5.405 5.428 5.455 5.485 5.515 5.545 5.575
5.945 6.005 6.062 6.117 6.17 6.22 6.27 6.405 6.61 6.775 6.897 6.93 6.9 6.9 6.92 7.01 7.157 6.767 6.16 5.993 5.937 5.85 5.753 5.675 5.602 5.487 5.34 5.338 5.487 5.622 5.72 5.737 5.685 5.63 5.58 5.542 5.51 5.467 5.433 5.455 5.52 5.565 5.592 5.615 5.637 5.657 5.675 5.677 5.657 5.63 5.587 5.528 5.465 5.415 5.385 5.375 5.38 5.387 5.375 5.328 5.325 5.403 5.48 5.515 5.525 5.537 5.535 5.502 5.457 5.413 5.375 5.37 5.395 5.425 5.458 5.49 5.518 5.545 5.575
5.952 6.007 6.06 6.11 6.16 6.21 6.26 6.393 6.612 6.812 6.945 6.97 6.928 6.898 6.903 7.023 7.2 6.677 6.02 5.943 5.91 5.852 5.765 5.685 5.63 5.555 5.438 5.448 5.572 5.65 5.697 5.692 5.64 5.583 5.53 5.495 5.47 5.435 5.398 5.413 5.465 5.5 5.527 5.55 5.573 5.597 5.62 5.622 5.605 5.58 5.545 5.495 5.445 5.415 5.398 5.385 5.385 5.385 5.347 5.278 5.263 5.338 5.43 5.475 5.49 5.51 5.517 5.492 5.448 5.4 5.36 5.36 5.393 5.428 5.465 5.5 5.525 5.55 5.58
5.947 6 6.05 6.1 6.15 6.2 6.25 6.38 6.598 6.82 6.98 7.01 6.968 6.925 6.915 7.047 7.08 6.512 5.968 5.888 5.86 5.825 5.765 5.695 5.638 5.582 5.515 5.52 5.585 5.625 5.66 5.653 5.6 5.54 5.485 5.45 5.425 5.395 5.363 5.368 5.405 5.435 5.465 5.49 5.513 5.54 5.565 5.572 5.557 5.53 5.5 5.47 5.448 5.43 5.415 5.4 5.392 5.372 5.323 5.268 5.265 5.33 5.403 5.443 5.463 5.485 5.5 5.485 5.44 5.395 5.363 5.37 5.405 5.44 5.478 5.51 5.538 5.563 5.588
5.853 5.892 5.952 6.02 6.087 6.152 6.22 6.363 6.582 6.807 6.987 7.062 7.052 7.015 6.988 7.097 6.842 6.228 5.915 5.833 5.805 5.778 5.748 5.71 5.665 5.618 5.575 5.565 5.593 5.628 5.662 5.655 5.6 5.54 5.483 5.443 5.418 5.39 5.353 5.345 5.375 5.403 5.423 5.438 5.46 5.49 5.515 5.525 5.51 5.48 5.455 5.452 5.457 5.447 5.432 5.418 5.405 5.375 5.333 5.303 5.32 5.377 5.42 5.433 5.44 5.46 5.48 5.48 5.45 5.415 5.388 5.393 5.428 5.463 5.508 5.55 5.58 5.605 5.615
5.733 5.735 5.763 5.818 5.895 5.978 6.11 6.323 6.562 6.79 6.972 7.077 7.12 7.127 7.105 7.172 6.712 6.048 5.86 5.775 5.748 5.735 5.75 5.755 5.727 5.69 5.65 5.633 5.643 5.665 5.7 5.692 5.635 5.575 5.515 5.47 5.445 5.412 5.36 5.345 5.372 5.39 5.395 5.4 5.415 5.44 5.467 5.477 5.46 5.433 5.415 5.428 5.455 5.46 5.447 5.432 5.418 5.397 5.368 5.35 5.378 5.425 5.455 5.448 5.428 5.438 5.46 5.472 5.472 5.455 5.425 5.423 5.453 5.495 5.563 5.62 5.65 5.665 5.652
5.675 5.645 5.63 5.635 5.665 5.77 5.99 6.26 6.522 6.765 6.947 7.045 7.11 7.167 7.197 7.155 6.58 5.965 5.803 5.718 5.715 5.745 5.797 5.817 5.792 5.765 5.73 5.708 5.705 5.715 5.742 5.73 5.67 5.61 5.55 5.503 5.467 5.42 5.36 5.345 5.362 5.365 5.365 5.368 5.378 5.395 5.42 5.43 5.413 5.393 5.38 5.393 5.43 5.457 5.46 5.448 5.435 5.422 5.4 5.395 5.425 5.457 5.482 5.477 5.44 5.423 5.435 5.452 5.47 5.477 5.462 5.458 5.488 5.548 5.627 5.687 5.71 5.705 5.68
5.633 5.595 5.598 5.598 5.603 5.733 5.983 6.238 6.493 6.737 6.917 7.012 7.08 7.145 7.21 6.977 6.358 5.915 5.755 5.693 5.73 5.787 5.837 5.852 5.84 5.827 5.802 5.78 5.775 5.777 5.787 5.765 5.705 5.645 5.585 5.533 5.483 5.425 5.365 5.34 5.343 5.34 5.34 5.338 5.343 5.358 5.375 5.383 5.373 5.36 5.35 5.36 5.395 5.435 5.462 5.465 5.455 5.445 5.43 5.433 5.457 5.482 5.507 5.507 5.47 5.428 5.418 5.433 5.45 5.467 5.475 5.487 5.535 5.612 5.695 5.747 5.752 5.732 5.705
5.63 5.608 5.635 5.653 5.678 5.815 6.055 6.295 6.53 6.742 6.897 6.987 7.055 7.123 7.192 6.765 6.13 5.873 5.72 5.683 5.737 5.787 5.822 5.837 5.84 5.835 5.822 5.817 5.822 5.825 5.822 5.795 5.74 5.68 5.625 5.58 5.528 5.465 5.405 5.373 5.37 5.37 5.358 5.333 5.325 5.335 5.345 5.353 5.35 5.34 5.33 5.348 5.39 5.43 5.472 5.487 5.475 5.465 5.463 5.468 5.48 5.505 5.53 5.53 5.495 5.443 5.42 5.433 5.448 5.463 5.478 5.485 5.502 5.562 5.645 5.702 5.73 5.745 5.738
5.66 5.66 5.702 5.728 5.76 5.905 6.145 6.372 6.572 6.742 6.88 6.972 7.038 7.118 7.21 6.675 6.013 5.845 5.695 5.658 5.707 5.745 5.772 5.79 5.797 5.795 5.79 5.802 5.83 5.847 5.847 5.825 5.775 5.72 5.683 5.657 5.607 5.538 5.475 5.445 5.445 5.43 5.387 5.338 5.32 5.327 5.333 5.34 5.342 5.335 5.325 5.35 5.405 5.452 5.497 5.512 5.5 5.498 5.51 5.513 5.508 5.525 5.55 5.545 5.507 5.458 5.433 5.445 5.46 5.475 5.492 5.472 5.418 5.413 5.475 5.543 5.63 5.745 5.79
5.69 5.71 5.76 5.797 5.843 5.995 6.212 6.397 6.56 6.71 6.852 6.955 7.035 7.125 7.117 6.562 5.985 5.823 5.67 5.63 5.67 5.695 5.717 5.735 5.745 5.75 5.75 5.77 5.812 5.847 5.865 5.855 5.813 5.773 5.755 5.742 5.695 5.618 5.55 5.517 5.5 5.455 5.392 5.333 5.31 5.32 5.325 5.328 5.332 5.332 5.328 5.355 5.415 5.472 5.52 5.537 5.538 5.55 5.57 5.57 5.553 5.55 5.562 5.55 5.512 5.47 5.445 5.455 5.472 5.488 5.505 5.475 5.385 5.313 5.315 5.398 5.545 5.722 5.825
5.723 5.76 5.81 5.855 5.915 6.053 6.225 6.378 6.53 6.683 6.833 6.953 7.06 7.13 6.887 6.33 5.955 5.798 5.643 5.593 5.62 5.643 5.665 5.68 5.69 5.7 5.71 5.74 5.785 5.827 5.865 5.877 5.862 5.845 5.835 5.825 5.782 5.705 5.627 5.57 5.52 5.457 5.392 5.33 5.303 5.307 5.312 5.315 5.32 5.327 5.333 5.365 5.425 5.485 5.537 5.567 5.585 5.607 5.63 5.63 5.61 5.59 5.575 5.553 5.518 5.48 5.46 5.468 5.485 5.503 5.515 5.492 5.435 5.375 5.293 5.33 5.508 5.682 5.83
5.763 5.81 5.857 5.89 5.968 6.115 6.27 6.42 6.57 6.725 6.86 6.975 7.077 7.107 6.68 6.13 5.925 5.773 5.628 5.575 5.595 5.615 5.635 5.653 5.665 5.675 5.685 5.713 5.755 5.798 5.842 5.877 5.892 5.892 5.885 5.875 5.84 5.77 5.685 5.59 5.508 5.442 5.38 5.323 5.293 5.293 5.298 5.302 5.307 5.315 5.328 5.36 5.412 5.47 5.527 5.57 5.595 5.62 5.647 5.662 5.655 5.63 5.6 5.568 5.53 5.495 5.483 5.493 5.51 5.53 5.542 5.54 5.54 5.452 5.3 5.32 5.485 5.655 5.82
5.81 5.857 5.885 5.89 6 6.207 6.38 6.53 6.68 6.815 6.912 7.007 7.07 7.127 6.637 6.028 5.892 5.748 5.62 5.58 5.6 5.617 5.633 5.65 5.665 5.672 5.675 5.693 5.728 5.765 5.81 5.855 5.887 5.9 5.895 5.885 5.862 5.805 5.72 5.613 5.5 5.418 5.355 5.303 5.278 5.278 5.283 5.288 5.293 5.303 5.32 5.35 5.39 5.438 5.492 5.535 5.563 5.59 5.62 5.65 5.667 5.657 5.63 5.595 5.558 5.53 5.523 5.535 5.555 5.57 5.58 5.587 5.6 5.503 5.383 5.408 5.498 5.633 5.795
5.852 5.875 5.87 5.885 6.04 6.29 6.487 6.64 6.775 6.872 6.947 7.02 7.042 7.082 6.597 5.993 5.857 5.72 5.613 5.585 5.603 5.62 5.638 5.653 5.663 5.665 5.663 5.675 5.705 5.738 5.778 5.822 5.865 5.89 5.892 5.882 5.865 5.827 5.755 5.65 5.525 5.41 5.33 5.283 5.265 5.265 5.267 5.273 5.283 5.3 5.32 5.348 5.382 5.42 5.462 5.5 5.53 5.56 5.588 5.617 5.65 5.667 5.657 5.625 5.595 5.58 5.575 5.585 5.6 5.608 5.615 5.625 5.632 5.615 5.595 5.61 5.638 5.69 5.787
5.86 5.85 5.83 5.893 6.098 6.36 6.582 6.735 6.835 6.91 6.975 7.005 6.995 6.832 6.353 5.958 5.822 5.688 5.603 5.595 5.613 5.633 5.655 5.67 5.67 5.663 5.653 5.66 5.687 5.712 5.742 5.785 5.832 5.87 5.885 5.875 5.855 5.835 5.787 5.687 5.562 5.435 5.325 5.268 5.255 5.252 5.25 5.258 5.275 5.297 5.32 5.342 5.37 5.4 5.43 5.462 5.497 5.527 5.553 5.582 5.615 5.647 5.667 5.657 5.64 5.63 5.623 5.628 5.638 5.645 5.655 5.665 5.672 5.673 5.717 5.81 5.842 5.815 5.805
5.845 5.828 5.81 5.89 6.11 6.375 6.615 6.755 6.82 6.882 6.945 6.967 6.99 6.633 6.118 5.923 5.788 5.663 5.605 5.618 5.64 5.663 5.685 5.7 5.695 5.68 5.647 5.623 5.637 5.66 5.682 5.72 5.77 5.812 5.817 5.8 5.787 5.775 5.757 5.697 5.587 5.46 5.333 5.253 5.235 5.232 5.23 5.24 5.26 5.28 5.292 5.307 5.332 5.357 5.382 5.415 5.455 5.49 5.52 5.545 5.565 5.587 5.62 5.667 5.69 5.68 5.673 5.673 5.68 5.688 5.695 5.705 5.71 5.705 5.758 5.87 5.902 5.847 5.79
5.825 5.822 5.808 5.89 6.093 6.34 6.567 6.687 6.742 6.803 6.867 6.908 7.05 6.637 6.023 5.883 5.753 5.66 5.628 5.647 5.675 5.695 5.717 5.732 5.725 5.695 5.625 5.565 5.56 5.575 5.598 5.633 5.682 5.7 5.662 5.632 5.627 5.625 5.632 5.625 5.57 5.465 5.335 5.245 5.213 5.205 5.205 5.215 5.232 5.24 5.235 5.245 5.275 5.302 5.328 5.36 5.402 5.442 5.46 5.465 5.477 5.49 5.53 5.625 5.71 5.732 5.727 5.725 5.728 5.733 5.74 5.747 5.747 5.74 5.76 5.82 5.842 5.8 5.745
5.782 5.807 5.805 5.9 6.1 6.315 6.5 6.6 6.66 6.725 6.79 6.845 7.052 6.645 5.98 5.838 5.735 5.675 5.65 5.67 5.702 5.727 5.752 5.765 5.745 5.68 5.58 5.515 5.5 5.498 5.513 5.548 5.585 5.557 5.48 5.44 5.44 5.453 5.468 5.475 5.467 5.427 5.332 5.245 5.205 5.183 5.178 5.185 5.19 5.182 5.17 5.18 5.213 5.245 5.273 5.305 5.345 5.377 5.382 5.37 5.368 5.378 5.438 5.55 5.667 5.755 5.78 5.775 5.775 5.778 5.785 5.787 5.782 5.775 5.77 5.775 5.77 5.742 5.703
5.72 5.765 5.798 5.915 6.12 6.322 6.495 6.595 6.653 6.713 6.775 6.833 6.85 6.417 5.925 5.815 5.75 5.697 5.668 5.687 5.725 5.757 5.787 5.787 5.732 5.635 5.528 5.465 5.45 5.438 5.435 5.462 5.462 5.39 5.303 5.27 5.285 5.305 5.32 5.325 5.325 5.325 5.292 5.24 5.205 5.175 5.155 5.148 5.138 5.123 5.11 5.12 5.153 5.185 5.218 5.25 5.278 5.303 5.32 5.31 5.285 5.288 5.36 5.48 5.598 5.715 5.8 5.825 5.825 5.825 5.827 5.82 5.805 5.792 5.775 5.74 5.7 5.675 5.65
5.698 5.753 5.818 5.95 6.145 6.348 6.542 6.667 6.728 6.785 6.84 6.92 6.632 6.11 5.875 5.792 5.735 5.68 5.655 5.66 5.687 5.735 5.785 5.777 5.69 5.58 5.475 5.415 5.4 5.385 5.373 5.373 5.345 5.28 5.223 5.208 5.225 5.245 5.263 5.27 5.27 5.268 5.25 5.227 5.207 5.177 5.148 5.128 5.11 5.095 5.093 5.113 5.145 5.175 5.205 5.23 5.25 5.273 5.295 5.293 5.268 5.263 5.328 5.445 5.56 5.675 5.777 5.82 5.817 5.812 5.815 5.817 5.805 5.785 5.762 5.722 5.66 5.613 5.59
5.755 5.81 5.89 6.023 6.198 6.383 6.58 6.735 6.815 6.87 6.915 7.062 6.617 5.973 5.838 5.74 5.673 5.635 5.635 5.625 5.618 5.648 5.702 5.692 5.602 5.505 5.42 5.373 5.353 5.338 5.323 5.313 5.303 5.275 5.245 5.235 5.243 5.26 5.28 5.287 5.285 5.27 5.233 5.208 5.2 5.18 5.153 5.13 5.11 5.105 5.12 5.15 5.185 5.212 5.235 5.255 5.273 5.293 5.315 5.315 5.293 5.275 5.323 5.435 5.552 5.657 5.727 5.747 5.742 5.738 5.745 5.767 5.78 5.77 5.747 5.717 5.652 5.573 5.528
5.86 5.898 5.978 6.115 6.28 6.45 6.628 6.797 6.9 6.945 6.985 7.175 6.657 5.925 5.807 5.69 5.62 5.61 5.63 5.62 5.593 5.58 5.592 5.568 5.505 5.45 5.405 5.373 5.343 5.318 5.288 5.282 5.3 5.295 5.275 5.265 5.27 5.283 5.297 5.3 5.285 5.25 5.205 5.18 5.175 5.17 5.152 5.13 5.12 5.135 5.16 5.19 5.22 5.24 5.26 5.28 5.297 5.32 5.345 5.345 5.32 5.293 5.325 5.428 5.537 5.612 5.65 5.662 5.658 5.663 5.68 5.705 5.732 5.745 5.735 5.71 5.652 5.563 5.47
5.972 5.988 6.058 6.202 6.367 6.535 6.7 6.865 6.972 7.015 7.055 7.062 6.472 5.868 5.77 5.653 5.593 5.6 5.625 5.615 5.582 5.545 5.513 5.485 5.465 5.455 5.44 5.412 5.365 5.305 5.245 5.23 5.26 5.285 5.295 5.297 5.302 5.307 5.312 5.3 5.265 5.22 5.175 5.153 5.148 5.145 5.14 5.132 5.142 5.17 5.197 5.222 5.242 5.26 5.28 5.297 5.317 5.345 5.37 5.372 5.35 5.32 5.335 5.415 5.495 5.537 5.565 5.58 5.58 5.593 5.615 5.64 5.67 5.697 5.71 5.697 5.647 5.565 5.377
6.03 6.035 6.098 6.262 6.447 6.612 6.777 6.932 7.035 7.085 7.125 6.762 6.1 5.793 5.712 5.615 5.575 5.597 5.607 5.58 5.535 5.485 5.443 5.425 5.425 5.427 5.425 5.402 5.34 5.255 5.178 5.158 5.192 5.23 5.265 5.285 5.29 5.292 5.295 5.275 5.235 5.19 5.145 5.125 5.122 5.117 5.112 5.115 5.132 5.16 5.19 5.2 5.202 5.22 5.24 5.257 5.29 5.335 5.365 5.37 5.355 5.337 5.34 5.38 5.425 5.455 5.482 5.497 5.508 5.525 5.548 5.573 5.6 5.632 5.662 5.675 5.642 5.525 5.207
6.04 6.045 6.098 6.275 6.502 6.687 6.852 6.995 7.095 7.155 7.207 6.628 5.88 5.71 5.65 5.588 5.565 5.58 5.56 5.512 5.458 5.405 5.365 5.35 5.35 5.353 5.355 5.342 5.28 5.188 5.105 5.083 5.115 5.15 5.187 5.215 5.23 5.237 5.24 5.227 5.2 5.16 5.115 5.095 5.095 5.087 5.075 5.073 5.088 5.113 5.14 5.14 5.12 5.125 5.143 5.163 5.215 5.287 5.332 5.34 5.33 5.32 5.31 5.313 5.335 5.365 5.395 5.417 5.438 5.46 5.482 5.505 5.533 5.567 5.6 5.627 5.625 5.422 4.98
6.048 6.053 6.095 6.263 6.515 6.745 6.925 7.055 7.157 7.225 7.327 6.677 5.81 5.633 5.59 5.57 5.55 5.535 5.5 5.45 5.388 5.328 5.285 5.273 5.275 5.28 5.285 5.282 5.23 5.13 5.038 5.01 5.04 5.07 5.102 5.135 5.162 5.18 5.185 5.175 5.152 5.122 5.088 5.068 5.06 5.047 5.033 5.028 5.043 5.068 5.092 5.09 5.06 5.043 5.048 5.073 5.135 5.22 5.287 5.307 5.29 5.27 5.25 5.24 5.248 5.265 5.292 5.327 5.365 5.395 5.415 5.438 5.467 5.5 5.53 5.495 5.332 4.977 4.498
6.055 6.058 6.09 6.248 6.503 6.767 6.98 7.11 7.217 7.29 7.225 6.505 5.735 5.553 5.525 5.533 5.505 5.478 5.448 5.4 5.338 5.275 5.23 5.218 5.218 5.218 5.218 5.215 5.177 5.085 4.98 4.955 4.995 5.003 5.013 5.047 5.082 5.112 5.127 5.12 5.098 5.075 5.055 5.037 5.02 5.005 4.99 4.988 5.005 5.03 5.05 5.04 5.01 4.978 4.96 4.988 5.06 5.148 5.232 5.265 5.24 5.213 5.187 5.172 5.17 5.17 5.163 5.192 5.262 5.312 5.345 5.372 5.4 5.385 5.262 5.005 4.608 4.258 4.03
6.065 6.065 6.085 6.233 6.49 6.792 7 7.125 7.27 7.35 6.885 6.095 5.66 5.47 5.49 5.55 5.523 5.49 5.44 5.385 5.333 5.275 5.23 5.218 5.215 5.21 5.205 5.198 5.157 5.065 4.96 4.94 4.965 4.935 4.918 4.945 4.985 5.022 5.05 5.06 5.052 5.035 5.02 5.005 4.985 4.975 4.975 4.988 5.01 5.025 5.017 4.99 4.96 4.928 4.903 4.925 5 5.09 5.18 5.215 5.19 5.157 5.11 5.075 5.067 5.052 5.008 4.985 5.042 5.127 5.202 5.252 5.175 4.95 4.595 4.268 4.04 3.92 3.92
6.075 6.075 6.085 6.22 6.553 6.887 7.007 7.093 7.28 7.41 6.718 5.855 5.585 5.555 5.66 5.645 5.602 5.537 5.458 5.393 5.352 5.305 5.258 5.245 5.25 5.25 5.245 5.222 5.157 5.06 4.97 4.93 4.905 4.855 4.823 4.835 4.875 4.912 4.942 4.965 4.977 4.98 4.982 4.98 4.975 4.983 5 5.022 5.035 5.02 4.982 4.945 4.915 4.89 4.88 4.903 4.96 5.04 5.13 5.165 5.14 5.09 5.01 4.955 4.932 4.897 4.84 4.773 4.758 4.828 4.92 4.87 4.568 4.258 4.04 3.92 3.92 3.92 3.92
