EGM722_Project_Data/DTM_asc/TL4758.asc
ncols         200
nrows         200
xllcorner     547000.000
yllcorner     258000.000
cellsize      5
NODATA_value  -9999.0
[rows 140 to 174 of 200, columns 79 to 157 of 200]
8.67 8.69 8.685 8.683 8.7 8.715 8.723 8.76 8.827 8.895 8.97 9.065 9.172 9.29 9.435 9.598 9.775 10.06 10.507 10.91 11.047 10.845 10.277 9.648 9.29 9.138 9.068 9.01 8.953 8.93 8.89 8.82 8.72 8.567 8.4 8.32 8.32 8.335 8.383 8.44 8.48 8.533 8.628 8.717 8.772 8.817 8.862 8.895 8.91 8.912 8.855 8.733 8.625 8.58 8.57 8.472 8.28 8.075 7.863 7.713 7.655 7.625 7.6 7.602 7.585 7.533 7.55 7.627 7.7 7.767 7.83 7.89 7.99 7.97 7.94 8.142 8.27 8.243 8.22
8.717 8.75 8.765 8.775 8.798 8.82 8.84 8.882 8.947 9.015 9.082 9.155 9.24 9.33 9.407 9.468 9.56 9.77 10.163 10.655 11.025 11.102 10.767 10.108 9.528 9.228 9.08 8.983 8.903 8.84 8.778 8.703 8.623 8.523 8.415 8.365 8.365 8.365 8.38 8.415 8.45 8.485 8.54 8.6 8.648 8.693 8.738 8.768 8.783 8.798 8.797 8.755 8.715 8.705 8.697 8.592 8.382 8.165 7.958 7.793 7.732 7.742 7.747 7.73 7.64 7.553 7.592 7.685 7.758 7.833 7.905 7.97 8.047 7.7 7.805 8.292 8.27 8.253 8.242
8.765 8.8 8.83 8.867 8.905 8.93 8.953 8.985 9.037 9.105 9.162 9.188 9.223 9.29 9.357 9.38 9.405 9.53 9.828 10.305 10.8 11.135 11.12 10.622 9.908 9.425 9.19 9.04 8.945 8.865 8.785 8.703 8.615 8.523 8.443 8.403 8.395 8.395 8.392 8.39 8.403 8.435 8.472 8.51 8.553 8.595 8.638 8.665 8.68 8.698 8.713 8.72 8.72 8.717 8.725 8.645 8.445 8.223 8.043 7.863 7.728 7.727 7.76 7.732 7.637 7.535 7.585 7.745 7.842 7.913 7.985 8.052 7.872 7.663 7.99 8.31 8.303 8.297 8.134
8.813 8.85 8.893 8.952 9.015 9.05 9.07 9.088 9.113 9.165 9.22 9.22 9.205 9.24 9.302 9.325 9.31 9.345 9.533 9.943 10.467 10.937 11.222 11.065 10.425 9.745 9.36 9.178 9.06 8.975 8.89 8.795 8.697 8.595 8.498 8.44 8.418 8.408 8.397 8.375 8.358 8.37 8.405 8.445 8.485 8.525 8.565 8.59 8.603 8.62 8.637 8.643 8.643 8.655 8.685 8.655 8.492 8.29 8.15 7.977 7.758 7.66 7.653 7.625 7.573 7.493 7.53 7.725 7.91 8.02 8.087 7.858 7.671 8.037 8.345 8.357 8.355 8.292 7.622
8.863 8.905 8.955 9.02 9.1 9.16 9.19 9.205 9.215 9.24 9.277 9.275 9.235 9.22 9.255 9.277 9.255 9.238 9.305 9.605 10.105 10.622 11.062 11.277 10.952 10.22 9.62 9.32 9.183 9.08 8.975 8.865 8.76 8.655 8.553 8.49 8.46 8.433 8.405 8.375 8.345 8.328 8.34 8.375 8.415 8.455 8.497 8.525 8.533 8.543 8.56 8.57 8.583 8.615 8.655 8.662 8.545 8.38 8.27 8.095 7.853 7.705 7.658 7.62 7.578 7.525 7.535 7.685 7.903 8.077 7.925 7.683 7.98 8.332 8.39 8.412 8.407 7.999 6.991
8.922 8.97 9.02 9.08 9.162 9.247 9.3 9.317 9.322 9.327 9.335 9.322 9.287 9.253 9.238 9.235 9.213 9.178 9.168 9.318 9.733 10.272 10.772 11.185 11.277 10.785 10.025 9.523 9.315 9.195 9.075 8.955 8.84 8.728 8.615 8.54 8.5 8.46 8.42 8.383 8.35 8.318 8.298 8.313 8.353 8.395 8.438 8.465 8.473 8.48 8.493 8.513 8.545 8.585 8.625 8.657 8.605 8.49 8.387 8.237 8.068 7.96 7.9 7.853 7.79 7.7 7.673 7.798 8 8.01 7.798 7.978 8.31 8.37 8.43 8.462 8.247 7.235 6.758
8.97 9.02 9.07 9.122 9.195 9.285 9.352 9.377 9.38 9.38 9.375 9.355 9.325 9.29 9.253 9.235 9.215 9.17 9.12 9.123 9.39 9.903 10.44 10.915 11.272 11.192 10.557 9.848 9.463 9.32 9.2 9.077 8.955 8.817 8.68 8.583 8.523 8.477 8.435 8.398 8.363 8.333 8.31 8.318 8.358 8.4 8.428 8.438 8.445 8.455 8.46 8.48 8.523 8.565 8.605 8.645 8.627 8.545 8.462 8.38 8.307 8.252 8.205 8.15 8.055 7.93 7.893 8.003 8.205 7.915 7.86 8.275 8.362 8.417 8.472 8.399 7.592 6.696 7.145
9.008 9.043 9.09 9.142 9.205 9.282 9.352 9.385 9.392 9.395 9.392 9.375 9.345 9.313 9.283 9.273 9.272 9.245 9.185 9.135 9.26 9.6 10.073 10.595 11.04 11.282 11.04 10.338 9.715 9.445 9.325 9.187 9.03 8.87 8.735 8.63 8.548 8.493 8.45 8.418 8.393 8.375 8.368 8.385 8.425 8.45 8.447 8.44 8.445 8.452 8.45 8.465 8.508 8.55 8.592 8.627 8.6 8.533 8.49 8.455 8.415 8.377 8.357 8.332 8.26 8.145 8.118 8.217 8.175 7.945 8.083 8.367 8.41 8.45 8.49 7.992 6.921 6.945 7.657
9.065 9.078 9.108 9.155 9.215 9.283 9.35 9.385 9.395 9.402 9.407 9.397 9.37 9.34 9.315 9.305 9.32 9.332 9.312 9.335 9.447 9.61 9.845 10.25 10.742 11.142 11.342 10.952 10.158 9.63 9.398 9.222 9.043 8.9 8.788 8.688 8.593 8.515 8.475 8.458 8.448 8.44 8.435 8.452 8.475 8.472 8.455 8.443 8.442 8.442 8.438 8.455 8.495 8.535 8.577 8.6 8.573 8.533 8.51 8.48 8.445 8.423 8.42 8.425 8.407 8.342 8.337 8.402 7.923 7.883 8.345 8.36 8.39 8.42 8.227 7.223 6.826 7.522 7.757
9.135 9.14 9.15 9.18 9.235 9.295 9.352 9.382 9.387 9.395 9.402 9.395 9.37 9.342 9.322 9.32 9.34 9.367 9.382 9.437 9.54 9.645 9.785 10.073 10.473 10.882 11.257 11.292 10.742 9.968 9.455 9.213 9.07 8.955 8.845 8.742 8.645 8.555 8.515 8.51 8.505 8.502 8.495 8.492 8.487 8.475 8.46 8.445 8.435 8.425 8.42 8.44 8.48 8.52 8.562 8.585 8.573 8.55 8.53 8.505 8.488 8.485 8.49 8.495 8.49 8.467 8.467 8.342 7.968 8.053 8.327 8.295 8.32 8.282 7.483 6.703 7.25 7.777 7.688
9.205 9.207 9.208 9.228 9.278 9.33 9.365 9.37 9.365 9.367 9.372 9.365 9.34 9.318 9.31 9.323 9.347 9.372 9.39 9.415 9.458 9.515 9.645 9.91 10.23 10.598 10.943 11.265 11.207 10.517 9.725 9.28 9.135 9.025 8.9 8.785 8.69 8.6 8.56 8.557 8.552 8.537 8.502 8.472 8.46 8.447 8.432 8.42 8.41 8.397 8.39 8.41 8.45 8.49 8.548 8.6 8.605 8.583 8.563 8.54 8.527 8.527 8.527 8.527 8.517 8.51 8.502 7.965 7.888 8.325 8.273 8.235 8.25 7.802 6.846 6.968 7.67 7.717 7.668
9.275 9.272 9.265 9.285 9.332 9.365 9.37 9.355 9.34 9.335 9.337 9.33 9.31 9.3 9.308 9.328 9.352 9.37 9.38 9.405 9.44 9.47 9.513 9.713 10.025 10.365 10.74 11.107 11.4 11.122 10.27 9.53 9.213 9.105 8.95 8.808 8.722 8.64 8.6 8.595 8.57 8.522 8.46 8.42 8.407 8.393 8.38 8.373 8.367 8.358 8.35 8.37 8.41 8.468 8.558 8.637 8.655 8.633 8.618 8.593 8.553 8.533 8.53 8.525 8.523 8.527 8.36 7.91 7.97 8.28 8.218 8.175 7.969 7.09 6.863 7.555 7.747 7.693 7.67
9.337 9.33 9.32 9.34 9.372 9.375 9.362 9.345 9.325 9.313 9.308 9.298 9.293 9.3 9.315 9.335 9.352 9.362 9.37 9.395 9.43 9.462 9.498 9.603 9.825 10.138 10.51 10.907 11.32 11.455 10.935 9.993 9.368 9.177 8.99 8.818 8.74 8.675 8.63 8.597 8.542 8.477 8.413 8.37 8.353 8.34 8.333 8.328 8.322 8.315 8.308 8.328 8.388 8.48 8.59 8.68 8.705 8.69 8.685 8.665 8.608 8.55 8.53 8.53 8.545 8.555 7.998 7.878 8.28 8.22 8.16 8.099 7.293 6.668 7.32 7.777 7.72 7.695 7.675
9.385 9.377 9.37 9.375 9.38 9.37 9.355 9.335 9.315 9.3 9.29 9.288 9.298 9.313 9.33 9.342 9.345 9.35 9.36 9.377 9.4 9.422 9.445 9.473 9.62 9.883 10.225 10.685 11.11 11.442 11.385 10.64 9.715 9.235 9.015 8.838 8.78 8.723 8.648 8.575 8.5 8.43 8.365 8.32 8.3 8.293 8.288 8.283 8.278 8.273 8.27 8.31 8.405 8.515 8.625 8.722 8.76 8.755 8.755 8.745 8.695 8.613 8.553 8.548 8.575 8.382 7.913 7.95 8.22 8.16 8.105 7.645 6.766 6.973 7.692 7.745 7.72 7.7 7.682
9.402 9.397 9.4 9.395 9.375 9.36 9.345 9.33 9.32 9.313 9.308 9.313 9.328 9.34 9.34 9.332 9.33 9.327 9.305 9.275 9.267 9.275 9.285 9.31 9.418 9.615 9.903 10.377 10.91 11.302 11.542 11.265 10.315 9.493 9.143 8.97 8.91 8.833 8.703 8.6 8.513 8.43 8.353 8.295 8.275 8.275 8.273 8.27 8.268 8.265 8.288 8.365 8.473 8.58 8.688 8.775 8.807 8.805 8.802 8.795 8.76 8.69 8.613 8.585 8.602 8.03 7.85 8.225 8.175 8.125 7.842 6.988 6.888 7.587 7.772 7.745 7.725 7.705 7.685
9.398 9.398 9.415 9.415 9.385 9.365 9.355 9.35 9.35 9.35 9.35 9.355 9.362 9.357 9.33 9.31 9.302 9.267 9.195 9.115 9.065 9.055 9.065 9.103 9.198 9.348 9.563 10.015 10.627 11.13 11.51 11.635 11.052 9.973 9.348 9.19 9.105 8.987 8.8 8.67 8.58 8.49 8.398 8.325 8.295 8.293 8.295 8.295 8.295 8.313 8.37 8.463 8.567 8.672 8.767 8.83 8.842 8.833 8.827 8.817 8.79 8.742 8.682 8.64 8.4 7.928 7.953 8.2 8.157 8.049 7.205 6.711 7.397 7.8 7.77 7.75 7.73 7.712 7.688
9.398 9.413 9.437 9.435 9.41 9.398 9.393 9.392 9.392 9.39 9.39 9.385 9.37 9.342 9.308 9.28 9.24 9.165 9.075 8.985 8.903 8.853 8.845 8.898 9.005 9.13 9.283 9.6 10.232 10.89 11.332 11.675 11.574 10.637 9.648 9.305 9.26 9.132 8.903 8.743 8.65 8.557 8.46 8.388 8.348 8.325 8.323 8.325 8.338 8.388 8.468 8.56 8.66 8.755 8.837 8.882 8.88 8.863 8.855 8.842 8.81 8.77 8.727 8.685 8.07 7.868 8.237 8.195 8.152 7.572 6.716 7.06 7.755 7.795 7.775 7.755 7.735 7.718 7.72
9.41 9.432 9.455 9.457 9.447 9.442 9.437 9.432 9.422 9.407 9.395 9.375 9.345 9.312 9.285 9.24 9.158 9.065 8.973 8.878 8.783 8.698 8.648 8.688 8.795 8.908 9.018 9.215 9.74 10.502 11.12 11.517 11.747 11.335 10.188 9.383 9.27 9.205 9 8.825 8.718 8.62 8.523 8.455 8.415 8.378 8.355 8.363 8.408 8.48 8.562 8.65 8.737 8.82 8.897 8.93 8.917 8.9 8.885 8.865 8.817 8.752 8.702 8.4 7.94 8.013 8.235 8.19 7.842 6.941 6.903 7.602 7.755 7.735 7.715 7.713 7.733 7.753 7.803
9.392 9.41 9.43 9.44 9.44 9.437 9.44 9.43 9.405 9.382 9.36 9.335 9.303 9.275 9.27 9.25 9.175 9.078 8.983 8.885 8.785 8.69 8.618 8.62 8.685 8.755 8.823 8.94 9.248 9.923 10.75 11.335 11.692 11.769 10.935 9.753 9.245 9.158 9.055 8.888 8.795 8.715 8.62 8.553 8.508 8.463 8.428 8.433 8.49 8.567 8.645 8.717 8.788 8.867 8.937 8.93 8.885 8.862 8.837 8.797 8.725 8.668 8.612 8.023 7.888 8.277 8.232 8.057 7.168 6.796 7.48 7.735 7.65 7.643 7.668 7.71 7.773 7.825 7.888
9.348 9.353 9.37 9.382 9.385 9.39 9.407 9.4 9.365 9.34 9.317 9.29 9.263 9.253 9.268 9.287 9.265 9.185 9.09 8.995 8.895 8.81 8.75 8.725 8.745 8.785 8.805 8.803 8.915 9.368 10.185 11.01 11.532 11.86 11.542 10.393 9.445 9.133 9.028 8.903 8.847 8.827 8.747 8.675 8.628 8.59 8.568 8.558 8.58 8.643 8.717 8.777 8.83 8.9 8.962 8.925 8.825 8.745 8.69 8.643 8.603 8.62 8.268 7.88 8.085 8.275 8.225 7.507 6.693 7.193 7.78 7.68 7.608 7.638 7.715 7.795 7.86 7.898 7.953
9.325 9.308 9.315 9.327 9.335 9.353 9.382 9.375 9.335 9.3 9.273 9.25 9.243 9.255 9.275 9.3 9.317 9.282 9.197 9.103 9.013 8.948 8.903 8.863 8.86 8.885 8.86 8.79 8.77 8.963 9.565 10.475 11.262 11.71 11.839 11.105 9.948 9.3 9.03 8.888 8.838 8.88 8.857 8.805 8.772 8.755 8.745 8.727 8.713 8.733 8.787 8.84 8.885 8.938 8.99 8.952 8.828 8.703 8.608 8.565 8.585 8.542 7.965 7.9 8.317 8.267 7.84 6.881 6.931 7.675 7.75 7.645 7.623 7.683 7.762 7.85 7.922 7.963 8.025
9.32 9.278 9.27 9.275 9.29 9.325 9.36 9.35 9.31 9.268 9.238 9.233 9.245 9.265 9.285 9.31 9.34 9.35 9.3 9.215 9.145 9.095 9.055 9.01 8.985 8.96 8.885 8.8 8.735 8.735 9.06 9.818 10.765 11.492 11.88 11.789 10.74 9.628 9.165 8.898 8.815 8.87 8.91 8.91 8.9 8.887 8.875 8.862 8.845 8.835 8.855 8.897 8.945 8.99 9.027 8.987 8.875 8.765 8.66 8.598 8.615 8.153 7.833 8.17 8.307 8.052 7.118 6.858 7.587 7.81 7.703 7.65 7.673 7.733 7.8 7.878 7.955 8.018 8.115
9.323 9.26 9.235 9.24 9.265 9.305 9.335 9.325 9.285 9.243 9.225 9.24 9.26 9.28 9.305 9.335 9.363 9.387 9.38 9.327 9.265 9.21 9.16 9.105 9.06 9 8.905 8.82 8.755 8.695 8.755 9.215 10.1 11.072 11.705 12.044 11.525 10.265 9.435 9.015 8.815 8.818 8.885 8.93 8.942 8.932 8.917 8.905 8.895 8.89 8.9 8.935 8.982 9.027 9.055 9.035 8.96 8.86 8.76 8.67 8.497 7.913 7.92 8.35 8.242 7.38 6.721 7.387 7.87 7.775 7.725 7.725 7.765 7.818 7.87 7.93 8.005 8.088 8.2
9.33 9.258 9.213 9.218 9.245 9.272 9.295 9.292 9.26 9.23 9.235 9.26 9.28 9.305 9.34 9.375 9.4 9.415 9.412 9.37 9.302 9.237 9.175 9.115 9.062 9.01 8.932 8.85 8.783 8.723 8.675 8.82 9.425 10.41 11.352 11.902 12.012 11.157 9.923 9.27 8.883 8.763 8.835 8.892 8.925 8.932 8.922 8.908 8.9 8.905 8.92 8.955 9 9.035 9.05 9.05 9.027 8.955 8.855 8.752 8.178 7.903 8.257 8.33 7.787 6.818 7.058 7.822 7.858 7.825 7.828 7.85 7.887 7.932 7.975 8.028 8.103 8.19 8.283
9.337 9.262 9.2 9.185 9.205 9.225 9.245 9.257 9.24 9.23 9.255 9.282 9.308 9.34 9.38 9.415 9.435 9.435 9.412 9.355 9.28 9.213 9.15 9.095 9.048 9.005 8.95 8.877 8.813 8.77 8.74 8.713 8.91 9.635 10.715 11.602 12.112 11.932 10.808 9.685 9.088 8.805 8.79 8.845 8.887 8.92 8.925 8.913 8.913 8.928 8.945 8.977 9.015 9.03 9.028 9.025 9.03 9.012 8.927 8.805 8.34 8.17 8.367 8.019 7.061 6.946 7.727 7.952 7.933 7.94 7.957 7.977 8.002 8.04 8.083 8.142 8.22 8.297 8.367
9.32 9.225 9.175 9.163 9.173 9.188 9.203 9.22 9.225 9.238 9.272 9.305 9.337 9.375 9.415 9.445 9.452 9.44 9.407 9.345 9.265 9.19 9.13 9.08 9.035 8.995 8.95 8.898 8.857 8.832 8.805 8.777 8.753 8.998 9.865 11.017 11.847 12.264 11.702 10.408 9.48 8.99 8.81 8.815 8.855 8.893 8.915 8.923 8.935 8.955 8.972 8.995 9.012 9.013 9.005 8.993 8.98 8.97 8.92 8.85 8.797 8.602 8.24 7.238 6.796 7.612 8.057 8.05 8.05 8.057 8.072 8.082 8.102 8.14 8.18 8.23 8.292 8.352 8.372
9.235 9.165 9.16 9.163 9.163 9.17 9.18 9.193 9.208 9.227 9.257 9.297 9.347 9.395 9.435 9.457 9.452 9.437 9.397 9.325 9.242 9.168 9.115 9.072 9.028 8.985 8.945 8.91 8.887 8.87 8.845 8.817 8.782 8.745 9.21 10.253 11.337 12.117 12.264 11.397 10.118 9.365 9.058 8.998 9.012 8.983 8.94 8.935 8.955 8.972 8.985 9 9.007 9.003 8.997 8.972 8.908 8.83 8.78 8.78 8.8 8.607 7.69 6.796 7.343 8.122 8.18 8.175 8.152 8.14 8.15 8.162 8.182 8.205 8.225 8.257 8.305 8.33 8.282
9.158 9.15 9.167 9.167 9.163 9.163 9.17 9.18 9.188 9.195 9.213 9.258 9.33 9.395 9.44 9.46 9.45 9.42 9.36 9.278 9.203 9.15 9.108 9.065 9.023 8.983 8.948 8.918 8.895 8.875 8.85 8.82 8.782 8.74 8.973 9.655 10.66 11.692 12.382 12.194 11.072 9.883 9.325 9.247 9.197 9.085 8.973 8.94 8.96 8.972 8.98 8.99 9.002 9.007 9.005 8.967 8.858 8.723 8.618 8.565 8.575 8.052 7.048 7.203 8.002 8.25 8.305 8.26 8.2 8.175 8.185 8.205 8.22 8.225 8.23 8.257 8.287 8.255 8.157
9.16 9.165 9.175 9.172 9.167 9.163 9.163 9.17 9.175 9.175 9.18 9.218 9.295 9.38 9.442 9.46 9.432 9.372 9.295 9.225 9.175 9.14 9.102 9.06 9.022 8.987 8.95 8.92 8.9 8.875 8.845 8.815 8.785 8.753 8.85 9.285 10.035 11.05 12.015 12.487 11.967 10.665 9.653 9.285 9.19 9.072 8.97 8.943 8.955 8.96 8.965 8.97 8.985 9.007 9.012 8.957 8.832 8.69 8.548 8.423 8.29 7.371 7.036 7.842 8.232 8.365 8.372 8.28 8.215 8.2 8.2 8.215 8.227 8.232 8.238 8.25 8.225 8.135 8.022
9.182 9.182 9.182 9.175 9.167 9.16 9.158 9.165 9.17 9.17 9.173 9.2 9.268 9.357 9.435 9.437 9.37 9.287 9.213 9.175 9.15 9.115 9.08 9.045 9.015 8.985 8.952 8.923 8.9 8.875 8.848 8.82 8.793 8.768 8.763 9.023 9.585 10.398 11.442 12.31 12.529 11.735 10.283 9.361 9.143 9.033 8.958 8.938 8.94 8.943 8.948 8.95 8.965 8.995 9.01 8.945 8.813 8.683 8.553 8.422 8.172 7.593 7.69 8.182 8.035 8.16 8.377 8.285 8.245 8.235 8.23 8.23 8.233 8.237 8.243 8.237 8.163 8.03 7.898
9.185 9.182 9.175 9.165 9.155 9.148 9.15 9.162 9.172 9.175 9.178 9.198 9.255 9.34 9.41 9.372 9.265 9.175 9.115 9.105 9.1 9.072 9.038 9.007 8.982 8.958 8.943 8.927 8.905 8.88 8.855 8.83 8.805 8.782 8.758 8.845 9.263 9.908 10.78 11.8 12.584 12.484 11.2 9.808 9.175 9.015 8.95 8.93 8.93 8.935 8.94 8.933 8.933 8.955 8.977 8.947 8.85 8.735 8.623 8.488 8.308 8.29 8.44 8.42 7.99 7.798 8.13 8.302 8.293 8.295 8.285 8.253 8.238 8.243 8.26 8.272 8.187 8.023 7.855
9.172 9.167 9.16 9.15 9.14 9.138 9.145 9.157 9.17 9.177 9.183 9.195 9.248 9.325 9.372 9.29 9.148 9.06 9.02 9.025 9.032 9.022 8.992 8.963 8.938 8.925 8.933 8.932 8.912 8.887 8.863 8.838 8.815 8.79 8.768 8.758 9.04 9.553 10.218 11.178 12.12 12.677 12.172 10.645 9.466 9.08 8.963 8.933 8.93 8.932 8.935 8.915 8.883 8.888 8.91 8.91 8.875 8.812 8.725 8.62 8.557 8.617 8.67 8.552 8.27 7.853 7.985 8.36 8.378 8.397 8.355 8.275 8.245 8.248 8.277 8.29 8.21 8.05 7.878
9.157 9.152 9.145 9.135 9.128 9.13 9.14 9.15 9.163 9.175 9.185 9.193 9.235 9.292 9.32 9.23 9.058 8.96 8.938 8.945 8.955 8.96 8.945 8.918 8.905 8.92 8.937 8.935 8.917 8.895 8.87 8.845 8.822 8.798 8.78 8.755 8.875 9.26 9.785 10.575 11.587 12.457 12.769 11.73 10.048 9.21 9.008 8.94 8.933 8.93 8.922 8.89 8.84 8.82 8.822 8.815 8.802 8.785 8.74 8.695 8.667 8.615 8.545 8.452 8.3 8.093 8.202 8.455 8.5 8.49 8.395 8.298 8.26 8.253 8.257 8.225 8.142 8.027 7.89
9.142 9.135 9.128 9.12 9.115 9.123 9.135 9.145 9.158 9.17 9.183 9.193 9.212 9.24 9.26 9.187 8.99 8.868 8.863 8.87 8.88 8.888 8.888 8.885 8.9 8.932 8.947 8.937 8.922 8.902 8.878 8.855 8.83 8.808 8.792 8.768 8.765 9.03 9.468 10.075 11.025 12.017 12.827 12.562 10.975 9.616 9.108 8.965 8.94 8.932 8.907 8.852 8.79 8.737 8.693 8.662 8.645 8.625 8.6 8.565 8.515 8.457 8.4 8.33 8.218 8.14 8.285 8.525 8.615 8.537 8.405 8.32 8.28 8.265 8.238 8.175 8.093 8.005 7.9
9.125 9.118 9.112 9.108 9.115 9.133 9.148 9.163 9.178 9.19 9.197 9.192 9.168 9.16 9.18 9.107 8.923 8.815 8.81 8.815 8.823 8.828 8.835 8.855 8.887 8.917 8.937 8.937 8.925 8.907 8.885 8.862 8.838 8.82 8.807 8.782 8.74 8.883 9.24 9.685 10.433 11.55 12.557 12.964 12.077 10.355 9.328 9.008 8.9 8.887 8.845 8.772 8.697 8.627 8.558 8.493 8.445 8.413 8.388 8.352 8.307 8.262 8.217 8.157 8.135 8.183 8.343 8.582 8.67 8.56 8.425 8.343 8.303 8.292 8.27 8.208 8.125 8.04 7.938
