EGM722_Project_Data/DTM_asc/TL4760.asc
ncols         200
nrows         200
xllcorner     547000.000
yllcorner     260000.000
cellsize      5
NODATA_value  -9999.0
[rows 140 to 174 of 200, columns 79 to 157 of 200]
6.098 6.093 6.09 6.28 6.722 7.002 7.023 7.043 7.218 7.44 6.715 6.075 6.077 5.96 5.87 5.712 5.64 5.55 5.463 5.398 5.362 5.327 5.283 5.265 5.275 5.282 5.28 5.232 5.137 5.035 4.942 4.875 4.825 4.775 4.73 4.73 4.767 4.797 4.82 4.84 4.86 4.88 4.91 4.942 4.972 5.007 5.035 5.042 5.022 4.982 4.938 4.9 4.88 4.875 4.88 4.903 4.943 5 5.08 5.115 5.075 4.995 4.895 4.823 4.777 4.73 4.67 4.6 4.537 4.525 4.442 4.248 4.035 3.92 3.92 3.92 3.92 3.92 3.92
6.14 6.165 6.205 6.48 6.897 7.052 7.037 7.023 7.125 7.39 7.027 6.627 6.569 6.095 5.695 5.588 5.57 5.535 5.467 5.403 5.365 5.337 5.305 5.288 5.295 5.305 5.297 5.215 5.09 4.98 4.875 4.798 4.745 4.695 4.643 4.628 4.655 4.68 4.7 4.72 4.743 4.775 4.825 4.882 4.935 4.985 5.022 5.02 4.982 4.938 4.893 4.865 4.865 4.875 4.885 4.902 4.937 4.985 5.042 5.047 4.97 4.867 4.76 4.673 4.615 4.562 4.5 4.38 4.23 4.153 4.03 3.92 3.92 3.92 3.92 3.92 3.92 3.92 3.92
6.168 6.275 6.395 6.705 7.022 7.072 7.05 7.035 7.05 7.113 7.037 6.812 6.32 5.688 5.413 5.408 5.443 5.463 5.445 5.402 5.368 5.342 5.315 5.305 5.315 5.325 5.31 5.205 5.05 4.92 4.808 4.725 4.668 4.615 4.575 4.573 4.595 4.61 4.623 4.633 4.65 4.698 4.76 4.82 4.875 4.925 4.957 4.957 4.933 4.903 4.873 4.86 4.87 4.872 4.85 4.825 4.842 4.89 4.937 4.917 4.822 4.712 4.605 4.522 4.46 4.307 4.168 4.083 3.968 3.92 3.92 3.92 3.92 3.92 3.92 3.92 3.92 3.92 3.92
6.16 6.317 6.458 6.82 7.14 7.133 7.085 7.05 7.018 6.97 6.81 6.425 5.803 5.4 5.385 5.415 5.433 5.448 5.432 5.395 5.37 5.345 5.315 5.31 5.33 5.345 5.33 5.225 5.055 4.895 4.753 4.653 4.605 4.578 4.568 4.593 4.63 4.648 4.653 4.655 4.65 4.658 4.698 4.755 4.812 4.86 4.88 4.898 4.913 4.908 4.888 4.872 4.865 4.827 4.757 4.695 4.678 4.7 4.745 4.73 4.645 4.545 4.45 4.29 4.153 4.028 3.92 3.92 3.92 3.92 3.92 3.92 3.92 3.92 3.92 3.92 3.92 4.098 4.295
6.103 6.237 6.368 6.857 7.272 7.23 7.183 7.165 7.212 7.06 6.532 5.848 5.438 5.41 5.462 5.5 5.512 5.497 5.437 5.385 5.365 5.342 5.318 5.313 5.335 5.36 5.35 5.245 5.075 4.91 4.755 4.638 4.593 4.59 4.6 4.635 4.685 4.727 4.747 4.752 4.725 4.688 4.688 4.708 4.75 4.795 4.828 4.88 4.932 4.937 4.902 4.86 4.807 4.73 4.643 4.583 4.548 4.53 4.547 4.525 4.39 4.23 4.148 4.025 3.92 3.92 3.92 3.92 3.92 3.92 3.92 3.92 3.92 3.92 3.92 3.955 4.163 4.49 4.645
6.05 6.16 6.343 6.937 7.425 7.455 7.49 7.55 7.295 6.567 5.815 5.415 5.373 5.452 5.527 5.575 5.565 5.505 5.425 5.375 5.355 5.337 5.32 5.315 5.335 5.365 5.37 5.282 5.13 4.983 4.84 4.715 4.638 4.615 4.633 4.678 4.73 4.782 4.825 4.842 4.808 4.763 4.745 4.73 4.717 4.718 4.757 4.82 4.875 4.875 4.822 4.76 4.69 4.612 4.527 4.467 4.432 4.38 4.268 4.17 4.075 3.96 3.92 3.92 3.92 3.92 3.92 3.92 3.92 3.92 3.92 3.92 3.92 4.093 4.305 4.38 4.582 4.707 4.623
6.04 6.175 6.465 7.06 7.547 7.69 7.777 7.699 6.952 5.963 5.408 5.263 5.347 5.437 5.527 5.575 5.537 5.457 5.398 5.353 5.32 5.305 5.292 5.292 5.312 5.337 5.355 5.33 5.235 5.1 4.96 4.83 4.72 4.66 4.673 4.723 4.775 4.825 4.878 4.92 4.905 4.85 4.795 4.737 4.67 4.623 4.625 4.655 4.7 4.705 4.652 4.592 4.535 4.47 4.347 4.208 4.148 4.113 4.003 3.92 3.92 3.92 3.92 3.92 3.92 3.92 3.92 3.92 3.92 3.92 3.92 4.108 4.32 4.517 4.727 4.762 4.752 4.712 4.635
6.03 6.22 6.618 7.167 7.627 7.815 7.852 7.452 6.608 5.868 5.42 5.295 5.318 5.38 5.465 5.497 5.45 5.393 5.373 5.332 5.273 5.24 5.225 5.233 5.257 5.28 5.302 5.327 5.315 5.22 5.08 4.95 4.833 4.76 4.763 4.805 4.853 4.9 4.953 5.002 4.987 4.882 4.762 4.66 4.578 4.533 4.508 4.498 4.507 4.512 4.477 4.355 4.218 4.155 4.073 3.963 3.92 3.92 3.92 3.92 3.92 3.92 3.92 3.92 3.92 3.92 3.92 3.92 3.92 4.123 4.335 4.53 4.74 4.762 4.755 4.745 4.735 4.712 4.653
6.055 6.318 6.725 7.327 7.775 7.88 7.88 7.222 6.363 5.88 5.535 5.435 5.38 5.365 5.403 5.42 5.388 5.368 5.365 5.327 5.253 5.19 5.155 5.16 5.19 5.218 5.245 5.275 5.307 5.297 5.2 5.073 4.983 4.94 4.93 4.948 4.988 5.032 5.055 5.037 4.96 4.822 4.678 4.558 4.483 4.447 4.422 4.397 4.287 4.18 4.155 4.063 3.953 3.92 3.92 3.92 3.92 3.92 3.92 3.92 3.92 3.92 3.92 3.92 3.92 3.92 3.92 4.095 4.308 4.545 4.755 4.76 4.752 4.745 4.738 4.73 4.718 4.702 4.663
6.037 6.365 6.893 7.57 7.88 7.88 7.782 6.997 6.205 5.913 5.69 5.62 5.53 5.422 5.365 5.36 5.362 5.362 5.36 5.325 5.25 5.17 5.11 5.103 5.13 5.158 5.188 5.22 5.253 5.287 5.275 5.215 5.177 5.16 5.14 5.13 5.135 5.122 5.067 4.972 4.85 4.722 4.59 4.462 4.39 4.265 4.15 4.137 4.038 3.933 3.92 3.92 3.92 3.92 3.92 3.92 3.92 3.92 3.92 3.92 3.92 3.92 3.92 3.92 3.92 4.135 4.35 4.522 4.73 4.76 4.752 4.745 4.737 4.73 4.722 4.715 4.702 4.687 4.665
5.845 6.2 7.05 7.792 7.88 7.88 7.567 6.753 6.143 5.902 5.715 5.607 5.48 5.352 5.29 5.295 5.317 5.332 5.345 5.315 5.24 5.155 5.08 5.058 5.078 5.103 5.133 5.167 5.2 5.23 5.215 5.167 5.142 5.127 5.112 5.097 5.057 4.97 4.867 4.765 4.645 4.495 4.305 4.17 4.132 4.023 3.92 3.92 3.92 3.92 3.92 3.92 3.92 3.92 3.92 3.92 3.92 3.92 3.92 3.92 3.92 3.92 4.135 4.347 4.348 4.562 4.775 4.772 4.765 4.752 4.737 4.72 4.71 4.707 4.7 4.69 4.675 4.655 4.637
5.59 5.91 6.98 7.88 7.88 7.88 7.332 6.478 6.04 5.762 5.53 5.373 5.245 5.18 5.183 5.21 5.237 5.262 5.287 5.277 5.215 5.132 5.053 5.02 5.03 5.05 5.08 5.112 5.14 5.117 5.02 4.925 4.873 4.843 4.83 4.805 4.732 4.627 4.477 4.31 4.208 4.123 3.995 3.92 3.92 3.92 3.92 3.92 3.92 3.92 3.92 3.92 3.92 3.92 3.92 3.92 3.92 3.92 3.92 4.105 4.317 4.343 4.552 4.762 4.767 4.772 4.77 4.767 4.76 4.742 4.717 4.693 4.675 4.668 4.662 4.652 4.63 4.603 4.58
5.45 5.733 6.89 7.88 7.88 7.832 7.082 6.2 5.872 5.57 5.305 5.138 5.068 5.07 5.097 5.123 5.15 5.177 5.205 5.21 5.172 5.105 5.025 4.99 4.995 5.005 5.027 5.05 5.022 4.907 4.778 4.695 4.63 4.575 4.54 4.398 4.24 4.185 4.085 3.965 3.92 3.92 3.92 3.92 3.92 3.92 3.92 3.92 3.92 3.92 3.92 3.92 3.92 3.92 3.92 3.92 3.92 4.133 4.342 4.522 4.73 4.75 4.737 4.735 4.75 4.762 4.765 4.76 4.745 4.722 4.695 4.67 4.648 4.628 4.62 4.607 4.58 4.548 4.52
5.455 5.85 7.027 7.88 7.88 7.667 6.77 5.943 5.655 5.36 5.085 4.95 4.953 4.98 5.01 5.037 5.065 5.092 5.12 5.127 5.105 5.062 4.995 4.96 4.965 4.967 4.965 4.927 4.815 4.655 4.535 4.44 4.293 4.185 4.158 4.035 3.923 3.92 3.92 3.92 3.92 3.92 3.92 3.92 3.92 3.92 3.92 3.92 3.92 3.92 3.92 3.92 3.92 3.92 4.115 4.327 4.34 4.545 4.75 4.737 4.725 4.715 4.703 4.705 4.725 4.74 4.75 4.745 4.722 4.697 4.67 4.645 4.622 4.6 4.582 4.56 4.53 4.495 4.463
5.525 6.173 7.335 7.88 7.88 7.422 6.403 5.698 5.41 5.13 4.888 4.798 4.832 4.862 4.882 4.892 4.907 4.932 4.957 4.955 4.932 4.932 4.932 4.902 4.85 4.792 4.725 4.62 4.41 4.225 4.168 4.11 3.995 3.92 3.92 3.92 3.92 3.92 3.92 3.92 3.92 3.92 3.92 3.92 3.92 3.92 3.92 3.92 3.92 3.92 3.92 3.92 4.133 4.342 4.532 4.737 4.742 4.727 4.715 4.702 4.69 4.678 4.668 4.665 4.675 4.69 4.705 4.702 4.677 4.652 4.63 4.607 4.582 4.56 4.535 4.505 4.475 4.443 4.415
5.605 6.538 7.672 7.88 7.88 7.157 6.018 5.458 5.18 4.923 4.72 4.655 4.685 4.71 4.72 4.708 4.693 4.7 4.722 4.707 4.667 4.66 4.677 4.635 4.448 4.283 4.22 4.16 4.025 3.92 3.92 3.92 3.92 3.92 3.92 3.92 3.92 3.92 3.92 3.92 3.92 3.92 3.92 3.92 3.92 3.92 3.92 4.135 4.352 4.355 4.355 4.353 4.552 4.747 4.735 4.722 4.707 4.693 4.678 4.665 4.655 4.643 4.633 4.623 4.615 4.62 4.635 4.635 4.613 4.59 4.575 4.555 4.528 4.503 4.477 4.45 4.42 4.395 4.38
5.7 6.77 7.859 7.879 7.754 6.757 5.628 5.238 4.982 4.738 4.555 4.508 4.53 4.548 4.557 4.545 4.515 4.495 4.495 4.465 4.323 4.205 4.195 4.165 4.033 3.925 3.92 3.92 3.92 3.92 3.92 3.92 3.92 3.92 3.92 3.92 3.92 3.92 3.92 3.92 3.92 3.92 3.92 3.92 3.92 4.135 4.352 4.572 4.795 4.8 4.8 4.79 4.76 4.723 4.7 4.688 4.672 4.657 4.64 4.625 4.615 4.608 4.6 4.587 4.573 4.565 4.57 4.565 4.548 4.533 4.52 4.5 4.473 4.448 4.423 4.398 4.375 4.363 4.352
5.788 6.39 6.932 6.825 6.595 5.932 5.27 4.975 4.737 4.518 4.392 4.377 4.39 4.397 4.385 4.278 4.178 4.163 4.153 4.13 4.015 3.92 3.92 3.92 3.92 3.92 3.92 3.92 3.92 3.92 3.92 3.92 3.92 3.92 3.92 3.92 3.92 3.92 3.92 3.92 3.92 3.92 4.135 4.347 4.343 4.552 4.767 4.78 4.797 4.812 4.82 4.802 4.762 4.715 4.678 4.655 4.637 4.62 4.603 4.59 4.58 4.573 4.565 4.553 4.54 4.528 4.518 4.505 4.49 4.48 4.47 4.45 4.42 4.395 4.373 4.353 4.34 4.335 4.327
5.58 5.54 5.475 5.27 5.128 5.028 4.832 4.615 4.417 4.218 4.118 4.123 4.125 4.125 4.108 4.005 3.92 3.92 3.92 3.92 3.92 3.92 3.92 3.92 3.92 3.92 3.92 3.92 3.92 3.92 3.92 3.92 3.92 3.92 3.92 3.92 3.92 3.92 4.118 4.332 4.347 4.345 4.557 4.765 4.752 4.74 4.735 4.748 4.772 4.797 4.807 4.785 4.74 4.692 4.647 4.618 4.6 4.583 4.568 4.555 4.545 4.537 4.53 4.52 4.507 4.492 4.478 4.463 4.45 4.438 4.425 4.405 4.378 4.355 4.34 4.333 4.325 4.318 4.313
4.962 4.78 4.623 4.408 4.308 4.303 4.24 4.168 4.085 3.983 3.92 3.92 3.92 3.92 3.92 3.92 3.92 3.92 3.92 3.92 3.92 3.92 3.92 3.92 3.92 3.92 3.92 3.92 3.92 3.92 3.92 3.92 3.92 3.92 4.135 4.352 4.355 4.355 4.555 4.772 4.78 4.762 4.752 4.745 4.73 4.713 4.703 4.713 4.737 4.752 4.747 4.725 4.687 4.645 4.6 4.57 4.557 4.545 4.53 4.515 4.507 4.502 4.492 4.482 4.472 4.457 4.443 4.428 4.415 4.402 4.387 4.368 4.345 4.333 4.33 4.327 4.32 4.31 4.305
4.255 4.183 4.1 3.983 3.92 3.92 3.92 3.92 3.92 3.92 3.92 3.92 3.92 3.92 3.92 3.92 3.92 3.92 3.92 3.92 3.92 3.92 3.92 3.92 3.92 3.92 3.92 3.92 3.92 3.92 3.92 3.97 4.185 4.35 4.565 4.785 4.795 4.802 4.807 4.805 4.785 4.755 4.735 4.725 4.71 4.688 4.67 4.677 4.692 4.687 4.672 4.652 4.625 4.592 4.553 4.525 4.515 4.505 4.49 4.475 4.467 4.46 4.448 4.438 4.432 4.422 4.407 4.392 4.378 4.365 4.352 4.335 4.323 4.323 4.325 4.322 4.315 4.305 4.298
3.92 3.92 3.92 3.92 3.92 3.92 3.92 3.92 3.92 3.92 3.92 3.92 3.92 3.92 3.92 3.92 3.92 3.92 3.92 3.92 3.92 3.92 3.92 3.92 3.92 3.92 3.998 4.268 4.46 4.455 4.398 4.33 4.547 4.78 4.782 4.79 4.805 4.82 4.827 4.817 4.79 4.76 4.73 4.707 4.69 4.665 4.64 4.632 4.63 4.615 4.6 4.58 4.552 4.527 4.5 4.48 4.47 4.46 4.448 4.435 4.425 4.415 4.403 4.393 4.388 4.38 4.37 4.358 4.343 4.33 4.32 4.31 4.31 4.317 4.32 4.318 4.31 4.3 4.29
3.92 3.92 3.92 3.92 3.92 3.92 3.92 3.92 3.92 3.92 3.92 3.92 3.92 3.92 3.92 3.92 3.92 3.92 3.92 3.97 4.203 4.392 4.4 4.415 4.43 4.435 4.525 4.805 4.99 4.97 4.9 4.69 4.66 4.78 4.785 4.797 4.812 4.82 4.817 4.8 4.767 4.735 4.7 4.667 4.645 4.62 4.59 4.57 4.56 4.545 4.527 4.505 4.475 4.453 4.443 4.435 4.425 4.415 4.408 4.398 4.385 4.375 4.363 4.358 4.355 4.345 4.34 4.333 4.32 4.31 4.3 4.295 4.3 4.31 4.315 4.317 4.315 4.305 4.295
3.92 3.92 3.92 3.92 3.92 3.92 3.92 3.92 3.92 3.92 3.92 3.92 3.92 3.92 4.068 4.302 4.41 4.43 4.428 4.47 4.692 4.882 4.895 4.922 4.942 4.935 4.95 4.967 4.955 4.93 4.905 4.745 4.693 4.785 4.782 4.782 4.782 4.775 4.76 4.735 4.702 4.667 4.632 4.6 4.575 4.55 4.52 4.5 4.49 4.472 4.45 4.425 4.398 4.385 4.39 4.392 4.387 4.38 4.372 4.362 4.35 4.338 4.325 4.325 4.33 4.327 4.322 4.315 4.307 4.3 4.29 4.285 4.29 4.297 4.303 4.315 4.325 4.322 4.315
3.92 3.92 3.925 4.135 4.337 4.128 3.92 3.92 3.92 4.128 4.337 4.352 4.375 4.378 4.525 4.777 4.905 4.935 4.932 4.92 4.907 4.915 4.927 4.942 4.937 4.908 4.908 4.917 4.905 4.885 4.857 4.732 4.68 4.737 4.735 4.725 4.712 4.697 4.682 4.658 4.625 4.593 4.56 4.53 4.505 4.48 4.453 4.433 4.417 4.395 4.368 4.343 4.328 4.333 4.345 4.347 4.345 4.342 4.335 4.325 4.315 4.302 4.29 4.288 4.295 4.302 4.302 4.298 4.293 4.287 4.28 4.275 4.28 4.285 4.288 4.3 4.317 4.33 4.332
4.343 4.348 4.355 4.557 4.737 4.472 4.233 4.272 4.317 4.532 4.73 4.727 4.735 4.737 4.752 4.79 4.83 4.862 4.892 4.912 4.922 4.94 4.957 4.955 4.925 4.888 4.873 4.87 4.85 4.8 4.727 4.633 4.595 4.625 4.635 4.633 4.625 4.615 4.607 4.588 4.553 4.52 4.49 4.463 4.438 4.413 4.388 4.363 4.34 4.315 4.285 4.268 4.273 4.288 4.3 4.303 4.3 4.3 4.295 4.285 4.275 4.265 4.255 4.253 4.26 4.27 4.278 4.28 4.277 4.273 4.268 4.265 4.27 4.275 4.278 4.29 4.31 4.33 4.345
6.177 5.877 5.172 4.76 4.71 4.592 4.487 4.245 4.353 4.69 4.69 4.655 4.623 4.613 4.63 4.67 4.72 4.773 4.833 4.882 4.91 4.927 4.935 4.92 4.89 4.857 4.832 4.807 4.762 4.688 4.593 4.53 4.525 4.545 4.553 4.548 4.543 4.54 4.542 4.53 4.495 4.463 4.438 4.415 4.39 4.365 4.343 4.315 4.288 4.26 4.24 4.243 4.258 4.273 4.278 4.273 4.27 4.27 4.268 4.26 4.25 4.24 4.24 4.24 4.24 4.25 4.26 4.262 4.26 4.258 4.26 4.268 4.273 4.275 4.288 4.31 4.33 4.35 4.368
7.614 6.904 5.498 4.818 4.75 4.605 4.205 3.895 4.243 4.612 4.655 4.628 4.598 4.59 4.608 4.64 4.68 4.73 4.79 4.837 4.86 4.862 4.85 4.83 4.81 4.785 4.755 4.722 4.677 4.615 4.543 4.495 4.495 4.502 4.492 4.483 4.48 4.483 4.49 4.48 4.448 4.423 4.405 4.385 4.36 4.335 4.315 4.29 4.263 4.245 4.248 4.263 4.277 4.285 4.277 4.265 4.258 4.255 4.252 4.245 4.235 4.235 4.257 4.26 4.24 4.238 4.245 4.247 4.245 4.253 4.268 4.28 4.285 4.293 4.318 4.345 4.365 4.385 4.4
7.54 6.602 5.411 5.535 5.587 4.78 3.901 3.925 4.495 4.55 4.605 4.605 4.595 4.615 4.645 4.67 4.69 4.72 4.762 4.79 4.79 4.775 4.755 4.733 4.705 4.675 4.643 4.617 4.597 4.562 4.507 4.468 4.46 4.45 4.43 4.42 4.423 4.43 4.44 4.432 4.408 4.39 4.375 4.355 4.332 4.31 4.29 4.268 4.253 4.258 4.273 4.287 4.295 4.287 4.275 4.262 4.25 4.243 4.237 4.23 4.228 4.248 4.285 4.292 4.265 4.243 4.235 4.235 4.24 4.26 4.282 4.293 4.303 4.325 4.355 4.38 4.4 4.417 4.43
7.34 6.14 5.641 6.516 6.136 4.508 3.873 4.202 4.495 4.525 4.565 4.59 4.605 4.635 4.665 4.69 4.707 4.722 4.74 4.745 4.728 4.703 4.678 4.645 4.605 4.568 4.53 4.503 4.49 4.478 4.455 4.433 4.415 4.398 4.38 4.373 4.38 4.39 4.398 4.39 4.372 4.36 4.345 4.325 4.305 4.285 4.268 4.26 4.267 4.282 4.297 4.305 4.297 4.285 4.272 4.258 4.245 4.233 4.223 4.225 4.243 4.275 4.312 4.32 4.295 4.265 4.243 4.238 4.25 4.273 4.295 4.31 4.33 4.36 4.39 4.412 4.427 4.44 4.447
7.122 5.878 5.955 6.566 5.482 3.998 4.008 4.47 4.48 4.505 4.535 4.562 4.585 4.61 4.637 4.662 4.682 4.697 4.71 4.707 4.685 4.658 4.628 4.588 4.545 4.503 4.458 4.44 4.443 4.435 4.428 4.41 4.385 4.368 4.353 4.348 4.355 4.365 4.372 4.358 4.333 4.32 4.305 4.285 4.265 4.248 4.24 4.25 4.27 4.287 4.302 4.3 4.285 4.275 4.268 4.26 4.253 4.243 4.23 4.23 4.25 4.282 4.317 4.327 4.305 4.273 4.255 4.263 4.278 4.295 4.31 4.323 4.345 4.375 4.402 4.422 4.432 4.44 4.447
6.672 5.696 6.065 5.934 4.568 3.918 4.28 4.452 4.45 4.463 4.49 4.515 4.535 4.558 4.583 4.61 4.637 4.66 4.675 4.672 4.65 4.623 4.592 4.555 4.512 4.467 4.423 4.415 4.442 4.452 4.445 4.42 4.383 4.353 4.335 4.33 4.338 4.35 4.357 4.337 4.298 4.273 4.255 4.235 4.218 4.213 4.22 4.235 4.255 4.27 4.28 4.277 4.265 4.26 4.273 4.282 4.278 4.273 4.265 4.255 4.255 4.273 4.302 4.317 4.3 4.278 4.28 4.297 4.312 4.322 4.325 4.33 4.345 4.37 4.397 4.417 4.427 4.433 4.44
6.108 5.521 6.009 5.235 3.993 4.06 4.457 4.44 4.43 4.428 4.445 4.467 4.485 4.505 4.53 4.56 4.59 4.617 4.637 4.64 4.62 4.59 4.56 4.522 4.477 4.432 4.385 4.375 4.415 4.452 4.46 4.435 4.393 4.35 4.32 4.313 4.323 4.337 4.345 4.322 4.275 4.235 4.208 4.188 4.183 4.193 4.208 4.222 4.237 4.247 4.253 4.25 4.25 4.265 4.293 4.315 4.315 4.31 4.305 4.295 4.285 4.283 4.293 4.305 4.3 4.298 4.315 4.332 4.342 4.34 4.333 4.335 4.348 4.365 4.39 4.41 4.42 4.425 4.43
5.718 5.545 5.582 4.465 3.926 4.327 4.437 4.43 4.42 4.41 4.41 4.423 4.44 4.458 4.478 4.505 4.538 4.57 4.597 4.605 4.585 4.555 4.525 4.487 4.443 4.398 4.353 4.34 4.375 4.425 4.46 4.447 4.405 4.36 4.318 4.303 4.313 4.328 4.335 4.31 4.263 4.218 4.178 4.16 4.168 4.183 4.198 4.21 4.22 4.228 4.233 4.238 4.255 4.285 4.317 4.347 4.355 4.35 4.345 4.335 4.325 4.315 4.308 4.308 4.315 4.33 4.35 4.362 4.36 4.35 4.34 4.34 4.353 4.368 4.388 4.405 4.413 4.418 4.423
5.378 5.589 4.952 3.941 4.093 4.452 4.423 4.415 4.405 4.395 4.388 4.395 4.415 4.43 4.44 4.46 4.493 4.525 4.55 4.555 4.535 4.505 4.475 4.452 4.422 4.38 4.34 4.32 4.34 4.385 4.432 4.442 4.41 4.365 4.318 4.298 4.31 4.327 4.335 4.312 4.268 4.223 4.183 4.168 4.175 4.19 4.205 4.22 4.235 4.243 4.248 4.258 4.278 4.305 4.34 4.375 4.385 4.377 4.37 4.36 4.35 4.34 4.33 4.323 4.333 4.355 4.375 4.382 4.375 4.365 4.355 4.353 4.36 4.375 4.395 4.415 4.43 4.438 4.443
