EGM722_Project_Data/DTM_asc/TL4756.asc
ncols         200
nrows         200
xllcorner     547000.000
yllcorner     256000.000
cellsize      5
NODATA_value  -9999.0
[rows 140 to 174 of 200, columns 79 to 157 of 200]
9.298 9.293 9.29 9.29 9.295 9.305 9.328 9.363 9.397 9.422 9.425 9.418 9.423 9.443 9.487 9.547 9.605 9.66 9.71 9.74 9.75 9.763 9.778 9.793 9.805 9.76 9.708 9.7 9.685 9.657 9.622 9.54 9.413 9.353 9.395 9.483 9.585 9.627 9.603 9.605 9.63 9.642 9.647 9.637 9.612 9.59 9.58 9.585 9.595 9.59 9.555 9.5 9.45 9.425 9.455 9.478 9.475 9.498 9.517 9.517 9.49 9.463 9.46 9.462 9.455 9.46 9.498 9.56 9.605 9.617 9.62 9.615 9.598 9.58 9.575 9.588 9.618 9.653 9.682
9.325 9.325 9.325 9.328 9.333 9.338 9.348 9.37 9.4 9.428 9.443 9.448 9.458 9.48 9.525 9.577 9.625 9.67 9.71 9.727 9.728 9.735 9.745 9.758 9.77 9.762 9.742 9.717 9.683 9.65 9.617 9.55 9.463 9.423 9.45 9.518 9.598 9.66 9.675 9.672 9.672 9.66 9.637 9.613 9.59 9.57 9.563 9.57 9.58 9.592 9.592 9.57 9.532 9.487 9.46 9.46 9.48 9.505 9.527 9.525 9.49 9.45 9.418 9.4 9.41 9.455 9.52 9.587 9.627 9.638 9.64 9.638 9.63 9.625 9.625 9.635 9.658 9.685 9.712
9.36 9.36 9.36 9.365 9.37 9.375 9.39 9.415 9.44 9.46 9.475 9.488 9.497 9.505 9.535 9.58 9.625 9.67 9.707 9.72 9.713 9.715 9.725 9.735 9.745 9.767 9.767 9.733 9.695 9.658 9.633 9.605 9.57 9.543 9.558 9.615 9.675 9.707 9.705 9.692 9.673 9.648 9.62 9.593 9.57 9.55 9.545 9.555 9.568 9.58 9.59 9.595 9.575 9.53 9.483 9.47 9.493 9.518 9.545 9.547 9.515 9.473 9.428 9.393 9.408 9.47 9.537 9.602 9.652 9.67 9.67 9.673 9.672 9.67 9.67 9.678 9.698 9.722 9.745
9.35 9.4 9.4 9.403 9.41 9.423 9.445 9.475 9.497 9.512 9.522 9.532 9.535 9.523 9.535 9.577 9.625 9.672 9.705 9.71 9.7 9.698 9.705 9.715 9.735 9.782 9.8 9.765 9.733 9.708 9.695 9.695 9.687 9.668 9.675 9.725 9.757 9.732 9.695 9.685 9.68 9.662 9.633 9.6 9.573 9.548 9.535 9.543 9.558 9.57 9.582 9.587 9.572 9.54 9.498 9.488 9.51 9.535 9.565 9.575 9.56 9.525 9.48 9.448 9.445 9.483 9.543 9.607 9.667 9.705 9.715 9.717 9.718 9.72 9.733 9.74 9.743 9.758 9.777
9.227 9.387 9.437 9.443 9.458 9.482 9.507 9.532 9.547 9.555 9.565 9.572 9.565 9.543 9.538 9.57 9.62 9.67 9.7 9.703 9.695 9.688 9.688 9.7 9.743 9.81 9.835 9.813 9.798 9.793 9.79 9.79 9.79 9.785 9.792 9.807 9.782 9.725 9.678 9.663 9.67 9.672 9.66 9.635 9.603 9.575 9.56 9.558 9.56 9.565 9.577 9.577 9.562 9.542 9.51 9.503 9.528 9.555 9.585 9.597 9.592 9.575 9.54 9.513 9.505 9.515 9.553 9.61 9.67 9.725 9.757 9.765 9.773 9.793 9.82 9.83 9.813 9.803 9.81
9.035 9.27 9.427 9.485 9.51 9.537 9.56 9.577 9.59 9.597 9.605 9.607 9.592 9.565 9.545 9.565 9.615 9.667 9.705 9.71 9.7 9.688 9.678 9.7 9.765 9.832 9.857 9.862 9.877 9.887 9.887 9.885 9.882 9.872 9.862 9.832 9.772 9.71 9.658 9.638 9.643 9.65 9.657 9.655 9.637 9.62 9.61 9.6 9.59 9.583 9.58 9.57 9.555 9.54 9.52 9.523 9.548 9.575 9.605 9.617 9.612 9.605 9.587 9.572 9.57 9.572 9.585 9.62 9.678 9.74 9.795 9.828 9.85 9.88 9.91 9.917 9.895 9.867 9.85
8.875 9.135 9.367 9.482 9.51 9.532 9.545 9.557 9.572 9.585 9.595 9.597 9.58 9.552 9.538 9.563 9.618 9.672 9.72 9.732 9.72 9.705 9.693 9.725 9.8 9.85 9.86 9.867 9.89 9.915 9.93 9.935 9.927 9.907 9.875 9.825 9.763 9.7 9.65 9.63 9.633 9.64 9.65 9.66 9.665 9.665 9.66 9.65 9.64 9.625 9.61 9.595 9.58 9.565 9.545 9.548 9.57 9.595 9.622 9.63 9.622 9.615 9.607 9.605 9.605 9.61 9.615 9.653 9.73 9.803 9.868 9.915 9.945 9.97 9.985 9.98 9.952 9.92 9.887
8.85 9.058 9.3 9.437 9.46 9.47 9.47 9.48 9.495 9.51 9.527 9.537 9.53 9.508 9.513 9.56 9.62 9.677 9.73 9.757 9.752 9.738 9.73 9.765 9.827 9.855 9.855 9.853 9.858 9.875 9.9 9.922 9.925 9.91 9.875 9.82 9.763 9.713 9.678 9.658 9.65 9.653 9.66 9.67 9.68 9.69 9.695 9.695 9.69 9.675 9.66 9.645 9.628 9.61 9.585 9.575 9.59 9.615 9.635 9.635 9.628 9.62 9.615 9.615 9.615 9.618 9.625 9.69 9.805 9.902 9.97 10.005 10.02 10.025 10.02 10.005 9.98 9.947 9.913
8.97 9.088 9.258 9.377 9.4 9.397 9.395 9.403 9.418 9.435 9.452 9.467 9.475 9.473 9.5 9.56 9.62 9.68 9.735 9.777 9.785 9.773 9.773 9.805 9.84 9.845 9.845 9.845 9.845 9.845 9.852 9.877 9.902 9.905 9.875 9.825 9.78 9.748 9.725 9.705 9.687 9.677 9.675 9.68 9.69 9.7 9.712 9.725 9.73 9.722 9.71 9.695 9.675 9.652 9.627 9.608 9.61 9.632 9.645 9.64 9.635 9.63 9.623 9.623 9.625 9.625 9.643 9.725 9.855 9.975 10.045 10.06 10.055 10.045 10.035 10.02 9.997 9.97 9.94
9.122 9.2 9.275 9.322 9.33 9.323 9.32 9.327 9.342 9.36 9.375 9.39 9.405 9.425 9.472 9.537 9.602 9.667 9.73 9.787 9.815 9.815 9.817 9.832 9.842 9.837 9.835 9.835 9.825 9.805 9.785 9.798 9.84 9.872 9.872 9.842 9.812 9.787 9.762 9.737 9.712 9.687 9.675 9.675 9.682 9.697 9.712 9.727 9.742 9.75 9.75 9.737 9.715 9.69 9.662 9.637 9.632 9.647 9.652 9.648 9.642 9.637 9.63 9.63 9.635 9.635 9.665 9.758 9.885 10.01 10.075 10.077 10.07 10.06 10.05 10.035 10.013 9.99 9.962
9.2 9.257 9.282 9.272 9.263 9.255 9.24 9.235 9.25 9.27 9.285 9.3 9.315 9.333 9.38 9.45 9.52 9.59 9.66 9.717 9.755 9.77 9.767 9.78 9.795 9.792 9.79 9.787 9.77 9.74 9.705 9.698 9.735 9.79 9.83 9.827 9.802 9.775 9.742 9.71 9.68 9.65 9.645 9.647 9.65 9.667 9.682 9.7 9.717 9.727 9.732 9.732 9.72 9.695 9.667 9.642 9.638 9.652 9.657 9.655 9.65 9.645 9.64 9.638 9.643 9.655 9.698 9.785 9.903 10.025 10.085 10.082 10.075 10.068 10.06 10.05 10.035 10.015 9.987
9.217 9.247 9.235 9.21 9.197 9.18 9.145 9.12 9.128 9.152 9.175 9.195 9.215 9.228 9.26 9.325 9.392 9.46 9.517 9.555 9.59 9.617 9.62 9.648 9.69 9.7 9.7 9.695 9.68 9.66 9.632 9.608 9.623 9.685 9.755 9.772 9.745 9.712 9.675 9.64 9.61 9.6 9.617 9.618 9.61 9.623 9.64 9.657 9.665 9.662 9.66 9.672 9.685 9.675 9.652 9.628 9.628 9.65 9.66 9.66 9.657 9.652 9.648 9.645 9.658 9.698 9.755 9.825 9.92 10.035 10.095 10.09 10.08 10.075 10.073 10.07 10.065 10.05 10.027
9.215 9.205 9.173 9.145 9.122 9.082 9.038 9.01 9.003 9.02 9.047 9.072 9.1 9.122 9.148 9.2 9.262 9.312 9.345 9.373 9.41 9.447 9.465 9.503 9.57 9.602 9.6 9.59 9.577 9.562 9.545 9.523 9.525 9.59 9.685 9.717 9.687 9.65 9.61 9.573 9.553 9.57 9.6 9.595 9.575 9.58 9.595 9.6 9.595 9.585 9.58 9.595 9.62 9.635 9.63 9.615 9.623 9.645 9.66 9.665 9.662 9.657 9.655 9.665 9.7 9.757 9.82 9.883 9.955 10.05 10.105 10.1 10.093 10.09 10.087 10.085 10.085 10.08 10.065
9.187 9.153 9.115 9.078 9.033 8.973 8.928 8.905 8.888 8.89 8.913 8.94 8.97 9.003 9.033 9.07 9.115 9.145 9.168 9.198 9.235 9.273 9.303 9.355 9.438 9.492 9.497 9.485 9.475 9.463 9.45 9.438 9.445 9.513 9.617 9.657 9.625 9.585 9.545 9.515 9.52 9.555 9.582 9.575 9.548 9.535 9.532 9.525 9.515 9.505 9.503 9.518 9.542 9.567 9.585 9.6 9.62 9.64 9.66 9.667 9.663 9.66 9.658 9.683 9.742 9.807 9.87 9.935 10.002 10.077 10.117 10.113 10.11 10.108 10.103 10.1 10.1 10.1 10.095
9.155 9.115 9.08 9.048 9.005 8.935 8.87 8.835 8.808 8.79 8.808 8.853 8.898 8.945 8.985 9 9.01 9.033 9.058 9.093 9.135 9.17 9.205 9.263 9.343 9.4 9.408 9.395 9.385 9.375 9.365 9.355 9.38 9.46 9.56 9.6 9.573 9.535 9.495 9.475 9.495 9.537 9.562 9.55 9.523 9.498 9.468 9.445 9.435 9.428 9.428 9.44 9.465 9.49 9.533 9.587 9.62 9.643 9.667 9.672 9.66 9.655 9.65 9.68 9.75 9.817 9.882 9.95 10.02 10.095 10.137 10.14 10.138 10.14 10.153 10.155 10.153 10.155 10.155
9.125 9.09 9.068 9.05 9.025 8.975 8.908 8.855 8.82 8.79 8.798 8.85 8.91 8.965 9.005 9.005 8.975 8.975 9.003 9.043 9.095 9.137 9.173 9.225 9.295 9.342 9.342 9.323 9.31 9.3 9.29 9.28 9.323 9.417 9.507 9.545 9.527 9.497 9.46 9.44 9.46 9.505 9.53 9.515 9.495 9.482 9.44 9.385 9.36 9.353 9.35 9.363 9.39 9.433 9.51 9.585 9.623 9.653 9.682 9.685 9.668 9.655 9.643 9.67 9.74 9.808 9.875 9.945 10.015 10.097 10.162 10.178 10.185 10.215 10.252 10.257 10.243 10.24 10.24
9.103 9.083 9.067 9.047 9.022 8.995 8.955 8.917 8.892 8.865 8.858 8.895 8.947 8.99 9.025 9.025 8.973 8.933 8.948 8.99 9.045 9.097 9.138 9.188 9.245 9.285 9.287 9.263 9.243 9.228 9.215 9.215 9.27 9.365 9.452 9.487 9.47 9.45 9.423 9.403 9.42 9.462 9.487 9.48 9.47 9.47 9.44 9.373 9.31 9.278 9.27 9.288 9.338 9.415 9.507 9.585 9.632 9.667 9.697 9.7 9.682 9.665 9.658 9.688 9.745 9.808 9.875 9.945 10.015 10.103 10.187 10.23 10.268 10.32 10.365 10.37 10.345 10.33 10.325
9.095 9.085 9.07 9.045 9.018 8.99 8.96 8.942 8.932 8.917 8.91 8.932 8.972 9.007 9.04 9.042 8.99 8.92 8.903 8.94 8.995 9.05 9.098 9.148 9.193 9.225 9.232 9.21 9.183 9.16 9.14 9.153 9.22 9.308 9.395 9.43 9.41 9.395 9.377 9.363 9.38 9.42 9.445 9.45 9.45 9.45 9.437 9.385 9.303 9.235 9.208 9.235 9.313 9.405 9.492 9.57 9.63 9.675 9.71 9.715 9.698 9.693 9.71 9.745 9.79 9.843 9.9 9.96 10.03 10.13 10.243 10.322 10.378 10.43 10.47 10.472 10.45 10.427 10.412
9.087 9.082 9.07 9.045 9.015 8.983 8.95 8.935 8.932 8.93 8.932 8.948 8.977 9.01 9.042 9.045 8.99 8.92 8.898 8.93 8.985 9.04 9.093 9.133 9.155 9.18 9.192 9.175 9.148 9.123 9.1 9.105 9.165 9.252 9.335 9.367 9.35 9.333 9.323 9.325 9.343 9.375 9.402 9.415 9.422 9.427 9.427 9.39 9.315 9.235 9.185 9.213 9.295 9.382 9.467 9.545 9.61 9.667 9.715 9.732 9.733 9.75 9.78 9.815 9.86 9.91 9.957 10.003 10.08 10.198 10.325 10.43 10.495 10.545 10.562 10.545 10.525 10.502 10.485
9.062 9.06 9.052 9.035 9.01 8.977 8.943 8.925 8.925 8.93 8.943 8.958 8.975 9.003 9.037 9.032 8.975 8.935 8.94 8.973 9.023 9.075 9.13 9.152 9.143 9.155 9.172 9.16 9.133 9.108 9.103 9.118 9.14 9.198 9.275 9.305 9.29 9.278 9.283 9.3 9.315 9.335 9.36 9.372 9.377 9.385 9.39 9.37 9.317 9.245 9.193 9.208 9.275 9.358 9.445 9.522 9.585 9.645 9.697 9.737 9.777 9.817 9.85 9.885 9.927 9.97 10.008 10.06 10.16 10.285 10.41 10.532 10.615 10.655 10.64 10.6 10.58 10.563 10.55
9.027 9.022 9.015 9.005 8.99 8.967 8.938 8.92 8.923 8.935 8.955 8.97 8.983 9.003 9.032 9.022 8.983 8.98 9 9.028 9.068 9.115 9.165 9.175 9.148 9.14 9.152 9.147 9.12 9.108 9.128 9.16 9.167 9.173 9.218 9.245 9.24 9.248 9.265 9.283 9.298 9.315 9.333 9.335 9.325 9.323 9.325 9.317 9.292 9.245 9.205 9.215 9.265 9.338 9.422 9.495 9.557 9.61 9.642 9.687 9.755 9.817 9.872 9.927 9.977 10.012 10.05 10.13 10.25 10.375 10.5 10.627 10.725 10.75 10.705 10.658 10.637 10.625 10.615
8.99 8.985 8.975 8.965 8.955 8.943 8.928 8.923 8.933 8.95 8.97 8.985 8.998 9.01 9.03 9.033 9.025 9.04 9.06 9.085 9.12 9.162 9.197 9.195 9.165 9.14 9.138 9.132 9.12 9.135 9.162 9.185 9.195 9.185 9.188 9.203 9.215 9.233 9.25 9.268 9.288 9.313 9.33 9.325 9.305 9.293 9.283 9.268 9.25 9.225 9.21 9.23 9.273 9.325 9.398 9.467 9.517 9.548 9.565 9.61 9.683 9.758 9.835 9.91 9.972 10.023 10.103 10.22 10.345 10.47 10.595 10.72 10.82 10.827 10.758 10.705 10.685 10.675 10.665
8.993 8.985 8.978 8.97 8.963 8.955 8.948 8.948 8.96 8.98 8.998 9.01 9.023 9.033 9.04 9.052 9.067 9.087 9.107 9.115 9.132 9.167 9.207 9.217 9.187 9.155 9.135 9.125 9.133 9.157 9.177 9.192 9.197 9.187 9.17 9.18 9.21 9.225 9.24 9.263 9.29 9.32 9.342 9.34 9.32 9.3 9.273 9.245 9.225 9.21 9.22 9.255 9.295 9.333 9.383 9.435 9.47 9.495 9.523 9.568 9.633 9.71 9.79 9.862 9.925 10.028 10.185 10.33 10.455 10.58 10.705 10.807 10.867 10.862 10.797 10.74 10.713 10.7 10.69
9.038 9.03 9.025 9.02 9.015 9.01 9.003 9 9.005 9.018 9.033 9.045 9.055 9.057 9.053 9.063 9.085 9.105 9.117 9.087 9.05 9.058 9.115 9.185 9.205 9.182 9.15 9.135 9.14 9.155 9.172 9.187 9.19 9.17 9.138 9.15 9.2 9.225 9.24 9.268 9.3 9.33 9.355 9.355 9.335 9.307 9.27 9.238 9.215 9.215 9.248 9.288 9.325 9.36 9.388 9.415 9.45 9.485 9.52 9.56 9.605 9.668 9.745 9.818 9.908 10.083 10.295 10.45 10.575 10.697 10.792 10.842 10.862 10.867 10.83 10.773 10.735 10.713 10.7
9.085 9.08 9.075 9.072 9.068 9.063 9.058 9.055 9.058 9.063 9.07 9.075 9.072 9.065 9.058 9.068 9.087 9.097 9.102 9.055 8.96 8.905 8.948 9.058 9.15 9.192 9.185 9.163 9.153 9.153 9.165 9.18 9.172 9.14 9.1 9.108 9.165 9.212 9.24 9.27 9.307 9.34 9.365 9.365 9.34 9.305 9.268 9.233 9.213 9.233 9.28 9.322 9.355 9.38 9.398 9.42 9.453 9.485 9.52 9.56 9.595 9.638 9.703 9.79 9.945 10.173 10.402 10.57 10.682 10.767 10.81 10.83 10.847 10.865 10.85 10.805 10.768 10.735 10.715
9.13 9.127 9.125 9.125 9.122 9.117 9.112 9.11 9.112 9.112 9.107 9.1 9.09 9.078 9.068 9.07 9.08 9.085 9.09 9.045 8.933 8.833 8.853 8.963 9.068 9.163 9.202 9.192 9.18 9.17 9.167 9.167 9.145 9.105 9.065 9.068 9.12 9.18 9.23 9.27 9.31 9.347 9.375 9.372 9.34 9.303 9.268 9.233 9.228 9.265 9.312 9.347 9.37 9.387 9.402 9.425 9.457 9.49 9.523 9.56 9.595 9.63 9.678 9.8 10.02 10.267 10.507 10.67 10.74 10.772 10.79 10.81 10.827 10.845 10.852 10.835 10.802 10.765 10.735
9.165 9.165 9.165 9.165 9.165 9.162 9.16 9.16 9.157 9.15 9.14 9.135 9.127 9.113 9.1 9.095 9.098 9.103 9.1 9.05 8.943 8.868 8.918 9.038 9.14 9.218 9.232 9.193 9.165 9.155 9.147 9.132 9.105 9.07 9.03 9.028 9.078 9.155 9.225 9.27 9.31 9.35 9.38 9.377 9.348 9.313 9.278 9.248 9.258 9.302 9.335 9.345 9.347 9.36 9.377 9.415 9.462 9.497 9.53 9.563 9.595 9.628 9.668 9.813 10.062 10.315 10.562 10.7 10.725 10.742 10.757 10.775 10.79 10.8 10.82 10.845 10.835 10.798 10.763
9.198 9.195 9.195 9.195 9.195 9.195 9.195 9.195 9.19 9.18 9.17 9.17 9.17 9.16 9.148 9.143 9.145 9.14 9.12 9.067 8.975 8.963 9.07 9.2 9.31 9.337 9.275 9.188 9.12 9.093 9.087 9.072 9.047 9.018 8.993 9.03 9.103 9.17 9.23 9.27 9.31 9.345 9.37 9.375 9.36 9.33 9.295 9.275 9.295 9.33 9.337 9.327 9.31 9.303 9.315 9.372 9.452 9.502 9.537 9.567 9.595 9.625 9.668 9.815 10.06 10.31 10.56 10.682 10.683 10.695 10.71 10.725 10.737 10.735 10.755 10.817 10.852 10.832 10.798
9.23 9.225 9.225 9.225 9.225 9.228 9.227 9.225 9.22 9.21 9.203 9.203 9.205 9.202 9.193 9.187 9.182 9.16 9.132 9.087 9.038 9.088 9.21 9.315 9.395 9.39 9.307 9.213 9.118 9.048 9.023 9.008 8.98 8.993 9.038 9.102 9.165 9.198 9.235 9.272 9.305 9.332 9.355 9.365 9.36 9.342 9.313 9.303 9.322 9.332 9.325 9.312 9.29 9.265 9.255 9.308 9.412 9.495 9.542 9.572 9.598 9.625 9.67 9.82 10.06 10.305 10.55 10.665 10.655 10.653 10.66 10.67 10.67 10.658 10.685 10.765 10.84 10.86 10.835
9.26 9.255 9.255 9.255 9.258 9.263 9.26 9.253 9.247 9.24 9.235 9.235 9.235 9.235 9.235 9.228 9.205 9.175 9.148 9.113 9.115 9.192 9.285 9.36 9.405 9.402 9.347 9.255 9.155 9.058 8.985 8.965 8.98 9.04 9.122 9.177 9.208 9.228 9.25 9.272 9.295 9.317 9.34 9.35 9.347 9.342 9.325 9.318 9.325 9.32 9.31 9.3 9.28 9.255 9.24 9.283 9.38 9.475 9.542 9.578 9.603 9.628 9.673 9.825 10.065 10.307 10.54 10.645 10.63 10.612 10.6 10.592 10.582 10.578 10.623 10.708 10.795 10.86 10.87
9.257 9.26 9.285 9.31 9.32 9.323 9.303 9.28 9.275 9.27 9.265 9.265 9.265 9.273 9.3 9.305 9.273 9.24 9.21 9.175 9.178 9.232 9.3 9.367 9.402 9.4 9.375 9.305 9.205 9.105 9.013 8.99 9.043 9.105 9.17 9.23 9.262 9.277 9.27 9.263 9.28 9.3 9.325 9.337 9.335 9.335 9.327 9.32 9.317 9.31 9.3 9.293 9.288 9.28 9.275 9.313 9.395 9.485 9.57 9.618 9.635 9.655 9.67 9.788 10.012 10.237 10.465 10.567 10.542 10.517 10.492 10.472 10.468 10.505 10.585 10.67 10.753 10.835 10.877
9.225 9.243 9.287 9.35 9.397 9.412 9.383 9.335 9.31 9.3 9.295 9.295 9.303 9.34 9.402 9.42 9.388 9.358 9.333 9.288 9.235 9.248 9.312 9.37 9.395 9.39 9.382 9.345 9.26 9.163 9.085 9.068 9.108 9.16 9.22 9.28 9.315 9.312 9.27 9.245 9.26 9.285 9.32 9.335 9.33 9.328 9.32 9.315 9.312 9.305 9.295 9.295 9.31 9.322 9.323 9.355 9.435 9.533 9.637 9.695 9.705 9.692 9.628 9.663 9.85 10.068 10.315 10.432 10.4 10.37 10.345 10.333 10.363 10.455 10.562 10.65 10.73 10.807 10.857
9.205 9.23 9.263 9.33 9.42 9.482 9.49 9.44 9.38 9.34 9.325 9.33 9.365 9.44 9.517 9.537 9.512 9.49 9.472 9.417 9.31 9.273 9.327 9.372 9.382 9.378 9.372 9.36 9.307 9.228 9.168 9.153 9.185 9.23 9.28 9.332 9.35 9.315 9.255 9.228 9.245 9.285 9.325 9.335 9.33 9.325 9.315 9.31 9.307 9.302 9.298 9.305 9.328 9.352 9.365 9.395 9.478 9.593 9.712 9.775 9.755 9.672 9.545 9.505 9.643 9.883 10.16 10.292 10.263 10.228 10.203 10.225 10.313 10.428 10.535 10.625 10.705 10.78 10.832
9.195 9.22 9.245 9.298 9.39 9.487 9.555 9.547 9.482 9.415 9.37 9.378 9.44 9.522 9.595 9.62 9.62 9.622 9.615 9.547 9.41 9.32 9.338 9.372 9.37 9.365 9.36 9.352 9.33 9.29 9.252 9.24 9.265 9.3 9.335 9.367 9.355 9.3 9.243 9.215 9.24 9.295 9.332 9.335 9.327 9.32 9.31 9.305 9.302 9.3 9.303 9.318 9.342 9.37 9.395 9.435 9.527 9.657 9.787 9.82 9.727 9.595 9.455 9.355 9.448 9.715 10.005 10.162 10.175 10.17 10.173 10.23 10.335 10.44 10.535 10.615 10.685 10.755 10.813
9.185 9.21 9.235 9.275 9.353 9.45 9.535 9.575 9.545 9.475 9.413 9.415 9.48 9.552 9.617 9.632 9.637 9.665 9.68 9.627 9.51 9.393 9.35 9.365 9.357 9.345 9.332 9.32 9.31 9.297 9.277 9.275 9.3 9.327 9.352 9.365 9.337 9.28 9.225 9.213 9.255 9.315 9.342 9.333 9.32 9.31 9.3 9.295 9.295 9.298 9.308 9.327 9.352 9.38 9.41 9.453 9.537 9.662 9.795 9.81 9.688 9.545 9.405 9.293 9.395 9.693 9.952 10.112 10.195 10.238 10.268 10.33 10.423 10.513 10.595 10.663 10.718 10.778 10.838
