EGM722_Project_Data/DTM_asc/TL4856.asc
ncols         200
nrows         200
xllcorner     548000.000
yllcorner     256000.000
cellsize      5
NODATA_value  -9999.0
[rows 66 to 98 of 200, columns 73 to 145 of 200]
10.493 10.518 10.562 10.602 10.64 10.675 10.705 10.732 10.752 10.767 10.782 10.797 10.815 10.86 10.91 10.935 10.947 10.95 10.947 10.937 10.92 10.905 10.903 10.908 10.913 10.92 10.917 10.903 10.893 10.913 10.973 11.055 11.147 11.21 11.24 11.273 11.318 11.378 11.442 11.502 11.56 11.615 11.665 11.72 11.778 11.837 11.872 11.855 11.815 11.79 11.785 11.78 11.778 11.803 11.86 11.918 11.96 12 12.045 12.09 12.132 12.165 12.177 12.18 12.18 12.213 12.275 12.332 12.38 12.412 12.435 12.457 12.477
10.54 10.562 10.6 10.63 10.655 10.68 10.705 10.73 10.748 10.763 10.778 10.792 10.808 10.86 10.937 10.98 10.992 10.995 10.995 10.992 10.98 10.968 10.967 10.967 10.96 10.96 10.97 10.97 10.968 10.985 11.023 11.083 11.165 11.225 11.258 11.298 11.345 11.4 11.46 11.52 11.58 11.635 11.685 11.745 11.815 11.88 11.922 11.92 11.885 11.863 11.858 11.853 11.855 11.873 11.905 11.955 12.01 12.057 12.102 12.145 12.187 12.217 12.23 12.237 12.243 12.275 12.33 12.372 12.407 12.437 12.462 12.48 12.49
10.567 10.59 10.61 10.63 10.653 10.678 10.705 10.73 10.745 10.758 10.773 10.788 10.803 10.853 10.937 11.007 11.037 11.04 11.04 11.04 11.035 11.027 11.02 11.007 10.993 10.99 11.01 11.03 11.042 11.065 11.095 11.133 11.193 11.247 11.288 11.335 11.385 11.433 11.483 11.538 11.598 11.655 11.713 11.785 11.865 11.927 11.962 11.977 11.96 11.938 11.93 11.93 11.945 11.965 11.988 12.02 12.065 12.115 12.16 12.2 12.242 12.272 12.283 12.29 12.303 12.328 12.363 12.398 12.433 12.462 12.482 12.492 12.5
10.585 10.61 10.625 10.64 10.658 10.678 10.702 10.725 10.742 10.755 10.767 10.782 10.798 10.848 10.935 11.022 11.07 11.077 11.08 11.08 11.08 11.072 11.055 11.038 11.023 11.018 11.035 11.065 11.097 11.13 11.16 11.19 11.23 11.278 11.325 11.375 11.423 11.468 11.515 11.565 11.62 11.683 11.755 11.835 11.915 11.97 11.998 12.025 12.027 12.01 12.005 12.018 12.04 12.06 12.082 12.105 12.133 12.173 12.215 12.255 12.295 12.325 12.338 12.348 12.37 12.398 12.423 12.448 12.473 12.49 12.498 12.503 12.51
10.605 10.63 10.645 10.657 10.67 10.683 10.703 10.722 10.737 10.75 10.76 10.773 10.798 10.86 10.952 11.035 11.082 11.102 11.115 11.117 11.115 11.107 11.09 11.075 11.055 11.038 11.05 11.08 11.12 11.162 11.197 11.23 11.265 11.313 11.365 11.415 11.463 11.51 11.56 11.61 11.658 11.718 11.792 11.872 11.952 12.005 12.035 12.065 12.082 12.085 12.092 12.11 12.127 12.142 12.16 12.177 12.205 12.24 12.273 12.31 12.35 12.38 12.398 12.418 12.45 12.485 12.512 12.533 12.548 12.545 12.535 12.535 12.54
10.63 10.655 10.66 10.665 10.675 10.688 10.707 10.722 10.73 10.74 10.75 10.768 10.813 10.89 10.975 11.042 11.085 11.11 11.132 11.147 11.15 11.145 11.13 11.107 11.072 11.045 11.055 11.085 11.125 11.177 11.222 11.255 11.295 11.35 11.407 11.46 11.51 11.557 11.605 11.655 11.7 11.753 11.82 11.898 11.975 12.027 12.06 12.095 12.132 12.15 12.157 12.17 12.182 12.195 12.208 12.233 12.285 12.33 12.35 12.378 12.415 12.445 12.468 12.495 12.53 12.565 12.597 12.625 12.642 12.632 12.605 12.59 12.59
10.662 10.682 10.673 10.67 10.68 10.695 10.712 10.72 10.723 10.73 10.743 10.778 10.838 10.915 10.99 11.047 11.087 11.11 11.135 11.16 11.177 11.182 11.165 11.125 11.073 11.045 11.06 11.09 11.128 11.185 11.242 11.28 11.325 11.385 11.447 11.505 11.555 11.602 11.65 11.697 11.743 11.793 11.855 11.928 11.997 12.052 12.095 12.14 12.19 12.21 12.203 12.205 12.217 12.23 12.253 12.308 12.38 12.425 12.443 12.46 12.488 12.515 12.543 12.575 12.61 12.645 12.68 12.712 12.737 12.73 12.692 12.66 12.645
10.697 10.707 10.693 10.683 10.685 10.7 10.712 10.715 10.718 10.723 10.748 10.803 10.865 10.933 10.997 11.052 11.09 11.113 11.137 11.16 11.182 11.2 11.182 11.13 11.07 11.048 11.068 11.095 11.13 11.185 11.25 11.303 11.358 11.42 11.483 11.545 11.6 11.648 11.695 11.74 11.785 11.835 11.895 11.965 12.025 12.08 12.14 12.197 12.252 12.277 12.265 12.253 12.253 12.273 12.328 12.41 12.482 12.517 12.535 12.55 12.565 12.588 12.62 12.655 12.69 12.725 12.76 12.795 12.825 12.817 12.772 12.727 12.708
10.705 10.715 10.71 10.7 10.693 10.703 10.71 10.715 10.728 10.743 10.785 10.85 10.91 10.963 11.008 11.055 11.092 11.117 11.14 11.157 11.175 11.19 11.175 11.127 11.07 11.068 11.113 11.143 11.17 11.22 11.288 11.343 11.395 11.458 11.52 11.582 11.642 11.692 11.737 11.782 11.828 11.875 11.935 12 12.05 12.1 12.162 12.227 12.297 12.332 12.322 12.305 12.303 12.338 12.407 12.492 12.56 12.595 12.612 12.625 12.637 12.658 12.69 12.727 12.762 12.797 12.83 12.855 12.872 12.855 12.805 12.768 12.775
10.68 10.695 10.697 10.697 10.698 10.713 10.73 10.745 10.765 10.795 10.848 10.912 10.972 11.015 11.043 11.068 11.092 11.112 11.13 11.147 11.162 11.17 11.157 11.12 11.073 11.095 11.177 11.23 11.258 11.303 11.365 11.407 11.44 11.495 11.557 11.612 11.67 11.725 11.772 11.822 11.87 11.915 11.97 12.025 12.07 12.12 12.18 12.25 12.335 12.377 12.368 12.363 12.383 12.42 12.47 12.543 12.607 12.645 12.67 12.687 12.702 12.723 12.753 12.79 12.82 12.842 12.865 12.88 12.882 12.855 12.813 12.81 12.858
10.647 10.663 10.668 10.678 10.695 10.727 10.767 10.795 10.815 10.853 10.913 10.977 11.035 11.075 11.09 11.087 11.093 11.105 11.118 11.133 11.147 11.152 11.14 11.11 11.08 11.118 11.212 11.292 11.345 11.392 11.44 11.47 11.49 11.53 11.585 11.635 11.688 11.742 11.795 11.847 11.9 11.95 12 12.047 12.09 12.138 12.203 12.285 12.375 12.42 12.423 12.443 12.477 12.512 12.55 12.602 12.652 12.685 12.715 12.74 12.76 12.782 12.807 12.832 12.85 12.86 12.875 12.89 12.887 12.858 12.845 12.888 12.952
10.62 10.638 10.653 10.673 10.698 10.735 10.785 10.827 10.86 10.908 10.975 11.04 11.092 11.12 11.115 11.098 11.095 11.105 11.115 11.125 11.138 11.138 11.12 11.095 11.088 11.143 11.235 11.325 11.407 11.467 11.5 11.517 11.53 11.56 11.61 11.66 11.708 11.76 11.815 11.865 11.92 11.975 12.022 12.065 12.108 12.158 12.233 12.325 12.417 12.472 12.495 12.525 12.555 12.585 12.617 12.655 12.692 12.722 12.75 12.778 12.805 12.83 12.845 12.853 12.86 12.87 12.883 12.897 12.893 12.883 12.918 12.982 13.047
10.623 10.645 10.665 10.69 10.713 10.743 10.793 10.845 10.895 10.95 11.012 11.077 11.12 11.122 11.107 11.098 11.1 11.11 11.12 11.13 11.142 11.14 11.118 11.09 11.095 11.16 11.25 11.34 11.44 11.515 11.54 11.55 11.563 11.593 11.64 11.69 11.735 11.783 11.835 11.885 11.94 11.992 12.035 12.075 12.12 12.175 12.248 12.337 12.432 12.502 12.54 12.565 12.59 12.615 12.64 12.68 12.725 12.757 12.785 12.815 12.847 12.875 12.88 12.878 12.883 12.89 12.898 12.908 12.918 12.95 13.012 13.075 13.137
10.653 10.68 10.7 10.72 10.735 10.758 10.808 10.867 10.922 10.973 11.025 11.082 11.107 11.1 11.095 11.1 11.11 11.12 11.13 11.143 11.157 11.155 11.132 11.105 11.108 11.17 11.263 11.36 11.47 11.552 11.577 11.583 11.595 11.625 11.67 11.717 11.76 11.805 11.855 11.905 11.96 12.007 12.045 12.085 12.13 12.185 12.25 12.328 12.417 12.492 12.542 12.575 12.6 12.625 12.655 12.703 12.755 12.795 12.823 12.855 12.895 12.925 12.923 12.913 12.917 12.923 12.928 12.935 12.968 13.025 13.085 13.147 13.21
10.687 10.72 10.737 10.747 10.755 10.77 10.818 10.887 10.947 10.995 11.04 11.077 11.09 11.093 11.1 11.11 11.12 11.13 11.143 11.157 11.172 11.17 11.15 11.125 11.12 11.18 11.285 11.395 11.51 11.597 11.622 11.62 11.628 11.655 11.7 11.745 11.785 11.828 11.875 11.925 11.977 12.022 12.058 12.095 12.14 12.195 12.26 12.33 12.407 12.477 12.532 12.577 12.61 12.638 12.678 12.73 12.785 12.83 12.86 12.9 12.945 12.975 12.97 12.953 12.953 12.957 12.963 12.98 13.033 13.095 13.148 13.208 13.267
10.722 10.752 10.763 10.768 10.775 10.783 10.823 10.898 10.97 11.025 11.065 11.09 11.1 11.11 11.12 11.13 11.138 11.143 11.155 11.17 11.185 11.19 11.175 11.153 11.148 11.21 11.323 11.438 11.552 11.642 11.67 11.665 11.665 11.685 11.728 11.77 11.81 11.85 11.895 11.945 11.995 12.037 12.073 12.108 12.15 12.207 12.272 12.335 12.397 12.457 12.512 12.567 12.615 12.655 12.705 12.76 12.815 12.862 12.903 12.95 12.995 13.025 13.02 12.995 12.988 12.993 12.998 13.03 13.1 13.17 13.225 13.275 13.322
10.745 10.777 10.792 10.798 10.803 10.81 10.843 10.91 10.987 11.05 11.095 11.122 11.135 11.145 11.153 11.16 11.165 11.163 11.165 11.178 11.193 11.207 11.21 11.195 11.195 11.26 11.373 11.488 11.605 11.697 11.727 11.723 11.715 11.725 11.758 11.793 11.833 11.875 11.918 11.965 12.012 12.052 12.087 12.123 12.16 12.21 12.27 12.325 12.378 12.433 12.49 12.548 12.615 12.68 12.735 12.79 12.842 12.89 12.942 13 13.045 13.075 13.07 13.04 13.025 13.028 13.04 13.088 13.16 13.22 13.267 13.307 13.345
10.755 10.795 10.827 10.84 10.843 10.855 10.888 10.94 11.005 11.072 11.125 11.155 11.17 11.18 11.187 11.19 11.19 11.185 11.18 11.188 11.2 11.22 11.24 11.24 11.245 11.31 11.425 11.545 11.67 11.765 11.792 11.785 11.775 11.778 11.798 11.825 11.863 11.903 11.94 11.985 12.028 12.065 12.103 12.14 12.178 12.21 12.25 12.303 12.355 12.41 12.468 12.535 12.63 12.71 12.765 12.817 12.862 12.905 12.965 13.04 13.095 13.125 13.12 13.09 13.065 13.06 13.088 13.145 13.2 13.235 13.267 13.303 13.34
10.77 10.808 10.845 10.872 10.885 10.905 10.943 10.988 11.038 11.1 11.152 11.182 11.202 11.212 11.217 11.215 11.21 11.205 11.2 11.2 11.208 11.23 11.255 11.272 11.293 11.363 11.483 11.61 11.74 11.832 11.855 11.845 11.833 11.83 11.845 11.87 11.903 11.935 11.968 12.008 12.048 12.085 12.125 12.163 12.2 12.225 12.245 12.283 12.333 12.388 12.455 12.55 12.66 12.74 12.792 12.84 12.88 12.918 12.97 13.05 13.13 13.177 13.172 13.14 13.11 13.098 13.13 13.182 13.21 13.23 13.263 13.3 13.34
10.795 10.83 10.865 10.903 10.927 10.957 11 11.042 11.087 11.137 11.18 11.207 11.23 11.24 11.237 11.232 11.23 11.225 11.22 11.215 11.215 11.232 11.255 11.278 11.323 11.418 11.542 11.67 11.797 11.887 11.912 11.902 11.888 11.883 11.895 11.92 11.95 11.98 12.013 12.05 12.09 12.128 12.163 12.198 12.233 12.253 12.263 12.283 12.315 12.375 12.47 12.58 12.69 12.767 12.81 12.847 12.885 12.92 12.968 13.05 13.147 13.215 13.217 13.182 13.15 13.138 13.162 13.195 13.208 13.225 13.26 13.3 13.34
10.855 10.893 10.925 10.947 10.963 10.99 11.03 11.07 11.115 11.16 11.192 11.215 11.235 11.245 11.242 11.24 11.24 11.237 11.232 11.222 11.21 11.215 11.233 11.27 11.353 11.47 11.595 11.717 11.84 11.93 11.965 11.96 11.945 11.94 11.95 11.973 11.998 12.028 12.068 12.112 12.152 12.188 12.22 12.253 12.28 12.29 12.295 12.308 12.328 12.388 12.49 12.6 12.707 12.78 12.812 12.84 12.873 12.905 12.963 13.06 13.16 13.222 13.225 13.195 13.168 13.163 13.182 13.197 13.203 13.223 13.258 13.297 13.34
10.947 10.975 10.987 10.987 10.99 11.008 11.038 11.073 11.115 11.157 11.185 11.205 11.225 11.235 11.235 11.235 11.237 11.24 11.232 11.21 11.183 11.18 11.213 11.288 11.398 11.517 11.64 11.76 11.877 11.965 12.005 12.012 12.005 12.003 12.015 12.035 12.055 12.083 12.125 12.175 12.217 12.253 12.287 12.312 12.325 12.33 12.335 12.345 12.37 12.423 12.503 12.605 12.712 12.782 12.812 12.838 12.865 12.893 12.958 13.065 13.17 13.222 13.215 13.195 13.178 13.183 13.197 13.2 13.2 13.218 13.253 13.293 13.335
11.02 11.022 11.017 11.015 11.018 11.033 11.058 11.085 11.12 11.153 11.175 11.195 11.213 11.225 11.23 11.23 11.235 11.237 11.22 11.185 11.148 11.155 11.228 11.33 11.445 11.562 11.68 11.8 11.915 12 12.04 12.057 12.062 12.067 12.085 12.105 12.125 12.153 12.193 12.238 12.282 12.32 12.347 12.362 12.368 12.37 12.375 12.388 12.423 12.475 12.533 12.613 12.715 12.785 12.815 12.842 12.865 12.88 12.928 13.025 13.137 13.205 13.215 13.207 13.198 13.202 13.205 13.2 13.198 13.213 13.25 13.29 13.33
11.055 11.048 11.045 11.045 11.045 11.058 11.083 11.11 11.138 11.16 11.178 11.193 11.205 11.218 11.23 11.238 11.248 11.248 11.22 11.18 11.158 11.178 11.255 11.365 11.477 11.592 11.71 11.83 11.947 12.03 12.062 12.08 12.095 12.112 12.137 12.162 12.19 12.225 12.265 12.305 12.347 12.382 12.397 12.405 12.413 12.418 12.423 12.43 12.465 12.525 12.582 12.643 12.72 12.782 12.815 12.845 12.865 12.865 12.875 12.945 13.057 13.142 13.182 13.205 13.215 13.212 13.205 13.197 13.19 13.21 13.257 13.3 13.343
11.078 11.075 11.075 11.075 11.075 11.085 11.11 11.14 11.165 11.185 11.2 11.21 11.22 11.233 11.25 11.268 11.285 11.282 11.25 11.233 11.253 11.265 11.293 11.38 11.49 11.605 11.725 11.845 11.952 12.012 12.03 12.042 12.06 12.085 12.115 12.145 12.195 12.252 12.297 12.34 12.382 12.42 12.445 12.46 12.47 12.48 12.48 12.473 12.493 12.545 12.607 12.667 12.727 12.78 12.817 12.85 12.872 12.863 12.843 12.88 12.975 13.06 13.11 13.162 13.2 13.197 13.187 13.18 13.173 13.203 13.267 13.33 13.382
11.097 11.102 11.105 11.105 11.105 11.115 11.14 11.167 11.192 11.215 11.23 11.243 11.258 11.275 11.295 11.315 11.332 11.33 11.32 11.345 11.39 11.395 11.375 11.41 11.505 11.62 11.74 11.845 11.92 11.955 11.963 11.968 11.98 12.005 12.035 12.083 12.16 12.232 12.285 12.332 12.38 12.425 12.467 12.502 12.53 12.542 12.53 12.515 12.523 12.555 12.605 12.665 12.725 12.777 12.82 12.857 12.887 12.877 12.84 12.835 12.898 12.977 13.033 13.108 13.17 13.175 13.158 13.145 13.143 13.183 13.257 13.335 13.407
11.112 11.12 11.127 11.132 11.135 11.145 11.17 11.195 11.22 11.245 11.263 11.28 11.3 11.32 11.34 11.36 11.38 11.405 11.442 11.487 11.53 11.535 11.5 11.483 11.53 11.635 11.74 11.812 11.867 11.897 11.9 11.898 11.903 11.925 11.97 12.05 12.14 12.21 12.265 12.317 12.367 12.413 12.46 12.502 12.542 12.567 12.567 12.557 12.56 12.585 12.618 12.663 12.718 12.77 12.817 12.862 12.9 12.897 12.855 12.815 12.835 12.898 12.97 13.07 13.15 13.162 13.138 13.115 13.113 13.163 13.243 13.323 13.408
11.127 11.135 11.145 11.152 11.158 11.17 11.195 11.222 11.25 11.277 11.3 11.32 11.34 11.36 11.38 11.4 11.435 11.492 11.555 11.61 11.66 11.67 11.635 11.595 11.583 11.633 11.705 11.763 11.818 11.845 11.845 11.843 11.84 11.865 11.938 12.035 12.122 12.187 12.243 12.297 12.35 12.397 12.442 12.482 12.517 12.55 12.575 12.587 12.6 12.622 12.645 12.68 12.728 12.77 12.813 12.86 12.905 12.912 12.875 12.825 12.8 12.838 12.93 13.04 13.13 13.16 13.15 13.138 13.135 13.183 13.263 13.34 13.418
11.143 11.15 11.16 11.168 11.175 11.193 11.218 11.245 11.275 11.305 11.337 11.365 11.385 11.405 11.425 11.453 11.505 11.57 11.632 11.69 11.73 11.73 11.695 11.657 11.625 11.635 11.688 11.745 11.8 11.825 11.825 11.825 11.823 11.853 11.93 12.023 12.105 12.165 12.22 12.275 12.33 12.38 12.418 12.455 12.492 12.523 12.55 12.587 12.622 12.645 12.673 12.72 12.773 12.81 12.845 12.885 12.928 12.95 12.928 12.885 12.845 12.873 12.975 13.08 13.158 13.195 13.207 13.212 13.215 13.248 13.315 13.385 13.46
11.158 11.165 11.175 11.185 11.195 11.215 11.24 11.265 11.292 11.32 11.362 11.405 11.43 11.45 11.475 11.52 11.582 11.645 11.695 11.73 11.74 11.722 11.693 11.66 11.635 11.648 11.7 11.76 11.815 11.837 11.835 11.835 11.838 11.873 11.945 12.025 12.093 12.145 12.2 12.258 12.312 12.36 12.395 12.428 12.465 12.498 12.53 12.585 12.635 12.665 12.71 12.773 12.835 12.88 12.915 12.95 12.993 13.025 13.02 12.992 12.958 12.99 13.092 13.175 13.22 13.247 13.27 13.287 13.297 13.32 13.375 13.45 13.533
11.173 11.183 11.195 11.205 11.215 11.235 11.26 11.283 11.307 11.333 11.375 11.43 11.467 11.493 11.533 11.59 11.645 11.687 11.715 11.737 11.742 11.725 11.7 11.672 11.648 11.653 11.705 11.772 11.83 11.852 11.85 11.85 11.858 11.9 11.975 12.053 12.12 12.165 12.2 12.245 12.295 12.34 12.375 12.405 12.438 12.475 12.528 12.6 12.66 12.705 12.765 12.83 12.895 12.947 12.985 13.03 13.082 13.11 13.11 13.097 13.073 13.11 13.192 13.24 13.267 13.292 13.317 13.342 13.365 13.387 13.44 13.522 13.607
11.188 11.2 11.215 11.225 11.235 11.253 11.278 11.3 11.323 11.348 11.388 11.445 11.5 11.542 11.587 11.637 11.68 11.702 11.71 11.727 11.737 11.725 11.702 11.68 11.658 11.658 11.705 11.775 11.837 11.865 11.868 11.87 11.883 11.933 12.01 12.09 12.17 12.222 12.245 12.27 12.303 12.338 12.373 12.408 12.443 12.49 12.56 12.635 12.698 12.757 12.822 12.887 12.952 13.01 13.063 13.127 13.175 13.185 13.185 13.185 13.182 13.21 13.255 13.285 13.312 13.337 13.36 13.382 13.405 13.425 13.475 13.56 13.65
11.198 11.22 11.235 11.245 11.258 11.278 11.303 11.325 11.345 11.368 11.405 11.46 11.522 11.575 11.615 11.655 11.692 11.712 11.715 11.72 11.725 11.715 11.695 11.675 11.655 11.658 11.703 11.77 11.835 11.875 11.887 11.89 11.913 11.975 12.055 12.135 12.215 12.283 12.323 12.348 12.375 12.4 12.428 12.465 12.505 12.56 12.635 12.697 12.745 12.805 12.87 12.935 13.002 13.065 13.137 13.212 13.242 13.24 13.237 13.237 13.242 13.257 13.285 13.315 13.342 13.365 13.385 13.405 13.42 13.435 13.473 13.55 13.647
