EGM722_Project_Data/DTM_asc/TL4860.asc
ncols         200
nrows         200
xllcorner     548000.000
yllcorner     260000.000
cellsize      5
NODATA_value  -9999.0
[rows 0 to 32 of 200, columns 74 to 147 of 200]
6.057 6.035 6.025 6.038 6.058 6.083 6.133 6.197 6.262 6.328 6.403 6.498 6.607 6.705 6.772 6.825 6.905 7.015 7.117 7.203 7.335 7.522 7.69 7.84 7.985 8.12 8.258 8.41 8.578 8.747 8.908 9.06 9.208 9.358 9.52 9.682 9.795 9.868 9.958 10.062 10.132 10.167 10.19 10.195 10.193 10.19 10.19 10.19 10.182 10.168 10.158 10.152 10.132 10.087 10.027 9.96 9.92 9.907 9.882 9.845 9.82 9.823 9.845 9.875 9.895 9.91 9.935 9.965 10.005 10.055 10.1 10.137 10.178 10.225
6.125 6.105 6.088 6.083 6.083 6.115 6.182 6.247 6.312 6.38 6.45 6.52 6.597 6.667 6.72 6.768 6.845 6.955 7.068 7.173 7.308 7.47 7.62 7.77 7.917 8.055 8.185 8.323 8.475 8.633 8.79 8.945 9.098 9.26 9.43 9.59 9.7 9.77 9.84 9.915 9.972 10.01 10.045 10.065 10.07 10.068 10.063 10.06 10.055 10.048 10.043 10.037 10.017 9.967 9.9 9.833 9.793 9.78 9.767 9.748 9.738 9.755 9.785 9.815 9.84 9.865 9.895 9.925 9.965 10.017 10.07 10.117 10.162 10.21
6.235 6.218 6.215 6.218 6.195 6.178 6.22 6.285 6.35 6.42 6.487 6.545 6.593 6.64 6.69 6.735 6.808 6.915 7.028 7.14 7.258 7.393 7.542 7.697 7.85 7.99 8.123 8.258 8.4 8.553 8.71 8.865 9.023 9.19 9.355 9.502 9.605 9.675 9.737 9.787 9.828 9.865 9.905 9.94 9.952 9.948 9.945 9.945 9.943 9.938 9.93 9.925 9.905 9.852 9.785 9.72 9.683 9.67 9.658 9.645 9.653 9.68 9.71 9.737 9.767 9.8 9.832 9.867 9.907 9.955 10.005 10.06 10.122 10.18
6.438 6.413 6.403 6.402 6.375 6.293 6.26 6.313 6.38 6.45 6.507 6.55 6.59 6.633 6.68 6.725 6.793 6.893 7 7.112 7.218 7.323 7.455 7.61 7.767 7.92 8.065 8.205 8.348 8.498 8.653 8.808 8.967 9.13 9.282 9.415 9.51 9.577 9.627 9.66 9.695 9.735 9.778 9.822 9.84 9.835 9.835 9.837 9.837 9.83 9.82 9.815 9.795 9.747 9.687 9.625 9.588 9.575 9.56 9.545 9.555 9.585 9.612 9.632 9.66 9.697 9.735 9.775 9.815 9.858 9.91 9.975 10.05 10.122
6.692 6.658 6.625 6.603 6.575 6.47 6.345 6.34 6.41 6.47 6.512 6.548 6.585 6.628 6.673 6.715 6.78 6.875 6.978 7.087 7.19 7.283 7.388 7.52 7.675 7.84 8.002 8.152 8.293 8.44 8.597 8.752 8.905 9.052 9.192 9.322 9.417 9.47 9.502 9.53 9.565 9.608 9.658 9.707 9.727 9.725 9.728 9.732 9.73 9.72 9.712 9.707 9.685 9.64 9.59 9.533 9.493 9.477 9.46 9.443 9.45 9.477 9.5 9.515 9.54 9.583 9.625 9.665 9.708 9.76 9.825 9.895 9.97 10.05
6.947 6.902 6.857 6.81 6.742 6.627 6.485 6.41 6.43 6.473 6.508 6.543 6.58 6.623 6.668 6.71 6.773 6.863 6.96 7.062 7.16 7.252 7.348 7.453 7.588 7.75 7.92 8.085 8.235 8.382 8.535 8.675 8.81 8.95 9.087 9.227 9.322 9.355 9.378 9.403 9.438 9.488 9.542 9.592 9.615 9.618 9.622 9.625 9.62 9.61 9.602 9.597 9.572 9.527 9.482 9.433 9.398 9.38 9.36 9.343 9.345 9.365 9.385 9.403 9.43 9.473 9.518 9.56 9.61 9.675 9.745 9.817 9.892 9.97
7.127 7.07 7.015 6.97 6.845 6.675 6.552 6.468 6.458 6.493 6.528 6.553 6.585 6.63 6.673 6.715 6.768 6.845 6.94 7.04 7.13 7.213 7.305 7.4 7.51 7.655 7.82 7.99 8.155 8.305 8.437 8.555 8.68 8.823 8.973 9.147 9.267 9.3 9.313 9.305 9.32 9.375 9.43 9.482 9.51 9.513 9.515 9.515 9.507 9.495 9.485 9.477 9.452 9.407 9.363 9.325 9.305 9.29 9.27 9.253 9.253 9.27 9.29 9.31 9.34 9.38 9.423 9.468 9.523 9.59 9.66 9.732 9.802 9.872
7.227 7.175 7.133 7.1 6.915 6.665 6.528 6.475 6.5 6.537 6.56 6.56 6.585 6.64 6.687 6.73 6.775 6.835 6.918 7.015 7.1 7.173 7.258 7.35 7.45 7.568 7.71 7.875 8.045 8.19 8.305 8.415 8.543 8.695 8.878 9.095 9.25 9.295 9.277 9.223 9.213 9.265 9.32 9.375 9.407 9.41 9.407 9.402 9.392 9.378 9.365 9.355 9.33 9.288 9.25 9.223 9.21 9.205 9.19 9.17 9.17 9.19 9.207 9.225 9.258 9.3 9.343 9.388 9.44 9.5 9.568 9.637 9.698 9.758
7.332 7.3 7.275 7.21 6.955 6.658 6.515 6.495 6.542 6.575 6.572 6.555 6.58 6.64 6.697 6.747 6.795 6.845 6.905 6.99 7.072 7.14 7.215 7.3 7.4 7.505 7.62 7.765 7.925 8.057 8.165 8.278 8.418 8.6 8.82 9.055 9.225 9.262 9.205 9.13 9.11 9.155 9.21 9.265 9.3 9.303 9.298 9.29 9.278 9.263 9.248 9.235 9.21 9.175 9.15 9.128 9.113 9.11 9.102 9.088 9.09 9.107 9.123 9.14 9.173 9.218 9.265 9.312 9.363 9.415 9.475 9.542 9.6 9.653
7.45 7.445 7.425 7.29 6.965 6.65 6.52 6.535 6.585 6.597 6.575 6.555 6.583 6.645 6.708 6.765 6.815 6.865 6.915 6.98 7.05 7.115 7.185 7.258 7.35 7.458 7.563 7.68 7.808 7.923 8.028 8.15 8.32 8.527 8.745 8.965 9.135 9.16 9.087 9.013 8.99 9.032 9.087 9.15 9.202 9.21 9.195 9.183 9.165 9.15 9.138 9.123 9.1 9.073 9.05 9.03 9.018 9.013 9.008 9.003 9.01 9.025 9.04 9.06 9.093 9.138 9.185 9.235 9.285 9.338 9.393 9.45 9.505 9.555
7.532 7.582 7.562 7.36 6.978 6.645 6.535 6.59 6.63 6.623 6.598 6.58 6.61 6.675 6.735 6.79 6.84 6.89 6.94 6.993 7.053 7.12 7.188 7.248 7.328 7.435 7.542 7.635 7.715 7.808 7.91 8.025 8.185 8.382 8.585 8.787 8.945 8.987 8.937 8.86 8.845 8.895 8.955 9.038 9.117 9.145 9.13 9.11 9.09 9.075 9.065 9.05 9.023 8.993 8.97 8.95 8.938 8.933 8.93 8.93 8.938 8.953 8.97 8.99 9.025 9.073 9.118 9.165 9.215 9.27 9.325 9.373 9.42 9.47
7.552 7.67 7.655 7.4 7.013 6.69 6.595 6.663 6.685 6.668 6.65 6.633 6.66 6.722 6.772 6.82 6.87 6.92 6.97 7.02 7.08 7.15 7.21 7.258 7.333 7.437 7.527 7.587 7.638 7.715 7.818 7.918 8.028 8.18 8.37 8.572 8.715 8.777 8.77 8.705 8.7 8.76 8.838 8.94 9.032 9.077 9.082 9.07 9.053 9.038 9.022 9.005 8.973 8.935 8.908 8.885 8.873 8.868 8.865 8.865 8.873 8.888 8.908 8.933 8.97 9.02 9.065 9.108 9.155 9.207 9.26 9.305 9.35 9.397
7.545 7.67 7.672 7.462 7.147 6.84 6.723 6.775 6.775 6.743 6.715 6.69 6.71 6.762 6.805 6.85 6.9 6.95 7 7.05 7.11 7.172 7.22 7.263 7.337 7.422 7.472 7.51 7.553 7.625 7.73 7.832 7.925 8.03 8.173 8.352 8.48 8.545 8.582 8.558 8.563 8.64 8.74 8.85 8.947 9 9.02 9.025 9.015 9 8.98 8.96 8.93 8.888 8.848 8.818 8.805 8.803 8.8 8.798 8.805 8.825 8.85 8.88 8.92 8.968 9.01 9.05 9.095 9.143 9.188 9.233 9.278 9.32
7.515 7.575 7.565 7.452 7.23 6.97 6.865 6.905 6.895 6.847 6.803 6.763 6.765 6.805 6.843 6.883 6.93 6.98 7.03 7.08 7.135 7.185 7.225 7.27 7.325 7.37 7.403 7.438 7.473 7.54 7.645 7.75 7.845 7.935 8.035 8.153 8.243 8.305 8.368 8.398 8.443 8.54 8.65 8.76 8.862 8.922 8.947 8.962 8.96 8.947 8.932 8.917 8.887 8.843 8.8 8.763 8.745 8.743 8.738 8.733 8.743 8.77 8.803 8.835 8.875 8.92 8.958 8.995 9.04 9.085 9.125 9.168 9.21 9.25
7.415 7.405 7.37 7.312 7.163 7.008 6.978 6.997 6.985 6.94 6.89 6.84 6.833 6.87 6.905 6.938 6.98 7.03 7.08 7.123 7.165 7.21 7.25 7.295 7.325 7.343 7.373 7.408 7.44 7.485 7.57 7.675 7.77 7.86 7.948 8.025 8.085 8.14 8.203 8.265 8.34 8.443 8.555 8.665 8.772 8.837 8.855 8.862 8.86 8.85 8.84 8.85 8.847 8.81 8.768 8.738 8.733 8.73 8.72 8.713 8.725 8.758 8.793 8.828 8.873 8.92 8.958 8.995 9.035 9.078 9.12 9.16 9.2 9.24
7.353 7.303 7.253 7.2 7.108 7.043 7.047 7.052 7.042 7.01 6.965 6.918 6.913 6.95 6.982 7.01 7.05 7.1 7.142 7.17 7.203 7.247 7.293 7.337 7.36 7.365 7.383 7.413 7.445 7.473 7.52 7.605 7.7 7.79 7.87 7.94 8.002 8.058 8.123 8.193 8.258 8.338 8.443 8.555 8.66 8.722 8.735 8.735 8.73 8.72 8.733 8.788 8.815 8.785 8.75 8.74 8.752 8.76 8.755 8.745 8.755 8.788 8.82 8.855 8.903 8.955 9 9.04 9.077 9.115 9.155 9.197 9.24 9.28
7.425 7.355 7.275 7.188 7.115 7.088 7.093 7.1 7.092 7.067 7.037 7 6.995 7.027 7.057 7.085 7.122 7.162 7.19 7.21 7.24 7.285 7.335 7.38 7.4 7.4 7.405 7.423 7.45 7.478 7.505 7.553 7.63 7.715 7.788 7.855 7.923 7.988 8.06 8.135 8.198 8.255 8.33 8.433 8.527 8.577 8.597 8.605 8.603 8.618 8.675 8.755 8.785 8.76 8.748 8.755 8.768 8.782 8.787 8.783 8.793 8.82 8.85 8.885 8.93 8.983 9.035 9.08 9.12 9.155 9.19 9.233 9.275 9.312
7.52 7.432 7.33 7.225 7.153 7.133 7.138 7.145 7.137 7.115 7.095 7.07 7.07 7.1 7.13 7.16 7.187 7.21 7.23 7.25 7.283 7.33 7.38 7.42 7.435 7.435 7.435 7.44 7.46 7.488 7.513 7.54 7.593 7.668 7.743 7.818 7.888 7.953 8.023 8.093 8.153 8.205 8.258 8.33 8.395 8.428 8.455 8.478 8.505 8.565 8.645 8.725 8.76 8.753 8.758 8.772 8.785 8.798 8.807 8.813 8.828 8.855 8.883 8.915 8.96 9.01 9.065 9.12 9.165 9.203 9.24 9.28 9.315 9.343
7.565 7.48 7.375 7.268 7.195 7.18 7.188 7.193 7.192 7.182 7.165 7.143 7.145 7.175 7.203 7.23 7.253 7.27 7.29 7.31 7.343 7.39 7.435 7.457 7.457 7.455 7.455 7.455 7.473 7.507 7.535 7.56 7.603 7.668 7.745 7.825 7.895 7.958 8.023 8.085 8.14 8.19 8.24 8.283 8.313 8.34 8.37 8.4 8.455 8.535 8.615 8.695 8.747 8.765 8.775 8.79 8.805 8.815 8.828 8.855 8.893 8.925 8.953 8.985 9.033 9.088 9.145 9.203 9.25 9.29 9.33 9.368 9.395 9.415
7.58 7.517 7.427 7.323 7.253 7.235 7.24 7.247 7.252 7.255 7.247 7.228 7.225 7.25 7.278 7.305 7.33 7.347 7.365 7.385 7.418 7.46 7.485 7.485 7.475 7.468 7.465 7.468 7.49 7.53 7.562 7.59 7.63 7.688 7.758 7.835 7.907 7.972 8.035 8.092 8.147 8.197 8.235 8.255 8.275 8.307 8.34 8.37 8.425 8.505 8.582 8.655 8.727 8.777 8.797 8.813 8.825 8.838 8.873 8.938 8.995 9.035 9.07 9.103 9.15 9.21 9.267 9.322 9.37 9.41 9.447 9.48 9.505 9.525
7.587 7.532 7.465 7.375 7.315 7.298 7.293 7.3 7.307 7.315 7.317 7.31 7.308 7.325 7.355 7.385 7.41 7.425 7.44 7.46 7.49 7.515 7.515 7.503 7.493 7.485 7.48 7.483 7.505 7.547 7.587 7.62 7.663 7.718 7.778 7.85 7.922 7.985 8.045 8.1 8.15 8.187 8.205 8.215 8.238 8.273 8.307 8.34 8.395 8.47 8.537 8.6 8.68 8.767 8.817 8.837 8.853 8.888 8.963 9.047 9.105 9.15 9.192 9.225 9.27 9.33 9.385 9.44 9.49 9.527 9.56 9.59 9.615 9.635
7.595 7.54 7.485 7.42 7.378 7.363 7.353 7.353 7.36 7.37 7.377 7.38 7.385 7.405 7.435 7.465 7.487 7.503 7.52 7.537 7.55 7.548 7.535 7.52 7.51 7.505 7.5 7.5 7.52 7.565 7.61 7.65 7.698 7.753 7.808 7.87 7.935 7.995 8.055 8.108 8.14 8.155 8.165 8.175 8.2 8.238 8.275 8.313 8.363 8.425 8.485 8.545 8.625 8.727 8.812 8.862 8.91 8.985 9.08 9.162 9.215 9.26 9.305 9.345 9.393 9.45 9.505 9.56 9.61 9.645 9.675 9.705 9.728 9.745
7.625 7.575 7.525 7.48 7.453 7.438 7.425 7.418 7.42 7.43 7.44 7.448 7.463 7.493 7.525 7.552 7.568 7.58 7.597 7.612 7.612 7.595 7.578 7.56 7.55 7.548 7.545 7.545 7.565 7.608 7.653 7.7 7.75 7.805 7.86 7.908 7.96 8.02 8.08 8.132 8.155 8.16 8.168 8.183 8.215 8.255 8.295 8.333 8.365 8.408 8.465 8.525 8.605 8.703 8.798 8.88 8.97 9.075 9.18 9.265 9.312 9.35 9.39 9.45 9.517 9.573 9.628 9.69 9.748 9.788 9.82 9.85 9.87 9.885
7.68 7.647 7.605 7.565 7.538 7.523 7.51 7.503 7.503 7.508 7.515 7.525 7.545 7.582 7.622 7.65 7.66 7.663 7.673 7.687 7.687 7.67 7.647 7.623 7.613 7.615 7.615 7.615 7.635 7.675 7.72 7.767 7.818 7.872 7.92 7.958 8.005 8.065 8.125 8.18 8.205 8.21 8.223 8.25 8.29 8.33 8.367 8.397 8.415 8.435 8.478 8.535 8.615 8.71 8.795 8.878 8.98 9.097 9.22 9.325 9.38 9.413 9.468 9.56 9.642 9.698 9.763 9.843 9.907 9.95 9.987 10.02 10.042 10.057
7.725 7.715 7.69 7.655 7.625 7.61 7.603 7.598 7.595 7.595 7.6 7.61 7.63 7.67 7.717 7.752 7.762 7.755 7.753 7.762 7.762 7.742 7.717 7.69 7.678 7.682 7.685 7.685 7.705 7.745 7.788 7.833 7.882 7.93 7.967 8.003 8.05 8.11 8.17 8.227 8.255 8.268 8.295 8.33 8.37 8.405 8.435 8.46 8.475 8.485 8.505 8.548 8.623 8.712 8.79 8.863 8.96 9.085 9.225 9.357 9.432 9.488 9.58 9.687 9.767 9.833 9.918 10.01 10.075 10.115 10.155 10.19 10.215 10.217
7.755 7.755 7.75 7.732 7.715 7.705 7.697 7.692 7.69 7.69 7.693 7.698 7.718 7.76 7.807 7.847 7.862 7.855 7.845 7.842 7.835 7.81 7.783 7.758 7.745 7.748 7.75 7.755 7.778 7.815 7.855 7.898 7.94 7.978 8.015 8.05 8.095 8.155 8.215 8.275 8.313 8.34 8.378 8.413 8.445 8.473 8.498 8.52 8.535 8.545 8.555 8.575 8.63 8.708 8.78 8.85 8.948 9.085 9.237 9.382 9.49 9.585 9.695 9.802 9.9 9.992 10.087 10.177 10.24 10.28 10.32 10.357 10.372 10.347
7.785 7.788 7.793 7.795 7.792 7.785 7.778 7.78 7.785 7.785 7.785 7.788 7.805 7.843 7.887 7.93 7.947 7.942 7.935 7.922 7.912 7.895 7.865 7.84 7.833 7.838 7.84 7.848 7.873 7.91 7.948 7.983 8.018 8.053 8.09 8.125 8.168 8.225 8.285 8.345 8.39 8.425 8.465 8.502 8.528 8.548 8.573 8.595 8.605 8.61 8.62 8.633 8.673 8.74 8.808 8.868 8.943 9.068 9.217 9.362 9.492 9.605 9.717 9.835 9.962 10.092 10.212 10.315 10.372 10.4 10.427 10.475 10.495 10.452
7.828 7.838 7.85 7.857 7.857 7.853 7.853 7.865 7.875 7.875 7.878 7.885 7.9 7.925 7.965 8.01 8.025 8.017 8.01 7.998 7.992 7.987 7.967 7.943 7.938 7.95 7.957 7.963 7.985 8.025 8.057 8.085 8.12 8.155 8.19 8.225 8.265 8.318 8.375 8.435 8.48 8.515 8.555 8.595 8.62 8.635 8.658 8.68 8.687 8.685 8.69 8.705 8.745 8.81 8.867 8.905 8.953 9.038 9.163 9.31 9.44 9.55 9.67 9.8 9.94 10.087 10.23 10.35 10.405 10.42 10.46 10.547 10.587 10.543
7.885 7.9 7.915 7.922 7.925 7.928 7.938 7.955 7.965 7.968 7.975 7.985 8 8.02 8.05 8.087 8.102 8.092 8.08 8.07 8.065 8.067 8.065 8.047 8.043 8.057 8.07 8.078 8.098 8.132 8.162 8.188 8.22 8.255 8.29 8.325 8.365 8.415 8.468 8.525 8.572 8.608 8.645 8.685 8.712 8.728 8.745 8.765 8.775 8.77 8.768 8.778 8.818 8.872 8.91 8.935 8.978 9.043 9.13 9.258 9.387 9.505 9.635 9.77 9.908 10.05 10.185 10.305 10.368 10.41 10.505 10.63 10.672 10.65
7.945 7.96 7.975 7.988 8 8.013 8.028 8.045 8.058 8.065 8.075 8.085 8.1 8.12 8.145 8.172 8.18 8.168 8.153 8.14 8.135 8.14 8.145 8.143 8.148 8.163 8.177 8.19 8.21 8.238 8.265 8.292 8.323 8.358 8.393 8.428 8.468 8.515 8.565 8.618 8.665 8.703 8.74 8.777 8.805 8.822 8.838 8.855 8.862 8.858 8.853 8.853 8.88 8.915 8.938 8.963 9.005 9.07 9.14 9.225 9.34 9.47 9.605 9.74 9.875 10.01 10.135 10.255 10.353 10.455 10.587 10.722 10.79 10.815
8.023 8.038 8.055 8.078 8.098 8.115 8.133 8.148 8.16 8.17 8.18 8.193 8.21 8.233 8.257 8.275 8.27 8.255 8.24 8.225 8.22 8.225 8.23 8.238 8.253 8.268 8.283 8.298 8.318 8.342 8.368 8.395 8.43 8.47 8.508 8.543 8.58 8.623 8.67 8.72 8.765 8.805 8.842 8.875 8.9 8.917 8.933 8.947 8.952 8.948 8.94 8.928 8.93 8.95 8.973 8.998 9.033 9.09 9.16 9.225 9.313 9.435 9.57 9.707 9.842 9.975 10.1 10.218 10.345 10.485 10.625 10.765 10.88 10.95
8.118 8.135 8.16 8.19 8.212 8.228 8.245 8.262 8.275 8.283 8.293 8.31 8.333 8.357 8.375 8.38 8.37 8.355 8.34 8.325 8.32 8.325 8.333 8.343 8.358 8.375 8.39 8.405 8.425 8.448 8.473 8.5 8.54 8.587 8.63 8.665 8.7 8.738 8.78 8.83 8.875 8.912 8.945 8.975 9 9.015 9.03 9.045 9.05 9.042 9.022 8.995 8.983 8.993 9.015 9.04 9.065 9.108 9.168 9.233 9.31 9.41 9.533 9.67 9.807 9.945 10.075 10.193 10.325 10.472 10.615 10.755 10.89 11
8.215 8.24 8.273 8.305 8.327 8.342 8.358 8.375 8.39 8.4 8.415 8.435 8.457 8.475 8.48 8.48 8.47 8.455 8.44 8.425 8.42 8.425 8.435 8.445 8.46 8.48 8.497 8.515 8.535 8.555 8.58 8.608 8.648 8.7 8.747 8.787 8.822 8.858 8.895 8.94 8.982 9.015 9.045 9.075 9.097 9.112 9.127 9.142 9.147 9.13 9.095 9.058 9.043 9.048 9.06 9.08 9.105 9.14 9.183 9.24 9.32 9.41 9.508 9.63 9.77 9.91 10.045 10.17 10.305 10.455 10.6 10.74 10.877 11.01
