EGM722_Project_Data/DTM_asc/TL4855.asc
ncols         200
nrows         200
xllcorner     548000.000
yllcorner     255000.000
cellsize      5
NODATA_value  -9999.0
[rows 0 to 31 of 200, columns 73 to 145 of 200]
18.695 18.763 18.808 18.843 18.885 19.023 19.295 19.62 19.915 20.187 20.399 19.437 17.916 17.48 18.096 19.93 21.722 22.28 22.245 22.178 22.547 22.597 21.863 21.136 20.926 21.05 21.095 21.125 21.155 21.185 21.223 21.303 21.423 21.545 21.668 21.793 21.94 22.12 22.245 22.23 22.075 21.91 21.737 21.605 21.59 21.685 21.883 22.25 22.903 23.75 24.765 25.907 26.747 26.937 26.795 26.68 26.595 26.46 26.308 26.185 26.065 25.897 25.695 25.498 25.305 25.12 24.932 24.733 24.548 24.46 24.397 24.235 24.025
18.828 18.91 18.968 19.02 19.075 19.23 19.538 19.87 20.15 20.425 20.569 19.235 17.768 17.691 18.958 21.042 22.185 22.41 22.225 22.005 22.458 23.272 23.317 22.903 22.778 22.75 22.59 22.43 22.273 22.168 22.155 22.218 22.328 22.453 22.575 22.7 22.843 22.99 23.042 22.99 22.892 22.77 22.685 22.635 22.653 22.783 23.033 23.453 24.083 24.823 25.635 26.598 27.29 27.365 27.133 26.918 26.755 26.59 26.425 26.275 26.13 25.953 25.75 25.55 25.355 25.17 24.985 24.798 24.613 24.453 24.28 24.07 23.86
19.02 19.17 19.297 19.402 19.485 19.618 19.895 20.122 20.343 20.662 20.584 19.192 17.936 17.906 19.418 21.639 22.497 22.452 22.088 21.858 22.125 22.982 23.874 24.454 24.759 24.749 24.68 24.472 24.123 23.825 23.62 23.468 23.418 23.465 23.518 23.61 23.745 23.825 23.805 23.74 23.67 23.583 23.555 23.625 23.818 24.043 24.3 24.798 25.46 26.165 26.865 27.58 27.947 27.805 27.535 27.265 27.015 26.818 26.655 26.493 26.318 26.125 25.925 25.728 25.535 25.348 25.163 24.978 24.78 24.558 24.328 24.105 23.883
19.23 19.425 19.605 19.765 19.9 20.037 20.21 20.273 20.495 20.897 20.305 18.878 18.126 18.688 20.438 22.11 22.642 22.405 21.928 21.783 22.01 22.4 23.043 24.04 24.916 25.434 25.966 26.239 26.249 26.157 25.885 25.52 25.248 25.15 25.125 25.143 25.22 25.24 25.183 25.123 25.043 24.913 24.898 25.028 25.308 25.545 25.703 26.138 26.812 27.582 28.335 28.705 28.502 28.155 27.885 27.613 27.353 27.148 26.985 26.815 26.625 26.425 26.223 26.025 25.833 25.643 25.457 25.265 25.055 24.83 24.597 24.363 24.125
19.43 19.635 19.815 19.995 20.175 20.347 20.412 20.353 20.65 21.114 20.075 18.633 18.318 19.62 21.659 22.597 22.665 22.207 21.735 21.708 21.98 22.213 22.398 22.771 23.4 24.115 24.977 25.832 26.871 27.638 27.734 27.709 27.604 27.447 27.367 27.335 27.39 27.427 27.367 27.27 27.08 26.848 26.825 26.905 27.055 27.185 27.205 27.475 28.04 28.835 29.489 29.452 28.922 28.5 28.228 27.955 27.693 27.483 27.312 27.13 26.937 26.737 26.53 26.328 26.13 25.938 25.745 25.54 25.327 25.103 24.87 24.635 24.395
19.632 19.845 20.025 20.202 20.377 20.527 20.53 20.445 20.823 21.257 20.082 18.698 18.509 20.138 22.404 23.05 22.707 21.993 21.548 21.613 21.91 22.137 22.305 22.46 22.635 22.908 23.398 24.056 25.073 26.317 27.354 28.303 28.865 28.974 29.109 29.277 29.437 29.524 29.509 29.394 29.097 28.842 28.802 28.807 28.842 28.875 28.82 28.92 29.305 29.812 29.967 29.645 29.195 28.843 28.57 28.295 28.03 27.815 27.633 27.44 27.25 27.05 26.84 26.635 26.438 26.24 26.035 25.825 25.61 25.38 25.143 24.905 24.665
19.835 20.055 20.232 20.407 20.572 20.672 20.627 20.58 21.027 21.089 19.885 18.866 19.371 21.327 23.007 23.492 22.972 21.868 21.363 21.528 21.852 22.1 22.265 22.43 22.645 22.883 23.098 23.31 23.563 24.148 24.95 25.708 26.587 27.604 28.856 29.835 30.16 30.24 30.306 30.343 30.281 30.236 30.234 30.214 30.207 30.195 30.145 30.13 30.245 30.252 30 29.695 29.44 29.195 28.923 28.648 28.383 28.163 27.97 27.773 27.58 27.383 27.183 26.988 26.795 26.595 26.385 26.167 25.928 25.68 25.438 25.195 24.95
20.035 20.262 20.437 20.607 20.76 20.807 20.72 20.78 21.292 20.8 19.566 19.033 20.388 22.654 23.525 23.825 23.225 21.778 21.198 21.48 21.837 22.097 22.26 22.425 22.683 23 23.252 23.462 23.597 23.615 23.541 23.449 23.769 24.528 25.473 26.13 26.373 26.882 27.622 28.257 28.819 29.303 29.551 29.943 30.558 30.818 30.8 30.764 30.662 30.433 30.158 29.95 29.785 29.565 29.288 29.023 28.778 28.563 28.365 28.168 27.975 27.778 27.578 27.388 27.2 27 26.777 26.53 26.26 25.998 25.752 25.492 25.23
20.25 20.467 20.637 20.792 20.925 20.93 20.94 21.203 21.662 21.095 19.821 19.207 20.866 23.312 23.912 23.992 23.327 21.788 21.163 21.488 21.84 22.1 22.275 22.468 22.733 23.08 23.397 23.595 23.652 23.645 23.597 23.49 23.363 23.208 22.979 22.692 22.662 23.167 23.879 24.454 24.948 25.353 25.533 25.92 26.565 26.92 27.073 29.077 30.927 30.732 30.51 30.32 30.155 29.937 29.673 29.433 29.208 28.998 28.803 28.608 28.415 28.217 28.01 27.807 27.61 27.392 27.137 26.86 26.58 26.315 26.055 25.762 25.49
20.485 20.67 20.828 20.97 21.068 21.155 21.415 21.785 22.047 21.792 21.132 20.811 22.068 23.767 24.215 24.227 23.465 21.915 21.273 21.573 21.89 22.145 22.348 22.57 22.825 23.148 23.49 23.662 23.667 23.66 23.637 23.56 23.435 23.255 22.965 22.66 22.563 22.62 22.668 22.711 22.754 22.694 22.511 22.442 22.502 22.72 23.139 27.351 31.231 31.04 30.862 30.69 30.538 30.345 30.105 29.875 29.648 29.443 29.255 29.065 28.878 28.65 28.405 28.187 27.972 27.73 27.455 27.177 26.9 26.62 26.325 26.01 25.748
20.715 20.887 21.04 21.168 21.323 21.605 21.93 22.15 22.247 22.125 22.117 22.472 23.362 24.22 24.512 24.482 23.557 22.015 21.415 21.71 22.015 22.265 22.47 22.69 22.925 23.225 23.55 23.695 23.685 23.675 23.665 23.62 23.497 23.25 22.878 22.603 22.568 22.632 22.687 22.73 22.77 22.622 22.24 22.055 22.115 22.41 23.475 27.99 31.573 31.358 31.193 31.04 30.96 30.832 30.598 30.363 30.135 29.935 29.75 29.565 29.382 29.092 28.748 28.49 28.267 28.015 27.74 27.47 27.2 26.91 26.595 26.293 26.05
20.93 21.112 21.288 21.465 21.73 22.055 22.205 22.222 22.23 22.073 22.193 22.85 23.937 24.63 24.805 24.752 23.597 22.038 21.558 21.858 22.17 22.42 22.608 22.813 23.033 23.313 23.6 23.715 23.705 23.695 23.685 23.665 23.512 23.172 22.76 22.545 22.573 22.637 22.7 22.75 22.785 22.55 22.02 21.72 21.75 22.124 25.066 29.836 31.872 31.673 31.513 31.43 31.457 31.367 31.125 30.89 30.663 30.463 30.282 30.097 29.892 29.557 29.135 28.798 28.545 28.292 28.015 27.74 27.482 27.205 26.905 26.658 26.455
21.138 21.33 21.55 21.812 22.107 22.24 22.208 22.225 22.052 21.923 22.458 23.42 24.422 24.955 25.187 25.097 23.58 21.951 21.7 22.013 22.335 22.582 22.76 22.948 23.153 23.41 23.65 23.735 23.725 23.715 23.642 23.525 23.365 23.052 22.668 22.515 22.578 22.642 22.707 22.765 22.755 22.432 21.858 21.443 21.425 22.102 26.945 31.745 32.17 31.993 31.885 31.918 32.002 31.902 31.658 31.418 31.188 30.988 30.81 30.627 30.39 30.025 29.583 29.168 28.843 28.575 28.295 28.013 27.768 27.52 27.275 27.09 26.917
21.365 21.578 21.835 22.125 22.242 22.168 22.17 22.125 21.825 21.976 22.95 24.13 24.917 25.472 25.797 25.304 23.348 21.786 21.85 22.173 22.5 22.747 22.925 23.105 23.29 23.512 23.7 23.75 23.67 23.53 23.33 23.133 23.025 22.857 22.608 22.518 22.582 22.647 22.712 22.772 22.682 22.277 21.703 21.178 21.123 22.657 28.184 32.46 32.48 32.35 32.343 32.46 32.547 32.437 32.193 31.948 31.715 31.515 31.335 31.157 30.892 30.493 30.048 29.605 29.198 28.865 28.6 28.525 28.483 28.158 27.775 27.55 27.383
21.633 21.865 22.142 22.247 22.115 22.098 22.162 21.833 21.668 22.36 23.555 24.77 25.345 25.975 26.389 25.307 23.023 21.736 22.008 22.337 22.662 22.91 23.09 23.27 23.447 23.622 23.67 23.555 23.345 23.075 22.835 22.69 22.61 22.543 22.472 22.455 22.507 22.56 22.612 22.655 22.552 22.197 21.663 21.063 21.096 23.702 29.334 32.789 32.813 32.77 32.868 33.015 33.092 32.972 32.728 32.485 32.26 32.065 31.888 31.712 31.51 31.288 31.075 30.85 30.325 29.615 29.55 29.86 29.707 29.172 28.635 28.248 27.923
21.92 22.17 22.367 22.19 22.018 22.145 21.987 21.58 21.833 22.908 24.205 25.257 25.875 26.547 26.702 25.162 22.801 21.843 22.168 22.505 22.827 23.07 23.25 23.43 23.51 23.435 23.285 23.08 22.825 22.56 22.373 22.28 22.25 22.275 22.29 22.29 22.315 22.355 22.395 22.39 22.282 22.08 21.712 21.153 21.609 25.893 31.283 33.204 33.218 33.268 33.422 33.57 33.637 33.507 33.268 33.04 32.83 32.64 32.463 32.285 32.15 32.115 32.135 32.137 31.482 30.485 30.717 31.262 30.797 30.055 29.5 29.015 28.533
22.213 22.482 22.367 22.038 22.06 22.067 21.635 21.506 22.3 23.535 24.875 25.733 26.587 27.334 26.819 24.855 22.658 22.003 22.335 22.672 22.992 23.235 23.4 23.39 23.13 22.798 22.585 22.477 22.295 22.07 21.973 21.983 22.045 22.122 22.135 22.108 22.1 22.125 22.155 22.092 21.93 21.785 21.607 21.373 22.577 28.347 33.247 33.717 33.74 33.808 33.96 34.122 34.182 34.047 33.825 33.615 33.408 33.215 33.037 32.86 32.7 32.64 32.657 32.622 31.742 30.968 31.412 31.742 31.39 30.717 30.103 29.62 29.145
22.512 22.452 22.055 21.953 22.08 21.69 21.278 21.748 22.868 24.193 25.532 26.218 27.097 27.874 26.797 24.403 22.471 22.123 22.48 22.832 23.157 23.297 23.187 22.842 22.43 22.153 21.973 21.888 21.793 21.705 21.738 21.833 21.935 21.987 21.975 21.948 21.923 21.913 21.885 21.765 21.58 21.425 21.31 21.606 23.844 29.842 34.043 34.175 34.24 34.31 34.44 34.605 34.672 34.562 34.375 34.185 33.982 33.79 33.612 33.435 33.257 33.167 33.137 32.867 31.673 31.24 31.792 31.707 31.475 31.102 30.615 30.147 29.672
22.547 22.085 21.845 22.035 21.857 21.245 21.283 22.258 23.515 24.912 26.155 26.878 27.685 28.074 26.559 23.811 22.193 22.188 22.555 22.915 23.132 22.992 22.645 22.333 22.093 21.903 21.74 21.645 21.578 21.578 21.645 21.728 21.815 21.843 21.818 21.813 21.82 21.747 21.577 21.397 21.227 21.078 21.041 21.871 25.676 31.551 34.456 34.53 34.615 34.682 34.737 34.845 34.927 34.845 34.68 34.525 34.427 34.32 34.145 33.965 33.7 33.452 33.31 32.832 31.506 31.205 31.802 31.665 31.425 31.17 30.855 30.43 29.95
22.235 21.81 21.892 21.902 21.335 21.016 21.683 22.848 24.223 25.745 26.775 27.672 28.459 28.019 26.027 23.288 22.041 22.223 22.507 22.807 22.9 22.648 22.38 22.248 22.095 21.915 21.773 21.688 21.615 21.598 21.63 21.68 21.753 21.795 21.798 21.813 21.84 21.55 21.148 20.97 20.84 20.833 21.018 22.41 28.242 33.865 34.867 34.858 34.915 34.942 34.92 34.945 35.002 34.927 34.793 34.743 34.8 34.785 34.627 34.354 33.882 33.45 33.175 32.62 31.463 31.133 31.68 31.7 31.442 31.172 30.887 30.525 30.07
21.795 21.7 21.835 21.422 20.856 21.168 22.215 23.543 25.04 26.565 27.32 28.192 28.949 27.834 25.375 22.951 22.05 22.205 22.37 22.575 22.657 22.53 22.37 22.245 22.095 21.935 21.818 21.733 21.653 21.63 21.673 21.74 21.828 21.905 21.928 21.92 21.89 21.288 20.665 20.568 20.513 20.73 21.316 23.502 30.311 35.335 35.285 35.178 35.18 35.19 35.145 35.1 35.09 35.055 35.022 34.957 34.82 34.585 34.247 33.877 33.477 33.14 32.837 32.407 31.688 31.245 31.455 31.602 31.43 31.165 30.885 30.58 30.187
21.53 21.67 21.522 20.878 20.771 21.62 22.865 24.338 25.922 27.227 27.985 28.797 29.104 27.509 24.725 22.646 22.05 22.148 22.263 22.408 22.508 22.468 22.353 22.235 22.095 21.96 21.865 21.78 21.698 21.685 21.755 21.853 21.957 22.077 22.142 22.127 21.975 21.228 20.493 20.313 20.343 20.738 21.781 25.222 31.854 35.786 35.712 35.57 35.485 35.437 35.377 35.297 35.212 35.072 34.885 34.592 34.188 33.758 33.335 33.025 32.808 32.59 32.423 32.352 32.02 31.463 31.253 31.335 31.345 31.165 30.883 30.597 30.277
21.485 21.475 20.918 20.528 21.08 22.2 23.635 25.208 26.815 27.8 28.757 29.612 29.057 26.982 24.076 22.326 22.073 22.153 22.268 22.4 22.512 22.492 22.365 22.24 22.12 22.02 21.945 21.87 21.795 21.793 21.873 21.97 22.073 22.227 22.387 22.437 22.207 21.39 20.563 20.245 20.308 20.798 22.287 27.711 34.125 36.237 36.137 35.992 35.842 35.69 35.57 35.482 35.367 35.123 34.743 34.328 33.91 33.515 33.2 32.955 32.728 32.49 32.33 32.377 32.21 31.68 31.28 31.208 31.292 31.187 30.903 30.618 30.337
21.377 20.997 20.406 20.588 21.578 22.935 24.493 26.097 27.575 28.323 29.335 30.159 28.937 26.365 23.521 22.133 22.155 22.235 22.348 22.48 22.587 22.56 22.428 22.298 22.188 22.118 22.067 22.007 21.94 21.935 22.003 22.09 22.19 22.343 22.545 22.695 22.51 21.57 20.648 20.33 20.38 21.116 23.382 30.382 36.22 36.677 36.527 36.357 36.19 35.985 35.775 35.64 35.532 35.33 35.015 34.637 34.225 33.84 33.533 33.283 33.052 32.805 32.54 32.443 32.31 31.885 31.488 31.328 31.337 31.225 30.94 30.665 30.395
21.067 20.433 20.281 21.003 22.23 23.778 25.38 26.98 28.17 29.075 30.115 30.329 28.607 25.68 23.111 22.121 22.23 22.325 22.435 22.562 22.662 22.63 22.505 22.385 22.275 22.213 22.182 22.142 22.088 22.085 22.145 22.218 22.31 22.46 22.66 22.86 22.787 21.855 20.893 20.568 20.583 21.784 25.169 32.324 37.16 37.072 36.885 36.698 36.52 36.315 36.065 35.848 35.702 35.505 35.222 34.907 34.53 34.17 33.88 33.618 33.375 33.117 32.835 32.603 32.42 32.112 31.76 31.518 31.41 31.267 30.99 30.725 30.46
20.445 20.021 20.5 21.583 23.06 24.665 26.265 27.84 28.71 29.86 30.956 30.239 27.97 24.928 22.753 22.175 22.3 22.412 22.528 22.652 22.742 22.71 22.592 22.477 22.365 22.298 22.273 22.253 22.235 22.263 22.328 22.385 22.453 22.58 22.763 22.95 22.945 22.04 21.088 20.885 21.111 22.874 27.417 34.059 37.596 37.45 37.253 37.055 36.862 36.645 36.392 36.14 35.92 35.685 35.405 35.12 34.805 34.495 34.222 33.955 33.695 33.427 33.142 32.858 32.613 32.34 32.035 31.765 31.548 31.33 31.063 30.8 30.54
19.926 20.038 20.99 22.355 23.948 25.55 27.15 28.542 29.32 30.507 31.391 30.014 27.22 24.153 22.393 22.23 22.365 22.495 22.62 22.742 22.82 22.785 22.672 22.56 22.458 22.435 22.458 22.46 22.478 22.553 22.653 22.715 22.768 22.873 23.028 23.187 23.072 22.02 21.168 21.258 22.061 24.674 30.937 36.705 38.029 37.85 37.648 37.442 37.222 36.967 36.705 36.452 36.198 35.925 35.638 35.353 35.07 34.792 34.522 34.255 33.985 33.71 33.425 33.14 32.86 32.578 32.3 32.03 31.763 31.5 31.238 30.975 30.725
19.861 20.488 21.685 23.243 24.838 26.433 28.03 29.107 30.212 31.409 31.384 29.507 26.47 23.561 22.213 22.293 22.44 22.58 22.71 22.82 22.885 22.85 22.74 22.643 22.575 22.615 22.725 22.785 22.813 22.9 23.05 23.162 23.235 23.342 23.472 23.572 23.357 22.285 21.483 21.801 23.358 26.421 33.461 38.594 38.432 38.265 38.057 37.83 37.572 37.29 37.01 36.748 36.492 36.215 35.918 35.63 35.347 35.065 34.788 34.515 34.245 33.97 33.685 33.397 33.11 32.825 32.55 32.285 32.025 31.765 31.505 31.25 31.01
20.068 21.005 22.53 24.17 25.76 27.352 28.855 29.6 30.895 32.046 31.087 28.802 25.76 23.171 22.238 22.365 22.527 22.672 22.792 22.88 22.942 22.915 22.823 22.76 22.72 22.778 22.93 23.057 23.132 23.225 23.39 23.565 23.69 23.782 23.852 23.865 23.615 22.743 22.031 22.481 24.533 27.523 34.061 38.998 38.82 38.67 38.437 38.18 37.905 37.62 37.33 37.05 36.787 36.507 36.205 35.91 35.623 35.34 35.06 34.783 34.51 34.232 33.942 33.65 33.36 33.078 32.808 32.548 32.292 32.033 31.778 31.535 31.3
20.39 21.585 23.422 25.12 26.713 28.307 29.545 30.35 31.545 32.156 30.702 28.077 25.105 22.858 22.253 22.405 22.59 22.75 22.86 22.935 23.005 23.002 22.945 22.905 22.87 22.928 23.077 23.232 23.372 23.502 23.655 23.827 23.997 24.11 24.15 24.075 23.732 23.105 22.663 23.128 25.322 30.835 37.108 39.406 39.217 39.022 38.767 38.502 38.235 37.955 37.665 37.372 37.09 36.802 36.5 36.197 35.9 35.615 35.335 35.052 34.77 34.485 34.19 33.895 33.605 33.33 33.07 32.812 32.557 32.302 32.06 31.825 31.59
20.778 22.375 24.295 26.052 27.667 29.247 30.143 31.255 32.389 31.999 29.997 27.16 24.315 22.523 22.298 22.475 22.665 22.835 22.952 23.033 23.105 23.122 23.085 23.045 23.03 23.078 23.183 23.325 23.482 23.635 23.775 23.915 24.092 24.295 24.417 24.265 23.84 23.38 23.195 23.993 26.372 34.045 40.011 39.795 39.55 39.292 39.035 38.777 38.52 38.247 37.957 37.662 37.367 37.07 36.77 36.467 36.162 35.86 35.57 35.285 34.995 34.7 34.402 34.11 33.82 33.552 33.302 33.047 32.792 32.55 32.32 32.085 31.85
21.295 23.23 25.135 26.955 28.62 30.012 30.763 31.917 32.799 31.567 28.825 25.733 23.326 22.343 22.398 22.58 22.757 22.927 23.067 23.165 23.235 23.25 23.215 23.175 23.198 23.258 23.308 23.395 23.528 23.682 23.815 23.94 24.108 24.36 24.577 24.43 23.985 23.58 23.541 24.893 27.69 34.785 40.23 40.05 39.8 39.525 39.267 39.013 38.755 38.485 38.2 37.91 37.615 37.315 37.015 36.71 36.4 36.085 35.778 35.485 35.195 34.897 34.595 34.298 34.008 33.748 33.507 33.255 33 32.765 32.542 32.312 32.078
