EGM722_Project_Data/DTM_asc/TL4860.asc
ncols         200
nrows         200
xllcorner     548000.000
yllcorner     260000.000
cellsize      5
NODATA_value  -9999.0
[rows 165 to 197 of 200, columns 74 to 147 of 200]
12.59 12.662 12.735 12.802 12.845 12.845 12.825 12.805 12.82 12.875 12.935 12.995 13.045 13.085 13.13 13.178 13.233 13.307 13.392 13.477 13.545 13.6 13.655 13.712 13.77 13.78 13.75 13.692 13.57 13.38 13.11 12.795 12.512 12.193 12.655 13.46 13.645 13.71 13.767 13.815 13.835 13.838 13.84 13.802 13.498 13.313 13.49 13.632 13.685 13.695 13.705 13.665 13.617 13.592 13.55 13.51 13.478 13.45 13.423 13.398 13.415 13.47 13.525 13.562 13.565 13.557 13.547 13.538 13.56 13.598 13.623 13.65 13.678 13.7
12.5 12.57 12.64 12.702 12.735 12.732 12.718 12.703 12.725 12.785 12.845 12.907 12.952 12.983 13.023 13.105 13.205 13.29 13.372 13.45 13.515 13.57 13.625 13.675 13.695 13.675 13.652 13.61 13.445 13.155 12.833 12.515 12.283 12.22 12.833 13.48 13.565 13.63 13.693 13.777 13.832 13.835 13.825 13.765 13.53 13.433 13.58 13.64 13.635 13.635 13.645 13.655 13.655 13.63 13.59 13.55 13.515 13.485 13.458 13.433 13.445 13.497 13.53 13.527 13.517 13.51 13.497 13.485 13.513 13.565 13.593 13.61 13.625 13.638
12.387 12.46 12.53 12.587 12.617 12.627 12.622 12.608 12.63 12.69 12.755 12.825 12.865 12.88 12.903 13.015 13.157 13.237 13.307 13.372 13.432 13.49 13.537 13.56 13.537 13.485 13.457 13.415 13.217 12.905 12.585 12.263 12.03 12.403 13.1 13.402 13.487 13.553 13.638 13.76 13.84 13.845 13.802 13.69 13.533 13.53 13.65 13.677 13.653 13.635 13.628 13.628 13.642 13.652 13.63 13.59 13.555 13.525 13.495 13.47 13.478 13.515 13.502 13.453 13.438 13.437 13.43 13.425 13.46 13.53 13.585 13.61 13.61 13.603
12.27 12.347 12.42 12.472 12.495 12.51 12.52 12.513 12.533 12.595 12.667 12.742 12.785 12.795 12.805 12.928 13.092 13.17 13.23 13.29 13.35 13.4 13.42 13.41 13.365 13.295 13.245 13.177 12.97 12.662 12.355 12.04 11.866 12.51 13.22 13.325 13.413 13.498 13.62 13.76 13.847 13.86 13.825 13.72 13.588 13.608 13.715 13.73 13.705 13.68 13.655 13.625 13.625 13.648 13.65 13.627 13.59 13.563 13.535 13.508 13.51 13.507 13.44 13.365 13.348 13.357 13.357 13.363 13.405 13.475 13.545 13.605 13.62 13.603
12.15 12.23 12.307 12.357 12.375 12.39 12.405 12.41 12.44 12.502 12.567 12.635 12.69 12.727 12.755 12.817 12.897 12.98 13.09 13.192 13.257 13.275 13.267 13.245 13.19 13.115 13.05 12.947 12.72 12.41 12.105 11.818 11.99 12.72 13.18 13.265 13.353 13.463 13.597 13.73 13.827 13.862 13.867 13.842 13.74 13.713 13.777 13.78 13.755 13.722 13.673 13.658 13.693 13.698 13.68 13.66 13.625 13.6 13.575 13.545 13.52 13.46 13.36 13.278 13.253 13.268 13.278 13.3 13.365 13.455 13.548 13.632 13.645 13.613
12.017 12.102 12.177 12.225 12.24 12.252 12.267 12.28 12.312 12.365 12.42 12.48 12.545 12.612 12.667 12.647 12.593 12.66 12.83 13.002 13.097 13.107 13.1 13.072 13.007 12.925 12.847 12.727 12.49 12.18 11.868 11.618 12.18 12.99 13.195 13.28 13.343 13.423 13.54 13.665 13.77 13.84 13.875 13.89 13.865 13.835 13.84 13.825 13.777 13.712 13.67 13.738 13.825 13.817 13.773 13.74 13.723 13.708 13.688 13.668 13.638 13.538 13.388 13.275 13.273 13.35 13.413 13.44 13.453 13.515 13.627 13.707 13.695 13.638
11.872 11.957 12.032 12.08 12.093 12.1 12.113 12.128 12.153 12.193 12.243 12.3 12.365 12.435 12.502 12.447 12.298 12.36 12.593 12.77 12.867 12.9 12.902 12.89 12.825 12.715 12.615 12.505 12.285 11.972 11.658 11.65 12.36 13.025 13.217 13.342 13.388 13.418 13.485 13.593 13.697 13.782 13.857 13.897 13.91 13.907 13.877 13.817 13.735 13.675 13.72 13.865 13.957 13.942 13.905 13.893 13.9 13.897 13.88 13.89 13.91 13.81 13.633 13.55 13.615 13.738 13.82 13.84 13.77 13.698 13.733 13.787 13.757 13.683
11.725 11.807 11.887 11.94 11.955 11.955 11.96 11.973 11.998 12.033 12.073 12.12 12.183 12.255 12.327 12.312 12.208 12.248 12.417 12.537 12.617 12.665 12.68 12.707 12.675 12.555 12.43 12.307 12.085 11.768 11.458 11.855 12.652 13.005 13.215 13.382 13.455 13.47 13.488 13.543 13.628 13.715 13.81 13.882 13.902 13.887 13.835 13.75 13.678 13.7 13.835 14.007 14.092 14.075 14.063 14.075 14.092 14.095 14.09 14.138 14.205 14.142 14.048 14.067 14.147 14.212 14.24 14.247 14.17 14.02 13.928 13.888 13.823 13.74
11.572 11.657 11.74 11.8 11.82 11.818 11.818 11.825 11.85 11.885 11.92 11.96 12.02 12.105 12.162 12.165 12.147 12.162 12.223 12.29 12.36 12.422 12.46 12.515 12.54 12.457 12.322 12.152 11.885 11.563 11.39 12.018 12.77 12.985 13.195 13.395 13.51 13.53 13.53 13.538 13.575 13.653 13.747 13.835 13.855 13.802 13.735 13.675 13.685 13.808 13.98 14.152 14.235 14.232 14.245 14.262 14.277 14.287 14.32 14.4 14.48 14.462 14.415 14.415 14.437 14.462 14.465 14.462 14.392 14.252 14.115 14.025 13.965 13.883
11.41 11.487 11.565 11.64 11.677 11.677 11.675 11.678 11.713 11.762 11.798 11.835 11.898 11.982 11.995 11.948 11.925 11.955 12.03 12.1 12.153 12.193 12.238 12.305 12.372 12.347 12.222 12.002 11.69 11.358 11.58 12.305 12.75 12.962 13.167 13.372 13.52 13.56 13.552 13.548 13.553 13.598 13.68 13.77 13.785 13.72 13.66 13.665 13.775 13.945 14.12 14.277 14.357 14.372 14.387 14.4 14.412 14.425 14.465 14.537 14.602 14.605 14.545 14.487 14.488 14.52 14.532 14.535 14.472 14.338 14.223 14.17 14.152 14.107
11.17 11.245 11.332 11.43 11.497 11.52 11.522 11.523 11.568 11.642 11.692 11.73 11.795 11.842 11.797 11.728 11.708 11.753 11.84 11.93 12.002 12.035 12.065 12.12 12.185 12.21 12.095 11.807 11.42 11.141 11.738 12.51 12.715 12.92 13.12 13.32 13.48 13.552 13.56 13.555 13.555 13.568 13.618 13.7 13.715 13.658 13.658 13.755 13.905 14.072 14.232 14.352 14.415 14.437 14.45 14.46 14.467 14.475 14.493 14.535 14.585 14.59 14.545 14.505 14.52 14.565 14.592 14.602 14.55 14.43 14.34 14.3 14.292 14.297
10.875 10.97 11.078 11.187 11.27 11.322 11.355 11.368 11.413 11.497 11.572 11.625 11.675 11.667 11.583 11.508 11.498 11.56 11.648 11.753 11.875 11.935 11.953 11.99 12.035 12.032 11.827 11.43 11.023 11.175 11.995 12.56 12.725 12.885 13.063 13.26 13.417 13.517 13.562 13.565 13.565 13.565 13.58 13.635 13.653 13.653 13.745 13.885 14.035 14.182 14.297 14.38 14.43 14.46 14.48 14.487 14.492 14.497 14.505 14.533 14.567 14.57 14.54 14.523 14.55 14.597 14.637 14.662 14.625 14.533 14.468 14.435 14.42 14.435
10.635 10.743 10.848 10.955 11.038 11.095 11.152 11.195 11.255 11.343 11.427 11.502 11.522 11.462 11.37 11.29 11.288 11.378 11.495 11.635 11.775 11.832 11.85 11.887 11.857 11.685 11.345 10.935 10.656 11.353 12.35 12.675 12.845 12.955 13.075 13.217 13.345 13.457 13.545 13.575 13.575 13.572 13.57 13.588 13.633 13.725 13.857 13.992 14.127 14.24 14.32 14.39 14.44 14.472 14.495 14.502 14.51 14.517 14.525 14.54 14.552 14.545 14.525 14.533 14.575 14.622 14.67 14.712 14.702 14.647 14.605 14.572 14.547 14.542
10.443 10.545 10.648 10.758 10.843 10.9 10.96 11.02 11.1 11.192 11.278 11.357 11.35 11.258 11.163 11.088 11.118 11.248 11.4 11.56 11.685 11.73 11.747 11.687 11.462 11.135 10.798 10.548 10.758 11.695 12.48 12.74 12.892 12.977 13.062 13.15 13.252 13.367 13.465 13.512 13.52 13.517 13.515 13.528 13.608 13.74 13.87 14 14.12 14.217 14.302 14.385 14.435 14.455 14.467 14.472 14.48 14.492 14.505 14.522 14.532 14.52 14.515 14.545 14.595 14.645 14.695 14.747 14.76 14.727 14.692 14.652 14.62 14.6
10.255 10.358 10.468 10.585 10.675 10.735 10.795 10.855 10.94 11.042 11.132 11.197 11.17 11.07 11.018 11.033 11.12 11.265 11.42 11.56 11.637 11.645 11.55 11.292 10.945 10.593 10.375 10.298 11.075 12.14 12.512 12.72 12.83 12.89 12.963 13.045 13.147 13.247 13.322 13.38 13.405 13.403 13.413 13.45 13.543 13.675 13.805 13.935 14.052 14.152 14.247 14.342 14.4 14.412 14.413 14.41 14.415 14.427 14.443 14.48 14.51 14.508 14.523 14.565 14.615 14.665 14.71 14.74 14.737 14.71 14.677 14.635 14.605 14.597
10.068 10.178 10.295 10.415 10.507 10.57 10.63 10.69 10.775 10.885 10.985 11.035 11.018 10.998 11.048 11.145 11.255 11.39 11.522 11.61 11.627 11.587 11.37 10.965 10.578 10.233 10.103 10.375 11.373 12.26 12.48 12.667 12.78 12.83 12.885 12.95 13.027 13.103 13.17 13.237 13.28 13.3 13.335 13.385 13.478 13.612 13.745 13.875 13.99 14.087 14.182 14.277 14.345 14.365 14.36 14.353 14.353 14.36 14.388 14.45 14.492 14.508 14.54 14.585 14.635 14.672 14.687 14.68 14.66 14.635 14.607 14.578 14.563 14.568
9.893 10.008 10.125 10.245 10.34 10.405 10.465 10.525 10.61 10.72 10.827 10.907 10.965 11.047 11.152 11.255 11.36 11.47 11.557 11.607 11.597 11.532 11.33 10.895 10.395 10.01 9.903 10.685 11.775 12.23 12.43 12.607 12.707 12.752 12.797 12.845 12.905 12.973 13.038 13.103 13.165 13.223 13.275 13.325 13.415 13.55 13.685 13.815 13.927 14.02 14.115 14.212 14.287 14.312 14.308 14.3 14.293 14.303 14.353 14.43 14.485 14.52 14.56 14.605 14.635 14.635 14.62 14.597 14.572 14.545 14.535 14.548 14.558 14.56
9.735 9.853 9.968 10.082 10.175 10.24 10.303 10.365 10.45 10.56 10.673 10.79 10.907 11.015 11.12 11.227 11.332 11.417 11.477 11.517 11.51 11.46 11.322 10.93 10.327 9.855 9.926 10.927 11.88 12.16 12.352 12.505 12.592 12.635 12.675 12.725 12.795 12.867 12.93 12.993 13.068 13.152 13.22 13.27 13.363 13.5 13.635 13.765 13.865 13.945 14.04 14.14 14.225 14.265 14.268 14.26 14.25 14.265 14.325 14.407 14.472 14.517 14.56 14.582 14.572 14.547 14.522 14.495 14.478 14.48 14.505 14.55 14.59 14.605
9.585 9.705 9.817 9.922 10.012 10.082 10.15 10.215 10.298 10.408 10.528 10.65 10.77 10.885 10.992 11.1 11.202 11.28 11.327 11.355 11.36 11.345 11.285 10.857 10.125 9.678 10.153 11.095 11.675 12.007 12.217 12.367 12.457 12.502 12.547 12.605 12.68 12.757 12.827 12.89 12.968 13.07 13.16 13.22 13.318 13.46 13.597 13.727 13.815 13.878 13.963 14.057 14.145 14.212 14.24 14.235 14.23 14.25 14.305 14.382 14.445 14.487 14.51 14.49 14.458 14.433 14.413 14.41 14.43 14.47 14.515 14.56 14.615 14.657
9.438 9.55 9.655 9.755 9.845 9.92 9.993 10.063 10.148 10.26 10.385 10.51 10.63 10.75 10.862 10.97 11.067 11.13 11.16 11.18 11.187 11.182 11.022 10.462 9.773 9.558 10.235 11.005 11.413 11.802 12.042 12.217 12.315 12.347 12.397 12.472 12.56 12.642 12.717 12.788 12.87 12.977 13.085 13.168 13.273 13.417 13.56 13.69 13.777 13.833 13.895 13.975 14.06 14.14 14.197 14.212 14.218 14.248 14.295 14.357 14.41 14.427 14.41 14.37 14.343 14.34 14.358 14.393 14.438 14.482 14.525 14.57 14.625 14.682
9.283 9.385 9.485 9.585 9.68 9.763 9.84 9.915 10.008 10.125 10.248 10.37 10.49 10.61 10.725 10.835 10.917 10.957 10.98 11 11.012 10.902 10.507 9.933 9.495 9.49 10.023 10.663 11.178 11.597 11.845 12.027 12.125 12.153 12.215 12.31 12.41 12.502 12.59 12.677 12.77 12.88 12.997 13.105 13.225 13.367 13.51 13.642 13.735 13.79 13.84 13.9 13.975 14.055 14.13 14.177 14.205 14.242 14.285 14.33 14.352 14.333 14.298 14.278 14.285 14.318 14.363 14.405 14.45 14.495 14.538 14.583 14.635 14.695
9.115 9.205 9.305 9.405 9.52 9.63 9.715 9.793 9.888 10.008 10.13 10.24 10.342 10.452 10.565 10.675 10.73 10.74 10.765 10.797 10.785 10.51 9.998 9.55 9.355 9.468 9.923 10.523 11.035 11.407 11.63 11.8 11.892 11.943 12.03 12.13 12.23 12.333 12.438 12.542 12.655 12.78 12.905 13.025 13.155 13.295 13.44 13.585 13.675 13.722 13.775 13.825 13.885 13.958 14.035 14.107 14.17 14.22 14.26 14.292 14.29 14.258 14.24 14.258 14.298 14.343 14.385 14.425 14.47 14.515 14.558 14.603 14.64 14.675
8.955 9.025 9.113 9.213 9.347 9.495 9.602 9.685 9.783 9.902 10.017 10.11 10.19 10.28 10.385 10.492 10.527 10.503 10.51 10.547 10.475 10.1 9.578 9.343 9.438 9.685 10.1 10.555 10.95 11.257 11.435 11.573 11.673 11.753 11.858 11.963 12.068 12.175 12.285 12.395 12.52 12.662 12.8 12.93 13.068 13.215 13.37 13.525 13.61 13.645 13.695 13.745 13.8 13.86 13.93 14.01 14.09 14.16 14.212 14.247 14.243 14.225 14.245 14.288 14.332 14.375 14.415 14.455 14.5 14.545 14.588 14.635 14.66 14.663
8.808 8.865 8.933 9.023 9.16 9.327 9.472 9.577 9.677 9.787 9.882 9.965 10.043 10.12 10.21 10.302 10.325 10.288 10.265 10.277 10.137 9.703 9.323 9.39 9.66 9.917 10.215 10.51 10.843 11.142 11.31 11.383 11.473 11.592 11.705 11.815 11.925 12.035 12.145 12.255 12.38 12.523 12.668 12.825 12.99 13.15 13.31 13.467 13.552 13.573 13.613 13.665 13.72 13.775 13.835 13.908 13.985 14.067 14.142 14.195 14.21 14.225 14.27 14.32 14.365 14.405 14.445 14.488 14.533 14.578 14.625 14.675 14.697 14.693
8.668 8.725 8.783 8.853 8.98 9.148 9.312 9.452 9.56 9.652 9.737 9.82 9.897 9.97 10.045 10.112 10.12 10.082 10.047 10.027 9.837 9.413 9.205 9.438 9.757 10.002 10.255 10.503 10.775 11.047 11.192 11.213 11.285 11.427 11.552 11.665 11.777 11.89 12 12.11 12.235 12.385 12.553 12.74 12.925 13.09 13.252 13.407 13.487 13.505 13.538 13.585 13.638 13.693 13.748 13.808 13.883 13.968 14.052 14.13 14.185 14.232 14.29 14.347 14.395 14.435 14.475 14.52 14.567 14.615 14.665 14.712 14.732 14.73
8.548 8.605 8.663 8.72 8.833 8.998 9.157 9.295 9.41 9.507 9.592 9.675 9.75 9.822 9.89 9.93 9.85 9.713 9.64 9.587 9.477 9.195 9.14 9.463 9.78 10.045 10.292 10.535 10.775 10.985 11.082 11.095 11.143 11.253 11.383 11.502 11.62 11.735 11.847 11.96 12.105 12.29 12.485 12.685 12.867 13.032 13.19 13.312 13.372 13.4 13.458 13.52 13.56 13.61 13.665 13.72 13.793 13.878 13.965 14.055 14.132 14.195 14.257 14.33 14.392 14.435 14.48 14.532 14.585 14.632 14.68 14.725 14.757 14.77
8.442 8.5 8.555 8.605 8.71 8.87 9.007 9.113 9.23 9.352 9.447 9.53 9.605 9.67 9.717 9.742 9.642 9.415 9.198 9 8.928 8.935 9.198 9.607 9.845 10.075 10.31 10.542 10.767 10.927 11.005 11.035 11.063 11.125 11.223 11.34 11.457 11.572 11.682 11.783 11.958 12.207 12.43 12.63 12.812 12.972 13.097 13.175 13.22 13.283 13.4 13.485 13.515 13.553 13.595 13.643 13.71 13.798 13.89 13.98 14.057 14.123 14.193 14.28 14.355 14.403 14.46 14.525 14.58 14.625 14.667 14.71 14.755 14.795
8.34 8.395 8.443 8.488 8.588 8.725 8.83 8.92 9.038 9.18 9.297 9.385 9.45 9.49 9.518 9.545 9.537 9.375 9.075 8.77 8.705 8.983 9.402 9.715 9.898 10.088 10.298 10.525 10.72 10.84 10.915 10.967 11.007 11.05 11.105 11.188 11.29 11.395 11.488 11.57 11.755 12.06 12.347 12.575 12.755 12.885 12.965 13.025 13.085 13.22 13.387 13.465 13.495 13.525 13.552 13.578 13.633 13.722 13.817 13.91 13.985 14.058 14.148 14.242 14.317 14.375 14.445 14.517 14.572 14.612 14.65 14.69 14.738 14.792
8.245 8.3 8.345 8.39 8.458 8.55 8.637 8.725 8.84 8.99 9.135 9.23 9.273 9.295 9.32 9.348 9.372 9.332 9.147 8.878 8.775 9.097 9.532 9.79 9.98 10.137 10.31 10.502 10.65 10.737 10.812 10.885 10.94 10.98 11.02 11.075 11.163 11.253 11.33 11.408 11.585 11.893 12.215 12.492 12.667 12.75 12.813 12.875 12.99 13.205 13.382 13.445 13.47 13.487 13.5 13.505 13.55 13.643 13.74 13.835 13.92 14.01 14.11 14.205 14.287 14.36 14.435 14.51 14.562 14.598 14.635 14.675 14.722 14.775
8.165 8.267 8.333 8.378 8.395 8.395 8.443 8.53 8.675 8.898 9.045 9.098 9.143 9.173 9.198 9.223 9.248 9.277 9.19 8.903 8.773 9.088 9.505 9.775 9.972 10.132 10.285 10.43 10.545 10.63 10.707 10.785 10.845 10.885 10.94 11.018 11.11 11.2 11.278 11.353 11.523 11.813 12.122 12.387 12.54 12.61 12.673 12.735 12.908 13.197 13.372 13.407 13.417 13.42 13.42 13.42 13.465 13.56 13.66 13.755 13.857 13.965 14.065 14.152 14.245 14.342 14.425 14.5 14.552 14.588 14.625 14.66 14.697 14.742
8.078 8.235 8.36 8.435 8.432 8.36 8.308 8.41 8.678 8.94 8.997 8.973 9.035 9.102 9.142 9.167 9.193 9.232 9.172 8.908 8.88 9.162 9.417 9.642 9.84 10.012 10.167 10.3 10.405 10.502 10.592 10.675 10.738 10.798 10.888 10.993 11.092 11.185 11.27 11.348 11.513 11.79 12.057 12.255 12.387 12.48 12.55 12.61 12.803 13.102 13.27 13.317 13.335 13.335 13.335 13.335 13.38 13.475 13.57 13.663 13.787 13.915 14.015 14.088 14.168 14.29 14.405 14.49 14.547 14.585 14.615 14.64 14.665 14.695
7.975 8.145 8.312 8.45 8.49 8.46 8.428 8.538 8.822 8.97 8.897 8.83 8.88 8.985 9.067 9.112 9.14 9.187 9.167 9.045 9.045 9.15 9.283 9.478 9.678 9.867 10.03 10.155 10.255 10.355 10.458 10.56 10.655 10.755 10.865 10.975 11.075 11.165 11.255 11.34 11.495 11.725 11.922 12.087 12.222 12.325 12.415 12.485 12.67 12.907 13.037 13.122 13.182 13.225 13.247 13.25 13.295 13.385 13.47 13.558 13.705 13.86 13.965 14.022 14.075 14.198 14.345 14.465 14.54 14.577 14.6 14.62 14.64 14.66
7.868 8.032 8.197 8.36 8.477 8.565 8.665 8.795 8.922 8.907 8.783 8.688 8.71 8.825 8.94 9.03 9.09 9.147 9.165 9.152 9.147 9.133 9.19 9.345 9.53 9.723 9.89 10.013 10.12 10.228 10.335 10.45 10.577 10.707 10.83 10.947 11.052 11.14 11.222 11.307 11.435 11.602 11.763 11.922 12.055 12.158 12.26 12.35 12.495 12.655 12.76 12.855 12.942 13.025 13.09 13.135 13.2 13.285 13.365 13.453 13.61 13.792 13.91 13.952 13.983 14.093 14.247 14.397 14.502 14.552 14.58 14.6 14.62 14.64
