EGM722_Project_Data/DTM_asc/TL4862.asc
ncols         200
nrows         200
xllcorner     548000.000
yllcorner     262000.000
cellsize      5
NODATA_value  -9999.0
[rows 140 to 174 of 200, columns 79 to 157 of 200]
3.39 3.372 3.348 3.338 3.43 3.678 3.99 4.295 4.565 4.877 5.217 5.345 5.317 4.942 4.293 3.865 3.725 3.732 3.672 3.565 3.498 3.48 3.485 3.48 3.47 3.46 3.45 3.443 3.438 3.435 3.44 3.478 3.535 3.575 3.6 3.612 3.618 3.633 3.673 3.7 3.7 3.7 3.703 3.72 3.75 3.793 3.853 3.963 4.11 4.262 4.382 4.372 4.117 3.763 3.538 3.57 3.72 3.77 3.785 3.772 3.73 3.67 3.6 3.548 3.51 3.457 3.375 3.31 3.285 3.263 3.243 3.228 3.215 3.205 3.197 3.183 3.165 3.16 3.165
3.38 3.367 3.35 3.418 3.65 3.962 4.277 4.59 4.87 5.177 5.34 5.33 5.162 4.572 3.903 3.585 3.528 3.538 3.538 3.508 3.485 3.49 3.495 3.49 3.48 3.47 3.46 3.453 3.45 3.45 3.45 3.465 3.493 3.518 3.54 3.55 3.555 3.56 3.575 3.59 3.59 3.59 3.593 3.618 3.668 3.73 3.807 3.893 3.985 4.108 4.245 4.39 4.42 4.23 3.878 3.653 3.68 3.73 3.752 3.742 3.683 3.608 3.535 3.483 3.448 3.415 3.368 3.323 3.298 3.273 3.253 3.235 3.218 3.205 3.195 3.185 3.18 3.18 3.182
3.373 3.36 3.368 3.5 3.785 4.125 4.477 4.832 5.13 5.285 5.31 5.275 4.842 4.123 3.625 3.45 3.47 3.493 3.5 3.495 3.498 3.503 3.507 3.505 3.495 3.485 3.475 3.47 3.473 3.475 3.475 3.48 3.49 3.505 3.523 3.523 3.52 3.525 3.53 3.535 3.535 3.535 3.538 3.553 3.6 3.672 3.747 3.825 3.9 3.983 4.088 4.21 4.337 4.427 4.35 4.072 3.805 3.708 3.72 3.722 3.67 3.59 3.515 3.463 3.43 3.4 3.37 3.345 3.32 3.295 3.275 3.255 3.235 3.22 3.2 3.185 3.185 3.185 3.185
3.37 3.38 3.428 3.553 3.778 4.095 4.477 4.932 5.272 5.322 5.327 5.1 4.433 3.798 3.54 3.53 3.562 3.572 3.535 3.505 3.51 3.517 3.522 3.52 3.512 3.505 3.495 3.49 3.495 3.5 3.503 3.51 3.523 3.538 3.55 3.54 3.52 3.518 3.523 3.525 3.525 3.528 3.532 3.533 3.545 3.593 3.66 3.735 3.81 3.88 3.958 4.043 4.123 4.23 4.357 4.312 4.02 3.785 3.723 3.712 3.685 3.61 3.538 3.49 3.46 3.43 3.4 3.373 3.348 3.325 3.305 3.285 3.267 3.24 3.195 3.173 3.175 3.175 3.175
3.395 3.445 3.513 3.64 3.825 4.048 4.4 4.963 5.327 5.335 5.255 4.757 4.06 3.685 3.598 3.635 3.642 3.605 3.545 3.515 3.52 3.53 3.537 3.535 3.528 3.522 3.513 3.508 3.515 3.523 3.53 3.54 3.555 3.572 3.585 3.575 3.545 3.523 3.518 3.52 3.52 3.525 3.53 3.53 3.528 3.538 3.58 3.648 3.72 3.795 3.878 3.95 3.972 3.897 3.813 3.843 3.95 3.932 3.79 3.715 3.687 3.63 3.563 3.52 3.49 3.46 3.43 3.4 3.375 3.355 3.335 3.315 3.287 3.235 3.175 3.155 3.162 3.165 3.165
3.46 3.525 3.598 3.725 3.9 4.07 4.588 5.185 5.327 5.332 5.022 4.345 3.843 3.64 3.642 3.695 3.675 3.615 3.555 3.525 3.53 3.54 3.55 3.552 3.545 3.538 3.53 3.53 3.54 3.55 3.557 3.567 3.585 3.605 3.622 3.615 3.582 3.548 3.525 3.52 3.523 3.528 3.53 3.53 3.525 3.52 3.53 3.578 3.663 3.765 3.865 3.922 3.752 3.318 3.191 3.323 3.343 3.513 3.747 3.767 3.697 3.65 3.59 3.55 3.52 3.49 3.463 3.435 3.41 3.388 3.365 3.335 3.283 3.218 3.16 3.138 3.145 3.153 3.155
3.502 3.567 3.637 3.757 3.92 4.233 4.925 5.36 5.327 5.212 4.67 4.05 3.773 3.628 3.628 3.687 3.672 3.62 3.56 3.535 3.545 3.555 3.565 3.57 3.567 3.56 3.553 3.555 3.565 3.575 3.577 3.585 3.605 3.625 3.642 3.64 3.612 3.58 3.55 3.535 3.538 3.54 3.54 3.548 3.553 3.548 3.543 3.585 3.69 3.807 3.88 3.787 3.39 3.116 3.35 3.505 3.243 3.138 3.263 3.45 3.652 3.67 3.615 3.575 3.55 3.53 3.513 3.493 3.47 3.445 3.423 3.383 3.315 3.25 3.195 3.17 3.173 3.178 3.173
3.505 3.552 3.613 3.735 3.93 4.57 5.215 5.315 5.3 4.89 4.243 3.915 3.76 3.64 3.61 3.647 3.647 3.615 3.56 3.54 3.557 3.572 3.585 3.59 3.59 3.587 3.58 3.58 3.59 3.595 3.59 3.595 3.615 3.632 3.645 3.645 3.632 3.61 3.58 3.565 3.565 3.56 3.553 3.57 3.597 3.602 3.598 3.65 3.76 3.837 3.815 3.455 3.278 3.585 3.81 3.837 3.725 3.537 3.255 3.165 3.285 3.462 3.617 3.615 3.6 3.59 3.58 3.567 3.55 3.525 3.51 3.477 3.405 3.335 3.278 3.25 3.25 3.24 3.213
3.487 3.503 3.568 3.71 4.205 5.007 5.355 5.32 5.127 4.508 4.023 3.9 3.78 3.66 3.598 3.6 3.605 3.595 3.56 3.545 3.565 3.585 3.6 3.607 3.61 3.61 3.607 3.61 3.615 3.61 3.6 3.605 3.622 3.635 3.645 3.647 3.642 3.63 3.607 3.593 3.587 3.575 3.56 3.58 3.625 3.652 3.66 3.715 3.795 3.822 3.503 3.23 3.562 3.857 3.875 3.867 3.822 3.792 3.7 3.502 3.29 3.173 3.28 3.537 3.675 3.665 3.655 3.645 3.627 3.603 3.597 3.582 3.515 3.43 3.36 3.33 3.317 3.285 3.245
3.44 3.445 3.528 3.815 4.657 5.312 5.322 5.277 4.785 4.18 4 3.91 3.795 3.675 3.58 3.55 3.555 3.558 3.55 3.553 3.575 3.595 3.612 3.622 3.627 3.63 3.63 3.632 3.63 3.62 3.61 3.613 3.625 3.635 3.645 3.65 3.645 3.637 3.627 3.612 3.597 3.58 3.568 3.59 3.64 3.685 3.717 3.76 3.792 3.595 3.248 3.453 3.835 3.88 3.887 3.845 3.773 3.728 3.722 3.73 3.655 3.408 3.233 3.223 3.4 3.657 3.73 3.72 3.703 3.683 3.688 3.69 3.635 3.54 3.45 3.4 3.365 3.32 3.28
3.378 3.4 3.5 4.235 5.147 5.347 5.327 5.045 4.375 4.01 3.965 3.895 3.8 3.685 3.575 3.528 3.533 3.54 3.548 3.563 3.588 3.61 3.63 3.64 3.645 3.65 3.647 3.642 3.635 3.627 3.62 3.62 3.63 3.64 3.65 3.652 3.648 3.642 3.635 3.622 3.605 3.585 3.573 3.593 3.64 3.69 3.735 3.765 3.627 3.303 3.405 3.775 3.86 3.852 3.832 3.792 3.73 3.668 3.65 3.66 3.667 3.675 3.58 3.34 3.215 3.313 3.58 3.777 3.78 3.77 3.782 3.797 3.752 3.655 3.555 3.483 3.438 3.393 3.35
3.313 3.358 3.755 4.795 5.407 5.323 5.22 4.655 4.09 3.973 3.915 3.855 3.785 3.69 3.583 3.533 3.54 3.55 3.563 3.58 3.603 3.627 3.65 3.66 3.665 3.667 3.657 3.648 3.64 3.633 3.628 3.63 3.64 3.65 3.657 3.657 3.653 3.647 3.64 3.627 3.61 3.593 3.58 3.595 3.638 3.685 3.727 3.652 3.335 3.325 3.697 3.84 3.797 3.75 3.713 3.695 3.672 3.615 3.58 3.585 3.593 3.603 3.617 3.64 3.497 3.293 3.243 3.405 3.71 3.852 3.857 3.857 3.83 3.76 3.665 3.59 3.542 3.495 3.45
3.258 3.42 4.34 5.252 5.36 5.325 4.9 4.225 3.975 3.925 3.865 3.805 3.745 3.672 3.583 3.54 3.55 3.562 3.578 3.597 3.62 3.643 3.665 3.677 3.68 3.675 3.663 3.653 3.647 3.64 3.635 3.64 3.648 3.655 3.662 3.665 3.66 3.653 3.645 3.632 3.615 3.598 3.585 3.6 3.64 3.685 3.672 3.36 3.24 3.595 3.812 3.79 3.713 3.643 3.59 3.57 3.57 3.55 3.518 3.51 3.523 3.54 3.56 3.588 3.63 3.62 3.383 3.155 3.3 3.657 3.855 3.847 3.83 3.807 3.752 3.695 3.645 3.595 3.55
3.243 3.803 4.95 5.417 5.35 5.157 4.49 3.99 3.93 3.875 3.815 3.755 3.692 3.628 3.568 3.545 3.557 3.572 3.59 3.613 3.637 3.66 3.68 3.692 3.69 3.68 3.668 3.658 3.653 3.648 3.645 3.65 3.655 3.66 3.67 3.672 3.665 3.658 3.65 3.638 3.62 3.603 3.59 3.605 3.645 3.69 3.41 3.18 3.485 3.737 3.765 3.73 3.647 3.563 3.49 3.45 3.445 3.453 3.448 3.445 3.46 3.48 3.503 3.54 3.595 3.655 3.685 3.5 3.198 3.205 3.515 3.742 3.785 3.785 3.777 3.747 3.702 3.657 3.627
3.468 4.475 5.352 5.382 5.297 4.762 4.113 3.93 3.877 3.822 3.765 3.702 3.638 3.58 3.545 3.543 3.557 3.575 3.603 3.63 3.655 3.68 3.7 3.71 3.702 3.69 3.675 3.665 3.66 3.655 3.658 3.665 3.67 3.675 3.68 3.682 3.68 3.673 3.668 3.655 3.635 3.62 3.623 3.653 3.69 3.5 3.213 3.41 3.675 3.673 3.695 3.662 3.578 3.495 3.428 3.388 3.378 3.383 3.39 3.398 3.41 3.43 3.453 3.498 3.56 3.62 3.665 3.662 3.515 3.238 3.11 3.36 3.67 3.752 3.757 3.74 3.7 3.67 3.677
4.058 5.142 5.442 5.41 5.067 4.323 3.928 3.88 3.825 3.768 3.71 3.648 3.59 3.553 3.533 3.535 3.553 3.578 3.617 3.65 3.675 3.7 3.72 3.727 3.715 3.7 3.685 3.675 3.673 3.67 3.675 3.685 3.69 3.692 3.69 3.692 3.7 3.697 3.692 3.68 3.665 3.668 3.693 3.727 3.572 3.26 3.383 3.665 3.655 3.613 3.615 3.587 3.508 3.445 3.408 3.383 3.363 3.358 3.363 3.365 3.37 3.385 3.408 3.453 3.515 3.562 3.587 3.585 3.6 3.555 3.305 3.073 3.283 3.637 3.735 3.72 3.69 3.693 3.732
4.737 5.457 5.43 5.302 4.647 4.008 3.88 3.83 3.775 3.715 3.655 3.6 3.56 3.54 3.528 3.53 3.555 3.59 3.632 3.667 3.695 3.72 3.742 3.747 3.73 3.713 3.695 3.685 3.688 3.69 3.695 3.705 3.707 3.702 3.695 3.698 3.71 3.717 3.717 3.708 3.708 3.732 3.762 3.642 3.308 3.325 3.627 3.692 3.645 3.585 3.553 3.518 3.463 3.433 3.415 3.39 3.36 3.34 3.338 3.34 3.34 3.345 3.365 3.407 3.455 3.48 3.495 3.505 3.53 3.585 3.595 3.365 3.095 3.273 3.612 3.705 3.708 3.748 3.8
5.3 5.475 5.447 4.96 4.203 3.913 3.85 3.79 3.73 3.673 3.615 3.573 3.55 3.533 3.52 3.53 3.568 3.61 3.65 3.685 3.712 3.737 3.762 3.765 3.745 3.725 3.705 3.698 3.702 3.707 3.715 3.72 3.715 3.707 3.7 3.703 3.718 3.73 3.74 3.748 3.765 3.792 3.735 3.375 3.265 3.585 3.72 3.69 3.638 3.58 3.528 3.488 3.46 3.44 3.422 3.4 3.37 3.34 3.32 3.315 3.315 3.315 3.323 3.348 3.375 3.39 3.405 3.423 3.45 3.493 3.532 3.592 3.417 3.135 3.28 3.6 3.737 3.795 3.855
5.542 5.502 5.277 4.535 4.005 3.948 3.88 3.8 3.723 3.663 3.608 3.573 3.558 3.54 3.525 3.54 3.582 3.625 3.665 3.7 3.725 3.75 3.777 3.78 3.76 3.74 3.725 3.715 3.71 3.715 3.725 3.725 3.715 3.71 3.713 3.725 3.745 3.763 3.778 3.798 3.822 3.83 3.47 3.22 3.532 3.742 3.725 3.687 3.645 3.59 3.535 3.498 3.475 3.453 3.43 3.402 3.367 3.335 3.305 3.29 3.29 3.29 3.29 3.298 3.313 3.328 3.345 3.363 3.383 3.41 3.445 3.51 3.6 3.442 3.138 3.283 3.642 3.785 3.847
5.535 5.455 4.852 4.17 4.023 4.002 3.95 3.86 3.763 3.685 3.625 3.59 3.572 3.555 3.54 3.555 3.595 3.638 3.68 3.712 3.735 3.76 3.79 3.795 3.775 3.76 3.757 3.745 3.72 3.715 3.722 3.722 3.718 3.72 3.735 3.762 3.792 3.815 3.83 3.85 3.872 3.59 3.205 3.428 3.762 3.772 3.72 3.67 3.65 3.607 3.555 3.515 3.49 3.467 3.437 3.397 3.353 3.315 3.288 3.273 3.27 3.267 3.265 3.27 3.28 3.295 3.312 3.327 3.343 3.363 3.395 3.46 3.527 3.56 3.382 3.113 3.295 3.66 3.79
5.582 5.205 4.425 4.05 4.06 4.052 4.015 3.93 3.823 3.725 3.648 3.605 3.585 3.565 3.553 3.57 3.61 3.653 3.695 3.725 3.748 3.773 3.8 3.805 3.79 3.788 3.795 3.785 3.75 3.725 3.72 3.72 3.725 3.743 3.765 3.793 3.827 3.86 3.882 3.9 3.692 3.263 3.353 3.737 3.83 3.797 3.7 3.64 3.63 3.61 3.572 3.535 3.505 3.475 3.44 3.395 3.345 3.3 3.27 3.255 3.25 3.245 3.24 3.245 3.255 3.268 3.28 3.293 3.308 3.323 3.348 3.395 3.425 3.428 3.48 3.34 3.085 3.303 3.672
5.465 4.775 4.16 4.09 4.09 4.087 4.067 3.995 3.887 3.782 3.683 3.623 3.6 3.58 3.57 3.59 3.63 3.67 3.71 3.74 3.763 3.785 3.81 3.82 3.817 3.822 3.83 3.82 3.785 3.75 3.73 3.73 3.745 3.768 3.793 3.82 3.855 3.895 3.927 3.787 3.358 3.318 3.705 3.885 3.88 3.785 3.668 3.608 3.6 3.59 3.575 3.547 3.51 3.472 3.435 3.392 3.345 3.295 3.255 3.238 3.235 3.233 3.233 3.238 3.245 3.253 3.258 3.265 3.28 3.295 3.313 3.328 3.325 3.318 3.358 3.46 3.315 3.075 3.323
5.092 4.335 4.09 4.1 4.1 4.1 4.092 4.03 3.925 3.82 3.735 3.688 3.658 3.635 3.62 3.633 3.67 3.71 3.748 3.77 3.785 3.805 3.83 3.84 3.837 3.842 3.847 3.837 3.805 3.77 3.753 3.76 3.78 3.8 3.823 3.853 3.89 3.935 3.877 3.46 3.293 3.627 3.862 3.932 3.88 3.765 3.648 3.585 3.578 3.57 3.565 3.545 3.505 3.465 3.427 3.387 3.34 3.293 3.255 3.243 3.245 3.245 3.248 3.253 3.258 3.26 3.255 3.255 3.27 3.285 3.298 3.298 3.285 3.283 3.31 3.375 3.462 3.297 3.088
4.66 4.133 4.105 4.1 4.1 4.1 4.097 4.04 3.938 3.858 3.82 3.792 3.753 3.723 3.703 3.705 3.733 3.77 3.802 3.815 3.82 3.835 3.857 3.862 3.85 3.848 3.852 3.842 3.813 3.788 3.783 3.795 3.817 3.84 3.86 3.89 3.935 3.957 3.563 3.236 3.557 3.81 3.865 3.905 3.847 3.752 3.64 3.578 3.568 3.56 3.552 3.53 3.493 3.455 3.42 3.382 3.335 3.293 3.265 3.26 3.267 3.272 3.275 3.277 3.28 3.275 3.26 3.255 3.268 3.282 3.295 3.295 3.288 3.298 3.325 3.36 3.41 3.47 3.288
4.27 4.113 4.105 4.1 4.1 4.1 4.1 4.052 3.98 3.948 3.932 3.9 3.855 3.815 3.788 3.785 3.803 3.832 3.857 3.865 3.863 3.868 3.882 3.885 3.872 3.86 3.858 3.847 3.825 3.815 3.815 3.828 3.852 3.877 3.9 3.938 3.995 3.702 3.241 3.433 3.795 3.822 3.847 3.847 3.795 3.727 3.633 3.575 3.565 3.553 3.54 3.515 3.48 3.447 3.412 3.375 3.335 3.303 3.28 3.275 3.285 3.295 3.3 3.3 3.295 3.28 3.258 3.253 3.265 3.277 3.29 3.293 3.298 3.318 3.345 3.38 3.42 3.46 3.48
4.113 4.115 4.105 4.1 4.1 4.1 4.1 4.08 4.057 4.052 4.04 4.007 3.962 3.915 3.875 3.865 3.877 3.895 3.907 3.91 3.907 3.907 3.912 3.907 3.895 3.883 3.87 3.86 3.85 3.845 3.845 3.857 3.88 3.9 3.925 3.99 3.817 3.33 3.368 3.757 3.84 3.832 3.82 3.782 3.73 3.677 3.615 3.575 3.565 3.553 3.532 3.502 3.47 3.44 3.405 3.37 3.342 3.32 3.297 3.287 3.295 3.302 3.307 3.305 3.29 3.27 3.25 3.248 3.26 3.272 3.285 3.295 3.315 3.34 3.36 3.385 3.417 3.45 3.475
4.125 4.112 4.103 4.1 4.1 4.1 4.1 4.1 4.1 4.1 4.095 4.072 4.03 3.98 3.935 3.92 3.932 3.937 3.935 3.935 3.935 3.935 3.932 3.925 3.915 3.905 3.89 3.863 3.842 3.837 3.837 3.852 3.875 3.895 3.955 3.88 3.43 3.343 3.72 3.857 3.852 3.83 3.782 3.728 3.675 3.628 3.598 3.585 3.575 3.56 3.525 3.485 3.455 3.422 3.388 3.36 3.342 3.322 3.297 3.275 3.267 3.27 3.275 3.27 3.25 3.233 3.228 3.237 3.25 3.263 3.28 3.3 3.322 3.345 3.362 3.368 3.38 3.405 3.428
4.12 4.105 4.1 4.1 4.1 4.1 4.1 4.1 4.1 4.103 4.105 4.09 4.055 4.01 3.968 3.955 3.962 3.957 3.948 3.945 3.945 3.942 3.935 3.93 3.927 3.92 3.907 3.863 3.81 3.79 3.795 3.818 3.873 3.952 3.94 3.52 3.31 3.672 3.875 3.872 3.855 3.805 3.74 3.685 3.635 3.605 3.608 3.61 3.595 3.562 3.51 3.465 3.432 3.398 3.365 3.34 3.325 3.307 3.285 3.255 3.223 3.21 3.215 3.21 3.193 3.188 3.203 3.222 3.237 3.253 3.273 3.295 3.315 3.335 3.355 3.348 3.338 3.355 3.38
4.108 4.1 4.1 4.1 4.1 4.1 4.1 4.1 4.103 4.108 4.112 4.1 4.07 4.035 4 3.985 3.98 3.97 3.963 3.957 3.952 3.945 3.935 3.93 3.93 3.927 3.922 3.88 3.795 3.748 3.783 3.855 3.955 4.022 3.608 3.228 3.572 3.887 3.895 3.882 3.835 3.765 3.698 3.64 3.608 3.61 3.63 3.63 3.597 3.545 3.488 3.445 3.41 3.375 3.345 3.32 3.305 3.292 3.275 3.245 3.2 3.165 3.158 3.153 3.148 3.163 3.187 3.208 3.225 3.245 3.265 3.285 3.308 3.33 3.35 3.34 3.31 3.31 3.335
4.1 4.1 4.1 4.1 4.1 4.1 4.1 4.103 4.108 4.113 4.12 4.11 4.08 4.05 4.022 4.005 3.995 3.985 3.977 3.97 3.958 3.945 3.935 3.93 3.93 3.933 3.935 3.895 3.795 3.765 3.855 3.967 4.062 3.772 3.248 3.425 3.855 3.917 3.912 3.875 3.805 3.73 3.658 3.61 3.61 3.63 3.65 3.637 3.583 3.52 3.465 3.425 3.39 3.355 3.323 3.298 3.285 3.275 3.262 3.235 3.19 3.145 3.118 3.113 3.125 3.148 3.173 3.195 3.215 3.235 3.258 3.28 3.303 3.325 3.345 3.34 3.308 3.29 3.298
4.1 4.1 4.1 4.1 4.1 4.1 4.1 4.105 4.112 4.12 4.127 4.117 4.09 4.06 4.035 4.02 4.01 4 3.993 3.983 3.968 3.955 3.945 3.938 3.938 3.943 3.945 3.9 3.83 3.865 3.975 4.062 3.882 3.38 3.398 3.815 3.93 3.925 3.9 3.855 3.79 3.715 3.64 3.605 3.62 3.64 3.66 3.64 3.578 3.513 3.455 3.415 3.38 3.345 3.313 3.285 3.27 3.26 3.25 3.22 3.172 3.128 3.1 3.115 3.15 3.175 3.198 3.21 3.215 3.23 3.255 3.283 3.305 3.325 3.337 3.332 3.315 3.297 3.285
4.1 4.1 4.1 4.1 4.1 4.1 4.1 4.105 4.115 4.125 4.132 4.122 4.097 4.07 4.043 4.025 4.018 4.015 4.018 4.008 3.988 3.975 3.965 3.955 3.953 3.955 3.957 3.913 3.9 3.982 4.062 3.947 3.485 3.403 3.792 3.94 3.927 3.905 3.86 3.82 3.777 3.715 3.643 3.61 3.623 3.64 3.66 3.64 3.58 3.518 3.46 3.418 3.383 3.348 3.315 3.288 3.265 3.25 3.24 3.205 3.15 3.1 3.088 3.133 3.192 3.237 3.265 3.267 3.253 3.245 3.26 3.29 3.315 3.33 3.33 3.317 3.305 3.247 3.09
4.1 4.1 4.1 4.1 4.1 4.1 4.1 4.105 4.117 4.13 4.137 4.127 4.102 4.077 4.05 4.033 4.035 4.045 4.055 4.045 4.02 4 3.985 3.978 3.973 3.97 3.97 3.958 3.988 4.062 3.997 3.54 3.38 3.785 3.97 3.94 3.912 3.865 3.81 3.77 3.742 3.705 3.645 3.618 3.63 3.643 3.66 3.64 3.58 3.523 3.47 3.425 3.388 3.353 3.318 3.29 3.268 3.245 3.23 3.195 3.133 3.075 3.078 3.138 3.205 3.27 3.322 3.337 3.317 3.293 3.283 3.3 3.32 3.322 3.292 3.165 2.995 2.875 2.725
4.1 4.1 4.1 4.1 4.1 4.1 4.1 4.105 4.117 4.132 4.142 4.132 4.108 4.085 4.065 4.058 4.068 4.082 4.092 4.082 4.057 4.03 4.01 4.003 3.998 3.993 3.988 4.01 4.06 4.045 3.593 3.281 3.702 4.007 3.97 3.933 3.883 3.82 3.763 3.723 3.698 3.673 3.64 3.628 3.64 3.65 3.662 3.642 3.585 3.53 3.478 3.433 3.395 3.36 3.328 3.3 3.28 3.258 3.235 3.195 3.13 3.088 3.12 3.198 3.275 3.342 3.382 3.385 3.365 3.342 3.32 3.315 3.212 3.02 2.91 2.79 2.628 2.56 2.56
4.1 4.1 4.1 4.1 4.1 4.1 4.1 4.103 4.11 4.125 4.14 4.14 4.125 4.105 4.09 4.09 4.1 4.112 4.117 4.102 4.077 4.053 4.043 4.04 4.035 4.03 4.028 4.058 4.095 3.767 3.316 3.588 4.002 4.018 3.995 3.963 3.905 3.838 3.768 3.718 3.693 3.67 3.655 3.655 3.665 3.675 3.682 3.657 3.603 3.548 3.503 3.47 3.438 3.405 3.373 3.345 3.325 3.305 3.275 3.223 3.18 3.198 3.273 3.355 3.407 3.43 3.425 3.405 3.385 3.225 3.01 2.942 2.833 2.643 2.56 2.56 2.56 2.56 2.56
