EGM722_Project_Data/DTM_asc/TL4862.asc
ncols         200
nrows         200
xllcorner     548000.000
yllcorner     262000.000
cellsize      5
NODATA_value  -9999.0
[rows 70 to 104 of 200, columns 79 to 157 of 200]
4.633 4.44 4.258 4.153 4.128 4.097 4.02 3.913 3.825 3.78 3.763 3.755 3.765 3.79 3.807 3.765 3.675 3.582 3.505 3.478 3.485 3.5 3.515 3.505 3.47 3.427 3.38 3.33 3.283 3.25 3.25 3.267 3.285 3.302 3.32 3.348 3.368 3.373 3.378 3.393 3.445 3.52 3.59 3.625 3.615 3.587 3.54 3.46 3.363 3.31 3.78 4.597 4.95 4.957 4.42 3.283 2.885 3.097 3.123 3.15 3.17 3.193 3.203 3.2 3.202 3.207 3.212 3.2 3.157 3.1 3.045 3.035 3.065 3.095 3.12 3.145 3.162 3.17 3.175
4.615 4.41 4.223 4.128 4.12 4.082 3.99 3.885 3.81 3.775 3.755 3.735 3.725 3.74 3.762 3.725 3.635 3.553 3.493 3.47 3.473 3.483 3.495 3.485 3.445 3.387 3.32 3.26 3.22 3.205 3.213 3.23 3.247 3.262 3.28 3.347 3.41 3.425 3.44 3.445 3.468 3.525 3.595 3.622 3.602 3.562 3.502 3.418 3.335 3.505 4.247 4.867 4.952 4.759 3.72 2.976 3.085 3.123 3.173 3.21 3.23 3.24 3.227 3.198 3.175 3.173 3.177 3.17 3.142 3.097 3.048 3.04 3.067 3.092 3.11 3.138 3.175 3.197 3.205
4.625 4.435 4.26 4.148 4.107 4.052 3.96 3.86 3.795 3.77 3.75 3.728 3.705 3.703 3.72 3.685 3.605 3.54 3.488 3.465 3.468 3.473 3.477 3.455 3.398 3.325 3.25 3.198 3.178 3.175 3.178 3.19 3.205 3.22 3.24 3.345 3.455 3.487 3.51 3.515 3.518 3.54 3.595 3.615 3.577 3.522 3.46 3.375 3.375 3.963 4.712 4.94 4.954 4.19 3.111 2.945 3.12 3.18 3.235 3.27 3.28 3.272 3.255 3.22 3.175 3.148 3.143 3.135 3.115 3.087 3.05 3.045 3.067 3.082 3.098 3.125 3.17 3.21 3.23
4.655 4.48 4.31 4.17 4.083 4.01 3.925 3.838 3.785 3.77 3.758 3.743 3.73 3.715 3.698 3.655 3.593 3.538 3.485 3.463 3.47 3.478 3.482 3.45 3.37 3.28 3.198 3.155 3.15 3.15 3.15 3.155 3.165 3.18 3.21 3.343 3.49 3.545 3.577 3.59 3.587 3.587 3.605 3.595 3.54 3.48 3.42 3.343 3.623 4.422 4.912 4.94 4.617 3.513 2.921 3.127 3.185 3.245 3.297 3.32 3.313 3.3 3.285 3.25 3.2 3.153 3.123 3.105 3.085 3.065 3.043 3.043 3.06 3.07 3.085 3.115 3.16 3.205 3.24
4.605 4.437 4.27 4.143 4.06 3.978 3.895 3.825 3.795 3.797 3.797 3.792 3.79 3.767 3.72 3.668 3.613 3.56 3.515 3.49 3.488 3.495 3.505 3.48 3.4 3.3 3.215 3.168 3.15 3.14 3.13 3.125 3.128 3.14 3.195 3.362 3.515 3.565 3.602 3.62 3.615 3.61 3.607 3.57 3.503 3.438 3.375 3.445 4.083 4.767 4.922 4.859 3.885 2.988 3.085 3.202 3.26 3.317 3.365 3.375 3.36 3.347 3.322 3.28 3.23 3.18 3.135 3.098 3.073 3.055 3.04 3.043 3.058 3.07 3.078 3.1 3.142 3.187 3.23
4.473 4.285 4.163 4.103 4.047 3.97 3.898 3.835 3.81 3.822 3.832 3.837 3.842 3.82 3.77 3.717 3.663 3.615 3.58 3.548 3.523 3.52 3.53 3.51 3.445 3.355 3.28 3.233 3.193 3.163 3.14 3.125 3.115 3.113 3.2 3.395 3.517 3.547 3.58 3.595 3.59 3.588 3.592 3.557 3.483 3.41 3.338 3.743 4.542 4.91 4.927 4.41 3.283 2.95 3.235 3.278 3.335 3.39 3.435 3.445 3.427 3.402 3.36 3.31 3.26 3.213 3.17 3.125 3.088 3.065 3.05 3.05 3.065 3.072 3.068 3.083 3.12 3.163 3.205
4.375 4.18 4.12 4.1 4.05 3.987 3.922 3.855 3.815 3.818 3.832 3.847 3.857 3.847 3.815 3.77 3.72 3.68 3.65 3.618 3.583 3.56 3.557 3.537 3.485 3.412 3.35 3.307 3.263 3.223 3.188 3.16 3.14 3.138 3.258 3.432 3.505 3.528 3.552 3.565 3.565 3.568 3.575 3.547 3.475 3.398 3.508 4.192 4.815 4.907 4.739 3.705 2.991 3.215 3.31 3.352 3.407 3.46 3.505 3.51 3.48 3.44 3.39 3.34 3.293 3.25 3.207 3.162 3.118 3.08 3.06 3.06 3.067 3.062 3.053 3.068 3.103 3.14 3.18
4.315 4.15 4.115 4.09 4.047 4 3.942 3.878 3.825 3.813 3.827 3.837 3.84 3.84 3.832 3.812 3.782 3.75 3.72 3.69 3.657 3.623 3.59 3.542 3.48 3.44 3.415 3.377 3.335 3.295 3.252 3.213 3.183 3.213 3.345 3.46 3.495 3.515 3.533 3.543 3.548 3.553 3.557 3.532 3.462 3.415 3.913 4.65 4.89 4.912 4.19 3.146 3.08 3.345 3.38 3.415 3.462 3.505 3.545 3.542 3.5 3.457 3.415 3.37 3.325 3.285 3.242 3.2 3.155 3.108 3.075 3.065 3.06 3.048 3.038 3.053 3.087 3.123 3.16
4.288 4.133 4.102 4.07 4.03 3.992 3.947 3.892 3.835 3.81 3.817 3.82 3.823 3.825 3.82 3.807 3.795 3.787 3.78 3.757 3.722 3.687 3.625 3.493 3.365 3.345 3.385 3.41 3.395 3.355 3.315 3.273 3.24 3.288 3.407 3.482 3.505 3.525 3.538 3.545 3.55 3.553 3.555 3.52 3.43 3.618 4.347 4.857 4.892 4.629 3.545 2.986 3.327 3.43 3.432 3.433 3.46 3.497 3.532 3.527 3.482 3.443 3.42 3.392 3.35 3.31 3.275 3.24 3.195 3.145 3.093 3.06 3.047 3.032 3.02 3.033 3.07 3.105 3.14
4.27 4.123 4.085 4.05 4.01 3.975 3.937 3.89 3.84 3.81 3.808 3.81 3.812 3.807 3.78 3.75 3.745 3.77 3.802 3.805 3.777 3.742 3.655 3.453 3.23 3.17 3.25 3.34 3.395 3.397 3.365 3.325 3.31 3.348 3.442 3.515 3.535 3.552 3.56 3.565 3.57 3.57 3.557 3.498 3.483 4.038 4.717 4.877 4.879 3.948 3.001 3.203 3.455 3.482 3.455 3.43 3.435 3.463 3.495 3.49 3.45 3.423 3.42 3.405 3.365 3.333 3.312 3.282 3.232 3.172 3.098 3.048 3.032 3.015 2.998 3.01 3.05 3.085 3.12
4.24 4.115 4.063 4.027 3.99 3.955 3.92 3.877 3.833 3.805 3.803 3.807 3.797 3.762 3.708 3.678 3.698 3.743 3.792 3.822 3.822 3.795 3.682 3.457 3.21 3.105 3.155 3.235 3.315 3.37 3.39 3.387 3.393 3.42 3.488 3.55 3.565 3.575 3.58 3.583 3.587 3.587 3.552 3.443 3.72 4.477 4.88 4.892 4.492 3.35 2.968 3.425 3.53 3.505 3.468 3.443 3.433 3.438 3.457 3.453 3.43 3.425 3.43 3.415 3.383 3.365 3.355 3.322 3.257 3.177 3.09 3.035 3.015 2.993 2.975 2.99 3.03 3.067 3.102
4.225 4.11 4.04 4.003 3.967 3.932 3.897 3.86 3.82 3.8 3.8 3.787 3.748 3.688 3.63 3.623 3.67 3.725 3.778 3.817 3.837 3.835 3.712 3.478 3.278 3.17 3.165 3.22 3.28 3.343 3.402 3.44 3.465 3.497 3.545 3.582 3.59 3.595 3.6 3.603 3.607 3.595 3.518 3.53 4.138 4.78 4.887 4.774 3.783 3.016 3.32 3.545 3.56 3.52 3.483 3.458 3.443 3.433 3.433 3.43 3.428 3.432 3.44 3.432 3.415 3.405 3.392 3.347 3.265 3.175 3.085 3.025 2.995 2.968 2.953 2.968 3.005 3.045 3.083
4.235 4.12 4.028 3.978 3.943 3.908 3.872 3.838 3.818 3.818 3.82 3.79 3.728 3.663 3.618 3.63 3.685 3.743 3.795 3.83 3.853 3.865 3.75 3.53 3.373 3.275 3.23 3.26 3.32 3.38 3.427 3.46 3.495 3.535 3.575 3.597 3.602 3.61 3.62 3.627 3.627 3.577 3.453 3.85 4.607 4.892 4.905 4.277 3.231 3.085 3.467 3.587 3.572 3.535 3.495 3.47 3.457 3.443 3.428 3.423 3.427 3.435 3.447 3.45 3.44 3.43 3.417 3.365 3.275 3.185 3.098 3.038 3.005 2.975 2.955 2.968 3.005 3.045 3.078
4.253 4.138 4.028 3.955 3.918 3.882 3.848 3.823 3.828 3.852 3.865 3.835 3.773 3.713 3.67 3.683 3.737 3.79 3.835 3.867 3.887 3.89 3.785 3.605 3.483 3.395 3.318 3.308 3.36 3.415 3.447 3.47 3.505 3.545 3.585 3.605 3.61 3.623 3.64 3.652 3.63 3.515 3.583 4.275 4.857 4.902 4.677 3.618 2.986 3.292 3.475 3.565 3.57 3.545 3.508 3.485 3.472 3.452 3.43 3.42 3.423 3.433 3.452 3.462 3.453 3.443 3.435 3.385 3.298 3.21 3.125 3.07 3.042 3.015 2.99 3 3.04 3.072 3.09
4.275 4.158 4.04 3.943 3.89 3.855 3.825 3.823 3.848 3.882 3.907 3.887 3.832 3.78 3.733 3.738 3.787 3.83 3.87 3.905 3.92 3.91 3.825 3.695 3.598 3.512 3.425 3.375 3.4 3.442 3.458 3.478 3.515 3.555 3.592 3.615 3.625 3.64 3.66 3.67 3.592 3.49 3.983 4.695 4.902 4.922 4.07 3.068 3.08 3.3 3.445 3.535 3.55 3.547 3.522 3.5 3.482 3.455 3.43 3.418 3.42 3.438 3.465 3.477 3.467 3.458 3.452 3.407 3.322 3.237 3.155 3.103 3.077 3.052 3.03 3.038 3.067 3.085 3.095
4.3 4.18 4.06 3.945 3.868 3.828 3.815 3.835 3.867 3.9 3.927 3.922 3.885 3.842 3.795 3.79 3.83 3.867 3.905 3.937 3.942 3.925 3.872 3.787 3.702 3.622 3.542 3.465 3.443 3.46 3.468 3.49 3.53 3.57 3.605 3.63 3.647 3.665 3.682 3.647 3.495 3.688 4.435 4.895 4.915 4.582 3.463 2.936 3.232 3.32 3.43 3.505 3.52 3.53 3.527 3.51 3.485 3.455 3.43 3.415 3.423 3.45 3.48 3.49 3.482 3.475 3.467 3.427 3.347 3.262 3.183 3.135 3.11 3.085 3.063 3.06 3.075 3.085 3.095
4.36 4.23 4.098 3.965 3.858 3.808 3.815 3.845 3.872 3.897 3.915 3.912 3.895 3.865 3.823 3.818 3.855 3.89 3.925 3.952 3.95 3.922 3.88 3.82 3.747 3.672 3.595 3.515 3.475 3.48 3.49 3.515 3.555 3.592 3.62 3.64 3.66 3.68 3.675 3.57 3.52 4.103 4.772 4.912 4.847 3.868 3.008 3.14 3.275 3.362 3.442 3.487 3.5 3.51 3.52 3.515 3.49 3.463 3.438 3.423 3.435 3.465 3.495 3.502 3.493 3.485 3.475 3.435 3.36 3.277 3.203 3.158 3.132 3.107 3.083 3.07 3.075 3.085 3.095
4.457 4.342 4.203 4.06 3.925 3.83 3.813 3.84 3.862 3.875 3.882 3.88 3.87 3.852 3.82 3.823 3.865 3.9 3.935 3.955 3.94 3.9 3.85 3.797 3.737 3.665 3.588 3.515 3.49 3.507 3.52 3.543 3.58 3.61 3.625 3.64 3.66 3.655 3.6 3.458 3.803 4.567 4.9 4.925 4.395 3.318 2.995 3.242 3.317 3.395 3.452 3.482 3.495 3.503 3.51 3.51 3.495 3.475 3.45 3.438 3.458 3.49 3.52 3.525 3.505 3.488 3.477 3.44 3.363 3.283 3.215 3.17 3.145 3.12 3.095 3.083 3.08 3.085 3.095
4.51 4.437 4.34 4.217 4.07 3.915 3.825 3.825 3.84 3.845 3.847 3.845 3.835 3.825 3.813 3.828 3.87 3.907 3.945 3.952 3.917 3.87 3.82 3.77 3.715 3.652 3.582 3.518 3.505 3.53 3.547 3.57 3.597 3.615 3.625 3.64 3.635 3.575 3.485 3.563 4.237 4.845 4.915 4.744 3.715 3.028 3.215 3.282 3.35 3.402 3.447 3.477 3.49 3.495 3.5 3.5 3.49 3.48 3.46 3.453 3.48 3.515 3.545 3.55 3.525 3.498 3.482 3.445 3.37 3.295 3.228 3.183 3.157 3.13 3.105 3.095 3.09 3.088 3.095
4.525 4.47 4.412 4.332 4.21 4.037 3.873 3.813 3.815 3.813 3.81 3.808 3.805 3.803 3.803 3.823 3.862 3.91 3.947 3.937 3.89 3.84 3.79 3.738 3.683 3.63 3.57 3.523 3.523 3.547 3.57 3.592 3.607 3.615 3.625 3.612 3.552 3.463 3.42 3.95 4.682 4.905 4.934 4.175 3.161 3.073 3.25 3.305 3.357 3.4 3.442 3.47 3.48 3.485 3.49 3.492 3.485 3.478 3.465 3.468 3.5 3.535 3.565 3.57 3.545 3.515 3.49 3.447 3.38 3.31 3.24 3.195 3.17 3.14 3.115 3.105 3.102 3.098 3.098
4.552 4.5 4.442 4.38 4.282 4.117 3.92 3.825 3.82 3.81 3.803 3.795 3.795 3.8 3.8 3.808 3.843 3.897 3.937 3.932 3.888 3.835 3.783 3.728 3.673 3.618 3.56 3.528 3.538 3.563 3.587 3.607 3.617 3.622 3.607 3.545 3.455 3.378 3.638 4.405 4.895 4.925 4.637 3.545 2.981 3.232 3.285 3.323 3.358 3.4 3.442 3.462 3.463 3.465 3.47 3.485 3.492 3.488 3.48 3.49 3.523 3.555 3.58 3.58 3.555 3.525 3.495 3.447 3.38 3.31 3.238 3.19 3.165 3.137 3.118 3.11 3.11 3.107 3.105
4.58 4.532 4.47 4.385 4.275 4.13 3.953 3.858 3.85 3.837 3.825 3.81 3.8 3.8 3.8 3.8 3.823 3.87 3.915 3.94 3.917 3.863 3.808 3.753 3.695 3.635 3.57 3.538 3.553 3.577 3.602 3.62 3.63 3.615 3.552 3.475 3.405 3.475 4.11 4.772 4.917 4.902 3.958 3.046 3.145 3.267 3.322 3.355 3.37 3.403 3.447 3.46 3.445 3.438 3.44 3.467 3.5 3.51 3.505 3.515 3.547 3.572 3.58 3.57 3.547 3.52 3.49 3.442 3.372 3.297 3.22 3.168 3.143 3.125 3.118 3.113 3.11 3.113 3.115
4.6 4.555 4.49 4.385 4.253 4.12 3.975 3.89 3.877 3.86 3.845 3.83 3.815 3.805 3.8 3.8 3.808 3.84 3.885 3.927 3.937 3.897 3.842 3.785 3.727 3.662 3.585 3.55 3.568 3.592 3.615 3.63 3.62 3.57 3.5 3.44 3.398 3.828 4.587 4.915 4.942 4.487 3.385 2.988 3.252 3.305 3.36 3.395 3.4 3.415 3.45 3.46 3.438 3.418 3.415 3.443 3.485 3.515 3.525 3.54 3.565 3.572 3.567 3.552 3.53 3.507 3.48 3.435 3.365 3.283 3.2 3.148 3.128 3.12 3.12 3.117 3.115 3.12 3.125
4.617 4.57 4.507 4.402 4.263 4.123 3.985 3.908 3.89 3.87 3.855 3.84 3.825 3.812 3.803 3.8 3.8 3.818 3.855 3.9 3.935 3.925 3.875 3.817 3.757 3.68 3.595 3.563 3.583 3.605 3.627 3.632 3.595 3.538 3.485 3.44 3.608 4.305 4.87 4.94 4.797 3.783 3.051 3.217 3.287 3.342 3.4 3.435 3.44 3.445 3.46 3.46 3.435 3.41 3.4 3.42 3.46 3.503 3.537 3.557 3.562 3.558 3.553 3.537 3.513 3.49 3.467 3.425 3.355 3.27 3.185 3.138 3.128 3.125 3.125 3.123 3.122 3.127 3.132
4.635 4.58 4.515 4.42 4.285 4.132 3.98 3.898 3.882 3.865 3.847 3.832 3.82 3.81 3.803 3.8 3.8 3.805 3.828 3.87 3.915 3.935 3.907 3.847 3.772 3.688 3.605 3.575 3.597 3.62 3.64 3.627 3.58 3.53 3.488 3.503 4.05 4.742 4.935 4.965 4.257 3.216 3.065 3.265 3.322 3.377 3.43 3.46 3.467 3.472 3.475 3.465 3.443 3.42 3.408 3.423 3.46 3.503 3.547 3.567 3.563 3.558 3.548 3.53 3.508 3.485 3.465 3.427 3.36 3.278 3.195 3.145 3.135 3.135 3.135 3.128 3.123 3.125 3.13
4.635 4.562 4.477 4.382 4.265 4.122 3.965 3.875 3.862 3.852 3.835 3.818 3.808 3.803 3.8 3.8 3.8 3.8 3.808 3.84 3.885 3.925 3.925 3.865 3.78 3.695 3.615 3.588 3.612 3.632 3.642 3.622 3.575 3.53 3.498 3.775 4.5 4.94 4.96 4.692 3.605 2.998 3.23 3.295 3.352 3.402 3.442 3.465 3.477 3.485 3.485 3.475 3.455 3.44 3.433 3.448 3.483 3.52 3.562 3.582 3.577 3.567 3.55 3.53 3.512 3.495 3.475 3.437 3.375 3.302 3.223 3.168 3.153 3.148 3.145 3.135 3.12 3.115 3.12
4.557 4.485 4.395 4.295 4.197 4.087 3.95 3.855 3.835 3.83 3.818 3.805 3.8 3.8 3.8 3.8 3.8 3.8 3.8 3.818 3.855 3.892 3.897 3.852 3.782 3.705 3.628 3.603 3.622 3.635 3.64 3.62 3.58 3.545 3.638 4.235 4.835 4.957 4.949 4.005 3.041 3.113 3.262 3.325 3.372 3.412 3.445 3.467 3.482 3.492 3.497 3.49 3.473 3.463 3.458 3.473 3.507 3.543 3.58 3.6 3.59 3.57 3.548 3.528 3.515 3.5 3.482 3.445 3.385 3.322 3.248 3.195 3.178 3.165 3.157 3.145 3.125 3.113 3.112
4.412 4.358 4.295 4.213 4.12 4.025 3.915 3.833 3.81 3.808 3.803 3.8 3.8 3.8 3.8 3.8 3.8 3.8 3.8 3.805 3.825 3.842 3.835 3.802 3.752 3.692 3.633 3.613 3.625 3.633 3.637 3.622 3.59 3.563 3.955 4.662 4.965 4.98 4.55 3.388 2.923 3.217 3.292 3.345 3.382 3.415 3.447 3.472 3.485 3.498 3.51 3.507 3.497 3.49 3.483 3.498 3.532 3.567 3.602 3.615 3.595 3.57 3.545 3.525 3.515 3.503 3.49 3.455 3.395 3.335 3.27 3.225 3.205 3.187 3.172 3.155 3.135 3.118 3.107
4.285 4.24 4.198 4.155 4.085 3.99 3.89 3.823 3.803 3.8 3.8 3.8 3.8 3.8 3.8 3.8 3.8 3.8 3.8 3.8 3.792 3.782 3.77 3.74 3.695 3.648 3.618 3.615 3.625 3.633 3.637 3.63 3.605 3.75 4.38 4.912 4.982 4.844 3.818 3.008 3.145 3.247 3.31 3.352 3.387 3.42 3.455 3.48 3.493 3.507 3.515 3.517 3.517 3.51 3.503 3.518 3.552 3.587 3.617 3.62 3.597 3.573 3.548 3.53 3.52 3.51 3.5 3.465 3.405 3.345 3.285 3.245 3.222 3.2 3.18 3.16 3.142 3.125 3.105
4.18 4.15 4.113 4.095 4.067 3.995 3.895 3.83 3.808 3.8 3.8 3.8 3.8 3.8 3.8 3.8 3.8 3.8 3.8 3.792 3.758 3.723 3.707 3.677 3.633 3.605 3.608 3.618 3.625 3.635 3.642 3.643 3.67 4.153 4.795 4.987 5.002 4.317 3.218 2.99 3.2 3.262 3.317 3.36 3.393 3.43 3.467 3.492 3.507 3.515 3.513 3.518 3.527 3.525 3.52 3.535 3.567 3.597 3.617 3.617 3.6 3.577 3.555 3.54 3.53 3.52 3.51 3.475 3.415 3.352 3.29 3.25 3.228 3.205 3.185 3.165 3.147 3.127 3.097
4.067 4.057 4.03 4.015 4.007 3.977 3.9 3.84 3.82 3.805 3.8 3.8 3.8 3.8 3.8 3.8 3.8 3.8 3.8 3.777 3.728 3.678 3.648 3.615 3.585 3.59 3.61 3.622 3.628 3.635 3.645 3.653 3.9 4.562 4.987 5.002 4.737 3.625 2.951 3.15 3.212 3.268 3.322 3.367 3.403 3.443 3.482 3.507 3.515 3.513 3.51 3.515 3.527 3.535 3.535 3.55 3.577 3.597 3.612 3.615 3.6 3.58 3.56 3.548 3.54 3.53 3.52 3.485 3.425 3.36 3.295 3.255 3.235 3.212 3.19 3.17 3.147 3.117 3.083
3.945 3.955 3.948 3.935 3.925 3.917 3.887 3.853 3.835 3.818 3.805 3.803 3.805 3.805 3.797 3.795 3.8 3.8 3.792 3.757 3.702 3.647 3.6 3.573 3.575 3.595 3.615 3.63 3.64 3.65 3.66 3.755 4.303 4.887 5.012 4.997 4.082 3.046 3.025 3.17 3.225 3.28 3.333 3.375 3.415 3.455 3.495 3.515 3.513 3.51 3.508 3.51 3.523 3.535 3.545 3.56 3.578 3.593 3.61 3.615 3.6 3.58 3.562 3.552 3.545 3.537 3.53 3.492 3.43 3.365 3.303 3.263 3.24 3.217 3.195 3.17 3.14 3.105 3.07
3.87 3.888 3.89 3.883 3.878 3.875 3.873 3.865 3.852 3.837 3.823 3.818 3.817 3.802 3.77 3.757 3.772 3.79 3.775 3.72 3.66 3.603 3.56 3.555 3.575 3.598 3.63 3.658 3.673 3.687 3.688 4.03 4.705 5.027 5.027 4.609 3.44 2.916 3.167 3.223 3.278 3.327 3.36 3.393 3.435 3.475 3.507 3.515 3.51 3.51 3.51 3.515 3.528 3.543 3.558 3.572 3.585 3.6 3.615 3.612 3.595 3.575 3.557 3.547 3.54 3.535 3.53 3.49 3.425 3.363 3.305 3.265 3.24 3.22 3.197 3.165 3.13 3.095 3.075
3.878 3.883 3.875 3.87 3.87 3.87 3.87 3.87 3.867 3.857 3.845 3.837 3.82 3.777 3.725 3.693 3.703 3.735 3.72 3.655 3.593 3.55 3.535 3.545 3.565 3.6 3.657 3.702 3.72 3.73 3.853 4.43 4.962 5.035 4.892 3.858 3.011 3.14 3.255 3.31 3.357 3.387 3.395 3.418 3.46 3.495 3.515 3.517 3.513 3.513 3.52 3.532 3.545 3.558 3.573 3.588 3.602 3.612 3.615 3.605 3.585 3.565 3.545 3.535 3.532 3.527 3.52 3.48 3.415 3.358 3.305 3.268 3.242 3.217 3.19 3.155 3.12 3.1 3.11
3.907 3.895 3.878 3.87 3.87 3.87 3.87 3.87 3.87 3.867 3.857 3.835 3.795 3.743 3.69 3.643 3.628 3.64 3.625 3.578 3.538 3.525 3.525 3.535 3.568 3.623 3.69 3.745 3.77 3.758 4.175 4.832 5.05 5.05 4.402 3.286 3.028 3.272 3.34 3.39 3.417 3.425 3.425 3.445 3.477 3.5 3.515 3.52 3.52 3.525 3.535 3.548 3.562 3.575 3.59 3.605 3.612 3.612 3.607 3.595 3.575 3.555 3.535 3.525 3.522 3.517 3.51 3.472 3.413 3.36 3.31 3.273 3.242 3.21 3.18 3.145 3.123 3.133 3.16
