EGM722_Project_Data/DTM_asc/TL4855.asc
ncols         200
nrows         200
xllcorner     548000.000
yllcorner     255000.000
cellsize      5
NODATA_value  -9999.0
[rows 128 to 159 of 200, columns 73 to 145 of 200]
44.02 43.932 43.833 43.73 43.63 43.53 43.422 43.3 43.17 43.06 42.977 42.895 42.805 42.73 42.673 42.617 42.56 42.51 42.475 42.45 42.43 42.365 42.253 42.14 42.038 41.99 41.995 42.01 42.03 42.047 42.063 42.08 42.095 42.1 42.105 42.115 42.125 42.12 42.09 42.045 41.99 41.975 42.007 42.03 42.033 42.055 42.107 42.152 42.182 42.218 42.263 42.308 42.355 42.37 42.348 42.325 42.31 42.335 42.392 42.44 42.473 42.535 42.635 42.73 42.815 42.93 43.088 43.265 43.45 43.592 43.67 43.712 43.74
43.815 43.727 43.627 43.525 43.425 43.32 43.2 43.07 42.94 42.827 42.737 42.652 42.565 42.49 42.43 42.37 42.312 42.272 42.252 42.235 42.215 42.155 42.042 41.917 41.805 41.763 41.782 41.807 41.83 41.85 41.865 41.88 41.897 41.907 41.917 41.932 41.945 41.94 41.91 41.87 41.825 41.818 41.855 41.892 41.92 41.955 42.007 42.06 42.105 42.145 42.187 42.232 42.277 42.29 42.265 42.24 42.223 42.245 42.303 42.358 42.408 42.48 42.583 42.685 42.78 42.908 43.08 43.265 43.45 43.597 43.68 43.73 43.77
43.59 43.5 43.395 43.29 43.19 43.08 42.955 42.825 42.695 42.567 42.46 42.372 42.285 42.207 42.145 42.082 42.03 42.005 41.995 41.98 41.955 41.897 41.792 41.665 41.545 41.503 41.53 41.557 41.577 41.592 41.607 41.627 41.66 41.692 41.71 41.725 41.74 41.745 41.727 41.69 41.65 41.66 41.71 41.75 41.79 41.842 41.9 41.952 42.007 42.055 42.095 42.138 42.192 42.222 42.205 42.18 42.16 42.18 42.238 42.293 42.355 42.44 42.543 42.645 42.758 42.908 43.085 43.27 43.457 43.607 43.692 43.743 43.787
43.347 43.252 43.138 43.028 42.925 42.815 42.69 42.56 42.427 42.288 42.155 42.048 41.955 41.878 41.815 41.763 41.725 41.705 41.692 41.67 41.632 41.575 41.492 41.38 41.26 41.215 41.24 41.26 41.268 41.278 41.298 41.335 41.393 41.442 41.472 41.492 41.507 41.525 41.532 41.51 41.473 41.495 41.562 41.61 41.653 41.713 41.782 41.84 41.892 41.94 41.983 42.035 42.107 42.155 42.155 42.14 42.118 42.135 42.193 42.255 42.328 42.415 42.515 42.628 42.768 42.93 43.103 43.283 43.47 43.615 43.697 43.755 43.805
43.102 43.005 42.887 42.772 42.662 42.55 42.422 42.287 42.15 42.01 41.868 41.733 41.623 41.543 41.49 41.455 41.425 41.405 41.382 41.342 41.292 41.23 41.16 41.075 40.97 40.925 40.942 40.95 40.95 40.965 41.005 41.068 41.137 41.187 41.222 41.252 41.272 41.29 41.312 41.317 41.298 41.325 41.402 41.465 41.515 41.578 41.652 41.72 41.777 41.825 41.88 41.955 42.035 42.08 42.087 42.087 42.073 42.09 42.153 42.225 42.303 42.388 42.498 42.638 42.795 42.96 43.13 43.303 43.482 43.617 43.695 43.762 43.82
42.862 42.755 42.632 42.515 42.4 42.282 42.15 42.01 41.872 41.732 41.59 41.447 41.313 41.22 41.177 41.152 41.125 41.095 41.052 41 40.947 40.885 40.815 40.745 40.665 40.625 40.63 40.63 40.635 40.67 40.735 40.807 40.877 40.93 40.965 41 41.03 41.052 41.077 41.1 41.112 41.155 41.235 41.31 41.375 41.442 41.517 41.59 41.66 41.725 41.8 41.885 41.962 42.005 42.012 42.02 42.023 42.053 42.123 42.2 42.28 42.375 42.508 42.665 42.825 42.99 43.16 43.33 43.495 43.615 43.69 43.76 43.825
42.645 42.498 42.343 42.22 42.105 41.975 41.83 41.69 41.555 41.415 41.267 41.122 40.975 40.875 40.837 40.812 40.787 40.755 40.705 40.65 40.6 40.542 40.475 40.405 40.335 40.3 40.3 40.305 40.328 40.383 40.455 40.528 40.607 40.667 40.702 40.737 40.772 40.807 40.837 40.862 40.89 40.947 41.032 41.117 41.2 41.275 41.345 41.42 41.512 41.615 41.707 41.79 41.867 41.91 41.917 41.928 41.963 42.028 42.105 42.185 42.27 42.383 42.53 42.69 42.85 43.015 43.185 43.355 43.5 43.597 43.672 43.745 43.823
42.435 42.255 42.05 41.9 41.785 41.642 41.475 41.328 41.192 41.05 40.897 40.745 40.595 40.498 40.463 40.438 40.415 40.39 40.35 40.3 40.25 40.195 40.132 40.065 39.995 39.96 39.963 39.983 40.025 40.085 40.16 40.245 40.337 40.402 40.438 40.473 40.51 40.55 40.587 40.617 40.645 40.703 40.79 40.885 40.982 41.062 41.133 41.228 41.35 41.475 41.585 41.675 41.752 41.795 41.805 41.84 41.92 42.012 42.095 42.18 42.28 42.403 42.55 42.71 42.87 43.035 43.205 43.365 43.49 43.575 43.65 43.733 43.828
42.215 42.035 41.805 41.605 41.463 41.317 41.14 40.973 40.828 40.682 40.525 40.368 40.215 40.12 40.088 40.065 40.045 40.02 39.987 39.947 39.9 39.845 39.785 39.722 39.655 39.623 39.638 39.675 39.728 39.793 39.878 39.975 40.07 40.135 40.173 40.21 40.248 40.287 40.33 40.367 40.4 40.458 40.55 40.655 40.757 40.843 40.938 41.065 41.202 41.327 41.445 41.555 41.64 41.685 41.725 41.805 41.905 41.998 42.088 42.188 42.3 42.425 42.57 42.732 42.895 43.058 43.22 43.357 43.465 43.555 43.64 43.735 43.84
41.997 41.817 41.585 41.358 41.163 40.992 40.815 40.635 40.47 40.315 40.155 39.995 39.84 39.743 39.71 39.692 39.675 39.65 39.617 39.582 39.545 39.495 39.435 39.375 39.315 39.295 39.328 39.375 39.43 39.507 39.605 39.707 39.805 39.87 39.907 39.945 39.982 40.022 40.067 40.11 40.148 40.215 40.32 40.43 40.535 40.645 40.777 40.92 41.057 41.183 41.298 41.418 41.528 41.61 41.695 41.795 41.895 41.993 42.095 42.208 42.323 42.448 42.595 42.758 42.92 43.08 43.225 43.345 43.45 43.548 43.645 43.748 43.852
41.767 41.585 41.34 41.097 40.865 40.66 40.475 40.295 40.118 39.953 39.795 39.638 39.483 39.37 39.32 39.297 39.28 39.255 39.222 39.193 39.172 39.145 39.095 39.038 38.983 38.973 39.015 39.065 39.118 39.203 39.312 39.42 39.52 39.585 39.622 39.66 39.7 39.747 39.797 39.84 39.88 39.96 40.075 40.185 40.298 40.43 40.58 40.73 40.895 41.057 41.19 41.313 41.438 41.565 41.68 41.78 41.88 41.993 42.112 42.23 42.345 42.475 42.635 42.8 42.96 43.118 43.253 43.368 43.475 43.57 43.663 43.765 43.87
41.467 41.272 41.022 40.772 40.538 40.325 40.128 39.94 39.76 39.595 39.445 39.292 39.135 39.013 38.938 38.888 38.863 38.838 38.81 38.798 38.798 38.79 38.76 38.712 38.655 38.648 38.695 38.745 38.795 38.878 38.99 39.1 39.2 39.265 39.307 39.347 39.385 39.442 39.51 39.56 39.6 39.685 39.81 39.927 40.043 40.175 40.33 40.5 40.705 40.932 41.115 41.245 41.373 41.515 41.652 41.765 41.865 41.985 42.12 42.247 42.365 42.503 42.677 42.852 43.015 43.17 43.305 43.42 43.522 43.61 43.693 43.788 43.89
41.095 40.897 40.667 40.43 40.205 39.995 39.79 39.59 39.405 39.24 39.092 38.942 38.788 38.668 38.583 38.508 38.458 38.43 38.42 38.423 38.43 38.425 38.405 38.375 38.328 38.325 38.375 38.425 38.475 38.555 38.665 38.775 38.872 38.937 38.982 39.022 39.06 39.12 39.2 39.27 39.32 39.405 39.535 39.665 39.788 39.923 40.095 40.293 40.51 40.762 41.005 41.172 41.305 41.452 41.605 41.74 41.85 41.973 42.115 42.255 42.383 42.525 42.705 42.89 43.065 43.222 43.355 43.47 43.57 43.655 43.735 43.82 43.913
40.695 40.495 40.29 40.08 39.87 39.665 39.46 39.255 39.058 38.885 38.735 38.585 38.44 38.33 38.25 38.173 38.105 38.073 38.073 38.073 38.07 38.06 38.04 38.02 37.995 38.005 38.055 38.105 38.158 38.24 38.348 38.455 38.55 38.613 38.655 38.698 38.743 38.805 38.885 38.963 39.03 39.128 39.263 39.4 39.533 39.688 39.885 40.095 40.315 40.568 40.84 41.072 41.24 41.387 41.54 41.687 41.825 41.963 42.108 42.253 42.393 42.548 42.73 42.92 43.107 43.272 43.402 43.517 43.62 43.705 43.785 43.865 43.948
40.237 40.03 39.835 39.645 39.467 39.302 39.115 38.91 38.705 38.53 38.388 38.24 38.098 38.01 37.95 37.875 37.808 37.773 37.768 37.76 37.748 37.73 37.71 37.69 37.675 37.695 37.745 37.795 37.853 37.94 38.048 38.155 38.252 38.315 38.358 38.403 38.45 38.515 38.595 38.673 38.748 38.865 39.015 39.155 39.293 39.465 39.675 39.888 40.115 40.373 40.645 40.915 41.132 41.287 41.432 41.583 41.76 41.95 42.112 42.258 42.403 42.57 42.76 42.95 43.14 43.307 43.437 43.552 43.665 43.765 43.85 43.93 44.01
39.735 39.53 39.335 39.16 39.018 38.89 38.737 38.55 38.348 38.18 38.047 37.905 37.763 37.688 37.655 37.595 37.525 37.488 37.48 37.47 37.455 37.435 37.415 37.395 37.378 37.395 37.448 37.503 37.565 37.653 37.763 37.877 37.98 38.045 38.09 38.135 38.18 38.245 38.325 38.405 38.483 38.608 38.777 38.93 39.07 39.245 39.458 39.68 39.918 40.175 40.448 40.727 40.97 41.14 41.285 41.46 41.678 41.907 42.11 42.275 42.42 42.59 42.787 42.98 43.17 43.332 43.457 43.572 43.692 43.812 43.92 44.01 44.09
39.235 39.03 38.853 38.713 38.588 38.46 38.327 38.175 37.992 37.828 37.695 37.56 37.425 37.35 37.332 37.302 37.245 37.205 37.192 37.177 37.16 37.14 37.12 37.1 37.08 37.098 37.155 37.218 37.283 37.368 37.48 37.6 37.707 37.777 37.822 37.865 37.91 37.975 38.055 38.135 38.215 38.343 38.522 38.697 38.85 39.028 39.248 39.48 39.723 39.98 40.258 40.545 40.797 40.98 41.155 41.375 41.61 41.84 42.065 42.27 42.437 42.61 42.81 43.007 43.2 43.357 43.475 43.59 43.708 43.832 43.962 44.077 44.17
38.805 38.585 38.408 38.285 38.162 38.035 37.903 37.767 37.617 37.467 37.335 37.205 37.08 37.013 36.998 36.98 36.947 36.917 36.9 36.88 36.863 36.845 36.825 36.805 36.785 36.808 36.87 36.935 37.003 37.09 37.205 37.325 37.435 37.51 37.555 37.595 37.64 37.705 37.785 37.865 37.945 38.075 38.258 38.442 38.62 38.818 39.048 39.285 39.528 39.79 40.075 40.362 40.627 40.85 41.07 41.307 41.542 41.772 41.995 42.22 42.427 42.62 42.822 43.025 43.225 43.382 43.495 43.608 43.723 43.848 43.98 44.11 44.23
38.555 38.173 37.983 37.858 37.735 37.615 37.49 37.358 37.223 37.09 36.96 36.833 36.733 36.688 36.673 36.655 36.633 36.617 36.605 36.585 36.57 36.565 36.555 36.535 36.515 36.54 36.605 36.67 36.74 36.83 36.945 37.065 37.167 37.235 37.28 37.32 37.37 37.44 37.52 37.6 37.683 37.815 37.998 38.185 38.385 38.607 38.842 39.08 39.325 39.595 39.882 40.167 40.445 40.7 40.94 41.18 41.432 41.685 41.915 42.137 42.362 42.575 42.78 42.987 43.212 43.397 43.515 43.628 43.743 43.868 44.003 44.138 44.275
38.32 37.735 37.555 37.432 37.308 37.192 37.085 36.962 36.83 36.698 36.57 36.47 36.408 36.375 36.357 36.34 36.315 36.305 36.307 36.295 36.28 36.285 36.295 36.285 36.265 36.29 36.355 36.42 36.49 36.58 36.695 36.805 36.892 36.952 36.998 37.048 37.11 37.185 37.265 37.345 37.428 37.56 37.748 37.948 38.16 38.39 38.628 38.868 39.12 39.393 39.677 39.962 40.24 40.495 40.738 40.998 41.28 41.56 41.815 42.045 42.27 42.485 42.69 42.923 43.187 43.397 43.532 43.652 43.768 43.898 44.04 44.18 44.32
37.74 37.295 37.128 37.005 36.88 36.765 36.665 36.557 36.435 36.305 36.203 36.145 36.1 36.065 36.045 36.022 35.995 35.985 35.995 35.995 35.985 35.99 36.01 36.02 36.013 36.04 36.105 36.17 36.24 36.33 36.437 36.53 36.61 36.67 36.72 36.785 36.855 36.93 37.01 37.09 37.17 37.308 37.513 37.728 37.943 38.17 38.415 38.665 38.92 39.19 39.472 39.752 40.027 40.288 40.545 40.83 41.125 41.41 41.685 41.942 42.18 42.395 42.623 42.898 43.182 43.392 43.537 43.672 43.795 43.93 44.077 44.222 44.365
37.05 36.85 36.705 36.58 36.455 36.34 36.24 36.14 36.033 35.933 35.87 35.832 35.79 35.753 35.73 35.705 35.675 35.665 35.675 35.682 35.685 35.695 35.715 35.735 35.747 35.785 35.852 35.92 35.988 36.07 36.165 36.25 36.33 36.398 36.46 36.528 36.595 36.675 36.768 36.86 36.953 37.103 37.31 37.52 37.73 37.958 38.21 38.468 38.723 38.988 39.263 39.537 39.815 40.092 40.375 40.67 40.965 41.25 41.53 41.807 42.072 42.322 42.595 42.892 43.177 43.387 43.535 43.68 43.817 43.957 44.105 44.255 44.402
36.568 36.423 36.293 36.168 36.05 35.945 35.845 35.745 35.645 35.573 35.53 35.492 35.46 35.432 35.407 35.38 35.35 35.345 35.36 35.37 35.382 35.4 35.42 35.437 35.455 35.5 35.57 35.643 35.723 35.813 35.903 35.988 36.07 36.15 36.222 36.288 36.358 36.458 36.573 36.678 36.785 36.94 37.14 37.34 37.543 37.77 38.025 38.285 38.54 38.793 39.05 39.32 39.6 39.89 40.187 40.485 40.782 41.07 41.347 41.625 41.902 42.192 42.505 42.822 43.127 43.345 43.485 43.625 43.775 43.925 44.07 44.22 44.4
36.155 36.018 35.888 35.77 35.673 35.58 35.48 35.38 35.28 35.21 35.17 35.138 35.118 35.1 35.077 35.05 35.023 35.025 35.047 35.06 35.075 35.095 35.115 35.132 35.15 35.195 35.268 35.355 35.463 35.567 35.657 35.745 35.83 35.912 35.992 36.063 36.135 36.255 36.397 36.512 36.623 36.78 36.98 37.177 37.375 37.603 37.858 38.112 38.365 38.61 38.85 39.105 39.38 39.67 39.97 40.27 40.572 40.862 41.135 41.41 41.685 41.98 42.307 42.65 42.995 43.232 43.365 43.51 43.675 43.832 43.98 44.158 44.398
35.748 35.61 35.49 35.393 35.31 35.217 35.115 35.015 34.918 34.853 34.82 34.798 34.783 34.765 34.745 34.72 34.695 34.7 34.727 34.747 34.763 34.783 34.805 34.825 34.845 34.898 34.99 35.098 35.215 35.32 35.41 35.502 35.59 35.67 35.755 35.835 35.908 36.03 36.195 36.337 36.46 36.62 36.817 37.013 37.208 37.435 37.69 37.94 38.19 38.432 38.665 38.903 39.163 39.45 39.75 40.053 40.357 40.647 40.92 41.193 41.468 41.765 42.098 42.453 42.817 43.082 43.24 43.403 43.577 43.74 43.918 44.155 44.427
35.345 35.213 35.113 35.03 34.948 34.855 34.758 34.66 34.568 34.51 34.485 34.465 34.448 34.43 34.41 34.388 34.368 34.375 34.403 34.428 34.448 34.47 34.498 34.523 34.548 34.618 34.735 34.852 34.967 35.07 35.16 35.255 35.347 35.43 35.513 35.597 35.678 35.8 35.972 36.14 36.29 36.458 36.653 36.847 37.04 37.263 37.515 37.765 38.015 38.255 38.488 38.72 38.963 39.24 39.54 39.843 40.145 40.44 40.73 41.018 41.308 41.61 41.94 42.293 42.647 42.937 43.138 43.313 43.488 43.675 43.91 44.185 44.46
34.965 34.84 34.75 34.673 34.603 34.533 34.448 34.353 34.263 34.208 34.183 34.16 34.138 34.115 34.095 34.075 34.065 34.08 34.108 34.135 34.163 34.188 34.213 34.24 34.273 34.353 34.475 34.595 34.71 34.812 34.905 34.997 35.09 35.182 35.27 35.353 35.438 35.565 35.737 35.912 36.09 36.282 36.482 36.675 36.868 37.088 37.335 37.585 37.835 38.082 38.322 38.558 38.793 39.06 39.36 39.66 39.96 40.29 40.625 40.93 41.235 41.538 41.85 42.188 42.533 42.842 43.077 43.263 43.438 43.65 43.915 44.197 44.475
34.605 34.483 34.398 34.335 34.29 34.24 34.167 34.08 33.99 33.933 33.908 33.882 33.855 33.83 33.813 33.8 33.8 33.82 33.85 33.88 33.91 33.932 33.95 33.973 34.005 34.085 34.205 34.325 34.44 34.545 34.64 34.725 34.808 34.91 35.02 35.11 35.193 35.32 35.493 35.675 35.87 36.082 36.3 36.5 36.693 36.913 37.16 37.41 37.66 37.912 38.16 38.4 38.635 38.9 39.2 39.5 39.8 40.16 40.555 40.892 41.198 41.495 41.795 42.118 42.457 42.775 43.04 43.247 43.425 43.643 43.908 44.19 44.47
34.243 34.128 34.06 34.02 33.987 33.937 33.872 33.802 33.72 33.66 33.633 33.607 33.58 33.555 33.545 33.548 33.553 33.57 33.6 33.628 33.655 33.678 33.693 33.71 33.738 33.815 33.935 34.055 34.172 34.277 34.365 34.437 34.51 34.615 34.742 34.855 34.948 35.075 35.255 35.45 35.65 35.865 36.097 36.317 36.518 36.738 36.987 37.24 37.49 37.74 37.99 38.237 38.478 38.743 39.04 39.34 39.64 40 40.425 40.825 41.16 41.457 41.753 42.058 42.382 42.692 42.972 43.217 43.415 43.635 43.903 44.183 44.46
33.888 33.788 33.745 33.715 33.682 33.633 33.57 33.51 33.443 33.39 33.36 33.333 33.305 33.288 33.29 33.3 33.308 33.323 33.35 33.375 33.4 33.428 33.448 33.465 33.49 33.563 33.678 33.793 33.908 34.005 34.078 34.143 34.213 34.315 34.445 34.575 34.695 34.843 35.033 35.23 35.43 35.648 35.882 36.112 36.332 36.563 36.812 37.065 37.315 37.565 37.815 38.065 38.315 38.585 38.88 39.18 39.48 39.84 40.265 40.695 41.09 41.42 41.715 42.008 42.31 42.605 42.885 43.157 43.392 43.628 43.9 44.178 44.45
33.57 33.478 33.445 33.415 33.382 33.347 33.3 33.24 33.18 33.138 33.11 33.08 33.05 33.038 33.045 33.055 33.063 33.08 33.11 33.138 33.165 33.198 33.228 33.25 33.273 33.34 33.45 33.56 33.668 33.755 33.82 33.885 33.96 34.068 34.2 34.335 34.473 34.633 34.823 35.02 35.22 35.438 35.67 35.9 36.13 36.37 36.62 36.87 37.133 37.395 37.645 37.895 38.158 38.443 38.74 39.04 39.34 39.698 40.12 40.55 40.975 41.365 41.69 41.98 42.268 42.55 42.828 43.103 43.365 43.628 43.903 44.178 44.447
33.278 33.185 33.15 33.118 33.083 33.065 33.047 33 32.943 32.903 32.877 32.85 32.82 32.805 32.808 32.813 32.818 32.843 32.882 32.915 32.945 32.98 33.017 33.047 33.07 33.135 33.245 33.352 33.452 33.535 33.6 33.673 33.76 33.875 34.013 34.147 34.285 34.443 34.625 34.818 35.015 35.23 35.46 35.693 35.925 36.163 36.413 36.673 36.955 37.23 37.48 37.743 38.025 38.32 38.62 38.92 39.22 39.573 39.99 40.417 40.842 41.27 41.657 41.975 42.26 42.54 42.815 43.088 43.363 43.64 43.915 44.185 44.452
