EGM722_Project_Data/DTM_asc/TL4857.asc
ncols         200
nrows         200
xllcorner     548000.000
yllcorner     257000.000
cellsize      5
NODATA_value  -9999.0
[rows 99 to 131 of 200, columns 0 to 73 of 200]
20.195 20.315 20.463 20.63 20.795 20.947 21.027 21.048 21.1 21.195 21.245 21.215 21.178 21.17 21.105 20.945 20.77 20.597 20.365 20.053 19.725 19.377 18.835 17.367 15.11 12.898 10.948 9.411 8.698 8.635 8.628 8.623 8.623 8.63 8.635 8.64 8.645 8.648 8.652 8.655 8.655 8.66 8.678 8.71 8.753 8.797 8.84 8.88 8.923 8.967 9.01 9.053 9.097 9.122 9.125 9.128 9.13 9.127 9.117 9.105 9.13 9.213 10.06 11.885 13.942 16.062 17.792 18.694 18.992 19.025 19.02 18.99 18.915 18.865
20.127 20.275 20.425 20.595 20.762 20.902 20.965 20.973 20.99 21.045 21.08 21.068 21.063 21.072 21.002 20.835 20.657 20.48 20.25 19.94 19.625 19.285 18.817 17.335 14.888 12.493 10.503 9.16 8.645 8.632 8.623 8.615 8.61 8.613 8.618 8.625 8.632 8.635 8.64 8.645 8.647 8.653 8.67 8.705 8.748 8.792 8.835 8.877 8.92 8.963 9.007 9.05 9.092 9.12 9.127 9.13 9.133 9.138 9.14 9.143 9.178 9.258 10.03 11.695 13.675 15.404 16.622 17.627 18.467 18.932 19.012 18.932 18.833 18.803
19.992 20.2 20.38 20.555 20.725 20.852 20.9 20.905 20.907 20.92 20.933 20.945 20.962 20.975 20.895 20.722 20.545 20.365 20.142 19.88 19.64 19.293 18.865 17.422 14.85 12.365 10.245 8.968 8.64 8.628 8.618 8.61 8.6 8.595 8.598 8.605 8.612 8.617 8.625 8.632 8.637 8.643 8.663 8.7 8.743 8.787 8.83 8.873 8.915 8.958 9.002 9.045 9.082 9.11 9.13 9.145 9.157 9.165 9.167 9.175 9.213 9.28 10.013 11.442 12.865 13.927 14.73 15.675 16.955 18.31 18.88 18.803 18.738 18.745
19.815 20.055 20.265 20.45 20.627 20.75 20.785 20.785 20.782 20.782 20.792 20.81 20.832 20.837 20.765 20.612 20.435 20.257 20.07 19.892 19.73 19.44 19.049 17.544 14.898 12.333 9.973 8.746 8.635 8.628 8.618 8.605 8.595 8.588 8.583 8.585 8.59 8.595 8.605 8.612 8.618 8.63 8.66 8.7 8.74 8.782 8.825 8.868 8.91 8.953 8.995 9.035 9.06 9.077 9.105 9.13 9.152 9.17 9.185 9.205 9.24 9.288 9.823 10.815 11.522 12.125 12.875 13.826 15.383 17.427 18.595 18.675 18.65 18.665
19.63 19.877 20.09 20.275 20.45 20.577 20.615 20.61 20.61 20.62 20.635 20.653 20.667 20.642 20.597 20.5 20.33 20.16 20.012 19.88 19.747 19.442 18.904 17.38 14.94 12.468 9.931 8.646 8.635 8.63 8.622 8.608 8.595 8.585 8.575 8.57 8.57 8.575 8.585 8.593 8.603 8.623 8.655 8.695 8.735 8.775 8.818 8.862 8.905 8.947 8.987 9.017 9.02 9.025 9.055 9.08 9.105 9.13 9.16 9.2 9.232 9.265 9.448 9.77 10.005 10.386 11.273 12.751 14.778 17.042 18.392 18.6 18.58 18.575
19.417 19.692 19.91 20.082 20.245 20.382 20.437 20.435 20.443 20.46 20.477 20.495 20.477 20.42 20.392 20.357 20.232 20.073 19.935 19.81 19.695 19.307 18.53 17.145 15.072 12.683 10.098 8.706 8.638 8.632 8.625 8.61 8.595 8.585 8.575 8.563 8.553 8.555 8.565 8.578 8.598 8.62 8.65 8.69 8.73 8.77 8.813 8.855 8.895 8.937 8.977 8.992 8.975 8.97 8.995 9.02 9.045 9.078 9.12 9.17 9.205 9.232 9.258 9.275 9.295 9.431 10.451 12.51 14.815 17.102 18.382 18.5 18.477 18.465
19.175 19.46 19.68 19.865 20.035 20.187 20.262 20.27 20.283 20.3 20.32 20.315 20.255 20.188 20.178 20.2 20.142 20.003 19.87 19.758 19.655 19.27 18.437 17.197 15.385 13.083 10.576 8.966 8.63 8.627 8.62 8.607 8.595 8.585 8.575 8.563 8.55 8.548 8.558 8.575 8.598 8.62 8.648 8.685 8.725 8.765 8.808 8.848 8.885 8.922 8.96 8.967 8.938 8.92 8.935 8.96 8.993 9.04 9.09 9.148 9.185 9.198 9.21 9.225 9.253 9.293 10.421 12.718 15.063 17.255 18.319 18.34 18.337 18.32
18.917 19.16 19.367 19.572 19.765 19.942 20.065 20.11 20.127 20.143 20.163 20.188 20.155 20.095 20.105 20.138 20.092 19.968 19.84 19.735 19.63 19.31 18.647 17.66 16.05 13.863 11.485 9.433 8.603 8.61 8.597 8.585 8.575 8.578 8.582 8.575 8.565 8.57 8.603 8.638 8.658 8.673 8.688 8.713 8.748 8.785 8.818 8.845 8.875 8.905 8.94 8.94 8.9 8.87 8.875 8.913 8.973 9.048 9.123 9.185 9.205 9.2 9.2 9.203 9.233 9.403 10.778 13.225 15.582 17.447 18.175 18.19 18.205 18.167
18.617 18.82 19.015 19.218 19.42 19.617 19.8 19.922 19.97 19.988 20.018 20.117 20.182 20.155 20.162 20.155 20.072 19.952 19.83 19.722 19.61 19.345 18.855 18.18 16.892 14.91 12.668 10.338 8.851 8.553 8.56 8.545 8.548 8.575 8.597 8.595 8.595 8.62 8.675 8.737 8.772 8.782 8.783 8.785 8.808 8.842 8.86 8.868 8.885 8.91 8.935 8.922 8.878 8.855 8.88 8.948 9.038 9.135 9.232 9.277 9.26 9.245 9.24 9.228 9.255 9.816 11.473 13.828 16.272 17.784 18.07 18.072 18.065 18
18.272 18.467 18.665 18.865 19.063 19.26 19.465 19.655 19.78 19.83 19.883 20.017 20.167 20.212 20.2 20.147 20.045 19.932 19.815 19.702 19.587 19.327 18.85 18.292 17.482 16.01 13.975 11.67 9.513 8.533 8.503 8.518 8.545 8.587 8.617 8.625 8.643 8.68 8.735 8.81 8.872 8.892 8.887 8.88 8.883 8.905 8.917 8.915 8.92 8.94 8.95 8.93 8.918 8.943 8.998 9.073 9.163 9.26 9.342 9.357 9.32 9.295 9.285 9.273 9.578 10.758 12.583 14.66 16.872 17.974 17.975 17.957 17.91 17.82
17.907 18.113 18.32 18.515 18.705 18.9 19.105 19.315 19.507 19.64 19.748 19.903 20.087 20.215 20.212 20.12 20.015 19.907 19.795 19.68 19.562 19.31 18.832 18.258 17.67 16.744 15.087 12.85 10.393 8.791 8.465 8.518 8.56 8.603 8.643 8.675 8.713 8.758 8.82 8.905 8.977 9 8.993 8.985 8.978 8.98 8.98 8.973 8.97 8.978 8.99 9.005 9.045 9.105 9.165 9.228 9.3 9.385 9.437 9.422 9.38 9.347 9.328 9.503 10.388 12.01 13.832 15.73 17.32 17.9 17.87 17.827 17.75 17.645
17.515 17.778 18.037 18.225 18.405 18.59 18.788 18.995 19.203 19.392 19.575 19.76 19.94 20.102 20.145 20.06 19.952 19.847 19.742 19.635 19.525 19.295 18.83 18.25 17.67 17.027 15.707 13.605 11.085 9.065 8.468 8.535 8.585 8.625 8.7 8.785 8.84 8.89 8.96 9.05 9.105 9.11 9.1 9.09 9.083 9.075 9.065 9.058 9.053 9.055 9.085 9.14 9.202 9.265 9.332 9.4 9.465 9.537 9.54 9.468 9.408 9.37 9.588 10.373 11.7 13.285 14.978 16.71 17.697 17.81 17.765 17.652 17.447 17.295
17.15 17.505 17.807 17.99 18.162 18.333 18.52 18.723 18.925 19.118 19.335 19.562 19.755 19.912 19.98 19.945 19.857 19.753 19.65 19.55 19.47 19.342 18.972 18.41 17.835 17.252 16.002 13.93 11.263 9.076 8.478 8.555 8.613 8.68 8.813 8.94 9.007 9.06 9.132 9.202 9.222 9.217 9.21 9.2 9.19 9.178 9.168 9.163 9.163 9.178 9.218 9.275 9.34 9.41 9.493 9.58 9.652 9.72 9.692 9.568 9.438 9.653 10.541 11.88 13.348 14.8 16.29 17.454 17.81 17.712 17.54 17.24 16.885 16.74
16.868 17.277 17.572 17.747 17.915 18.078 18.26 18.457 18.652 18.84 19.06 19.32 19.552 19.717 19.785 19.782 19.742 19.655 19.553 19.475 19.438 19.392 19.205 18.747 18.135 17.497 16.257 14.077 11.19 9.011 8.488 8.57 8.635 8.768 8.96 9.087 9.165 9.227 9.295 9.335 9.33 9.323 9.317 9.307 9.295 9.283 9.273 9.275 9.29 9.313 9.35 9.405 9.475 9.558 9.648 9.745 9.835 9.912 9.885 9.743 9.911 10.823 12.218 13.673 15.125 16.487 17.442 17.769 17.575 17.222 16.877 16.48 16.293 16.415
16.638 17.052 17.332 17.497 17.66 17.82 17.995 18.185 18.372 18.558 18.778 19.045 19.312 19.51 19.585 19.59 19.585 19.545 19.485 19.45 19.435 19.39 19.302 19.057 18.522 17.767 16.499 14.197 11.358 9.366 8.763 8.768 8.765 8.903 9.117 9.23 9.313 9.39 9.44 9.45 9.44 9.43 9.423 9.413 9.4 9.39 9.388 9.403 9.428 9.45 9.483 9.54 9.62 9.71 9.803 9.9 10 10.095 10.1 10.331 11.263 12.685 14.177 15.63 16.847 17.604 17.694 17.32 16.745 16.225 15.943 15.778 15.96 16.378
16.467 16.837 17.06 17.21 17.37 17.532 17.707 17.892 18.077 18.265 18.488 18.758 19.04 19.272 19.395 19.435 19.45 19.45 19.442 19.437 19.432 19.387 19.297 19.187 18.84 17.92 16.455 14.218 11.895 10.263 9.443 9.288 9.205 9.23 9.318 9.395 9.488 9.577 9.617 9.608 9.595 9.573 9.553 9.545 9.538 9.533 9.54 9.56 9.583 9.605 9.633 9.685 9.767 9.862 9.957 10.055 10.155 10.255 10.56 11.57 13.097 14.615 16.122 17.264 17.662 17.477 16.937 16.23 15.545 15.268 15.308 15.435 15.845 16.483
16.305 16.587 16.77 16.903 17.05 17.22 17.403 17.588 17.775 17.963 18.19 18.47 18.755 19.002 19.165 19.257 19.325 19.367 19.382 19.39 19.395 19.357 19.272 19.167 18.96 18.05 16.43 14.365 12.483 11.1 10.195 9.928 9.82 9.733 9.645 9.628 9.7 9.792 9.83 9.817 9.79 9.74 9.71 9.707 9.703 9.708 9.725 9.745 9.763 9.78 9.808 9.848 9.905 9.99 10.087 10.19 10.3 10.405 11.1 12.62 14.347 15.954 17.191 17.531 17.077 16.387 15.635 15.043 14.753 14.833 15.065 15.423 16.138 16.917
16.07 16.295 16.5 16.628 16.743 16.91 17.098 17.285 17.472 17.658 17.89 18.175 18.462 18.717 18.885 19.008 19.153 19.265 19.305 19.315 19.32 19.3 19.225 19.095 18.937 18.207 16.632 14.693 12.998 11.67 10.76 10.45 10.355 10.237 10.093 9.973 9.953 10.013 10.042 10.015 9.962 9.9 9.865 9.867 9.875 9.887 9.91 9.93 9.947 9.965 9.993 10.028 10.065 10.12 10.198 10.3 10.435 10.618 11.48 13.022 14.642 16.014 16.577 16.282 15.615 14.943 14.488 14.378 14.515 14.815 15.24 15.938 16.91 17.56
15.868 16.093 16.282 16.385 16.49 16.645 16.805 16.98 17.167 17.355 17.593 17.88 18.173 18.44 18.642 18.82 19.015 19.167 19.222 19.23 19.235 19.225 19.15 18.995 18.832 18.375 17.022 15.083 13.433 12.148 11.165 10.81 10.782 10.665 10.527 10.392 10.295 10.262 10.237 10.182 10.117 10.055 10.007 10.005 10.03 10.052 10.077 10.102 10.128 10.15 10.18 10.22 10.263 10.308 10.36 10.458 10.62 10.86 11.635 12.985 14.282 15.017 14.987 14.49 14.025 13.843 14.01 14.34 14.673 15.193 15.933 16.78 17.54 17.972
15.71 15.92 16.125 16.265 16.375 16.485 16.55 16.665 16.84 17.052 17.31 17.612 17.917 18.11 18.31 18.565 18.772 18.952 19.037 19.062 19.092 19.095 19.012 18.847 18.69 18.517 17.484 15.49 13.81 12.625 11.538 11.1 11.127 11.005 10.86 10.732 10.615 10.467 10.342 10.272 10.213 10.17 10.113 10.083 10.112 10.145 10.175 10.225 10.313 10.358 10.393 10.458 10.505 10.555 10.608 10.695 10.855 11.065 11.593 12.517 13.322 13.585 13.318 13.028 13.068 13.375 13.893 14.565 15.31 16.102 16.79 17.285 17.672 18.005
15.24 15.402 15.697 16.109 16.289 16.282 16.24 16.24 16.325 16.495 16.7 16.899 17.029 17.01 17.147 17.522 17.897 18.267 18.555 18.69 18.795 18.892 18.835 18.667 18.5 18.377 17.709 15.922 14.19 13.05 11.89 11.388 11.447 11.332 11.155 10.998 10.818 10.578 10.395 10.323 10.295 10.285 10.195 10.118 10.153 10.228 10.335 10.463 10.577 10.585 10.61 10.715 10.782 10.83 10.888 10.965 11.095 11.265 11.49 11.83 12.135 12.24 12.223 12.403 12.845 13.435 14.228 15.238 16.29 17 17.295 17.422 17.59 17.852
14.338 14.268 14.425 14.875 15.125 15.122 15.062 15.015 15.008 15.055 15.133 15.2 15.2 15.145 15.273 15.7 16.232 16.78 17.38 17.842 18.24 18.49 18.527 18.48 18.29 18.09 17.692 16.282 14.575 13.372 12.195 11.68 11.735 11.665 11.5 11.42 11.443 11.318 11.123 10.938 10.7 10.48 10.303 10.275 10.37 10.505 10.688 10.835 10.867 10.8 10.81 10.93 11.037 11.105 11.168 11.25 11.35 11.46 11.518 11.59 11.675 11.788 12.12 12.675 13.36 14.205 15.24 16.195 16.952 17.342 17.407 17.475 17.565 17.713
13.655 13.505 13.446 13.611 13.768 13.825 13.806 13.793 13.781 13.776 13.786 13.811 13.838 13.858 13.928 14.121 14.376 14.826 15.598 16.39 17.125 17.647 17.982 18.195 18.085 17.805 17.352 16.297 14.902 13.63 12.468 11.965 11.985 11.967 11.945 12.065 12.34 12.485 12.442 12.2 11.743 11.295 10.99 10.84 10.835 10.948 11.092 11.147 11.093 11.008 11.008 11.115 11.25 11.365 11.453 11.537 11.62 11.698 11.77 11.835 11.9 12.155 12.745 13.558 14.437 15.245 16.002 16.62 17.067 17.332 17.415 17.485 17.555 17.643
13.413 13.425 13.403 13.478 13.55 13.568 13.558 13.56 13.56 13.56 13.563 13.565 13.565 13.565 13.56 13.548 13.533 13.693 14.083 14.66 15.438 16.24 16.99 17.51 17.65 17.45 16.762 15.675 14.54 13.435 12.57 12.25 12.218 12.275 12.407 12.6 12.872 13.045 13.077 12.99 12.775 12.515 12.335 12.082 11.763 11.558 11.483 11.455 11.375 11.3 11.28 11.37 11.528 11.678 11.76 11.818 11.9 11.98 12.05 12.208 12.493 12.973 13.768 14.717 15.485 15.947 16.24 16.578 17.015 17.307 17.415 17.48 17.52 17.573
13.395 13.425 13.483 13.582 13.635 13.622 13.615 13.62 13.62 13.62 13.625 13.632 13.635 13.635 13.627 13.61 13.59 13.57 13.545 13.666 14.013 14.618 15.522 16.277 16.69 16.619 15.795 14.56 13.57 12.93 12.57 12.477 12.41 12.52 12.755 12.967 13.132 13.132 13.098 13.11 13.12 13.097 13.122 13.014 12.615 12.155 11.913 11.888 11.853 11.788 11.743 11.77 11.9 12.06 12.105 12.108 12.175 12.323 12.638 13.105 13.648 14.238 15.015 15.787 16.202 16.405 16.52 16.645 16.963 17.28 17.415 17.462 17.457 17.458
13.57 13.53 13.6 13.682 13.697 13.673 13.673 13.677 13.68 13.68 13.685 13.695 13.702 13.705 13.695 13.672 13.65 13.63 13.605 13.575 13.543 13.691 14.16 14.78 15.382 15.412 14.6 13.593 12.99 12.753 12.658 12.632 12.58 12.68 12.97 13.195 13.202 13.128 13.125 13.14 13.15 13.162 13.172 13.132 12.93 12.588 12.378 12.362 12.375 12.362 12.33 12.298 12.328 12.44 12.475 12.428 12.45 12.763 13.435 14.172 14.85 15.497 16.085 16.452 16.635 16.815 16.965 16.993 17.043 17.253 17.395 17.397 17.36 17.33
13.83 13.668 13.688 13.745 13.75 13.73 13.73 13.735 13.74 13.74 13.742 13.745 13.747 13.747 13.737 13.72 13.702 13.687 13.662 13.627 13.587 13.548 13.55 13.745 14.16 14.202 13.63 13.123 12.928 12.818 12.768 12.76 12.735 12.82 13.017 13.145 13.158 13.14 13.152 13.165 13.175 13.177 13.16 13.135 13.08 12.947 12.837 12.8 12.792 12.8 12.797 12.795 12.8 12.847 12.855 12.785 12.8 13.27 14.15 15.027 15.845 16.44 16.71 16.875 17.053 17.23 17.41 17.495 17.402 17.335 17.342 17.313 17.268 17.215
14.157 13.9 13.783 13.785 13.797 13.788 13.79 13.792 13.795 13.78 13.76 13.76 13.765 13.76 13.75 13.74 13.73 13.717 13.687 13.642 13.597 13.552 13.49 13.43 13.455 13.38 13.158 13.035 12.98 12.908 12.87 12.87 12.87 12.925 13.023 13.103 13.148 13.162 13.175 13.185 13.195 13.195 13.175 13.145 13.128 13.125 13.11 13.075 13.055 13.057 13.075 13.11 13.14 13.15 13.152 13.137 13.173 13.733 14.797 15.877 16.742 17.112 17.178 17.305 17.483 17.66 17.8 17.807 17.63 17.397 17.28 17.248 17.21 17.15
14.437 14.232 14.01 13.885 13.843 13.837 13.84 13.837 13.815 13.755 13.72 13.74 13.762 13.767 13.76 13.75 13.737 13.72 13.685 13.633 13.585 13.54 13.475 13.385 13.298 13.205 13.128 13.08 13.035 13.005 12.998 13.005 13.01 13.035 13.112 13.177 13.18 13.178 13.192 13.205 13.215 13.212 13.19 13.173 13.183 13.205 13.2 13.183 13.208 13.257 13.295 13.322 13.317 13.293 13.31 13.365 13.453 14.093 15.285 16.502 17.402 17.677 17.658 17.743 17.917 18.022 17.997 17.83 17.565 17.333 17.223 17.195 17.167 17.118
14.294 14.445 14.232 14.025 13.903 13.878 13.872 13.842 13.77 13.69 13.675 13.71 13.74 13.762 13.767 13.76 13.742 13.717 13.68 13.627 13.577 13.53 13.465 13.388 13.335 13.275 13.205 13.163 13.138 13.14 13.155 13.16 13.155 13.165 13.207 13.225 13.205 13.195 13.205 13.222 13.235 13.23 13.22 13.235 13.272 13.297 13.285 13.307 13.385 13.46 13.505 13.495 13.44 13.41 13.425 13.473 13.675 14.478 15.732 16.93 17.717 17.967 18.052 18.145 18.212 18.165 17.987 17.748 17.488 17.268 17.165 17.14 17.117 17.08
13.572 14.234 14.282 14.108 13.988 13.915 13.862 13.782 13.68 13.628 13.643 13.677 13.71 13.74 13.765 13.767 13.745 13.712 13.667 13.615 13.565 13.515 13.462 13.415 13.385 13.342 13.298 13.282 13.287 13.302 13.307 13.297 13.28 13.27 13.267 13.252 13.23 13.213 13.215 13.235 13.253 13.26 13.275 13.305 13.337 13.35 13.338 13.383 13.492 13.605 13.657 13.612 13.548 13.535 13.555 13.578 13.903 14.908 16.202 17.13 17.597 17.893 18.197 18.33 18.26 18.145 17.955 17.697 17.425 17.205 17.11 17.085 17.065 17.04
12.653 13.577 14.107 14.147 14.055 13.96 13.828 13.688 13.6 13.58 13.61 13.637 13.657 13.688 13.745 13.775 13.747 13.687 13.62 13.565 13.515 13.475 13.455 13.437 13.415 13.385 13.365 13.365 13.37 13.38 13.385 13.375 13.352 13.327 13.305 13.283 13.258 13.238 13.243 13.265 13.28 13.29 13.31 13.335 13.355 13.36 13.363 13.405 13.508 13.645 13.715 13.692 13.66 13.65 13.65 13.675 14.245 15.48 16.582 17.15 17.498 17.893 18.227 18.305 18.198 18.092 17.92 17.655 17.373 17.16 17.073 17.05 17.03 17.018
12.015 12.693 13.55 14.015 14.065 14.002 13.86 13.648 13.535 13.535 13.547 13.557 13.58 13.64 13.727 13.772 13.727 13.63 13.54 13.48 13.43 13.423 13.442 13.435 13.415 13.387 13.37 13.367 13.365 13.37 13.385 13.395 13.385 13.362 13.338 13.315 13.295 13.28 13.29 13.31 13.315 13.313 13.323 13.345 13.365 13.37 13.388 13.44 13.518 13.635 13.712 13.72 13.712 13.695 13.675 13.938 14.908 16.152 16.887 17.278 17.685 18.087 18.292 18.245 18.135 18.027 17.852 17.588 17.333 17.14 17.05 17.028 17.013 17.018
