EGM722_Project_Data/DTM_asc/TL4853.asc
ncols         200
nrows         200
xllcorner     548000.000
yllcorner     253000.000
cellsize      5
NODATA_value  -9999.0
[rows 160 to 191 of 200, columns 0 to 72 of 200]
52.11 52.442 52.68 52.8 52.862 52.922 52.952 52.952 52.95 52.942 52.91 52.857 52.805 52.773 52.788 52.797 52.76 52.723 52.705 52.695 52.685 52.67 52.655 52.68 52.84 53.105 53.35 53.425 53.252 52.882 52.39 51.87 51.528 51.42 51.36 51.29 51.23 51.185 51.127 51.03 50.912 50.795 50.67 50.55 50.448 50.355 50.28 50.22 50.162 50.107 50.03 49.922 49.805 49.688 49.573 49.46 49.365 49.293 49.25 49.235 49.233 49.238 49.248 49.263 49.283 49.302 49.307 49.3 49.285 49.265 49.258 49.275 49.315
52.417 52.652 52.777 52.84 52.905 52.97 53.015 53.03 53.03 53.012 52.967 52.915 52.862 52.808 52.778 52.785 52.77 52.72 52.68 52.658 52.645 52.63 52.623 52.725 52.957 53.222 53.475 53.47 53.095 52.585 52.065 51.568 51.295 51.223 51.168 51.133 51.108 51.1 51.062 50.967 50.855 50.74 50.625 50.525 50.43 50.332 50.252 50.187 50.122 50.057 49.972 49.862 49.747 49.637 49.528 49.413 49.303 49.215 49.175 49.173 49.178 49.183 49.195 49.21 49.223 49.235 49.235 49.22 49.203 49.185 49.188 49.225 49.275
52.625 52.755 52.82 52.882 52.947 53.01 53.067 53.102 53.107 53.077 53.025 52.972 52.918 52.865 52.813 52.783 52.77 52.735 52.683 52.638 52.61 52.59 52.63 52.81 53.04 53.235 53.415 53.34 52.952 52.418 51.803 51.31 51.113 51.083 51.065 51.065 51.065 51.062 51.01 50.905 50.795 50.683 50.58 50.487 50.392 50.287 50.187 50.11 50.04 49.97 49.88 49.77 49.67 49.582 49.482 49.368 49.255 49.165 49.13 49.13 49.13 49.133 49.145 49.16 49.173 49.18 49.17 49.153 49.138 49.123 49.138 49.185 49.235
52.675 52.765 52.837 52.912 52.985 53.05 53.112 53.167 53.177 53.138 53.085 53.03 52.975 52.925 52.87 52.815 52.778 52.745 52.697 52.645 52.598 52.558 52.615 52.785 52.942 53.065 53.18 53.125 52.86 52.457 51.855 51.295 51.068 51.038 51.03 51.03 51.032 51.022 50.955 50.845 50.735 50.628 50.528 50.432 50.33 50.21 50.09 50 49.93 49.86 49.77 49.668 49.593 49.532 49.44 49.325 49.228 49.158 49.128 49.123 49.118 49.11 49.11 49.118 49.13 49.14 49.125 49.103 49.085 49.07 49.09 49.143 49.195
52.537 52.667 52.762 52.847 52.93 53.007 53.082 53.157 53.212 53.205 53.155 53.1 53.045 52.995 52.94 52.875 52.792 52.738 52.705 52.655 52.59 52.51 52.49 52.57 52.69 52.81 52.915 52.845 52.615 52.372 52.01 51.525 51.198 51.09 51.043 51.01 50.998 50.975 50.895 50.787 50.68 50.575 50.475 50.37 50.25 50.12 49.99 49.89 49.823 49.752 49.665 49.585 49.535 49.485 49.398 49.3 49.233 49.18 49.148 49.137 49.127 49.11 49.097 49.093 49.095 49.102 49.09 49.06 49.035 49.023 49.045 49.1 49.157
52.307 52.477 52.607 52.705 52.79 52.875 52.96 53.045 53.167 53.257 53.242 53.187 53.117 53.025 52.922 52.82 52.745 52.725 52.705 52.637 52.542 52.435 52.34 52.338 52.435 52.555 52.645 52.56 52.33 52.1 51.87 51.607 51.36 51.21 51.122 51.047 50.99 50.93 50.837 50.732 50.627 50.522 50.415 50.295 50.162 50.03 49.895 49.788 49.717 49.648 49.578 49.525 49.485 49.44 49.373 49.305 49.255 49.205 49.162 49.135 49.112 49.09 49.077 49.072 49.067 49.067 49.052 49.017 48.987 48.975 49.002 49.06 49.12
52.063 52.247 52.417 52.552 52.65 52.735 52.82 52.905 53.045 53.23 53.267 53.165 53.047 52.905 52.77 52.69 52.682 52.687 52.655 52.575 52.465 52.352 52.238 52.158 52.19 52.305 52.375 52.27 52.04 51.82 51.663 51.54 51.385 51.235 51.13 51.045 50.96 50.875 50.777 50.672 50.567 50.462 50.347 50.215 50.075 49.94 49.808 49.693 49.613 49.555 49.508 49.465 49.428 49.395 49.352 49.3 49.247 49.197 49.145 49.092 49.055 49.03 49.02 49.017 49.012 49.007 48.987 48.952 48.928 48.923 48.938 48.98 49.04
51.817 52.003 52.187 52.36 52.495 52.592 52.678 52.763 52.89 53.092 53.135 52.985 52.835 52.705 52.633 52.61 52.585 52.527 52.46 52.397 52.332 52.255 52.155 52.04 51.985 52.05 52.102 51.98 51.768 51.63 51.58 51.485 51.323 51.173 51.053 50.963 50.88 50.802 50.71 50.605 50.5 50.395 50.28 50.143 50 49.863 49.725 49.598 49.518 49.48 49.443 49.403 49.373 49.347 49.312 49.265 49.213 49.167 49.112 49.033 48.975 48.95 48.94 48.935 48.928 48.92 48.9 48.873 48.873 48.888 48.878 48.875 48.915
51.575 51.76 51.945 52.13 52.302 52.437 52.535 52.62 52.735 52.9 52.915 52.765 52.64 52.557 52.505 52.447 52.362 52.265 52.173 52.115 52.09 52.06 52.007 51.937 51.853 51.83 51.832 51.72 51.595 51.573 51.54 51.42 51.27 51.12 50.983 50.88 50.803 50.73 50.642 50.537 50.43 50.325 50.21 50.075 49.935 49.795 49.653 49.525 49.453 49.415 49.38 49.353 49.327 49.302 49.27 49.228 49.183 49.145 49.087 48.99 48.905 48.868 48.858 48.852 48.845 48.835 48.818 48.813 48.845 48.87 48.85 48.815 48.81
51.332 51.518 51.702 51.887 52.072 52.245 52.38 52.477 52.583 52.705 52.692 52.553 52.448 52.37 52.282 52.185 52.088 51.992 51.895 51.823 51.79 51.77 51.75 51.727 51.682 51.64 51.61 51.565 51.55 51.565 51.502 51.365 51.22 51.07 50.925 50.805 50.725 50.663 50.578 50.47 50.36 50.255 50.14 50.005 49.865 49.725 49.585 49.475 49.413 49.37 49.338 49.313 49.285 49.26 49.232 49.195 49.155 49.12 49.057 48.957 48.858 48.793 48.773 48.768 48.76 48.75 48.753 48.783 48.83 48.852 48.83 48.79 48.755
51.088 51.272 51.458 51.643 51.827 52.012 52.185 52.322 52.427 52.507 52.482 52.388 52.288 52.163 52.04 51.923 51.815 51.718 51.623 51.538 51.49 51.47 51.45 51.435 51.443 51.47 51.47 51.465 51.485 51.49 51.412 51.272 51.135 50.995 50.857 50.738 50.678 50.653 50.545 50.4 50.293 50.187 50.072 49.937 49.795 49.655 49.52 49.428 49.38 49.345 49.315 49.285 49.255 49.228 49.195 49.142 49.09 49.055 48.99 48.89 48.795 48.73 48.708 48.7 48.69 48.685 48.71 48.76 48.81 48.825 48.792 48.747 48.703
50.843 51.028 51.213 51.398 51.583 51.768 51.953 52.127 52.265 52.327 52.305 52.26 52.187 52.053 51.9 51.755 51.623 51.495 51.37 51.26 51.195 51.193 51.218 51.25 51.308 51.383 51.4 51.36 51.35 51.347 51.267 51.132 50.997 50.865 50.748 50.693 50.71 50.725 50.595 50.38 50.233 50.12 50.005 49.872 49.73 49.59 49.465 49.388 49.35 49.32 49.29 49.263 49.235 49.205 49.155 49.075 49.003 48.957 48.89 48.795 48.72 48.678 48.66 48.65 48.643 48.648 48.68 48.727 48.762 48.762 48.725 48.675 48.638
50.683 50.863 51.043 51.223 51.403 51.583 51.763 51.943 52.1 52.17 52.16 52.13 52.087 51.985 51.835 51.683 51.53 51.378 51.223 51.1 51.05 51.07 51.125 51.195 51.273 51.347 51.362 51.295 51.238 51.205 51.12 50.985 50.848 50.715 50.65 50.698 50.78 50.82 50.7 50.45 50.23 50.065 49.935 49.805 49.665 49.525 49.415 49.358 49.325 49.295 49.265 49.237 49.21 49.177 49.112 49.02 48.933 48.865 48.795 48.72 48.67 48.633 48.61 48.603 48.6 48.61 48.64 48.67 48.68 48.672 48.64 48.603 48.59
50.628 50.803 50.978 51.153 51.328 51.502 51.662 51.802 51.925 51.997 52.015 52 51.972 51.902 51.77 51.618 51.462 51.31 51.178 51.108 51.105 51.13 51.165 51.213 51.265 51.32 51.322 51.25 51.162 51.08 50.975 50.843 50.71 50.598 50.598 50.697 50.797 50.86 50.74 50.492 50.267 50.06 49.885 49.735 49.597 49.463 49.37 49.332 49.305 49.275 49.245 49.215 49.185 49.142 49.065 48.968 48.873 48.788 48.72 48.67 48.633 48.595 48.57 48.565 48.563 48.565 48.577 48.585 48.583 48.578 48.563 48.55 48.55
50.59 50.765 50.94 51.115 51.272 51.412 51.532 51.632 51.727 51.797 51.835 51.85 51.842 51.805 51.7 51.55 51.398 51.265 51.198 51.198 51.22 51.243 51.27 51.3 51.33 51.342 51.27 51.15 51.05 50.947 50.832 50.705 50.575 50.505 50.555 50.655 50.732 50.73 50.49 50.172 49.957 49.795 49.69 49.605 49.502 49.38 49.292 49.267 49.267 49.25 49.222 49.195 49.16 49.102 49.017 48.92 48.828 48.753 48.693 48.645 48.608 48.573 48.55 48.543 48.532 48.518 48.508 48.505 48.503 48.5 48.5 48.5 48.5
50.552 50.727 50.882 51.017 51.135 51.235 51.332 51.427 51.522 51.595 51.632 51.66 51.68 51.68 51.617 51.485 51.358 51.293 51.29 51.313 51.335 51.355 51.38 51.41 51.44 51.392 51.215 51.023 50.893 50.79 50.682 50.565 50.448 50.425 50.492 50.55 50.582 50.467 50.08 49.65 49.423 49.355 49.36 49.37 49.337 49.252 49.165 49.12 49.097 49.06 49.04 49.07 49.092 49.055 48.972 48.88 48.808 48.76 48.705 48.643 48.595 48.558 48.538 48.527 48.502 48.465 48.443 48.44 48.44 48.44 48.44 48.44 48.432
50.492 50.627 50.742 50.837 50.933 51.03 51.127 51.222 51.317 51.39 51.427 51.455 51.485 51.51 51.505 51.442 51.385 51.385 51.405 51.427 51.45 51.47 51.492 51.52 51.525 51.402 51.17 50.938 50.755 50.633 50.527 50.42 50.323 50.31 50.35 50.37 50.387 50.195 49.753 49.388 49.248 49.223 49.213 49.205 49.188 49.123 49.038 48.97 48.9 48.83 48.788 48.833 48.937 48.982 48.93 48.858 48.815 48.78 48.725 48.655 48.593 48.545 48.52 48.497 48.455 48.405 48.38 48.38 48.38 48.38 48.38 48.37 48.342
50.347 50.442 50.538 50.633 50.73 50.827 50.923 51.017 51.112 51.185 51.225 51.255 51.285 51.31 51.33 51.322 51.317 51.342 51.367 51.395 51.422 51.447 51.475 51.567 51.572 51.377 51.132 50.885 50.655 50.488 50.373 50.275 50.198 50.155 50.153 50.17 50.165 49.902 49.53 49.373 49.323 49.288 49.253 49.208 49.143 49.05 48.953 48.875 48.808 48.74 48.67 48.68 48.793 48.887 48.89 48.852 48.825 48.792 48.74 48.67 48.6 48.54 48.495 48.45 48.4 48.35 48.323 48.32 48.32 48.317 48.307 48.28 48.24
50.155 50.248 50.34 50.435 50.533 50.625 50.718 50.813 50.907 50.982 51.02 51.042 51.065 51.082 51.095 51.077 51.062 51.085 51.115 51.145 51.175 51.205 51.28 51.437 51.427 51.212 50.995 50.777 50.56 50.365 50.23 50.147 50.085 50.025 49.983 49.977 49.905 49.683 49.5 49.438 49.397 49.362 49.31 49.232 49.135 49.028 48.913 48.808 48.733 48.665 48.6 48.62 48.722 48.797 48.82 48.81 48.785 48.76 48.715 48.645 48.577 48.522 48.47 48.415 48.365 48.315 48.285 48.278 48.275 48.257 48.217 48.175 48.135
49.985 50.065 50.158 50.252 50.345 50.435 50.528 50.623 50.715 50.772 50.792 50.807 50.822 50.837 50.842 50.81 50.765 50.765 50.795 50.825 50.855 50.898 51.032 51.155 51.062 50.855 50.657 50.47 50.285 50.125 50.04 49.995 49.945 49.893 49.84 49.82 49.763 49.658 49.57 49.508 49.465 49.405 49.32 49.217 49.112 49.01 48.892 48.765 48.665 48.59 48.535 48.565 48.652 48.697 48.712 48.72 48.71 48.697 48.66 48.593 48.538 48.498 48.45 48.395 48.342 48.293 48.265 48.255 48.235 48.19 48.13 48.075 48.03
49.85 49.898 49.98 50.075 50.165 50.255 50.35 50.445 50.535 50.567 50.555 50.563 50.577 50.592 50.59 50.55 50.49 50.46 50.475 50.505 50.535 50.623 50.777 50.812 50.657 50.445 50.235 50.033 49.843 49.778 49.82 49.822 49.795 49.765 49.738 49.733 49.752 49.715 49.632 49.57 49.495 49.4 49.298 49.193 49.09 48.987 48.872 48.743 48.62 48.525 48.473 48.503 48.557 48.583 48.608 48.638 48.65 48.645 48.612 48.555 48.515 48.48 48.432 48.378 48.32 48.27 48.245 48.22 48.17 48.11 48.05 47.988 47.93
49.75 49.765 49.813 49.895 49.985 50.075 50.17 50.265 50.352 50.375 50.335 50.32 50.333 50.347 50.337 50.29 50.23 50.178 50.163 50.185 50.243 50.362 50.487 50.447 50.252 50.04 49.827 49.613 49.44 49.488 49.637 49.67 49.655 49.64 49.638 49.66 49.707 49.722 49.672 49.585 49.482 49.38 49.275 49.17 49.07 48.965 48.852 48.728 48.595 48.475 48.408 48.423 48.463 48.495 48.538 48.582 48.6 48.592 48.567 48.527 48.495 48.46 48.415 48.36 48.3 48.247 48.207 48.155 48.09 48.03 47.97 47.908 47.843
49.66 49.665 49.678 49.725 49.805 49.897 49.993 50.085 50.167 50.185 50.135 50.093 50.088 50.102 50.085 50.03 49.97 49.91 49.865 49.875 49.96 50.07 50.145 50.062 49.848 49.635 49.423 49.268 49.21 49.3 49.455 49.512 49.507 49.498 49.515 49.563 49.615 49.66 49.647 49.562 49.46 49.357 49.252 49.15 49.048 48.943 48.835 48.712 48.58 48.448 48.365 48.363 48.398 48.443 48.49 48.537 48.555 48.542 48.517 48.485 48.455 48.422 48.377 48.322 48.265 48.205 48.142 48.077 48.013 47.95 47.89 47.83 47.765
49.565 49.572 49.575 49.59 49.638 49.72 49.815 49.902 49.982 49.997 49.943 49.883 49.853 49.857 49.832 49.77 49.71 49.65 49.603 49.593 49.65 49.75 49.782 49.657 49.443 49.255 49.13 49.105 49.145 49.203 49.283 49.345 49.36 49.37 49.41 49.46 49.507 49.552 49.577 49.532 49.435 49.332 49.23 49.127 49.022 48.92 48.815 48.697 48.568 48.46 48.41 48.383 48.37 48.398 48.443 48.49 48.512 48.495 48.463 48.428 48.395 48.365 48.322 48.267 48.207 48.137 48.065 48 47.935 47.87 47.81 47.75 47.685
49.465 49.48 49.485 49.49 49.505 49.553 49.635 49.72 49.797 49.81 49.75 49.685 49.633 49.61 49.578 49.518 49.483 49.465 49.46 49.405 49.363 49.43 49.42 49.253 49.09 49.02 49.023 49.06 49.095 49.135 49.18 49.215 49.23 49.255 49.302 49.347 49.39 49.435 49.48 49.477 49.405 49.305 49.205 49.102 49 48.9 48.795 48.68 48.573 48.525 48.52 48.475 48.41 48.38 48.398 48.442 48.465 48.445 48.41 48.375 48.34 48.307 48.267 48.21 48.14 48.065 47.99 47.923 47.857 47.792 47.73 47.668 47.603
49.362 49.39 49.395 49.4 49.405 49.418 49.465 49.538 49.612 49.622 49.56 49.493 49.428 49.39 49.378 49.363 49.37 49.395 49.407 49.307 49.145 49.113 49.065 48.945 48.908 48.933 48.965 48.992 49.025 49.08 49.137 49.158 49.153 49.158 49.188 49.23 49.273 49.318 49.362 49.395 49.365 49.275 49.175 49.075 48.975 48.875 48.772 48.673 48.615 48.61 48.615 48.58 48.51 48.438 48.395 48.405 48.415 48.392 48.357 48.322 48.287 48.252 48.205 48.14 48.07 47.995 47.92 47.85 47.782 47.717 47.653 47.588 47.525
49.257 49.297 49.305 49.308 49.323 49.348 49.393 49.41 49.43 49.435 49.423 49.418 49.353 49.293 49.29 49.315 49.34 49.365 49.35 49.22 49.01 48.873 48.813 48.803 48.832 48.857 48.883 48.913 48.963 49.03 49.097 49.127 49.118 49.103 49.1 49.12 49.158 49.2 49.245 49.29 49.302 49.245 49.145 49.045 48.945 48.845 48.737 48.63 48.585 48.592 48.6 48.595 48.56 48.502 48.437 48.398 48.373 48.338 48.3 48.265 48.23 48.182 48.102 48.007 47.935 47.87 47.797 47.722 47.66 47.623 47.59 47.54 47.48
49.168 49.213 49.245 49.273 49.31 49.36 49.427 49.465 49.5 49.5 49.47 49.447 49.36 49.275 49.26 49.285 49.31 49.335 49.29 49.13 48.935 48.773 48.703 48.72 48.745 48.77 48.8 48.845 48.91 48.98 49.052 49.095 49.092 49.075 49.055 49.045 49.053 49.083 49.128 49.17 49.21 49.197 49.115 49.015 48.912 48.8 48.675 48.545 48.475 48.475 48.487 48.505 48.52 48.502 48.447 48.387 48.333 48.283 48.24 48.202 48.16 48.08 47.962 47.843 47.745 47.675 47.605 47.543 47.518 47.52 47.525 47.507 47.46
49.133 49.205 49.263 49.315 49.365 49.415 49.487 49.58 49.642 49.62 49.535 49.437 49.33 49.245 49.228 49.252 49.278 49.302 49.232 49.06 48.895 48.745 48.648 48.635 48.658 48.685 48.728 48.79 48.863 48.935 49.007 49.06 49.065 49.048 49.03 49.01 48.993 48.993 49.018 49.055 49.097 49.122 49.077 48.977 48.862 48.73 48.595 48.465 48.375 48.355 48.37 48.42 48.5 48.51 48.44 48.365 48.295 48.233 48.183 48.137 48.067 47.95 47.818 47.698 47.585 47.485 47.423 47.405 47.415 47.43 47.44 47.445 47.427
49.12 49.237 49.315 49.367 49.415 49.462 49.527 49.582 49.572 49.52 49.455 49.38 49.292 49.215 49.195 49.22 49.245 49.262 49.187 49.03 48.88 48.73 48.608 48.56 48.573 48.612 48.675 48.745 48.817 48.89 48.96 49.022 49.04 49.023 49.005 48.985 48.965 48.945 48.94 48.953 48.985 49.037 49.015 48.902 48.767 48.625 48.5 48.385 48.278 48.245 48.313 48.45 48.555 48.535 48.453 48.37 48.29 48.215 48.14 48.055 47.942 47.807 47.675 47.553 47.44 47.34 47.3 47.313 47.327 47.34 47.35 47.36 47.365
49.075 49.182 49.28 49.37 49.427 49.472 49.512 49.51 49.46 49.4 49.34 49.28 49.217 49.16 49.142 49.16 49.177 49.18 49.127 49.01 48.867 48.72 48.578 48.5 48.485 48.51 48.57 48.632 48.695 48.757 48.828 48.965 49.052 49.025 48.998 48.975 48.955 48.935 48.918 48.925 48.955 48.987 48.952 48.795 48.615 48.473 48.36 48.265 48.2 48.238 48.388 48.565 48.617 48.55 48.47 48.39 48.292 48.162 48.05 47.945 47.805 47.663 47.53 47.408 47.295 47.223 47.213 47.227 47.24 47.247 47.255 47.265 47.275
48.977 49.03 49.147 49.287 49.392 49.447 49.445 49.402 49.345 49.288 49.233 49.175 49.12 49.073 49.053 49.06 49.062 49.052 49.017 48.945 48.835 48.697 48.553 48.448 48.395 48.373 48.38 48.42 48.475 48.53 48.69 48.967 49.1 49.065 49.03 49.003 48.975 48.948 48.93 48.942 48.957 48.955 48.912 48.73 48.483 48.32 48.258 48.245 48.273 48.368 48.53 48.66 48.65 48.57 48.465 48.325 48.16 48 47.918 47.832 47.68 47.525 47.383 47.26 47.16 47.118 47.127 47.137 47.145 47.152 47.158 47.165 47.175
