EGM722_Project_Data/DTM_asc/TL4854.asc
ncols         200
nrows         200
xllcorner     548000.000
yllcorner     254000.000
cellsize      5
NODATA_value  -9999.0
[rows 128 to 159 of 200, columns 73 to 145 of 200]
31.897 32.162 32.375 32.57 32.778 33.07 33.428 33.785 34.148 34.518 34.892 35.237 35.53 35.798 36.105 36.473 36.958 37.437 37.788 38.135 38.563 38.965 39.27 39.595 39.985 40.397 40.805 41.215 41.62 42.025 42.43 42.83 43.23 43.63 44.03 44.417 44.757 45.02 45.245 45.47 45.685 45.873 46.01 46.123 46.235 46.363 46.563 46.833 47.102 47.315 47.488 47.665 47.845 48.003 48.153 48.325 48.497 48.658 48.82 48.99 49.145 49.272 49.375 49.468 49.56 49.655 49.793 50.03 50.282 50.437 50.543 50.653 50.767
31.877 32.115 32.305 32.488 32.688 32.975 33.335 33.695 34.063 34.44 34.815 35.18 35.495 35.765 36.083 36.445 36.843 37.285 37.678 38.1 38.582 38.95 39.19 39.463 39.843 40.255 40.665 41.075 41.482 41.885 42.285 42.685 43.085 43.485 43.895 44.31 44.685 44.963 45.18 45.4 45.618 45.81 45.958 46.083 46.203 46.325 46.523 46.798 47.063 47.27 47.443 47.62 47.803 47.978 48.148 48.323 48.495 48.662 48.832 49.005 49.147 49.253 49.348 49.445 49.543 49.638 49.785 50.025 50.297 50.482 50.592 50.71 50.822
31.85 32.072 32.255 32.438 32.635 32.918 33.273 33.625 33.985 34.36 34.735 35.11 35.447 35.74 36.068 36.43 36.79 37.18 37.625 38.152 38.595 38.84 39.02 39.293 39.68 40.093 40.518 40.935 41.343 41.743 42.148 42.563 42.98 43.4 43.83 44.293 44.72 45.01 45.223 45.438 45.635 45.81 45.977 46.132 46.268 46.393 46.598 46.868 47.098 47.283 47.458 47.645 47.835 48.018 48.19 48.35 48.498 48.655 48.827 49.01 49.17 49.288 49.39 49.49 49.59 49.698 49.87 50.115 50.342 50.5 50.622 50.747 50.855
31.82 32.047 32.233 32.423 32.623 32.895 33.235 33.575 33.925 34.29 34.658 35.03 35.392 35.717 36.05 36.41 36.773 37.143 37.645 38.182 38.482 38.615 38.823 39.19 39.62 40.043 40.458 40.858 41.248 41.655 42.083 42.518 42.953 43.39 43.84 44.357 44.82 45.1 45.315 45.52 45.68 45.823 46 46.195 46.367 46.508 46.71 47.007 47.25 47.408 47.56 47.728 47.91 48.092 48.25 48.38 48.498 48.635 48.803 49.003 49.202 49.357 49.482 49.59 49.69 49.823 50.02 50.225 50.365 50.478 50.605 50.73 50.83
31.795 32.025 32.218 32.415 32.615 32.878 33.198 33.525 33.875 34.235 34.595 34.963 35.333 35.683 36.033 36.398 36.765 37.138 37.65 38.145 38.355 38.47 38.758 39.21 39.685 40.13 40.55 40.94 41.278 41.648 42.08 42.52 42.957 43.395 43.88 44.452 44.922 45.192 45.402 45.575 45.7 45.83 46.005 46.21 46.415 46.6 46.795 47.102 47.405 47.575 47.705 47.842 47.997 48.15 48.275 48.385 48.495 48.62 48.788 49.003 49.217 49.392 49.542 49.677 49.793 49.937 50.11 50.24 50.34 50.448 50.565 50.677 50.77
31.787 32.02 32.218 32.415 32.613 32.858 33.155 33.475 33.828 34.195 34.565 34.938 35.318 35.693 36.055 36.418 36.785 37.158 37.635 38.107 38.32 38.488 38.848 39.305 39.77 40.225 40.677 41.097 41.415 41.703 42.083 42.52 42.96 43.423 43.963 44.567 45.025 45.285 45.467 45.595 45.705 45.838 46.015 46.213 46.418 46.635 46.85 47.145 47.47 47.67 47.8 47.93 48.077 48.213 48.315 48.415 48.515 48.623 48.795 49.028 49.253 49.435 49.59 49.745 49.88 50.007 50.125 50.225 50.325 50.425 50.525 50.623 50.715
31.792 32.032 32.245 32.443 32.638 32.87 33.158 33.473 33.823 34.2 34.578 34.963 35.38 35.775 36.123 36.47 36.83 37.203 37.633 38.07 38.33 38.583 38.973 39.405 39.865 40.325 40.785 41.235 41.582 41.835 42.133 42.523 42.968 43.48 44.07 44.68 45.127 45.355 45.492 45.6 45.71 45.845 46.025 46.22 46.415 46.63 46.868 47.15 47.472 47.7 47.828 47.965 48.143 48.3 48.402 48.495 48.585 48.69 48.863 49.098 49.33 49.517 49.673 49.82 49.955 50.068 50.163 50.26 50.36 50.455 50.54 50.625 50.718
31.8 32.045 32.275 32.485 32.685 32.923 33.215 33.525 33.863 34.235 34.618 35.03 35.475 35.867 36.205 36.545 36.893 37.253 37.648 38.048 38.378 38.71 39.095 39.518 39.975 40.435 40.898 41.362 41.735 42.002 42.258 42.565 43.005 43.57 44.183 44.795 45.215 45.387 45.5 45.607 45.715 45.853 46.035 46.23 46.42 46.63 46.878 47.153 47.465 47.712 47.853 48.015 48.222 48.385 48.492 48.595 48.69 48.81 48.988 49.205 49.43 49.617 49.767 49.905 50.032 50.142 50.24 50.34 50.44 50.535 50.612 50.685 50.773
31.805 32.05 32.287 32.517 32.73 32.978 33.278 33.585 33.91 34.27 34.68 35.135 35.577 35.955 36.295 36.635 36.978 37.335 37.718 38.098 38.465 38.835 39.218 39.64 40.093 40.55 41.012 41.475 41.872 42.165 42.418 42.69 43.13 43.73 44.343 44.92 45.267 45.397 45.505 45.612 45.72 45.86 46.045 46.24 46.453 46.705 46.953 47.188 47.458 47.71 47.895 48.088 48.307 48.47 48.58 48.69 48.793 48.93 49.123 49.33 49.537 49.71 49.847 49.98 50.107 50.22 50.32 50.42 50.52 50.615 50.69 50.753 50.83
31.815 32.055 32.295 32.535 32.768 33.035 33.34 33.645 33.96 34.33 34.78 35.255 35.68 36.04 36.383 36.733 37.09 37.46 37.84 38.215 38.583 38.953 39.34 39.765 40.215 40.668 41.125 41.587 42.012 42.33 42.583 42.875 43.345 43.955 44.565 45.042 45.292 45.415 45.513 45.618 45.725 45.868 46.055 46.283 46.568 46.885 47.135 47.323 47.533 47.75 47.958 48.173 48.392 48.555 48.665 48.775 48.888 49.048 49.25 49.452 49.627 49.767 49.902 50.04 50.175 50.295 50.4 50.5 50.602 50.697 50.77 50.83 50.898
31.843 32.083 32.328 32.573 32.82 33.098 33.403 33.71 34.018 34.41 34.895 35.372 35.78 36.133 36.49 36.853 37.223 37.6 37.975 38.34 38.7 39.068 39.46 39.89 40.34 40.79 41.243 41.702 42.152 42.495 42.753 43.085 43.588 44.195 44.745 45.1 45.31 45.45 45.538 45.63 45.73 45.88 46.113 46.418 46.76 47.102 47.36 47.54 47.72 47.875 48.05 48.272 48.482 48.637 48.75 48.86 48.988 49.163 49.367 49.547 49.675 49.795 49.935 50.077 50.212 50.345 50.467 50.572 50.677 50.782 50.872 50.943 51.01
31.89 32.135 32.385 32.635 32.885 33.163 33.467 33.775 34.083 34.485 34.987 35.475 35.887 36.25 36.62 36.988 37.36 37.737 38.105 38.465 38.825 39.188 39.58 40.015 40.465 40.915 41.365 41.818 42.275 42.645 42.938 43.31 43.833 44.412 44.837 45.095 45.317 45.48 45.575 45.66 45.758 45.955 46.27 46.622 46.975 47.322 47.585 47.765 47.925 48.035 48.175 48.38 48.57 48.72 48.84 48.955 49.095 49.275 49.465 49.605 49.705 49.823 49.96 50.095 50.22 50.36 50.51 50.632 50.738 50.857 50.987 51.085 51.155
31.95 32.195 32.445 32.695 32.945 33.225 33.533 33.84 34.15 34.555 35.042 35.502 35.957 36.38 36.755 37.125 37.498 37.867 38.23 38.59 38.953 39.32 39.705 40.13 40.582 41.037 41.49 41.94 42.392 42.787 43.133 43.54 44.075 44.57 44.87 45.09 45.312 45.497 45.615 45.7 45.828 46.093 46.457 46.83 47.19 47.54 47.81 47.977 48.097 48.188 48.308 48.475 48.645 48.797 48.928 49.058 49.208 49.377 49.532 49.64 49.735 49.848 49.977 50.105 50.225 50.365 50.527 50.675 50.795 50.925 51.077 51.21 51.3
32.015 32.263 32.51 32.76 33.01 33.29 33.6 33.91 34.218 34.603 35.047 35.465 35.918 36.425 36.882 37.265 37.633 37.998 38.365 38.735 39.108 39.483 39.85 40.243 40.682 41.14 41.592 42.04 42.492 42.935 43.34 43.77 44.262 44.635 44.865 45.085 45.307 45.517 45.657 45.755 45.938 46.235 46.603 46.995 47.375 47.742 48.017 48.16 48.252 48.338 48.443 48.58 48.73 48.88 49.023 49.17 49.328 49.475 49.59 49.68 49.773 49.875 49.99 50.11 50.23 50.37 50.533 50.698 50.85 50.998 51.15 51.3 51.427
32.098 32.348 32.595 32.843 33.088 33.363 33.67 33.98 34.298 34.66 35.063 35.468 35.878 36.39 36.95 37.397 37.777 38.152 38.53 38.91 39.29 39.663 40.048 40.42 40.768 41.17 41.625 42.095 42.578 43.072 43.537 43.985 44.375 44.64 44.86 45.08 45.303 45.525 45.687 45.838 46.075 46.373 46.728 47.123 47.517 47.9 48.18 48.317 48.402 48.485 48.585 48.715 48.855 48.998 49.158 49.328 49.49 49.638 49.753 49.845 49.933 50.025 50.125 50.228 50.333 50.443 50.59 50.768 50.943 51.105 51.255 51.403 51.527
32.192 32.443 32.69 32.935 33.173 33.438 33.74 34.06 34.405 34.77 35.145 35.533 35.933 36.418 36.985 37.48 37.885 38.272 38.657 39.043 39.47 39.925 40.35 40.69 40.955 41.278 41.695 42.175 42.685 43.195 43.692 44.122 44.42 44.64 44.86 45.08 45.3 45.52 45.725 45.953 46.225 46.51 46.855 47.25 47.635 47.995 48.267 48.435 48.545 48.633 48.738 48.87 49.01 49.153 49.33 49.522 49.69 49.85 49.995 50.112 50.207 50.3 50.397 50.49 50.575 50.64 50.735 50.898 51.08 51.245 51.395 51.53 51.607
32.287 32.537 32.78 33.02 33.258 33.515 33.823 34.168 34.53 34.9 35.265 35.635 36.023 36.493 37.03 37.522 37.945 38.335 38.733 39.19 39.743 40.295 40.702 40.987 41.25 41.558 41.933 42.35 42.815 43.315 43.797 44.18 44.445 44.665 44.885 45.105 45.33 45.56 45.808 46.085 46.372 46.655 46.988 47.37 47.727 48.055 48.312 48.5 48.657 48.775 48.893 49.03 49.17 49.318 49.505 49.712 49.892 50.052 50.207 50.352 50.472 50.575 50.675 50.772 50.852 50.9 50.945 51.05 51.218 51.385 51.532 51.63 51.655
32.367 32.627 32.867 33.103 33.34 33.605 33.933 34.295 34.66 35.03 35.395 35.76 36.133 36.563 37.065 37.565 38.003 38.43 38.923 39.492 40.097 40.637 41.015 41.285 41.563 41.893 42.265 42.638 43.025 43.433 43.842 44.215 44.495 44.715 44.94 45.173 45.41 45.653 45.92 46.215 46.51 46.8 47.117 47.46 47.787 48.105 48.36 48.545 48.722 48.892 49.047 49.19 49.33 49.483 49.675 49.89 50.087 50.255 50.41 50.565 50.71 50.835 50.942 51.047 51.127 51.17 51.2 51.25 51.365 51.522 51.642 51.685 51.685
32.44 32.71 32.947 33.183 33.43 33.723 34.073 34.44 34.803 35.17 35.538 35.905 36.263 36.653 37.123 37.618 38.098 38.605 39.17 39.752 40.317 40.83 41.24 41.567 41.885 42.225 42.57 42.912 43.262 43.598 43.925 44.27 44.557 44.785 45.023 45.268 45.513 45.765 46.043 46.34 46.632 46.915 47.207 47.517 47.835 48.155 48.407 48.59 48.765 48.967 49.182 49.35 49.49 49.66 49.873 50.088 50.29 50.465 50.618 50.773 50.93 51.07 51.185 51.3 51.392 51.44 51.47 51.5 51.555 51.65 51.728 51.765 51.795
32.517 32.787 33.023 33.273 33.548 33.863 34.225 34.597 34.96 35.325 35.692 36.05 36.388 36.763 37.218 37.7 38.215 38.765 39.315 39.865 40.415 40.92 41.362 41.772 42.137 42.465 42.782 43.113 43.473 43.825 44.108 44.393 44.675 44.905 45.138 45.375 45.618 45.88 46.16 46.437 46.71 46.975 47.255 47.563 47.88 48.2 48.45 48.627 48.803 49.023 49.287 49.5 49.65 49.845 50.097 50.327 50.525 50.692 50.838 50.99 51.15 51.287 51.405 51.537 51.65 51.705 51.735 51.768 51.813 51.858 51.893 51.94 52
32.595 32.862 33.113 33.39 33.68 34.003 34.37 34.747 35.117 35.482 35.837 36.172 36.5 36.873 37.32 37.803 38.32 38.868 39.415 39.965 40.515 41.012 41.453 41.905 42.302 42.625 42.958 43.32 43.695 44.062 44.342 44.578 44.832 45.06 45.28 45.505 45.735 45.975 46.232 46.492 46.75 47.013 47.3 47.608 47.92 48.23 48.477 48.662 48.843 49.078 49.365 49.625 49.815 50.028 50.305 50.565 50.772 50.93 51.07 51.215 51.37 51.507 51.638 51.787 51.907 51.965 52.008 52.065 52.137 52.187 52.185 52.185 52.225
32.69 32.955 33.235 33.525 33.815 34.14 34.51 34.89 35.26 35.612 35.952 36.282 36.61 36.978 37.423 37.91 38.428 38.972 39.518 40.065 40.615 41.107 41.558 42.035 42.452 42.803 43.165 43.54 43.917 44.292 44.59 44.805 45.008 45.215 45.433 45.647 45.868 46.083 46.298 46.535 46.79 47.058 47.35 47.655 47.963 48.25 48.487 48.69 48.89 49.14 49.43 49.717 49.967 50.215 50.49 50.757 50.977 51.137 51.28 51.422 51.572 51.72 51.87 52.027 52.155 52.232 52.3 52.377 52.457 52.52 52.517 52.477 52.468
32.798 33.058 33.35 33.647 33.945 34.267 34.622 34.987 35.345 35.687 36.022 36.355 36.698 37.088 37.545 38.033 38.543 39.083 39.625 40.167 40.712 41.205 41.66 42.132 42.572 42.98 43.38 43.762 44.14 44.515 44.83 45.06 45.245 45.418 45.593 45.788 46.01 46.222 46.415 46.62 46.845 47.105 47.41 47.728 48.025 48.28 48.502 48.713 48.933 49.193 49.477 49.762 50.035 50.295 50.552 50.81 51.035 51.202 51.347 51.497 51.67 51.842 52 52.157 52.295 52.395 52.475 52.552 52.635 52.722 52.76 52.732 52.695
32.903 33.16 33.44 33.737 34.042 34.36 34.695 35.04 35.39 35.732 36.065 36.413 36.79 37.213 37.685 38.17 38.67 39.2 39.74 40.267 40.762 41.222 41.67 42.137 42.615 43.06 43.48 43.89 44.295 44.7 45.055 45.302 45.485 45.655 45.807 45.962 46.16 46.37 46.563 46.76 46.96 47.21 47.525 47.835 48.097 48.322 48.535 48.768 49.005 49.23 49.488 49.77 50.032 50.27 50.505 50.752 50.982 51.157 51.308 51.483 51.695 51.885 52.04 52.195 52.34 52.447 52.525 52.613 52.715 52.822 52.902 52.917 52.89
33.007 33.27 33.54 33.823 34.12 34.435 34.763 35.095 35.438 35.778 36.128 36.513 36.918 37.35 37.825 38.31 38.8 39.32 39.835 40.305 40.737 41.163 41.613 42.103 42.612 43.067 43.48 43.9 44.33 44.745 45.09 45.347 45.54 45.722 45.912 46.092 46.297 46.52 46.727 46.93 47.13 47.375 47.662 47.922 48.15 48.368 48.595 48.878 49.135 49.315 49.513 49.765 50.025 50.255 50.475 50.705 50.93 51.115 51.293 51.505 51.735 51.925 52.077 52.232 52.385 52.5 52.585 52.688 52.805 52.915 53.01 53.075 53.082
33.108 33.378 33.65 33.923 34.208 34.523 34.853 35.18 35.515 35.868 36.25 36.65 37.053 37.488 37.963 38.445 38.925 39.402 39.852 40.273 40.688 41.108 41.57 42.083 42.605 43.075 43.487 43.895 44.3 44.652 44.935 45.195 45.433 45.653 45.883 46.122 46.367 46.605 46.83 47.047 47.265 47.507 47.752 47.975 48.195 48.423 48.693 49.02 49.28 49.445 49.605 49.795 50.02 50.243 50.458 50.675 50.893 51.1 51.315 51.545 51.775 51.965 52.115 52.268 52.42 52.55 52.66 52.778 52.9 53.01 53.105 53.195 53.263
33.213 33.5 33.775 34.045 34.323 34.655 35.013 35.345 35.678 36.043 36.44 36.832 37.203 37.618 38.095 38.572 39.025 39.445 39.858 40.273 40.685 41.103 41.565 42.078 42.602 43.075 43.487 43.895 44.28 44.593 44.855 45.115 45.375 45.633 45.885 46.135 46.382 46.622 46.855 47.085 47.32 47.57 47.817 48.045 48.263 48.505 48.815 49.155 49.4 49.56 49.717 49.89 50.11 50.343 50.56 50.778 50.998 51.22 51.44 51.66 51.878 52.065 52.225 52.385 52.545 52.688 52.805 52.915 53.025 53.148 53.278 53.405 53.538
33.342 33.64 33.915 34.188 34.465 34.803 35.197 35.562 35.898 36.265 36.655 37.017 37.348 37.745 38.222 38.675 39.082 39.483 39.9 40.315 40.728 41.15 41.6 42.09 42.607 43.075 43.482 43.89 44.275 44.592 44.862 45.125 45.385 45.645 45.902 46.152 46.397 46.637 46.872 47.108 47.345 47.6 47.872 48.127 48.35 48.608 48.93 49.245 49.477 49.645 49.808 50.033 50.32 50.575 50.795 51.018 51.245 51.465 51.675 51.883 52.083 52.265 52.435 52.605 52.775 52.92 53.03 53.125 53.225 53.37 53.553 53.737 53.912
33.485 33.78 34.055 34.33 34.61 34.92 35.32 35.747 36.117 36.477 36.832 37.152 37.47 37.875 38.327 38.732 39.118 39.52 39.94 40.357 40.772 41.198 41.648 42.12 42.612 43.07 43.475 43.88 44.267 44.587 44.86 45.13 45.395 45.653 45.91 46.165 46.415 46.655 46.89 47.13 47.37 47.628 47.91 48.19 48.435 48.705 49.012 49.292 49.53 49.715 49.925 50.23 50.56 50.825 51.047 51.275 51.502 51.72 51.927 52.13 52.327 52.51 52.678 52.845 53.015 53.16 53.27 53.373 53.485 53.645 53.847 54.05 54.245
33.627 33.92 34.197 34.475 34.752 35.038 35.41 35.865 36.285 36.64 36.96 37.265 37.59 37.98 38.387 38.77 39.155 39.56 39.98 40.4 40.815 41.245 41.702 42.165 42.63 43.067 43.47 43.872 44.26 44.58 44.853 45.128 45.397 45.658 45.915 46.175 46.432 46.675 46.913 47.155 47.395 47.655 47.943 48.235 48.51 48.785 49.063 49.328 49.583 49.823 50.108 50.445 50.772 51.04 51.257 51.472 51.685 51.905 52.137 52.365 52.572 52.755 52.922 53.09 53.257 53.4 53.517 53.635 53.758 53.925 54.13 54.32 54.502
33.742 34.017 34.295 34.572 34.847 35.127 35.473 35.907 36.35 36.715 37.027 37.34 37.68 38.053 38.43 38.81 39.195 39.6 40.02 40.44 40.86 41.298 41.757 42.22 42.672 43.088 43.478 43.877 44.262 44.582 44.858 45.13 45.4 45.67 45.935 46.193 46.45 46.698 46.938 47.18 47.42 47.688 47.983 48.275 48.567 48.857 49.13 49.395 49.66 49.938 50.25 50.577 50.897 51.17 51.385 51.587 51.79 52.015 52.272 52.53 52.767 52.965 53.135 53.305 53.477 53.63 53.76 53.887 54.02 54.182 54.365 54.537 54.7
33.78 34.035 34.31 34.585 34.865 35.16 35.505 35.92 36.357 36.732 37.053 37.393 37.76 38.135 38.505 38.88 39.268 39.668 40.08 40.5 40.925 41.363 41.815 42.278 42.73 43.132 43.505 43.895 44.277 44.6 44.875 45.142 45.408 45.68 45.955 46.217 46.475 46.725 46.965 47.205 47.445 47.72 48.025 48.32 48.615 48.922 49.222 49.497 49.76 50.03 50.325 50.643 50.962 51.24 51.47 51.682 51.885 52.11 52.368 52.635 52.902 53.12 53.29 53.467 53.657 53.822 53.955 54.092 54.247 54.402 54.553 54.713 54.875
