EGM722_Project_Data/DTM_asc/TL4853.asc
ncols         200
nrows         200
xllcorner     548000.000
yllcorner     253000.000
cellsize      5
NODATA_value  -9999.0
[rows 32 to 63 of 200, columns 73 to 145 of 200]
35.975 36.208 36.515 36.9 37.295 37.695 38.09 38.48 38.89 39.333 39.808 40.307 40.78 41.18 41.545 41.887 42.188 42.493 42.815 43.13 43.437 43.742 44.045 44.347 44.575 44.667 44.703 44.738 44.798 44.973 45.265 45.585 45.89 46.137 46.337 46.522 46.687 46.842 46.998 47.155 47.315 47.49 47.665 47.807 47.928 48.058 48.213 48.372 48.525 48.677 48.825 48.957 49.078 49.218 49.38 49.548 49.737 49.902 50.023 50.155 50.328 50.5 50.655 50.82 50.985 51.08 51.112 51.122 51.21 51.525 51.938 52.325 52.733
35.935 36.09 36.368 36.757 37.162 37.565 37.96 38.35 38.753 39.195 39.685 40.19 40.667 41.077 41.42 41.71 41.972 42.262 42.575 42.882 43.185 43.487 43.79 44.092 44.35 44.472 44.502 44.525 44.545 44.7 45.003 45.318 45.622 45.872 46.075 46.277 46.47 46.647 46.817 46.98 47.142 47.305 47.447 47.57 47.685 47.808 47.953 48.108 48.26 48.405 48.537 48.658 48.78 48.925 49.085 49.245 49.415 49.565 49.685 49.8 49.933 50.083 50.24 50.41 50.575 50.67 50.702 50.735 50.8 51.038 51.438 51.863 52.287
35.975 36.093 36.273 36.6 37.01 37.415 37.815 38.212 38.615 39.065 39.565 40.07 40.555 40.947 41.23 41.475 41.72 42 42.307 42.612 42.915 43.217 43.52 43.822 44.087 44.237 44.282 44.298 44.315 44.473 44.77 45.072 45.355 45.597 45.81 46.015 46.22 46.417 46.602 46.775 46.945 47.095 47.218 47.335 47.453 47.573 47.71 47.86 48.01 48.145 48.26 48.373 48.498 48.645 48.805 48.965 49.115 49.25 49.378 49.495 49.61 49.713 49.825 49.983 50.15 50.245 50.273 50.325 50.433 50.65 51.003 51.418 51.845
36.015 36.127 36.248 36.473 36.84 37.245 37.647 38.047 38.44 38.885 39.387 39.872 40.327 40.692 40.952 41.185 41.423 41.703 42.012 42.317 42.62 42.922 43.227 43.497 43.71 43.89 44.015 44.065 44.088 44.25 44.55 44.822 45.045 45.277 45.53 45.752 45.957 46.16 46.355 46.537 46.71 46.865 46.995 47.115 47.232 47.353 47.483 47.628 47.78 47.907 48.008 48.113 48.23 48.37 48.532 48.685 48.815 48.945 49.085 49.212 49.33 49.405 49.455 49.558 49.705 49.797 49.853 49.968 50.123 50.328 50.61 50.98 51.402
36.045 36.16 36.27 36.413 36.688 37.075 37.467 37.845 38.212 38.622 39.08 39.52 39.935 40.297 40.59 40.855 41.11 41.395 41.708 42.015 42.32 42.615 42.88 43.085 43.255 43.448 43.645 43.79 43.863 44.025 44.292 44.507 44.69 44.915 45.192 45.457 45.69 45.9 46.1 46.29 46.462 46.62 46.767 46.9 47.018 47.138 47.263 47.4 47.55 47.675 47.77 47.863 47.965 48.098 48.252 48.387 48.505 48.635 48.78 48.92 49.045 49.122 49.155 49.2 49.283 49.378 49.5 49.663 49.828 50.03 50.28 50.578 50.958
36.083 36.17 36.27 36.393 36.578 36.88 37.235 37.58 37.922 38.283 38.678 39.09 39.502 39.872 40.185 40.482 40.788 41.1 41.408 41.713 42.005 42.262 42.473 42.658 42.843 43.045 43.253 43.445 43.598 43.773 43.988 44.18 44.37 44.58 44.838 45.125 45.397 45.627 45.832 46.032 46.21 46.367 46.525 46.672 46.8 46.922 47.048 47.178 47.32 47.442 47.535 47.622 47.712 47.828 47.958 48.078 48.195 48.325 48.47 48.615 48.752 48.84 48.87 48.893 48.945 49.06 49.215 49.375 49.535 49.733 49.98 50.24 50.543
36.152 36.22 36.29 36.383 36.5 36.685 36.943 37.25 37.58 37.913 38.27 38.665 39.08 39.46 39.78 40.09 40.473 40.845 41.145 41.445 41.712 41.923 42.115 42.315 42.515 42.738 42.958 43.145 43.33 43.525 43.725 43.925 44.125 44.32 44.538 44.805 45.092 45.337 45.545 45.745 45.92 46.082 46.247 46.397 46.532 46.677 46.825 46.957 47.092 47.21 47.275 47.305 47.395 47.552 47.688 47.805 47.923 48.033 48.155 48.295 48.44 48.535 48.563 48.598 48.685 48.82 48.97 49.12 49.263 49.435 49.67 49.93 50.188
36.175 36.312 36.375 36.425 36.495 36.588 36.73 36.945 37.23 37.56 37.895 38.258 38.66 39.047 39.378 39.735 40.202 40.615 40.915 41.212 41.462 41.653 41.833 42.025 42.225 42.455 42.702 42.915 43.105 43.305 43.512 43.715 43.915 44.105 44.293 44.52 44.795 45.042 45.242 45.427 45.597 45.765 45.927 46.055 46.175 46.335 46.507 46.665 46.752 46.75 46.793 46.898 47.065 47.28 47.445 47.575 47.687 47.775 47.86 47.975 48.112 48.205 48.25 48.33 48.45 48.59 48.74 48.88 48.993 49.138 49.358 49.61 49.865
35.955 36.245 36.432 36.525 36.575 36.625 36.698 36.798 36.965 37.228 37.538 37.875 38.25 38.635 38.988 39.42 39.96 40.385 40.685 40.98 41.22 41.4 41.568 41.745 41.94 42.17 42.43 42.672 42.882 43.085 43.295 43.502 43.705 43.895 44.075 44.27 44.505 44.737 44.93 45.105 45.275 45.44 45.577 45.675 45.775 45.925 46.057 46.132 46.168 46.185 46.32 46.56 46.797 47.01 47.19 47.34 47.452 47.535 47.605 47.688 47.798 47.89 47.973 48.088 48.218 48.36 48.5 48.612 48.7 48.84 49.058 49.298 49.545
35.59 36 36.33 36.525 36.642 36.72 36.777 36.833 36.905 37.028 37.225 37.513 37.863 38.233 38.635 39.143 39.725 40.162 40.458 40.75 40.98 41.15 41.315 41.482 41.662 41.885 42.145 42.402 42.642 42.86 43.07 43.28 43.49 43.685 43.865 44.048 44.245 44.443 44.62 44.79 44.96 45.102 45.205 45.29 45.38 45.498 45.59 45.628 45.688 45.843 46.068 46.302 46.532 46.74 46.925 47.095 47.217 47.295 47.365 47.43 47.503 47.6 47.722 47.852 47.985 48.117 48.227 48.315 48.395 48.54 48.763 48.997 49.235
35.305 35.732 36.08 36.337 36.55 36.715 36.835 36.91 36.97 37.028 37.11 37.263 37.513 37.86 38.343 38.93 39.53 39.977 40.265 40.507 40.685 40.84 40.997 41.157 41.348 41.585 41.845 42.11 42.375 42.61 42.82 43.03 43.255 43.467 43.65 43.83 44.015 44.195 44.36 44.525 44.682 44.795 44.88 44.968 45.06 45.155 45.248 45.345 45.443 45.6 45.825 46.045 46.22 46.387 46.577 46.775 46.937 47.027 47.092 47.152 47.21 47.31 47.455 47.6 47.732 47.84 47.922 48 48.085 48.238 48.463 48.698 48.932
35.065 35.472 35.795 36.055 36.302 36.532 36.732 36.892 37.01 37.087 37.152 37.218 37.33 37.555 38.063 38.742 39.365 39.822 40.062 40.197 40.31 40.45 40.6 40.775 41.01 41.275 41.54 41.82 42.1 42.34 42.55 42.773 43.02 43.245 43.43 43.61 43.792 43.97 44.137 44.292 44.425 44.527 44.615 44.71 44.815 44.915 45.005 45.098 45.195 45.355 45.577 45.742 45.813 45.928 46.133 46.367 46.582 46.71 46.782 46.845 46.905 47.01 47.162 47.307 47.43 47.522 47.597 47.68 47.775 47.93 48.155 48.392 48.627
34.843 35.212 35.51 35.77 36.025 36.265 36.495 36.72 36.912 37.07 37.185 37.26 37.328 37.425 37.715 38.185 38.822 39.46 39.745 39.823 39.913 40.04 40.205 40.425 40.695 40.968 41.245 41.54 41.827 42.072 42.295 42.54 42.8 43.022 43.207 43.39 43.57 43.745 43.905 44.04 44.16 44.262 44.358 44.465 44.575 44.675 44.765 44.855 44.948 45.107 45.282 45.352 45.368 45.47 45.69 45.95 46.195 46.355 46.447 46.527 46.598 46.708 46.852 46.98 47.095 47.188 47.27 47.365 47.465 47.623 47.848 48.085 48.317
34.658 34.953 35.225 35.485 35.742 35.995 36.232 36.458 36.68 36.905 37.097 37.247 37.362 37.45 37.543 37.695 38.063 38.605 39.145 39.457 39.535 39.64 39.843 40.105 40.382 40.665 40.96 41.26 41.555 41.817 42.062 42.32 42.577 42.797 42.982 43.167 43.35 43.515 43.652 43.775 43.895 44.002 44.11 44.225 44.335 44.435 44.525 44.615 44.705 44.82 44.91 44.943 44.97 45.06 45.265 45.535 45.802 45.985 46.09 46.187 46.28 46.392 46.52 46.64 46.758 46.86 46.958 47.06 47.16 47.318 47.543 47.78 48.005
34.558 34.73 34.945 35.195 35.455 35.715 35.962 36.195 36.42 36.643 36.867 37.085 37.292 37.47 37.59 37.683 37.78 37.968 38.37 38.815 39.187 39.377 39.515 39.793 40.068 40.358 40.662 40.967 41.265 41.537 41.795 42.055 42.305 42.52 42.702 42.882 43.062 43.215 43.34 43.46 43.577 43.692 43.81 43.93 44.047 44.152 44.242 44.327 44.415 44.485 44.533 44.575 44.615 44.69 44.843 45.085 45.377 45.6 45.725 45.825 45.927 46.042 46.165 46.29 46.443 46.59 46.703 46.805 46.905 47.06 47.285 47.52 47.727
34.535 34.61 34.743 34.948 35.178 35.425 35.682 35.927 36.157 36.38 36.6 36.81 37.035 37.322 37.56 37.705 37.822 37.92 38.02 38.243 38.63 38.98 39.242 39.492 39.753 40.04 40.345 40.647 40.932 41.2 41.46 41.715 41.955 42.165 42.35 42.53 42.705 42.852 42.975 43.095 43.213 43.33 43.447 43.57 43.695 43.805 43.897 43.982 44.067 44.135 44.182 44.225 44.268 44.343 44.46 44.633 44.898 45.16 45.335 45.455 45.555 45.668 45.795 45.955 46.165 46.35 46.482 46.595 46.698 46.853 47.072 47.29 47.475
34.522 34.573 34.638 34.778 34.97 35.185 35.413 35.65 35.893 36.117 36.325 36.525 36.72 37.02 37.375 37.622 37.795 37.94 38.06 38.158 38.258 38.515 38.805 39.133 39.475 39.722 40.02 40.307 40.577 40.84 41.095 41.337 41.57 41.782 41.975 42.162 42.34 42.485 42.605 42.728 42.847 42.965 43.083 43.203 43.325 43.435 43.532 43.625 43.71 43.775 43.825 43.872 43.92 43.998 44.115 44.245 44.43 44.665 44.877 45.055 45.185 45.298 45.455 45.673 45.91 46.095 46.237 46.37 46.488 46.645 46.847 47.037 47.212
34.507 34.555 34.59 34.67 34.825 35.02 35.215 35.423 35.648 35.86 36.06 36.26 36.46 36.72 37.095 37.432 37.66 37.86 38.032 38.177 38.295 38.398 38.503 38.77 39.043 39.323 39.682 39.955 40.222 40.48 40.723 40.955 41.188 41.397 41.587 41.78 41.965 42.115 42.237 42.362 42.482 42.6 42.717 42.835 42.952 43.06 43.16 43.257 43.347 43.415 43.467 43.52 43.57 43.65 43.767 43.89 44.025 44.198 44.398 44.605 44.782 44.953 45.172 45.417 45.657 45.845 45.985 46.125 46.26 46.415 46.592 46.767 46.942
34.508 34.548 34.583 34.625 34.735 34.938 35.17 35.398 35.595 35.733 35.878 36.073 36.278 36.525 36.883 37.215 37.442 37.657 37.872 38.08 38.26 38.412 38.537 38.643 38.745 38.973 39.27 39.563 39.87 40.13 40.373 40.605 40.835 41.018 41.175 41.362 41.555 41.71 41.835 41.96 42.08 42.2 42.315 42.427 42.53 42.625 42.727 42.83 42.927 43 43.052 43.105 43.165 43.272 43.405 43.525 43.65 43.798 43.973 44.165 44.363 44.59 44.85 45.107 45.362 45.567 45.712 45.847 45.982 46.13 46.295 46.467 46.642
34.575 34.603 34.638 34.693 34.808 35.02 35.29 35.525 35.69 35.77 35.83 35.958 36.143 36.415 36.72 36.93 37.097 37.302 37.527 37.762 38.025 38.257 38.445 38.635 38.78 38.883 39.018 39.23 39.518 39.798 40.045 40.285 40.505 40.66 40.778 40.93 41.11 41.267 41.392 41.515 41.632 41.75 41.862 41.957 42.032 42.118 42.222 42.325 42.425 42.5 42.55 42.613 42.7 42.845 43.017 43.155 43.28 43.425 43.59 43.765 43.955 44.185 44.45 44.722 44.995 45.222 45.392 45.535 45.665 45.81 45.975 46.145 46.323
34.693 34.71 34.765 34.868 35.003 35.21 35.452 35.627 35.762 35.852 35.883 35.925 36.043 36.248 36.438 36.563 36.685 36.865 37.12 37.41 37.725 37.987 38.13 38.345 38.672 38.902 39.027 39.128 39.293 39.493 39.708 39.96 40.175 40.322 40.428 40.543 40.683 40.823 40.945 41.063 41.178 41.29 41.385 41.453 41.51 41.593 41.695 41.795 41.895 41.973 42.038 42.128 42.235 42.393 42.592 42.767 42.91 43.055 43.217 43.383 43.558 43.78 44.048 44.325 44.595 44.825 45.02 45.197 45.347 45.493 45.655 45.825 46.005
34.805 34.845 34.948 35.08 35.215 35.385 35.565 35.705 35.837 35.937 35.983 36.008 36.058 36.148 36.263 36.39 36.518 36.678 36.913 37.198 37.495 37.752 37.848 37.955 38.263 38.63 38.967 39.172 39.27 39.37 39.513 39.695 39.875 40.028 40.15 40.273 40.395 40.505 40.603 40.698 40.795 40.878 40.943 41.005 41.068 41.145 41.238 41.33 41.42 41.505 41.598 41.703 41.808 41.958 42.153 42.345 42.52 42.683 42.845 43.007 43.173 43.383 43.65 43.93 44.195 44.42 44.618 44.818 45.01 45.18 45.343 45.51 45.69
34.938 35.02 35.16 35.297 35.432 35.553 35.668 35.798 35.93 36.047 36.125 36.165 36.195 36.238 36.323 36.45 36.588 36.73 36.898 37.118 37.378 37.613 37.74 37.815 37.968 38.258 38.635 38.965 39.237 39.417 39.515 39.618 39.74 39.87 40 40.135 40.26 40.36 40.435 40.51 40.598 40.64 40.663 40.725 40.795 40.87 40.955 41.04 41.115 41.198 41.3 41.405 41.498 41.63 41.813 41.998 42.163 42.308 42.46 42.62 42.78 42.988 43.255 43.545 43.833 44.075 44.283 44.49 44.705 44.895 45.053 45.213 45.39
35.103 35.208 35.362 35.507 35.645 35.742 35.813 35.915 36.04 36.17 36.28 36.342 36.375 36.405 36.45 36.538 36.663 36.805 36.955 37.133 37.362 37.572 37.698 37.8 37.953 38.145 38.35 38.638 38.995 39.282 39.507 39.667 39.765 39.865 39.963 40.055 40.16 40.257 40.335 40.42 40.517 40.545 40.518 40.545 40.61 40.688 40.772 40.85 40.915 40.99 41.087 41.185 41.265 41.388 41.562 41.72 41.842 41.953 42.08 42.225 42.38 42.593 42.88 43.205 43.53 43.797 44.022 44.24 44.455 44.64 44.785 44.933 45.1
35.285 35.395 35.555 35.71 35.852 35.947 36.003 36.068 36.16 36.28 36.408 36.505 36.555 36.585 36.615 36.66 36.75 36.885 37.035 37.188 37.37 37.548 37.68 37.8 37.948 38.128 38.313 38.52 38.758 39.038 39.35 39.597 39.777 39.915 39.98 40.005 40.068 40.158 40.245 40.345 40.445 40.467 40.415 40.39 40.425 40.503 40.58 40.645 40.705 40.78 40.87 40.953 41.028 41.138 41.28 41.4 41.518 41.64 41.75 41.865 41.995 42.22 42.55 42.908 43.252 43.53 43.76 43.985 44.205 44.387 44.528 44.668 44.823
35.473 35.585 35.745 35.902 36.052 36.16 36.223 36.278 36.34 36.438 36.56 36.673 36.743 36.775 36.805 36.835 36.903 37.033 37.188 37.343 37.488 37.595 37.685 37.798 37.943 38.12 38.305 38.49 38.688 38.908 39.16 39.433 39.7 39.92 40.007 39.995 40.005 40.07 40.17 40.275 40.372 40.393 40.34 40.29 40.29 40.35 40.413 40.47 40.528 40.603 40.703 40.808 40.913 41.028 41.158 41.29 41.435 41.57 41.675 41.778 41.883 42.058 42.34 42.665 42.988 43.26 43.493 43.728 43.96 44.153 44.308 44.463 44.62
35.673 35.765 35.917 36.067 36.22 36.37 36.475 36.54 36.598 36.685 36.8 36.897 36.96 36.995 37.028 37.078 37.18 37.33 37.49 37.637 37.725 37.755 37.79 37.855 37.96 38.123 38.313 38.5 38.69 38.875 39.063 39.295 39.565 39.83 39.992 40.015 40 40.043 40.138 40.233 40.335 40.388 40.38 40.37 40.383 40.428 40.483 40.538 40.573 40.628 40.74 40.875 41.01 41.138 41.273 41.425 41.585 41.722 41.83 41.93 42.025 42.138 42.313 42.565 42.848 43.088 43.31 43.55 43.79 43.988 44.15 44.318 44.483
35.95 35.975 36.073 36.213 36.363 36.54 36.712 36.817 36.883 36.975 37.077 37.15 37.2 37.238 37.293 37.398 37.548 37.71 37.862 37.955 37.965 37.968 37.995 38.025 38.078 38.188 38.355 38.548 38.742 38.91 39.028 39.183 39.425 39.687 39.915 40.027 40.033 40.07 40.155 40.255 40.4 40.52 40.583 40.625 40.658 40.702 40.755 40.785 40.778 40.815 40.93 41.065 41.2 41.327 41.45 41.583 41.735 41.875 41.985 42.077 42.165 42.275 42.415 42.6 42.83 43.04 43.233 43.453 43.687 43.875 44.025 44.185 44.35
36.28 36.26 36.275 36.365 36.503 36.678 36.885 37.057 37.165 37.253 37.33 37.393 37.445 37.505 37.615 37.768 37.93 38.085 38.187 38.202 38.178 38.18 38.21 38.24 38.278 38.345 38.458 38.618 38.807 38.952 39.035 39.128 39.303 39.545 39.795 39.997 40.065 40.1 40.203 40.355 40.555 40.71 40.805 40.88 40.927 40.967 40.992 40.982 40.955 41 41.125 41.257 41.39 41.52 41.64 41.758 41.893 42.025 42.133 42.223 42.31 42.418 42.555 42.71 42.885 43.06 43.218 43.39 43.59 43.765 43.91 44.06 44.22
36.605 36.583 36.56 36.573 36.655 36.818 37.023 37.253 37.45 37.55 37.608 37.663 37.728 37.838 37.993 38.158 38.317 38.425 38.442 38.418 38.393 38.395 38.425 38.458 38.495 38.555 38.633 38.733 38.873 38.985 39.063 39.15 39.263 39.435 39.66 39.903 40.055 40.145 40.3 40.51 40.732 40.887 40.985 41.085 41.172 41.205 41.185 41.158 41.135 41.19 41.32 41.45 41.58 41.71 41.83 41.945 42.068 42.19 42.298 42.395 42.493 42.59 42.718 42.88 43.045 43.193 43.33 43.47 43.61 43.743 43.87 43.998 44.128
36.933 36.96 36.975 36.94 36.928 37.068 37.34 37.608 37.812 37.93 37.998 38.048 38.12 38.255 38.42 38.575 38.695 38.73 38.705 38.675 38.668 38.693 38.728 38.765 38.805 38.86 38.93 38.998 39.068 39.15 39.245 39.338 39.398 39.503 39.69 39.895 40.068 40.228 40.435 40.665 40.89 41.065 41.18 41.285 41.395 41.425 41.375 41.335 41.318 41.38 41.512 41.645 41.768 41.918 42.075 42.208 42.343 42.463 42.56 42.658 42.763 42.85 42.935 43.07 43.24 43.392 43.53 43.66 43.758 43.85 43.96 44.068 44.148
37.265 37.355 37.46 37.48 37.435 37.56 37.867 38.092 38.23 38.345 38.442 38.515 38.588 38.715 38.865 38.97 39.025 39.03 39.008 39 39.028 39.073 39.115 39.155 39.198 39.255 39.317 39.362 39.4 39.473 39.565 39.615 39.628 39.718 39.89 40.045 40.17 40.333 40.555 40.782 41.005 41.207 41.377 41.507 41.615 41.647 41.593 41.535 41.508 41.563 41.68 41.808 41.965 42.178 42.395 42.562 42.71 42.827 42.908 42.99 43.087 43.17 43.22 43.295 43.435 43.59 43.73 43.842 43.917 44.003 44.11 44.19 44.22
