EGM722_Project_Data/DTM_asc/TL4858.asc
ncols         200
nrows         200
xllcorner     548000.000
yllcorner     258000.000
cellsize      5
NODATA_value  -9999.0
[rows 33 to 65 of 200, columns 0 to 73 of 200]
11.573 11.678 11.8 11.94 12.075 12.205 12.33 12.445 12.555 12.665 12.76 12.84 12.92 13.008 13.1 13.168 13.26 13.407 13.495 13.517 13.54 13.557 13.575 13.595 13.615 13.658 13.738 13.833 13.925 14.018 14.095 14.155 14.215 14.283 14.358 14.447 14.552 14.657 14.752 14.832 14.91 14.98 15.02 15.015 15.023 15.103 15.22 15.34 15.457 15.557 15.603 15.61 15.618 15.625 15.615 15.593 15.575 15.565 15.6 15.672 15.745 15.815 15.89 15.965 16.035 16.1 16.16 16.22 16.28 16.337 16.38 16.382 16.352 16.318
11.637 11.743 11.86 11.995 12.122 12.23 12.335 12.445 12.555 12.665 12.76 12.843 12.925 13.005 13.093 13.188 13.315 13.467 13.55 13.575 13.612 13.657 13.69 13.71 13.732 13.758 13.818 13.91 14 14.082 14.15 14.21 14.27 14.322 14.373 14.45 14.555 14.665 14.767 14.842 14.902 14.955 14.972 14.98 15.048 15.162 15.278 15.395 15.512 15.617 15.665 15.665 15.665 15.665 15.668 15.665 15.653 15.645 15.673 15.735 15.805 15.878 15.952 16.025 16.092 16.155 16.215 16.275 16.335 16.392 16.43 16.422 16.388 16.352
11.703 11.81 11.93 12.055 12.16 12.245 12.34 12.448 12.555 12.665 12.762 12.848 12.933 13.018 13.108 13.213 13.338 13.477 13.565 13.598 13.66 13.745 13.795 13.815 13.837 13.86 13.913 14.002 14.087 14.155 14.215 14.275 14.327 14.36 14.378 14.423 14.51 14.612 14.712 14.785 14.832 14.87 14.88 14.935 15.075 15.215 15.332 15.448 15.57 15.682 15.732 15.735 15.735 15.738 15.742 15.742 15.735 15.733 15.755 15.805 15.87 15.942 16.015 16.082 16.145 16.208 16.27 16.33 16.39 16.447 16.475 16.457 16.422 16.385
11.773 11.88 11.992 12.092 12.175 12.255 12.35 12.455 12.56 12.667 12.767 12.86 12.95 13.043 13.14 13.245 13.36 13.485 13.575 13.638 13.735 13.842 13.9 13.92 13.94 13.96 14.01 14.09 14.16 14.22 14.28 14.335 14.372 14.393 14.41 14.443 14.478 14.528 14.61 14.692 14.75 14.783 14.815 14.92 15.095 15.255 15.385 15.503 15.632 15.75 15.8 15.805 15.805 15.81 15.815 15.818 15.818 15.82 15.845 15.89 15.943 16.005 16.075 16.14 16.2 16.263 16.325 16.385 16.445 16.502 16.52 16.492 16.455 16.418
11.845 11.937 12.03 12.11 12.185 12.265 12.358 12.462 12.565 12.665 12.767 12.87 12.97 13.072 13.177 13.285 13.393 13.503 13.605 13.707 13.822 13.935 14.002 14.025 14.045 14.065 14.102 14.157 14.215 14.275 14.332 14.385 14.422 14.448 14.475 14.507 14.525 14.523 14.535 14.595 14.665 14.703 14.783 14.935 15.108 15.287 15.437 15.558 15.697 15.82 15.867 15.873 15.878 15.883 15.885 15.898 15.915 15.912 15.928 15.972 16.017 16.07 16.132 16.195 16.255 16.318 16.38 16.44 16.5 16.552 16.557 16.522 16.487 16.452
11.825 11.902 11.992 12.08 12.162 12.252 12.355 12.462 12.562 12.66 12.762 12.867 12.973 13.09 13.21 13.32 13.425 13.53 13.642 13.762 13.882 14 14.087 14.127 14.15 14.165 14.168 14.188 14.24 14.297 14.355 14.42 14.48 14.52 14.55 14.58 14.622 14.627 14.578 14.555 14.585 14.65 14.778 14.95 15.12 15.305 15.477 15.618 15.765 15.887 15.933 16.028 16.27 16.465 16.28 16.033 15.99 15.98 16.008 16.04 16.082 16.13 16.185 16.247 16.31 16.375 16.44 16.5 16.56 16.595 16.577 16.537 16.505 16.472
11.705 11.783 11.887 11.995 12.09 12.187 12.31 12.442 12.555 12.655 12.755 12.86 12.975 13.11 13.24 13.35 13.455 13.56 13.67 13.787 13.91 14.03 14.132 14.2 14.245 14.255 14.223 14.205 14.24 14.295 14.358 14.435 14.512 14.575 14.617 14.65 14.7 14.745 14.717 14.643 14.603 14.653 14.79 14.963 15.135 15.31 15.5 15.678 15.833 15.953 16.163 16.585 16.912 16.737 16.31 16.093 16.035 16.058 16.1 16.11 16.138 16.18 16.235 16.3 16.365 16.43 16.495 16.557 16.62 16.635 16.595 16.545 16.505 16.475
11.575 11.658 11.77 11.887 11.995 12.095 12.225 12.38 12.52 12.64 12.745 12.855 12.99 13.14 13.27 13.38 13.485 13.59 13.7 13.8 13.907 14.03 14.135 14.212 14.277 14.302 14.28 14.25 14.253 14.298 14.365 14.445 14.527 14.605 14.667 14.715 14.77 14.835 14.85 14.795 14.738 14.74 14.825 14.978 15.15 15.37 15.61 15.808 16.048 16.385 16.862 16.894 16.46 16.013 15.89 16.032 16.097 16.182 16.2 16.2 16.208 16.235 16.285 16.35 16.415 16.477 16.54 16.6 16.652 16.657 16.615 16.563 16.513 16.475
11.445 11.533 11.65 11.77 11.89 12.002 12.133 12.287 12.442 12.59 12.725 12.862 13.012 13.167 13.3 13.41 13.515 13.617 13.702 13.772 13.872 13.99 14.092 14.177 14.247 14.29 14.297 14.285 14.275 14.305 14.375 14.455 14.54 14.622 14.7 14.78 14.855 14.92 14.967 14.947 14.905 14.9 14.925 15.043 15.318 15.65 15.923 16.245 16.722 16.887 16.512 15.89 15.482 15.107 14.949 15.242 15.834 16.305 16.305 16.305 16.305 16.313 16.337 16.385 16.445 16.505 16.562 16.617 16.65 16.645 16.617 16.58 16.532 16.483
11.317 11.41 11.53 11.647 11.765 11.882 12.02 12.177 12.332 12.487 12.652 12.825 12.987 13.147 13.282 13.385 13.485 13.585 13.647 13.713 13.82 13.927 14.03 14.127 14.207 14.26 14.28 14.28 14.278 14.305 14.375 14.455 14.538 14.633 14.748 14.865 14.955 15.022 15.087 15.1 15.098 15.153 15.228 15.4 15.75 16.158 16.575 16.909 16.706 15.937 15.168 14.802 14.234 13.103 12.631 13.113 14.555 16.047 16.435 16.435 16.42 16.377 16.352 16.37 16.407 16.46 16.515 16.572 16.615 16.615 16.595 16.572 16.542 16.497
11.172 11.267 11.382 11.495 11.605 11.723 11.875 12.045 12.202 12.363 12.543 12.735 12.912 13.077 13.21 13.305 13.398 13.495 13.57 13.653 13.76 13.863 13.965 14.067 14.16 14.23 14.26 14.26 14.265 14.295 14.36 14.443 14.533 14.663 14.825 14.962 15.055 15.125 15.203 15.293 15.41 15.57 15.748 16.028 16.437 16.942 16.934 16.092 15.158 14.665 14.239 13.307 12.171 11.381 11.163 11.421 12.656 15.022 16.459 16.537 16.477 16.38 16.328 16.338 16.355 16.385 16.425 16.48 16.545 16.575 16.565 16.545 16.525 16.497
11.003 11.095 11.2 11.313 11.428 11.55 11.705 11.89 12.068 12.245 12.443 12.645 12.832 13 13.13 13.225 13.315 13.408 13.498 13.592 13.695 13.797 13.9 14.003 14.105 14.192 14.237 14.243 14.255 14.29 14.348 14.433 14.555 14.73 14.91 15.055 15.155 15.238 15.348 15.51 15.718 15.948 16.285 16.767 16.941 16.469 15.45 14.403 14.07 13.637 12.603 11.623 11.241 11.288 11.223 11.15 11.424 13.453 15.892 16.56 16.462 16.355 16.308 16.323 16.337 16.353 16.37 16.403 16.46 16.517 16.532 16.515 16.495 16.475
10.83 10.92 11.02 11.135 11.255 11.38 11.528 11.728 11.948 12.148 12.348 12.55 12.745 12.92 13.05 13.145 13.235 13.328 13.423 13.522 13.627 13.732 13.835 13.938 14.042 14.14 14.207 14.228 14.248 14.293 14.343 14.445 14.618 14.81 14.985 15.14 15.27 15.393 15.538 15.72 16.015 16.432 16.896 16.711 15.535 14.346 13.818 13.537 12.94 11.993 11.361 11.305 11.372 11.375 11.322 11.26 11.151 12.441 15.137 16.437 16.378 16.318 16.293 16.305 16.317 16.332 16.343 16.353 16.385 16.445 16.487 16.485 16.465 16.445
10.675 10.763 10.863 10.98 11.1 11.228 11.395 11.625 11.867 12.072 12.263 12.455 12.65 12.835 12.97 13.068 13.163 13.26 13.353 13.448 13.552 13.657 13.762 13.87 13.975 14.077 14.17 14.215 14.248 14.3 14.365 14.503 14.7 14.89 15.06 15.23 15.407 15.575 15.78 16.12 16.627 16.716 16.014 14.7 13.466 13.24 13.017 12.255 11.558 11.276 11.372 11.38 11.348 11.333 11.317 11.277 11.166 12.49 15.114 16.322 16.308 16.29 16.28 16.285 16.295 16.307 16.317 16.325 16.34 16.373 16.422 16.447 16.435 16.415
10.535 10.618 10.718 10.838 10.968 11.11 11.305 11.562 11.807 12.007 12.193 12.378 12.565 12.75 12.893 12.995 13.095 13.195 13.29 13.378 13.47 13.575 13.685 13.792 13.898 14.005 14.117 14.205 14.265 14.323 14.423 14.59 14.783 14.972 15.153 15.338 15.533 15.838 16.287 16.681 16.363 14.992 13.553 12.873 12.765 12.582 11.86 11.328 11.335 11.392 11.397 11.36 11.318 11.29 11.265 11.21 11.128 12.29 14.916 16.327 16.31 16.29 16.275 16.27 16.275 16.285 16.295 16.305 16.313 16.323 16.353 16.395 16.405 16.385
10.405 10.48 10.58 10.713 10.86 11.015 11.215 11.49 11.747 11.943 12.128 12.32 12.52 12.717 12.855 12.938 13.03 13.13 13.23 13.315 13.395 13.495 13.602 13.708 13.818 13.94 14.073 14.197 14.29 14.365 14.495 14.68 14.87 15.06 15.25 15.523 15.915 16.452 16.491 15.574 14.073 12.701 12.316 12.242 11.995 11.638 11.358 11.412 11.44 11.43 11.42 11.403 11.38 11.36 11.33 11.275 11.208 11.531 13.6 15.819 16.315 16.295 16.28 16.265 16.258 16.263 16.27 16.28 16.288 16.295 16.308 16.338 16.362 16.355
10.36 10.438 10.53 10.645 10.775 10.923 11.12 11.41 11.687 11.895 12.097 12.307 12.522 12.735 12.867 12.923 12.985 13.07 13.17 13.255 13.328 13.415 13.518 13.635 13.77 13.918 14.068 14.2 14.305 14.418 14.58 14.77 14.958 15.188 15.545 16.065 16.441 16.051 14.567 12.936 12.119 11.983 12.002 11.683 11.423 11.448 11.47 11.482 11.487 11.49 11.49 11.487 11.48 11.47 11.455 11.43 11.385 11.281 12.094 14.55 16.216 16.305 16.29 16.268 16.243 16.238 16.245 16.255 16.265 16.275 16.285 16.295 16.313 16.32
10.41 10.498 10.583 10.665 10.758 10.868 11.033 11.307 11.587 11.81 12.03 12.25 12.467 12.682 12.852 12.937 12.983 13.04 13.115 13.195 13.27 13.355 13.473 13.618 13.775 13.935 14.092 14.24 14.36 14.49 14.665 14.855 15.168 15.648 16.254 16.256 15.212 13.643 12.194 11.621 11.663 11.712 11.595 11.47 11.485 11.492 11.497 11.5 11.505 11.512 11.515 11.52 11.527 11.53 11.527 11.522 11.515 11.475 11.436 13.085 15.531 16.317 16.302 16.275 16.233 16.215 16.225 16.235 16.245 16.253 16.26 16.268 16.278 16.285
10.485 10.572 10.655 10.737 10.82 10.88 10.965 11.183 11.445 11.667 11.89 12.108 12.328 12.55 12.762 12.915 12.99 13.038 13.088 13.163 13.258 13.363 13.495 13.648 13.805 13.965 14.125 14.29 14.44 14.58 14.835 15.225 15.767 16.129 15.754 14.33 12.679 11.799 11.54 11.52 11.498 11.475 11.46 11.457 11.465 11.475 11.482 11.487 11.495 11.502 11.507 11.515 11.525 11.53 11.535 11.545 11.55 11.555 11.44 11.821 14.04 16.041 16.315 16.282 16.225 16.195 16.205 16.212 16.22 16.227 16.235 16.245 16.257 16.252
10.56 10.647 10.73 10.81 10.865 10.877 10.893 11.048 11.297 11.522 11.745 11.963 12.185 12.41 12.63 12.83 12.962 13.033 13.103 13.198 13.305 13.42 13.548 13.688 13.838 13.995 14.157 14.323 14.513 14.813 15.297 15.911 15.854 14.792 13.35 12.069 11.521 11.483 11.46 11.438 11.42 11.42 11.428 11.435 11.443 11.45 11.458 11.465 11.475 11.48 11.485 11.495 11.502 11.508 11.515 11.522 11.528 11.535 11.522 11.346 12.451 15.024 16.324 16.287 16.215 16.173 16.18 16.188 16.195 16.205 16.218 16.233 16.245 16.215
10.63 10.722 10.795 10.837 10.842 10.83 10.825 10.933 11.153 11.378 11.6 11.823 12.048 12.273 12.498 12.715 12.897 13.03 13.152 13.275 13.382 13.487 13.605 13.737 13.875 14.025 14.185 14.433 14.818 15.35 15.596 15.141 13.882 12.451 11.688 11.465 11.435 11.41 11.388 11.378 11.38 11.39 11.402 11.415 11.42 11.425 11.435 11.445 11.455 11.46 11.465 11.475 11.48 11.485 11.495 11.5 11.505 11.515 11.535 11.495 11.569 13.47 15.784 16.292 16.21 16.155 16.155 16.168 16.18 16.193 16.208 16.225 16.225 16.17
10.695 10.777 10.817 10.825 10.818 10.815 10.815 10.878 11.048 11.268 11.488 11.71 11.938 12.163 12.39 12.61 12.81 12.99 13.15 13.29 13.41 13.502 13.617 13.762 13.898 14.1 14.403 14.842 15.366 15.199 14.062 12.793 11.904 11.526 11.46 11.423 11.4 11.373 11.348 11.343 11.35 11.36 11.373 11.387 11.397 11.405 11.413 11.422 11.432 11.438 11.445 11.455 11.46 11.465 11.475 11.48 11.485 11.495 11.515 11.55 11.44 11.951 14.392 16.226 16.212 16.155 16.148 16.158 16.17 16.185 16.2 16.215 16.195 16.135
10.692 10.76 10.797 10.827 10.84 10.842 10.85 10.893 11.005 11.19 11.408 11.625 11.85 12.077 12.302 12.517 12.717 12.907 13.075 13.22 13.34 13.433 13.568 13.758 14.03 14.43 14.924 15.031 14.394 13.235 12.056 11.551 11.53 11.492 11.452 11.425 11.397 11.365 11.33 11.318 11.323 11.33 11.343 11.358 11.372 11.382 11.388 11.398 11.407 11.415 11.425 11.432 11.438 11.445 11.452 11.458 11.465 11.473 11.493 11.53 11.535 11.349 12.803 15.351 16.229 16.173 16.175 16.195 16.203 16.21 16.218 16.217 16.19 16.15
10.62 10.672 10.725 10.785 10.83 10.86 10.887 10.937 11.018 11.143 11.333 11.545 11.763 11.99 12.212 12.42 12.62 12.817 12.99 13.123 13.255 13.41 13.613 13.905 14.377 14.839 14.561 13.515 12.308 11.591 11.458 11.432 11.395 11.388 11.412 11.412 11.39 11.355 11.318 11.298 11.295 11.303 11.317 11.33 11.345 11.357 11.365 11.373 11.383 11.395 11.405 11.41 11.415 11.425 11.43 11.435 11.445 11.45 11.47 11.507 11.542 11.495 11.696 13.748 15.876 16.2 16.208 16.255 16.282 16.29 16.277 16.24 16.205 16.182
10.53 10.57 10.618 10.68 10.745 10.805 10.86 10.927 11.01 11.103 11.258 11.465 11.68 11.902 12.12 12.325 12.525 12.723 12.922 13.1 13.278 13.485 13.81 14.255 14.522 13.927 12.693 11.773 11.411 11.333 11.265 11.225 11.22 11.275 11.352 11.38 11.372 11.347 11.313 11.283 11.27 11.278 11.29 11.3 11.315 11.33 11.34 11.348 11.358 11.372 11.385 11.39 11.395 11.405 11.41 11.415 11.425 11.43 11.45 11.485 11.52 11.527 11.363 12.211 14.734 16.231 16.225 16.277 16.335 16.36 16.322 16.255 16.218 16.198
10.44 10.48 10.523 10.573 10.63 10.69 10.755 10.832 10.917 11.018 11.173 11.377 11.595 11.815 12.025 12.225 12.425 12.628 12.873 13.13 13.345 13.55 13.982 14.272 13.564 12.206 11.471 11.38 11.293 11.205 11.133 11.1 11.145 11.245 11.32 11.345 11.347 11.337 11.305 11.27 11.25 11.25 11.26 11.27 11.283 11.298 11.312 11.325 11.333 11.345 11.36 11.368 11.375 11.382 11.388 11.395 11.402 11.408 11.428 11.462 11.495 11.485 11.405 11.376 13.178 15.593 16.244 16.282 16.337 16.37 16.322 16.253 16.23 16.212
10.395 10.433 10.47 10.495 10.523 10.575 10.638 10.71 10.798 10.915 11.078 11.28 11.5 11.72 11.925 12.118 12.313 12.535 12.815 13.112 13.367 13.598 13.949 13.444 12.136 11.521 11.428 11.33 11.233 11.15 11.103 11.078 11.115 11.215 11.287 11.312 11.317 11.317 11.295 11.26 11.233 11.225 11.233 11.243 11.255 11.268 11.285 11.3 11.308 11.318 11.332 11.345 11.355 11.36 11.365 11.375 11.38 11.385 11.405 11.44 11.46 11.432 11.39 11.253 11.728 13.44 14.807 15.675 16.307 16.335 16.3 16.248 16.235 16.222
10.382 10.418 10.455 10.467 10.45 10.465 10.52 10.59 10.688 10.82 10.983 11.18 11.4 11.62 11.825 12.018 12.215 12.44 12.728 13.052 13.355 13.647 13.332 12.241 11.576 11.492 11.402 11.305 11.208 11.14 11.102 11.065 11.09 11.185 11.252 11.275 11.283 11.29 11.28 11.25 11.218 11.203 11.208 11.215 11.227 11.24 11.255 11.272 11.285 11.293 11.305 11.322 11.335 11.34 11.345 11.355 11.36 11.365 11.385 11.42 11.42 11.378 11.34 11.21 11.063 11.486 12.506 14.515 16.117 16.287 16.277 16.25 16.24 16.23
10.37 10.405 10.44 10.46 10.425 10.383 10.403 10.473 10.585 10.73 10.885 11.078 11.3 11.52 11.728 11.928 12.135 12.348 12.61 12.94 13.282 13.272 12.403 11.648 11.545 11.465 11.377 11.28 11.188 11.13 11.097 11.058 11.07 11.152 11.217 11.24 11.25 11.257 11.257 11.24 11.208 11.183 11.18 11.185 11.195 11.21 11.223 11.242 11.26 11.268 11.278 11.295 11.31 11.318 11.325 11.332 11.337 11.343 11.363 11.395 11.377 11.325 11.29 11.18 11.068 11.038 11.763 13.77 15.617 16.225 16.25 16.242 16.237 16.232
10.352 10.397 10.427 10.452 10.425 10.355 10.315 10.363 10.49 10.64 10.79 10.978 11.208 11.443 11.663 11.868 12.075 12.285 12.535 12.86 13.22 12.715 11.84 11.608 11.523 11.44 11.355 11.263 11.178 11.125 11.092 11.05 11.05 11.12 11.185 11.21 11.217 11.223 11.23 11.225 11.2 11.168 11.153 11.158 11.168 11.18 11.19 11.208 11.227 11.242 11.253 11.265 11.282 11.295 11.305 11.31 11.315 11.32 11.34 11.362 11.327 11.27 11.237 11.155 11.075 11.053 11.578 12.97 14.677 15.869 16.212 16.215 16.215 16.215
10.33 10.39 10.42 10.447 10.42 10.343 10.28 10.298 10.408 10.55 10.705 10.905 11.15 11.397 11.625 11.832 12.038 12.245 12.498 12.832 12.935 12.28 11.67 11.59 11.507 11.425 11.34 11.248 11.168 11.12 11.087 11.045 11.03 11.088 11.152 11.175 11.183 11.19 11.2 11.202 11.187 11.158 11.133 11.13 11.14 11.15 11.16 11.175 11.195 11.215 11.227 11.238 11.255 11.272 11.285 11.29 11.295 11.3 11.317 11.322 11.27 11.213 11.182 11.135 11.098 11.09 11.195 11.993 13.5 15.062 15.995 16.187 16.19 16.192
10.3 10.375 10.415 10.445 10.412 10.32 10.283 10.315 10.385 10.483 10.635 10.865 11.12 11.365 11.59 11.797 12.002 12.208 12.45 12.792 12.517 11.87 11.658 11.573 11.49 11.41 11.325 11.233 11.155 11.113 11.082 11.04 11.01 11.055 11.12 11.14 11.15 11.157 11.165 11.172 11.17 11.15 11.118 11.103 11.11 11.12 11.132 11.148 11.165 11.185 11.2 11.21 11.225 11.245 11.26 11.267 11.275 11.28 11.29 11.277 11.215 11.155 11.133 11.128 11.133 11.145 11.143 11.403 12.46 14.07 15.474 16.112 16.17 16.175
10.27 10.357 10.412 10.445 10.417 10.338 10.308 10.342 10.397 10.455 10.6 10.84 11.09 11.332 11.555 11.76 11.955 12.142 12.29 12.375 12.09 11.73 11.642 11.557 11.475 11.392 11.307 11.22 11.148 11.108 11.075 11.03 10.99 11.025 11.09 11.107 11.115 11.123 11.13 11.14 11.145 11.135 11.105 11.083 11.083 11.09 11.102 11.117 11.133 11.15 11.167 11.182 11.198 11.215 11.232 11.245 11.255 11.26 11.262 11.235 11.17 11.128 11.13 11.15 11.17 11.19 11.2 11.21 11.766 13.1 14.607 15.697 16.115 16.152
