EGM722_Project_Data/DTM_asc/TL4859.asc
ncols         200
nrows         200
xllcorner     548000.000
yllcorner     259000.000
cellsize      5
NODATA_value  -9999.0
[rows 0 to 31 of 200, columns 0 to 72 of 200]
5.74 5.74 5.75 5.773 5.803 5.845 5.895 5.968 6.065 6.145 6.19 6.215 6.235 6.255 6.288 6.34 6.398 6.455 6.505 6.54 6.567 6.572 6.55 6.525 6.525 6.535 6.512 6.468 6.438 6.425 6.405 6.38 6.38 6.4 6.42 6.45 6.485 6.52 6.565 6.6 6.6 6.56 6.54 6.565 6.595 6.627 6.652 6.668 6.7 6.783 6.865 6.902 6.925 6.948 6.975 7.013 7.07 7.14 7.17 7.165 7.17 7.195 7.25 7.315 7.38 7.45 7.465 7.417 7.36 7.295 7.285 7.322 7.338
5.82 5.815 5.823 5.85 5.9 5.962 6.022 6.085 6.142 6.188 6.225 6.255 6.28 6.305 6.345 6.4 6.455 6.505 6.542 6.567 6.587 6.592 6.58 6.558 6.548 6.55 6.53 6.485 6.443 6.415 6.39 6.363 6.348 6.345 6.363 6.408 6.458 6.5 6.54 6.575 6.6 6.597 6.598 6.625 6.653 6.68 6.7 6.715 6.73 6.765 6.808 6.835 6.86 6.88 6.905 6.953 7.02 7.09 7.122 7.118 7.115 7.135 7.188 7.253 7.318 7.38 7.385 7.335 7.283 7.228 7.205 7.213 7.223
5.947 5.92 5.918 5.96 6.02 6.075 6.117 6.16 6.208 6.253 6.283 6.303 6.325 6.355 6.4 6.458 6.52 6.565 6.575 6.583 6.6 6.605 6.602 6.59 6.573 6.567 6.55 6.505 6.46 6.418 6.39 6.375 6.358 6.34 6.355 6.413 6.478 6.532 6.568 6.59 6.61 6.63 6.655 6.685 6.713 6.738 6.758 6.773 6.787 6.8 6.805 6.818 6.84 6.86 6.885 6.928 6.988 7.052 7.085 7.085 7.085 7.1 7.148 7.213 7.275 7.317 7.317 7.28 7.23 7.18 7.148 7.138 7.145
6.075 6.023 6.02 6.07 6.115 6.152 6.188 6.23 6.282 6.332 6.357 6.368 6.38 6.405 6.455 6.52 6.592 6.637 6.623 6.603 6.61 6.615 6.612 6.607 6.597 6.59 6.567 6.52 6.472 6.423 6.4 6.402 6.395 6.38 6.395 6.45 6.512 6.572 6.61 6.63 6.653 6.683 6.715 6.745 6.775 6.8 6.82 6.835 6.847 6.855 6.85 6.85 6.865 6.885 6.908 6.938 6.983 7.04 7.07 7.07 7.07 7.08 7.123 7.185 7.232 7.25 7.25 7.237 7.2 7.15 7.115 7.095 7.103
6.142 6.103 6.113 6.152 6.187 6.22 6.255 6.298 6.35 6.405 6.437 6.448 6.453 6.473 6.525 6.595 6.67 6.71 6.68 6.635 6.623 6.625 6.62 6.615 6.615 6.61 6.58 6.53 6.48 6.428 6.405 6.418 6.425 6.418 6.438 6.493 6.55 6.61 6.65 6.675 6.708 6.743 6.775 6.805 6.835 6.862 6.882 6.892 6.9 6.905 6.9 6.893 6.895 6.91 6.933 6.96 6.995 7.042 7.07 7.065 7.058 7.06 7.098 7.145 7.162 7.168 7.17 7.17 7.157 7.12 7.085 7.075 7.103
6.178 6.173 6.198 6.223 6.255 6.29 6.323 6.363 6.415 6.475 6.52 6.537 6.538 6.555 6.61 6.678 6.747 6.78 6.737 6.678 6.653 6.645 6.638 6.635 6.635 6.62 6.58 6.53 6.483 6.44 6.428 6.443 6.455 6.463 6.49 6.54 6.593 6.65 6.695 6.73 6.77 6.805 6.835 6.865 6.895 6.925 6.942 6.945 6.95 6.955 6.95 6.94 6.935 6.94 6.96 6.99 7.018 7.05 7.07 7.065 7.055 7.05 7.07 7.09 7.093 7.1 7.103 7.098 7.093 7.078 7.065 7.075 7.115
6.213 6.25 6.285 6.305 6.33 6.36 6.39 6.43 6.49 6.563 6.617 6.635 6.62 6.633 6.695 6.762 6.822 6.83 6.765 6.715 6.708 6.693 6.673 6.665 6.657 6.628 6.588 6.553 6.52 6.508 6.518 6.53 6.543 6.558 6.583 6.625 6.673 6.715 6.755 6.795 6.835 6.873 6.905 6.935 6.965 6.998 7.01 7.005 7.008 7.008 7.003 6.998 6.993 6.99 7.003 7.03 7.058 7.085 7.1 7.095 7.085 7.09 7.108 7.118 7.123 7.13 7.13 7.12 7.11 7.098 7.103 7.125 7.155
6.28 6.34 6.375 6.392 6.413 6.438 6.465 6.513 6.588 6.672 6.725 6.725 6.698 6.713 6.78 6.845 6.875 6.842 6.765 6.745 6.772 6.76 6.733 6.713 6.695 6.67 6.645 6.625 6.608 6.623 6.65 6.66 6.675 6.69 6.708 6.74 6.777 6.805 6.833 6.87 6.908 6.945 6.98 7.01 7.05 7.097 7.11 7.095 7.085 7.078 7.073 7.068 7.063 7.058 7.063 7.085 7.115 7.145 7.16 7.155 7.155 7.18 7.212 7.23 7.237 7.242 7.24 7.23 7.215 7.19 7.188 7.21 7.228
6.368 6.427 6.462 6.478 6.498 6.523 6.555 6.618 6.702 6.785 6.82 6.797 6.773 6.8 6.867 6.902 6.885 6.837 6.778 6.79 6.84 6.832 6.807 6.783 6.768 6.755 6.735 6.715 6.713 6.748 6.782 6.793 6.805 6.82 6.833 6.853 6.875 6.895 6.918 6.948 6.983 7.018 7.053 7.093 7.15 7.21 7.225 7.205 7.185 7.17 7.16 7.148 7.14 7.135 7.133 7.148 7.175 7.203 7.218 7.225 7.248 7.283 7.317 7.34 7.35 7.355 7.35 7.335 7.31 7.28 7.273 7.29 7.305
6.455 6.515 6.55 6.565 6.585 6.608 6.655 6.73 6.807 6.88 6.9 6.865 6.85 6.887 6.927 6.915 6.877 6.833 6.803 6.85 6.91 6.907 6.882 6.858 6.845 6.84 6.825 6.81 6.83 6.88 6.915 6.927 6.938 6.95 6.955 6.965 6.982 6.992 7.003 7.025 7.06 7.095 7.13 7.183 7.25 7.305 7.325 7.312 7.29 7.27 7.253 7.238 7.228 7.22 7.213 7.22 7.245 7.273 7.298 7.325 7.358 7.393 7.428 7.453 7.465 7.47 7.463 7.44 7.41 7.378 7.37 7.395 7.42
6.545 6.605 6.64 6.652 6.667 6.683 6.73 6.807 6.875 6.932 6.955 6.933 6.928 6.95 6.945 6.91 6.873 6.828 6.83 6.912 6.98 6.982 6.957 6.933 6.918 6.92 6.915 6.915 6.955 7.012 7.047 7.06 7.07 7.075 7.072 7.077 7.087 7.085 7.088 7.108 7.14 7.175 7.21 7.268 7.332 7.37 7.4 7.412 7.395 7.373 7.35 7.335 7.323 7.31 7.3 7.32 7.36 7.39 7.423 7.458 7.49 7.525 7.563 7.593 7.61 7.615 7.62 7.615 7.59 7.558 7.553 7.583 7.61
6.627 6.68 6.71 6.722 6.73 6.738 6.778 6.85 6.91 6.957 6.987 6.987 6.985 6.975 6.945 6.913 6.878 6.843 6.875 6.977 7.05 7.057 7.032 7.007 6.99 6.995 7.007 7.033 7.085 7.145 7.177 7.182 7.185 7.182 7.18 7.18 7.175 7.168 7.173 7.193 7.223 7.255 7.293 7.35 7.397 7.418 7.452 7.492 7.497 7.477 7.455 7.438 7.42 7.405 7.403 7.445 7.505 7.54 7.57 7.605 7.642 7.678 7.715 7.752 7.777 7.788 7.807 7.83 7.83 7.81 7.805 7.825 7.83
6.685 6.71 6.73 6.752 6.772 6.788 6.823 6.882 6.935 6.982 7.015 7.025 7.022 7 6.965 6.938 6.913 6.89 6.93 7.027 7.097 7.11 7.092 7.072 7.058 7.065 7.088 7.13 7.187 7.24 7.27 7.277 7.277 7.275 7.272 7.265 7.258 7.253 7.258 7.278 7.305 7.335 7.377 7.425 7.45 7.463 7.498 7.55 7.582 7.58 7.56 7.54 7.52 7.505 7.518 7.575 7.645 7.69 7.723 7.758 7.795 7.833 7.87 7.91 7.942 7.962 7.985 8.015 8.04 8.047 8.05 8.05 8.033
6.705 6.703 6.733 6.768 6.808 6.838 6.863 6.905 6.955 7.005 7.04 7.052 7.055 7.04 7.013 6.99 6.97 6.95 6.975 7.045 7.1 7.128 7.132 7.125 7.12 7.13 7.153 7.195 7.252 7.297 7.322 7.337 7.347 7.352 7.352 7.345 7.337 7.333 7.34 7.362 7.39 7.42 7.455 7.485 7.5 7.51 7.543 7.595 7.645 7.67 7.66 7.64 7.62 7.608 7.638 7.71 7.785 7.837 7.875 7.912 7.95 7.99 8.027 8.065 8.102 8.132 8.16 8.187 8.212 8.235 8.247 8.245 8.228
6.753 6.748 6.79 6.833 6.875 6.897 6.905 6.928 6.97 7.02 7.055 7.07 7.077 7.077 7.065 7.045 7.025 7.005 7.02 7.07 7.12 7.165 7.182 7.18 7.18 7.19 7.213 7.245 7.295 7.34 7.365 7.382 7.395 7.405 7.41 7.405 7.398 7.405 7.423 7.438 7.462 7.495 7.52 7.537 7.55 7.56 7.588 7.635 7.687 7.73 7.745 7.735 7.715 7.7 7.735 7.815 7.885 7.942 7.99 8.03 8.07 8.11 8.147 8.185 8.222 8.257 8.29 8.315 8.335 8.355 8.37 8.382 8.395
6.852 6.855 6.89 6.932 6.962 6.965 6.958 6.96 6.988 7.035 7.07 7.085 7.092 7.097 7.1 7.09 7.07 7.05 7.068 7.125 7.182 7.23 7.247 7.243 7.24 7.25 7.268 7.285 7.323 7.367 7.4 7.422 7.435 7.447 7.452 7.448 7.458 7.49 7.512 7.515 7.525 7.55 7.575 7.59 7.597 7.6 7.623 7.67 7.72 7.765 7.795 7.802 7.795 7.78 7.808 7.88 7.94 7.997 8.055 8.102 8.145 8.185 8.225 8.262 8.292 8.32 8.357 8.397 8.425 8.445 8.462 8.48 8.533
6.952 6.963 6.992 7.022 7.027 7.022 7.015 7.01 7.018 7.05 7.085 7.1 7.102 7.1 7.112 7.122 7.11 7.09 7.113 7.18 7.245 7.295 7.312 7.307 7.303 7.31 7.325 7.333 7.355 7.395 7.427 7.452 7.472 7.49 7.498 7.508 7.545 7.59 7.61 7.61 7.61 7.618 7.63 7.635 7.632 7.628 7.65 7.703 7.755 7.797 7.825 7.842 7.852 7.853 7.88 7.937 7.99 8.043 8.102 8.162 8.21 8.25 8.292 8.325 8.342 8.36 8.4 8.457 8.505 8.535 8.555 8.595 8.683
7.042 7.065 7.085 7.092 7.085 7.08 7.075 7.07 7.065 7.073 7.095 7.107 7.105 7.103 7.118 7.137 7.145 7.133 7.155 7.225 7.295 7.355 7.377 7.372 7.368 7.37 7.38 7.388 7.398 7.425 7.455 7.48 7.505 7.53 7.558 7.595 7.645 7.687 7.705 7.705 7.702 7.695 7.687 7.678 7.665 7.67 7.7 7.743 7.79 7.83 7.855 7.875 7.893 7.915 7.953 7.998 8.043 8.09 8.148 8.212 8.27 8.315 8.352 8.375 8.388 8.403 8.44 8.5 8.557 8.605 8.65 8.72 8.815
7.12 7.15 7.162 7.158 7.15 7.145 7.14 7.135 7.13 7.123 7.123 7.123 7.115 7.113 7.123 7.14 7.163 7.17 7.2 7.27 7.34 7.407 7.437 7.433 7.433 7.443 7.453 7.458 7.46 7.47 7.495 7.528 7.56 7.595 7.64 7.69 7.74 7.78 7.79 7.78 7.767 7.75 7.735 7.723 7.718 7.74 7.775 7.808 7.845 7.873 7.89 7.91 7.93 7.983 8.042 8.08 8.118 8.155 8.205 8.268 8.33 8.377 8.402 8.417 8.432 8.448 8.478 8.528 8.582 8.64 8.712 8.797 8.882
7.19 7.222 7.24 7.237 7.23 7.223 7.218 7.213 7.207 7.195 7.175 7.163 7.155 7.153 7.16 7.175 7.195 7.213 7.253 7.32 7.393 7.462 7.492 7.49 7.508 7.542 7.56 7.558 7.555 7.555 7.568 7.6 7.64 7.68 7.725 7.777 7.82 7.835 7.837 7.832 7.815 7.795 7.78 7.775 7.79 7.823 7.855 7.887 7.92 7.932 7.935 7.95 7.985 8.068 8.142 8.177 8.207 8.235 8.28 8.34 8.392 8.427 8.445 8.46 8.477 8.495 8.52 8.553 8.6 8.66 8.733 8.822 8.912
7.252 7.29 7.315 7.32 7.315 7.308 7.303 7.297 7.287 7.265 7.238 7.223 7.218 7.218 7.228 7.242 7.252 7.265 7.308 7.375 7.447 7.517 7.55 7.563 7.605 7.655 7.675 7.672 7.67 7.668 7.668 7.685 7.72 7.76 7.807 7.852 7.862 7.84 7.84 7.857 7.855 7.84 7.83 7.84 7.87 7.905 7.935 7.965 7.99 7.992 7.983 7.995 8.063 8.167 8.237 8.267 8.29 8.313 8.355 8.407 8.445 8.47 8.485 8.5 8.523 8.545 8.57 8.595 8.628 8.678 8.748 8.838 8.932
7.3 7.355 7.39 7.402 7.398 7.392 7.387 7.38 7.363 7.338 7.315 7.298 7.288 7.285 7.293 7.302 7.305 7.318 7.363 7.43 7.5 7.57 7.618 7.658 7.715 7.767 7.787 7.785 7.785 7.782 7.78 7.785 7.805 7.842 7.882 7.892 7.865 7.835 7.838 7.86 7.875 7.88 7.89 7.915 7.948 7.982 8.015 8.045 8.057 8.048 8.033 8.06 8.158 8.267 8.327 8.35 8.37 8.39 8.42 8.455 8.485 8.51 8.528 8.545 8.57 8.595 8.62 8.645 8.67 8.703 8.765 8.858 8.955
7.35 7.425 7.462 7.48 7.48 7.475 7.47 7.463 7.448 7.43 7.413 7.395 7.38 7.375 7.373 7.365 7.358 7.37 7.423 7.5 7.58 7.66 7.718 7.765 7.825 7.88 7.902 7.9 7.898 7.895 7.895 7.895 7.9 7.918 7.93 7.92 7.9 7.898 7.915 7.935 7.953 7.963 7.973 7.995 8.025 8.06 8.095 8.117 8.117 8.108 8.115 8.18 8.292 8.377 8.412 8.43 8.45 8.47 8.488 8.508 8.533 8.555 8.58 8.608 8.635 8.663 8.69 8.718 8.745 8.77 8.828 8.928 9.03
7.402 7.487 7.53 7.55 7.555 7.553 7.555 7.562 7.558 7.543 7.528 7.513 7.5 7.498 7.495 7.48 7.465 7.483 7.543 7.628 7.72 7.81 7.867 7.895 7.938 7.99 8.015 8.015 8.012 8.01 8.01 8.01 8.01 8.005 7.998 7.995 8.005 8.035 8.065 8.082 8.087 8.082 8.078 8.083 8.105 8.137 8.17 8.182 8.183 8.2 8.25 8.342 8.442 8.492 8.5 8.508 8.525 8.545 8.563 8.58 8.6 8.618 8.655 8.7 8.73 8.76 8.79 8.82 8.85 8.873 8.93 9.037 9.15
7.447 7.545 7.597 7.615 7.622 7.628 7.643 7.67 7.68 7.67 7.655 7.64 7.63 7.63 7.64 7.637 7.635 7.673 7.738 7.81 7.893 7.98 8.04 8.055 8.068 8.105 8.127 8.125 8.128 8.13 8.13 8.13 8.125 8.113 8.105 8.115 8.145 8.185 8.212 8.217 8.207 8.198 8.19 8.185 8.193 8.215 8.24 8.258 8.285 8.338 8.41 8.495 8.567 8.6 8.598 8.59 8.6 8.62 8.64 8.657 8.672 8.688 8.735 8.802 8.845 8.875 8.905 8.932 8.957 8.975 9.028 9.135 9.252
7.485 7.602 7.665 7.68 7.69 7.7 7.727 7.77 7.797 7.797 7.783 7.768 7.758 7.763 7.777 7.793 7.82 7.875 7.945 8.01 8.077 8.155 8.207 8.22 8.22 8.233 8.243 8.243 8.248 8.25 8.252 8.252 8.238 8.223 8.23 8.258 8.295 8.332 8.347 8.337 8.325 8.315 8.305 8.297 8.295 8.303 8.328 8.37 8.425 8.487 8.555 8.622 8.682 8.71 8.702 8.688 8.685 8.698 8.715 8.73 8.74 8.755 8.805 8.887 8.952 8.99 9.02 9.042 9.06 9.075 9.12 9.207 9.3
7.545 7.66 7.727 7.74 7.742 7.75 7.795 7.86 7.902 7.917 7.91 7.895 7.888 7.898 7.913 7.94 7.985 8.045 8.112 8.177 8.245 8.305 8.345 8.367 8.375 8.375 8.373 8.373 8.375 8.375 8.377 8.372 8.355 8.35 8.375 8.41 8.437 8.457 8.46 8.45 8.44 8.427 8.412 8.397 8.385 8.383 8.415 8.475 8.535 8.595 8.655 8.717 8.782 8.812 8.802 8.785 8.773 8.775 8.788 8.8 8.81 8.825 8.875 8.957 9.037 9.095 9.127 9.148 9.168 9.188 9.213 9.248 9.303
7.645 7.722 7.77 7.777 7.775 7.778 7.83 7.92 7.99 8.032 8.037 8.023 8.02 8.03 8.045 8.08 8.13 8.188 8.25 8.315 8.377 8.412 8.445 8.49 8.515 8.52 8.515 8.51 8.51 8.505 8.495 8.487 8.483 8.49 8.512 8.535 8.547 8.552 8.555 8.547 8.527 8.505 8.485 8.465 8.445 8.44 8.478 8.542 8.605 8.665 8.725 8.79 8.855 8.89 8.885 8.865 8.855 8.86 8.87 8.88 8.89 8.903 8.948 9.028 9.112 9.187 9.237 9.267 9.292 9.315 9.325 9.323 9.34
7.715 7.77 7.797 7.802 7.805 7.805 7.853 7.952 8.05 8.125 8.155 8.15 8.15 8.158 8.178 8.223 8.277 8.333 8.39 8.45 8.49 8.505 8.538 8.592 8.637 8.657 8.657 8.652 8.642 8.625 8.603 8.595 8.602 8.61 8.62 8.627 8.633 8.64 8.645 8.63 8.595 8.56 8.535 8.515 8.493 8.488 8.53 8.6 8.667 8.733 8.795 8.855 8.91 8.95 8.955 8.943 8.943 8.95 8.96 8.97 8.977 8.985 9.025 9.102 9.185 9.262 9.327 9.377 9.42 9.447 9.452 9.445 9.435
7.748 7.795 7.823 7.828 7.833 7.838 7.883 7.978 8.08 8.177 8.252 8.277 8.277 8.285 8.318 8.37 8.422 8.477 8.53 8.57 8.588 8.6 8.635 8.688 8.743 8.785 8.792 8.777 8.755 8.73 8.708 8.7 8.712 8.717 8.718 8.72 8.723 8.73 8.73 8.705 8.665 8.625 8.588 8.56 8.538 8.538 8.585 8.658 8.73 8.803 8.868 8.918 8.963 9.007 9.027 9.03 9.035 9.04 9.05 9.057 9.063 9.068 9.103 9.173 9.25 9.325 9.393 9.46 9.525 9.552 9.542 9.527 9.51
7.845 7.87 7.89 7.9 7.913 7.928 7.97 8.05 8.143 8.243 8.34 8.39 8.395 8.41 8.452 8.505 8.555 8.607 8.657 8.695 8.715 8.728 8.76 8.81 8.863 8.907 8.907 8.878 8.852 8.83 8.808 8.803 8.82 8.83 8.83 8.828 8.825 8.825 8.815 8.785 8.745 8.705 8.66 8.63 8.618 8.638 8.705 8.785 8.86 8.935 8.99 9.008 9.03 9.075 9.107 9.117 9.122 9.13 9.137 9.143 9.15 9.155 9.188 9.258 9.333 9.408 9.48 9.555 9.607 9.61 9.59 9.573 9.555
8.007 8.02 8.028 8.038 8.055 8.075 8.115 8.18 8.258 8.35 8.445 8.495 8.505 8.528 8.57 8.622 8.672 8.717 8.767 8.82 8.862 8.885 8.91 8.957 9.005 9.032 9.02 8.98 8.948 8.925 8.905 8.905 8.925 8.942 8.947 8.942 8.935 8.917 8.9 8.88 8.845 8.805 8.765 8.745 8.743 8.783 8.877 8.972 9.05 9.125 9.162 9.145 9.133 9.158 9.19 9.202 9.208 9.215 9.222 9.23 9.24 9.253 9.295 9.368 9.443 9.518 9.592 9.657 9.675 9.655 9.635 9.618 9.6
