EGM722_Project_Data/DTM_asc/TL4861.asc
ncols         200
nrows         200
xllcorner     548000.000
yllcorner     261000.000
cellsize      5
NODATA_value  -9999.0
[rows 0 to 34 of 200, columns 79 to 157 of 200]
4.248 4.33 4.407 4.483 4.585 4.765 4.952 5.035 4.772 4.206 4.34 5 5.235 5.09 4.85 4.785 4.802 4.742 4.643 4.633 4.705 4.787 4.792 4.675 4.42 4.08 3.92 3.92 3.92 3.92 3.92 3.92 4.005 4.117 4.1 4 3.93 3.952 3.97 3.93 3.885 3.787 3.673 3.63 3.63 3.63 3.63 3.63 3.63 3.633 3.638 3.648 3.668 3.7 3.745 3.79 3.827 3.86 3.885 3.885 3.86 3.832 3.8 3.775 3.77 3.77 3.77 3.77 3.77 3.77 3.77 3.77 3.77 3.77 3.77 3.77 3.77 3.77 3.775
4.233 4.31 4.39 4.495 4.67 4.902 5.07 4.94 4.41 4.393 4.992 5.28 5.255 5.115 4.92 4.802 4.74 4.633 4.538 4.548 4.64 4.725 4.692 4.472 4.14 3.938 3.92 3.92 3.92 3.92 3.92 4.015 4.127 4.082 3.987 3.868 3.755 3.778 3.805 3.768 3.73 3.688 3.648 3.63 3.63 3.63 3.63 3.633 3.638 3.645 3.655 3.668 3.683 3.703 3.733 3.768 3.8 3.83 3.857 3.86 3.84 3.82 3.795 3.775 3.77 3.77 3.77 3.77 3.77 3.77 3.77 3.77 3.77 3.77 3.77 3.773 3.778 3.783 3.788
4.223 4.3 4.383 4.548 4.797 5.045 5.09 4.61 4.448 4.987 5.292 5.222 5.113 5.017 4.88 4.75 4.638 4.538 4.475 4.51 4.622 4.665 4.525 4.213 3.973 3.92 3.92 3.92 3.92 3.92 4.02 4.147 4.065 3.925 3.87 3.765 3.665 3.665 3.675 3.658 3.64 3.625 3.618 3.617 3.617 3.61 3.61 3.635 3.66 3.67 3.68 3.695 3.71 3.722 3.735 3.753 3.78 3.81 3.84 3.845 3.825 3.805 3.785 3.77 3.765 3.765 3.768 3.77 3.77 3.77 3.77 3.77 3.77 3.77 3.778 3.792 3.805 3.815 3.825
4.22 4.295 4.41 4.633 4.92 5.162 4.803 4.468 4.955 5.305 5.217 5.07 4.97 4.892 4.777 4.653 4.558 4.495 4.458 4.503 4.6 4.56 4.285 4.005 3.92 3.92 3.92 3.92 3.92 4.025 4.162 4.06 3.87 3.79 3.743 3.678 3.633 3.633 3.635 3.635 3.635 3.617 3.59 3.585 3.58 3.56 3.563 3.625 3.685 3.7 3.71 3.725 3.737 3.74 3.74 3.75 3.773 3.8 3.827 3.832 3.815 3.795 3.775 3.76 3.755 3.758 3.768 3.775 3.773 3.77 3.77 3.77 3.77 3.77 3.783 3.81 3.84 3.86 3.87
4.228 4.293 4.463 4.735 5.047 4.917 4.528 4.865 5.292 5.21 5.053 4.92 4.833 4.765 4.678 4.588 4.53 4.49 4.455 4.497 4.537 4.337 4.038 3.92 3.92 3.92 3.92 3.92 4.033 4.182 4.085 3.845 3.715 3.678 3.655 3.638 3.633 3.637 3.64 3.64 3.632 3.602 3.56 3.545 3.535 3.508 3.51 3.59 3.687 3.727 3.737 3.745 3.747 3.742 3.738 3.745 3.765 3.79 3.815 3.817 3.802 3.785 3.765 3.75 3.747 3.755 3.77 3.78 3.775 3.77 3.77 3.77 3.77 3.77 3.78 3.81 3.852 3.887 3.91
4.25 4.338 4.588 4.922 4.937 4.566 4.778 5.265 5.232 5.065 4.895 4.773 4.705 4.65 4.603 4.565 4.527 4.485 4.45 4.472 4.345 4.05 3.92 3.92 3.92 3.92 3.92 4.03 4.197 4.117 3.855 3.693 3.643 3.63 3.63 3.633 3.637 3.64 3.642 3.64 3.617 3.577 3.533 3.508 3.49 3.46 3.463 3.543 3.662 3.732 3.747 3.75 3.745 3.74 3.735 3.74 3.76 3.782 3.805 3.805 3.787 3.77 3.747 3.727 3.72 3.73 3.752 3.762 3.757 3.755 3.755 3.76 3.767 3.77 3.777 3.805 3.845 3.88 3.912
4.318 4.513 4.845 4.972 4.633 4.693 5.17 5.245 5.117 4.955 4.778 4.66 4.605 4.568 4.548 4.53 4.505 4.475 4.442 4.31 4.058 3.92 3.92 3.92 3.92 3.92 4 4.185 4.185 3.963 3.738 3.63 3.63 3.63 3.63 3.635 3.64 3.64 3.642 3.627 3.59 3.545 3.5 3.467 3.44 3.41 3.413 3.49 3.6 3.652 3.66 3.667 3.67 3.675 3.677 3.68 3.69 3.702 3.74 3.762 3.745 3.725 3.702 3.675 3.63 3.61 3.635 3.647 3.645 3.645 3.657 3.68 3.697 3.71 3.73 3.76 3.792 3.82 3.865
4.493 4.802 5.012 4.71 4.618 5.067 5.215 5.105 4.992 4.857 4.693 4.578 4.533 4.508 4.493 4.475 4.458 4.445 4.335 4.075 3.92 3.92 3.92 3.92 3.92 3.945 4.11 4.235 4.12 3.925 3.73 3.63 3.63 3.63 3.63 3.635 3.64 3.64 3.61 3.56 3.527 3.49 3.445 3.412 3.39 3.365 3.358 3.427 3.502 3.505 3.495 3.5 3.512 3.525 3.527 3.527 3.53 3.555 3.632 3.685 3.675 3.655 3.635 3.602 3.525 3.448 3.438 3.452 3.455 3.465 3.503 3.54 3.56 3.588 3.63 3.67 3.698 3.733 3.805
4.76 5.037 4.777 4.553 4.967 5.18 5.07 4.96 4.853 4.74 4.6 4.5 4.47 4.455 4.448 4.438 4.425 4.355 4.135 3.95 3.92 3.92 3.92 3.92 3.92 4.048 4.165 4.132 4.05 3.907 3.728 3.63 3.63 3.63 3.633 3.637 3.64 3.607 3.515 3.443 3.428 3.41 3.375 3.345 3.33 3.315 3.303 3.342 3.375 3.355 3.338 3.335 3.345 3.35 3.345 3.343 3.36 3.428 3.537 3.602 3.602 3.585 3.565 3.525 3.442 3.34 3.273 3.26 3.275 3.308 3.36 3.4 3.428 3.47 3.52 3.568 3.608 3.668 3.76
5.007 4.827 4.463 4.802 5.142 5.035 4.925 4.818 4.718 4.62 4.515 4.45 4.435 4.428 4.425 4.42 4.382 4.195 3.98 3.92 3.92 3.92 3.92 3.92 4.04 4.192 4.087 3.923 3.875 3.807 3.695 3.63 3.63 3.633 3.637 3.637 3.605 3.517 3.408 3.345 3.33 3.32 3.3 3.278 3.265 3.255 3.245 3.245 3.243 3.225 3.205 3.195 3.188 3.173 3.163 3.168 3.22 3.325 3.445 3.515 3.525 3.515 3.495 3.447 3.36 3.26 3.16 3.113 3.138 3.185 3.238 3.283 3.325 3.375 3.425 3.475 3.538 3.625 3.727
4.88 4.48 4.638 5.04 5.023 4.93 4.82 4.728 4.645 4.555 4.473 4.43 4.425 4.42 4.415 4.407 4.25 4.01 3.92 3.92 3.92 3.92 3.92 4.058 4.247 4.16 3.885 3.73 3.7 3.678 3.648 3.63 3.63 3.635 3.637 3.62 3.55 3.445 3.35 3.295 3.278 3.263 3.245 3.23 3.223 3.215 3.208 3.193 3.173 3.155 3.135 3.12 3.108 3.085 3.063 3.06 3.118 3.23 3.35 3.422 3.442 3.442 3.425 3.372 3.28 3.18 3.108 3.088 3.11 3.155 3.205 3.253 3.3 3.35 3.4 3.445 3.478 3.545 3.665
4.553 4.598 5.002 5.062 4.977 4.857 4.725 4.662 4.62 4.535 4.458 4.42 4.415 4.41 4.405 4.28 4.038 3.92 3.92 3.92 3.92 3.92 4.075 4.295 4.22 3.938 3.718 3.635 3.63 3.63 3.63 3.63 3.627 3.625 3.62 3.585 3.51 3.415 3.323 3.27 3.253 3.237 3.22 3.205 3.198 3.195 3.195 3.18 3.15 3.125 3.105 3.09 3.085 3.077 3.053 3.035 3.063 3.143 3.255 3.33 3.355 3.365 3.355 3.297 3.2 3.135 3.133 3.15 3.168 3.2 3.245 3.29 3.333 3.38 3.43 3.465 3.448 3.44 3.538
4.548 4.96 5.145 5.08 4.94 4.765 4.605 4.558 4.57 4.517 4.445 4.41 4.405 4.4 4.277 4.04 3.92 3.92 3.92 3.92 3.92 4.08 4.322 4.26 3.97 3.738 3.64 3.63 3.63 3.63 3.63 3.625 3.612 3.6 3.587 3.542 3.465 3.38 3.295 3.245 3.228 3.212 3.195 3.183 3.178 3.18 3.185 3.17 3.135 3.1 3.075 3.06 3.055 3.055 3.043 3.038 3.055 3.093 3.173 3.24 3.265 3.285 3.282 3.225 3.165 3.168 3.2 3.22 3.235 3.255 3.288 3.33 3.37 3.413 3.46 3.485 3.455 3.4 3.425
4.885 5.152 5.09 4.917 4.747 4.588 4.468 4.448 4.495 4.49 4.435 4.4 4.395 4.28 4.043 3.92 3.92 3.92 3.92 3.92 4.085 4.337 4.28 4.018 3.785 3.648 3.625 3.625 3.625 3.625 3.637 3.628 3.59 3.57 3.55 3.495 3.418 3.34 3.265 3.22 3.203 3.188 3.17 3.16 3.163 3.168 3.172 3.162 3.13 3.09 3.055 3.038 3.035 3.038 3.038 3.045 3.065 3.085 3.123 3.163 3.183 3.203 3.213 3.198 3.203 3.235 3.265 3.285 3.3 3.315 3.333 3.365 3.405 3.445 3.487 3.53 3.557 3.565 3.59
5.125 5.052 4.823 4.633 4.533 4.44 4.38 4.388 4.435 4.455 4.425 4.39 4.302 4.075 3.925 3.92 3.92 3.92 3.92 4.08 4.342 4.325 4.09 3.89 3.723 3.628 3.615 3.615 3.613 3.62 3.66 3.655 3.59 3.548 3.515 3.457 3.383 3.308 3.248 3.218 3.2 3.183 3.17 3.165 3.17 3.175 3.173 3.16 3.132 3.095 3.055 3.038 3.043 3.048 3.053 3.065 3.083 3.1 3.12 3.14 3.158 3.173 3.19 3.215 3.247 3.282 3.315 3.335 3.347 3.362 3.38 3.375 3.375 3.41 3.452 3.517 3.607 3.692 3.818
5.027 4.77 4.545 4.49 4.448 4.4 4.358 4.358 4.39 4.415 4.405 4.327 4.128 3.953 3.92 3.92 3.92 3.92 4.03 4.315 4.385 4.193 4.02 3.855 3.703 3.625 3.61 3.6 3.6 3.628 3.69 3.692 3.612 3.533 3.485 3.432 3.355 3.293 3.255 3.233 3.218 3.203 3.193 3.193 3.197 3.197 3.182 3.16 3.137 3.107 3.07 3.055 3.065 3.072 3.078 3.09 3.108 3.125 3.145 3.163 3.18 3.197 3.215 3.24 3.275 3.315 3.35 3.372 3.385 3.405 3.432 3.398 3.333 3.323 3.355 3.423 3.52 3.673 3.92
4.785 4.508 4.435 4.45 4.41 4.37 4.348 4.35 4.365 4.38 4.352 4.18 3.98 3.92 3.92 3.92 3.92 3.955 4.202 4.41 4.32 4.155 3.99 3.825 3.685 3.625 3.605 3.585 3.6 3.65 3.72 3.722 3.635 3.533 3.465 3.405 3.338 3.298 3.273 3.25 3.238 3.23 3.22 3.22 3.22 3.205 3.18 3.158 3.14 3.117 3.088 3.075 3.085 3.095 3.103 3.115 3.133 3.15 3.17 3.187 3.203 3.22 3.24 3.268 3.305 3.345 3.382 3.408 3.428 3.458 3.487 3.455 3.365 3.295 3.275 3.345 3.515 3.77 4.075
4.513 4.365 4.395 4.41 4.378 4.365 4.375 4.385 4.388 4.39 4.24 4.005 3.92 3.92 3.92 3.92 3.92 4.09 4.33 4.347 4.24 4.115 3.96 3.795 3.668 3.618 3.595 3.58 3.615 3.68 3.742 3.737 3.652 3.547 3.455 3.385 3.343 3.315 3.29 3.272 3.262 3.257 3.25 3.242 3.227 3.203 3.175 3.153 3.135 3.118 3.1 3.095 3.105 3.115 3.127 3.142 3.157 3.175 3.192 3.21 3.227 3.242 3.26 3.293 3.337 3.38 3.42 3.45 3.478 3.512 3.545 3.522 3.443 3.358 3.29 3.408 3.688 3.96 4.245
4.35 4.31 4.36 4.383 4.38 4.4 4.422 4.43 4.432 4.3 4.043 3.92 3.92 3.92 3.92 3.92 4.053 4.287 4.325 4.195 4.092 4.01 3.905 3.765 3.653 3.612 3.585 3.572 3.605 3.657 3.702 3.705 3.64 3.537 3.445 3.385 3.355 3.33 3.305 3.287 3.277 3.272 3.265 3.25 3.227 3.203 3.175 3.155 3.14 3.125 3.115 3.115 3.125 3.135 3.145 3.155 3.17 3.19 3.207 3.222 3.24 3.257 3.275 3.308 3.355 3.402 3.452 3.497 3.532 3.567 3.6 3.612 3.572 3.495 3.435 3.565 3.955 4.31 4.488
4.353 4.358 4.378 4.398 4.42 4.45 4.47 4.475 4.332 4.055 3.92 3.92 3.92 3.92 3.92 4.05 4.28 4.315 4.185 4.053 3.928 3.838 3.773 3.695 3.635 3.282 3.06 3.023 3.163 3.522 3.605 3.63 3.595 3.5 3.438 3.405 3.37 3.34 3.313 3.293 3.283 3.275 3.265 3.25 3.23 3.207 3.18 3.165 3.16 3.147 3.135 3.135 3.145 3.15 3.15 3.158 3.173 3.193 3.215 3.23 3.245 3.263 3.28 3.313 3.36 3.415 3.48 3.537 3.582 3.62 3.65 3.69 3.707 3.66 3.63 3.74 4.117 4.585 4.75
4.438 4.442 4.445 4.45 4.47 4.5 4.517 4.365 4.065 3.92 3.92 3.92 3.92 3.92 4.048 4.272 4.305 4.175 4.043 3.913 3.79 3.703 3.66 3.637 3.265 2.833 3.005 3.04 3.065 3.113 3.155 3.47 3.537 3.477 3.448 3.435 3.395 3.355 3.32 3.3 3.287 3.275 3.265 3.25 3.23 3.21 3.188 3.175 3.175 3.167 3.155 3.155 3.16 3.155 3.15 3.16 3.178 3.2 3.225 3.24 3.255 3.27 3.285 3.32 3.375 3.44 3.51 3.57 3.62 3.665 3.703 3.743 3.787 3.797 3.825 3.947 4.17 4.53 4.847
4.52 4.52 4.52 4.518 4.525 4.55 4.442 4.12 3.92 3.92 3.92 3.92 3.92 4.048 4.275 4.315 4.195 4.075 3.953 3.835 3.725 3.658 3.642 3.31 2.868 3.108 3.602 3.705 3.61 3.283 3.148 3.173 3.168 3.365 3.465 3.46 3.422 3.375 3.333 3.307 3.292 3.28 3.267 3.25 3.23 3.21 3.193 3.185 3.185 3.183 3.175 3.173 3.17 3.16 3.155 3.165 3.188 3.213 3.235 3.253 3.268 3.283 3.298 3.335 3.4 3.47 3.54 3.6 3.652 3.705 3.752 3.795 3.837 3.882 3.947 4.05 4.198 4.45 4.815
4.567 4.572 4.58 4.585 4.59 4.54 4.247 3.965 3.92 3.92 3.92 3.92 4.048 4.285 4.345 4.245 4.142 4.035 3.925 3.815 3.71 3.655 3.357 2.968 3.148 3.537 3.705 3.795 3.83 3.777 3.612 3.273 3.123 3.168 3.133 3.273 3.407 3.382 3.342 3.305 3.282 3.27 3.255 3.235 3.215 3.198 3.193 3.2 3.205 3.205 3.2 3.195 3.19 3.183 3.18 3.19 3.215 3.24 3.258 3.275 3.293 3.308 3.323 3.365 3.435 3.502 3.565 3.625 3.682 3.737 3.79 3.835 3.878 3.935 3.985 4.055 4.213 4.468 4.795
4.565 4.577 4.592 4.605 4.617 4.387 4.035 3.92 3.92 3.92 3.92 3.948 4.19 4.365 4.28 4.19 4.095 3.995 3.895 3.792 3.655 3.358 3.061 3.205 3.492 3.605 3.718 3.802 3.83 3.795 3.697 3.577 3.495 3.36 3.195 3.155 3.055 3.165 3.35 3.295 3.263 3.238 3.223 3.205 3.188 3.183 3.193 3.21 3.225 3.232 3.232 3.228 3.223 3.22 3.22 3.233 3.257 3.277 3.287 3.303 3.327 3.345 3.36 3.405 3.472 3.532 3.58 3.637 3.705 3.765 3.82 3.865 3.918 3.99 4.023 4.06 4.225 4.488 4.8
4.545 4.56 4.575 4.587 4.432 4.095 3.92 3.92 3.92 3.92 3.92 4.068 4.277 4.295 4.205 4.115 4.022 3.93 3.84 3.607 3.295 3.17 3.405 3.61 3.613 3.705 3.805 3.84 3.832 3.815 3.755 3.68 3.68 3.732 3.707 3.5 3.17 3.135 3.03 3.078 3.3 3.217 3.193 3.178 3.173 3.183 3.198 3.215 3.235 3.252 3.262 3.263 3.26 3.26 3.263 3.277 3.297 3.307 3.313 3.33 3.357 3.38 3.4 3.443 3.5 3.547 3.585 3.64 3.717 3.787 3.845 3.9 3.97 4.05 4.085 4.09 4.238 4.515 4.802
4.527 4.542 4.555 4.425 4.105 3.92 3.92 3.92 3.92 3.92 4.043 4.262 4.312 4.22 4.13 4.037 3.945 3.852 3.59 3.253 3.173 3.49 3.825 3.852 3.82 3.842 3.865 3.845 3.825 3.827 3.815 3.787 3.795 3.81 3.802 3.76 3.642 3.44 3.073 3.065 3.068 3.015 3.212 3.205 3.187 3.2 3.21 3.225 3.248 3.273 3.293 3.303 3.305 3.305 3.307 3.317 3.327 3.332 3.338 3.355 3.383 3.408 3.433 3.47 3.513 3.55 3.585 3.64 3.72 3.798 3.87 3.947 4.03 4.11 4.162 4.145 4.263 4.585 4.837
4.502 4.525 4.47 4.183 3.938 3.92 3.92 3.92 3.92 4.048 4.275 4.33 4.237 4.145 4.052 3.955 3.86 3.565 3.21 3.193 3.412 3.677 3.882 3.95 3.937 3.91 3.867 3.825 3.81 3.82 3.825 3.81 3.787 3.775 3.765 3.747 3.682 3.572 3.455 3.307 3.01 2.963 3.033 2.998 3.175 3.297 3.292 3.285 3.293 3.315 3.34 3.355 3.36 3.355 3.332 3.32 3.33 3.34 3.358 3.383 3.41 3.438 3.463 3.495 3.53 3.565 3.603 3.655 3.73 3.813 3.898 3.985 4.072 4.158 4.25 4.318 4.48 4.735 4.862
4.472 4.505 4.302 4.008 3.92 3.92 3.92 3.92 4.053 4.287 4.342 4.25 4.155 4.057 3.962 3.865 3.54 3.163 3.228 3.452 3.543 3.67 3.865 3.96 3.937 3.892 3.84 3.803 3.798 3.81 3.817 3.8 3.763 3.738 3.728 3.725 3.69 3.597 3.48 3.362 3.245 3.137 2.965 2.925 3.038 3.028 3.202 3.405 3.387 3.385 3.403 3.417 3.407 3.372 3.315 3.288 3.303 3.333 3.388 3.427 3.445 3.47 3.497 3.528 3.563 3.6 3.64 3.69 3.758 3.838 3.922 4.01 4.103 4.205 4.348 4.55 4.74 4.822 4.84
4.457 4.345 4.065 3.92 3.92 3.92 3.92 3.94 4.175 4.347 4.255 4.158 4.062 3.965 3.867 3.507 3.108 3.248 3.577 3.695 3.717 3.758 3.877 3.96 3.927 3.87 3.815 3.783 3.785 3.8 3.812 3.797 3.753 3.713 3.693 3.69 3.68 3.617 3.505 3.393 3.3 3.233 3.182 3.167 3.09 2.948 3.05 3.045 3.173 3.462 3.47 3.462 3.415 3.348 3.278 3.255 3.29 3.358 3.44 3.487 3.498 3.508 3.53 3.56 3.595 3.637 3.68 3.73 3.79 3.86 3.945 4.045 4.16 4.285 4.45 4.652 4.772 4.802 4.823
4.405 4.14 3.92 3.92 3.92 3.92 3.92 4.053 4.227 4.235 4.157 4.065 3.968 3.872 3.477 3.046 3.255 3.667 3.8 3.817 3.832 3.86 3.915 3.945 3.905 3.845 3.79 3.765 3.775 3.792 3.807 3.792 3.747 3.703 3.668 3.655 3.655 3.622 3.548 3.47 3.413 3.367 3.32 3.3 3.315 3.31 3.235 2.973 3.028 3.1 3.178 3.462 3.46 3.382 3.283 3.258 3.325 3.415 3.5 3.55 3.56 3.56 3.567 3.593 3.63 3.673 3.718 3.77 3.828 3.893 3.988 4.11 4.245 4.382 4.53 4.647 4.71 4.758 4.795
4.275 4.003 3.92 3.92 3.92 3.92 4.04 4.235 4.23 4.098 4.035 3.975 3.875 3.447 2.988 3.265 3.75 3.88 3.867 3.833 3.825 3.855 3.895 3.905 3.87 3.815 3.758 3.738 3.755 3.775 3.782 3.772 3.74 3.693 3.653 3.635 3.635 3.627 3.605 3.567 3.52 3.47 3.423 3.408 3.425 3.445 3.455 3.415 3.305 3.023 3.033 3.14 3.15 3.367 3.41 3.347 3.38 3.47 3.55 3.587 3.587 3.585 3.585 3.617 3.67 3.71 3.755 3.81 3.87 3.943 4.053 4.187 4.322 4.457 4.572 4.643 4.688 4.735 4.783
4.093 3.92 3.92 3.92 3.92 3.968 4.185 4.275 4.113 3.955 3.905 3.882 3.457 2.963 3.208 3.767 3.952 3.925 3.89 3.84 3.795 3.795 3.83 3.842 3.822 3.78 3.723 3.703 3.722 3.732 3.715 3.71 3.712 3.68 3.64 3.625 3.63 3.642 3.645 3.622 3.587 3.545 3.503 3.495 3.51 3.52 3.525 3.532 3.515 3.437 3.32 3.073 3.003 3.13 3.138 3.3 3.472 3.517 3.577 3.59 3.58 3.575 3.573 3.618 3.697 3.75 3.795 3.85 3.92 4.008 4.118 4.25 4.385 4.502 4.595 4.662 4.712 4.757 4.8
3.955 3.92 3.92 3.92 3.92 4.09 4.265 4.185 4.012 3.84 3.772 3.485 3.008 3.148 3.672 3.932 3.972 3.95 3.912 3.86 3.8 3.76 3.768 3.775 3.76 3.735 3.688 3.668 3.677 3.66 3.62 3.613 3.64 3.65 3.63 3.62 3.635 3.655 3.665 3.655 3.635 3.607 3.58 3.575 3.58 3.58 3.58 3.588 3.602 3.587 3.512 3.415 3.35 3.218 3.09 3.178 3.153 3.31 3.592 3.585 3.575 3.568 3.56 3.603 3.697 3.777 3.835 3.898 3.985 4.08 4.185 4.315 4.437 4.53 4.61 4.677 4.732 4.782 4.817
3.92 3.92 3.92 3.92 3.978 4.197 4.267 4.087 3.907 3.745 3.45 3.063 3.173 3.582 3.842 3.972 3.98 3.97 3.937 3.885 3.825 3.765 3.725 3.705 3.69 3.677 3.648 3.623 3.605 3.565 3.52 3.51 3.545 3.59 3.613 3.625 3.645 3.665 3.68 3.675 3.655 3.635 3.62 3.617 3.622 3.627 3.635 3.645 3.658 3.672 3.657 3.625 3.622 3.63 3.595 3.437 3.18 3.25 3.223 3.315 3.64 3.627 3.603 3.618 3.695 3.793 3.878 3.963 4.057 4.153 4.255 4.367 4.465 4.545 4.625 4.693 4.75 4.805 4.83
3.92 3.92 3.92 3.92 4.085 4.247 4.15 3.965 3.78 3.49 3.125 3.188 3.567 3.807 3.94 3.98 3.98 3.977 3.95 3.895 3.832 3.767 3.703 3.66 3.643 3.628 3.605 3.578 3.545 3.505 3.465 3.458 3.498 3.558 3.613 3.64 3.655 3.675 3.69 3.685 3.665 3.645 3.63 3.63 3.64 3.653 3.68 3.705 3.715 3.728 3.742 3.765 3.795 3.817 3.81 3.77 3.73 3.637 3.308 3.355 3.423 3.408 3.682 3.735 3.753 3.828 3.93 4.03 4.125 4.22 4.322 4.415 4.495 4.575 4.658 4.72 4.77 4.825 4.852
