EGM722_Project_Data/DTM_asc/TL4860.asc
ncols         200
nrows         200
xllcorner     548000.000
yllcorner     260000.000
cellsize      5
NODATA_value  -9999.0
[rows 33 to 65 of 200, columns 74 to 147 of 200]
8.335 8.363 8.393 8.422 8.442 8.458 8.472 8.487 8.502 8.52 8.54 8.56 8.575 8.58 8.58 8.58 8.573 8.558 8.54 8.525 8.523 8.53 8.54 8.55 8.565 8.585 8.605 8.625 8.645 8.665 8.69 8.715 8.755 8.81 8.86 8.905 8.942 8.977 9.012 9.05 9.085 9.115 9.145 9.172 9.19 9.205 9.22 9.232 9.227 9.197 9.16 9.12 9.105 9.11 9.115 9.125 9.148 9.182 9.215 9.258 9.33 9.42 9.505 9.603 9.73 9.87 10.01 10.145 10.285 10.435 10.58 10.722 10.862 10.997
8.478 8.503 8.527 8.545 8.558 8.573 8.587 8.597 8.61 8.63 8.65 8.677 8.695 8.693 8.69 8.69 8.685 8.673 8.655 8.64 8.64 8.65 8.66 8.668 8.683 8.705 8.725 8.745 8.763 8.78 8.805 8.83 8.868 8.922 8.97 9.007 9.045 9.08 9.115 9.15 9.18 9.21 9.24 9.262 9.267 9.272 9.285 9.297 9.285 9.247 9.21 9.178 9.17 9.175 9.18 9.18 9.193 9.225 9.255 9.288 9.345 9.428 9.512 9.598 9.7 9.83 9.97 10.11 10.247 10.39 10.535 10.68 10.82 10.955
8.623 8.647 8.665 8.67 8.675 8.69 8.702 8.705 8.713 8.73 8.758 8.8 8.822 8.818 8.818 8.823 8.818 8.803 8.788 8.773 8.77 8.78 8.79 8.798 8.813 8.835 8.855 8.875 8.89 8.903 8.923 8.948 8.985 9.035 9.072 9.1 9.135 9.17 9.205 9.242 9.272 9.3 9.327 9.345 9.34 9.328 9.33 9.342 9.332 9.295 9.26 9.24 9.24 9.245 9.245 9.235 9.238 9.265 9.295 9.323 9.37 9.44 9.518 9.603 9.693 9.803 9.935 10.072 10.2 10.328 10.465 10.61 10.752 10.888
8.767 8.785 8.787 8.785 8.792 8.805 8.81 8.81 8.818 8.84 8.88 8.927 8.947 8.948 8.955 8.965 8.96 8.94 8.923 8.908 8.905 8.913 8.92 8.93 8.945 8.965 8.985 9.007 9.025 9.033 9.043 9.065 9.102 9.14 9.165 9.19 9.223 9.258 9.295 9.335 9.365 9.387 9.407 9.422 9.42 9.4 9.385 9.387 9.377 9.348 9.325 9.31 9.31 9.31 9.3 9.285 9.283 9.305 9.332 9.358 9.403 9.465 9.53 9.61 9.7 9.795 9.908 10.035 10.16 10.28 10.405 10.543 10.685 10.83
8.905 8.907 8.903 8.9 8.905 8.91 8.91 8.91 8.925 8.96 9.005 9.052 9.077 9.085 9.095 9.105 9.102 9.085 9.065 9.048 9.043 9.048 9.053 9.06 9.075 9.095 9.118 9.142 9.16 9.167 9.175 9.19 9.215 9.24 9.26 9.283 9.313 9.35 9.388 9.425 9.452 9.47 9.485 9.5 9.5 9.48 9.455 9.44 9.428 9.41 9.395 9.38 9.372 9.362 9.347 9.333 9.328 9.345 9.37 9.393 9.435 9.495 9.555 9.625 9.71 9.8 9.895 10.005 10.123 10.24 10.36 10.483 10.623 10.788
9.025 9.023 9.02 9.023 9.03 9.035 9.035 9.035 9.055 9.098 9.145 9.182 9.202 9.215 9.225 9.235 9.24 9.232 9.215 9.195 9.188 9.193 9.195 9.2 9.215 9.238 9.262 9.28 9.29 9.3 9.31 9.32 9.335 9.358 9.378 9.395 9.418 9.45 9.488 9.522 9.548 9.563 9.578 9.587 9.577 9.555 9.53 9.505 9.485 9.467 9.452 9.437 9.422 9.407 9.392 9.378 9.37 9.383 9.405 9.428 9.468 9.525 9.585 9.648 9.725 9.818 9.91 10.008 10.118 10.233 10.35 10.468 10.615 10.793
9.14 9.14 9.143 9.15 9.165 9.18 9.187 9.19 9.21 9.252 9.287 9.302 9.313 9.327 9.34 9.35 9.362 9.37 9.365 9.35 9.343 9.348 9.353 9.358 9.373 9.397 9.415 9.42 9.425 9.435 9.445 9.455 9.47 9.492 9.51 9.523 9.538 9.56 9.593 9.627 9.652 9.665 9.675 9.675 9.655 9.625 9.598 9.575 9.548 9.518 9.498 9.483 9.467 9.45 9.435 9.42 9.413 9.423 9.438 9.46 9.5 9.553 9.61 9.673 9.75 9.842 9.935 10.03 10.14 10.258 10.378 10.503 10.653 10.835
9.258 9.258 9.268 9.28 9.295 9.315 9.335 9.347 9.365 9.392 9.405 9.41 9.42 9.435 9.452 9.465 9.477 9.492 9.505 9.502 9.497 9.505 9.515 9.522 9.537 9.555 9.56 9.56 9.563 9.57 9.58 9.59 9.605 9.622 9.635 9.648 9.663 9.68 9.703 9.732 9.755 9.76 9.76 9.755 9.735 9.703 9.67 9.645 9.615 9.578 9.548 9.528 9.51 9.493 9.478 9.463 9.458 9.465 9.475 9.493 9.53 9.58 9.635 9.698 9.775 9.865 9.958 10.055 10.165 10.288 10.415 10.545 10.683 10.87
9.375 9.38 9.392 9.405 9.42 9.44 9.462 9.485 9.5 9.507 9.512 9.517 9.527 9.545 9.562 9.577 9.59 9.602 9.617 9.627 9.637 9.65 9.662 9.677 9.69 9.695 9.695 9.695 9.697 9.705 9.715 9.725 9.735 9.745 9.757 9.772 9.787 9.802 9.82 9.84 9.85 9.848 9.843 9.835 9.815 9.785 9.75 9.718 9.685 9.645 9.608 9.578 9.555 9.538 9.523 9.508 9.503 9.51 9.52 9.53 9.56 9.61 9.665 9.725 9.8 9.89 9.983 10.085 10.203 10.33 10.46 10.588 10.715 10.895
9.495 9.505 9.515 9.525 9.538 9.555 9.575 9.597 9.612 9.615 9.618 9.62 9.625 9.64 9.655 9.667 9.682 9.695 9.707 9.722 9.74 9.757 9.772 9.79 9.8 9.802 9.805 9.807 9.822 9.842 9.855 9.862 9.863 9.865 9.877 9.89 9.902 9.917 9.935 9.95 9.95 9.943 9.935 9.925 9.908 9.878 9.843 9.808 9.77 9.73 9.69 9.648 9.615 9.595 9.58 9.565 9.55 9.55 9.56 9.568 9.593 9.64 9.695 9.755 9.833 9.925 10.015 10.12 10.257 10.397 10.525 10.653 10.778 10.918
9.61 9.622 9.635 9.645 9.655 9.668 9.685 9.705 9.717 9.722 9.722 9.72 9.72 9.725 9.735 9.745 9.76 9.775 9.79 9.807 9.823 9.84 9.858 9.875 9.885 9.89 9.898 9.905 9.93 9.967 9.99 9.997 9.995 9.988 9.99 10 10.013 10.028 10.042 10.057 10.06 10.05 10.04 10.03 10.012 9.982 9.947 9.91 9.87 9.83 9.782 9.728 9.688 9.665 9.648 9.632 9.61 9.593 9.593 9.6 9.628 9.675 9.728 9.785 9.865 9.962 10.055 10.158 10.305 10.47 10.607 10.735 10.86 10.97
9.725 9.737 9.75 9.76 9.77 9.78 9.795 9.815 9.825 9.825 9.822 9.818 9.815 9.815 9.818 9.825 9.84 9.858 9.873 9.89 9.907 9.925 9.945 9.965 9.975 9.98 9.99 10.003 10.03 10.075 10.115 10.135 10.132 10.118 10.11 10.115 10.127 10.14 10.15 10.165 10.17 10.16 10.147 10.135 10.117 10.087 10.05 10.01 9.97 9.922 9.862 9.803 9.763 9.74 9.718 9.698 9.677 9.653 9.635 9.633 9.66 9.71 9.76 9.815 9.895 9.995 10.09 10.19 10.335 10.515 10.68 10.817 10.937 11.045
9.84 9.85 9.86 9.87 9.882 9.895 9.907 9.922 9.93 9.925 9.92 9.915 9.91 9.91 9.91 9.913 9.925 9.943 9.958 9.975 9.993 10.01 10.03 10.05 10.065 10.075 10.085 10.1 10.13 10.175 10.222 10.257 10.262 10.25 10.237 10.23 10.235 10.245 10.255 10.267 10.27 10.257 10.242 10.23 10.215 10.185 10.147 10.11 10.062 10.002 9.94 9.88 9.838 9.815 9.792 9.768 9.745 9.72 9.695 9.68 9.7 9.748 9.795 9.85 9.928 10.025 10.123 10.225 10.37 10.548 10.725 10.89 11.017 11.117
9.943 9.955 9.965 9.975 9.99 10.005 10.015 10.025 10.027 10.022 10.017 10.013 10.01 10.01 10.01 10.01 10.018 10.033 10.05 10.07 10.08 10.088 10.105 10.125 10.145 10.16 10.17 10.185 10.21 10.247 10.29 10.33 10.345 10.335 10.322 10.312 10.315 10.325 10.332 10.34 10.34 10.327 10.315 10.305 10.29 10.262 10.227 10.192 10.14 10.075 10.015 9.955 9.913 9.888 9.865 9.842 9.818 9.792 9.768 9.75 9.77 9.815 9.86 9.913 9.988 10.083 10.18 10.283 10.423 10.598 10.775 10.94 11.07 11.172
10.038 10.052 10.065 10.075 10.09 10.105 10.115 10.125 10.125 10.118 10.113 10.108 10.105 10.107 10.11 10.11 10.115 10.13 10.148 10.165 10.17 10.168 10.178 10.195 10.212 10.227 10.243 10.26 10.278 10.3 10.335 10.375 10.39 10.38 10.373 10.37 10.375 10.382 10.388 10.395 10.392 10.38 10.37 10.36 10.345 10.322 10.292 10.26 10.21 10.145 10.085 10.025 9.985 9.962 9.938 9.915 9.89 9.865 9.845 9.835 9.86 9.905 9.95 9.998 10.07 10.167 10.262 10.358 10.49 10.665 10.83 10.965 11.085 11.2
10.133 10.148 10.162 10.175 10.19 10.205 10.217 10.23 10.227 10.215 10.208 10.203 10.2 10.203 10.207 10.21 10.215 10.23 10.245 10.26 10.265 10.258 10.255 10.265 10.28 10.295 10.315 10.335 10.352 10.368 10.39 10.422 10.437 10.433 10.43 10.43 10.433 10.438 10.443 10.45 10.447 10.435 10.423 10.41 10.395 10.375 10.352 10.327 10.282 10.217 10.155 10.098 10.058 10.035 10.012 9.988 9.963 9.943 9.93 9.925 9.95 9.995 10.037 10.08 10.15 10.247 10.342 10.435 10.563 10.72 10.855 10.975 11.095 11.217
10.228 10.243 10.26 10.275 10.288 10.302 10.317 10.33 10.327 10.315 10.305 10.298 10.295 10.298 10.302 10.308 10.315 10.33 10.345 10.357 10.36 10.35 10.343 10.343 10.353 10.37 10.39 10.408 10.425 10.443 10.46 10.48 10.49 10.49 10.49 10.49 10.49 10.495 10.5 10.505 10.503 10.49 10.478 10.462 10.445 10.425 10.402 10.38 10.342 10.282 10.22 10.167 10.13 10.105 10.085 10.062 10.042 10.03 10.02 10.015 10.038 10.08 10.12 10.16 10.23 10.325 10.42 10.515 10.628 10.753 10.868 10.985 11.105 11.228
10.338 10.353 10.37 10.38 10.385 10.4 10.415 10.422 10.42 10.41 10.4 10.393 10.39 10.393 10.398 10.405 10.418 10.433 10.447 10.457 10.455 10.445 10.438 10.438 10.45 10.468 10.483 10.493 10.503 10.52 10.54 10.557 10.565 10.563 10.558 10.553 10.553 10.56 10.565 10.57 10.567 10.555 10.54 10.515 10.488 10.465 10.44 10.415 10.38 10.325 10.268 10.225 10.197 10.172 10.15 10.13 10.115 10.107 10.1 10.098 10.12 10.16 10.2 10.248 10.323 10.418 10.513 10.613 10.72 10.828 10.935 11.045 11.155 11.273
10.463 10.475 10.485 10.485 10.485 10.497 10.507 10.51 10.505 10.495 10.488 10.485 10.487 10.49 10.498 10.51 10.525 10.54 10.55 10.555 10.552 10.545 10.543 10.555 10.572 10.585 10.59 10.588 10.59 10.603 10.62 10.64 10.65 10.645 10.632 10.618 10.618 10.63 10.637 10.642 10.64 10.627 10.6 10.56 10.525 10.498 10.47 10.445 10.41 10.358 10.31 10.28 10.26 10.235 10.213 10.195 10.18 10.175 10.173 10.173 10.195 10.238 10.285 10.345 10.428 10.525 10.628 10.74 10.855 10.955 11.055 11.16 11.26 11.368
10.588 10.592 10.592 10.583 10.583 10.592 10.595 10.595 10.59 10.583 10.58 10.58 10.585 10.593 10.603 10.618 10.632 10.645 10.65 10.65 10.648 10.648 10.66 10.68 10.695 10.7 10.695 10.685 10.685 10.695 10.705 10.72 10.727 10.717 10.7 10.683 10.683 10.697 10.71 10.715 10.707 10.685 10.647 10.603 10.565 10.535 10.503 10.475 10.44 10.398 10.365 10.34 10.32 10.298 10.278 10.26 10.248 10.245 10.248 10.25 10.27 10.32 10.383 10.45 10.535 10.64 10.755 10.875 10.992 11.09 11.18 11.28 11.38 11.48
10.707 10.702 10.695 10.68 10.678 10.682 10.68 10.68 10.678 10.678 10.68 10.68 10.685 10.698 10.71 10.725 10.737 10.743 10.748 10.75 10.753 10.765 10.785 10.805 10.812 10.805 10.795 10.785 10.782 10.79 10.797 10.805 10.802 10.785 10.765 10.75 10.75 10.765 10.78 10.785 10.767 10.73 10.69 10.645 10.605 10.575 10.543 10.51 10.478 10.45 10.425 10.4 10.38 10.36 10.342 10.325 10.317 10.32 10.325 10.33 10.355 10.415 10.485 10.557 10.65 10.765 10.885 11.005 11.125 11.225 11.305 11.392 11.49 11.59
10.81 10.8 10.79 10.778 10.773 10.773 10.77 10.77 10.773 10.78 10.785 10.785 10.793 10.807 10.82 10.835 10.847 10.85 10.853 10.853 10.86 10.88 10.9 10.915 10.91 10.895 10.885 10.875 10.87 10.872 10.88 10.885 10.875 10.855 10.838 10.83 10.838 10.853 10.865 10.865 10.835 10.788 10.743 10.698 10.655 10.62 10.587 10.553 10.525 10.505 10.48 10.452 10.427 10.405 10.387 10.372 10.37 10.375 10.38 10.385 10.415 10.48 10.552 10.627 10.737 10.87 10.99 11.11 11.23 11.322 11.39 11.467 11.557 11.655
10.898 10.89 10.882 10.873 10.865 10.865 10.865 10.865 10.872 10.887 10.895 10.895 10.905 10.92 10.933 10.95 10.965 10.97 10.967 10.958 10.96 10.98 10.995 11 10.99 10.975 10.965 10.953 10.948 10.95 10.955 10.96 10.95 10.933 10.925 10.93 10.942 10.955 10.957 10.945 10.91 10.863 10.818 10.775 10.725 10.673 10.633 10.6 10.575 10.552 10.525 10.495 10.465 10.438 10.415 10.4 10.4 10.405 10.41 10.415 10.448 10.515 10.587 10.66 10.78 10.937 11.07 11.19 11.305 11.385 11.443 11.513 11.595 11.688
10.98 10.977 10.975 10.967 10.958 10.955 10.955 10.958 10.968 10.985 11 11.007 11.018 11.033 11.05 11.07 11.082 11.082 11.075 11.06 11.06 11.075 11.08 11.077 11.067 11.055 11.042 11.028 11.023 11.027 11.032 11.035 11.028 11.02 11.025 11.035 11.045 11.047 11.037 11.02 10.985 10.94 10.9 10.86 10.807 10.745 10.69 10.65 10.625 10.597 10.565 10.533 10.503 10.475 10.448 10.43 10.43 10.435 10.44 10.448 10.483 10.55 10.62 10.69 10.81 10.98 11.137 11.272 11.377 11.445 11.498 11.56 11.64 11.728
11.065 11.063 11.06 11.057 11.052 11.05 11.05 11.053 11.063 11.08 11.1 11.117 11.132 11.147 11.165 11.185 11.192 11.185 11.175 11.16 11.155 11.16 11.157 11.153 11.145 11.132 11.117 11.103 11.098 11.102 11.105 11.108 11.11 11.115 11.125 11.135 11.137 11.127 11.112 11.095 11.062 11.02 10.98 10.94 10.89 10.83 10.765 10.708 10.673 10.643 10.608 10.573 10.543 10.518 10.49 10.468 10.463 10.465 10.47 10.48 10.518 10.585 10.655 10.728 10.848 11.015 11.185 11.342 11.447 11.505 11.555 11.613 11.688 11.773
11.15 11.147 11.143 11.143 11.145 11.145 11.145 11.148 11.16 11.18 11.197 11.215 11.235 11.25 11.265 11.28 11.282 11.275 11.265 11.252 11.243 11.238 11.233 11.23 11.222 11.205 11.187 11.173 11.167 11.17 11.173 11.18 11.19 11.2 11.21 11.217 11.212 11.197 11.182 11.165 11.135 11.095 11.052 11.007 10.955 10.895 10.832 10.775 10.733 10.7 10.668 10.635 10.608 10.583 10.555 10.533 10.525 10.525 10.53 10.54 10.583 10.655 10.728 10.813 10.933 11.09 11.26 11.407 11.502 11.562 11.615 11.668 11.74 11.83
11.23 11.23 11.23 11.235 11.24 11.24 11.24 11.243 11.255 11.275 11.29 11.305 11.325 11.34 11.35 11.352 11.352 11.352 11.345 11.335 11.325 11.315 11.31 11.31 11.297 11.273 11.253 11.238 11.23 11.233 11.24 11.25 11.257 11.265 11.275 11.282 11.277 11.262 11.247 11.23 11.2 11.16 11.115 11.062 11.005 10.945 10.89 10.845 10.808 10.775 10.745 10.718 10.692 10.665 10.64 10.623 10.615 10.615 10.623 10.638 10.683 10.758 10.843 10.943 11.055 11.198 11.362 11.475 11.542 11.612 11.672 11.73 11.805 11.877
11.313 11.313 11.323 11.335 11.34 11.34 11.34 11.34 11.35 11.367 11.38 11.395 11.412 11.422 11.422 11.418 11.418 11.422 11.422 11.417 11.41 11.4 11.393 11.387 11.372 11.345 11.32 11.3 11.293 11.3 11.31 11.32 11.325 11.33 11.338 11.345 11.342 11.328 11.312 11.295 11.265 11.22 11.17 11.117 11.06 11.005 10.96 10.92 10.885 10.855 10.828 10.802 10.778 10.753 10.733 10.715 10.705 10.71 10.723 10.74 10.788 10.873 10.973 11.077 11.183 11.31 11.445 11.52 11.575 11.652 11.722 11.79 11.85 11.882
11.4 11.405 11.42 11.435 11.44 11.44 11.44 11.44 11.448 11.46 11.473 11.488 11.495 11.493 11.485 11.48 11.483 11.49 11.498 11.5 11.495 11.485 11.475 11.465 11.45 11.425 11.395 11.368 11.36 11.37 11.38 11.39 11.395 11.4 11.405 11.41 11.407 11.393 11.378 11.36 11.327 11.277 11.223 11.17 11.12 11.075 11.035 10.995 10.963 10.938 10.913 10.888 10.865 10.845 10.825 10.808 10.803 10.813 10.828 10.845 10.9 11 11.105 11.21 11.315 11.425 11.51 11.55 11.605 11.688 11.773 11.842 11.878 11.893
11.505 11.515 11.53 11.545 11.55 11.55 11.55 11.56 11.565 11.565 11.578 11.592 11.595 11.585 11.575 11.568 11.57 11.583 11.593 11.59 11.58 11.57 11.56 11.553 11.54 11.515 11.485 11.458 11.438 11.435 11.445 11.455 11.462 11.47 11.475 11.48 11.475 11.46 11.445 11.417 11.38 11.335 11.283 11.23 11.183 11.142 11.105 11.07 11.048 11.027 11.003 10.978 10.965 10.955 10.938 10.923 10.92 10.93 10.945 10.955 11.008 11.115 11.22 11.322 11.427 11.522 11.58 11.608 11.66 11.748 11.845 11.92 11.958 11.978
11.625 11.635 11.648 11.662 11.67 11.67 11.678 11.71 11.72 11.698 11.695 11.707 11.71 11.7 11.693 11.685 11.685 11.697 11.7 11.685 11.67 11.663 11.655 11.65 11.637 11.61 11.583 11.56 11.533 11.51 11.51 11.52 11.53 11.537 11.542 11.547 11.542 11.527 11.502 11.462 11.425 11.39 11.345 11.295 11.248 11.208 11.175 11.15 11.135 11.12 11.1 11.075 11.07 11.077 11.07 11.055 11.05 11.062 11.067 11.058 11.103 11.21 11.317 11.42 11.525 11.61 11.66 11.693 11.745 11.835 11.935 12.02 12.075 12.107
11.745 11.755 11.765 11.78 11.79 11.793 11.818 11.87 11.887 11.855 11.828 11.825 11.825 11.815 11.81 11.805 11.805 11.807 11.795 11.778 11.765 11.758 11.753 11.75 11.735 11.708 11.683 11.66 11.635 11.605 11.585 11.585 11.595 11.602 11.61 11.615 11.607 11.585 11.545 11.5 11.465 11.435 11.4 11.357 11.313 11.275 11.25 11.23 11.215 11.205 11.192 11.173 11.17 11.185 11.192 11.185 11.18 11.185 11.172 11.153 11.198 11.303 11.41 11.517 11.622 11.697 11.74 11.778 11.833 11.923 12.025 12.117 12.18 12.22
11.865 11.875 11.885 11.898 11.908 11.925 11.97 12.03 12.052 12.025 11.985 11.958 11.945 11.935 11.93 11.925 11.92 11.91 11.89 11.875 11.865 11.855 11.85 11.85 11.835 11.81 11.787 11.762 11.735 11.705 11.675 11.655 11.655 11.665 11.675 11.682 11.667 11.63 11.585 11.54 11.505 11.475 11.445 11.412 11.38 11.355 11.333 11.31 11.298 11.29 11.28 11.27 11.273 11.288 11.302 11.307 11.305 11.292 11.268 11.245 11.29 11.397 11.502 11.61 11.712 11.78 11.82 11.86 11.918 12.01 12.115 12.212 12.28 12.32
