EGM722_Project_Data/DTM_asc/TL4855.asc
ncols         200
nrows         200
xllcorner     548000.000
yllcorner     255000.000
cellsize      5
NODATA_value  -9999.0
[rows 32 to 63 of 200, columns 73 to 145 of 200]
22.04 24.062 25.967 27.845 29.567 30.62 31.632 32.737 32.879 31.014 27.675 24.638 22.843 22.41 22.498 22.665 22.835 23.002 23.16 23.285 23.365 23.377 23.342 23.313 23.373 23.462 23.495 23.533 23.605 23.733 23.865 23.978 24.125 24.37 24.63 24.5 24.095 23.788 23.946 25.644 29.976 36.712 40.421 40.23 40.012 39.76 39.502 39.245 38.985 38.715 38.435 38.152 37.862 37.565 37.26 36.945 36.63 36.315 36 35.693 35.398 35.102 34.795 34.488 34.195 33.94 33.705 33.46 33.21 32.975 32.755 32.532 32.302
22.92 24.895 26.8 28.705 30.38 31.138 32.317 33.387 32.759 30.357 26.993 24.413 22.911 22.498 22.6 22.767 22.907 23.015 23.152 23.252 23.112 23.05 23.26 23.42 23.557 23.667 23.7 23.73 23.762 23.825 23.922 24.025 24.15 24.38 24.67 24.462 24.01 23.883 24.461 26.452 33.005 39.454 40.664 40.46 40.232 39.995 39.732 39.47 39.21 38.94 38.66 38.38 38.1 37.805 37.492 37.175 36.86 36.545 36.23 35.915 35.608 35.305 34.995 34.685 34.39 34.133 33.895 33.655 33.415 33.185 32.965 32.745 32.522
23.8 25.728 27.633 29.557 31.015 31.863 32.96 33.634 32.512 29.655 26.603 24.403 23.045 22.668 22.762 22.877 22.955 23 23.077 23.05 22.63 22.42 22.698 23.162 23.637 23.802 23.815 23.825 23.832 23.842 23.917 24.035 24.155 24.383 24.677 24.567 24.173 24.038 24.961 27.992 35.426 40.83 40.842 40.652 40.427 40.187 39.925 39.66 39.407 39.145 38.865 38.585 38.31 38.015 37.7 37.385 37.075 36.767 36.452 36.137 35.817 35.5 35.19 34.883 34.593 34.335 34.098 33.86 33.618 33.382 33.16 32.94 32.72
24.655 26.58 28.548 30.515 31.627 32.665 33.729 33.867 32.369 29.198 26.488 24.51 23.173 22.843 22.905 22.95 22.988 23.028 23.07 22.885 22.425 22.218 22.293 22.593 23.19 23.547 23.615 23.682 23.71 23.728 23.845 23.997 24.135 24.375 24.597 24.64 24.475 24.418 25.639 30.196 37.386 41.098 40.967 40.79 40.58 40.345 40.088 39.83 39.59 39.335 39.055 38.778 38.502 38.207 37.893 37.583 37.285 36.982 36.667 36.347 36.018 35.695 35.388 35.088 34.803 34.548 34.312 34.07 33.815 33.57 33.345 33.125 32.905
25.563 27.57 29.617 31.385 32.263 33.252 34.087 33.937 32.212 29.03 26.603 24.655 23.233 22.943 22.972 23 23.028 23.062 23.057 22.707 22.313 22.265 22.295 22.305 22.53 22.878 23.08 23.27 23.493 23.645 23.778 23.945 24.112 24.31 24.442 24.505 24.508 24.901 26.68 32.385 39.07 41.259 41.058 40.915 40.732 40.505 40.255 40.013 39.777 39.522 39.245 38.97 38.695 38.4 38.09 37.79 37.5 37.197 36.877 36.548 36.215 35.895 35.595 35.305 35.02 34.762 34.52 34.265 34.005 33.76 33.535 33.313 33.09
26.625 28.7 30.765 32.09 33.02 33.96 34.217 33.799 31.897 28.945 26.648 24.655 23.278 23.025 23.045 23.065 23.075 23.067 22.897 22.473 22.223 22.237 22.24 22.242 22.245 22.448 22.808 23.165 23.498 23.675 23.783 23.915 24.063 24.193 24.293 24.388 24.48 25.408 28.224 34.647 40.275 41.309 41.14 41.01 40.865 40.67 40.435 40.2 39.965 39.71 39.437 39.162 38.885 38.595 38.295 38 37.71 37.405 37.077 36.745 36.415 36.097 35.802 35.515 35.227 34.96 34.707 34.45 34.193 33.95 33.722 33.497 33.272
27.755 29.84 31.749 32.683 33.605 34.409 34.275 33.644 31.635 28.858 26.56 24.54 23.275 23.05 23.047 23.045 23.032 22.95 22.635 22.24 22.075 22.06 22.055 22.05 22.045 22.243 22.88 23.48 23.69 23.78 23.872 23.958 24.043 24.138 24.238 24.343 24.618 26.021 29.971 36.779 41.126 41.375 41.25 41.12 40.99 40.827 40.615 40.382 40.147 39.897 39.627 39.35 39.072 38.782 38.48 38.182 37.89 37.58 37.25 36.917 36.585 36.272 35.98 35.69 35.4 35.125 34.867 34.612 34.365 34.13 33.9 33.672 33.447
28.877 30.965 32.505 33.393 34.26 34.66 34.51 33.629 31.402 28.69 26.408 24.415 23.2 22.973 22.945 22.92 22.897 22.74 22.393 22.043 21.85 21.795 21.78 21.772 21.758 21.92 22.845 23.677 23.8 23.882 23.96 24.022 24.078 24.153 24.253 24.393 25.053 26.882 31.891 38.678 41.643 41.51 41.38 41.252 41.125 40.967 40.772 40.555 40.322 40.075 39.807 39.533 39.257 38.96 38.645 38.34 38.045 37.732 37.397 37.063 36.73 36.42 36.127 35.835 35.548 35.275 35.015 34.765 34.53 34.3 34.07 33.84 33.615
30 32.034 33.147 34.17 35.122 35.1 34.959 33.734 31.13 28.43 26.21 24.265 23.083 22.85 22.81 22.783 22.757 22.555 22.205 21.895 21.66 21.555 21.52 21.497 21.457 21.52 22.387 23.487 23.867 23.952 24.01 24.06 24.11 24.175 24.288 24.513 25.591 28.344 34.275 40.121 41.794 41.658 41.523 41.39 41.26 41.1 40.91 40.712 40.495 40.247 39.982 39.715 39.442 39.145 38.825 38.508 38.202 37.887 37.55 37.213 36.88 36.568 36.273 35.98 35.693 35.423 35.17 34.93 34.7 34.47 34.24 34.01 33.785
31.12 32.892 33.845 34.923 35.705 35.56 35.319 33.752 30.847 28.153 26.005 24.083 22.965 22.775 22.715 22.665 22.595 22.38 22.063 21.77 21.46 21.218 21.1 21.015 20.968 21.108 21.718 22.857 23.717 23.935 23.997 24.06 24.12 24.193 24.375 24.823 26.324 30.419 37.006 41.353 41.945 41.81 41.675 41.535 41.395 41.23 41.04 40.85 40.652 40.417 40.152 39.885 39.617 39.325 39.005 38.682 38.362 38.04 37.705 37.365 37.028 36.713 36.42 36.13 35.84 35.575 35.335 35.1 34.87 34.64 34.41 34.18 33.952
32.242 33.587 34.775 35.947 36.165 35.982 35.256 33.109 30.14 27.705 25.75 23.828 22.83 22.76 22.69 22.618 22.51 22.303 22.023 21.74 21.29 20.8 20.488 20.325 20.425 20.795 21.318 22.27 23.345 23.815 23.917 23.993 24.08 24.213 24.508 25.286 27.494 32.598 39.113 42.166 42.095 41.96 41.825 41.675 41.53 41.37 41.18 40.99 40.79 40.555 40.29 40.022 39.757 39.467 39.15 38.827 38.502 38.175 37.84 37.5 37.16 36.845 36.555 36.265 35.975 35.715 35.482 35.25 35.02 34.792 34.567 34.34 34.11
33.224 34.175 35.467 36.539 36.242 35.937 34.372 31.43 28.86 26.985 25.22 23.468 22.718 22.775 22.702 22.612 22.497 22.322 22.067 21.677 21.057 20.448 20 19.828 20.06 20.475 21.035 21.95 23.01 23.62 23.797 23.915 24.065 24.265 24.653 25.951 29.179 34.708 40.243 42.384 42.247 42.102 41.942 41.79 41.667 41.52 41.33 41.13 40.91 40.665 40.4 40.135 39.872 39.585 39.27 38.945 38.62 38.295 37.96 37.622 37.285 36.97 36.68 36.388 36.095 35.838 35.61 35.38 35.15 34.925 34.707 34.485 34.255
34.052 35.055 36.242 36.602 35.96 35.052 32.73 29.658 27.668 26.175 24.535 23.185 22.718 22.787 22.705 22.59 22.462 22.32 22.087 21.48 20.71 20.133 19.693 19.588 19.795 20.128 20.738 21.675 22.607 23.192 23.577 23.892 24.117 24.35 24.973 26.931 31.003 36.897 41.386 42.534 42.38 42.202 42.035 41.91 41.81 41.665 41.467 41.25 41.022 40.777 40.513 40.25 39.99 39.702 39.385 39.063 38.74 38.415 38.08 37.745 37.413 37.098 36.805 36.512 36.22 35.963 35.735 35.505 35.275 35.053 34.84 34.622 34.398
34.8 36.027 37.159 36.762 35.817 34.04 31.173 28.503 26.883 25.547 24.088 23.068 22.785 22.785 22.685 22.563 22.435 22.307 21.992 21.203 20.383 19.828 19.44 19.42 19.618 19.855 20.39 21.242 22.048 22.68 23.312 23.825 24.115 24.435 25.513 28.066 32.813 39.046 42.476 42.655 42.455 42.283 42.155 42.05 41.95 41.797 41.585 41.36 41.132 40.887 40.625 40.365 40.105 39.815 39.495 39.175 38.855 38.53 38.197 37.865 37.535 37.223 36.928 36.635 36.345 36.085 35.858 35.63 35.4 35.18 34.967 34.752 34.538
35.653 36.902 37.534 36.667 35.339 33.055 30.03 27.666 26.243 24.997 23.693 22.93 22.805 22.767 22.687 22.57 22.448 22.32 21.9 21.018 20.225 19.7 19.303 19.258 19.45 19.643 20.068 20.823 21.698 22.435 23.08 23.677 24.045 24.556 26.143 29.384 34.753 40.563 42.931 42.71 42.523 42.4 42.295 42.187 42.07 41.9 41.682 41.457 41.23 40.985 40.725 40.465 40.202 39.912 39.595 39.275 38.955 38.632 38.305 37.975 37.645 37.343 37.057 36.763 36.47 36.21 35.985 35.76 35.53 35.305 35.085 34.87 34.663
36.562 37.746 37.434 36.167 34.462 31.935 29.16 27.07 25.66 24.383 23.288 22.805 22.74 22.7 22.687 22.61 22.49 22.302 21.812 20.945 20.193 19.723 19.325 19.155 19.25 19.43 19.82 20.583 21.67 22.52 23.008 23.553 24.065 24.913 26.926 30.953 36.93 41.731 43.017 42.768 42.638 42.535 42.427 42.302 42.155 41.975 41.765 41.542 41.317 41.075 40.813 40.55 40.285 39.995 39.682 39.362 39.04 38.722 38.402 38.075 37.745 37.45 37.182 36.897 36.605 36.345 36.118 35.89 35.66 35.43 35.2 34.98 34.778
37.302 37.772 36.857 35.73 33.795 31.033 28.545 26.69 25.205 23.818 22.97 22.735 22.635 22.59 22.612 22.61 22.53 22.225 21.625 20.833 20.168 19.735 19.335 19.095 19.103 19.228 19.573 20.4 21.655 22.72 23.242 23.605 24.228 25.506 27.931 32.728 39.211 42.908 43.19 42.925 42.773 42.662 42.535 42.385 42.225 42.045 41.84 41.625 41.402 41.16 40.897 40.632 40.367 40.08 39.767 39.447 39.125 38.808 38.492 38.172 37.848 37.553 37.29 37.022 36.74 36.48 36.25 36.02 35.79 35.56 35.325 35.095 34.893
38.084 37.522 36.345 35.422 33.325 30.31 27.993 26.322 24.71 23.368 22.76 22.63 22.525 22.478 22.497 22.535 22.505 22.125 21.44 20.715 20.128 19.687 19.248 19.033 19.055 19.11 19.445 20.32 21.583 22.805 23.487 23.813 24.513 26.201 29.386 34.91 41.018 43.564 43.362 43.098 42.908 42.767 42.615 42.455 42.292 42.112 41.91 41.7 41.482 41.24 40.98 40.715 40.45 40.165 39.85 39.53 39.212 38.895 38.577 38.26 37.945 37.658 37.395 37.132 36.862 36.613 36.382 36.15 35.92 35.69 35.455 35.22 35.013
38.469 37.422 36.343 35.197 32.752 29.608 27.275 25.535 23.975 23.045 22.728 22.568 22.427 22.365 22.365 22.36 22.382 22.055 21.345 20.673 20.073 19.56 19.155 19 19.05 19.12 19.503 20.488 21.842 22.982 23.552 24.023 25.001 27.111 31.216 37.334 42.348 43.759 43.478 43.21 43.007 42.84 42.68 42.52 42.355 42.172 41.97 41.76 41.542 41.305 41.05 40.785 40.52 40.232 39.917 39.6 39.29 38.98 38.663 38.348 38.043 37.765 37.502 37.237 36.975 36.74 36.52 36.288 36.055 35.825 35.59 35.355 35.145
38.367 37.17 36.562 35.087 32.105 28.915 26.528 24.695 23.398 22.885 22.742 22.51 22.2 22.105 22.127 22.115 22.257 22.03 21.343 20.718 20.09 19.473 19.078 19.008 19.105 19.228 19.633 20.705 22.21 23.192 23.548 24.22 25.658 28.209 33.181 39.579 43.348 43.9 43.6 43.31 43.078 42.905 42.745 42.582 42.415 42.23 42.025 41.81 41.587 41.352 41.102 40.842 40.577 40.287 39.975 39.668 39.37 39.065 38.75 38.445 38.153 37.878 37.61 37.345 37.088 36.858 36.65 36.43 36.198 35.965 35.732 35.5 35.285
38.177 37.203 36.794 34.944 31.535 28.363 26.02 24.235 23.153 22.755 22.337 21.785 21.503 21.655 21.787 21.89 22.185 22.015 21.375 20.782 20.16 19.48 19.07 19.088 19.232 19.37 19.768 20.858 22.337 23.205 23.525 24.421 26.446 29.609 35.183 41.413 44.056 44.027 43.722 43.42 43.16 42.97 42.81 42.645 42.475 42.287 42.077 41.855 41.63 41.395 41.145 40.892 40.632 40.345 40.04 39.745 39.455 39.153 38.845 38.553 38.268 37.993 37.725 37.458 37.2 36.97 36.765 36.56 36.34 36.107 35.875 35.645 35.425
37.825 37.262 36.742 34.769 31.24 27.973 25.613 23.875 22.82 22.22 21.443 20.756 20.723 21.138 21.443 21.735 22.127 22.022 21.435 20.852 20.212 19.493 19.098 19.168 19.335 19.488 19.918 21.093 22.465 23.187 23.643 24.888 27.391 31.311 37.165 42.611 44.441 44.15 43.847 43.542 43.25 43.03 42.867 42.702 42.535 42.34 42.12 41.897 41.672 41.435 41.185 40.935 40.685 40.412 40.12 39.83 39.54 39.245 38.952 38.67 38.385 38.107 37.84 37.57 37.31 37.08 36.875 36.675 36.47 36.247 36.015 35.787 35.57
37.143 36.675 36.074 34.489 31.215 27.666 25.198 23.513 22.408 21.603 20.78 20.335 20.508 20.923 21.28 21.593 21.967 21.99 21.512 20.907 20.217 19.463 19.093 19.198 19.385 19.56 20.125 21.427 22.615 23.175 23.848 25.5 28.303 32.821 38.954 43.463 44.577 44.272 43.962 43.645 43.325 43.083 42.915 42.747 42.575 42.37 42.145 41.925 41.705 41.472 41.225 40.975 40.727 40.472 40.197 39.91 39.62 39.332 39.05 38.767 38.485 38.217 37.957 37.69 37.428 37.195 36.988 36.785 36.585 36.37 36.14 35.915 35.715
36.586 35.97 35.28 34.257 31.454 27.553 24.763 23.075 22.027 21.218 20.5 20.303 20.62 21.02 21.3 21.483 21.75 21.905 21.597 20.925 20.167 19.42 19.085 19.22 19.42 19.63 20.415 21.827 22.752 23.123 24.028 26.021 29.176 34.226 40.574 44.298 44.682 44.367 44.045 43.715 43.385 43.128 42.952 42.777 42.587 42.377 42.155 41.938 41.725 41.502 41.262 41.015 40.765 40.515 40.257 39.982 39.695 39.41 39.128 38.845 38.573 38.32 38.075 37.815 37.553 37.318 37.103 36.895 36.695 36.48 36.253 36.043 35.87
36.405 35.529 34.776 34.01 31.316 27.332 24.355 22.448 21.41 20.803 20.488 20.47 20.75 21.092 21.317 21.463 21.635 21.837 21.647 20.902 20.09 19.37 19.075 19.24 19.445 19.853 20.973 22.317 22.95 23.328 24.461 26.686 30.328 35.968 42.083 44.853 44.717 44.412 44.097 43.77 43.44 43.173 42.982 42.795 42.595 42.385 42.17 41.96 41.75 41.527 41.292 41.052 40.805 40.555 40.305 40.045 39.77 39.488 39.208 38.935 38.668 38.418 38.18 37.932 37.678 37.44 37.223 37.01 36.805 36.593 36.383 36.2 36.04
35.802 33.716 31.103 29.98 28.682 26.214 23.388 21.556 21.013 20.803 20.787 20.795 20.932 21.155 21.325 21.467 21.61 21.78 21.595 20.835 20.013 19.32 19.138 19.553 20.053 20.663 21.792 22.827 23.318 23.903 25.11 27.338 31.526 37.772 43.153 44.949 44.662 44.375 44.08 43.775 43.465 43.205 43.005 42.81 42.61 42.403 42.193 41.985 41.775 41.553 41.318 41.08 40.838 40.59 40.34 40.088 39.832 39.568 39.298 39.03 38.763 38.513 38.275 38.037 37.798 37.568 37.353 37.135 36.923 36.723 36.54 36.37 36.208
30.557 28.77 26.302 25.477 25.428 24.152 21.963 20.921 20.912 20.91 20.91 20.915 20.992 21.135 21.272 21.41 21.548 21.672 21.44 20.73 20.035 19.626 19.798 20.493 21.267 21.915 22.61 23.262 23.732 24.253 25.51 27.836 32.674 39.899 44.298 44.83 44.54 44.252 43.967 43.68 43.425 43.22 43.033 42.84 42.64 42.435 42.225 42.015 41.81 41.595 41.36 41.12 40.88 40.638 40.39 40.14 39.893 39.65 39.397 39.133 38.868 38.615 38.378 38.148 37.93 37.718 37.503 37.285 37.068 36.875 36.705 36.535 36.38
25.222 24.846 24.378 24.095 23.545 22.321 21.088 20.6 20.61 20.62 20.658 20.738 20.865 21.015 21.15 21.283 21.525 21.572 21.225 20.838 20.53 20.543 21.065 21.705 22.195 22.64 23.05 23.44 23.81 24.218 25.723 28.344 34.274 41.96 44.951 44.68 44.393 44.108 43.825 43.578 43.395 43.235 43.062 42.877 42.68 42.475 42.268 42.063 41.865 41.655 41.42 41.18 40.94 40.7 40.457 40.21 39.96 39.725 39.495 39.245 38.98 38.728 38.498 38.283 38.085 37.882 37.667 37.45 37.23 37.035 36.865 36.708 36.578
23.605 23.34 23.143 22.943 22.433 21.705 20.795 20.233 20.243 20.298 20.408 20.555 20.715 20.872 21.015 21.358 21.655 21.553 21.393 21.403 21.442 21.61 21.992 22.307 22.472 22.712 23.055 23.36 23.655 24.266 26.101 29.045 36.66 43.769 44.722 44.5 44.247 43.973 43.735 43.558 43.412 43.255 43.083 42.905 42.72 42.52 42.315 42.118 41.925 41.715 41.48 41.24 41 40.76 40.517 40.272 40.028 39.795 39.575 39.345 39.092 38.848 38.633 38.435 38.247 38.05 37.832 37.61 37.388 37.193 37.038 36.908 36.793
21.963 22.16 22.45 22.31 22.03 21.645 20.703 19.945 19.955 20.088 20.253 20.415 20.578 20.743 21.095 21.7 21.915 21.825 21.887 21.95 22.03 22.145 22.242 22.308 22.405 22.635 22.957 23.27 23.575 24.471 26.598 30.553 38.996 44.754 44.528 44.328 44.12 43.903 43.73 43.58 43.433 43.275 43.103 42.928 42.752 42.568 42.373 42.178 41.985 41.775 41.54 41.3 41.063 40.825 40.583 40.338 40.095 39.865 39.645 39.425 39.198 38.978 38.782 38.595 38.41 38.215 37.995 37.77 37.545 37.363 37.238 37.122 37.008
21.321 21.855 22.33 22.113 21.84 21.56 20.715 19.918 19.878 20.018 20.185 20.353 20.518 20.693 21.287 21.94 22.092 22.097 22.105 22.13 22.187 22.25 22.295 22.335 22.368 22.443 22.7 23.125 23.533 24.743 27.227 33.056 41.118 44.698 44.493 44.29 44.095 43.925 43.775 43.625 43.47 43.305 43.133 42.958 42.788 42.62 42.442 42.25 42.055 41.845 41.61 41.373 41.148 40.92 40.68 40.438 40.195 39.965 39.745 39.528 39.315 39.113 38.923 38.737 38.552 38.36 38.147 37.925 37.703 37.545 37.447 37.335 37.22
21.308 21.712 22.097 21.992 21.795 21.54 20.84 20.14 20.018 20.075 20.193 20.355 20.52 20.785 21.392 21.962 22.11 22.115 22.143 22.205 22.282 22.352 22.405 22.425 22.367 22.263 22.31 22.585 23.053 24.796 27.9 35.61 43.244 44.727 44.54 44.347 44.155 43.983 43.83 43.675 43.51 43.34 43.168 42.998 42.835 42.675 42.51 42.327 42.135 41.925 41.693 41.468 41.26 41.04 40.8 40.56 40.323 40.095 39.875 39.663 39.458 39.255 39.055 38.863 38.677 38.487 38.287 38.075 37.858 37.715 37.637 37.54 37.428
