EGM722_Project_Data/DTM_asc/TL4857.asc
ncols         200
nrows         200
xllcorner     548000.000
yllcorner     257000.000
cellsize      5
NODATA_value  -9999.0
[rows 0 to 32 of 200, columns 74 to 147 of 200]
11.108 11.122 11.137 11.153 11.175 11.207 11.235 11.255 11.295 11.347 11.39 11.43 11.467 11.497 11.522 11.547 11.54 11.498 11.455 11.418 11.405 11.418 11.433 11.45 11.475 11.508 11.542 11.58 11.612 11.635 11.66 11.687 11.71 11.73 11.745 11.755 11.767 11.772 11.765 11.75 11.73 11.71 11.688 11.67 11.655 11.635 11.612 11.588 11.58 11.595 11.612 11.617 11.605 11.585 11.565 11.55 11.545 11.545 11.542 11.538 11.543 11.558 11.575 11.598 11.635 11.682 11.715 11.735 11.75 11.757 11.765 11.775 11.772 11.755
11.145 11.158 11.172 11.188 11.21 11.24 11.27 11.297 11.335 11.38 11.42 11.457 11.49 11.515 11.537 11.562 11.56 11.525 11.485 11.445 11.43 11.442 11.455 11.468 11.493 11.53 11.565 11.6 11.635 11.66 11.682 11.705 11.72 11.73 11.742 11.755 11.762 11.757 11.742 11.727 11.707 11.685 11.663 11.643 11.625 11.608 11.59 11.57 11.568 11.585 11.605 11.617 11.61 11.59 11.565 11.543 11.535 11.535 11.535 11.532 11.54 11.56 11.58 11.6 11.627 11.66 11.685 11.705 11.717 11.723 11.73 11.74 11.74 11.725
11.18 11.193 11.208 11.225 11.245 11.27 11.3 11.327 11.347 11.372 11.41 11.447 11.475 11.495 11.517 11.542 11.555 11.537 11.502 11.465 11.45 11.46 11.47 11.48 11.505 11.542 11.577 11.607 11.635 11.66 11.68 11.7 11.702 11.7 11.712 11.725 11.725 11.715 11.7 11.685 11.675 11.66 11.637 11.615 11.595 11.58 11.565 11.545 11.545 11.565 11.585 11.6 11.595 11.575 11.55 11.525 11.515 11.515 11.515 11.515 11.527 11.55 11.57 11.59 11.61 11.633 11.655 11.675 11.685 11.69 11.7 11.705 11.7 11.685
11.215 11.228 11.248 11.278 11.295 11.303 11.325 11.35 11.355 11.353 11.375 11.415 11.44 11.453 11.473 11.497 11.517 11.522 11.505 11.47 11.455 11.465 11.477 11.49 11.515 11.55 11.577 11.595 11.615 11.64 11.66 11.68 11.677 11.658 11.655 11.665 11.665 11.653 11.64 11.63 11.627 11.627 11.612 11.588 11.568 11.552 11.535 11.515 11.515 11.535 11.555 11.57 11.565 11.545 11.523 11.5 11.49 11.488 11.488 11.49 11.503 11.527 11.55 11.57 11.59 11.61 11.627 11.645 11.655 11.66 11.665 11.66 11.647 11.633
11.253 11.273 11.305 11.342 11.355 11.348 11.353 11.37 11.375 11.36 11.358 11.385 11.41 11.418 11.428 11.45 11.47 11.485 11.492 11.472 11.46 11.47 11.483 11.498 11.522 11.55 11.565 11.575 11.595 11.62 11.64 11.662 11.662 11.633 11.608 11.605 11.605 11.593 11.583 11.575 11.573 11.577 11.575 11.56 11.542 11.525 11.505 11.485 11.483 11.503 11.525 11.54 11.535 11.515 11.495 11.475 11.465 11.462 11.463 11.465 11.478 11.502 11.527 11.55 11.57 11.587 11.6 11.615 11.625 11.625 11.62 11.607 11.593 11.58
11.293 11.325 11.365 11.402 11.415 11.405 11.398 11.398 11.395 11.38 11.363 11.365 11.378 11.383 11.39 11.405 11.423 11.438 11.455 11.462 11.465 11.475 11.487 11.502 11.52 11.535 11.545 11.555 11.572 11.597 11.62 11.642 11.642 11.615 11.58 11.555 11.545 11.535 11.528 11.52 11.518 11.523 11.525 11.525 11.515 11.492 11.47 11.45 11.448 11.467 11.49 11.507 11.507 11.49 11.467 11.445 11.435 11.435 11.438 11.44 11.453 11.478 11.503 11.527 11.545 11.555 11.567 11.582 11.587 11.58 11.567 11.553 11.54 11.53
11.332 11.37 11.41 11.447 11.46 11.452 11.445 11.427 11.407 11.392 11.375 11.358 11.353 11.36 11.37 11.378 11.39 11.405 11.42 11.437 11.45 11.462 11.477 11.49 11.5 11.51 11.52 11.527 11.54 11.562 11.585 11.605 11.61 11.59 11.555 11.52 11.5 11.49 11.483 11.475 11.47 11.475 11.483 11.487 11.48 11.458 11.435 11.415 11.408 11.418 11.435 11.455 11.462 11.45 11.427 11.405 11.402 11.41 11.415 11.42 11.43 11.455 11.48 11.505 11.512 11.508 11.517 11.53 11.53 11.52 11.507 11.498 11.495 11.49
11.365 11.405 11.445 11.482 11.495 11.487 11.472 11.442 11.415 11.397 11.377 11.35 11.34 11.35 11.357 11.36 11.37 11.385 11.397 11.41 11.423 11.437 11.45 11.462 11.475 11.485 11.49 11.488 11.495 11.515 11.535 11.555 11.562 11.55 11.522 11.49 11.47 11.46 11.45 11.44 11.435 11.44 11.448 11.452 11.445 11.425 11.405 11.382 11.365 11.363 11.373 11.39 11.4 11.392 11.375 11.355 11.36 11.382 11.395 11.4 11.41 11.435 11.462 11.49 11.487 11.463 11.455 11.462 11.465 11.455 11.445 11.44 11.447 11.455
11.398 11.437 11.48 11.52 11.532 11.512 11.482 11.448 11.42 11.4 11.375 11.345 11.333 11.337 11.34 11.34 11.348 11.36 11.37 11.38 11.395 11.41 11.42 11.435 11.45 11.455 11.45 11.44 11.445 11.465 11.483 11.5 11.507 11.5 11.485 11.46 11.44 11.43 11.42 11.41 11.408 11.412 11.415 11.42 11.415 11.392 11.37 11.345 11.328 11.323 11.323 11.333 11.337 11.33 11.32 11.305 11.31 11.34 11.365 11.377 11.39 11.415 11.445 11.475 11.472 11.438 11.408 11.4 11.4 11.393 11.388 11.385 11.393 11.407
11.43 11.467 11.51 11.547 11.552 11.52 11.485 11.452 11.423 11.398 11.373 11.345 11.328 11.325 11.325 11.323 11.325 11.335 11.345 11.355 11.368 11.38 11.393 11.407 11.415 11.41 11.403 11.395 11.398 11.415 11.43 11.445 11.452 11.448 11.44 11.425 11.41 11.4 11.39 11.38 11.38 11.385 11.388 11.392 11.385 11.36 11.333 11.308 11.295 11.29 11.285 11.288 11.285 11.275 11.268 11.258 11.265 11.295 11.325 11.347 11.368 11.395 11.425 11.455 11.455 11.42 11.38 11.35 11.338 11.335 11.333 11.33 11.338 11.355
11.455 11.475 11.51 11.545 11.545 11.512 11.48 11.455 11.433 11.405 11.38 11.355 11.335 11.33 11.328 11.323 11.318 11.318 11.325 11.335 11.345 11.358 11.372 11.38 11.377 11.37 11.363 11.355 11.358 11.375 11.39 11.402 11.405 11.398 11.39 11.38 11.372 11.365 11.355 11.35 11.358 11.365 11.37 11.375 11.365 11.34 11.313 11.288 11.273 11.268 11.263 11.26 11.255 11.245 11.235 11.228 11.24 11.27 11.298 11.32 11.345 11.375 11.405 11.43 11.422 11.385 11.345 11.305 11.285 11.285 11.283 11.285 11.3 11.318
11.487 11.478 11.493 11.525 11.525 11.495 11.473 11.462 11.447 11.423 11.4 11.375 11.355 11.35 11.345 11.34 11.328 11.31 11.308 11.315 11.328 11.342 11.347 11.34 11.335 11.335 11.33 11.32 11.325 11.342 11.355 11.365 11.367 11.358 11.345 11.335 11.328 11.323 11.32 11.325 11.34 11.352 11.36 11.365 11.355 11.33 11.305 11.283 11.265 11.255 11.248 11.245 11.24 11.23 11.22 11.215 11.23 11.257 11.28 11.297 11.32 11.35 11.377 11.392 11.377 11.34 11.3 11.26 11.238 11.235 11.243 11.26 11.28 11.295
11.53 11.508 11.495 11.51 11.51 11.485 11.475 11.475 11.462 11.44 11.417 11.392 11.375 11.37 11.365 11.357 11.342 11.32 11.303 11.298 11.31 11.317 11.305 11.29 11.285 11.29 11.295 11.29 11.293 11.307 11.32 11.33 11.332 11.32 11.305 11.295 11.288 11.288 11.295 11.305 11.32 11.335 11.345 11.352 11.345 11.322 11.298 11.275 11.26 11.248 11.238 11.232 11.225 11.217 11.21 11.205 11.218 11.24 11.257 11.27 11.29 11.317 11.337 11.347 11.332 11.295 11.255 11.215 11.193 11.195 11.213 11.237 11.257 11.265
11.57 11.55 11.525 11.513 11.505 11.49 11.485 11.485 11.475 11.452 11.427 11.402 11.387 11.385 11.382 11.375 11.36 11.337 11.312 11.293 11.285 11.278 11.26 11.243 11.235 11.24 11.25 11.255 11.26 11.272 11.285 11.295 11.295 11.283 11.27 11.258 11.253 11.26 11.272 11.285 11.3 11.315 11.325 11.335 11.33 11.31 11.287 11.265 11.25 11.24 11.23 11.22 11.21 11.203 11.198 11.193 11.2 11.217 11.23 11.243 11.26 11.277 11.29 11.3 11.285 11.245 11.205 11.165 11.15 11.167 11.19 11.212 11.225 11.222
11.597 11.58 11.557 11.533 11.51 11.495 11.49 11.487 11.475 11.452 11.427 11.398 11.38 11.38 11.382 11.382 11.367 11.342 11.317 11.292 11.27 11.253 11.238 11.218 11.205 11.21 11.22 11.228 11.23 11.233 11.243 11.255 11.257 11.25 11.237 11.223 11.218 11.225 11.24 11.255 11.27 11.287 11.3 11.31 11.305 11.285 11.265 11.245 11.23 11.217 11.207 11.202 11.197 11.192 11.188 11.18 11.185 11.2 11.21 11.212 11.215 11.225 11.235 11.242 11.225 11.185 11.148 11.115 11.11 11.135 11.16 11.172 11.17 11.162
11.61 11.6 11.582 11.557 11.53 11.503 11.488 11.482 11.47 11.447 11.417 11.383 11.365 11.365 11.37 11.377 11.365 11.34 11.315 11.29 11.27 11.25 11.23 11.203 11.188 11.195 11.205 11.212 11.208 11.198 11.2 11.21 11.217 11.215 11.202 11.19 11.185 11.19 11.203 11.215 11.23 11.252 11.27 11.28 11.275 11.255 11.235 11.213 11.195 11.183 11.175 11.178 11.18 11.182 11.18 11.17 11.175 11.187 11.185 11.162 11.153 11.165 11.172 11.175 11.157 11.12 11.088 11.068 11.07 11.092 11.107 11.102 11.093 11.085
11.62 11.615 11.605 11.582 11.555 11.523 11.495 11.48 11.465 11.437 11.4 11.365 11.35 11.353 11.36 11.37 11.362 11.337 11.313 11.29 11.27 11.245 11.215 11.183 11.17 11.18 11.19 11.197 11.192 11.18 11.17 11.168 11.175 11.175 11.167 11.16 11.155 11.16 11.168 11.175 11.193 11.217 11.237 11.25 11.245 11.222 11.2 11.178 11.16 11.153 11.15 11.155 11.16 11.165 11.167 11.162 11.162 11.157 11.135 11.1 11.088 11.097 11.102 11.105 11.09 11.06 11.038 11.025 11.027 11.037 11.035 11.023 11.013 11.008
11.63 11.623 11.618 11.605 11.577 11.545 11.515 11.488 11.46 11.425 11.385 11.348 11.333 11.343 11.355 11.365 11.36 11.335 11.31 11.287 11.262 11.23 11.195 11.165 11.155 11.165 11.177 11.182 11.175 11.165 11.153 11.143 11.14 11.138 11.133 11.128 11.128 11.133 11.138 11.143 11.158 11.18 11.2 11.217 11.212 11.188 11.165 11.145 11.138 11.14 11.14 11.14 11.14 11.142 11.145 11.147 11.137 11.11 11.078 11.043 11.028 11.03 11.035 11.04 11.03 11.013 10.998 10.985 10.978 10.97 10.96 10.948 10.94 10.943
11.653 11.643 11.638 11.63 11.6 11.56 11.53 11.497 11.46 11.42 11.38 11.338 11.32 11.332 11.347 11.36 11.355 11.332 11.307 11.282 11.253 11.218 11.185 11.158 11.15 11.16 11.17 11.17 11.16 11.15 11.14 11.13 11.123 11.123 11.12 11.115 11.12 11.125 11.128 11.13 11.14 11.16 11.18 11.195 11.187 11.165 11.145 11.14 11.163 11.18 11.18 11.173 11.14 11.113 11.11 11.115 11.1 11.065 11.033 11.003 10.995 11.003 11.008 11.01 11.003 10.99 10.975 10.96 10.948 10.933 10.92 10.903 10.9 10.915
11.688 11.678 11.67 11.66 11.625 11.575 11.538 11.503 11.465 11.425 11.382 11.333 11.31 11.32 11.333 11.345 11.342 11.325 11.302 11.277 11.247 11.213 11.185 11.165 11.16 11.167 11.167 11.16 11.15 11.14 11.13 11.123 11.12 11.125 11.127 11.125 11.13 11.135 11.132 11.13 11.14 11.16 11.175 11.18 11.17 11.15 11.145 11.173 11.22 11.252 11.26 11.245 11.183 11.11 11.08 11.077 11.062 11.028 11 10.98 10.98 11 11.01 11.01 11 10.983 10.968 10.953 10.94 10.927 10.91 10.888 10.888 10.91
11.72 11.712 11.705 11.695 11.66 11.603 11.55 11.51 11.475 11.43 11.38 11.328 11.3 11.308 11.32 11.33 11.33 11.315 11.295 11.272 11.243 11.21 11.188 11.17 11.165 11.167 11.16 11.15 11.14 11.133 11.125 11.12 11.123 11.128 11.133 11.135 11.138 11.14 11.135 11.128 11.135 11.152 11.16 11.162 11.155 11.148 11.173 11.22 11.27 11.312 11.335 11.317 11.25 11.16 11.085 11.048 11.025 10.998 10.978 10.963 10.965 10.988 11.005 11.01 11 10.98 10.963 10.948 10.932 10.917 10.895 10.87 10.87 10.895
11.755 11.747 11.74 11.73 11.695 11.635 11.578 11.527 11.482 11.433 11.38 11.33 11.3 11.303 11.315 11.323 11.32 11.305 11.285 11.265 11.24 11.215 11.198 11.18 11.173 11.17 11.16 11.15 11.143 11.138 11.13 11.125 11.13 11.138 11.148 11.16 11.16 11.148 11.135 11.125 11.128 11.138 11.14 11.148 11.158 11.178 11.22 11.27 11.317 11.362 11.402 11.392 11.32 11.227 11.132 11.053 11.01 10.993 10.975 10.958 10.96 10.983 11.005 11.013 11 10.98 10.96 10.943 10.925 10.903 10.878 10.853 10.85 10.88
11.795 11.78 11.77 11.76 11.727 11.67 11.61 11.537 11.485 11.45 11.403 11.355 11.325 11.325 11.333 11.333 11.325 11.313 11.295 11.275 11.255 11.235 11.22 11.215 11.228 11.238 11.23 11.22 11.213 11.208 11.2 11.195 11.198 11.205 11.22 11.24 11.25 11.238 11.218 11.203 11.2 11.21 11.213 11.198 11.193 11.22 11.265 11.315 11.362 11.407 11.455 11.445 11.362 11.262 11.163 11.083 11.055 11.07 11.07 11.05 11.05 11.075 11.077 11.048 11.025 11.01 10.99 10.97 10.948 10.92 10.893 10.868 10.875 10.923
11.845 11.818 11.8 11.792 11.762 11.705 11.63 11.528 11.475 11.467 11.435 11.39 11.363 11.362 11.362 11.355 11.345 11.335 11.32 11.302 11.285 11.268 11.263 11.278 11.312 11.35 11.36 11.35 11.34 11.333 11.33 11.33 11.33 11.33 11.34 11.36 11.38 11.392 11.385 11.365 11.362 11.362 11.335 11.28 11.245 11.265 11.308 11.353 11.4 11.447 11.48 11.452 11.362 11.26 11.178 11.128 11.128 11.175 11.212 11.22 11.222 11.215 11.17 11.103 11.07 11.065 11.052 11.035 11.01 10.98 10.955 10.938 10.96 11.01
11.902 11.868 11.84 11.827 11.797 11.727 11.627 11.513 11.455 11.457 11.45 11.417 11.395 11.392 11.385 11.375 11.365 11.355 11.34 11.325 11.315 11.315 11.33 11.353 11.388 11.437 11.472 11.477 11.47 11.463 11.463 11.467 11.47 11.465 11.465 11.48 11.5 11.522 11.537 11.532 11.512 11.467 11.4 11.33 11.298 11.318 11.353 11.39 11.435 11.472 11.48 11.44 11.355 11.275 11.228 11.193 11.195 11.245 11.3 11.335 11.335 11.29 11.217 11.145 11.11 11.11 11.107 11.097 11.075 11.052 11.04 11.032 11.05 11.072
11.958 11.925 11.893 11.865 11.82 11.727 11.613 11.498 11.435 11.433 11.438 11.433 11.423 11.415 11.405 11.395 11.393 11.398 11.398 11.395 11.39 11.39 11.405 11.428 11.465 11.515 11.562 11.592 11.6 11.6 11.6 11.602 11.605 11.602 11.6 11.605 11.615 11.622 11.63 11.627 11.59 11.522 11.45 11.38 11.35 11.373 11.405 11.437 11.465 11.472 11.467 11.437 11.378 11.33 11.295 11.26 11.265 11.312 11.355 11.372 11.357 11.312 11.255 11.188 11.15 11.15 11.147 11.137 11.122 11.112 11.107 11.102 11.107 11.112
12.015 11.985 11.945 11.897 11.83 11.728 11.613 11.5 11.443 11.443 11.45 11.46 11.46 11.45 11.44 11.44 11.463 11.495 11.517 11.53 11.523 11.5 11.49 11.503 11.54 11.59 11.632 11.662 11.68 11.687 11.69 11.687 11.682 11.677 11.675 11.672 11.665 11.655 11.645 11.63 11.6 11.552 11.495 11.43 11.403 11.427 11.455 11.475 11.48 11.47 11.463 11.447 11.42 11.392 11.362 11.328 11.333 11.365 11.375 11.367 11.34 11.302 11.265 11.217 11.185 11.175 11.165 11.15 11.14 11.137 11.132 11.127 11.13 11.14
12.07 12.025 11.97 11.91 11.835 11.74 11.633 11.53 11.485 11.488 11.495 11.505 11.505 11.495 11.498 11.525 11.567 11.61 11.645 11.672 11.67 11.64 11.61 11.59 11.602 11.635 11.66 11.682 11.702 11.715 11.715 11.702 11.69 11.68 11.675 11.67 11.655 11.635 11.62 11.607 11.585 11.55 11.51 11.465 11.447 11.465 11.48 11.487 11.487 11.48 11.473 11.465 11.45 11.43 11.407 11.382 11.377 11.38 11.367 11.35 11.323 11.29 11.258 11.225 11.2 11.18 11.165 11.15 11.14 11.14 11.135 11.13 11.138 11.152
12.095 12.032 11.97 11.91 11.835 11.745 11.65 11.568 11.535 11.535 11.54 11.547 11.548 11.553 11.58 11.625 11.67 11.71 11.745 11.765 11.755 11.722 11.687 11.65 11.638 11.653 11.67 11.693 11.715 11.725 11.715 11.698 11.685 11.675 11.665 11.657 11.642 11.618 11.598 11.585 11.565 11.53 11.498 11.47 11.46 11.472 11.485 11.49 11.49 11.487 11.485 11.48 11.465 11.442 11.42 11.405 11.39 11.373 11.358 11.34 11.315 11.285 11.258 11.23 11.203 11.18 11.163 11.15 11.143 11.14 11.137 11.133 11.14 11.152
12.093 12.03 11.97 11.908 11.835 11.753 11.668 11.608 11.59 11.59 11.593 11.598 11.608 11.637 11.682 11.727 11.77 11.795 11.802 11.795 11.77 11.737 11.702 11.668 11.655 11.67 11.69 11.71 11.727 11.727 11.71 11.695 11.683 11.67 11.658 11.645 11.628 11.605 11.585 11.567 11.547 11.518 11.49 11.468 11.46 11.473 11.485 11.493 11.495 11.492 11.487 11.48 11.465 11.442 11.42 11.405 11.39 11.37 11.355 11.34 11.317 11.29 11.263 11.235 11.208 11.185 11.163 11.15 11.148 11.143 11.14 11.138 11.143 11.15
12.11 12.05 11.99 11.928 11.873 11.813 11.735 11.68 11.665 11.665 11.665 11.658 11.668 11.71 11.76 11.797 11.827 11.835 11.817 11.802 11.78 11.75 11.717 11.685 11.675 11.69 11.71 11.73 11.745 11.737 11.713 11.695 11.683 11.67 11.657 11.64 11.618 11.595 11.572 11.55 11.53 11.51 11.49 11.47 11.465 11.478 11.49 11.5 11.502 11.495 11.485 11.472 11.458 11.44 11.42 11.405 11.39 11.373 11.358 11.342 11.322 11.297 11.27 11.24 11.215 11.195 11.173 11.158 11.155 11.153 11.15 11.148 11.145 11.145
12.153 12.09 12.033 11.975 11.935 11.9 11.84 11.78 11.755 11.755 11.745 11.715 11.715 11.76 11.792 11.787 11.792 11.822 11.825 11.807 11.787 11.76 11.73 11.703 11.698 11.713 11.73 11.75 11.762 11.75 11.72 11.7 11.688 11.675 11.66 11.637 11.61 11.583 11.558 11.535 11.515 11.498 11.483 11.473 11.475 11.488 11.5 11.507 11.502 11.49 11.48 11.467 11.453 11.435 11.418 11.405 11.39 11.375 11.362 11.347 11.327 11.302 11.275 11.248 11.228 11.21 11.193 11.178 11.17 11.17 11.167 11.16 11.148 11.14
12.195 12.133 12.078 12.023 11.985 11.96 11.925 11.877 11.848 11.835 11.805 11.763 11.762 11.785 11.767 11.72 11.708 11.765 11.815 11.815 11.793 11.768 11.745 11.728 11.73 11.745 11.76 11.775 11.78 11.762 11.73 11.708 11.693 11.677 11.657 11.633 11.605 11.575 11.545 11.52 11.5 11.488 11.483 11.485 11.492 11.5 11.507 11.512 11.505 11.49 11.478 11.465 11.45 11.43 11.415 11.405 11.393 11.38 11.368 11.352 11.333 11.308 11.285 11.265 11.248 11.23 11.215 11.2 11.19 11.187 11.18 11.167 11.153 11.143
