EGM722_Project_Data/DTM_asc/TL4853.asc
ncols         200
nrows         200
xllcorner     548000.000
yllcorner     253000.000
cellsize      5
NODATA_value  -9999.0
[rows 128 to 159 of 200, columns 0 to 72 of 200]
48.732 48.735 48.722 48.71 48.763 48.925 49.077 49.13 49.128 49.118 49.11 49.113 49.145 49.2 49.24 49.255 49.26 49.263 49.29 49.345 49.397 49.425 49.418 49.413 49.448 49.51 49.572 49.6 49.58 49.543 49.52 49.515 49.515 49.518 49.535 49.562 49.582 49.597 49.595 49.583 49.58 49.58 49.562 49.513 49.448 49.39 49.358 49.348 49.343 49.34 49.353 49.385 49.438 49.5 49.517 49.495 49.475 49.46 49.45 49.443 49.435 49.43 49.387 49.3 49.235 49.215 49.228 49.255 49.282 49.295 49.29 49.283 49.283
48.717 48.78 48.787 48.775 48.838 49.01 49.197 49.277 49.265 49.245 49.24 49.27 49.325 49.385 49.415 49.413 49.41 49.413 49.443 49.5 49.56 49.602 49.622 49.657 49.712 49.767 49.792 49.77 49.73 49.693 49.68 49.683 49.678 49.673 49.68 49.698 49.713 49.728 49.733 49.733 49.738 49.732 49.682 49.6 49.52 49.453 49.423 49.42 49.42 49.42 49.438 49.488 49.552 49.615 49.632 49.607 49.58 49.552 49.537 49.532 49.525 49.52 49.482 49.397 49.308 49.248 49.248 49.28 49.313 49.327 49.322 49.317 49.31
48.728 48.783 48.825 48.84 48.913 49.093 49.287 49.41 49.43 49.408 49.41 49.455 49.515 49.572 49.597 49.59 49.585 49.59 49.625 49.685 49.74 49.767 49.8 49.852 49.9 49.945 49.947 49.91 49.873 49.843 49.85 49.872 49.87 49.86 49.858 49.863 49.875 49.89 49.9 49.907 49.905 49.885 49.827 49.735 49.643 49.575 49.55 49.55 49.55 49.525 49.523 49.58 49.647 49.702 49.712 49.682 49.647 49.61 49.59 49.585 49.575 49.57 49.545 49.48 49.395 49.315 49.3 49.335 49.355 49.35 49.342 49.342 49.335
48.87 48.86 48.88 48.9 48.985 49.167 49.352 49.51 49.592 49.592 49.598 49.645 49.705 49.76 49.782 49.778 49.78 49.795 49.835 49.892 49.922 49.908 49.925 49.99 50.047 50.092 50.09 50.055 50.025 50.003 50.02 50.062 50.077 50.07 50.065 50.065 50.07 50.08 50.087 50.082 50.06 50.03 49.972 49.885 49.805 49.748 49.725 49.725 49.707 49.638 49.6 49.65 49.71 49.747 49.742 49.707 49.67 49.633 49.613 49.605 49.595 49.587 49.572 49.537 49.472 49.395 49.38 49.402 49.387 49.353 49.343 49.352 49.35
49.065 49.048 49.03 49.028 49.088 49.238 49.417 49.58 49.715 49.767 49.785 49.835 49.897 49.952 49.972 49.973 49.985 50.005 50.042 50.075 50.065 50.033 50.048 50.115 50.182 50.235 50.237 50.208 50.183 50.165 50.188 50.24 50.275 50.28 50.275 50.275 50.272 50.265 50.255 50.237 50.21 50.177 50.117 50.043 49.98 49.925 49.898 49.882 49.825 49.725 49.678 49.71 49.747 49.767 49.757 49.725 49.69 49.655 49.635 49.625 49.615 49.605 49.59 49.57 49.532 49.473 49.45 49.44 49.392 49.345 49.335 49.352 49.36
49.257 49.243 49.235 49.248 49.275 49.345 49.483 49.642 49.797 49.912 49.972 50.025 50.09 50.145 50.17 50.18 50.195 50.215 50.23 50.22 50.19 50.16 50.178 50.248 50.325 50.39 50.4 50.37 50.343 50.328 50.353 50.408 50.46 50.477 50.462 50.445 50.425 50.4 50.375 50.357 50.337 50.312 50.27 50.215 50.162 50.107 50.067 50.015 49.92 49.808 49.743 49.748 49.767 49.782 49.775 49.745 49.71 49.675 49.655 49.645 49.635 49.625 49.61 49.587 49.562 49.527 49.492 49.45 49.39 49.34 49.328 49.345 49.365
49.453 49.448 49.46 49.48 49.497 49.508 49.573 49.71 49.863 50.012 50.115 50.17 50.23 50.3 50.345 50.362 50.38 50.407 50.412 50.385 50.355 50.335 50.348 50.405 50.49 50.562 50.575 50.542 50.513 50.51 50.548 50.602 50.637 50.627 50.59 50.552 50.52 50.49 50.465 50.45 50.435 50.412 50.38 50.34 50.297 50.252 50.197 50.107 49.995 49.88 49.795 49.773 49.78 49.795 49.792 49.765 49.73 49.695 49.675 49.665 49.655 49.642 49.622 49.597 49.575 49.552 49.512 49.455 49.395 49.345 49.338 49.363 49.39
49.652 49.652 49.665 49.67 49.67 49.665 49.695 49.795 49.933 50.085 50.2 50.26 50.335 50.435 50.495 50.515 50.543 50.59 50.61 50.585 50.568 50.573 50.58 50.598 50.658 50.732 50.75 50.718 50.703 50.723 50.77 50.807 50.79 50.737 50.685 50.643 50.61 50.58 50.555 50.537 50.515 50.48 50.44 50.405 50.37 50.33 50.265 50.165 50.055 49.94 49.853 49.81 49.795 49.805 49.805 49.782 49.75 49.715 49.695 49.685 49.672 49.652 49.628 49.605 49.585 49.562 49.522 49.465 49.395 49.345 49.36 49.405 49.44
49.795 49.82 49.817 49.812 49.808 49.803 49.825 49.905 50.023 50.16 50.272 50.355 50.465 50.582 50.645 50.673 50.72 50.782 50.81 50.8 50.805 50.825 50.837 50.833 50.845 50.902 50.925 50.908 50.918 50.947 50.975 50.962 50.905 50.84 50.788 50.743 50.703 50.67 50.645 50.62 50.582 50.54 50.502 50.465 50.422 50.375 50.305 50.21 50.107 50 49.92 49.87 49.828 49.815 49.81 49.792 49.767 49.738 49.717 49.702 49.682 49.658 49.635 49.612 49.59 49.567 49.53 49.467 49.375 49.333 49.378 49.437 49.487
49.827 49.922 49.952 49.95 49.945 49.94 49.955 50.025 50.135 50.253 50.365 50.478 50.605 50.727 50.805 50.852 50.91 50.967 51.007 51.03 51.05 51.07 51.087 51.087 51.075 51.093 51.112 51.12 51.135 51.15 51.137 51.08 51.01 50.943 50.89 50.848 50.803 50.763 50.73 50.695 50.65 50.603 50.56 50.515 50.465 50.415 50.345 50.253 50.155 50.06 49.99 49.938 49.883 49.84 49.815 49.8 49.783 49.757 49.735 49.713 49.688 49.665 49.645 49.62 49.595 49.575 49.532 49.45 49.353 49.333 49.393 49.455 49.515
49.812 49.95 50.045 50.082 50.085 50.08 50.085 50.145 50.255 50.357 50.465 50.595 50.73 50.857 50.95 51.01 51.065 51.117 51.172 51.222 51.255 51.275 51.295 51.302 51.292 51.292 51.288 51.282 51.292 51.295 51.26 51.188 51.118 51.055 51.013 50.98 50.938 50.895 50.855 50.813 50.763 50.7 50.63 50.57 50.52 50.47 50.4 50.308 50.213 50.125 50.058 50.002 49.947 49.885 49.84 49.825 49.805 49.77 49.743 49.722 49.698 49.675 49.658 49.64 49.62 49.597 49.542 49.44 49.358 49.368 49.433 49.495 49.558
49.797 49.94 50.065 50.165 50.212 50.217 50.215 50.268 50.375 50.455 50.548 50.687 50.83 50.965 51.065 51.13 51.188 51.245 51.305 51.367 51.417 51.445 51.465 51.472 51.473 51.49 51.467 51.41 51.395 51.4 51.365 51.293 51.228 51.175 51.145 51.127 51.1 51.065 51.022 50.97 50.902 50.82 50.728 50.645 50.585 50.535 50.465 50.373 50.28 50.193 50.123 50.067 50.005 49.93 49.88 49.86 49.822 49.77 49.743 49.732 49.712 49.688 49.673 49.665 49.652 49.632 49.572 49.475 49.415 49.435 49.5 49.568 49.63
49.777 49.925 50.052 50.177 50.282 50.337 50.35 50.395 50.482 50.538 50.625 50.772 50.92 51.062 51.175 51.25 51.31 51.373 51.435 51.498 51.56 51.607 51.635 51.645 51.66 51.692 51.672 51.59 51.528 51.508 51.47 51.405 51.35 51.3 51.268 51.255 51.242 51.222 51.175 51.102 51.02 50.93 50.835 50.74 50.66 50.6 50.527 50.435 50.347 50.26 50.188 50.125 50.05 49.97 49.917 49.88 49.822 49.765 49.738 49.732 49.722 49.702 49.688 49.682 49.675 49.662 49.61 49.543 49.513 49.523 49.575 49.64 49.695
49.755 49.907 50.04 50.165 50.29 50.4 50.467 50.525 50.575 50.613 50.708 50.855 51.01 51.173 51.313 51.395 51.448 51.503 51.563 51.625 51.693 51.76 51.802 51.827 51.86 51.897 51.88 51.8 51.713 51.645 51.588 51.53 51.478 51.425 51.385 51.36 51.34 51.32 51.275 51.205 51.127 51.037 50.942 50.85 50.757 50.675 50.592 50.5 50.415 50.33 50.25 50.172 50.09 50.007 49.94 49.882 49.82 49.763 49.73 49.725 49.72 49.71 49.702 49.697 49.692 49.685 49.657 49.63 49.617 49.615 49.65 49.705 49.757
49.74 49.893 50.03 50.155 50.28 50.405 50.52 50.61 50.647 50.688 50.808 50.975 51.15 51.335 51.497 51.585 51.63 51.683 51.753 51.828 51.898 51.95 51.965 51.98 52.015 52.055 52.055 51.99 51.9 51.81 51.725 51.658 51.603 51.55 51.488 51.43 51.397 51.37 51.327 51.27 51.197 51.105 51.01 50.917 50.82 50.72 50.625 50.535 50.447 50.362 50.277 50.192 50.107 50.02 49.94 49.875 49.812 49.75 49.718 49.713 49.708 49.708 49.71 49.707 49.702 49.697 49.69 49.682 49.672 49.673 49.708 49.76 49.807
49.735 49.893 50.033 50.15 50.275 50.403 50.53 50.64 50.71 50.808 50.97 51.153 51.34 51.53 51.697 51.792 51.838 51.91 52.013 52.102 52.155 52.14 52.1 52.1 52.13 52.167 52.18 52.145 52.07 51.98 51.885 51.798 51.73 51.675 51.595 51.5 51.445 51.415 51.372 51.307 51.222 51.127 51.032 50.935 50.83 50.72 50.62 50.53 50.443 50.358 50.273 50.188 50.1 50.008 49.928 49.862 49.798 49.735 49.703 49.698 49.698 49.705 49.71 49.71 49.708 49.702 49.695 49.688 49.69 49.71 49.752 49.8 49.822
49.763 49.948 50.123 50.248 50.353 50.46 50.57 50.673 50.82 51.013 51.188 51.355 51.535 51.722 51.895 51.997 52.055 52.155 52.277 52.357 52.35 52.265 52.213 52.225 52.25 52.282 52.292 52.27 52.225 52.15 52.055 51.958 51.87 51.8 51.715 51.605 51.513 51.46 51.417 51.34 51.24 51.145 51.047 50.94 50.825 50.71 50.61 50.522 50.438 50.353 50.27 50.185 50.092 49.995 49.915 49.85 49.785 49.723 49.688 49.688 49.695 49.705 49.71 49.71 49.71 49.708 49.703 49.708 49.727 49.755 49.79 49.812 49.805
49.83 50.045 50.287 50.45 50.535 50.602 50.673 50.798 51.028 51.257 51.42 51.58 51.748 51.923 52.097 52.212 52.295 52.402 52.487 52.505 52.447 52.365 52.335 52.355 52.375 52.397 52.4 52.377 52.35 52.305 52.222 52.12 52.02 51.925 51.827 51.72 51.61 51.523 51.455 51.365 51.26 51.157 51.047 50.932 50.815 50.7 50.6 50.515 50.432 50.347 50.265 50.18 50.085 49.985 49.905 49.84 49.775 49.713 49.68 49.685 49.695 49.708 49.715 49.715 49.715 49.713 49.712 49.727 49.752 49.777 49.795 49.79 49.77
49.91 50.145 50.44 50.615 50.662 50.723 50.84 51.038 51.287 51.497 51.655 51.815 51.975 52.138 52.305 52.415 52.477 52.542 52.557 52.515 52.478 52.465 52.47 52.49 52.51 52.505 52.48 52.46 52.435 52.4 52.33 52.227 52.12 52.01 51.905 51.8 51.692 51.59 51.485 51.378 51.272 51.162 51.045 50.928 50.81 50.688 50.578 50.49 50.41 50.325 50.242 50.167 50.082 49.985 49.903 49.838 49.775 49.715 49.688 49.695 49.708 49.725 49.738 49.74 49.74 49.722 49.703 49.708 49.73 49.755 49.76 49.745 49.728
49.993 50.208 50.452 50.625 50.725 50.868 51.077 51.307 51.535 51.725 51.877 52.035 52.192 52.345 52.48 52.542 52.55 52.56 52.558 52.545 52.553 52.58 52.607 52.63 52.63 52.585 52.54 52.52 52.49 52.442 52.37 52.275 52.17 52.06 51.955 51.853 51.75 51.65 51.528 51.393 51.278 51.17 51.055 50.932 50.805 50.673 50.55 50.45 50.365 50.283 50.205 50.142 50.077 49.99 49.908 49.842 49.78 49.725 49.705 49.718 49.735 49.757 49.775 49.78 49.767 49.727 49.688 49.673 49.683 49.705 49.71 49.695 49.683
50.108 50.293 50.473 50.65 50.838 51.05 51.28 51.507 51.727 51.917 52.075 52.227 52.377 52.52 52.615 52.63 52.608 52.593 52.603 52.627 52.652 52.677 52.705 52.732 52.712 52.645 52.6 52.572 52.53 52.477 52.402 52.31 52.215 52.11 52.005 51.905 51.807 51.71 51.585 51.435 51.295 51.175 51.06 50.932 50.795 50.658 50.53 50.418 50.32 50.235 50.163 50.105 50.055 49.987 49.912 49.847 49.783 49.735 49.728 49.745 49.767 49.792 49.81 49.807 49.775 49.725 49.685 49.66 49.648 49.655 49.66 49.65 49.645
50.25 50.435 50.62 50.797 50.98 51.188 51.413 51.64 51.868 52.08 52.252 52.398 52.54 52.675 52.732 52.707 52.68 52.67 52.675 52.688 52.71 52.735 52.76 52.787 52.772 52.708 52.653 52.612 52.565 52.512 52.437 52.345 52.252 52.152 52.05 51.952 51.86 51.767 51.645 51.492 51.335 51.188 51.057 50.925 50.785 50.645 50.513 50.395 50.29 50.195 50.123 50.07 50.022 49.97 49.905 49.84 49.778 49.735 49.737 49.762 49.79 49.817 49.835 49.82 49.775 49.723 49.683 49.657 49.633 49.618 49.613 49.61 49.61
50.39 50.575 50.755 50.922 51.118 51.348 51.575 51.8 52.028 52.252 52.435 52.575 52.702 52.797 52.81 52.768 52.75 52.75 52.753 52.758 52.768 52.785 52.81 52.835 52.832 52.78 52.708 52.645 52.592 52.54 52.465 52.372 52.275 52.172 52.065 51.962 51.867 51.775 51.662 51.517 51.36 51.2 51.053 50.915 50.775 50.63 50.485 50.36 50.255 50.168 50.095 50.033 49.98 49.93 49.872 49.81 49.758 49.728 49.723 49.74 49.77 49.8 49.822 49.815 49.772 49.718 49.678 49.653 49.628 49.605 49.585 49.573 49.57
50.502 50.67 50.832 51.01 51.268 51.545 51.775 51.998 52.223 52.445 52.622 52.74 52.825 52.87 52.86 52.835 52.83 52.833 52.837 52.84 52.84 52.848 52.865 52.885 52.897 52.86 52.778 52.695 52.623 52.56 52.482 52.382 52.277 52.17 52.055 51.94 51.835 51.74 51.632 51.5 51.352 51.195 51.045 50.907 50.76 50.595 50.438 50.31 50.218 50.155 50.083 49.998 49.935 49.885 49.83 49.775 49.74 49.725 49.708 49.7 49.72 49.75 49.772 49.777 49.757 49.715 49.673 49.645 49.625 49.612 49.588 49.553 49.535
50.557 50.71 50.88 51.128 51.46 51.757 51.985 52.205 52.427 52.625 52.762 52.842 52.895 52.922 52.918 52.91 52.913 52.917 52.92 52.92 52.92 52.925 52.933 52.94 52.955 52.93 52.852 52.767 52.667 52.572 52.485 52.38 52.272 52.162 52.045 51.925 51.81 51.708 51.597 51.47 51.335 51.187 51.04 50.892 50.722 50.538 50.378 50.273 50.21 50.16 50.085 49.988 49.905 49.845 49.79 49.75 49.735 49.727 49.708 49.68 49.675 49.695 49.715 49.72 49.717 49.7 49.667 49.643 49.632 49.627 49.602 49.558 49.52
50.583 50.753 50.993 51.32 51.677 51.97 52.195 52.415 52.612 52.73 52.8 52.877 52.95 52.987 52.99 52.992 52.997 53 53 53 53.002 53.007 53.007 53.005 53.01 52.98 52.89 52.777 52.66 52.557 52.47 52.375 52.27 52.158 52.04 51.92 51.8 51.685 51.565 51.435 51.305 51.17 51.02 50.847 50.66 50.47 50.33 50.263 50.217 50.17 50.095 49.995 49.895 49.81 49.758 49.74 49.735 49.73 49.712 49.677 49.65 49.645 49.655 49.66 49.662 49.662 49.652 49.642 49.64 49.637 49.615 49.57 49.523
50.623 50.855 51.18 51.537 51.89 52.18 52.405 52.607 52.73 52.755 52.783 52.865 52.957 53.005 53.007 53.005 53 52.992 52.99 52.99 52.992 52.995 52.992 52.99 52.99 52.955 52.85 52.72 52.615 52.53 52.45 52.367 52.27 52.16 52.042 51.92 51.797 51.66 51.517 51.385 51.255 51.125 50.967 50.783 50.598 50.423 50.315 50.268 50.222 50.177 50.105 50.005 49.9 49.795 49.743 49.738 49.732 49.715 49.682 49.647 49.617 49.6 49.603 49.61 49.615 49.62 49.62 49.62 49.62 49.617 49.607 49.577 49.53
50.715 51.035 51.395 51.753 52.102 52.39 52.6 52.73 52.76 52.75 52.765 52.835 52.917 52.955 52.96 52.955 52.94 52.925 52.915 52.908 52.9 52.893 52.888 52.885 52.885 52.862 52.778 52.67 52.585 52.505 52.425 52.345 52.263 52.165 52.045 51.915 51.777 51.607 51.448 51.322 51.195 51.065 50.905 50.725 50.558 50.408 50.318 50.275 50.23 50.185 50.115 50.015 49.907 49.795 49.738 49.73 49.712 49.667 49.618 49.585 49.56 49.543 49.548 49.565 49.575 49.58 49.58 49.58 49.58 49.575 49.575 49.57 49.537
50.89 51.25 51.61 51.97 52.317 52.587 52.727 52.76 52.75 52.74 52.745 52.803 52.877 52.902 52.905 52.91 52.9 52.885 52.87 52.855 52.843 52.828 52.815 52.805 52.798 52.803 52.768 52.688 52.615 52.543 52.468 52.393 52.29 52.145 52.015 51.895 51.732 51.54 51.378 51.255 51.132 51.005 50.855 50.693 50.543 50.408 50.323 50.28 50.237 50.192 50.122 50.022 49.912 49.798 49.733 49.71 49.665 49.603 49.553 49.523 49.5 49.48 49.483 49.507 49.53 49.54 49.54 49.54 49.537 49.533 49.535 49.54 49.53
51.085 51.453 51.82 52.188 52.527 52.727 52.765 52.755 52.748 52.743 52.74 52.77 52.832 52.862 52.855 52.855 52.855 52.845 52.83 52.815 52.805 52.79 52.775 52.76 52.745 52.81 52.87 52.825 52.76 52.695 52.625 52.507 52.247 52.003 51.912 51.835 51.675 51.473 51.313 51.19 51.07 50.947 50.815 50.675 50.535 50.408 50.328 50.285 50.242 50.195 50.122 50.02 49.912 49.803 49.72 49.665 49.6 49.533 49.485 49.46 49.44 49.42 49.42 49.445 49.472 49.492 49.5 49.5 49.495 49.49 49.495 49.5 49.5
51.24 51.663 52.083 52.46 52.715 52.805 52.803 52.795 52.79 52.788 52.778 52.763 52.783 52.827 52.832 52.81 52.803 52.802 52.79 52.775 52.765 52.75 52.735 52.72 52.735 52.88 53.03 53.025 52.958 52.892 52.757 52.46 52.035 51.785 51.75 51.697 51.59 51.422 51.26 51.135 51.015 50.895 50.77 50.64 50.507 50.393 50.32 50.272 50.225 50.175 50.1 49.997 49.892 49.782 49.677 49.595 49.525 49.455 49.41 49.39 49.37 49.355 49.36 49.382 49.408 49.432 49.445 49.445 49.442 49.435 49.432 49.437 49.44
51.62 52.045 52.425 52.702 52.82 52.865 52.88 52.875 52.87 52.865 52.845 52.8 52.768 52.788 52.817 52.8 52.765 52.755 52.747 52.735 52.725 52.71 52.695 52.68 52.763 52.987 53.19 53.225 53.155 53.002 52.67 52.195 51.775 51.603 51.562 51.5 51.43 51.327 51.202 51.085 50.965 50.845 50.72 50.59 50.47 50.373 50.3 50.243 50.19 50.14 50.065 49.962 49.852 49.735 49.62 49.52 49.443 49.375 49.33 49.31 49.295 49.293 49.303 49.32 49.345 49.367 49.375 49.375 49.37 49.355 49.345 49.35 49.368
