EGM722_Project_Data/DTM_asc/TL4859.asc
ncols         200
nrows         200
xllcorner     548000.000
yllcorner     259000.000
cellsize      5
NODATA_value  -9999.0
[rows 160 to 191 of 200, columns 73 to 145 of 200]
14.753 14.728 14.738 14.795 14.902 14.99 15.03 15.055 15.073 15.11 15.178 15.265 15.37 15.472 15.56 15.622 15.665 15.677 15.67 15.688 15.725 15.762 15.787 15.79 15.78 15.765 15.73 15.703 15.702 15.695 15.675 15.655 15.635 15.613 15.588 15.585 15.61 15.64 15.67 15.697 15.717 15.732 15.74 15.73 15.712 15.703 15.703 15.713 15.725 15.717 15.687 15.645 15.618 15.633 15.665 15.69 15.707 15.715 15.717 15.722 15.725 15.725 15.725 15.725 15.725 15.74 15.765 15.785 15.805 15.795 15.752 15.707 15.665
14.7 14.665 14.698 14.803 14.92 14.987 15.01 15.028 15.045 15.078 15.145 15.25 15.37 15.48 15.557 15.607 15.65 15.67 15.68 15.702 15.722 15.73 15.722 15.708 15.695 15.68 15.663 15.66 15.667 15.66 15.643 15.628 15.618 15.6 15.57 15.553 15.568 15.603 15.635 15.665 15.695 15.727 15.737 15.722 15.707 15.715 15.737 15.752 15.765 15.75 15.71 15.665 15.635 15.648 15.683 15.715 15.735 15.742 15.745 15.75 15.755 15.755 15.755 15.755 15.753 15.77 15.807 15.837 15.865 15.86 15.817 15.77 15.725
14.663 14.643 14.703 14.825 14.945 15.002 15.013 15.028 15.043 15.07 15.135 15.24 15.36 15.467 15.537 15.582 15.625 15.655 15.672 15.68 15.675 15.663 15.65 15.638 15.623 15.608 15.605 15.617 15.63 15.627 15.618 15.613 15.607 15.59 15.56 15.533 15.545 15.59 15.625 15.66 15.695 15.717 15.71 15.685 15.673 15.7 15.75 15.78 15.795 15.775 15.73 15.688 15.66 15.673 15.71 15.74 15.752 15.76 15.767 15.775 15.78 15.782 15.782 15.78 15.778 15.793 15.83 15.865 15.885 15.885 15.857 15.81 15.765
14.658 14.675 14.75 14.853 14.972 15.035 15.04 15.053 15.068 15.095 15.145 15.225 15.335 15.437 15.5 15.545 15.59 15.617 15.625 15.62 15.61 15.595 15.58 15.57 15.555 15.54 15.538 15.547 15.56 15.58 15.6 15.605 15.6 15.58 15.553 15.525 15.535 15.582 15.622 15.66 15.695 15.705 15.682 15.648 15.628 15.655 15.722 15.785 15.815 15.795 15.753 15.718 15.695 15.708 15.74 15.76 15.767 15.775 15.783 15.79 15.797 15.802 15.802 15.8 15.8 15.818 15.852 15.87 15.86 15.86 15.867 15.84 15.795
14.68 14.73 14.81 14.895 15 15.065 15.073 15.08 15.095 15.128 15.173 15.228 15.315 15.407 15.465 15.507 15.547 15.567 15.565 15.553 15.54 15.528 15.513 15.5 15.49 15.483 15.468 15.455 15.455 15.493 15.552 15.585 15.592 15.575 15.547 15.52 15.523 15.565 15.612 15.657 15.69 15.687 15.655 15.615 15.585 15.605 15.675 15.755 15.815 15.817 15.785 15.755 15.733 15.74 15.762 15.773 15.78 15.79 15.797 15.803 15.81 15.817 15.82 15.82 15.82 15.837 15.857 15.847 15.823 15.823 15.847 15.852 15.825
14.713 14.787 14.87 14.95 15.04 15.1 15.11 15.113 15.128 15.163 15.207 15.253 15.313 15.38 15.43 15.47 15.5 15.51 15.508 15.5 15.493 15.488 15.48 15.473 15.47 15.47 15.435 15.38 15.355 15.388 15.462 15.527 15.57 15.57 15.54 15.513 15.508 15.54 15.59 15.642 15.672 15.657 15.622 15.585 15.55 15.56 15.625 15.705 15.785 15.82 15.802 15.78 15.762 15.765 15.78 15.788 15.795 15.803 15.81 15.817 15.82 15.825 15.832 15.837 15.84 15.842 15.835 15.818 15.793 15.785 15.807 15.83 15.835
14.75 14.832 14.915 14.997 15.075 15.125 15.14 15.14 15.155 15.19 15.232 15.277 15.322 15.368 15.41 15.453 15.483 15.49 15.49 15.49 15.49 15.49 15.49 15.49 15.49 15.49 15.437 15.335 15.275 15.3 15.373 15.448 15.52 15.562 15.557 15.53 15.505 15.505 15.54 15.592 15.62 15.602 15.567 15.533 15.51 15.525 15.583 15.66 15.745 15.792 15.787 15.773 15.77 15.782 15.795 15.805 15.812 15.818 15.825 15.827 15.815 15.81 15.82 15.835 15.852 15.852 15.835 15.812 15.768 15.74 15.76 15.785 15.802
14.788 14.865 14.947 15.027 15.082 15.12 15.15 15.16 15.175 15.208 15.245 15.288 15.33 15.373 15.418 15.465 15.5 15.51 15.51 15.51 15.51 15.51 15.51 15.51 15.51 15.502 15.435 15.31 15.22 15.228 15.298 15.378 15.462 15.54 15.582 15.567 15.523 15.488 15.485 15.52 15.545 15.527 15.498 15.48 15.48 15.503 15.553 15.623 15.702 15.755 15.76 15.758 15.773 15.795 15.81 15.82 15.827 15.835 15.837 15.822 15.795 15.788 15.808 15.838 15.87 15.877 15.857 15.812 15.733 15.69 15.71 15.732 15.745
14.823 14.9 14.98 15.04 15.07 15.1 15.142 15.172 15.195 15.225 15.26 15.298 15.338 15.385 15.435 15.485 15.522 15.535 15.533 15.53 15.53 15.53 15.53 15.53 15.53 15.507 15.425 15.3 15.185 15.163 15.233 15.32 15.41 15.497 15.572 15.59 15.55 15.505 15.47 15.465 15.473 15.46 15.45 15.455 15.465 15.488 15.535 15.598 15.665 15.72 15.74 15.758 15.785 15.805 15.82 15.83 15.84 15.847 15.84 15.815 15.785 15.785 15.82 15.86 15.897 15.902 15.86 15.782 15.688 15.643 15.658 15.675 15.687
14.858 14.932 14.995 15.03 15.053 15.085 15.127 15.167 15.205 15.24 15.272 15.308 15.35 15.403 15.455 15.507 15.547 15.56 15.557 15.555 15.552 15.55 15.55 15.55 15.55 15.512 15.415 15.295 15.183 15.135 15.185 15.275 15.365 15.452 15.537 15.595 15.585 15.538 15.493 15.455 15.433 15.425 15.43 15.44 15.45 15.475 15.525 15.585 15.642 15.695 15.73 15.757 15.79 15.812 15.825 15.835 15.845 15.852 15.845 15.823 15.795 15.8 15.84 15.88 15.92 15.91 15.832 15.738 15.643 15.595 15.603 15.618 15.632
14.892 14.95 14.987 15.01 15.035 15.07 15.11 15.155 15.205 15.245 15.275 15.315 15.365 15.42 15.475 15.525 15.56 15.57 15.572 15.575 15.575 15.575 15.572 15.57 15.57 15.517 15.413 15.31 15.215 15.155 15.165 15.235 15.322 15.408 15.492 15.572 15.605 15.577 15.535 15.493 15.458 15.44 15.438 15.445 15.453 15.468 15.508 15.562 15.615 15.662 15.697 15.725 15.762 15.8 15.82 15.83 15.84 15.85 15.852 15.837 15.813 15.82 15.86 15.897 15.92 15.882 15.792 15.698 15.603 15.553 15.555 15.57 15.582
14.925 14.953 14.97 14.99 15.015 15.05 15.095 15.148 15.202 15.245 15.28 15.33 15.385 15.438 15.492 15.535 15.56 15.57 15.575 15.58 15.585 15.59 15.587 15.587 15.585 15.53 15.435 15.345 15.255 15.195 15.18 15.208 15.278 15.365 15.45 15.533 15.605 15.62 15.585 15.545 15.513 15.49 15.473 15.468 15.473 15.473 15.483 15.52 15.57 15.612 15.64 15.665 15.703 15.755 15.802 15.825 15.835 15.845 15.855 15.85 15.83 15.84 15.877 15.897 15.887 15.835 15.755 15.665 15.57 15.52 15.518 15.53 15.537
14.955 14.965 14.97 14.98 14.998 15.033 15.085 15.143 15.2 15.248 15.293 15.347 15.402 15.455 15.505 15.54 15.56 15.57 15.575 15.58 15.582 15.585 15.582 15.577 15.562 15.517 15.452 15.38 15.295 15.235 15.215 15.213 15.248 15.323 15.413 15.508 15.602 15.65 15.635 15.6 15.57 15.547 15.523 15.503 15.5 15.492 15.475 15.483 15.52 15.56 15.585 15.608 15.638 15.69 15.757 15.807 15.83 15.84 15.85 15.855 15.848 15.857 15.877 15.87 15.842 15.787 15.712 15.63 15.538 15.488 15.485 15.49 15.49
14.982 14.995 14.992 14.99 14.995 15.03 15.09 15.15 15.208 15.258 15.31 15.365 15.42 15.472 15.51 15.535 15.555 15.567 15.575 15.577 15.57 15.56 15.55 15.535 15.505 15.463 15.42 15.372 15.312 15.27 15.255 15.245 15.248 15.298 15.393 15.495 15.595 15.657 15.67 15.655 15.63 15.605 15.58 15.555 15.535 15.517 15.495 15.478 15.483 15.51 15.535 15.555 15.578 15.625 15.693 15.757 15.81 15.835 15.842 15.85 15.852 15.855 15.85 15.83 15.802 15.747 15.67 15.59 15.505 15.46 15.46 15.463 15.458
15.002 15.015 15.01 15.005 15.008 15.045 15.115 15.177 15.233 15.285 15.338 15.388 15.44 15.485 15.51 15.53 15.55 15.56 15.557 15.547 15.532 15.515 15.5 15.485 15.455 15.418 15.383 15.348 15.31 15.295 15.297 15.29 15.278 15.313 15.405 15.505 15.595 15.647 15.67 15.672 15.652 15.625 15.597 15.575 15.555 15.535 15.515 15.492 15.473 15.473 15.49 15.51 15.53 15.57 15.63 15.695 15.765 15.805 15.812 15.817 15.82 15.812 15.795 15.775 15.755 15.72 15.667 15.6 15.52 15.475 15.47 15.47 15.457
15.017 15.025 15.02 15.015 15.02 15.063 15.14 15.21 15.27 15.322 15.37 15.415 15.46 15.495 15.517 15.535 15.542 15.537 15.517 15.495 15.478 15.463 15.45 15.44 15.425 15.402 15.375 15.345 15.31 15.305 15.327 15.335 15.325 15.353 15.437 15.527 15.59 15.622 15.645 15.65 15.632 15.61 15.588 15.57 15.56 15.545 15.525 15.502 15.473 15.453 15.455 15.47 15.49 15.525 15.578 15.638 15.705 15.745 15.752 15.755 15.755 15.747 15.73 15.71 15.692 15.675 15.652 15.617 15.57 15.527 15.505 15.492 15.472
15.032 15.035 15.03 15.025 15.03 15.075 15.155 15.232 15.3 15.352 15.397 15.44 15.48 15.51 15.525 15.527 15.52 15.502 15.475 15.448 15.425 15.41 15.403 15.4 15.395 15.385 15.37 15.342 15.308 15.305 15.335 15.36 15.367 15.395 15.462 15.525 15.56 15.585 15.61 15.62 15.615 15.605 15.592 15.58 15.57 15.555 15.532 15.502 15.465 15.44 15.433 15.435 15.453 15.49 15.538 15.588 15.648 15.683 15.685 15.685 15.685 15.68 15.665 15.645 15.628 15.61 15.59 15.572 15.555 15.527 15.5 15.48 15.457
15.047 15.045 15.042 15.038 15.043 15.09 15.167 15.235 15.29 15.337 15.385 15.432 15.48 15.51 15.51 15.497 15.485 15.465 15.435 15.405 15.378 15.363 15.363 15.363 15.358 15.353 15.345 15.327 15.303 15.305 15.335 15.365 15.39 15.42 15.462 15.497 15.523 15.55 15.575 15.59 15.595 15.59 15.582 15.577 15.572 15.56 15.532 15.495 15.455 15.428 15.418 15.415 15.428 15.465 15.515 15.565 15.62 15.65 15.648 15.643 15.635 15.623 15.603 15.58 15.562 15.545 15.525 15.508 15.492 15.472 15.445 15.42 15.397
15.065 15.063 15.058 15.05 15.055 15.097 15.157 15.205 15.247 15.288 15.33 15.382 15.44 15.47 15.465 15.453 15.448 15.443 15.423 15.395 15.37 15.358 15.358 15.35 15.335 15.325 15.315 15.305 15.295 15.313 15.35 15.383 15.415 15.437 15.448 15.463 15.49 15.517 15.54 15.557 15.565 15.56 15.555 15.555 15.552 15.542 15.525 15.495 15.453 15.425 15.42 15.43 15.453 15.485 15.533 15.585 15.64 15.672 15.67 15.66 15.645 15.613 15.558 15.515 15.495 15.478 15.46 15.443 15.432 15.415 15.378 15.343 15.32
15.087 15.09 15.08 15.067 15.06 15.078 15.115 15.158 15.202 15.242 15.28 15.325 15.377 15.407 15.405 15.41 15.438 15.452 15.442 15.423 15.403 15.392 15.382 15.362 15.338 15.315 15.3 15.293 15.288 15.32 15.377 15.42 15.455 15.465 15.448 15.44 15.46 15.485 15.505 15.522 15.53 15.528 15.525 15.522 15.515 15.505 15.5 15.49 15.46 15.445 15.46 15.487 15.52 15.55 15.585 15.628 15.68 15.715 15.717 15.71 15.692 15.635 15.54 15.465 15.43 15.413 15.395 15.38 15.375 15.357 15.315 15.27 15.24
15.11 15.12 15.105 15.077 15.053 15.053 15.075 15.113 15.155 15.195 15.235 15.275 15.318 15.353 15.375 15.41 15.457 15.477 15.47 15.457 15.44 15.425 15.405 15.377 15.35 15.32 15.298 15.288 15.283 15.32 15.392 15.452 15.495 15.497 15.47 15.445 15.438 15.453 15.472 15.487 15.495 15.495 15.492 15.485 15.472 15.463 15.46 15.463 15.46 15.465 15.495 15.535 15.572 15.61 15.647 15.685 15.727 15.757 15.762 15.757 15.727 15.647 15.542 15.445 15.378 15.348 15.333 15.325 15.325 15.302 15.255 15.205 15.165
15.145 15.15 15.123 15.083 15.055 15.05 15.058 15.078 15.11 15.15 15.193 15.238 15.285 15.335 15.385 15.435 15.482 15.502 15.495 15.485 15.47 15.447 15.42 15.39 15.36 15.33 15.313 15.303 15.295 15.333 15.403 15.47 15.525 15.53 15.5 15.467 15.438 15.43 15.44 15.453 15.463 15.463 15.455 15.443 15.428 15.425 15.433 15.443 15.455 15.465 15.483 15.515 15.557 15.602 15.647 15.69 15.73 15.76 15.765 15.76 15.725 15.64 15.54 15.44 15.348 15.293 15.278 15.275 15.272 15.245 15.195 15.145 15.1
15.217 15.2 15.168 15.13 15.1 15.088 15.085 15.088 15.098 15.125 15.173 15.228 15.285 15.345 15.405 15.46 15.507 15.525 15.515 15.502 15.485 15.46 15.43 15.4 15.37 15.348 15.345 15.34 15.335 15.37 15.433 15.497 15.547 15.55 15.52 15.485 15.45 15.43 15.43 15.44 15.445 15.443 15.435 15.423 15.41 15.413 15.425 15.44 15.455 15.46 15.465 15.478 15.5 15.538 15.583 15.628 15.675 15.707 15.712 15.707 15.682 15.612 15.52 15.425 15.325 15.255 15.235 15.233 15.227 15.202 15.155 15.105 15.06
15.3 15.27 15.24 15.205 15.17 15.155 15.153 15.148 15.14 15.148 15.183 15.233 15.29 15.352 15.417 15.48 15.53 15.545 15.532 15.512 15.49 15.465 15.435 15.405 15.38 15.373 15.38 15.383 15.39 15.423 15.477 15.53 15.56 15.555 15.527 15.495 15.46 15.443 15.445 15.45 15.448 15.445 15.442 15.435 15.425 15.423 15.428 15.44 15.455 15.46 15.463 15.468 15.473 15.49 15.523 15.565 15.612 15.64 15.642 15.637 15.622 15.575 15.492 15.395 15.295 15.23 15.21 15.203 15.195 15.172 15.132 15.085 15.04
15.37 15.34 15.31 15.275 15.243 15.228 15.225 15.22 15.21 15.21 15.225 15.25 15.295 15.357 15.422 15.49 15.547 15.562 15.542 15.517 15.493 15.47 15.443 15.41 15.398 15.405 15.415 15.427 15.447 15.472 15.507 15.542 15.565 15.56 15.532 15.502 15.47 15.455 15.457 15.457 15.452 15.45 15.447 15.445 15.442 15.437 15.435 15.443 15.452 15.457 15.46 15.465 15.47 15.475 15.488 15.51 15.548 15.572 15.57 15.563 15.552 15.522 15.457 15.365 15.268 15.21 15.19 15.178 15.165 15.14 15.105 15.065 15.022
15.44 15.41 15.38 15.348 15.318 15.303 15.297 15.29 15.28 15.277 15.285 15.295 15.318 15.357 15.405 15.46 15.52 15.547 15.537 15.52 15.495 15.482 15.457 15.425 15.42 15.412 15.425 15.465 15.495 15.51 15.523 15.545 15.567 15.56 15.53 15.503 15.478 15.463 15.46 15.457 15.452 15.447 15.442 15.44 15.442 15.442 15.442 15.447 15.45 15.455 15.46 15.465 15.47 15.475 15.48 15.485 15.503 15.51 15.5 15.49 15.48 15.457 15.41 15.332 15.243 15.19 15.172 15.157 15.137 15.11 15.075 15.04 15.002
15.53 15.487 15.45 15.42 15.39 15.372 15.367 15.36 15.35 15.335 15.33 15.34 15.342 15.335 15.355 15.413 15.462 15.482 15.485 15.483 15.478 15.485 15.462 15.415 15.383 15.368 15.408 15.48 15.522 15.535 15.54 15.55 15.562 15.552 15.528 15.505 15.488 15.473 15.46 15.45 15.445 15.44 15.435 15.43 15.43 15.435 15.437 15.442 15.45 15.46 15.468 15.475 15.48 15.485 15.49 15.495 15.497 15.475 15.448 15.435 15.422 15.39 15.337 15.28 15.215 15.17 15.15 15.125 15.095 15.062 15.027 14.995 14.96
15.6 15.557 15.517 15.482 15.45 15.43 15.425 15.422 15.415 15.393 15.368 15.362 15.347 15.308 15.32 15.375 15.398 15.415 15.438 15.45 15.463 15.477 15.455 15.393 15.335 15.338 15.405 15.482 15.527 15.54 15.547 15.555 15.562 15.555 15.535 15.518 15.502 15.485 15.465 15.45 15.443 15.435 15.428 15.423 15.423 15.425 15.425 15.433 15.45 15.465 15.477 15.49 15.497 15.502 15.507 15.512 15.51 15.475 15.423 15.395 15.38 15.33 15.255 15.205 15.165 15.127 15.097 15.062 15.027 14.992 14.96 14.927 14.887
15.585 15.555 15.52 15.482 15.465 15.462 15.462 15.467 15.467 15.452 15.42 15.385 15.343 15.298 15.31 15.353 15.38 15.41 15.435 15.45 15.46 15.47 15.442 15.385 15.335 15.34 15.41 15.485 15.525 15.535 15.545 15.552 15.562 15.567 15.553 15.533 15.515 15.495 15.478 15.462 15.448 15.435 15.425 15.418 15.413 15.413 15.418 15.43 15.45 15.465 15.48 15.495 15.505 15.515 15.525 15.53 15.52 15.48 15.418 15.368 15.335 15.277 15.198 15.135 15.09 15.055 15.023 14.99 14.955 14.92 14.885 14.845 14.8
15.527 15.495 15.463 15.433 15.435 15.455 15.47 15.485 15.49 15.482 15.46 15.42 15.365 15.325 15.34 15.38 15.41 15.425 15.43 15.44 15.45 15.46 15.427 15.373 15.335 15.345 15.415 15.487 15.525 15.535 15.545 15.548 15.553 15.572 15.58 15.56 15.53 15.508 15.492 15.475 15.455 15.44 15.43 15.418 15.405 15.403 15.413 15.43 15.45 15.465 15.48 15.495 15.505 15.52 15.535 15.545 15.525 15.47 15.41 15.347 15.29 15.225 15.15 15.078 15.018 14.98 14.948 14.915 14.883 14.845 14.803 14.76 14.715
15.472 15.438 15.405 15.385 15.395 15.42 15.445 15.475 15.487 15.48 15.467 15.447 15.407 15.373 15.38 15.4 15.41 15.415 15.42 15.43 15.44 15.45 15.417 15.365 15.338 15.355 15.422 15.487 15.52 15.53 15.54 15.542 15.543 15.563 15.595 15.597 15.565 15.533 15.508 15.485 15.468 15.453 15.44 15.425 15.41 15.403 15.41 15.43 15.45 15.465 15.48 15.495 15.508 15.523 15.537 15.535 15.485 15.415 15.355 15.292 15.232 15.165 15.09 15.018 14.958 14.92 14.888 14.855 14.825 14.783 14.735 14.695 14.65
15.415 15.38 15.345 15.335 15.353 15.378 15.413 15.462 15.485 15.475 15.465 15.455 15.435 15.405 15.388 15.39 15.4 15.405 15.41 15.42 15.43 15.437 15.41 15.365 15.343 15.363 15.427 15.487 15.515 15.525 15.53 15.535 15.538 15.548 15.585 15.617 15.61 15.575 15.54 15.51 15.485 15.465 15.45 15.435 15.42 15.41 15.413 15.43 15.45 15.465 15.48 15.497 15.512 15.525 15.53 15.487 15.4 15.325 15.265 15.21 15.16 15.095 15.023 14.958 14.905 14.873 14.847 14.82 14.79 14.745 14.69 14.645 14.6
