EGM722_Project_Data/DTM_asc/TL4862.asc
ncols         200
nrows         200
xllcorner     548000.000
yllcorner     262000.000
cellsize      5
NODATA_value  -9999.0
[rows 140 to 174 of 200, columns 0 to 78 of 200]
6.487 7.017 7.022 7.01 6.95 6.697 5.735 4.865 4.75 4.75 4.75 4.75 4.75 4.75 4.75 4.75 4.75 4.75 4.75 4.75 4.75 4.75 4.75 4.75 4.87 5.25 5.487 5.445 5.4 5.355 5.115 4.833 4.77 5.035 5.3 5.055 4.79 4.77 4.77 4.77 4.77 4.77 4.77 5.033 5.297 5.3 5.3 5.305 5.287 5.157 4.94 4.738 4.552 4.36 4.18 4.028 3.895 3.783 3.703 3.647 3.587 3.523 3.49 3.488 3.478 3.463 3.455 3.535 3.697 3.812 3.83 3.805 3.78 3.76 3.735 3.68 3.605 3.517 3.433
6.537 6.987 6.93 6.87 6.77 6.722 6.095 5.17 4.815 4.75 4.75 4.75 4.75 4.75 4.75 4.75 4.75 4.75 4.75 4.75 4.75 4.75 4.75 4.75 4.965 5.34 5.477 5.432 5.387 5.345 5.11 4.833 4.77 4.903 5.035 4.903 4.77 4.77 4.77 4.77 4.77 4.813 4.94 5.152 5.282 5.285 5.282 5.282 5.217 5.047 4.845 4.652 4.467 4.28 4.113 3.98 3.862 3.755 3.678 3.623 3.568 3.515 3.49 3.49 3.487 3.482 3.48 3.52 3.67 3.835 3.885 3.877 3.87 3.842 3.78 3.692 3.595 3.495 3.415
6.549 6.94 6.798 6.72 6.63 6.517 6.162 5.51 4.948 4.75 4.75 4.75 4.75 4.75 4.75 4.75 4.75 4.75 4.75 4.75 4.75 4.75 4.75 4.77 5.13 5.475 5.46 5.418 5.372 5.262 4.973 4.77 4.77 4.77 4.77 4.77 4.77 4.77 4.77 4.77 4.9 5.065 5.177 5.247 5.242 5.247 5.247 5.23 5.122 4.93 4.74 4.56 4.375 4.19 4.035 3.912 3.803 3.715 3.658 3.607 3.553 3.513 3.498 3.495 3.495 3.492 3.49 3.5 3.615 3.755 3.795 3.807 3.825 3.82 3.76 3.665 3.568 3.47 3.4
6.237 6.922 6.733 6.653 6.572 6.427 6.195 5.73 5.073 4.75 4.75 4.75 4.75 4.75 4.75 4.75 4.75 4.75 4.75 4.75 4.75 4.75 4.75 4.808 5.19 5.49 5.445 5.405 5.36 5.118 4.835 4.77 4.77 4.77 4.77 4.77 4.77 4.77 4.8 4.925 5.145 5.255 5.225 5.198 5.18 5.18 5.187 5.137 4.995 4.805 4.62 4.45 4.272 4.09 3.938 3.823 3.735 3.68 3.637 3.592 3.545 3.515 3.508 3.505 3.503 3.498 3.493 3.49 3.55 3.622 3.645 3.668 3.693 3.715 3.7 3.632 3.542 3.445 3.385
5.955 6.922 6.775 6.663 6.552 6.367 6.13 5.712 5.078 4.75 4.75 4.75 4.75 4.75 4.75 4.75 4.75 4.75 4.75 4.75 4.75 4.75 4.75 4.818 5.195 5.48 5.432 5.39 5.347 5.048 4.77 4.77 4.77 4.77 4.77 4.77 4.77 4.903 5.047 5.14 5.212 5.195 5.175 5.152 5.128 5.115 5.1 5.01 4.852 4.675 4.495 4.33 4.165 3.99 3.845 3.755 3.7 3.657 3.612 3.568 3.535 3.525 3.523 3.52 3.515 3.51 3.508 3.505 3.505 3.508 3.518 3.54 3.565 3.59 3.602 3.572 3.507 3.423 3.378
5.845 6.809 6.852 6.717 6.522 6.225 5.815 5.298 4.888 4.75 4.75 4.75 4.75 4.75 4.75 4.75 4.75 4.75 4.75 4.75 4.75 4.75 4.75 4.78 5.155 5.47 5.415 5.37 5.33 5.04 4.77 4.77 4.77 4.77 4.77 4.77 4.9 5.16 5.24 5.16 5.12 5.105 5.095 5.082 5.065 5.052 4.992 4.858 4.703 4.54 4.373 4.21 4.053 3.895 3.778 3.72 3.68 3.635 3.588 3.54 3.518 3.535 3.547 3.543 3.538 3.533 3.538 3.54 3.51 3.47 3.453 3.455 3.463 3.473 3.488 3.48 3.443 3.403 3.408
5.455 6.41 6.817 6.752 6.42 5.935 5.315 4.86 4.75 4.75 4.75 4.75 4.75 4.75 4.75 4.75 4.75 4.75 4.75 4.75 4.75 4.75 4.75 4.75 5.125 5.467 5.405 5.347 5.177 4.903 4.77 4.77 4.77 4.77 4.77 4.77 5.03 5.282 5.222 5.11 5.028 5.003 4.995 4.985 4.975 4.975 4.905 4.75 4.595 4.443 4.295 4.15 3.998 3.85 3.755 3.71 3.668 3.625 3.568 3.505 3.49 3.537 3.572 3.567 3.563 3.565 3.58 3.575 3.527 3.475 3.443 3.425 3.415 3.41 3.413 3.413 3.398 3.393 3.435
4.978 5.56 6.022 6.03 5.925 5.732 5.148 4.751 4.75 4.75 4.75 4.75 4.75 4.75 4.75 4.75 4.75 4.75 4.75 4.75 4.75 4.75 4.75 4.76 5.133 5.457 5.382 5.19 4.903 4.77 4.77 4.77 4.77 4.77 4.77 4.77 5.03 5.277 5.237 5.112 4.963 4.903 4.893 4.885 4.885 4.895 4.832 4.69 4.54 4.39 4.258 4.137 3.997 3.848 3.753 3.71 3.668 3.627 3.562 3.48 3.463 3.54 3.597 3.593 3.593 3.612 3.625 3.597 3.543 3.488 3.445 3.415 3.398 3.388 3.383 3.388 3.395 3.4 3.44
4.75 4.88 5.028 5.035 5.13 5.352 5.452 5.3 5.003 4.795 4.75 4.75 4.75 4.75 4.75 4.75 4.75 4.75 4.75 4.75 4.75 4.75 4.75 4.953 5.31 5.422 5.212 4.908 4.77 4.77 4.77 4.77 4.77 4.77 4.77 4.77 5.028 5.27 5.242 5.135 4.95 4.825 4.79 4.793 4.81 4.822 4.757 4.627 4.485 4.34 4.215 4.105 3.985 3.845 3.75 3.71 3.67 3.632 3.57 3.468 3.435 3.54 3.62 3.618 3.633 3.662 3.657 3.615 3.56 3.503 3.455 3.42 3.39 3.368 3.363 3.375 3.392 3.405 3.442
4.75 4.75 4.75 4.75 4.75 4.88 5.305 5.607 5.572 5.375 5.098 4.863 4.75 4.81 4.998 5.135 5.148 5.155 5.158 5.155 5.153 5.13 5.093 5.262 5.432 5.377 5.055 4.77 4.77 4.77 4.77 4.77 4.77 4.77 4.77 4.878 5.132 5.265 5.237 5.152 4.975 4.79 4.72 4.743 4.773 4.775 4.695 4.563 4.425 4.293 4.175 4.065 3.955 3.835 3.75 3.71 3.672 3.637 3.577 3.465 3.418 3.535 3.635 3.653 3.687 3.705 3.68 3.632 3.575 3.515 3.465 3.428 3.393 3.36 3.348 3.363 3.388 3.403 3.422
4.75 4.75 4.75 4.75 4.75 4.75 4.833 5.058 5.39 5.592 5.602 5.465 5.275 5.285 5.522 5.71 5.727 5.73 5.717 5.702 5.657 5.547 5.38 5.278 5.293 5.31 5.04 4.77 4.77 4.77 4.77 4.77 4.77 4.77 4.77 5 5.24 5.237 5.212 5.157 5.01 4.803 4.72 4.755 4.772 4.747 4.652 4.515 4.373 4.248 4.142 4.035 3.925 3.815 3.738 3.697 3.662 3.632 3.58 3.47 3.418 3.53 3.652 3.705 3.742 3.737 3.7 3.65 3.59 3.53 3.478 3.435 3.4 3.37 3.363 3.385 3.415 3.428 3.4
4.75 4.75 4.75 4.75 4.75 4.75 4.75 4.75 4.82 5.013 5.255 5.422 5.53 5.65 5.775 5.857 5.89 5.912 5.93 5.945 5.857 5.657 5.41 5.238 5.233 5.287 5.137 4.865 4.77 4.77 4.77 4.77 4.77 4.77 4.898 5.13 5.21 5.173 5.15 5.117 5.015 4.838 4.758 4.777 4.76 4.71 4.615 4.48 4.323 4.193 4.105 4.007 3.9 3.79 3.713 3.673 3.643 3.627 3.582 3.493 3.46 3.555 3.68 3.755 3.782 3.762 3.722 3.67 3.61 3.547 3.488 3.443 3.41 3.398 3.415 3.443 3.485 3.5 3.398
4.75 4.75 4.75 4.75 4.75 4.75 4.75 4.75 4.75 4.75 4.75 4.82 5.005 5.175 5.25 5.315 5.432 5.525 5.527 5.492 5.387 5.365 5.482 5.445 5.348 5.352 5.307 5.15 5.045 4.905 4.77 4.77 4.77 4.915 5.16 5.222 5.155 5.105 5.073 5.037 4.977 4.86 4.785 4.77 4.722 4.667 4.577 4.435 4.263 4.13 4.05 3.965 3.87 3.765 3.688 3.653 3.638 3.635 3.595 3.548 3.548 3.613 3.707 3.767 3.79 3.78 3.745 3.687 3.625 3.563 3.5 3.453 3.43 3.443 3.475 3.513 3.58 3.59 3.41
4.75 4.75 4.75 4.75 4.75 4.75 4.75 4.75 4.75 4.75 4.75 4.75 4.75 4.75 4.75 4.783 4.873 4.938 4.908 4.845 4.785 4.935 5.402 5.65 5.545 5.45 5.4 5.365 5.345 5.195 5.068 5.098 5.155 5.297 5.345 5.243 5.153 5.07 5.005 4.955 4.91 4.845 4.782 4.737 4.68 4.622 4.532 4.38 4.203 4.075 3.993 3.91 3.827 3.735 3.67 3.653 3.65 3.65 3.633 3.625 3.637 3.667 3.715 3.745 3.768 3.782 3.762 3.705 3.64 3.58 3.52 3.475 3.47 3.498 3.543 3.608 3.69 3.68 3.455
4.75 4.75 4.75 4.75 4.75 4.75 4.75 4.75 4.75 4.75 4.75 4.75 4.75 4.75 4.75 4.75 4.75 4.75 4.75 4.75 4.75 4.875 5.24 5.547 5.642 5.58 5.458 5.415 5.395 5.387 5.415 5.492 5.585 5.565 5.447 5.335 5.217 5.072 4.95 4.888 4.843 4.797 4.745 4.687 4.632 4.575 4.485 4.337 4.163 4.033 3.945 3.86 3.78 3.705 3.665 3.66 3.66 3.66 3.665 3.677 3.687 3.697 3.718 3.74 3.762 3.765 3.74 3.7 3.655 3.607 3.553 3.513 3.513 3.54 3.6 3.69 3.785 3.737 3.453
4.75 4.75 4.75 4.75 4.75 4.75 4.75 4.75 4.75 4.75 4.75 4.75 4.75 4.75 4.75 4.75 4.75 4.75 4.75 4.75 4.75 4.815 4.97 5.105 5.372 5.627 5.57 5.468 5.458 5.48 5.522 5.587 5.63 5.612 5.542 5.412 5.245 5.048 4.898 4.833 4.787 4.742 4.692 4.635 4.577 4.515 4.427 4.302 4.14 4 3.908 3.825 3.753 3.698 3.67 3.663 3.66 3.66 3.67 3.69 3.705 3.715 3.735 3.755 3.752 3.717 3.678 3.652 3.63 3.602 3.577 3.562 3.555 3.57 3.635 3.737 3.73 3.59 3.423
4.75 4.75 4.75 4.75 4.75 4.75 4.75 4.75 4.75 4.75 4.75 4.75 4.75 4.75 4.75 4.75 4.75 4.75 4.75 4.75 4.75 4.75 4.773 4.793 4.935 5.345 5.61 5.563 5.528 5.557 5.592 5.62 5.63 5.63 5.58 5.417 5.198 4.983 4.838 4.778 4.733 4.687 4.637 4.58 4.515 4.442 4.352 4.24 4.105 3.97 3.873 3.803 3.748 3.703 3.678 3.67 3.663 3.66 3.67 3.695 3.72 3.735 3.747 3.742 3.705 3.655 3.613 3.585 3.57 3.558 3.563 3.585 3.597 3.608 3.662 3.695 3.61 3.54 3.77
4.75 4.75 4.75 4.75 4.75 4.75 4.75 4.75 4.75 4.75 4.75 4.75 4.75 4.75 4.75 4.75 4.75 4.75 4.75 4.75 4.75 4.75 4.75 4.75 4.75 4.92 5.375 5.657 5.643 5.62 5.618 5.627 5.63 5.63 5.58 5.405 5.165 4.938 4.785 4.725 4.68 4.635 4.582 4.518 4.448 4.375 4.283 4.168 4.05 3.935 3.85 3.795 3.75 3.708 3.683 3.677 3.67 3.663 3.67 3.695 3.725 3.742 3.732 3.698 3.65 3.6 3.558 3.535 3.528 3.523 3.533 3.568 3.608 3.645 3.705 3.718 3.725 3.79 4.453
4.75 4.75 4.75 4.75 4.75 4.75 4.75 4.75 4.75 4.75 4.75 4.75 4.75 4.75 4.75 4.75 4.75 4.75 4.75 4.75 4.75 4.75 4.75 4.75 4.75 4.75 4.965 5.495 5.775 5.71 5.655 5.63 5.63 5.63 5.59 5.427 5.19 4.98 4.808 4.693 4.633 4.587 4.532 4.465 4.395 4.325 4.232 4.118 4.003 3.903 3.838 3.79 3.743 3.703 3.685 3.682 3.677 3.67 3.675 3.7 3.727 3.742 3.72 3.673 3.625 3.578 3.545 3.533 3.528 3.52 3.53 3.568 3.623 3.743 3.87 3.943 4.008 4.238 5.015
4.75 4.75 4.75 4.75 4.75 4.75 4.75 4.75 4.75 4.75 4.75 4.75 4.75 4.75 4.75 4.75 4.75 4.75 4.75 4.75 4.75 4.75 4.75 4.75 4.75 4.75 4.75 5.098 5.625 5.762 5.675 5.63 5.63 5.63 5.605 5.475 5.288 5.118 4.92 4.728 4.605 4.543 4.487 4.42 4.353 4.287 4.197 4.083 3.975 3.885 3.823 3.777 3.733 3.693 3.68 3.685 3.682 3.678 3.688 3.712 3.732 3.745 3.725 3.675 3.63 3.593 3.568 3.558 3.552 3.54 3.55 3.603 3.728 3.955 4.14 4.225 4.29 4.797 5.412
4.75 4.75 4.75 4.75 4.75 4.75 4.75 4.75 4.75 4.75 4.75 4.75 4.75 4.75 4.75 4.75 4.75 4.75 4.75 4.75 4.75 4.75 4.75 4.75 4.75 4.75 4.75 4.82 5.363 5.775 5.673 5.63 5.63 5.63 5.622 5.562 5.447 5.28 5.065 4.845 4.65 4.523 4.445 4.378 4.313 4.25 4.162 4.055 3.96 3.875 3.81 3.765 3.725 3.683 3.668 3.68 3.685 3.685 3.698 3.717 3.73 3.742 3.725 3.68 3.645 3.618 3.595 3.583 3.572 3.558 3.585 3.71 3.94 4.215 4.412 4.508 4.708 5.242 5.587
4.75 4.75 4.75 4.75 4.75 4.75 4.75 4.75 4.75 4.75 4.75 4.75 4.75 4.75 4.75 4.75 4.75 4.75 4.75 4.75 4.75 4.75 4.75 4.75 4.75 4.75 4.75 4.75 5.28 5.76 5.67 5.63 5.63 5.63 5.63 5.622 5.56 5.4 5.185 4.965 4.745 4.548 4.42 4.35 4.285 4.218 4.135 4.04 3.95 3.865 3.8 3.755 3.715 3.673 3.655 3.668 3.683 3.693 3.703 3.715 3.725 3.737 3.727 3.695 3.668 3.645 3.625 3.608 3.59 3.593 3.698 3.925 4.198 4.472 4.685 4.79 5.145 5.537 5.607
4.75 4.75 4.75 4.75 4.75 4.75 4.75 4.75 4.75 4.75 4.75 4.75 4.75 4.75 4.75 4.75 4.75 4.75 4.75 4.75 4.75 4.75 4.75 4.75 4.75 4.75 4.75 4.75 5.257 5.715 5.648 5.63 5.63 5.63 5.63 5.61 5.535 5.395 5.215 5.01 4.79 4.57 4.42 4.35 4.283 4.208 4.125 4.038 3.95 3.86 3.8 3.765 3.725 3.683 3.66 3.67 3.69 3.708 3.72 3.728 3.735 3.735 3.73 3.717 3.695 3.672 3.65 3.633 3.615 3.63 3.83 4.162 4.455 4.73 4.955 5.175 5.485 5.657 5.625
4.75 4.75 4.75 4.75 4.75 4.75 4.75 4.75 4.75 4.75 4.75 4.75 4.75 4.75 4.75 4.75 4.75 4.75 4.75 4.75 4.75 4.75 4.75 4.75 4.75 4.75 4.75 4.75 5.27 5.732 5.658 5.635 5.63 5.625 5.6 5.54 5.432 5.292 5.145 4.982 4.79 4.578 4.435 4.365 4.29 4.21 4.128 4.042 3.952 3.855 3.803 3.79 3.76 3.715 3.69 3.698 3.715 3.732 3.745 3.752 3.747 3.725 3.717 3.727 3.72 3.698 3.675 3.66 3.645 3.653 3.885 4.297 4.67 4.985 5.223 5.502 5.69 5.7 5.435
4.75 4.75 4.75 4.75 4.75 4.75 4.75 4.75 4.75 4.75 4.75 4.75 4.75 4.75 4.75 4.75 4.75 4.75 4.75 4.75 4.75 4.75 4.75 4.75 4.75 4.75 4.75 4.943 5.47 5.765 5.693 5.65 5.635 5.625 5.57 5.463 5.328 5.175 5.03 4.895 4.745 4.575 4.453 4.375 4.295 4.215 4.132 4.042 3.945 3.845 3.795 3.795 3.785 3.753 3.733 3.738 3.745 3.757 3.767 3.762 3.735 3.7 3.688 3.707 3.73 3.725 3.705 3.688 3.673 3.675 3.9 4.33 4.76 5.152 5.47 5.672 5.74 5.637 4.977
4.75 4.75 4.75 4.75 4.75 4.75 4.75 4.75 4.75 4.75 4.75 4.75 4.75 4.75 4.75 4.75 4.75 4.75 4.75 4.75 4.75 4.75 4.75 4.75 4.75 4.75 4.98 5.435 5.72 5.757 5.713 5.678 5.653 5.635 5.575 5.432 5.252 5.073 4.918 4.793 4.673 4.553 4.455 4.375 4.297 4.22 4.132 4.035 3.935 3.835 3.785 3.788 3.79 3.78 3.772 3.777 3.78 3.782 3.775 3.745 3.708 3.673 3.655 3.675 3.712 3.735 3.732 3.715 3.7 3.698 3.915 4.35 4.793 5.238 5.617 5.78 5.79 5.367 4.523
4.75 4.75 4.75 4.75 4.75 4.75 4.75 4.75 4.75 4.75 4.75 4.75 4.75 4.75 4.75 4.75 4.75 4.75 4.75 4.75 4.75 4.75 5.015 5.28 5.28 5.29 5.532 5.79 5.8 5.77 5.74 5.71 5.68 5.652 5.562 5.377 5.16 4.978 4.85 4.745 4.64 4.535 4.445 4.365 4.29 4.21 4.125 4.035 3.935 3.835 3.785 3.788 3.79 3.79 3.792 3.797 3.8 3.797 3.775 3.735 3.698 3.66 3.638 3.655 3.693 3.727 3.74 3.727 3.715 3.735 3.983 4.433 4.89 5.382 5.725 5.817 5.65 4.908 4.238
4.75 4.75 4.75 4.75 4.75 4.75 4.75 4.75 4.75 4.75 4.75 4.75 4.75 4.75 4.75 4.75 4.75 4.75 4.75 4.75 4.75 4.75 5.015 5.312 5.597 5.869 5.885 5.865 5.835 5.805 5.775 5.742 5.705 5.665 5.495 5.23 5.033 4.908 4.82 4.73 4.632 4.528 4.435 4.355 4.275 4.188 4.107 4.035 3.945 3.848 3.798 3.793 3.79 3.793 3.797 3.8 3.803 3.805 3.785 3.745 3.705 3.66 3.628 3.643 3.685 3.722 3.735 3.723 3.728 3.81 4.11 4.57 5.1 5.597 5.812 5.8 5.25 4.435 4.135
4.75 4.75 4.75 4.75 4.75 4.75 4.75 4.75 4.75 4.75 4.75 4.75 4.75 4.75 4.75 4.75 4.75 4.75 4.75 4.75 4.75 4.75 4.75 4.783 5.068 5.532 5.832 5.902 5.87 5.84 5.805 5.762 5.715 5.665 5.435 5.133 4.978 4.878 4.792 4.707 4.617 4.52 4.427 4.342 4.252 4.16 4.08 4.015 3.945 3.86 3.81 3.803 3.798 3.798 3.8 3.803 3.81 3.815 3.795 3.755 3.71 3.658 3.618 3.63 3.677 3.717 3.733 3.738 3.773 3.908 4.245 4.705 5.317 5.76 5.837 5.577 4.775 4.193 4.125
4.75 4.75 4.75 4.75 4.75 4.75 4.75 4.75 4.75 4.75 4.75 4.75 4.75 4.75 4.75 4.75 4.75 4.75 4.75 4.75 4.75 4.75 4.75 4.75 4.75 4.953 5.54 5.922 5.9 5.86 5.815 5.765 5.715 5.665 5.46 5.203 5.017 4.85 4.75 4.667 4.582 4.497 4.41 4.32 4.225 4.128 4.05 3.988 3.925 3.86 3.823 3.817 3.81 3.805 3.805 3.81 3.82 3.827 3.807 3.76 3.708 3.653 3.613 3.625 3.673 3.715 3.75 3.79 3.84 4.008 4.38 5 5.597 5.825 5.755 5.1 4.34 4.13 4.108
4.75 4.75 4.75 4.75 4.75 4.75 4.75 4.75 4.75 4.75 4.75 4.75 4.75 4.75 4.75 4.75 4.75 4.75 4.75 4.75 4.75 4.75 4.75 4.75 4.75 4.75 5.04 5.64 5.922 5.87 5.82 5.767 5.715 5.66 5.482 5.222 4.99 4.793 4.678 4.6 4.52 4.442 4.36 4.27 4.175 4.08 4.018 3.97 3.91 3.855 3.833 3.832 3.825 3.82 3.82 3.825 3.835 3.832 3.807 3.762 3.71 3.655 3.625 3.655 3.705 3.75 3.803 3.857 3.91 4.113 4.62 5.372 5.815 5.85 5.467 4.615 4.138 4.108 4.1
4.75 4.75 4.75 4.75 4.75 4.75 4.75 4.75 4.75 4.75 4.75 4.75 4.75 4.75 4.75 4.75 4.75 4.75 4.75 4.75 4.75 4.75 4.75 4.75 4.75 4.75 4.75 5.058 5.642 5.892 5.837 5.767 5.672 5.562 5.365 5.103 4.888 4.713 4.593 4.515 4.438 4.365 4.287 4.2 4.105 4.02 3.978 3.952 3.907 3.853 3.833 3.842 3.842 3.84 3.84 3.845 3.842 3.815 3.782 3.755 3.717 3.665 3.653 3.71 3.772 3.82 3.87 3.925 3.98 4.218 4.97 5.667 5.84 5.705 4.99 4.29 4.13 4.103 4.1
4.75 4.75 4.75 4.75 4.75 4.75 4.75 4.75 4.75 4.75 4.75 4.75 4.75 4.75 4.75 4.75 4.75 4.75 4.75 4.75 4.75 4.75 4.75 4.75 4.75 4.75 4.75 4.755 5.353 5.892 5.798 5.7 5.578 5.443 5.258 5.023 4.813 4.635 4.51 4.433 4.36 4.29 4.215 4.13 4.038 3.963 3.93 3.915 3.89 3.848 3.828 3.842 3.852 3.857 3.86 3.852 3.822 3.78 3.745 3.725 3.707 3.67 3.678 3.755 3.832 3.89 3.94 3.995 4.065 4.575 5.43 5.83 5.835 5.335 4.503 4.15 4.127 4.108 4.1
4.75 4.75 4.75 4.75 4.75 4.75 4.75 4.75 4.75 4.75 4.75 4.75 4.75 4.75 4.75 4.75 4.75 4.75 4.75 4.75 4.75 4.75 4.75 4.75 4.75 4.75 4.75 4.75 5.352 5.902 5.808 5.72 5.633 5.537 5.377 5.125 4.842 4.593 4.44 4.363 4.29 4.22 4.142 4.057 3.97 3.905 3.88 3.868 3.852 3.83 3.82 3.835 3.852 3.865 3.867 3.84 3.79 3.743 3.703 3.68 3.678 3.673 3.708 3.795 3.882 3.955 4.01 4.063 4.295 5.1 5.77 5.847 5.627 4.855 4.228 4.135 4.12 4.107 4.1
4.75 4.75 4.75 4.75 4.75 4.75 4.75 4.75 4.75 4.75 4.75 4.75 4.75 4.75 4.75 4.75 4.75 4.75 4.75 4.75 4.75 4.75 4.75 4.75 4.75 4.75 4.75 4.75 5.368 5.955 5.892 5.822 5.74 5.637 5.457 5.17 4.825 4.548 4.41 4.33 4.253 4.165 4.073 3.988 3.908 3.858 3.838 3.825 3.813 3.8 3.808 3.827 3.845 3.86 3.865 3.842 3.793 3.74 3.693 3.668 3.673 3.688 3.74 3.828 3.925 4.07 4.185 4.233 4.785 5.57 5.84 5.785 5.155 4.378 4.145 4.123 4.11 4.103 4.1
