EGM722_Project_Data/DTM_asc/TL4860.asc
ncols         200
nrows         200
xllcorner     548000.000
yllcorner     260000.000
cellsize      5
NODATA_value  -9999.0
[rows 33 to 65 of 200, columns 0 to 73 of 200]
4.608 4.58 4.6 4.63 4.663 4.687 4.672 4.633 4.598 4.565 4.54 4.32 4.015 3.92 3.92 3.92 4.112 4.365 4.47 4.562 4.657 4.747 4.832 4.925 5.017 5.062 5.04 4.99 4.95 4.915 4.885 4.865 4.845 4.835 4.785 4.705 4.645 4.598 4.628 4.718 4.808 4.893 5.045 5.323 5.645 5.93 6.137 6.305 6.475 6.643 6.78 6.913 7.065 7.197 7.305 7.407 7.512 7.628 7.763 7.905 8.045 8.167 8.24 8.28 8.32 8.36 8.373 8.355 8.34 8.31 8.285 8.29 8.303 8.315
4.718 4.65 4.668 4.695 4.725 4.753 4.747 4.72 4.7 4.68 4.662 4.515 4.148 3.92 3.92 3.92 4.003 4.25 4.462 4.552 4.635 4.712 4.795 4.893 4.997 5.057 5.042 4.995 4.96 4.91 4.84 4.8 4.78 4.755 4.71 4.648 4.598 4.595 4.688 4.823 4.933 5.035 5.21 5.495 5.8 6.042 6.22 6.383 6.55 6.75 6.945 7.105 7.247 7.362 7.465 7.565 7.665 7.772 7.895 8.028 8.165 8.287 8.36 8.4 8.448 8.512 8.552 8.55 8.53 8.475 8.435 8.438 8.445 8.458
4.92 4.793 4.78 4.805 4.83 4.85 4.84 4.803 4.78 4.765 4.745 4.595 4.188 3.92 3.92 3.92 3.92 4.158 4.437 4.52 4.595 4.67 4.755 4.855 4.962 5.037 5.04 5.003 4.985 4.942 4.848 4.763 4.718 4.69 4.645 4.6 4.595 4.645 4.785 4.97 5.117 5.23 5.393 5.662 5.93 6.13 6.302 6.47 6.668 6.91 7.115 7.255 7.37 7.467 7.565 7.663 7.765 7.888 8.025 8.162 8.297 8.415 8.485 8.53 8.595 8.68 8.745 8.747 8.695 8.62 8.58 8.583 8.59 8.603
5.095 4.948 4.9 4.922 4.945 4.965 4.945 4.883 4.838 4.815 4.767 4.612 4.263 3.975 3.92 3.92 3.92 4.17 4.442 4.49 4.553 4.63 4.718 4.82 4.93 5.022 5.045 5.025 5.02 4.98 4.885 4.775 4.685 4.63 4.6 4.605 4.645 4.713 4.858 5.062 5.255 5.41 5.575 5.807 6.03 6.21 6.385 6.58 6.817 7.067 7.252 7.365 7.465 7.56 7.655 7.76 7.88 8.015 8.155 8.295 8.425 8.537 8.612 8.672 8.755 8.835 8.892 8.897 8.842 8.765 8.725 8.73 8.74 8.75
5.15 5.037 5.005 5.03 5.05 5.065 5.037 4.972 4.913 4.87 4.792 4.645 4.412 4.093 3.92 3.92 3.92 4.055 4.355 4.527 4.56 4.608 4.68 4.788 4.9 5.005 5.052 5.052 5.055 5.02 4.93 4.82 4.71 4.628 4.618 4.66 4.71 4.78 4.93 5.137 5.342 5.537 5.727 5.927 6.12 6.303 6.485 6.698 6.937 7.172 7.352 7.462 7.558 7.652 7.755 7.875 8.01 8.15 8.29 8.425 8.545 8.652 8.732 8.795 8.865 8.927 8.96 8.957 8.93 8.885 8.865 8.875 8.885 8.895
5.103 5.048 5.072 5.117 5.14 5.15 5.117 5.055 4.993 4.937 4.855 4.707 4.52 4.17 3.92 3.92 3.92 3.92 4.268 4.622 4.635 4.638 4.68 4.785 4.895 4.992 5.05 5.065 5.072 5.06 4.99 4.88 4.758 4.673 4.68 4.728 4.783 4.863 5.005 5.202 5.407 5.613 5.83 6.045 6.235 6.42 6.613 6.813 7.023 7.247 7.445 7.57 7.657 7.737 7.837 7.967 8.1 8.238 8.407 8.542 8.63 8.727 8.807 8.865 8.915 8.962 8.977 8.96 8.945 8.96 8.995 9.015 9.022 9.025
5.075 5.06 5.11 5.182 5.22 5.227 5.192 5.13 5.073 5.022 4.935 4.775 4.58 4.233 3.953 3.92 3.92 3.92 4.235 4.627 4.7 4.685 4.715 4.807 4.902 4.982 5.042 5.067 5.08 5.102 5.06 4.942 4.793 4.713 4.748 4.81 4.888 4.978 5.093 5.26 5.465 5.68 5.92 6.162 6.367 6.555 6.748 6.943 7.138 7.34 7.54 7.672 7.735 7.78 7.853 7.985 8.158 8.35 8.54 8.642 8.685 8.76 8.842 8.905 8.955 8.987 8.985 8.963 8.945 9.025 9.127 9.15 9.152 9.145
5.085 5.088 5.135 5.222 5.287 5.302 5.267 5.212 5.16 5.107 5.005 4.835 4.64 4.377 4.068 3.92 3.92 3.92 4.05 4.457 4.727 4.713 4.738 4.81 4.89 4.965 5.035 5.072 5.093 5.135 5.112 4.982 4.82 4.773 4.842 4.93 5.025 5.115 5.21 5.34 5.528 5.76 6.015 6.27 6.498 6.7 6.898 7.098 7.298 7.495 7.66 7.75 7.785 7.81 7.898 8.08 8.315 8.552 8.697 8.737 8.758 8.803 8.878 8.945 8.992 9.007 8.99 8.968 8.955 9.103 9.262 9.275 9.27 9.262
5.112 5.113 5.16 5.25 5.335 5.367 5.332 5.275 5.217 5.157 5.055 4.892 4.7 4.505 4.165 3.92 3.92 3.92 3.92 4.332 4.74 4.733 4.755 4.815 4.885 4.955 5.025 5.072 5.102 5.14 5.117 4.98 4.805 4.772 4.87 4.97 5.07 5.17 5.27 5.398 5.605 5.868 6.133 6.398 6.663 6.9 7.105 7.31 7.505 7.662 7.76 7.812 7.845 7.9 8.063 8.305 8.555 8.742 8.815 8.833 8.848 8.87 8.92 8.982 9.02 9.018 8.993 8.97 9 9.215 9.395 9.395 9.385 9.378
5.105 5.118 5.173 5.26 5.347 5.395 5.37 5.307 5.243 5.182 5.092 4.942 4.76 4.567 4.205 3.93 3.92 3.92 3.92 4.128 4.54 4.75 4.78 4.838 4.903 4.967 5.002 5.04 5.09 5.12 5.085 4.945 4.753 4.658 4.72 4.827 4.932 5.04 5.198 5.428 5.71 6.007 6.285 6.558 6.852 7.132 7.355 7.537 7.675 7.76 7.82 7.878 7.933 8.06 8.298 8.593 8.847 8.962 8.983 8.99 8.998 9.003 9.015 9.033 9.068 9.085 9.078 9.083 9.148 9.367 9.522 9.515 9.505 9.495
5.068 5.1 5.163 5.247 5.332 5.392 5.385 5.33 5.268 5.212 5.13 4.985 4.812 4.627 4.347 4.043 3.92 3.92 3.92 3.92 4.343 4.775 4.808 4.863 4.927 4.96 4.925 4.948 5.04 5.09 5.047 4.907 4.715 4.52 4.49 4.6 4.728 4.913 5.188 5.51 5.827 6.137 6.435 6.722 7.025 7.332 7.552 7.67 7.745 7.805 7.865 7.948 8.115 8.388 8.71 9.005 9.185 9.247 9.26 9.26 9.26 9.255 9.243 9.218 9.218 9.25 9.283 9.315 9.365 9.527 9.647 9.635 9.625 9.613
5.04 5.083 5.148 5.232 5.32 5.39 5.395 5.347 5.29 5.242 5.167 5.025 4.855 4.68 4.495 4.16 3.92 3.92 3.92 3.92 4.348 4.797 4.837 4.89 4.917 4.875 4.8 4.828 4.957 5.047 5.015 4.877 4.687 4.433 4.303 4.423 4.663 4.965 5.303 5.628 5.94 6.253 6.575 6.873 7.16 7.452 7.602 7.643 7.7 7.813 7.995 8.225 8.545 8.925 9.237 9.412 9.495 9.545 9.57 9.575 9.577 9.575 9.557 9.527 9.49 9.483 9.515 9.552 9.588 9.692 9.77 9.755 9.742 9.728
5.023 5.07 5.133 5.215 5.305 5.385 5.4 5.357 5.307 5.267 5.2 5.06 4.893 4.725 4.55 4.19 3.92 3.92 3.92 3.92 4.34 4.797 4.855 4.872 4.827 4.743 4.673 4.715 4.855 4.982 4.98 4.847 4.667 4.428 4.278 4.425 4.758 5.093 5.43 5.765 6.098 6.433 6.777 7.042 7.26 7.482 7.558 7.625 7.815 8.073 8.398 8.76 9.14 9.457 9.637 9.722 9.787 9.847 9.88 9.885 9.89 9.892 9.875 9.842 9.807 9.773 9.763 9.79 9.822 9.867 9.887 9.87 9.855 9.84
5.01 5.06 5.12 5.2 5.29 5.377 5.4 5.352 5.297 5.272 5.23 5.1 4.933 4.765 4.595 4.323 4.028 3.92 3.92 3.92 4.228 4.677 4.835 4.81 4.728 4.653 4.608 4.668 4.81 4.912 4.88 4.778 4.692 4.533 4.408 4.565 4.9 5.233 5.583 5.945 6.307 6.67 7 7.22 7.372 7.543 7.705 7.935 8.268 8.62 8.975 9.262 9.515 9.73 9.847 9.94 10.032 10.125 10.177 10.18 10.172 10.162 10.142 10.112 10.08 10.047 10.002 9.982 9.997 10.01 9.997 9.973 9.955 9.94
5.023 5.07 5.113 5.163 5.24 5.33 5.347 5.287 5.227 5.205 5.19 5.115 4.982 4.822 4.655 4.48 4.155 3.92 3.92 3.92 4.02 4.455 4.79 4.75 4.685 4.648 4.63 4.693 4.81 4.827 4.763 4.73 4.735 4.667 4.57 4.715 5.05 5.388 5.75 6.127 6.5 6.837 7.052 7.187 7.385 7.7 8.09 8.457 8.757 9.025 9.29 9.482 9.65 9.832 9.957 10.057 10.17 10.29 10.377 10.412 10.407 10.382 10.358 10.332 10.297 10.24 10.165 10.118 10.115 10.122 10.107 10.075 10.05 10.035
5.068 5.115 5.14 5.145 5.168 5.223 5.232 5.178 5.125 5.085 5.065 5.035 4.962 4.862 4.727 4.555 4.193 3.92 3.92 3.92 3.92 4.198 4.61 4.725 4.7 4.69 4.68 4.725 4.777 4.755 4.735 4.745 4.755 4.745 4.713 4.865 5.202 5.543 5.903 6.29 6.65 6.865 6.923 7.05 7.463 7.995 8.468 8.89 9.197 9.342 9.41 9.55 9.76 9.947 10.075 10.165 10.263 10.375 10.477 10.555 10.6 10.6 10.575 10.532 10.462 10.367 10.285 10.248 10.238 10.237 10.222 10.185 10.15 10.13
5.125 5.175 5.202 5.192 5.17 5.17 5.153 5.095 5.038 4.98 4.935 4.895 4.845 4.795 4.72 4.605 4.305 3.995 3.92 3.92 3.92 3.985 4.395 4.737 4.732 4.727 4.712 4.725 4.74 4.735 4.745 4.755 4.765 4.772 4.803 5.003 5.347 5.692 6.045 6.422 6.715 6.813 6.855 7.21 7.93 8.547 8.932 9.275 9.542 9.652 9.675 9.725 9.87 10.06 10.19 10.28 10.37 10.465 10.557 10.642 10.725 10.78 10.762 10.68 10.577 10.475 10.408 10.383 10.365 10.355 10.335 10.295 10.258 10.23
5.17 5.21 5.237 5.245 5.23 5.207 5.155 5.08 5.013 4.948 4.893 4.848 4.8 4.75 4.703 4.637 4.452 4.115 3.92 3.92 3.92 3.92 4.325 4.702 4.652 4.605 4.605 4.667 4.707 4.712 4.717 4.725 4.735 4.743 4.82 5.078 5.435 5.785 6.162 6.495 6.703 6.808 6.953 7.583 8.487 9.045 9.332 9.572 9.735 9.83 9.915 9.962 10.04 10.182 10.305 10.392 10.475 10.555 10.63 10.705 10.79 10.875 10.867 10.772 10.677 10.588 10.535 10.515 10.495 10.475 10.445 10.405 10.37 10.343
5.185 5.202 5.218 5.262 5.285 5.26 5.2 5.115 5.04 4.975 4.925 4.887 4.847 4.8 4.75 4.672 4.527 4.178 3.92 3.92 3.92 3.92 4.242 4.537 4.435 4.37 4.453 4.592 4.667 4.675 4.675 4.678 4.683 4.688 4.8 5.1 5.47 5.825 6.257 6.645 6.808 6.865 7.058 7.865 8.83 9.28 9.527 9.745 9.87 9.95 10.045 10.14 10.225 10.32 10.417 10.492 10.567 10.645 10.71 10.768 10.843 10.925 10.92 10.835 10.76 10.7 10.665 10.647 10.625 10.592 10.555 10.515 10.485 10.465
5.17 5.177 5.183 5.237 5.31 5.31 5.247 5.16 5.075 5.003 4.953 4.92 4.887 4.847 4.792 4.7 4.57 4.253 3.963 3.92 3.92 3.92 4.045 4.31 4.368 4.295 4.378 4.522 4.62 4.645 4.645 4.645 4.648 4.67 4.82 5.133 5.5 5.885 6.372 6.897 7.105 7.01 7.133 8.06 9.072 9.472 9.722 9.902 9.99 10.068 10.163 10.258 10.358 10.46 10.535 10.59 10.658 10.732 10.797 10.85 10.908 10.977 10.972 10.903 10.855 10.823 10.8 10.777 10.745 10.705 10.665 10.63 10.608 10.593
5.142 5.15 5.158 5.19 5.282 5.34 5.292 5.205 5.112 5.03 4.98 4.95 4.92 4.887 4.825 4.72 4.6 4.385 4.075 3.92 3.92 3.92 3.92 4.265 4.557 4.45 4.4 4.463 4.567 4.615 4.615 4.625 4.66 4.725 4.89 5.193 5.553 5.935 6.447 7.072 7.365 7.175 7.236 8.27 9.297 9.657 9.907 10.05 10.11 10.185 10.28 10.38 10.49 10.597 10.668 10.715 10.77 10.828 10.885 10.94 10.99 11.045 11.05 11.01 10.983 10.958 10.932 10.897 10.855 10.815 10.78 10.755 10.735 10.717
5.11 5.12 5.13 5.145 5.187 5.257 5.25 5.16 5.075 5.025 5.002 4.975 4.945 4.912 4.867 4.758 4.618 4.482 4.163 3.92 3.92 3.92 3.92 4.33 4.71 4.64 4.557 4.515 4.548 4.583 4.605 4.655 4.728 4.813 4.973 5.27 5.592 5.89 6.383 7.032 7.457 7.455 7.503 8.49 9.497 9.835 10.075 10.18 10.23 10.308 10.408 10.52 10.643 10.75 10.823 10.875 10.925 10.97 11.005 11.045 11.095 11.145 11.165 11.145 11.12 11.097 11.065 11.023 10.98 10.933 10.888 10.86 10.842 10.825
5.067 5.08 5.092 5.08 4.98 4.988 5.077 5.043 5 5.01 5.017 4.995 4.965 4.928 4.9 4.837 4.678 4.512 4.185 3.92 3.92 3.92 3.92 4.337 4.745 4.715 4.672 4.617 4.575 4.585 4.65 4.735 4.815 4.898 5.055 5.337 5.582 5.778 6.228 6.785 7.24 7.627 7.813 8.67 9.67 10.007 10.225 10.297 10.355 10.448 10.568 10.693 10.815 10.922 11 11.055 11.105 11.152 11.17 11.178 11.218 11.267 11.29 11.28 11.26 11.24 11.207 11.162 11.112 11.05 10.99 10.95 10.928 10.91
5.02 5.032 4.992 4.903 4.763 4.755 4.913 4.973 4.983 5.017 5.035 5.017 4.98 4.938 4.908 4.892 4.805 4.605 4.29 4.008 3.92 3.92 3.92 4.158 4.575 4.74 4.705 4.66 4.61 4.603 4.68 4.797 4.9 4.985 5.138 5.367 5.535 5.665 5.998 6.41 6.82 7.53 7.985 8.82 9.827 10.16 10.355 10.425 10.515 10.628 10.757 10.882 10.992 11.097 11.18 11.235 11.285 11.335 11.35 11.338 11.353 11.39 11.41 11.405 11.395 11.38 11.35 11.3 11.232 11.16 11.1 11.055 11.018 10.99
4.975 4.982 4.913 4.798 4.713 4.733 4.873 4.97 5.003 5.033 5.052 5.035 4.992 4.943 4.905 4.892 4.882 4.782 4.512 4.128 3.92 3.92 3.92 3.948 4.37 4.757 4.735 4.695 4.645 4.608 4.66 4.797 4.93 5.047 5.192 5.345 5.46 5.568 5.795 6.123 6.615 7.537 8.123 8.96 9.96 10.285 10.492 10.592 10.71 10.83 10.947 11.06 11.165 11.27 11.352 11.405 11.457 11.505 11.52 11.51 11.507 11.52 11.528 11.523 11.52 11.515 11.482 11.42 11.345 11.27 11.213 11.167 11.12 11.08
4.937 4.945 4.92 4.852 4.768 4.785 4.905 4.995 5.037 5.065 5.077 5.055 5.007 4.937 4.873 4.847 4.84 4.827 4.627 4.178 3.92 3.92 3.92 3.92 4.345 4.765 4.76 4.755 4.725 4.675 4.69 4.8 4.94 5.082 5.212 5.318 5.413 5.503 5.695 5.998 6.57 7.62 8.255 9.093 10.067 10.38 10.617 10.745 10.865 10.985 11.097 11.202 11.307 11.412 11.492 11.545 11.595 11.632 11.645 11.642 11.64 11.65 11.655 11.65 11.65 11.642 11.59 11.512 11.445 11.377 11.322 11.272 11.22 11.173
4.903 4.915 4.92 4.892 4.823 4.833 4.93 5.01 5.07 5.107 5.112 5.077 5.007 4.915 4.82 4.768 4.76 4.708 4.585 4.218 3.92 3.92 3.92 3.92 4.347 4.767 4.773 4.8 4.812 4.787 4.77 4.845 4.985 5.117 5.23 5.325 5.412 5.475 5.613 5.88 6.5 7.67 8.383 9.228 10.177 10.465 10.707 10.847 10.975 11.095 11.21 11.317 11.423 11.527 11.61 11.66 11.697 11.727 11.74 11.74 11.748 11.775 11.792 11.79 11.785 11.762 11.687 11.588 11.515 11.455 11.407 11.362 11.307 11.255
4.87 4.88 4.892 4.895 4.863 4.87 4.945 5.02 5.09 5.142 5.142 5.08 4.985 4.883 4.778 4.705 4.698 4.65 4.595 4.32 3.98 3.92 3.92 3.92 4.35 4.772 4.78 4.813 4.847 4.862 4.853 4.903 5.025 5.145 5.247 5.34 5.412 5.45 5.535 5.783 6.44 7.71 8.513 9.363 10.302 10.562 10.79 10.94 11.08 11.205 11.32 11.43 11.537 11.645 11.725 11.762 11.79 11.82 11.835 11.845 11.873 11.907 11.927 11.925 11.912 11.877 11.79 11.673 11.575 11.505 11.463 11.432 11.39 11.34
4.843 4.848 4.855 4.867 4.87 4.887 4.945 5.015 5.082 5.145 5.15 5.075 4.975 4.873 4.77 4.69 4.68 4.695 4.687 4.5 4.118 3.92 3.92 3.92 4.163 4.59 4.792 4.827 4.86 4.89 4.91 4.955 5.052 5.165 5.265 5.342 5.387 5.41 5.455 5.71 6.403 7.747 8.635 9.49 10.437 10.667 10.87 11.025 11.17 11.305 11.425 11.532 11.637 11.742 11.815 11.847 11.877 11.91 11.935 11.962 11.997 12.03 12.052 12.052 12.037 11.99 11.89 11.77 11.655 11.563 11.51 11.483 11.453 11.418
4.83 4.82 4.813 4.822 4.837 4.855 4.885 4.94 5.005 5.07 5.1 5.07 4.995 4.895 4.798 4.728 4.72 4.762 4.78 4.645 4.22 3.92 3.92 3.92 3.948 4.383 4.805 4.832 4.86 4.887 4.912 4.965 5.067 5.185 5.275 5.325 5.35 5.37 5.393 5.66 6.37 7.785 8.745 9.605 10.567 10.77 10.947 11.097 11.242 11.387 11.51 11.61 11.71 11.812 11.882 11.917 11.952 11.985 12.02 12.055 12.087 12.12 12.142 12.147 12.142 12.1 12 11.88 11.763 11.658 11.593 11.563 11.535 11.51
4.83 4.797 4.763 4.768 4.782 4.793 4.8 4.825 4.878 4.942 4.99 5.01 4.995 4.925 4.838 4.79 4.78 4.825 4.862 4.735 4.268 3.92 3.92 3.92 3.92 4.353 4.795 4.815 4.837 4.86 4.885 4.95 5.068 5.202 5.288 5.32 5.348 5.373 5.485 5.835 6.428 7.81 8.842 9.71 10.675 10.852 11.015 11.163 11.31 11.462 11.585 11.678 11.775 11.877 11.945 11.98 12.015 12.045 12.08 12.117 12.152 12.185 12.205 12.212 12.215 12.19 12.115 12.007 11.893 11.793 11.723 11.68 11.653 11.63
4.815 4.757 4.708 4.71 4.727 4.74 4.745 4.748 4.768 4.815 4.86 4.89 4.917 4.912 4.867 4.825 4.79 4.805 4.865 4.8 4.348 3.953 3.92 3.92 3.92 4.342 4.77 4.785 4.805 4.828 4.86 4.938 5.078 5.252 5.357 5.385 5.413 5.48 5.713 6.092 6.498 7.8 8.912 9.823 10.78 10.923 11.08 11.23 11.383 11.537 11.662 11.755 11.845 11.94 12.005 12.038 12.07 12.1 12.135 12.177 12.217 12.25 12.27 12.275 12.272 12.257 12.207 12.122 12.028 11.945 11.875 11.81 11.77 11.75
4.782 4.703 4.65 4.65 4.67 4.688 4.695 4.695 4.695 4.713 4.748 4.785 4.825 4.865 4.855 4.792 4.733 4.72 4.77 4.745 4.48 4.098 3.92 3.92 3.92 4.237 4.655 4.76 4.775 4.802 4.838 4.935 5.115 5.32 5.457 5.5 5.52 5.61 5.858 6.195 6.53 7.807 8.965 9.942 10.917 11.02 11.153 11.3 11.455 11.61 11.735 11.83 11.918 12.005 12.065 12.095 12.125 12.155 12.19 12.233 12.275 12.315 12.337 12.335 12.33 12.325 12.287 12.223 12.16 12.097 12.03 11.958 11.9 11.87
