EGM722_Project_Data/DTM_asc/TL4854.asc
ncols         200
nrows         200
xllcorner     548000.000
yllcorner     254000.000
cellsize      5
NODATA_value  -9999.0
[rows 64 to 95 of 200, columns 73 to 145 of 200]
29.755 30.005 30.24 30.468 30.75 31.115 31.505 31.887 32.25 32.605 32.96 33.257 33.5 33.74 33.99 34.27 34.567 34.865 35.162 35.437 35.67 35.877 36.08 36.33 36.63 36.94 37.273 37.625 37.98 38.335 38.69 39.063 39.457 39.85 40.245 40.627 40.973 41.308 41.625 41.895 42.125 42.333 42.538 42.773 42.97 43.077 43.145 43.195 43.245 43.3 43.357 43.412 43.465 43.502 43.533 43.567 43.6 43.625 43.64 43.652 43.665 43.68 43.69 43.69 43.69 43.647 43.54 43.415 43.305 43.24 43.21 43.183 43.168
29.835 30.095 30.335 30.57 30.845 31.182 31.545 31.902 32.258 32.615 32.97 33.265 33.505 33.75 34.023 34.322 34.625 34.927 35.227 35.52 35.775 35.983 36.193 36.453 36.753 37.065 37.4 37.75 38.1 38.45 38.8 39.175 39.57 39.963 40.357 40.73 41.073 41.438 41.822 42.135 42.373 42.585 42.785 42.977 43.145 43.247 43.298 43.343 43.39 43.443 43.5 43.557 43.612 43.655 43.687 43.725 43.752 43.767 43.777 43.785 43.795 43.83 43.867 43.875 43.875 43.827 43.717 43.595 43.485 43.42 43.387 43.355 43.34
29.91 30.177 30.43 30.67 30.923 31.213 31.55 31.908 32.265 32.622 32.977 33.275 33.515 33.773 34.063 34.37 34.675 34.977 35.28 35.585 35.867 36.098 36.338 36.613 36.908 37.225 37.56 37.908 38.255 38.603 38.95 39.308 39.683 40.075 40.47 40.833 41.193 41.595 42.015 42.385 42.647 42.852 43.037 43.195 43.322 43.402 43.455 43.503 43.548 43.593 43.643 43.7 43.757 43.795 43.822 43.857 43.882 43.895 43.903 43.908 43.915 43.958 44.027 44.062 44.065 44.015 43.905 43.783 43.663 43.588 43.55 43.515 43.52
29.983 30.255 30.52 30.77 31.023 31.29 31.58 31.915 32.275 32.63 32.985 33.285 33.53 33.805 34.11 34.42 34.725 35.025 35.325 35.63 35.93 36.222 36.507 36.785 37.083 37.4 37.738 38.093 38.445 38.795 39.142 39.48 39.825 40.195 40.578 40.953 41.343 41.76 42.18 42.597 42.93 43.122 43.248 43.37 43.482 43.56 43.617 43.667 43.71 43.75 43.793 43.843 43.897 43.925 43.94 43.97 43.995 44.012 44.025 44.032 44.038 44.073 44.155 44.23 44.255 44.205 44.095 43.97 43.843 43.753 43.71 43.678 43.703
30.06 30.33 30.6 30.868 31.133 31.398 31.663 31.953 32.285 32.638 32.995 33.295 33.555 33.848 34.155 34.465 34.772 35.075 35.375 35.675 35.995 36.348 36.677 36.97 37.265 37.578 37.923 38.287 38.645 38.992 39.335 39.67 40.005 40.348 40.7 41.087 41.502 41.92 42.34 42.76 43.16 43.402 43.47 43.543 43.642 43.715 43.775 43.83 43.875 43.912 43.95 43.993 44.035 44.055 44.063 44.085 44.107 44.125 44.14 44.152 44.163 44.193 44.268 44.36 44.425 44.395 44.282 44.157 44.03 43.918 43.865 43.848 43.893
30.143 30.41 30.688 30.973 31.257 31.518 31.773 32.038 32.323 32.65 33.002 33.307 33.588 33.893 34.2 34.51 34.82 35.125 35.425 35.725 36.088 36.497 36.85 37.16 37.473 37.795 38.135 38.488 38.843 39.188 39.525 39.865 40.205 40.527 40.838 41.193 41.6 42.02 42.44 42.86 43.277 43.557 43.642 43.707 43.795 43.862 43.925 43.985 44.035 44.072 44.107 44.142 44.175 44.19 44.19 44.203 44.223 44.238 44.253 44.268 44.283 44.313 44.38 44.47 44.547 44.542 44.442 44.322 44.202 44.08 44.015 44.02 44.088
30.233 30.508 30.795 31.09 31.405 31.672 31.9 32.15 32.413 32.695 33.015 33.33 33.63 33.94 34.25 34.557 34.865 35.173 35.475 35.785 36.193 36.662 37.05 37.383 37.718 38.052 38.385 38.72 39.058 39.393 39.732 40.07 40.39 40.685 40.973 41.285 41.65 42.06 42.48 42.902 43.307 43.562 43.675 43.81 43.925 43.987 44.05 44.107 44.155 44.195 44.23 44.263 44.313 44.342 44.34 44.363 44.39 44.395 44.4 44.408 44.415 44.43 44.475 44.547 44.612 44.625 44.552 44.437 44.32 44.223 44.178 44.183 44.25
30.325 30.605 30.9 31.208 31.547 31.847 32.07 32.288 32.535 32.795 33.105 33.43 33.72 34.013 34.308 34.605 34.91 35.22 35.525 35.868 36.343 36.857 37.28 37.637 37.973 38.308 38.642 38.975 39.295 39.615 39.94 40.247 40.535 40.818 41.11 41.41 41.73 42.105 42.522 42.94 43.32 43.55 43.705 43.902 44.03 44.09 44.147 44.197 44.242 44.285 44.32 44.383 44.472 44.515 44.535 44.593 44.64 44.647 44.642 44.62 44.582 44.548 44.55 44.595 44.65 44.687 44.637 44.523 44.425 44.373 44.355 44.35 44.39
30.418 30.698 31.003 31.325 31.672 32.012 32.272 32.465 32.675 32.935 33.267 33.597 33.878 34.153 34.43 34.715 35.008 35.303 35.6 36.028 36.572 37.07 37.51 37.89 38.23 38.565 38.897 39.222 39.527 39.82 40.105 40.385 40.665 40.95 41.248 41.55 41.85 42.178 42.568 42.962 43.315 43.593 43.822 44.022 44.13 44.187 44.237 44.283 44.328 44.372 44.413 44.54 44.67 44.713 44.77 44.842 44.9 44.902 44.862 44.802 44.727 44.655 44.63 44.658 44.698 44.742 44.715 44.63 44.578 44.55 44.537 44.532 44.543
30.52 30.795 31.108 31.44 31.792 32.15 32.46 32.675 32.855 33.095 33.42 33.76 34.06 34.335 34.61 34.89 35.168 35.445 35.765 36.265 36.812 37.27 37.725 38.135 38.487 38.82 39.145 39.447 39.722 39.985 40.25 40.523 40.798 41.083 41.382 41.687 41.99 42.293 42.628 42.985 43.34 43.695 43.96 44.13 44.235 44.283 44.328 44.373 44.415 44.458 44.505 44.697 44.877 44.92 44.977 45.032 45.075 45.052 44.977 44.905 44.832 44.76 44.725 44.74 44.773 44.815 44.815 44.778 44.752 44.727 44.71 44.695 44.683
30.625 30.898 31.215 31.548 31.9 32.262 32.61 32.88 33.075 33.275 33.563 33.922 34.245 34.52 34.795 35.075 35.347 35.613 35.963 36.45 36.955 37.43 37.915 38.37 38.745 39.062 39.355 39.625 39.88 40.135 40.398 40.667 40.938 41.215 41.515 41.82 42.117 42.412 42.705 43.028 43.403 43.785 44.055 44.235 44.372 44.443 44.493 44.535 44.575 44.615 44.655 44.835 45.027 45.08 45.12 45.16 45.182 45.147 45.075 45.005 44.935 44.863 44.833 44.863 44.908 44.952 44.96 44.93 44.905 44.877 44.847 44.822 44.803
30.725 31 31.323 31.653 32.003 32.365 32.715 33.01 33.24 33.452 33.728 34.095 34.435 34.71 34.98 35.25 35.515 35.78 36.15 36.625 37.11 37.6 38.095 38.575 38.965 39.26 39.522 39.777 40.032 40.287 40.545 40.81 41.075 41.345 41.638 41.935 42.225 42.515 42.795 43.09 43.493 43.887 44.14 44.345 44.515 44.627 44.712 44.77 44.81 44.847 44.868 44.953 45.1 45.192 45.24 45.28 45.29 45.245 45.175 45.102 45.03 44.955 44.948 45.02 45.085 45.122 45.112 45.07 45.038 45.007 44.97 44.94 44.92
30.825 31.1 31.425 31.758 32.103 32.455 32.792 33.08 33.327 33.57 33.823 34.18 34.577 34.882 35.145 35.405 35.665 35.96 36.37 36.855 37.337 37.81 38.267 38.722 39.095 39.372 39.635 39.892 40.152 40.413 40.693 40.98 41.245 41.51 41.79 42.08 42.37 42.66 42.935 43.203 43.6 44 44.25 44.465 44.635 44.76 44.88 44.982 45.045 45.075 45.08 45.09 45.178 45.285 45.347 45.397 45.4 45.342 45.27 45.195 45.118 45.043 45.053 45.167 45.262 45.285 45.257 45.215 45.178 45.145 45.105 45.063 45.038
30.92 31.198 31.525 31.857 32.195 32.537 32.867 33.15 33.397 33.632 33.848 34.123 34.5 34.87 35.202 35.527 35.815 36.15 36.59 37.055 37.512 37.96 38.395 38.825 39.172 39.44 39.705 39.965 40.233 40.525 40.855 41.187 41.475 41.735 42.01 42.3 42.59 42.87 43.128 43.385 43.683 44.003 44.3 44.565 44.752 44.877 45.005 45.135 45.237 45.277 45.275 45.268 45.3 45.37 45.44 45.505 45.505 45.435 45.358 45.283 45.205 45.128 45.148 45.29 45.417 45.442 45.405 45.365 45.322 45.283 45.243 45.195 45.16
30.993 31.28 31.617 31.95 32.283 32.622 32.945 33.22 33.46 33.685 33.893 34.14 34.463 34.83 35.22 35.6 35.943 36.313 36.747 37.19 37.625 38.06 38.495 38.912 39.245 39.508 39.773 40.045 40.345 40.683 41.035 41.387 41.712 41.99 42.263 42.55 42.835 43.095 43.335 43.582 43.828 44.09 44.373 44.657 44.867 44.993 45.12 45.25 45.37 45.425 45.42 45.415 45.42 45.455 45.52 45.59 45.605 45.545 45.465 45.388 45.31 45.243 45.255 45.38 45.532 45.582 45.545 45.505 45.462 45.423 45.385 45.342 45.298
31.05 31.35 31.695 32.035 32.372 32.71 33.022 33.285 33.515 33.733 33.985 34.345 34.698 34.998 35.34 35.708 36.08 36.458 36.863 37.293 37.725 38.16 38.595 38.997 39.315 39.575 39.855 40.17 40.513 40.865 41.217 41.572 41.92 42.232 42.515 42.797 43.067 43.31 43.545 43.775 44 44.23 44.452 44.742 44.987 45.11 45.233 45.36 45.48 45.535 45.53 45.525 45.525 45.543 45.595 45.662 45.705 45.675 45.595 45.515 45.448 45.418 45.428 45.488 45.615 45.695 45.672 45.633 45.6 45.572 45.54 45.495 45.443
31.113 31.423 31.765 32.11 32.455 32.795 33.097 33.34 33.563 33.805 34.18 34.642 34.995 35.265 35.555 35.885 36.247 36.62 37 37.405 37.828 38.26 38.695 39.08 39.383 39.668 39.99 40.34 40.695 41.045 41.4 41.755 42.107 42.45 42.76 43.035 43.28 43.502 43.722 43.937 44.117 44.273 44.453 44.797 45.105 45.23 45.35 45.472 45.59 45.645 45.64 45.635 45.635 45.64 45.678 45.74 45.795 45.792 45.723 45.658 45.63 45.635 45.655 45.678 45.735 45.8 45.802 45.773 45.75 45.73 45.697 45.645 45.59
31.178 31.5 31.843 32.19 32.535 32.875 33.157 33.41 33.68 34.04 34.512 34.932 35.242 35.505 35.765 36.037 36.382 36.78 37.16 37.543 37.948 38.368 38.795 39.17 39.485 39.815 40.167 40.522 40.875 41.225 41.577 41.93 42.285 42.64 42.967 43.227 43.442 43.65 43.855 44.062 44.237 44.365 44.505 44.858 45.207 45.347 45.465 45.585 45.692 45.755 45.765 45.758 45.753 45.748 45.765 45.815 45.873 45.895 45.868 45.845 45.852 45.867 45.882 45.9 45.92 45.943 45.948 45.93 45.91 45.887 45.85 45.795 45.738
31.245 31.58 31.93 32.28 32.625 32.95 33.202 33.44 33.76 34.215 34.707 35.09 35.382 35.632 35.86 36.103 36.455 36.877 37.285 37.687 38.09 38.495 38.907 39.287 39.635 39.985 40.337 40.69 41.04 41.39 41.74 42.09 42.442 42.795 43.13 43.382 43.573 43.77 43.975 44.182 44.357 44.485 44.628 44.965 45.302 45.447 45.562 45.672 45.762 45.842 45.9 45.91 45.9 45.89 45.905 45.953 46.008 46.038 46.03 46.025 46.035 46.05 46.07 46.087 46.102 46.11 46.105 46.09 46.07 46.047 46.012 45.96 45.903
31.315 31.655 32.012 32.367 32.715 33.017 33.26 33.493 33.82 34.245 34.685 35.1 35.435 35.68 35.87 36.115 36.49 36.917 37.345 37.777 38.202 38.617 39.027 39.415 39.78 40.135 40.485 40.835 41.185 41.537 41.89 42.24 42.59 42.937 43.272 43.535 43.723 43.905 44.098 44.297 44.472 44.61 44.78 45.09 45.382 45.53 45.642 45.732 45.805 45.892 45.99 46.057 46.075 46.07 46.103 46.167 46.222 46.237 46.203 46.168 46.163 46.178 46.212 46.247 46.265 46.27 46.265 46.25 46.23 46.21 46.182 46.14 46.088
31.388 31.725 32.085 32.445 32.795 33.102 33.37 33.643 33.98 34.37 34.76 35.145 35.48 35.697 35.858 36.128 36.525 36.963 37.42 37.87 38.3 38.725 39.14 39.532 39.905 40.27 40.627 40.98 41.33 41.683 42.035 42.385 42.735 43.077 43.405 43.682 43.887 44.065 44.243 44.428 44.6 44.753 44.943 45.2 45.447 45.607 45.707 45.78 45.845 45.925 46.028 46.14 46.22 46.26 46.31 46.385 46.45 46.455 46.4 46.338 46.3 46.303 46.342 46.39 46.42 46.43 46.422 46.408 46.393 46.372 46.345 46.312 46.27
31.455 31.782 32.135 32.485 32.832 33.187 33.515 33.808 34.15 34.537 34.902 35.235 35.532 35.755 35.94 36.248 36.668 37.1 37.552 37.995 38.415 38.835 39.252 39.647 40.022 40.395 40.762 41.125 41.48 41.83 42.18 42.53 42.877 43.212 43.537 43.832 44.052 44.23 44.407 44.58 44.745 44.905 45.08 45.288 45.51 45.672 45.76 45.825 45.89 45.968 46.073 46.193 46.307 46.402 46.48 46.562 46.637 46.642 46.58 46.512 46.452 46.433 46.465 46.515 46.56 46.585 46.58 46.565 46.555 46.535 46.505 46.477 46.445
31.505 31.815 32.15 32.493 32.838 33.212 33.61 33.965 34.305 34.657 34.98 35.277 35.565 35.825 36.07 36.415 36.845 37.265 37.685 38.105 38.525 38.945 39.365 39.762 40.138 40.51 40.882 41.255 41.62 41.975 42.325 42.675 43.017 43.347 43.672 43.982 44.217 44.395 44.572 44.737 44.895 45.052 45.203 45.368 45.57 45.73 45.815 45.88 45.943 46.023 46.138 46.262 46.38 46.487 46.582 46.67 46.74 46.737 46.672 46.612 46.565 46.548 46.57 46.615 46.665 46.71 46.732 46.73 46.72 46.7 46.67 46.64 46.603
31.548 31.85 32.168 32.5 32.843 33.203 33.622 34.047 34.4 34.715 35.017 35.307 35.592 35.863 36.143 36.515 36.95 37.375 37.795 38.215 38.635 39.055 39.475 39.875 40.252 40.625 40.997 41.37 41.742 42.11 42.467 42.817 43.155 43.482 43.805 44.125 44.377 44.56 44.73 44.887 45.042 45.197 45.34 45.475 45.645 45.792 45.872 45.935 45.995 46.078 46.2 46.332 46.457 46.562 46.65 46.73 46.785 46.772 46.718 46.678 46.65 46.645 46.668 46.705 46.75 46.805 46.857 46.887 46.89 46.87 46.835 46.792 46.743
31.595 31.9 32.21 32.523 32.85 33.195 33.598 34.037 34.425 34.752 35.047 35.333 35.617 35.898 36.21 36.605 37.045 37.48 37.905 38.325 38.745 39.165 39.58 39.975 40.355 40.73 41.102 41.475 41.85 42.225 42.592 42.95 43.29 43.615 43.937 44.262 44.53 44.72 44.88 45.033 45.188 45.34 45.477 45.603 45.742 45.857 45.925 45.985 46.045 46.13 46.255 46.392 46.525 46.627 46.705 46.782 46.835 46.83 46.798 46.775 46.755 46.75 46.773 46.808 46.845 46.893 46.95 47.005 47.042 47.032 46.985 46.932 46.875
31.65 31.953 32.26 32.565 32.875 33.2 33.58 34.003 34.425 34.782 35.067 35.355 35.64 35.925 36.273 36.697 37.137 37.575 38.01 38.435 38.855 39.275 39.68 40.065 40.442 40.817 41.192 41.565 41.935 42.302 42.667 43.03 43.38 43.715 44.05 44.387 44.675 44.872 45.027 45.18 45.335 45.482 45.612 45.727 45.835 45.932 45.998 46.043 46.095 46.183 46.308 46.445 46.577 46.677 46.755 46.83 46.882 46.895 46.885 46.875 46.86 46.858 46.88 46.913 46.948 46.985 47.035 47.095 47.155 47.162 47.117 47.065 47.005
31.72 32.02 32.323 32.625 32.93 33.24 33.593 34.015 34.452 34.8 35.078 35.365 35.65 35.935 36.305 36.757 37.21 37.662 38.11 38.542 38.965 39.38 39.775 40.152 40.525 40.895 41.262 41.627 41.99 42.35 42.71 43.07 43.425 43.77 44.115 44.465 44.765 44.975 45.147 45.317 45.48 45.615 45.722 45.82 45.908 46.007 46.092 46.135 46.173 46.245 46.36 46.493 46.622 46.725 46.802 46.867 46.915 46.935 46.935 46.935 46.948 46.97 46.998 47.03 47.065 47.1 47.135 47.185 47.245 47.257 47.22 47.175 47.13
31.805 32.105 32.41 32.723 33.04 33.355 33.688 34.103 34.507 34.812 35.088 35.368 35.65 35.935 36.313 36.777 37.242 37.71 38.172 38.625 39.067 39.477 39.855 40.222 40.587 40.95 41.31 41.67 42.03 42.39 42.75 43.11 43.465 43.812 44.158 44.497 44.787 45.012 45.21 45.395 45.565 45.697 45.795 45.885 45.973 46.075 46.182 46.252 46.293 46.345 46.43 46.543 46.667 46.77 46.84 46.895 46.942 46.967 46.97 46.99 47.063 47.123 47.14 47.163 47.195 47.23 47.253 47.283 47.335 47.345 47.305 47.273 47.258
31.877 32.2 32.525 32.855 33.187 33.52 33.852 34.215 34.55 34.828 35.103 35.378 35.655 35.943 36.323 36.79 37.258 37.725 38.198 38.67 39.13 39.54 39.907 40.27 40.63 40.99 41.35 41.71 42.07 42.43 42.79 43.15 43.505 43.855 44.2 44.517 44.787 45.025 45.237 45.425 45.59 45.727 45.842 45.942 46.035 46.14 46.257 46.357 46.422 46.477 46.543 46.623 46.722 46.807 46.865 46.915 46.965 46.998 47.03 47.11 47.235 47.307 47.31 47.315 47.333 47.36 47.38 47.395 47.427 47.432 47.408 47.4 47.405
31.905 32.25 32.59 32.925 33.26 33.6 33.945 34.29 34.595 34.863 35.133 35.403 35.673 35.958 36.34 36.81 37.283 37.755 38.23 38.705 39.157 39.562 39.935 40.305 40.67 41.03 41.39 41.75 42.11 42.47 42.83 43.19 43.545 43.895 44.237 44.532 44.783 45.025 45.252 45.452 45.615 45.75 45.872 45.985 46.09 46.197 46.315 46.43 46.52 46.587 46.65 46.712 46.785 46.85 46.9 46.95 46.998 47.048 47.138 47.272 47.415 47.485 47.485 47.485 47.487 47.497 47.507 47.515 47.53 47.533 47.53 47.54 47.55
31.905 32.25 32.59 32.925 33.263 33.613 33.97 34.332 34.655 34.927 35.193 35.457 35.703 35.985 36.39 36.858 37.325 37.798 38.273 38.747 39.187 39.577 39.952 40.327 40.7 41.067 41.43 41.79 42.15 42.51 42.87 43.23 43.585 43.935 44.262 44.537 44.78 45.02 45.257 45.472 45.642 45.782 45.908 46.022 46.132 46.24 46.352 46.465 46.565 46.647 46.715 46.775 46.84 46.905 46.96 47.01 47.055 47.125 47.25 47.4 47.54 47.61 47.615 47.615 47.615 47.615 47.617 47.622 47.63 47.637 47.645 47.655 47.662
31.905 32.25 32.59 32.933 33.285 33.648 34.013 34.377 34.712 35 35.26 35.49 35.715 36.04 36.475 36.935 37.395 37.86 38.327 38.792 39.217 39.595 39.97 40.345 40.717 41.092 41.462 41.827 42.19 42.55 42.91 43.27 43.625 43.975 44.28 44.532 44.775 45.018 45.26 45.487 45.672 45.82 45.95 46.062 46.162 46.268 46.38 46.485 46.58 46.672 46.757 46.825 46.888 46.957 47.025 47.08 47.125 47.205 47.338 47.485 47.617 47.685 47.7 47.707 47.71 47.71 47.712 47.717 47.725 47.735 47.743 47.75 47.755
