EGM722_Project_Data/DTM_asc/TL4861.asc
ncols         200
nrows         200
xllcorner     548000.000
yllcorner     261000.000
cellsize      5
NODATA_value  -9999.0
[rows 105 to 139 of 200, columns 79 to 157 of 200]
4.985 5.055 5.107 5.107 5.025 4.9 4.775 4.72 4.75 4.79 4.817 4.82 4.815 4.818 4.833 4.88 4.963 5.057 5.135 5.165 5.167 5.173 5.2 5.295 5.44 5.595 5.77 5.993 6.318 6.715 7.183 7.733 8.297 8.767 9.075 9.225 9.237 9.2 9.183 9.183 9.175 9.16 9.16 9.163 9.15 9.143 9.117 9.065 9.015 8.867 8.572 8.192 7.695 7.17 6.74 6.525 6.418 6.393 6.505 6.56 6.552 6.545 6.553 6.548 6.545 6.562 6.58 6.595 6.633 6.705 6.78 6.815 6.81 6.802 6.8 6.787 6.752 6.707 6.663
4.95 5.02 5.09 5.092 4.995 4.87 4.76 4.72 4.75 4.79 4.827 4.837 4.828 4.825 4.83 4.883 4.975 5.057 5.105 5.115 5.115 5.12 5.145 5.218 5.345 5.495 5.645 5.803 5.978 6.173 6.448 6.818 7.245 7.758 8.31 8.75 9.037 9.167 9.16 9.128 9.085 9.045 9.03 9.02 9.013 9.01 9 8.968 8.967 8.94 8.84 8.692 8.427 8.08 7.642 7.183 6.803 6.595 6.498 6.433 6.475 6.507 6.495 6.498 6.515 6.535 6.553 6.583 6.642 6.715 6.792 6.84 6.84 6.83 6.82 6.79 6.745 6.7 6.663
4.92 4.99 5.057 5.052 4.953 4.845 4.773 4.755 4.783 4.82 4.857 4.862 4.843 4.835 4.843 4.898 4.982 5.03 5.04 5.04 5.04 5.065 5.135 5.218 5.31 5.438 5.585 5.738 5.885 6.038 6.203 6.385 6.618 6.938 7.32 7.78 8.307 8.722 8.992 9.115 9.082 9.028 8.963 8.91 8.898 8.89 8.887 8.87 8.902 8.917 8.835 8.732 8.63 8.517 8.285 7.957 7.607 7.27 6.943 6.693 6.553 6.438 6.425 6.455 6.462 6.49 6.517 6.545 6.6 6.67 6.767 6.83 6.827 6.82 6.81 6.78 6.738 6.708 6.693
4.888 4.955 5.022 5.012 4.928 4.86 4.815 4.803 4.825 4.86 4.892 4.89 4.865 4.85 4.855 4.902 4.955 4.965 4.96 4.96 4.985 5.058 5.155 5.242 5.315 5.403 5.53 5.682 5.832 5.98 6.128 6.278 6.44 6.615 6.803 7.078 7.435 7.828 8.295 8.692 8.952 9.06 8.995 8.898 8.815 8.773 8.77 8.768 8.815 8.87 8.825 8.725 8.625 8.525 8.422 8.32 8.122 7.87 7.652 7.402 7.083 6.793 6.6 6.435 6.38 6.418 6.46 6.502 6.548 6.635 6.757 6.82 6.813 6.807 6.8 6.78 6.758 6.75 6.753
4.858 4.925 4.992 4.997 4.947 4.905 4.865 4.848 4.867 4.902 4.927 4.92 4.895 4.875 4.865 4.878 4.89 4.885 4.88 4.905 4.98 5.08 5.18 5.267 5.34 5.408 5.493 5.623 5.777 5.93 6.075 6.215 6.36 6.518 6.683 6.848 7.013 7.218 7.515 7.883 8.302 8.66 8.905 8.975 8.867 8.75 8.673 8.663 8.725 8.815 8.81 8.715 8.615 8.515 8.415 8.315 8.23 8.21 8.202 8.055 7.815 7.56 7.23 6.893 6.645 6.433 6.358 6.423 6.498 6.615 6.747 6.807 6.8 6.795 6.793 6.787 6.787 6.795 6.805
4.865 4.933 4.995 5.002 4.96 4.92 4.88 4.865 4.887 4.92 4.942 4.937 4.912 4.89 4.87 4.855 4.85 4.848 4.848 4.9 5 5.1 5.2 5.29 5.362 5.415 5.448 5.543 5.712 5.877 6.025 6.165 6.287 6.423 6.59 6.753 6.903 7.048 7.203 7.378 7.633 7.988 8.36 8.642 8.837 8.865 8.725 8.628 8.645 8.74 8.777 8.71 8.61 8.51 8.425 8.355 8.325 8.463 8.647 8.61 8.42 8.2 7.957 7.707 7.385 7.008 6.713 6.483 6.425 6.563 6.712 6.79 6.792 6.79 6.79 6.79 6.793 6.805 6.82
4.903 4.967 5.02 5.007 4.95 4.903 4.86 4.85 4.878 4.912 4.94 4.94 4.915 4.89 4.87 4.855 4.85 4.855 4.868 4.925 5.025 5.125 5.225 5.307 5.355 5.372 5.373 5.443 5.61 5.795 5.94 6.05 6.17 6.33 6.517 6.692 6.852 7 7.14 7.233 7.363 7.59 7.823 8.105 8.452 8.675 8.765 8.737 8.675 8.708 8.743 8.708 8.625 8.555 8.5 8.46 8.543 8.75 8.897 8.905 8.817 8.702 8.54 8.335 8.107 7.865 7.555 7.153 6.85 6.675 6.585 6.63 6.723 6.777 6.792 6.795 6.795 6.8 6.81
4.943 5.002 5.037 5.01 4.95 4.893 4.843 4.833 4.868 4.91 4.94 4.94 4.917 4.892 4.87 4.858 4.86 4.873 4.893 4.953 5.05 5.15 5.245 5.295 5.3 5.295 5.29 5.338 5.48 5.675 5.825 5.923 6.065 6.258 6.45 6.63 6.8 6.962 7.115 7.178 7.215 7.375 7.598 7.828 8.058 8.288 8.56 8.732 8.772 8.785 8.777 8.75 8.7 8.66 8.62 8.635 8.767 8.89 8.935 8.955 8.955 8.942 8.875 8.775 8.645 8.462 8.252 8.017 7.727 7.363 7.005 6.785 6.7 6.668 6.708 6.777 6.8 6.8 6.803
4.98 5.03 5.047 5.01 4.947 4.885 4.838 4.838 4.875 4.915 4.943 4.937 4.915 4.89 4.865 4.86 4.875 4.892 4.915 4.975 5.07 5.167 5.255 5.277 5.248 5.223 5.21 5.233 5.35 5.545 5.725 5.86 6.01 6.2 6.387 6.568 6.743 6.915 7.082 7.15 7.133 7.213 7.405 7.625 7.845 8.07 8.298 8.51 8.675 8.775 8.82 8.817 8.792 8.765 8.74 8.787 8.865 8.905 8.947 8.967 8.96 8.95 8.937 8.94 8.92 8.845 8.742 8.587 8.39 8.17 7.89 7.567 7.233 6.955 6.828 6.76 6.725 6.768 6.8
4.975 5.022 5.037 5 4.938 4.883 4.858 4.873 4.908 4.945 4.972 4.943 4.893 4.865 4.84 4.84 4.86 4.883 4.925 4.998 5.088 5.18 5.267 5.287 5.243 5.198 5.165 5.15 5.235 5.423 5.62 5.777 5.9 6.038 6.278 6.535 6.715 6.888 7.052 7.125 7.098 7.098 7.22 7.435 7.647 7.855 8.062 8.252 8.41 8.557 8.687 8.775 8.815 8.815 8.805 8.81 8.842 8.887 8.935 8.957 8.945 8.928 8.915 8.92 8.94 8.96 8.98 8.94 8.807 8.64 8.472 8.297 8.05 7.762 7.475 7.185 6.99 6.895 6.793
4.935 4.987 5.015 4.982 4.93 4.903 4.9 4.92 4.955 5 5.03 4.977 4.883 4.828 4.8 4.8 4.82 4.863 4.943 5.028 5.108 5.193 5.28 5.302 5.258 5.213 5.178 5.165 5.238 5.398 5.58 5.707 5.758 5.85 6.18 6.525 6.702 6.867 7.025 7.102 7.08 7.04 7.075 7.223 7.41 7.602 7.797 7.985 8.142 8.28 8.42 8.567 8.697 8.772 8.797 8.797 8.805 8.838 8.885 8.915 8.915 8.902 8.89 8.898 8.92 8.955 9.02 9.062 9.03 8.925 8.785 8.645 8.492 8.327 8.122 7.892 7.712 7.49 7.205
4.898 4.955 4.992 4.975 4.945 4.943 4.948 4.97 5.013 5.062 5.09 5.035 4.92 4.82 4.765 4.76 4.8 4.88 4.98 5.065 5.138 5.215 5.295 5.317 5.285 5.255 5.235 5.263 5.355 5.485 5.625 5.7 5.743 5.878 6.2 6.512 6.682 6.84 6.995 7.077 7.065 7.043 7.043 7.095 7.193 7.335 7.525 7.715 7.877 8.015 8.15 8.29 8.44 8.587 8.705 8.762 8.775 8.795 8.83 8.86 8.875 8.875 8.865 8.873 8.913 8.98 9.062 9.115 9.127 9.087 8.975 8.837 8.702 8.555 8.392 8.242 8.195 8.125 7.987
4.865 4.928 4.978 4.99 4.985 4.988 4.995 5.025 5.078 5.13 5.152 5.095 4.98 4.86 4.76 4.745 4.82 4.92 5.017 5.102 5.175 5.25 5.322 5.355 5.35 5.335 5.32 5.36 5.458 5.563 5.663 5.745 5.865 6.045 6.28 6.5 6.658 6.81 6.962 7.057 7.075 7.08 7.09 7.108 7.13 7.19 7.295 7.44 7.61 7.755 7.888 8.023 8.158 8.305 8.47 8.61 8.697 8.742 8.77 8.797 8.82 8.837 8.842 8.868 8.937 9.022 9.102 9.152 9.177 9.187 9.14 9.015 8.852 8.677 8.495 8.378 8.37 8.38 8.44
4.873 4.94 5 5.03 5.035 5.038 5.055 5.095 5.148 5.2 5.217 5.152 5.032 4.91 4.793 4.778 4.87 4.97 5.062 5.145 5.223 5.297 5.36 5.422 5.452 5.435 5.43 5.48 5.57 5.658 5.745 5.855 6.003 6.18 6.37 6.54 6.69 6.838 6.972 7.067 7.112 7.13 7.14 7.158 7.18 7.203 7.23 7.28 7.37 7.493 7.625 7.76 7.895 8.03 8.175 8.335 8.495 8.622 8.69 8.72 8.747 8.775 8.8 8.85 8.925 9 9.07 9.115 9.145 9.172 9.172 9.082 8.925 8.75 8.585 8.503 8.492 8.495 8.555
4.915 4.985 5.05 5.082 5.085 5.098 5.13 5.175 5.225 5.27 5.27 5.192 5.07 4.945 4.838 4.838 4.935 5.03 5.115 5.195 5.275 5.345 5.395 5.487 5.56 5.55 5.56 5.625 5.715 5.803 5.89 6 6.135 6.288 6.463 6.63 6.767 6.89 7.002 7.087 7.142 7.177 7.195 7.213 7.235 7.263 7.297 7.298 7.283 7.305 7.38 7.503 7.635 7.768 7.903 8.04 8.195 8.372 8.522 8.615 8.665 8.695 8.727 8.775 8.84 8.907 8.972 9.02 9.05 9.075 9.082 9.02 8.897 8.783 8.68 8.603 8.578 8.58 8.6
4.953 5.027 5.097 5.132 5.145 5.175 5.215 5.26 5.302 5.325 5.297 5.21 5.097 4.978 4.885 4.905 5 5.085 5.168 5.25 5.325 5.38 5.423 5.53 5.645 5.667 5.693 5.77 5.86 5.95 6.04 6.15 6.285 6.425 6.567 6.697 6.805 6.905 7.007 7.09 7.15 7.205 7.242 7.265 7.293 7.335 7.375 7.375 7.343 7.303 7.283 7.3 7.38 7.51 7.643 7.778 7.913 8.06 8.235 8.405 8.535 8.607 8.64 8.675 8.735 8.807 8.875 8.927 8.955 8.972 8.98 8.92 8.838 8.813 8.765 8.688 8.643 8.625 8.64
4.99 5.067 5.14 5.188 5.22 5.26 5.3 5.337 5.355 5.35 5.307 5.217 5.115 5.005 4.933 4.968 5.055 5.135 5.22 5.305 5.37 5.41 5.45 5.56 5.71 5.782 5.833 5.92 6.01 6.1 6.19 6.298 6.425 6.557 6.68 6.775 6.858 6.943 7.028 7.098 7.155 7.218 7.275 7.315 7.355 7.405 7.447 7.45 7.422 7.395 7.347 7.278 7.253 7.295 7.405 7.575 7.75 7.903 8.033 8.153 8.293 8.432 8.53 8.585 8.633 8.7 8.772 8.827 8.85 8.862 8.875 8.855 8.84 8.862 8.837 8.765 8.707 8.665 8.67
5.025 5.103 5.193 5.267 5.31 5.35 5.377 5.385 5.377 5.365 5.315 5.217 5.115 5.018 4.97 5.01 5.09 5.17 5.252 5.352 5.447 5.493 5.523 5.625 5.783 5.908 6.005 6.105 6.205 6.305 6.388 6.453 6.545 6.668 6.79 6.887 6.96 7.03 7.09 7.138 7.188 7.248 7.312 7.362 7.402 7.45 7.497 7.505 7.48 7.455 7.427 7.372 7.29 7.248 7.34 7.545 7.747 7.892 7.98 8.04 8.1 8.205 8.34 8.455 8.53 8.59 8.657 8.7 8.717 8.735 8.765 8.795 8.812 8.855 8.867 8.815 8.755 8.688 8.685
5.058 5.15 5.275 5.367 5.407 5.43 5.427 5.41 5.392 5.37 5.307 5.205 5.1 5.038 5.033 5.06 5.113 5.185 5.265 5.393 5.562 5.652 5.685 5.785 5.938 6.098 6.245 6.365 6.475 6.575 6.632 6.65 6.688 6.778 6.9 7 7.07 7.13 7.17 7.205 7.245 7.295 7.357 7.407 7.443 7.483 7.53 7.542 7.518 7.5 7.495 7.452 7.383 7.36 7.445 7.627 7.79 7.885 7.955 8.022 8.068 8.1 8.16 8.273 8.387 8.467 8.525 8.55 8.573 8.613 8.665 8.708 8.743 8.815 8.857 8.827 8.777 8.725 8.715
5.11 5.235 5.375 5.46 5.477 5.47 5.45 5.427 5.405 5.362 5.285 5.185 5.11 5.105 5.128 5.14 5.163 5.208 5.285 5.438 5.65 5.807 5.893 6.008 6.17 6.342 6.51 6.655 6.77 6.842 6.87 6.88 6.89 6.925 7.013 7.107 7.172 7.215 7.245 7.278 7.313 7.353 7.405 7.452 7.488 7.523 7.562 7.575 7.56 7.558 7.562 7.533 7.498 7.508 7.57 7.685 7.787 7.86 7.93 8 8.065 8.102 8.118 8.153 8.233 8.332 8.387 8.413 8.458 8.515 8.578 8.63 8.693 8.785 8.845 8.835 8.798 8.77 8.748
5.183 5.327 5.467 5.535 5.523 5.495 5.468 5.443 5.408 5.345 5.26 5.188 5.178 5.213 5.238 5.253 5.268 5.288 5.36 5.525 5.735 5.933 6.09 6.238 6.41 6.585 6.755 6.92 7.035 7.08 7.095 7.105 7.115 7.125 7.158 7.212 7.257 7.29 7.32 7.353 7.388 7.423 7.462 7.5 7.532 7.565 7.597 7.613 7.615 7.623 7.63 7.628 7.63 7.653 7.69 7.74 7.79 7.843 7.905 7.975 8.045 8.107 8.14 8.143 8.16 8.215 8.268 8.33 8.405 8.463 8.518 8.568 8.645 8.752 8.832 8.842 8.81 8.78 8.753
5.232 5.38 5.527 5.615 5.615 5.583 5.548 5.518 5.5 5.458 5.38 5.345 5.373 5.415 5.445 5.465 5.48 5.505 5.583 5.743 5.948 6.145 6.318 6.48 6.653 6.825 6.995 7.16 7.257 7.272 7.267 7.27 7.282 7.295 7.292 7.297 7.325 7.355 7.39 7.43 7.465 7.497 7.52 7.54 7.57 7.6 7.635 7.667 7.687 7.7 7.71 7.733 7.762 7.785 7.808 7.838 7.87 7.903 7.948 8.005 8.063 8.12 8.165 8.185 8.188 8.195 8.245 8.343 8.43 8.473 8.503 8.535 8.588 8.678 8.775 8.822 8.81 8.775 8.748
5.26 5.41 5.562 5.68 5.732 5.73 5.695 5.668 5.687 5.705 5.66 5.635 5.665 5.702 5.732 5.755 5.778 5.825 5.908 6.058 6.26 6.435 6.575 6.725 6.895 7.065 7.23 7.375 7.442 7.425 7.393 7.385 7.397 7.402 7.375 7.36 7.388 7.423 7.465 7.51 7.545 7.565 7.563 7.573 7.605 7.64 7.685 7.727 7.76 7.782 7.798 7.833 7.88 7.912 7.935 7.963 7.998 8.033 8.07 8.115 8.16 8.203 8.245 8.275 8.29 8.3 8.345 8.47 8.59 8.617 8.553 8.51 8.545 8.598 8.675 8.745 8.777 8.765 8.743
5.288 5.443 5.597 5.72 5.802 5.85 5.842 5.83 5.868 5.922 5.93 5.925 5.953 5.988 6.02 6.05 6.093 6.16 6.24 6.378 6.557 6.705 6.83 6.97 7.135 7.302 7.46 7.575 7.6 7.56 7.518 7.505 7.51 7.49 7.44 7.423 7.458 7.5 7.543 7.585 7.612 7.612 7.598 7.608 7.645 7.693 7.742 7.782 7.818 7.85 7.88 7.925 7.982 8.03 8.062 8.093 8.13 8.17 8.21 8.255 8.297 8.335 8.372 8.402 8.425 8.443 8.483 8.595 8.69 8.762 8.762 8.595 8.503 8.538 8.585 8.64 8.692 8.725 8.735
5.318 5.475 5.633 5.76 5.845 5.917 5.962 5.99 6.043 6.105 6.152 6.202 6.25 6.28 6.313 6.36 6.427 6.502 6.58 6.695 6.835 6.965 7.09 7.22 7.373 7.532 7.685 7.762 7.743 7.695 7.648 7.625 7.608 7.558 7.505 7.503 7.543 7.588 7.63 7.66 7.665 7.653 7.638 7.653 7.698 7.748 7.798 7.84 7.88 7.92 7.963 8.015 8.075 8.132 8.18 8.22 8.262 8.305 8.347 8.39 8.427 8.462 8.495 8.525 8.55 8.573 8.605 8.643 8.653 8.705 8.847 8.867 8.673 8.513 8.508 8.553 8.598 8.648 8.698
5.392 5.555 5.713 5.83 5.903 5.975 6.047 6.13 6.21 6.27 6.33 6.442 6.572 6.632 6.658 6.685 6.74 6.817 6.895 6.993 7.11 7.235 7.36 7.485 7.618 7.755 7.9 7.967 7.933 7.878 7.82 7.778 7.745 7.703 7.673 7.685 7.728 7.773 7.792 7.768 7.728 7.705 7.69 7.713 7.77 7.82 7.87 7.915 7.96 8.008 8.053 8.105 8.165 8.225 8.275 8.315 8.36 8.405 8.455 8.505 8.545 8.58 8.612 8.642 8.668 8.695 8.725 8.728 8.708 8.693 8.78 8.992 9.047 8.79 8.525 8.478 8.523 8.575 8.643
5.467 5.675 5.837 5.94 5.985 6.045 6.123 6.227 6.345 6.425 6.485 6.628 6.845 7 7.057 7.053 7.053 7.103 7.18 7.275 7.39 7.515 7.642 7.767 7.885 8.003 8.132 8.212 8.192 8.127 8.063 8.013 7.98 7.955 7.94 7.958 8.002 8.017 7.977 7.9 7.818 7.77 7.753 7.778 7.845 7.907 7.96 8.005 8.05 8.1 8.148 8.2 8.257 8.31 8.35 8.385 8.43 8.48 8.54 8.602 8.652 8.692 8.727 8.757 8.785 8.82 8.86 8.865 8.843 8.843 8.883 9.03 9.265 9.245 8.88 8.538 8.453 8.523 8.602
5.465 5.745 5.955 6.06 6.09 6.128 6.195 6.303 6.437 6.555 6.638 6.785 7.03 7.27 7.427 7.46 7.43 7.425 7.467 7.557 7.675 7.797 7.925 8.047 8.162 8.257 8.33 8.38 8.387 8.37 8.335 8.295 8.262 8.232 8.215 8.227 8.235 8.19 8.115 8.027 7.933 7.853 7.815 7.84 7.91 7.982 8.045 8.098 8.145 8.193 8.24 8.295 8.347 8.387 8.42 8.455 8.505 8.568 8.632 8.695 8.75 8.8 8.84 8.873 8.91 8.955 8.997 9.005 9.003 9.03 9.075 9.177 9.327 9.44 9.342 8.968 8.588 8.473 8.548
5.433 5.75 6.032 6.175 6.205 6.23 6.275 6.375 6.513 6.65 6.775 6.94 7.175 7.43 7.647 7.727 7.71 7.692 7.71 7.8 7.93 8.06 8.185 8.277 8.345 8.392 8.415 8.435 8.46 8.49 8.502 8.495 8.485 8.475 8.467 8.45 8.395 8.318 8.24 8.152 8.058 7.963 7.893 7.9 7.973 8.058 8.14 8.202 8.248 8.29 8.335 8.385 8.427 8.46 8.49 8.53 8.59 8.66 8.725 8.785 8.84 8.895 8.945 8.99 9.04 9.09 9.132 9.155 9.175 9.202 9.23 9.268 9.345 9.447 9.512 9.427 9.087 8.693 8.535
5.458 5.77 6.087 6.265 6.295 6.325 6.393 6.508 6.645 6.785 6.928 7.083 7.28 7.52 7.725 7.802 7.797 7.812 7.858 7.95 8.085 8.225 8.335 8.385 8.405 8.425 8.445 8.465 8.49 8.52 8.55 8.57 8.58 8.592 8.61 8.6 8.537 8.45 8.365 8.28 8.188 8.1 8.02 7.995 8.058 8.155 8.25 8.317 8.36 8.4 8.435 8.467 8.502 8.535 8.565 8.61 8.675 8.745 8.81 8.867 8.922 8.977 9.032 9.087 9.142 9.197 9.245 9.277 9.297 9.312 9.325 9.33 9.363 9.448 9.522 9.562 9.512 9.252 8.858
5.545 5.84 6.155 6.335 6.373 6.443 6.57 6.71 6.843 6.978 7.115 7.243 7.385 7.593 7.772 7.832 7.85 7.9 7.968 8.053 8.175 8.315 8.397 8.418 8.435 8.455 8.475 8.495 8.52 8.55 8.58 8.6 8.613 8.635 8.667 8.695 8.68 8.607 8.52 8.45 8.378 8.3 8.228 8.183 8.195 8.265 8.362 8.432 8.475 8.51 8.527 8.545 8.578 8.612 8.645 8.69 8.755 8.822 8.887 8.945 8.998 9.052 9.108 9.163 9.217 9.272 9.32 9.352 9.372 9.387 9.402 9.407 9.41 9.458 9.527 9.575 9.612 9.61 9.422
5.65 5.93 6.227 6.41 6.495 6.63 6.785 6.922 7.05 7.18 7.31 7.43 7.543 7.693 7.828 7.893 7.948 8.013 8.08 8.155 8.265 8.392 8.45 8.455 8.468 8.485 8.505 8.525 8.55 8.58 8.61 8.633 8.653 8.685 8.723 8.76 8.785 8.765 8.702 8.653 8.615 8.555 8.485 8.435 8.41 8.418 8.48 8.547 8.582 8.6 8.605 8.623 8.655 8.688 8.723 8.77 8.835 8.9 8.965 9.025 9.075 9.128 9.182 9.237 9.29 9.337 9.38 9.415 9.44 9.46 9.48 9.485 9.478 9.488 9.533 9.585 9.625 9.662 9.697
5.765 6.035 6.31 6.512 6.665 6.842 7.002 7.117 7.205 7.307 7.462 7.615 7.728 7.848 7.945 8.005 8.063 8.128 8.193 8.26 8.36 8.457 8.49 8.493 8.503 8.518 8.535 8.558 8.583 8.61 8.64 8.67 8.703 8.74 8.78 8.817 8.852 8.875 8.867 8.847 8.83 8.797 8.74 8.693 8.667 8.643 8.643 8.668 8.68 8.68 8.68 8.7 8.735 8.765 8.8 8.85 8.915 8.98 9.045 9.105 9.155 9.205 9.257 9.307 9.355 9.4 9.44 9.475 9.5 9.525 9.55 9.557 9.55 9.543 9.558 9.595 9.635 9.675 9.712
5.89 6.133 6.4 6.6 6.76 6.95 7.105 7.19 7.245 7.37 7.6 7.792 7.91 8.04 8.147 8.193 8.223 8.27 8.318 8.373 8.458 8.52 8.535 8.55 8.568 8.583 8.6 8.623 8.65 8.685 8.723 8.753 8.773 8.798 8.835 8.872 8.907 8.942 8.98 9.022 9.042 9.025 8.985 8.945 8.915 8.887 8.86 8.843 8.835 8.83 8.818 8.823 8.855 8.885 8.903 8.93 8.988 9.052 9.117 9.175 9.225 9.275 9.322 9.365 9.407 9.45 9.492 9.527 9.55 9.572 9.597 9.607 9.602 9.603 9.62 9.65 9.673 9.695 9.728
6.053 6.245 6.487 6.66 6.78 6.947 7.085 7.16 7.27 7.495 7.77 7.967 8.095 8.242 8.38 8.432 8.438 8.46 8.49 8.53 8.585 8.623 8.648 8.683 8.713 8.735 8.753 8.765 8.783 8.818 8.86 8.885 8.888 8.89 8.905 8.93 8.963 8.998 9.045 9.125 9.202 9.242 9.24 9.2 9.153 9.115 9.085 9.065 9.055 9.037 9 8.988 9.017 9.035 9.015 9.015 9.06 9.118 9.182 9.24 9.287 9.332 9.375 9.415 9.455 9.495 9.537 9.57 9.59 9.61 9.632 9.642 9.643 9.66 9.705 9.75 9.77 9.775 9.778
