EGM722_Project_Data/DTM_asc/TL4854.asc
ncols         200
nrows         200
xllcorner     548000.000
yllcorner     254000.000
cellsize      5
NODATA_value  -9999.0
[rows 32 to 63 of 200, columns 0 to 72 of 200]
22.81 22.89 23 23.078 23.14 23.22 23.3 23.393 23.49 23.54 23.53 23.497 23.462 23.425 23.438 23.505 23.595 23.742 23.827 23.815 23.805 23.835 23.91 23.983 24.048 24.112 24.155 24.175 24.195 24.22 24.255 24.295 24.34 24.408 24.488 24.56 24.63 24.708 24.84 25.012 25.167 25.3 25.442 25.597 25.662 25.612 25.565 25.58 25.623 25.665 25.778 25.965 26.155 26.282 26.332 26.352 26.355 26.367 26.413 26.49 26.577 26.647 26.703 26.758 26.82 26.885 26.95 27.015 27.067 27.105 27.183 27.31 27.44
22.825 22.878 22.948 23.025 23.1 23.18 23.26 23.347 23.425 23.457 23.445 23.415 23.385 23.355 23.375 23.443 23.508 23.61 23.673 23.668 23.673 23.698 23.748 23.803 23.855 23.915 23.965 23.993 24.025 24.065 24.108 24.148 24.185 24.23 24.288 24.355 24.425 24.495 24.603 24.74 24.863 24.98 25.128 25.315 25.477 25.522 25.493 25.503 25.547 25.59 25.7 25.875 26.04 26.19 26.307 26.387 26.447 26.512 26.585 26.66 26.735 26.8 26.86 26.922 26.987 27.052 27.117 27.175 27.215 27.245 27.32 27.445 27.578
22.835 22.877 22.933 23.005 23.08 23.153 23.228 23.303 23.358 23.382 23.375 23.345 23.318 23.305 23.338 23.403 23.47 23.54 23.578 23.59 23.61 23.635 23.67 23.71 23.75 23.795 23.838 23.875 23.92 23.97 24.025 24.073 24.11 24.145 24.195 24.263 24.33 24.395 24.465 24.555 24.658 24.76 24.888 25.045 25.215 25.357 25.407 25.428 25.47 25.513 25.598 25.73 25.867 26 26.12 26.232 26.345 26.457 26.585 26.722 26.837 26.915 26.972 27.03 27.087 27.145 27.212 27.307 27.377 27.41 27.485 27.608 27.74
22.815 22.86 22.915 22.997 23.082 23.153 23.22 23.28 23.315 23.33 23.32 23.298 23.29 23.298 23.333 23.395 23.462 23.52 23.555 23.573 23.593 23.62 23.655 23.692 23.727 23.758 23.788 23.825 23.87 23.92 23.98 24.042 24.09 24.128 24.185 24.265 24.34 24.405 24.46 24.52 24.598 24.683 24.788 24.913 25.048 25.198 25.302 25.352 25.395 25.44 25.493 25.563 25.673 25.805 25.925 26.035 26.142 26.248 26.393 26.58 26.747 26.882 26.985 27.05 27.1 27.15 27.25 27.44 27.572 27.623 27.703 27.81 27.938
22.763 22.827 22.895 22.985 23.082 23.165 23.232 23.277 23.29 23.288 23.28 23.28 23.295 23.31 23.338 23.393 23.452 23.505 23.54 23.558 23.577 23.605 23.637 23.67 23.697 23.722 23.753 23.788 23.825 23.87 23.93 24 24.062 24.11 24.173 24.26 24.345 24.415 24.47 24.52 24.578 24.653 24.755 24.877 24.995 25.102 25.195 25.265 25.32 25.37 25.415 25.455 25.52 25.62 25.728 25.835 25.94 26.043 26.175 26.34 26.502 26.677 26.852 26.992 27.085 27.15 27.308 27.545 27.712 27.825 27.94 28.042 28.15
22.713 22.788 22.873 22.97 23.07 23.167 23.247 23.277 23.262 23.247 23.255 23.275 23.297 23.317 23.342 23.387 23.44 23.49 23.525 23.542 23.552 23.562 23.585 23.612 23.637 23.67 23.71 23.747 23.782 23.823 23.88 23.95 24.02 24.083 24.158 24.25 24.34 24.42 24.48 24.53 24.58 24.638 24.718 24.818 24.915 25.008 25.09 25.16 25.228 25.293 25.353 25.405 25.458 25.51 25.583 25.678 25.77 25.86 25.963 26.098 26.25 26.413 26.6 26.802 26.977 27.12 27.302 27.5 27.662 27.822 27.98 28.12 28.252
22.68 22.76 22.843 22.928 23.03 23.14 23.23 23.247 23.207 23.182 23.192 23.217 23.242 23.27 23.307 23.357 23.412 23.462 23.482 23.48 23.472 23.465 23.477 23.503 23.54 23.597 23.652 23.69 23.728 23.775 23.838 23.913 23.985 24.055 24.138 24.232 24.325 24.407 24.482 24.545 24.595 24.645 24.705 24.78 24.86 24.938 25.02 25.105 25.183 25.263 25.338 25.4 25.442 25.465 25.518 25.603 25.685 25.765 25.848 25.953 26.08 26.213 26.37 26.57 26.793 27.005 27.187 27.345 27.493 27.65 27.82 27.99 28.157
22.655 22.742 22.817 22.88 22.965 23.072 23.157 23.165 23.12 23.088 23.09 23.115 23.148 23.188 23.24 23.3 23.355 23.397 23.402 23.378 23.353 23.338 23.348 23.385 23.448 23.525 23.585 23.623 23.67 23.73 23.8 23.882 23.96 24.033 24.115 24.207 24.292 24.368 24.46 24.555 24.62 24.67 24.73 24.797 24.855 24.908 24.993 25.102 25.2 25.287 25.362 25.41 25.415 25.425 25.485 25.568 25.652 25.735 25.82 25.915 26.02 26.13 26.255 26.418 26.625 26.845 27.032 27.187 27.33 27.483 27.65 27.817 27.983
22.645 22.725 22.8 22.855 22.915 23 23.062 23.057 23.02 22.988 22.988 23.023 23.07 23.123 23.18 23.235 23.277 23.31 23.32 23.295 23.258 23.23 23.243 23.303 23.38 23.457 23.517 23.565 23.625 23.69 23.763 23.847 23.93 24.01 24.092 24.172 24.243 24.313 24.41 24.527 24.627 24.695 24.755 24.81 24.845 24.88 24.96 25.08 25.195 25.3 25.372 25.39 25.37 25.383 25.45 25.532 25.618 25.7 25.788 25.885 25.99 26.1 26.215 26.338 26.488 26.685 26.875 27.025 27.165 27.313 27.475 27.643 27.808
22.653 22.717 22.782 22.835 22.888 22.95 22.982 22.96 22.925 22.895 22.903 22.953 23.005 23.06 23.115 23.157 23.19 23.22 23.24 23.227 23.195 23.168 23.188 23.255 23.328 23.4 23.463 23.523 23.587 23.65 23.725 23.81 23.898 23.985 24.06 24.125 24.19 24.258 24.35 24.473 24.595 24.697 24.765 24.8 24.823 24.85 24.925 25.045 25.165 25.285 25.352 25.347 25.32 25.34 25.415 25.498 25.583 25.665 25.755 25.855 25.96 26.07 26.185 26.3 26.415 26.563 26.725 26.873 27.018 27.165 27.328 27.5 27.668
22.652 22.7 22.752 22.81 22.86 22.912 22.932 22.908 22.875 22.845 22.858 22.913 22.965 23.01 23.05 23.085 23.115 23.145 23.17 23.172 23.155 23.135 23.16 23.225 23.29 23.36 23.425 23.488 23.553 23.623 23.705 23.793 23.885 23.978 24.05 24.11 24.173 24.248 24.338 24.448 24.573 24.695 24.767 24.793 24.815 24.85 24.915 25.015 25.135 25.255 25.315 25.3 25.28 25.31 25.388 25.47 25.555 25.638 25.73 25.838 25.945 26.055 26.168 26.283 26.4 26.518 26.653 26.808 26.96 27.11 27.278 27.458 27.633
22.627 22.653 22.7 22.772 22.83 22.88 22.897 22.88 22.855 22.825 22.835 22.887 22.932 22.957 22.985 23.022 23.057 23.09 23.112 23.122 23.117 23.103 23.13 23.195 23.26 23.33 23.395 23.455 23.528 23.618 23.71 23.8 23.895 23.99 24.065 24.125 24.2 24.3 24.39 24.473 24.583 24.702 24.772 24.8 24.838 24.895 24.95 25.01 25.108 25.225 25.277 25.263 25.263 25.298 25.368 25.452 25.535 25.608 25.703 25.827 25.942 26.05 26.163 26.28 26.397 26.51 26.645 26.807 26.965 27.115 27.288 27.477 27.662
22.58 22.593 22.64 22.72 22.79 22.845 22.862 22.847 22.827 22.803 22.815 22.855 22.877 22.893 22.92 22.96 23 23.035 23.055 23.065 23.07 23.068 23.1 23.165 23.23 23.298 23.365 23.44 23.53 23.63 23.725 23.815 23.908 24 24.078 24.153 24.255 24.37 24.46 24.53 24.613 24.712 24.782 24.825 24.885 24.952 25.005 25.045 25.105 25.2 25.247 25.245 25.258 25.288 25.35 25.43 25.505 25.573 25.668 25.802 25.932 26.045 26.16 26.277 26.387 26.495 26.63 26.797 26.965 27.12 27.293 27.487 27.68
22.523 22.533 22.58 22.66 22.737 22.802 22.825 22.81 22.792 22.775 22.78 22.8 22.81 22.825 22.855 22.895 22.938 22.975 22.995 23.008 23.02 23.03 23.07 23.135 23.2 23.268 23.343 23.437 23.542 23.645 23.74 23.83 23.92 24.01 24.103 24.208 24.322 24.437 24.527 24.595 24.662 24.735 24.802 24.867 24.94 25.005 25.055 25.092 25.132 25.19 25.227 25.238 25.253 25.275 25.328 25.4 25.468 25.535 25.633 25.768 25.91 26.04 26.158 26.268 26.373 26.48 26.615 26.783 26.955 27.123 27.3 27.495 27.69
22.482 22.485 22.525 22.605 22.685 22.752 22.775 22.762 22.747 22.73 22.725 22.738 22.75 22.765 22.795 22.835 22.88 22.928 22.955 22.97 22.985 23 23.043 23.108 23.173 23.24 23.32 23.42 23.53 23.645 23.755 23.85 23.94 24.03 24.14 24.262 24.377 24.492 24.572 24.627 24.69 24.75 24.815 24.89 24.965 25.035 25.08 25.107 25.142 25.18 25.212 25.232 25.247 25.268 25.313 25.378 25.443 25.513 25.618 25.758 25.905 26.048 26.17 26.275 26.38 26.495 26.638 26.808 26.983 27.16 27.35 27.55 27.745
22.442 22.443 22.48 22.557 22.632 22.695 22.715 22.705 22.69 22.673 22.67 22.682 22.695 22.71 22.74 22.785 22.843 22.902 22.935 22.95 22.965 22.98 23.02 23.083 23.147 23.213 23.293 23.393 23.51 23.647 23.772 23.872 23.965 24.058 24.173 24.302 24.422 24.532 24.6 24.638 24.69 24.75 24.815 24.89 24.973 25.052 25.09 25.1 25.125 25.16 25.195 25.222 25.24 25.26 25.305 25.368 25.44 25.525 25.64 25.785 25.935 26.08 26.202 26.308 26.425 26.56 26.715 26.888 27.065 27.245 27.44 27.647 27.845
22.39 22.398 22.435 22.51 22.58 22.637 22.652 22.64 22.628 22.615 22.615 22.628 22.64 22.655 22.688 22.748 22.825 22.89 22.92 22.933 22.945 22.958 22.998 23.06 23.123 23.185 23.265 23.375 23.51 23.66 23.785 23.887 23.987 24.083 24.198 24.335 24.462 24.567 24.63 24.66 24.7 24.753 24.815 24.898 24.995 25.077 25.11 25.11 25.118 25.143 25.175 25.205 25.23 25.255 25.303 25.378 25.465 25.56 25.68 25.825 25.973 26.117 26.243 26.363 26.505 26.655 26.815 26.985 27.158 27.335 27.528 27.735 27.94
22.302 22.33 22.383 22.455 22.525 22.577 22.59 22.58 22.57 22.558 22.555 22.57 22.587 22.605 22.65 22.728 22.812 22.88 22.91 22.92 22.93 22.94 22.98 23.048 23.11 23.17 23.258 23.385 23.53 23.677 23.8 23.903 24.005 24.105 24.225 24.362 24.495 24.602 24.66 24.69 24.725 24.765 24.825 24.918 25.02 25.1 25.13 25.13 25.128 25.135 25.16 25.19 25.22 25.258 25.323 25.415 25.513 25.613 25.73 25.87 26.015 26.16 26.3 26.445 26.6 26.752 26.915 27.085 27.255 27.428 27.615 27.82 28.03
22.205 22.26 22.33 22.4 22.47 22.525 22.542 22.535 22.522 22.5 22.493 22.51 22.53 22.565 22.633 22.718 22.802 22.877 22.91 22.915 22.925 22.938 22.988 23.065 23.13 23.193 23.29 23.428 23.575 23.717 23.833 23.93 24.03 24.135 24.258 24.393 24.527 24.635 24.69 24.723 24.757 24.793 24.85 24.938 25.035 25.117 25.15 25.15 25.148 25.15 25.175 25.21 25.24 25.283 25.368 25.475 25.578 25.683 25.798 25.933 26.075 26.22 26.37 26.522 26.677 26.835 27.005 27.18 27.352 27.525 27.708 27.91 28.12
22.148 22.21 22.28 22.353 22.425 22.487 22.51 22.495 22.472 22.44 22.43 22.45 22.483 22.545 22.625 22.71 22.8 22.89 22.93 22.925 22.93 22.943 23.003 23.097 23.172 23.24 23.343 23.485 23.632 23.77 23.88 23.973 24.07 24.175 24.295 24.427 24.555 24.657 24.72 24.757 24.792 24.828 24.883 24.96 25.048 25.132 25.17 25.17 25.17 25.175 25.205 25.252 25.29 25.328 25.415 25.537 25.65 25.755 25.87 26.005 26.145 26.288 26.438 26.59 26.745 26.905 27.08 27.265 27.445 27.62 27.8 28 28.213
22.103 22.157 22.222 22.302 22.38 22.447 22.472 22.447 22.415 22.38 22.368 22.4 22.463 22.54 22.62 22.703 22.798 22.905 22.957 22.95 22.945 22.95 23.008 23.112 23.207 23.29 23.4 23.545 23.69 23.822 23.93 24.02 24.113 24.213 24.33 24.457 24.575 24.677 24.747 24.787 24.825 24.863 24.918 24.993 25.07 25.15 25.19 25.19 25.19 25.198 25.23 25.282 25.33 25.373 25.458 25.585 25.71 25.822 25.94 26.075 26.215 26.355 26.505 26.66 26.815 26.975 27.15 27.342 27.532 27.712 27.895 28.095 28.313
22.055 22.093 22.14 22.222 22.305 22.367 22.382 22.36 22.335 22.31 22.318 22.38 22.457 22.535 22.615 22.698 22.798 22.915 22.98 22.98 22.97 22.965 23.015 23.12 23.228 23.335 23.46 23.602 23.745 23.875 23.98 24.07 24.16 24.253 24.36 24.48 24.595 24.702 24.775 24.815 24.855 24.897 24.955 25.027 25.097 25.167 25.207 25.21 25.212 25.223 25.258 25.31 25.363 25.415 25.503 25.63 25.76 25.882 26.007 26.142 26.28 26.423 26.573 26.728 26.885 27.048 27.225 27.418 27.61 27.798 27.988 28.193 28.415
22.01 22.025 22.045 22.117 22.18 22.212 22.215 22.2 22.193 22.205 22.263 22.352 22.432 22.51 22.59 22.677 22.785 22.907 22.992 23.012 23.005 22.995 23.04 23.145 23.253 23.368 23.5 23.64 23.785 23.92 24.025 24.115 24.202 24.28 24.368 24.48 24.595 24.702 24.777 24.82 24.857 24.9 24.962 25.035 25.1 25.165 25.205 25.212 25.223 25.245 25.29 25.345 25.4 25.458 25.55 25.68 25.807 25.93 26.06 26.195 26.333 26.483 26.638 26.795 26.955 27.12 27.305 27.5 27.69 27.88 28.078 28.29 28.513
21.975 21.97 21.953 21.98 22.005 22.015 22.015 22.02 22.05 22.1 22.183 22.285 22.377 22.462 22.545 22.638 22.75 22.875 22.975 23.025 23.04 23.038 23.083 23.182 23.285 23.393 23.52 23.663 23.815 23.957 24.065 24.152 24.227 24.285 24.36 24.465 24.575 24.68 24.752 24.795 24.827 24.863 24.927 25.007 25.08 25.147 25.187 25.203 25.228 25.27 25.327 25.387 25.445 25.505 25.6 25.727 25.85 25.97 26.1 26.238 26.383 26.543 26.702 26.86 27.023 27.19 27.38 27.585 27.78 27.973 28.175 28.39 28.61
21.945 21.93 21.905 21.893 21.885 21.878 21.875 21.9 21.955 22.015 22.098 22.205 22.31 22.405 22.495 22.598 22.715 22.837 22.932 22.995 23.04 23.068 23.123 23.215 23.312 23.415 23.543 23.693 23.85 23.997 24.105 24.177 24.235 24.288 24.363 24.46 24.563 24.662 24.727 24.762 24.79 24.818 24.88 24.968 25.05 25.125 25.175 25.21 25.255 25.305 25.363 25.427 25.49 25.553 25.648 25.77 25.89 26.01 26.14 26.288 26.445 26.607 26.767 26.925 27.088 27.255 27.448 27.66 27.867 28.068 28.273 28.487 28.705
21.922 21.917 21.91 21.898 21.878 21.853 21.848 21.87 21.905 21.945 22.018 22.125 22.238 22.345 22.45 22.563 22.68 22.797 22.888 22.955 23.02 23.08 23.153 23.243 23.335 23.438 23.573 23.728 23.885 24.032 24.13 24.185 24.238 24.293 24.365 24.46 24.56 24.647 24.697 24.725 24.753 24.78 24.84 24.933 25.023 25.11 25.18 25.233 25.287 25.342 25.4 25.465 25.533 25.6 25.695 25.815 25.933 26.053 26.19 26.348 26.51 26.67 26.833 26.995 27.158 27.325 27.518 27.733 27.948 28.157 28.37 28.585 28.8
21.862 21.897 21.912 21.912 21.902 21.88 21.875 21.895 21.907 21.913 21.968 22.075 22.19 22.305 22.42 22.538 22.653 22.77 22.873 22.953 23.028 23.1 23.18 23.27 23.36 23.463 23.603 23.76 23.915 24.057 24.14 24.188 24.242 24.295 24.368 24.465 24.557 24.627 24.667 24.693 24.72 24.755 24.828 24.928 25.023 25.117 25.195 25.252 25.308 25.368 25.447 25.53 25.6 25.67 25.765 25.885 26 26.115 26.255 26.415 26.575 26.733 26.902 27.077 27.243 27.413 27.605 27.82 28.035 28.245 28.46 28.677 28.895
21.73 21.797 21.842 21.875 21.9 21.905 21.902 21.907 21.905 21.895 21.945 22.055 22.17 22.287 22.403 22.52 22.64 22.765 22.88 22.97 23.05 23.127 23.208 23.298 23.39 23.485 23.62 23.785 23.945 24.082 24.155 24.195 24.245 24.298 24.375 24.467 24.54 24.597 24.64 24.668 24.698 24.74 24.82 24.932 25.04 25.135 25.207 25.265 25.325 25.388 25.485 25.602 25.69 25.763 25.858 25.975 26.087 26.193 26.325 26.487 26.645 26.79 26.963 27.162 27.34 27.51 27.705 27.917 28.13 28.335 28.545 28.765 28.99
21.63 21.708 21.773 21.838 21.895 21.92 21.912 21.898 21.883 21.873 21.925 22.038 22.153 22.27 22.388 22.505 22.63 22.762 22.88 22.975 23.065 23.15 23.233 23.323 23.415 23.505 23.635 23.805 23.972 24.105 24.172 24.208 24.248 24.303 24.38 24.455 24.51 24.562 24.607 24.643 24.683 24.73 24.803 24.92 25.047 25.15 25.222 25.28 25.345 25.413 25.51 25.642 25.762 25.855 25.95 26.06 26.165 26.268 26.4 26.557 26.702 26.838 27.008 27.22 27.425 27.61 27.805 28.012 28.217 28.423 28.635 28.863 29.103
21.648 21.758 21.838 21.892 21.915 21.92 21.912 21.893 21.87 21.855 21.905 22.02 22.138 22.255 22.373 22.495 22.625 22.757 22.875 22.973 23.07 23.168 23.26 23.35 23.44 23.53 23.658 23.825 23.995 24.125 24.19 24.225 24.26 24.308 24.367 24.427 24.48 24.53 24.577 24.622 24.67 24.72 24.785 24.895 25.032 25.152 25.237 25.302 25.367 25.435 25.538 25.67 25.802 25.92 26.027 26.135 26.235 26.34 26.47 26.615 26.75 26.885 27.053 27.26 27.48 27.69 27.892 28.097 28.3 28.505 28.73 28.975 29.227
21.71 21.86 21.932 21.937 21.92 21.915 21.917 21.9 21.875 21.848 21.89 22.008 22.125 22.245 22.363 22.483 22.612 22.747 22.877 22.993 23.095 23.2 23.3 23.388 23.475 23.563 23.685 23.85 24.015 24.14 24.205 24.24 24.275 24.307 24.335 24.38 24.435 24.485 24.537 24.592 24.642 24.69 24.75 24.858 24.997 25.117 25.207 25.282 25.357 25.445 25.563 25.697 25.827 25.945 26.057 26.17 26.277 26.398 26.538 26.678 26.813 26.95 27.108 27.303 27.52 27.74 27.952 28.157 28.362 28.575 28.817 29.077 29.332
21.702 21.86 21.94 21.925 21.91 21.915 21.922 21.91 21.885 21.845 21.878 21.997 22.117 22.237 22.355 22.47 22.593 22.73 22.877 23.025 23.145 23.247 23.345 23.433 23.517 23.6 23.72 23.88 24.03 24.15 24.217 24.252 24.282 24.3 24.31 24.335 24.378 24.425 24.48 24.54 24.595 24.645 24.705 24.813 24.942 25.045 25.13 25.21 25.303 25.438 25.587 25.722 25.842 25.945 26.05 26.165 26.293 26.445 26.61 26.76 26.9 27.04 27.19 27.368 27.568 27.783 28 28.205 28.415 28.64 28.89 29.157 29.417
