EGM722_Project_Data/DTM_asc/TL4858.asc
ncols         200
nrows         200
xllcorner     548000.000
yllcorner     258000.000
cellsize      5
NODATA_value  -9999.0
[rows 132 to 164 of 200, columns 74 to 147 of 200]
9.753 9.785 9.807 9.803 9.808 9.855 9.93 10.01 10.062 10.093 10.153 10.24 10.29 10.3 10.315 10.33 10.34 10.352 10.365 10.368 10.388 10.425 10.445 10.458 10.472 10.488 10.508 10.538 10.547 10.53 10.505 10.465 10.435 10.43 10.428 10.43 10.422 10.403 10.395 10.395 10.39 10.39 10.4 10.413 10.45 10.505 10.545 10.575 10.595 10.608 10.635 10.672 10.682 10.66 10.622 10.573 10.55 10.56 10.567 10.565 10.552 10.538 10.528 10.525 10.535 10.55 10.56 10.568 10.575 10.59 10.61 10.635 10.65 10.648
9.743 9.765 9.77 9.755 9.753 9.798 9.875 9.955 10.023 10.09 10.175 10.265 10.317 10.33 10.342 10.357 10.37 10.38 10.392 10.402 10.417 10.435 10.448 10.462 10.477 10.492 10.505 10.515 10.51 10.488 10.468 10.44 10.418 10.413 10.408 10.405 10.4 10.393 10.388 10.385 10.385 10.395 10.41 10.425 10.458 10.495 10.525 10.555 10.58 10.608 10.645 10.685 10.692 10.658 10.61 10.563 10.545 10.555 10.565 10.568 10.557 10.542 10.528 10.52 10.528 10.543 10.555 10.565 10.578 10.593 10.608 10.625 10.632 10.63
9.75 9.75 9.733 9.718 9.718 9.763 9.84 9.92 10 10.082 10.17 10.26 10.315 10.332 10.347 10.355 10.372 10.395 10.402 10.41 10.42 10.432 10.447 10.46 10.477 10.495 10.505 10.51 10.5 10.475 10.448 10.418 10.405 10.408 10.405 10.4 10.395 10.393 10.388 10.39 10.403 10.418 10.433 10.45 10.473 10.5 10.53 10.56 10.59 10.625 10.663 10.697 10.707 10.675 10.628 10.585 10.57 10.58 10.587 10.582 10.565 10.548 10.533 10.525 10.53 10.545 10.56 10.57 10.583 10.597 10.612 10.617 10.613 10.61
9.767 9.752 9.713 9.69 9.7 9.75 9.825 9.905 9.983 10.06 10.143 10.23 10.285 10.305 10.312 10.297 10.317 10.372 10.395 10.4 10.41 10.425 10.437 10.445 10.465 10.49 10.505 10.51 10.5 10.475 10.442 10.405 10.395 10.41 10.415 10.41 10.405 10.4 10.4 10.415 10.435 10.452 10.47 10.487 10.505 10.528 10.555 10.585 10.618 10.652 10.685 10.715 10.727 10.71 10.675 10.635 10.618 10.625 10.62 10.595 10.57 10.553 10.54 10.535 10.54 10.555 10.57 10.58 10.59 10.602 10.61 10.6 10.59 10.59
9.78 9.755 9.703 9.665 9.68 9.74 9.813 9.892 9.97 10.043 10.12 10.202 10.255 10.26 10.24 10.208 10.225 10.302 10.365 10.39 10.4 10.412 10.422 10.428 10.445 10.475 10.5 10.51 10.497 10.467 10.43 10.393 10.385 10.402 10.415 10.417 10.415 10.415 10.425 10.445 10.465 10.485 10.505 10.523 10.54 10.56 10.583 10.61 10.642 10.675 10.705 10.732 10.742 10.732 10.712 10.68 10.663 10.657 10.632 10.598 10.57 10.558 10.55 10.545 10.55 10.563 10.575 10.585 10.595 10.6 10.595 10.58 10.57 10.578
9.787 9.75 9.7 9.658 9.668 9.73 9.8 9.878 9.955 10.028 10.103 10.178 10.217 10.205 10.178 10.153 10.17 10.238 10.313 10.367 10.39 10.4 10.408 10.413 10.43 10.46 10.49 10.507 10.492 10.455 10.415 10.378 10.37 10.388 10.405 10.42 10.428 10.438 10.455 10.475 10.495 10.518 10.54 10.56 10.58 10.6 10.62 10.643 10.668 10.695 10.723 10.747 10.757 10.747 10.735 10.715 10.695 10.67 10.635 10.6 10.575 10.568 10.563 10.558 10.56 10.57 10.58 10.59 10.595 10.587 10.575 10.56 10.555 10.575
9.82 9.788 9.745 9.708 9.715 9.77 9.833 9.893 9.958 10.038 10.118 10.187 10.218 10.205 10.188 10.173 10.19 10.248 10.313 10.362 10.382 10.39 10.398 10.405 10.423 10.453 10.485 10.505 10.49 10.45 10.41 10.383 10.385 10.405 10.423 10.445 10.47 10.49 10.51 10.533 10.553 10.575 10.6 10.62 10.64 10.66 10.68 10.695 10.705 10.723 10.748 10.772 10.777 10.763 10.75 10.737 10.715 10.68 10.645 10.61 10.59 10.588 10.583 10.578 10.57 10.57 10.58 10.59 10.592 10.58 10.565 10.55 10.543 10.558
9.877 9.87 9.84 9.803 9.813 9.865 9.91 9.943 9.995 10.078 10.157 10.227 10.26 10.255 10.242 10.225 10.243 10.302 10.35 10.37 10.377 10.383 10.39 10.4 10.418 10.448 10.48 10.502 10.49 10.45 10.42 10.418 10.435 10.455 10.475 10.505 10.54 10.57 10.595 10.617 10.638 10.658 10.68 10.7 10.72 10.737 10.75 10.755 10.755 10.763 10.783 10.805 10.802 10.78 10.765 10.755 10.732 10.698 10.665 10.63 10.61 10.612 10.61 10.605 10.59 10.573 10.575 10.585 10.587 10.577 10.565 10.552 10.54 10.538
9.93 9.935 9.925 9.898 9.908 9.952 9.977 9.995 10.045 10.122 10.195 10.262 10.295 10.295 10.29 10.278 10.298 10.34 10.357 10.363 10.37 10.378 10.385 10.395 10.415 10.445 10.472 10.495 10.487 10.46 10.455 10.468 10.485 10.51 10.54 10.575 10.612 10.647 10.677 10.702 10.725 10.742 10.76 10.78 10.797 10.807 10.81 10.81 10.81 10.813 10.82 10.832 10.827 10.805 10.788 10.772 10.747 10.715 10.685 10.65 10.63 10.635 10.637 10.635 10.62 10.595 10.583 10.585 10.585 10.575 10.565 10.555 10.545 10.535
9.97 9.975 9.975 9.97 9.985 10.015 10.032 10.048 10.093 10.165 10.235 10.3 10.33 10.33 10.327 10.322 10.335 10.35 10.355 10.363 10.37 10.38 10.39 10.398 10.415 10.443 10.465 10.488 10.493 10.49 10.505 10.523 10.543 10.575 10.613 10.648 10.685 10.72 10.753 10.785 10.807 10.82 10.832 10.847 10.857 10.862 10.865 10.867 10.87 10.87 10.87 10.867 10.855 10.835 10.813 10.79 10.765 10.735 10.703 10.668 10.653 10.658 10.66 10.66 10.647 10.622 10.6 10.588 10.58 10.57 10.563 10.555 10.545 10.535
9.99 9.995 9.997 10.005 10.03 10.06 10.08 10.098 10.14 10.21 10.277 10.327 10.347 10.35 10.347 10.345 10.347 10.353 10.358 10.365 10.38 10.397 10.408 10.413 10.428 10.453 10.475 10.505 10.54 10.565 10.585 10.605 10.635 10.678 10.718 10.753 10.79 10.825 10.85 10.867 10.872 10.875 10.885 10.895 10.902 10.907 10.91 10.915 10.92 10.922 10.92 10.905 10.885 10.862 10.837 10.813 10.79 10.765 10.733 10.7 10.688 10.69 10.69 10.687 10.672 10.647 10.623 10.6 10.585 10.578 10.573 10.563 10.55 10.54
10 10.005 10.01 10.023 10.053 10.092 10.122 10.145 10.19 10.255 10.305 10.33 10.34 10.347 10.35 10.35 10.353 10.358 10.362 10.368 10.388 10.417 10.432 10.44 10.455 10.48 10.515 10.563 10.62 10.67 10.7 10.72 10.755 10.805 10.85 10.89 10.922 10.942 10.947 10.945 10.935 10.923 10.925 10.935 10.945 10.95 10.953 10.96 10.965 10.965 10.955 10.935 10.915 10.89 10.862 10.835 10.815 10.8 10.775 10.745 10.73 10.73 10.725 10.715 10.695 10.67 10.647 10.623 10.608 10.602 10.592 10.575 10.56 10.55
10.01 10.018 10.025 10.04 10.07 10.115 10.16 10.192 10.232 10.277 10.302 10.318 10.33 10.34 10.347 10.352 10.358 10.362 10.368 10.373 10.393 10.425 10.452 10.47 10.49 10.528 10.58 10.64 10.7 10.76 10.81 10.84 10.875 10.925 10.967 11 11.017 11.02 11.017 11.015 11.005 10.985 10.973 10.975 10.985 10.993 11 11.01 11.012 11.002 10.985 10.965 10.942 10.915 10.885 10.855 10.835 10.825 10.81 10.785 10.77 10.765 10.752 10.737 10.717 10.693 10.67 10.648 10.632 10.622 10.605 10.585 10.57 10.56
10.025 10.035 10.045 10.06 10.09 10.132 10.18 10.222 10.255 10.277 10.293 10.308 10.323 10.335 10.345 10.355 10.363 10.368 10.373 10.378 10.398 10.433 10.468 10.5 10.54 10.595 10.657 10.72 10.78 10.84 10.9 10.95 10.985 11.017 11.045 11.065 11.075 11.077 11.08 11.08 11.072 11.055 11.035 11.023 11.025 11.038 11.05 11.06 11.055 11.035 11.015 10.993 10.965 10.935 10.905 10.875 10.853 10.84 10.83 10.815 10.8 10.787 10.775 10.76 10.74 10.717 10.695 10.672 10.652 10.635 10.615 10.595 10.58 10.57
10.045 10.055 10.065 10.08 10.105 10.143 10.187 10.23 10.26 10.275 10.29 10.305 10.325 10.345 10.355 10.365 10.375 10.38 10.385 10.398 10.425 10.465 10.503 10.545 10.6 10.662 10.727 10.79 10.855 10.922 10.985 11.045 11.072 11.078 11.095 11.115 11.125 11.13 11.135 11.14 11.137 11.122 11.105 11.085 11.075 11.083 11.095 11.105 11.095 11.07 11.05 11.025 10.995 10.965 10.933 10.898 10.865 10.843 10.83 10.82 10.807 10.792 10.78 10.77 10.755 10.735 10.712 10.687 10.665 10.645 10.625 10.608 10.598 10.59
10.062 10.075 10.085 10.1 10.12 10.15 10.193 10.235 10.262 10.278 10.292 10.305 10.328 10.357 10.375 10.385 10.395 10.4 10.413 10.443 10.478 10.515 10.558 10.605 10.66 10.725 10.787 10.838 10.91 11.002 11.075 11.135 11.155 11.143 11.148 11.163 11.172 11.18 11.19 11.202 11.202 11.19 11.175 11.155 11.138 11.13 11.135 11.145 11.135 11.11 11.087 11.06 11.03 11 10.965 10.923 10.88 10.845 10.825 10.815 10.802 10.788 10.778 10.775 10.765 10.742 10.718 10.695 10.675 10.655 10.638 10.623 10.617 10.617
10.077 10.092 10.105 10.12 10.14 10.165 10.2 10.24 10.265 10.28 10.295 10.305 10.325 10.36 10.39 10.405 10.415 10.428 10.455 10.495 10.533 10.57 10.615 10.665 10.722 10.782 10.83 10.868 10.943 11.055 11.152 11.225 11.245 11.225 11.215 11.215 11.22 11.233 11.25 11.267 11.267 11.255 11.242 11.225 11.205 11.19 11.183 11.182 11.172 11.147 11.122 11.095 11.065 11.03 10.99 10.947 10.905 10.865 10.833 10.813 10.798 10.788 10.785 10.785 10.775 10.75 10.725 10.703 10.68 10.663 10.65 10.638 10.633 10.637
10.092 10.107 10.12 10.135 10.157 10.185 10.215 10.245 10.265 10.277 10.292 10.305 10.325 10.36 10.395 10.42 10.443 10.473 10.508 10.545 10.588 10.63 10.675 10.725 10.778 10.825 10.863 10.9 10.97 11.08 11.197 11.297 11.332 11.315 11.297 11.283 11.278 11.29 11.31 11.327 11.327 11.315 11.305 11.292 11.275 11.258 11.243 11.228 11.207 11.182 11.157 11.13 11.097 11.057 11.013 10.97 10.93 10.89 10.85 10.815 10.798 10.795 10.795 10.795 10.785 10.76 10.735 10.713 10.69 10.675 10.665 10.655 10.65 10.655
10.09 10.105 10.12 10.142 10.17 10.2 10.227 10.247 10.26 10.27 10.285 10.31 10.35 10.393 10.428 10.46 10.498 10.54 10.578 10.615 10.658 10.703 10.748 10.795 10.843 10.888 10.93 10.97 11.023 11.11 11.225 11.34 11.395 11.385 11.365 11.345 11.338 11.35 11.367 11.377 11.375 11.362 11.352 11.35 11.342 11.325 11.305 11.277 11.245 11.217 11.19 11.157 11.12 11.08 11.035 10.988 10.95 10.915 10.875 10.835 10.815 10.815 10.815 10.81 10.8 10.78 10.755 10.735 10.715 10.7 10.69 10.675 10.67 10.677
10.072 10.09 10.115 10.145 10.175 10.205 10.227 10.24 10.25 10.26 10.285 10.333 10.392 10.45 10.495 10.53 10.57 10.617 10.66 10.7 10.743 10.788 10.833 10.88 10.933 10.985 11.03 11.073 11.115 11.168 11.258 11.37 11.43 11.432 11.42 11.4 11.395 11.41 11.42 11.417 11.41 11.398 11.395 11.407 11.407 11.387 11.357 11.317 11.28 11.25 11.217 11.18 11.14 11.097 11.05 11 10.965 10.937 10.9 10.863 10.845 10.845 10.84 10.825 10.815 10.805 10.785 10.763 10.743 10.73 10.715 10.693 10.688 10.7
10.06 10.088 10.12 10.15 10.18 10.205 10.22 10.23 10.24 10.263 10.308 10.365 10.428 10.495 10.555 10.597 10.64 10.692 10.742 10.785 10.828 10.873 10.92 10.97 11.025 11.08 11.13 11.177 11.22 11.258 11.31 11.397 11.455 11.465 11.467 11.457 11.455 11.462 11.462 11.455 11.445 11.443 11.455 11.472 11.47 11.44 11.397 11.353 11.315 11.28 11.24 11.2 11.157 11.11 11.06 11.01 10.973 10.947 10.92 10.89 10.873 10.867 10.855 10.835 10.825 10.82 10.81 10.79 10.77 10.755 10.73 10.705 10.703 10.72
10.065 10.098 10.13 10.16 10.187 10.203 10.21 10.22 10.24 10.285 10.343 10.4 10.465 10.533 10.597 10.66 10.715 10.768 10.82 10.867 10.913 10.96 11.01 11.06 11.112 11.167 11.225 11.277 11.32 11.357 11.393 11.443 11.48 11.49 11.5 11.505 11.505 11.502 11.498 11.493 11.49 11.5 11.52 11.532 11.52 11.48 11.43 11.385 11.345 11.302 11.26 11.22 11.175 11.123 11.07 11.02 10.98 10.955 10.935 10.913 10.895 10.883 10.868 10.85 10.838 10.83 10.825 10.815 10.795 10.77 10.74 10.715 10.715 10.735
10.083 10.11 10.14 10.165 10.19 10.207 10.215 10.225 10.263 10.325 10.385 10.443 10.505 10.573 10.643 10.725 10.795 10.845 10.895 10.948 10.998 11.045 11.095 11.145 11.195 11.25 11.307 11.357 11.4 11.437 11.472 11.5 11.515 11.525 11.535 11.545 11.545 11.54 11.535 11.528 11.533 11.55 11.567 11.572 11.545 11.497 11.45 11.402 11.355 11.307 11.265 11.225 11.187 11.142 11.09 11.04 11.003 10.98 10.96 10.94 10.923 10.908 10.892 10.873 10.855 10.848 10.843 10.835 10.817 10.79 10.76 10.745 10.755 10.775
10.1 10.125 10.15 10.16 10.18 10.215 10.235 10.245 10.29 10.365 10.43 10.488 10.55 10.62 10.703 10.8 10.875 10.925 10.978 11.035 11.085 11.128 11.175 11.225 11.275 11.327 11.377 11.422 11.462 11.5 11.53 11.545 11.555 11.565 11.575 11.582 11.582 11.577 11.572 11.565 11.57 11.587 11.595 11.59 11.557 11.505 11.457 11.41 11.36 11.308 11.26 11.22 11.19 11.162 11.12 11.07 11.035 11.015 10.995 10.977 10.96 10.942 10.922 10.895 10.875 10.87 10.865 10.857 10.842 10.815 10.798 10.805 10.825 10.842
10.118 10.137 10.147 10.145 10.163 10.21 10.25 10.268 10.31 10.39 10.465 10.532 10.598 10.675 10.775 10.88 10.955 11.008 11.065 11.125 11.175 11.215 11.257 11.305 11.352 11.4 11.445 11.487 11.527 11.557 11.575 11.585 11.595 11.605 11.612 11.617 11.617 11.613 11.61 11.605 11.607 11.615 11.612 11.602 11.57 11.517 11.465 11.417 11.367 11.313 11.26 11.215 11.185 11.167 11.142 11.1 11.065 11.048 11.03 11.013 10.997 10.977 10.95 10.92 10.898 10.89 10.887 10.882 10.868 10.85 10.855 10.875 10.892 10.897
10.13 10.14 10.138 10.135 10.158 10.203 10.248 10.283 10.333 10.413 10.495 10.573 10.65 10.745 10.855 10.96 11.037 11.095 11.155 11.215 11.262 11.297 11.332 11.37 11.41 11.455 11.502 11.547 11.582 11.6 11.612 11.625 11.632 11.64 11.645 11.65 11.652 11.647 11.645 11.64 11.635 11.632 11.627 11.617 11.582 11.53 11.477 11.425 11.373 11.318 11.263 11.213 11.18 11.163 11.147 11.122 11.097 11.082 11.067 11.05 11.03 11.005 10.975 10.945 10.923 10.913 10.91 10.905 10.898 10.902 10.92 10.94 10.947 10.935
10.145 10.157 10.155 10.153 10.175 10.218 10.26 10.31 10.383 10.468 10.55 10.633 10.723 10.825 10.932 11.035 11.115 11.175 11.235 11.292 11.327 11.35 11.38 11.41 11.448 11.492 11.54 11.582 11.605 11.615 11.627 11.64 11.647 11.652 11.657 11.665 11.67 11.665 11.66 11.66 11.652 11.642 11.635 11.625 11.592 11.538 11.485 11.435 11.383 11.328 11.273 11.218 11.178 11.155 11.137 11.122 11.115 11.107 11.092 11.077 11.055 11.025 10.995 10.965 10.943 10.93 10.922 10.917 10.92 10.935 10.955 10.975 10.972 10.95
10.165 10.187 10.192 10.19 10.21 10.253 10.305 10.373 10.46 10.552 10.635 10.72 10.81 10.905 11.007 11.105 11.18 11.24 11.3 11.355 11.38 11.388 11.41 11.44 11.48 11.525 11.562 11.59 11.605 11.613 11.623 11.635 11.642 11.648 11.655 11.667 11.672 11.668 11.668 11.675 11.67 11.65 11.635 11.625 11.595 11.543 11.493 11.447 11.397 11.342 11.285 11.225 11.178 11.148 11.125 11.108 11.108 11.115 11.107 11.092 11.072 11.047 11.02 10.99 10.963 10.943 10.93 10.925 10.93 10.943 10.96 10.98 10.977 10.955
10.182 10.205 10.222 10.23 10.25 10.298 10.368 10.45 10.54 10.635 10.725 10.812 10.9 10.988 11.085 11.177 11.245 11.303 11.36 11.415 11.44 11.44 11.448 11.47 11.51 11.547 11.57 11.59 11.605 11.613 11.62 11.63 11.638 11.645 11.658 11.672 11.675 11.675 11.685 11.695 11.69 11.665 11.643 11.63 11.597 11.548 11.505 11.462 11.415 11.36 11.3 11.24 11.188 11.148 11.118 11.095 11.095 11.11 11.115 11.105 11.085 11.065 11.042 11.015 10.988 10.965 10.945 10.933 10.938 10.95 10.965 10.985 10.985 10.973
10.2 10.22 10.242 10.263 10.298 10.363 10.445 10.53 10.62 10.715 10.81 10.902 10.99 11.075 11.165 11.247 11.31 11.367 11.422 11.472 11.495 11.497 11.5 11.508 11.532 11.557 11.575 11.593 11.605 11.615 11.623 11.63 11.64 11.65 11.663 11.675 11.683 11.693 11.705 11.712 11.705 11.682 11.657 11.637 11.605 11.56 11.52 11.48 11.432 11.375 11.315 11.255 11.2 11.155 11.118 11.088 11.085 11.1 11.11 11.112 11.1 11.08 11.057 11.032 11.01 10.99 10.965 10.943 10.945 10.96 10.975 10.992 10.998 11
10.22 10.24 10.26 10.293 10.353 10.432 10.517 10.602 10.692 10.785 10.88 10.967 11.047 11.132 11.22 11.295 11.355 11.412 11.462 11.497 11.515 11.525 11.53 11.53 11.543 11.565 11.585 11.6 11.613 11.623 11.63 11.64 11.65 11.66 11.673 11.688 11.703 11.717 11.727 11.722 11.702 11.68 11.657 11.632 11.602 11.565 11.525 11.485 11.442 11.39 11.33 11.27 11.218 11.175 11.135 11.1 11.09 11.1 11.11 11.12 11.115 11.092 11.068 11.045 11.022 11 10.977 10.953 10.953 10.972 10.988 11.003 11.015 11.025
10.24 10.26 10.29 10.34 10.41 10.495 10.58 10.665 10.755 10.845 10.93 11.002 11.075 11.158 11.245 11.322 11.382 11.435 11.47 11.485 11.5 11.517 11.527 11.53 11.545 11.572 11.595 11.61 11.625 11.637 11.645 11.653 11.663 11.675 11.69 11.712 11.73 11.742 11.742 11.72 11.69 11.663 11.64 11.617 11.59 11.557 11.52 11.48 11.442 11.402 11.35 11.29 11.24 11.202 11.165 11.13 11.113 11.113 11.12 11.13 11.125 11.1 11.075 11.055 11.03 11.003 10.98 10.958 10.96 10.987 11.005 11.02 11.032 11.043
10.26 10.29 10.34 10.4 10.47 10.555 10.642 10.727 10.815 10.897 10.965 11.028 11.1 11.18 11.263 11.345 11.407 11.445 11.46 11.465 11.48 11.5 11.517 11.528 11.545 11.575 11.602 11.62 11.635 11.65 11.66 11.667 11.678 11.695 11.715 11.737 11.755 11.757 11.74 11.71 11.68 11.65 11.623 11.6 11.575 11.545 11.515 11.48 11.44 11.405 11.365 11.31 11.263 11.227 11.19 11.155 11.138 11.133 11.133 11.14 11.132 11.108 11.085 11.065 11.04 11.01 10.983 10.96 10.965 10.995 11.02 11.037 11.05 11.07
