EGM722_Project_Data/DTM_asc/TL4856.asc
ncols         200
nrows         200
xllcorner     548000.000
yllcorner     256000.000
cellsize      5
NODATA_value  -9999.0
[rows 33 to 65 of 200, columns 73 to 145 of 200]
9.773 9.848 10.043 10.232 10.28 10.238 10.248 10.313 10.39 10.47 10.553 10.635 10.705 10.732 10.727 10.72 10.72 10.735 10.758 10.795 10.853 10.917 10.982 11.048 11.117 11.177 11.223 11.268 11.313 11.35 11.37 11.378 11.39 11.415 11.445 11.472 11.49 11.525 11.605 11.708 11.81 11.89 11.945 12 12.063 12.123 12.175 12.225 12.278 12.363 12.48 12.6 12.715 12.832 12.955 13.075 13.195 13.297 13.37 13.425 13.478 13.54 13.62 13.71 13.802 13.887 13.96 14.032 14.11 14.2 14.295 14.385 14.482
9.605 9.658 9.843 10.075 10.197 10.22 10.273 10.347 10.423 10.5 10.583 10.665 10.725 10.742 10.735 10.725 10.723 10.737 10.76 10.778 10.815 10.877 10.942 11.007 11.07 11.122 11.168 11.213 11.255 11.287 11.302 11.308 11.323 11.348 11.375 11.405 11.433 11.485 11.578 11.683 11.787 11.865 11.915 11.967 12.022 12.075 12.125 12.178 12.238 12.318 12.42 12.535 12.655 12.777 12.902 13.022 13.14 13.24 13.31 13.365 13.413 13.473 13.555 13.645 13.73 13.805 13.875 13.945 14.02 14.11 14.205 14.295 14.38
9.555 9.598 9.763 9.98 10.14 10.233 10.308 10.383 10.46 10.54 10.62 10.695 10.74 10.747 10.737 10.72 10.715 10.73 10.745 10.753 10.778 10.833 10.898 10.962 11.025 11.075 11.12 11.165 11.202 11.227 11.238 11.253 11.285 11.31 11.328 11.355 11.393 11.463 11.56 11.663 11.767 11.845 11.89 11.93 11.978 12.03 12.083 12.145 12.215 12.29 12.375 12.475 12.59 12.715 12.845 12.967 13.085 13.182 13.25 13.302 13.345 13.395 13.473 13.56 13.635 13.705 13.775 13.845 13.92 14.01 14.102 14.182 14.25
9.605 9.638 9.795 10.01 10.172 10.272 10.347 10.422 10.497 10.575 10.655 10.717 10.747 10.75 10.732 10.705 10.7 10.715 10.722 10.725 10.74 10.788 10.852 10.915 10.975 11.027 11.072 11.112 11.147 11.168 11.183 11.218 11.265 11.292 11.298 11.318 11.373 11.458 11.553 11.65 11.75 11.835 11.885 11.913 11.945 11.99 12.048 12.118 12.193 12.27 12.348 12.43 12.533 12.655 12.785 12.91 13.03 13.127 13.19 13.232 13.27 13.315 13.385 13.465 13.535 13.605 13.675 13.745 13.82 13.905 13.985 14.05 14.11
9.665 9.673 9.82 10.05 10.215 10.305 10.38 10.457 10.532 10.61 10.685 10.73 10.747 10.742 10.715 10.688 10.683 10.692 10.695 10.695 10.703 10.743 10.805 10.865 10.925 10.978 11.02 11.055 11.09 11.118 11.145 11.19 11.24 11.277 11.288 11.303 11.365 11.455 11.55 11.645 11.738 11.827 11.882 11.905 11.928 11.968 12.028 12.095 12.168 12.245 12.323 12.403 12.485 12.585 12.712 12.842 12.97 13.067 13.12 13.157 13.195 13.238 13.298 13.37 13.44 13.508 13.575 13.645 13.718 13.79 13.855 13.915 13.975
9.75 9.72 9.838 10.057 10.227 10.32 10.385 10.46 10.54 10.62 10.687 10.722 10.735 10.725 10.695 10.668 10.658 10.66 10.662 10.665 10.678 10.72 10.783 10.845 10.9 10.943 10.978 11.008 11.038 11.075 11.118 11.163 11.21 11.26 11.3 11.32 11.368 11.458 11.552 11.645 11.732 11.815 11.865 11.882 11.908 11.955 12.015 12.08 12.15 12.225 12.308 12.39 12.445 12.5 12.608 12.742 12.877 12.977 13.03 13.067 13.105 13.153 13.215 13.285 13.355 13.423 13.49 13.56 13.628 13.69 13.753 13.815 13.875
9.838 9.798 9.883 10.058 10.237 10.34 10.39 10.448 10.52 10.597 10.657 10.692 10.712 10.705 10.675 10.643 10.623 10.62 10.625 10.643 10.678 10.73 10.792 10.85 10.892 10.925 10.955 10.983 11.008 11.043 11.087 11.133 11.183 11.24 11.3 11.342 11.383 11.46 11.552 11.635 11.712 11.782 11.83 11.85 11.885 11.945 12.008 12.075 12.145 12.22 12.302 12.367 12.397 12.43 12.503 12.618 12.75 12.857 12.922 12.963 13.003 13.063 13.135 13.207 13.278 13.345 13.415 13.485 13.55 13.613 13.677 13.74 13.8
9.913 9.94 10.02 10.128 10.267 10.365 10.413 10.46 10.518 10.575 10.62 10.657 10.685 10.682 10.652 10.618 10.59 10.583 10.6 10.64 10.693 10.747 10.8 10.842 10.875 10.908 10.94 10.967 10.99 11.018 11.055 11.103 11.16 11.217 11.275 11.335 11.39 11.455 11.532 11.605 11.675 11.737 11.785 11.823 11.873 11.937 12.005 12.075 12.145 12.22 12.287 12.322 12.34 12.375 12.428 12.508 12.623 12.73 12.807 12.86 12.91 12.98 13.055 13.13 13.202 13.27 13.338 13.405 13.47 13.535 13.602 13.665 13.725
9.985 10.05 10.137 10.22 10.305 10.38 10.435 10.485 10.535 10.565 10.588 10.623 10.652 10.657 10.63 10.593 10.563 10.565 10.605 10.655 10.705 10.752 10.792 10.825 10.858 10.892 10.925 10.95 10.97 10.995 11.03 11.078 11.135 11.193 11.25 11.31 11.378 11.447 11.513 11.578 11.643 11.703 11.753 11.8 11.858 11.927 12 12.07 12.14 12.207 12.25 12.267 12.285 12.32 12.37 12.428 12.508 12.6 12.69 12.762 12.825 12.897 12.972 13.047 13.12 13.192 13.262 13.327 13.392 13.458 13.525 13.59 13.65
10.055 10.08 10.17 10.257 10.325 10.39 10.455 10.505 10.55 10.565 10.57 10.595 10.622 10.635 10.62 10.588 10.56 10.575 10.627 10.675 10.707 10.737 10.772 10.805 10.84 10.872 10.9 10.925 10.945 10.97 11.005 11.053 11.11 11.168 11.228 11.293 11.365 11.442 11.51 11.57 11.63 11.69 11.742 11.783 11.833 11.902 11.977 12.05 12.117 12.165 12.19 12.21 12.23 12.265 12.315 12.368 12.433 12.518 12.603 12.67 12.735 12.805 12.88 12.955 13.025 13.097 13.172 13.242 13.31 13.377 13.445 13.512 13.575
10.118 10.123 10.2 10.275 10.325 10.39 10.467 10.522 10.557 10.565 10.56 10.575 10.602 10.622 10.625 10.607 10.585 10.6 10.65 10.685 10.698 10.715 10.75 10.785 10.815 10.842 10.868 10.892 10.915 10.94 10.975 11.025 11.085 11.143 11.208 11.283 11.358 11.435 11.507 11.572 11.635 11.692 11.737 11.77 11.81 11.87 11.943 12.015 12.07 12.095 12.113 12.135 12.165 12.213 12.265 12.318 12.39 12.472 12.532 12.578 12.635 12.705 12.78 12.852 12.92 12.99 13.065 13.142 13.215 13.285 13.355 13.425 13.482
10.162 10.173 10.222 10.277 10.315 10.38 10.467 10.535 10.567 10.57 10.56 10.563 10.585 10.61 10.622 10.622 10.613 10.628 10.662 10.677 10.683 10.698 10.727 10.76 10.785 10.81 10.835 10.86 10.885 10.91 10.943 10.993 11.055 11.12 11.195 11.275 11.35 11.425 11.5 11.572 11.64 11.69 11.725 11.755 11.788 11.84 11.91 11.967 11.997 12.013 12.03 12.058 12.105 12.165 12.22 12.275 12.342 12.402 12.445 12.488 12.54 12.605 12.677 12.745 12.81 12.88 12.955 13.035 13.112 13.185 13.255 13.315 13.35
10.19 10.205 10.233 10.272 10.308 10.37 10.46 10.54 10.577 10.575 10.565 10.558 10.568 10.588 10.603 10.617 10.627 10.642 10.657 10.663 10.67 10.68 10.7 10.73 10.755 10.78 10.805 10.83 10.855 10.878 10.908 10.958 11.02 11.087 11.165 11.245 11.325 11.405 11.482 11.56 11.63 11.677 11.71 11.74 11.77 11.813 11.865 11.9 11.915 11.93 11.955 12 12.063 12.123 12.178 12.232 12.283 12.325 12.365 12.408 12.453 12.508 12.575 12.643 12.71 12.778 12.848 12.928 13.01 13.085 13.145 13.188 13.218
10.21 10.225 10.24 10.268 10.3 10.358 10.442 10.525 10.57 10.57 10.56 10.555 10.565 10.58 10.595 10.615 10.635 10.647 10.653 10.66 10.668 10.673 10.683 10.7 10.723 10.747 10.772 10.797 10.82 10.84 10.87 10.92 10.98 11.043 11.115 11.195 11.277 11.36 11.442 11.522 11.587 11.635 11.67 11.702 11.737 11.777 11.815 11.84 11.858 11.875 11.91 11.97 12.04 12.1 12.15 12.193 12.23 12.27 12.31 12.347 12.378 12.42 12.483 12.55 12.617 12.682 12.748 12.823 12.905 12.982 13.045 13.09 13.13
10.23 10.245 10.255 10.27 10.295 10.343 10.413 10.49 10.545 10.557 10.553 10.558 10.575 10.593 10.608 10.625 10.645 10.655 10.66 10.667 10.673 10.68 10.685 10.69 10.703 10.715 10.733 10.755 10.775 10.795 10.828 10.88 10.94 11 11.068 11.143 11.223 11.305 11.387 11.46 11.517 11.562 11.598 11.635 11.678 11.727 11.775 11.805 11.825 11.85 11.895 11.958 12.025 12.085 12.127 12.16 12.193 12.23 12.267 12.295 12.31 12.34 12.398 12.462 12.525 12.588 12.653 12.723 12.8 12.88 12.957 13.022 13.07
10.25 10.265 10.272 10.28 10.3 10.34 10.395 10.46 10.52 10.545 10.55 10.568 10.59 10.61 10.625 10.637 10.655 10.665 10.67 10.675 10.68 10.687 10.69 10.692 10.695 10.695 10.698 10.705 10.72 10.745 10.788 10.843 10.9 10.963 11.028 11.093 11.168 11.25 11.327 11.39 11.442 11.487 11.525 11.57 11.62 11.673 11.727 11.772 11.8 11.835 11.89 11.948 12.01 12.065 12.1 12.13 12.16 12.19 12.215 12.23 12.238 12.26 12.313 12.375 12.432 12.493 12.56 12.63 12.703 12.78 12.86 12.937 13.002
10.265 10.28 10.287 10.293 10.308 10.345 10.398 10.453 10.507 10.54 10.558 10.582 10.607 10.627 10.637 10.645 10.657 10.665 10.67 10.677 10.682 10.687 10.69 10.69 10.688 10.685 10.68 10.673 10.678 10.708 10.758 10.81 10.865 10.928 10.99 11.05 11.118 11.193 11.26 11.315 11.365 11.415 11.463 11.513 11.568 11.62 11.675 11.73 11.775 11.822 11.88 11.935 11.992 12.042 12.075 12.105 12.135 12.155 12.163 12.168 12.168 12.18 12.225 12.282 12.338 12.4 12.47 12.54 12.61 12.683 12.76 12.84 12.917
10.272 10.285 10.295 10.302 10.318 10.353 10.403 10.455 10.505 10.542 10.567 10.59 10.607 10.622 10.632 10.64 10.647 10.65 10.655 10.662 10.667 10.677 10.685 10.685 10.682 10.677 10.67 10.663 10.668 10.7 10.75 10.8 10.855 10.918 10.978 11.035 11.095 11.158 11.22 11.278 11.333 11.383 11.428 11.47 11.518 11.57 11.625 11.68 11.735 11.79 11.845 11.902 11.96 12.012 12.055 12.09 12.117 12.13 12.13 12.127 12.118 12.113 12.138 12.188 12.243 12.31 12.385 12.458 12.53 12.595 12.663 12.74 12.82
10.275 10.285 10.293 10.305 10.333 10.37 10.413 10.46 10.51 10.547 10.57 10.585 10.59 10.6 10.615 10.625 10.632 10.633 10.633 10.638 10.645 10.66 10.672 10.675 10.675 10.67 10.663 10.663 10.675 10.71 10.76 10.81 10.865 10.927 10.99 11.05 11.108 11.163 11.225 11.29 11.347 11.39 11.425 11.455 11.48 11.52 11.575 11.63 11.685 11.74 11.795 11.858 11.92 11.975 12.027 12.072 12.1 12.11 12.105 12.092 12.075 12.058 12.06 12.095 12.148 12.223 12.31 12.387 12.462 12.522 12.575 12.643 12.717
10.275 10.285 10.295 10.315 10.348 10.385 10.425 10.47 10.517 10.547 10.56 10.565 10.565 10.575 10.592 10.605 10.615 10.617 10.613 10.615 10.625 10.64 10.655 10.662 10.665 10.663 10.66 10.668 10.685 10.72 10.77 10.823 10.878 10.935 11 11.065 11.127 11.187 11.247 11.307 11.357 11.397 11.43 11.447 11.455 11.478 11.525 11.58 11.635 11.693 11.75 11.815 11.88 11.937 11.992 12.042 12.075 12.08 12.065 12.045 12.023 12.003 11.998 12.013 12.055 12.133 12.227 12.315 12.395 12.455 12.5 12.553 12.615
10.275 10.288 10.308 10.335 10.363 10.395 10.435 10.477 10.517 10.537 10.54 10.538 10.538 10.548 10.565 10.583 10.598 10.602 10.595 10.595 10.605 10.62 10.635 10.647 10.657 10.658 10.66 10.673 10.693 10.73 10.78 10.835 10.89 10.945 11.008 11.072 11.14 11.205 11.265 11.32 11.365 11.4 11.422 11.43 11.435 11.448 11.483 11.535 11.588 11.648 11.71 11.775 11.84 11.9 11.957 12.01 12.047 12.047 12.023 11.995 11.968 11.948 11.943 11.95 11.975 12.045 12.15 12.253 12.332 12.387 12.433 12.478 12.533
10.29 10.305 10.33 10.357 10.372 10.395 10.435 10.475 10.51 10.525 10.525 10.52 10.523 10.538 10.555 10.575 10.593 10.598 10.59 10.58 10.58 10.595 10.612 10.63 10.645 10.655 10.668 10.683 10.703 10.74 10.793 10.847 10.903 10.958 11.015 11.078 11.145 11.212 11.275 11.33 11.377 11.405 11.415 11.423 11.43 11.44 11.463 11.503 11.55 11.61 11.675 11.74 11.805 11.865 11.922 11.977 12.02 12.02 11.99 11.958 11.928 11.903 11.9 11.918 11.938 12.005 12.117 12.212 12.275 12.322 12.368 12.418 12.478
10.32 10.335 10.36 10.377 10.373 10.385 10.422 10.46 10.497 10.515 10.515 10.515 10.523 10.54 10.562 10.582 10.597 10.605 10.597 10.575 10.558 10.565 10.585 10.605 10.63 10.66 10.685 10.705 10.725 10.755 10.803 10.857 10.915 10.97 11.025 11.085 11.15 11.217 11.28 11.34 11.395 11.42 11.423 11.43 11.44 11.45 11.465 11.49 11.528 11.583 11.645 11.708 11.77 11.83 11.887 11.942 11.99 11.992 11.96 11.93 11.895 11.868 11.878 11.91 11.938 12.003 12.097 12.165 12.212 12.258 12.308 12.368 12.435
10.355 10.367 10.382 10.38 10.368 10.378 10.41 10.445 10.485 10.505 10.508 10.515 10.528 10.545 10.567 10.587 10.605 10.612 10.597 10.57 10.545 10.54 10.56 10.59 10.63 10.67 10.7 10.727 10.75 10.773 10.81 10.863 10.92 10.977 11.035 11.095 11.157 11.22 11.283 11.347 11.407 11.437 11.438 11.438 11.448 11.46 11.475 11.495 11.518 11.558 11.615 11.675 11.735 11.793 11.85 11.908 11.96 11.967 11.932 11.895 11.85 11.833 11.86 11.9 11.938 11.988 12.048 12.1 12.148 12.2 12.26 12.325 12.395
10.387 10.387 10.387 10.372 10.36 10.368 10.398 10.435 10.475 10.498 10.505 10.518 10.533 10.55 10.57 10.593 10.615 10.617 10.598 10.57 10.545 10.538 10.558 10.595 10.638 10.677 10.71 10.74 10.767 10.79 10.823 10.868 10.92 10.98 11.04 11.1 11.163 11.225 11.288 11.353 11.415 11.455 11.46 11.45 11.455 11.473 11.49 11.508 11.523 11.553 11.605 11.663 11.72 11.775 11.828 11.885 11.937 11.94 11.898 11.85 11.805 11.805 11.853 11.908 11.955 11.988 12.023 12.065 12.105 12.16 12.228 12.295 12.363
10.375 10.362 10.357 10.352 10.348 10.358 10.393 10.438 10.483 10.51 10.52 10.533 10.543 10.558 10.58 10.605 10.635 10.637 10.613 10.588 10.563 10.558 10.58 10.615 10.653 10.688 10.72 10.747 10.775 10.803 10.838 10.88 10.925 10.983 11.045 11.108 11.175 11.24 11.3 11.365 11.422 11.46 11.475 11.467 11.468 11.487 11.51 11.527 11.543 11.573 11.628 11.688 11.743 11.798 11.85 11.903 11.94 11.925 11.875 11.828 11.798 11.82 11.885 11.95 11.992 12.015 12.043 12.078 12.11 12.15 12.21 12.28 12.345
10.325 10.31 10.305 10.313 10.33 10.36 10.408 10.46 10.507 10.537 10.55 10.557 10.563 10.578 10.603 10.633 10.667 10.67 10.64 10.613 10.588 10.588 10.615 10.647 10.677 10.702 10.727 10.753 10.78 10.813 10.853 10.897 10.94 10.993 11.058 11.125 11.195 11.26 11.322 11.38 11.417 11.445 11.47 11.477 11.478 11.495 11.52 11.542 11.565 11.6 11.66 11.727 11.787 11.843 11.897 11.937 11.95 11.93 11.895 11.868 11.85 11.88 11.945 11.995 12.025 12.048 12.073 12.103 12.137 12.17 12.21 12.27 12.335
10.265 10.258 10.265 10.293 10.33 10.375 10.43 10.485 10.532 10.565 10.577 10.58 10.585 10.603 10.63 10.665 10.702 10.702 10.67 10.638 10.613 10.62 10.647 10.672 10.695 10.715 10.735 10.76 10.79 10.825 10.865 10.91 10.955 11.008 11.075 11.145 11.215 11.28 11.337 11.377 11.402 11.428 11.455 11.475 11.482 11.498 11.52 11.545 11.578 11.625 11.69 11.762 11.83 11.887 11.932 11.95 11.947 11.945 11.945 11.942 11.933 11.953 12 12.032 12.055 12.08 12.105 12.13 12.163 12.195 12.228 12.27 12.325
10.238 10.245 10.27 10.315 10.36 10.405 10.458 10.51 10.56 10.592 10.603 10.605 10.61 10.63 10.663 10.7 10.737 10.737 10.703 10.668 10.643 10.648 10.67 10.69 10.71 10.73 10.748 10.77 10.798 10.838 10.888 10.935 10.983 11.038 11.103 11.168 11.235 11.292 11.333 11.36 11.385 11.41 11.435 11.46 11.48 11.5 11.525 11.558 11.595 11.65 11.72 11.795 11.867 11.922 11.945 11.945 11.943 11.955 11.98 11.992 11.995 12.007 12.037 12.065 12.085 12.11 12.135 12.16 12.19 12.22 12.253 12.288 12.328
10.273 10.288 10.32 10.365 10.41 10.455 10.505 10.555 10.605 10.635 10.643 10.645 10.648 10.665 10.7 10.74 10.775 10.772 10.738 10.708 10.685 10.685 10.705 10.725 10.745 10.763 10.773 10.783 10.803 10.853 10.92 10.975 11.025 11.08 11.14 11.202 11.262 11.31 11.353 11.385 11.41 11.435 11.46 11.485 11.508 11.53 11.553 11.585 11.625 11.68 11.753 11.827 11.887 11.927 11.94 11.935 11.938 11.955 11.985 12.01 12.025 12.035 12.053 12.077 12.105 12.135 12.162 12.19 12.217 12.248 12.28 12.315 12.35
10.328 10.345 10.38 10.425 10.47 10.515 10.565 10.615 10.66 10.687 10.697 10.702 10.705 10.718 10.748 10.78 10.81 10.807 10.78 10.76 10.74 10.738 10.755 10.775 10.792 10.805 10.807 10.8 10.808 10.86 10.94 11.012 11.067 11.12 11.18 11.235 11.282 11.333 11.39 11.437 11.477 11.515 11.542 11.568 11.59 11.61 11.613 11.62 11.658 11.715 11.787 11.842 11.867 11.9 11.925 11.925 11.933 11.955 11.985 12.015 12.04 12.055 12.063 12.078 12.107 12.14 12.17 12.203 12.24 12.278 12.31 12.345 12.38
10.383 10.403 10.44 10.485 10.53 10.575 10.625 10.672 10.71 10.732 10.747 10.762 10.77 10.782 10.807 10.83 10.852 10.852 10.835 10.82 10.8 10.793 10.805 10.822 10.835 10.842 10.84 10.825 10.82 10.865 10.95 11.037 11.107 11.162 11.212 11.25 11.29 11.348 11.41 11.465 11.52 11.572 11.612 11.652 11.687 11.71 11.702 11.68 11.695 11.745 11.795 11.815 11.82 11.855 11.9 11.917 11.933 11.958 11.985 12.015 12.048 12.075 12.083 12.088 12.105 12.133 12.173 12.223 12.28 12.322 12.348 12.378 12.41
10.438 10.46 10.5 10.545 10.592 10.637 10.68 10.717 10.745 10.762 10.777 10.795 10.81 10.835 10.865 10.885 10.902 10.905 10.895 10.88 10.86 10.848 10.85 10.86 10.87 10.877 10.872 10.855 10.843 10.875 10.955 11.045 11.132 11.195 11.23 11.26 11.303 11.363 11.427 11.485 11.54 11.595 11.645 11.7 11.75 11.79 11.8 11.77 11.748 11.755 11.768 11.768 11.77 11.805 11.868 11.91 11.935 11.965 12 12.038 12.078 12.112 12.123 12.123 12.128 12.155 12.21 12.275 12.337 12.375 12.395 12.42 12.447
