EGM722_Project_Data/DTM_asc/TL4857.asc
ncols         200
nrows         200
xllcorner     548000.000
yllcorner     257000.000
cellsize      5
NODATA_value  -9999.0
[rows 99 to 131 of 200, columns 74 to 147 of 200]
18.84 18.803 18.79 18.768 18.738 18.743 18.778 18.817 18.845 18.86 18.9 18.995 19.082 19.135 19.18 19.217 19.215 19.165 19.105 19.045 18.982 18.918 18.858 18.81 18.757 18.687 18.612 18.535 18.465 18.42 18.385 18.35 18.315 18.28 18.243 18.223 18.258 18.32 18.375 18.422 18.465 18.507 17.875 17.135 17.003 16.933 16.882 16.82 16.788 16.795 16.807 16.81 16.797 16.777 16.753 16.728 16.702 16.675 16.642 16.602 16.56 16.52 16.477 16.437 16.4 16.365 16.337 16.312 16.26 16.15 15.995 15.83 15.688 15.568
18.795 18.783 18.787 18.76 18.713 18.68 18.678 18.705 18.735 18.775 18.865 18.985 19.075 19.13 19.177 19.215 19.212 19.172 19.117 19.055 18.995 18.935 18.883 18.842 18.79 18.72 18.645 18.565 18.488 18.433 18.395 18.36 18.325 18.288 18.248 18.23 18.265 18.33 18.392 18.445 18.49 18.227 17.58 17.175 17.128 17.085 17.015 16.948 16.913 16.915 16.92 16.91 16.892 16.872 16.847 16.817 16.785 16.75 16.71 16.665 16.62 16.58 16.535 16.495 16.457 16.425 16.407 16.39 16.36 16.262 16.09 15.913 15.788 15.705
18.757 18.77 18.777 18.747 18.705 18.66 18.62 18.61 18.65 18.743 18.86 18.977 19.06 19.107 19.152 19.192 19.2 19.172 19.125 19.065 19.01 18.963 18.92 18.883 18.825 18.748 18.673 18.595 18.515 18.45 18.405 18.37 18.335 18.295 18.253 18.238 18.275 18.34 18.405 18.462 18.512 17.955 17.363 17.348 17.32 17.247 17.158 17.08 17.038 17.03 17.022 17.005 16.985 16.96 16.927 16.89 16.85 16.81 16.77 16.725 16.68 16.64 16.597 16.552 16.5 16.45 16.417 16.397 16.382 16.31 16.145 15.975 15.873 15.84
18.69 18.7 18.68 18.637 18.597 18.557 18.525 18.533 18.61 18.73 18.845 18.945 19.005 19.037 19.075 19.115 19.14 19.137 19.117 19.085 19.053 19.028 19.003 18.975 18.898 18.788 18.7 18.623 18.545 18.47 18.415 18.38 18.345 18.302 18.258 18.245 18.285 18.347 18.412 18.475 18.485 18.018 17.59 17.587 17.512 17.41 17.315 17.228 17.16 17.128 17.107 17.085 17.065 17.035 16.993 16.95 16.91 16.87 16.83 16.785 16.74 16.7 16.657 16.602 16.535 16.47 16.413 16.363 16.333 16.297 16.175 16.028 15.97 16
18.577 18.552 18.497 18.438 18.393 18.385 18.42 18.488 18.59 18.7 18.795 18.875 18.92 18.943 18.973 19.008 19.04 19.057 19.07 19.107 19.145 19.15 19.14 19.115 19.01 18.865 18.755 18.658 18.573 18.495 18.43 18.39 18.352 18.308 18.263 18.253 18.295 18.355 18.417 18.455 18.377 18.085 17.853 17.78 17.677 17.575 17.478 17.385 17.298 17.225 17.183 17.16 17.137 17.105 17.06 17.013 16.97 16.93 16.89 16.845 16.8 16.76 16.71 16.645 16.578 16.513 16.445 16.375 16.318 16.275 16.188 16.108 16.125 16.19
18.437 18.382 18.315 18.25 18.23 18.283 18.37 18.463 18.558 18.642 18.717 18.792 18.84 18.86 18.885 18.913 18.94 18.965 19.003 19.092 19.197 19.27 19.295 19.255 19.127 18.968 18.843 18.728 18.623 18.53 18.45 18.398 18.357 18.312 18.265 18.255 18.302 18.355 18.38 18.365 18.24 18.11 18.035 17.937 17.84 17.74 17.64 17.545 17.452 17.358 17.283 17.24 17.21 17.172 17.127 17.08 17.033 16.99 16.948 16.903 16.86 16.815 16.755 16.688 16.623 16.555 16.485 16.415 16.348 16.285 16.233 16.243 16.31 16.382
18.272 18.212 18.145 18.088 18.108 18.195 18.3 18.438 18.545 18.593 18.64 18.71 18.76 18.78 18.802 18.825 18.843 18.88 18.95 19.05 19.165 19.272 19.365 19.372 19.242 19.075 18.94 18.82 18.705 18.593 18.49 18.413 18.363 18.315 18.268 18.26 18.292 18.305 18.28 18.24 18.173 18.16 18.147 18.05 17.95 17.85 17.75 17.655 17.565 17.48 17.4 17.33 17.283 17.24 17.193 17.148 17.1 17.053 17.008 16.963 16.918 16.863 16.798 16.735 16.673 16.608 16.543 16.478 16.415 16.358 16.338 16.398 16.492 16.575
18.098 18.042 17.98 17.94 17.98 18.095 18.253 18.44 18.572 18.605 18.618 18.65 18.677 18.692 18.71 18.727 18.743 18.793 18.87 18.957 19.057 19.142 19.257 19.367 19.325 19.182 19.045 18.915 18.795 18.675 18.565 18.483 18.418 18.353 18.29 18.263 18.263 18.248 18.22 18.195 18.218 18.24 18.185 18.087 17.985 17.885 17.785 17.692 17.612 17.537 17.465 17.403 17.358 17.32 17.278 17.233 17.185 17.138 17.093 17.045 16.99 16.928 16.865 16.805 16.745 16.685 16.625 16.565 16.505 16.46 16.46 16.538 16.655 16.757
17.923 17.868 17.81 17.8 17.893 18.065 18.265 18.465 18.61 18.655 18.65 18.625 18.6 18.598 18.608 18.623 18.643 18.692 18.742 18.797 18.837 18.86 18.993 19.207 19.265 19.155 19.045 18.965 18.872 18.75 18.66 18.6 18.53 18.453 18.38 18.33 18.308 18.295 18.283 18.273 18.292 18.272 18.185 18.092 17.995 17.895 17.798 17.71 17.635 17.565 17.503 17.46 17.43 17.402 17.372 17.335 17.292 17.247 17.2 17.147 17.083 17.015 16.955 16.895 16.835 16.775 16.715 16.655 16.605 16.578 16.588 16.673 16.8 16.917
17.745 17.692 17.64 17.703 17.888 18.088 18.29 18.49 18.647 18.697 18.662 18.595 18.54 18.52 18.513 18.52 18.547 18.582 18.6 18.627 18.615 18.605 18.763 19.015 19.09 19.005 18.96 18.955 18.915 18.83 18.77 18.722 18.655 18.583 18.523 18.473 18.44 18.422 18.41 18.387 18.345 18.275 18.185 18.095 18.002 17.905 17.813 17.733 17.663 17.608 17.568 17.533 17.503 17.478 17.452 17.425 17.392 17.355 17.31 17.252 17.18 17.108 17.045 16.985 16.925 16.865 16.805 16.753 16.72 16.7 16.715 16.808 16.935 17.045
17.562 17.505 17.495 17.673 17.927 18.123 18.32 18.52 18.677 18.705 18.632 18.548 18.49 18.465 18.443 18.43 18.443 18.46 18.47 18.488 18.51 18.573 18.708 18.875 18.937 18.91 18.91 18.917 18.912 18.907 18.89 18.845 18.785 18.722 18.67 18.62 18.577 18.54 18.505 18.46 18.38 18.285 18.195 18.103 18.01 17.92 17.838 17.768 17.713 17.673 17.64 17.608 17.577 17.552 17.527 17.5 17.472 17.445 17.41 17.355 17.28 17.203 17.135 17.075 17.015 16.955 16.898 16.86 16.84 16.82 16.843 16.94 17.055 17.12
17.272 17.28 17.375 17.677 17.975 18.17 18.365 18.547 18.667 18.667 18.59 18.505 18.445 18.42 18.395 18.37 18.365 18.378 18.395 18.415 18.478 18.587 18.702 18.785 18.82 18.832 18.835 18.837 18.852 18.892 18.922 18.927 18.902 18.845 18.785 18.727 18.67 18.61 18.552 18.497 18.415 18.31 18.215 18.123 18.03 17.958 17.893 17.825 17.78 17.747 17.713 17.68 17.645 17.612 17.585 17.555 17.53 17.505 17.475 17.432 17.372 17.3 17.228 17.165 17.105 17.045 17 16.978 16.96 16.94 16.968 17.06 17.132 17.142
16.85 17.02 17.275 17.678 18.015 18.212 18.385 18.527 18.612 18.61 18.545 18.463 18.408 18.382 18.358 18.333 18.328 18.345 18.365 18.385 18.45 18.562 18.65 18.682 18.7 18.72 18.727 18.733 18.753 18.795 18.85 18.912 18.942 18.91 18.847 18.782 18.715 18.65 18.59 18.532 18.452 18.345 18.243 18.148 18.06 18.005 17.96 17.898 17.85 17.82 17.787 17.75 17.705 17.66 17.625 17.595 17.568 17.54 17.51 17.477 17.437 17.385 17.32 17.255 17.195 17.145 17.118 17.1 17.08 17.06 17.092 17.14 17.145 17.145
16.653 16.96 17.345 17.748 18.045 18.22 18.355 18.475 18.55 18.542 18.49 18.423 18.373 18.348 18.323 18.298 18.295 18.315 18.338 18.36 18.425 18.512 18.545 18.548 18.565 18.592 18.615 18.625 18.648 18.7 18.768 18.842 18.905 18.917 18.882 18.825 18.758 18.693 18.63 18.57 18.49 18.385 18.278 18.175 18.093 18.045 18.012 17.965 17.92 17.89 17.86 17.82 17.768 17.715 17.668 17.633 17.605 17.575 17.545 17.513 17.475 17.437 17.392 17.337 17.29 17.26 17.24 17.22 17.2 17.18 17.175 17.15 17.125 17.137
16.753 17.135 17.558 17.922 18.147 18.265 18.353 18.44 18.49 18.473 18.433 18.388 18.348 18.325 18.303 18.278 18.275 18.295 18.315 18.335 18.378 18.415 18.425 18.433 18.445 18.468 18.493 18.51 18.548 18.618 18.695 18.775 18.852 18.892 18.887 18.857 18.802 18.735 18.67 18.608 18.527 18.425 18.315 18.208 18.13 18.093 18.068 18.035 17.998 17.965 17.932 17.887 17.833 17.778 17.723 17.678 17.645 17.618 17.59 17.553 17.51 17.473 17.437 17.397 17.36 17.335 17.312 17.29 17.27 17.242 17.185 17.125 17.11 17.123
17.02 17.418 17.837 18.145 18.287 18.357 18.407 18.458 18.48 18.455 18.42 18.388 18.358 18.335 18.315 18.288 18.28 18.3 18.315 18.33 18.35 18.368 18.383 18.393 18.395 18.405 18.423 18.44 18.48 18.55 18.63 18.708 18.797 18.865 18.88 18.88 18.86 18.803 18.73 18.66 18.583 18.49 18.39 18.29 18.223 18.195 18.173 18.132 18.08 18.04 18.002 17.952 17.898 17.845 17.798 17.755 17.72 17.695 17.662 17.61 17.555 17.51 17.475 17.437 17.393 17.358 17.332 17.307 17.285 17.242 17.173 17.12 17.11 17.12
17.427 17.805 18.142 18.295 18.35 18.407 18.457 18.502 18.515 18.485 18.45 18.42 18.392 18.368 18.342 18.313 18.303 18.32 18.337 18.355 18.375 18.395 18.405 18.402 18.398 18.4 18.41 18.425 18.45 18.495 18.565 18.643 18.745 18.845 18.88 18.892 18.907 18.89 18.83 18.753 18.678 18.6 18.515 18.425 18.368 18.342 18.305 18.24 18.168 18.115 18.07 18.023 17.975 17.933 17.895 17.86 17.83 17.797 17.747 17.683 17.618 17.558 17.513 17.47 17.42 17.378 17.348 17.322 17.29 17.235 17.175 17.135 17.123 17.128
17.85 18.142 18.305 18.335 18.37 18.43 18.487 18.535 18.545 18.517 18.485 18.453 18.425 18.4 18.368 18.335 18.325 18.34 18.36 18.382 18.402 18.415 18.417 18.41 18.403 18.4 18.403 18.413 18.433 18.46 18.508 18.583 18.698 18.825 18.882 18.898 18.922 18.94 18.925 18.867 18.795 18.727 18.652 18.568 18.515 18.477 18.415 18.34 18.262 18.198 18.15 18.113 18.075 18.04 18.005 17.968 17.935 17.89 17.825 17.757 17.69 17.618 17.555 17.505 17.455 17.408 17.368 17.337 17.295 17.238 17.19 17.153 17.135 17.135
18.182 18.322 18.352 18.355 18.39 18.45 18.51 18.562 18.575 18.55 18.52 18.487 18.457 18.427 18.392 18.36 18.35 18.365 18.385 18.407 18.425 18.427 18.423 18.415 18.408 18.405 18.403 18.403 18.418 18.443 18.473 18.535 18.652 18.795 18.88 18.905 18.93 18.952 18.965 18.957 18.912 18.85 18.782 18.71 18.65 18.585 18.505 18.425 18.345 18.278 18.235 18.205 18.172 18.14 18.11 18.075 18.032 17.972 17.9 17.827 17.752 17.678 17.608 17.55 17.498 17.445 17.398 17.355 17.308 17.255 17.21 17.17 17.15 17.15
18.232 18.305 18.322 18.355 18.41 18.468 18.525 18.58 18.6 18.58 18.55 18.52 18.482 18.44 18.405 18.372 18.363 18.382 18.405 18.427 18.44 18.435 18.427 18.42 18.413 18.41 18.408 18.413 18.42 18.42 18.43 18.47 18.573 18.717 18.825 18.87 18.892 18.91 18.945 18.995 18.987 18.93 18.87 18.812 18.745 18.662 18.577 18.495 18.415 18.353 18.315 18.285 18.255 18.228 18.202 18.162 18.105 18.037 17.962 17.887 17.81 17.735 17.663 17.6 17.545 17.49 17.443 17.398 17.348 17.295 17.245 17.203 17.203 17.23
18.067 18.155 18.218 18.33 18.427 18.482 18.532 18.585 18.615 18.605 18.58 18.55 18.502 18.445 18.403 18.368 18.36 18.385 18.41 18.435 18.445 18.438 18.433 18.425 18.418 18.418 18.428 18.452 18.457 18.433 18.418 18.415 18.47 18.595 18.72 18.785 18.805 18.835 18.928 19.025 19.025 18.97 18.915 18.865 18.805 18.727 18.645 18.563 18.485 18.433 18.397 18.365 18.335 18.31 18.275 18.215 18.15 18.087 18.017 17.943 17.867 17.792 17.718 17.653 17.598 17.548 17.508 17.467 17.417 17.363 17.305 17.268 17.305 17.385
17.88 18.01 18.148 18.325 18.445 18.492 18.533 18.585 18.622 18.62 18.605 18.577 18.527 18.463 18.405 18.363 18.358 18.385 18.41 18.435 18.445 18.44 18.438 18.43 18.43 18.448 18.475 18.51 18.515 18.487 18.455 18.405 18.398 18.478 18.597 18.682 18.725 18.81 18.97 19.077 19.062 19.008 18.955 18.905 18.852 18.787 18.71 18.628 18.558 18.515 18.48 18.445 18.417 18.382 18.322 18.25 18.185 18.127 18.067 17.997 17.923 17.848 17.775 17.708 17.653 17.613 17.58 17.542 17.492 17.435 17.375 17.35 17.41 17.505
17.765 17.935 18.142 18.342 18.452 18.485 18.528 18.587 18.625 18.627 18.62 18.597 18.55 18.485 18.42 18.365 18.355 18.385 18.413 18.44 18.452 18.45 18.45 18.448 18.46 18.495 18.532 18.567 18.56 18.505 18.442 18.365 18.338 18.398 18.49 18.585 18.693 18.85 19.04 19.132 19.102 19.05 19 18.95 18.9 18.842 18.773 18.698 18.638 18.598 18.563 18.527 18.487 18.43 18.358 18.285 18.22 18.163 18.107 18.047 17.978 17.905 17.835 17.77 17.72 17.685 17.653 17.615 17.565 17.505 17.445 17.428 17.482 17.552
17.68 17.85 18.067 18.282 18.417 18.472 18.527 18.592 18.627 18.625 18.61 18.582 18.532 18.467 18.402 18.355 18.363 18.4 18.428 18.455 18.472 18.475 18.475 18.475 18.495 18.535 18.575 18.605 18.572 18.483 18.393 18.308 18.285 18.348 18.435 18.533 18.685 18.885 19.072 19.157 19.13 19.077 19.022 18.97 18.917 18.875 18.837 18.78 18.725 18.685 18.647 18.605 18.547 18.48 18.41 18.338 18.265 18.203 18.148 18.093 18.037 17.977 17.91 17.855 17.815 17.783 17.753 17.72 17.673 17.608 17.543 17.505 17.525 17.575
17.548 17.72 17.925 18.14 18.315 18.417 18.487 18.555 18.592 18.585 18.56 18.527 18.477 18.413 18.36 18.34 18.37 18.42 18.452 18.48 18.497 18.502 18.505 18.508 18.53 18.567 18.6 18.62 18.575 18.478 18.395 18.33 18.303 18.333 18.408 18.508 18.665 18.862 19.012 19.08 19.085 19.06 19.012 18.957 18.9 18.875 18.887 18.865 18.815 18.772 18.725 18.67 18.615 18.557 18.487 18.413 18.333 18.258 18.195 18.138 18.092 18.055 18.005 17.963 17.932 17.905 17.88 17.855 17.815 17.75 17.678 17.608 17.585 17.618
17.41 17.595 17.797 18 18.172 18.295 18.385 18.455 18.49 18.492 18.485 18.465 18.42 18.368 18.34 18.338 18.37 18.427 18.472 18.505 18.522 18.53 18.535 18.54 18.565 18.597 18.62 18.632 18.59 18.515 18.463 18.423 18.395 18.385 18.408 18.485 18.635 18.787 18.88 18.93 18.96 18.977 18.975 18.94 18.883 18.87 18.907 18.927 18.9 18.847 18.787 18.728 18.68 18.632 18.57 18.5 18.42 18.333 18.255 18.188 18.14 18.115 18.087 18.062 18.047 18.032 18.012 17.987 17.952 17.895 17.82 17.74 17.683 17.685
17.28 17.468 17.668 17.867 18.027 18.148 18.255 18.33 18.362 18.375 18.385 18.385 18.365 18.345 18.335 18.335 18.37 18.427 18.48 18.522 18.545 18.555 18.563 18.57 18.593 18.62 18.64 18.647 18.617 18.575 18.542 18.512 18.487 18.467 18.455 18.478 18.565 18.66 18.728 18.775 18.805 18.835 18.865 18.872 18.858 18.875 18.925 18.967 18.957 18.902 18.842 18.785 18.737 18.692 18.645 18.585 18.507 18.42 18.333 18.25 18.195 18.17 18.145 18.125 18.12 18.117 18.107 18.092 18.07 18.027 17.96 17.88 17.803 17.773
17.203 17.385 17.578 17.763 17.908 18.025 18.137 18.217 18.252 18.268 18.28 18.29 18.297 18.3 18.298 18.32 18.375 18.43 18.485 18.537 18.567 18.583 18.595 18.608 18.628 18.65 18.665 18.66 18.627 18.587 18.557 18.532 18.502 18.475 18.457 18.45 18.485 18.555 18.623 18.675 18.71 18.738 18.768 18.815 18.865 18.91 18.965 19.002 18.987 18.94 18.887 18.837 18.792 18.747 18.705 18.655 18.582 18.495 18.407 18.32 18.258 18.227 18.195 18.168 18.16 18.16 18.155 18.142 18.125 18.105 18.077 18.02 17.94 17.88
17.168 17.345 17.527 17.69 17.825 17.94 18.042 18.12 18.157 18.173 18.187 18.2 18.207 18.213 18.24 18.31 18.387 18.448 18.503 18.555 18.59 18.615 18.637 18.653 18.67 18.687 18.687 18.665 18.62 18.568 18.528 18.495 18.46 18.423 18.395 18.385 18.423 18.495 18.565 18.633 18.685 18.73 18.788 18.863 18.93 18.973 19.02 19.042 19.012 18.968 18.925 18.885 18.842 18.798 18.758 18.717 18.65 18.56 18.475 18.393 18.325 18.285 18.248 18.213 18.2 18.2 18.187 18.157 18.133 18.123 18.125 18.112 18.07 18.007
17.133 17.297 17.462 17.615 17.747 17.852 17.942 18.017 18.06 18.077 18.093 18.108 18.118 18.148 18.225 18.322 18.407 18.472 18.527 18.575 18.61 18.645 18.677 18.697 18.71 18.71 18.692 18.665 18.62 18.563 18.51 18.465 18.423 18.38 18.343 18.323 18.36 18.443 18.533 18.63 18.713 18.788 18.873 18.955 19.012 19.043 19.08 19.087 19.047 19.005 18.967 18.932 18.892 18.85 18.815 18.782 18.72 18.632 18.548 18.465 18.393 18.343 18.3 18.26 18.242 18.23 18.2 18.163 18.14 18.13 18.13 18.137 18.137 18.117
17.095 17.243 17.395 17.543 17.665 17.758 17.84 17.915 17.96 17.983 18.003 18.023 18.063 18.138 18.235 18.335 18.427 18.497 18.552 18.597 18.633 18.67 18.705 18.732 18.737 18.715 18.688 18.66 18.615 18.555 18.498 18.448 18.433 18.418 18.373 18.34 18.378 18.475 18.583 18.7 18.805 18.893 18.977 19.052 19.097 19.122 19.135 19.115 19.077 19.042 19.007 18.975 18.942 18.907 18.875 18.845 18.787 18.702 18.617 18.535 18.463 18.408 18.36 18.313 18.275 18.24 18.2 18.168 18.15 18.14 18.138 18.142 18.15 18.157
17.078 17.215 17.365 17.5 17.615 17.713 17.795 17.87 17.915 17.94 17.965 17.988 18.053 18.152 18.248 18.345 18.44 18.517 18.577 18.625 18.66 18.693 18.73 18.767 18.77 18.74 18.71 18.673 18.613 18.545 18.485 18.43 18.45 18.502 18.485 18.448 18.488 18.595 18.708 18.823 18.93 19.017 19.09 19.147 19.182 19.197 19.172 19.123 19.085 19.055 19.025 18.995 18.967 18.942 18.915 18.885 18.835 18.755 18.67 18.6 18.545 18.495 18.443 18.382 18.31 18.245 18.2 18.173 18.163 18.155 18.148 18.148 18.155 18.162
17.08 17.213 17.355 17.467 17.58 17.702 17.802 17.88 17.925 17.948 17.97 17.993 18.06 18.167 18.265 18.36 18.455 18.537 18.605 18.652 18.688 18.725 18.768 18.812 18.82 18.787 18.75 18.702 18.628 18.54 18.47 18.41 18.43 18.525 18.575 18.57 18.615 18.733 18.857 18.972 19.072 19.145 19.19 19.232 19.26 19.245 19.19 19.128 19.085 19.055 19.025 18.995 18.97 18.952 18.932 18.907 18.865 18.798 18.73 18.68 18.64 18.592 18.53 18.46 18.37 18.275 18.213 18.185 18.178 18.17 18.16 18.153 18.155 18.165
