EGM722_Project_Data/DTM_asc/TL4859.asc
ncols         200
nrows         200
xllcorner     548000.000
yllcorner     259000.000
cellsize      5
NODATA_value  -9999.0
[rows 128 to 159 of 200, columns 0 to 72 of 200]
14.38 14.4 14.392 14.353 14.31 14.283 14.273 14.288 14.315 14.342 14.372 14.4 14.428 14.463 14.508 14.55 14.58 14.592 14.598 14.605 14.615 14.625 14.643 14.65 14.638 14.625 14.613 14.6 14.585 14.58 14.595 14.618 14.64 14.662 14.67 14.66 14.65 14.64 14.648 14.675 14.705 14.732 14.75 14.76 14.773 14.785 14.79 14.795 14.805 14.818 14.83 14.84 14.85 14.855 14.863 14.878 14.893 14.913 14.938 14.965 14.998 15.03 15.052 15.068 15.085 15.1 15.095 15.078 15.065 15.058 15.065 15.085 15.097
14.492 14.45 14.425 14.415 14.412 14.4 14.383 14.388 14.4 14.42 14.455 14.485 14.512 14.54 14.57 14.595 14.605 14.608 14.615 14.625 14.632 14.638 14.648 14.655 14.65 14.64 14.628 14.615 14.6 14.588 14.593 14.612 14.635 14.655 14.66 14.65 14.64 14.633 14.645 14.675 14.705 14.735 14.755 14.765 14.775 14.785 14.795 14.807 14.82 14.832 14.842 14.85 14.857 14.862 14.87 14.882 14.897 14.913 14.935 14.968 15.002 15.035 15.057 15.075 15.092 15.107 15.105 15.085 15.065 15.05 15.055 15.075 15.09
14.565 14.485 14.443 14.45 14.467 14.475 14.475 14.482 14.485 14.498 14.53 14.557 14.58 14.6 14.62 14.632 14.628 14.625 14.632 14.64 14.648 14.655 14.66 14.657 14.652 14.648 14.647 14.645 14.63 14.615 14.605 14.6 14.61 14.63 14.637 14.63 14.625 14.63 14.648 14.673 14.7 14.73 14.752 14.765 14.775 14.785 14.8 14.815 14.825 14.84 14.85 14.855 14.86 14.865 14.875 14.885 14.9 14.915 14.935 14.97 15.005 15.035 15.057 15.075 15.092 15.11 15.107 15.085 15.065 15.048 15.048 15.065 15.082
14.555 14.475 14.438 14.448 14.465 14.485 14.505 14.527 14.545 14.562 14.587 14.607 14.622 14.64 14.657 14.662 14.653 14.645 14.648 14.655 14.662 14.665 14.66 14.653 14.648 14.65 14.667 14.677 14.667 14.652 14.63 14.603 14.588 14.593 14.6 14.603 14.615 14.635 14.655 14.673 14.695 14.725 14.747 14.76 14.772 14.785 14.798 14.813 14.828 14.845 14.855 14.858 14.86 14.865 14.875 14.885 14.9 14.915 14.935 14.97 15.002 15.03 15.052 15.07 15.09 15.11 15.107 15.083 15.06 15.045 15.045 15.058 15.075
14.535 14.468 14.435 14.448 14.463 14.48 14.503 14.535 14.575 14.607 14.627 14.643 14.66 14.677 14.69 14.69 14.68 14.67 14.665 14.67 14.672 14.662 14.65 14.648 14.648 14.658 14.682 14.702 14.705 14.69 14.665 14.635 14.605 14.585 14.58 14.593 14.62 14.645 14.662 14.678 14.695 14.72 14.742 14.755 14.768 14.783 14.795 14.81 14.83 14.85 14.86 14.86 14.86 14.865 14.875 14.888 14.902 14.915 14.935 14.967 14.997 15.025 15.047 15.068 15.09 15.11 15.11 15.085 15.06 15.045 15.045 15.055 15.07
14.49 14.452 14.435 14.45 14.465 14.477 14.505 14.547 14.592 14.635 14.662 14.68 14.697 14.707 14.712 14.71 14.702 14.695 14.685 14.677 14.665 14.645 14.635 14.64 14.65 14.67 14.697 14.722 14.737 14.73 14.705 14.675 14.645 14.615 14.598 14.605 14.628 14.652 14.67 14.685 14.7 14.718 14.737 14.753 14.768 14.783 14.798 14.815 14.835 14.852 14.862 14.865 14.865 14.868 14.875 14.89 14.905 14.917 14.937 14.965 14.995 15.022 15.043 15.063 15.087 15.11 15.11 15.085 15.057 15.037 15.032 15.04 15.05
14.405 14.39 14.392 14.41 14.427 14.442 14.47 14.512 14.555 14.6 14.632 14.647 14.66 14.67 14.675 14.67 14.662 14.657 14.655 14.647 14.627 14.603 14.597 14.61 14.63 14.662 14.7 14.735 14.76 14.765 14.745 14.715 14.682 14.65 14.633 14.635 14.648 14.665 14.68 14.692 14.705 14.717 14.735 14.758 14.78 14.795 14.81 14.83 14.85 14.862 14.87 14.875 14.875 14.875 14.875 14.883 14.897 14.912 14.932 14.96 14.99 15.017 15.04 15.06 15.082 15.102 15.087 15.047 15.015 14.987 14.977 14.982 14.995
14.298 14.293 14.303 14.32 14.34 14.362 14.387 14.417 14.455 14.497 14.527 14.54 14.553 14.57 14.582 14.58 14.573 14.573 14.58 14.58 14.567 14.545 14.54 14.56 14.585 14.62 14.665 14.71 14.747 14.775 14.777 14.752 14.718 14.685 14.67 14.675 14.685 14.695 14.693 14.69 14.7 14.71 14.733 14.765 14.792 14.812 14.83 14.85 14.865 14.872 14.88 14.885 14.885 14.885 14.88 14.875 14.883 14.898 14.92 14.953 14.985 15.015 15.04 15.06 15.077 15.087 15.055 14.99 14.938 14.9 14.89 14.905 14.94
14.2 14.205 14.215 14.228 14.243 14.265 14.29 14.315 14.348 14.383 14.413 14.433 14.45 14.473 14.49 14.493 14.493 14.5 14.507 14.507 14.5 14.485 14.485 14.51 14.537 14.565 14.605 14.65 14.695 14.74 14.767 14.77 14.752 14.725 14.71 14.715 14.728 14.742 14.725 14.693 14.69 14.703 14.728 14.76 14.792 14.822 14.847 14.867 14.875 14.88 14.89 14.895 14.895 14.895 14.89 14.88 14.875 14.883 14.908 14.945 14.982 15.015 15.04 15.055 15.062 15.065 15.03 14.955 14.88 14.82 14.81 14.85 14.905
14.12 14.13 14.138 14.145 14.155 14.175 14.2 14.225 14.253 14.28 14.31 14.338 14.363 14.388 14.408 14.418 14.425 14.435 14.438 14.435 14.43 14.423 14.43 14.455 14.487 14.517 14.55 14.59 14.632 14.672 14.705 14.735 14.752 14.752 14.752 14.762 14.78 14.8 14.782 14.73 14.695 14.695 14.72 14.753 14.787 14.82 14.85 14.872 14.882 14.89 14.897 14.902 14.905 14.905 14.9 14.89 14.88 14.875 14.895 14.935 14.975 15.012 15.035 15.04 15.04 15.04 15.008 14.94 14.868 14.8 14.795 14.845 14.895
14.05 14.057 14.063 14.07 14.08 14.098 14.123 14.148 14.173 14.203 14.238 14.273 14.305 14.33 14.348 14.358 14.365 14.375 14.375 14.37 14.365 14.36 14.368 14.39 14.422 14.455 14.48 14.502 14.532 14.567 14.59 14.61 14.642 14.675 14.7 14.72 14.74 14.765 14.782 14.757 14.707 14.69 14.71 14.745 14.78 14.81 14.84 14.865 14.882 14.897 14.905 14.91 14.915 14.915 14.91 14.9 14.893 14.885 14.898 14.935 14.975 15.012 15.03 15.03 15.033 15.04 15.02 14.963 14.898 14.845 14.848 14.89 14.927
13.975 13.983 13.99 14 14.01 14.025 14.05 14.075 14.103 14.14 14.182 14.225 14.26 14.287 14.302 14.305 14.308 14.315 14.315 14.308 14.302 14.298 14.303 14.323 14.348 14.377 14.392 14.39 14.403 14.432 14.445 14.443 14.46 14.495 14.53 14.557 14.58 14.615 14.672 14.707 14.69 14.663 14.682 14.732 14.77 14.8 14.83 14.855 14.875 14.9 14.917 14.922 14.922 14.92 14.92 14.915 14.908 14.905 14.918 14.948 14.983 15.017 15.035 15.038 15.048 15.065 15.055 15.005 14.945 14.903 14.91 14.945 14.967
13.9 13.91 13.92 13.93 13.943 13.958 13.98 14.008 14.04 14.083 14.127 14.17 14.21 14.242 14.255 14.255 14.255 14.26 14.26 14.248 14.24 14.235 14.24 14.26 14.278 14.297 14.302 14.288 14.283 14.298 14.305 14.295 14.293 14.31 14.343 14.375 14.405 14.45 14.515 14.58 14.617 14.607 14.628 14.697 14.752 14.792 14.822 14.848 14.875 14.91 14.932 14.932 14.925 14.92 14.925 14.93 14.925 14.925 14.943 14.968 14.995 15.025 15.045 15.057 15.073 15.09 15.082 15.042 14.993 14.96 14.967 14.985 14.987
13.83 13.84 13.85 13.86 13.875 13.89 13.91 13.945 13.985 14.028 14.073 14.115 14.16 14.197 14.21 14.208 14.205 14.208 14.205 14.193 14.183 14.175 14.18 14.198 14.213 14.223 14.218 14.2 14.183 14.175 14.17 14.16 14.15 14.148 14.165 14.195 14.235 14.29 14.355 14.42 14.485 14.525 14.563 14.635 14.707 14.77 14.812 14.84 14.87 14.902 14.922 14.927 14.925 14.92 14.922 14.932 14.94 14.947 14.967 14.99 15.01 15.032 15.055 15.075 15.095 15.115 15.11 15.075 15.032 15.007 15.005 15.005 15.003
13.795 13.81 13.82 13.83 13.84 13.833 13.843 13.89 13.935 13.975 14.02 14.065 14.105 14.14 14.162 14.167 14.163 14.16 14.153 14.14 14.13 14.118 14.12 14.138 14.155 14.162 14.15 14.13 14.113 14.098 14.085 14.075 14.065 14.055 14.05 14.06 14.093 14.148 14.213 14.278 14.343 14.418 14.478 14.53 14.602 14.677 14.737 14.775 14.8 14.825 14.847 14.862 14.872 14.88 14.895 14.915 14.937 14.957 14.972 14.987 15.005 15.03 15.057 15.08 15.102 15.127 15.125 15.09 15.053 15.033 15.028 15.023 15.02
13.805 13.825 13.835 13.835 13.815 13.77 13.773 13.832 13.882 13.925 13.97 14.012 14.042 14.07 14.1 14.122 14.127 14.122 14.113 14.1 14.085 14.065 14.063 14.08 14.1 14.107 14.095 14.075 14.063 14.055 14.048 14.04 14.027 14.012 13.995 13.983 13.99 14.03 14.09 14.155 14.238 14.345 14.405 14.41 14.453 14.527 14.595 14.647 14.682 14.707 14.73 14.748 14.765 14.793 14.83 14.862 14.9 14.937 14.955 14.97 14.995 15.025 15.052 15.077 15.1 15.125 15.125 15.09 15.06 15.05 15.05 15.045 15.04
13.822 13.842 13.835 13.8 13.745 13.688 13.695 13.762 13.825 13.875 13.915 13.95 13.975 14 14.03 14.06 14.082 14.087 14.077 14.062 14.04 14.015 14.01 14.025 14.045 14.052 14.043 14.03 14.023 14.017 14.012 14.002 13.985 13.965 13.948 13.93 13.918 13.925 13.973 14.06 14.178 14.307 14.36 14.333 14.325 14.373 14.442 14.505 14.557 14.59 14.61 14.633 14.663 14.705 14.752 14.793 14.845 14.902 14.935 14.96 14.99 15.02 15.047 15.073 15.097 15.122 15.12 15.093 15.075 15.068 15.067 15.067 15.063
13.825 13.825 13.782 13.722 13.657 13.603 13.615 13.685 13.757 13.817 13.852 13.88 13.905 13.93 13.96 13.99 14.022 14.045 14.04 14.017 13.99 13.965 13.958 13.97 13.99 14 13.995 13.99 13.985 13.98 13.972 13.955 13.935 13.917 13.902 13.885 13.865 13.853 13.893 14.003 14.137 14.26 14.302 14.275 14.245 14.243 14.288 14.353 14.415 14.465 14.498 14.53 14.578 14.63 14.68 14.733 14.8 14.87 14.917 14.95 14.982 15.015 15.042 15.067 15.092 15.117 15.117 15.103 15.095 15.085 15.083 15.087 15.087
13.77 13.72 13.655 13.595 13.533 13.5 13.535 13.605 13.677 13.745 13.785 13.81 13.835 13.86 13.89 13.917 13.94 13.957 13.952 13.925 13.897 13.885 13.892 13.907 13.925 13.94 13.945 13.945 13.94 13.935 13.925 13.905 13.885 13.867 13.85 13.83 13.81 13.813 13.858 13.953 14.08 14.19 14.222 14.195 14.173 14.168 14.2 14.26 14.318 14.375 14.423 14.463 14.515 14.57 14.623 14.688 14.765 14.84 14.895 14.932 14.967 15.002 15.025 15.045 15.07 15.092 15.107 15.112 15.11 15.1 15.098 15.103 15.108
13.665 13.56 13.485 13.425 13.388 13.403 13.46 13.528 13.595 13.665 13.715 13.742 13.765 13.782 13.797 13.812 13.82 13.825 13.815 13.788 13.775 13.788 13.815 13.837 13.855 13.87 13.88 13.887 13.887 13.882 13.87 13.85 13.832 13.815 13.795 13.775 13.765 13.793 13.843 13.905 14.01 14.11 14.13 14.11 14.113 14.138 14.185 14.24 14.293 14.348 14.395 14.435 14.478 14.525 14.583 14.658 14.74 14.81 14.86 14.902 14.942 14.977 14.992 14.995 15.01 15.03 15.055 15.077 15.09 15.1 15.112 15.125 15.138
13.537 13.403 13.315 13.275 13.285 13.33 13.39 13.455 13.518 13.585 13.642 13.67 13.677 13.677 13.675 13.678 13.68 13.685 13.678 13.668 13.683 13.708 13.735 13.762 13.785 13.8 13.81 13.82 13.827 13.827 13.815 13.795 13.778 13.76 13.74 13.725 13.74 13.79 13.84 13.883 13.955 14.03 14.053 14.06 14.088 14.125 14.173 14.227 14.282 14.337 14.387 14.427 14.457 14.49 14.548 14.63 14.715 14.78 14.825 14.867 14.912 14.945 14.952 14.945 14.943 14.953 14.975 15 15.025 15.052 15.087 15.13 15.172
13.392 13.248 13.165 13.168 13.21 13.26 13.318 13.382 13.445 13.505 13.552 13.567 13.56 13.55 13.545 13.545 13.545 13.547 13.553 13.57 13.6 13.627 13.655 13.682 13.707 13.725 13.732 13.74 13.75 13.757 13.752 13.737 13.722 13.705 13.685 13.685 13.725 13.785 13.835 13.875 13.922 13.972 14.008 14.038 14.075 14.115 14.16 14.215 14.267 14.312 14.357 14.397 14.427 14.455 14.51 14.595 14.682 14.75 14.787 14.815 14.847 14.87 14.875 14.875 14.872 14.875 14.895 14.92 14.943 14.97 15.023 15.095 15.165
13.253 13.115 13.058 13.09 13.138 13.188 13.242 13.3 13.357 13.407 13.437 13.435 13.42 13.41 13.407 13.407 13.405 13.408 13.425 13.455 13.485 13.525 13.56 13.58 13.602 13.62 13.627 13.635 13.647 13.662 13.665 13.655 13.645 13.63 13.612 13.627 13.675 13.727 13.775 13.815 13.865 13.922 13.97 14.012 14.057 14.1 14.145 14.19 14.227 14.26 14.295 14.342 14.385 14.415 14.47 14.555 14.637 14.69 14.712 14.727 14.745 14.76 14.767 14.772 14.778 14.795 14.828 14.855 14.878 14.918 14.983 15.06 15.135
13.163 13.04 12.993 13.028 13.07 13.113 13.155 13.198 13.245 13.29 13.312 13.3 13.275 13.26 13.26 13.262 13.26 13.265 13.285 13.318 13.36 13.417 13.455 13.465 13.48 13.495 13.505 13.518 13.535 13.555 13.56 13.547 13.53 13.51 13.498 13.523 13.572 13.62 13.668 13.718 13.788 13.862 13.917 13.965 14.015 14.062 14.105 14.135 14.16 14.19 14.228 14.282 14.337 14.375 14.428 14.51 14.575 14.6 14.61 14.62 14.635 14.65 14.66 14.665 14.683 14.73 14.777 14.805 14.84 14.898 14.968 15.042 15.115
13.107 13 12.945 12.97 13.013 13.052 13.078 13.098 13.13 13.17 13.185 13.165 13.135 13.113 13.11 13.115 13.115 13.123 13.15 13.198 13.258 13.32 13.352 13.358 13.365 13.375 13.388 13.403 13.42 13.437 13.437 13.42 13.397 13.373 13.365 13.398 13.453 13.508 13.568 13.64 13.727 13.807 13.862 13.908 13.955 14.002 14.04 14.065 14.09 14.118 14.158 14.215 14.277 14.33 14.385 14.45 14.492 14.51 14.515 14.518 14.528 14.542 14.553 14.57 14.615 14.68 14.73 14.765 14.818 14.883 14.952 15.025 15.095
12.967 12.92 12.89 12.913 12.957 13 13.022 13.03 13.045 13.065 13.063 13.038 13.01 12.983 12.973 12.975 12.975 12.99 13.035 13.098 13.16 13.217 13.247 13.253 13.258 13.27 13.283 13.288 13.295 13.305 13.3 13.28 13.26 13.235 13.235 13.278 13.34 13.41 13.485 13.573 13.67 13.752 13.807 13.85 13.887 13.927 13.965 13.992 14.02 14.045 14.085 14.148 14.213 14.275 14.332 14.373 14.4 14.42 14.425 14.428 14.433 14.44 14.46 14.505 14.568 14.633 14.688 14.74 14.802 14.867 14.932 15 15.067
12.775 12.795 12.825 12.858 12.902 12.945 12.97 12.977 12.985 12.985 12.97 12.948 12.92 12.89 12.875 12.875 12.873 12.89 12.943 13.005 13.065 13.118 13.15 13.168 13.183 13.205 13.215 13.21 13.208 13.205 13.19 13.165 13.145 13.12 13.128 13.185 13.26 13.34 13.42 13.51 13.61 13.687 13.73 13.76 13.79 13.832 13.877 13.91 13.94 13.968 14.018 14.09 14.155 14.22 14.275 14.308 14.333 14.347 14.35 14.353 14.355 14.368 14.408 14.465 14.53 14.595 14.655 14.715 14.777 14.837 14.897 14.962 15.027
12.65 12.71 12.772 12.81 12.848 12.892 12.917 12.92 12.92 12.912 12.897 12.877 12.852 12.825 12.808 12.805 12.798 12.81 12.86 12.92 12.983 13.043 13.085 13.115 13.14 13.165 13.175 13.167 13.16 13.147 13.123 13.098 13.08 13.055 13.063 13.125 13.203 13.278 13.355 13.445 13.53 13.585 13.615 13.64 13.678 13.728 13.777 13.815 13.845 13.883 13.95 14.032 14.105 14.172 14.227 14.262 14.28 14.285 14.285 14.285 14.298 14.338 14.39 14.443 14.503 14.565 14.625 14.685 14.737 14.785 14.847 14.917 14.982
12.59 12.67 12.735 12.772 12.8 12.837 12.86 12.857 12.847 12.835 12.82 12.802 12.785 12.76 12.74 12.732 12.723 12.735 12.785 12.85 12.92 12.99 13.04 13.07 13.097 13.122 13.13 13.12 13.107 13.092 13.07 13.05 13.035 13.013 13.018 13.075 13.15 13.22 13.295 13.365 13.415 13.455 13.488 13.525 13.575 13.625 13.677 13.72 13.755 13.803 13.875 13.962 14.047 14.125 14.182 14.212 14.22 14.22 14.223 14.233 14.268 14.323 14.375 14.425 14.478 14.535 14.592 14.645 14.685 14.725 14.79 14.867 14.935
12.55 12.63 12.695 12.735 12.762 12.79 12.8 12.788 12.773 12.758 12.743 12.728 12.71 12.688 12.67 12.66 12.65 12.663 12.715 12.79 12.867 12.94 12.99 13.015 13.035 13.062 13.072 13.062 13.052 13.037 13.02 13.002 12.985 12.965 12.97 13.025 13.105 13.183 13.255 13.288 13.303 13.338 13.375 13.423 13.475 13.525 13.58 13.63 13.675 13.728 13.8 13.89 13.98 14.067 14.135 14.165 14.175 14.183 14.19 14.213 14.258 14.31 14.36 14.41 14.46 14.513 14.563 14.603 14.635 14.675 14.738 14.815 14.887
12.51 12.59 12.657 12.697 12.725 12.747 12.747 12.73 12.713 12.693 12.673 12.658 12.643 12.625 12.613 12.603 12.59 12.593 12.628 12.695 12.775 12.852 12.902 12.92 12.943 12.992 13.01 12.99 12.982 12.972 12.957 12.942 12.925 12.908 12.925 12.993 13.078 13.162 13.227 13.232 13.223 13.245 13.283 13.333 13.385 13.435 13.493 13.565 13.633 13.693 13.763 13.843 13.928 14.015 14.09 14.132 14.152 14.165 14.18 14.21 14.253 14.3 14.35 14.4 14.45 14.503 14.553 14.59 14.62 14.665 14.73 14.805 14.86
12.47 12.55 12.62 12.662 12.685 12.702 12.707 12.695 12.672 12.645 12.62 12.603 12.59 12.575 12.565 12.557 12.545 12.54 12.548 12.58 12.645 12.725 12.775 12.798 12.853 12.932 12.95 12.918 12.9 12.89 12.877 12.863 12.85 12.855 12.9 12.98 13.065 13.15 13.2 13.187 13.163 13.165 13.198 13.248 13.308 13.37 13.44 13.538 13.627 13.695 13.76 13.825 13.898 13.98 14.05 14.097 14.132 14.15 14.173 14.207 14.245 14.288 14.335 14.388 14.443 14.5 14.557 14.6 14.635 14.69 14.76 14.825 14.84
