EGM722_Project_Data/DTM_asc/TL4858.asc
ncols         200
nrows         200
xllcorner     548000.000
yllcorner     258000.000
cellsize      5
NODATA_value  -9999.0
[rows 132 to 164 of 200, columns 0 to 73 of 200]
8.542 8.63 8.7 8.542 8.293 8.368 8.67 9.18 9.795 10.04 10.008 10.04 10.077 10.055 9.995 9.93 9.872 9.82 9.805 9.82 9.825 9.825 9.835 9.858 9.89 9.938 9.99 10.043 10.095 10.147 10.202 10.245 10.27 10.285 10.295 10.29 10.242 10.15 10.04 9.93 9.82 9.71 9.618 9.542 9.45 9.338 9.245 9.19 9.158 9.132 9.103 9.08 9.083 9.1 9.145 9.22 9.28 9.303 9.348 9.432 9.515 9.572 9.572 9.537 9.513 9.528 9.578 9.625 9.66 9.685 9.685 9.68 9.7 9.727
8.512 8.552 8.58 8.522 8.303 8.385 8.645 8.763 9.185 9.745 9.942 9.95 10.02 10.062 10.045 9.99 9.93 9.88 9.867 9.875 9.875 9.875 9.885 9.905 9.927 9.96 10.005 10.057 10.107 10.155 10.19 10.207 10.225 10.242 10.245 10.205 10.117 10.015 9.913 9.803 9.688 9.573 9.48 9.41 9.333 9.25 9.19 9.158 9.133 9.108 9.09 9.093 9.108 9.125 9.17 9.245 9.325 9.38 9.435 9.507 9.572 9.615 9.61 9.58 9.547 9.528 9.543 9.575 9.605 9.63 9.645 9.665 9.693 9.718
8.428 8.473 8.518 8.552 8.358 8.408 8.685 8.705 8.795 9.218 9.69 9.857 9.912 9.975 9.995 9.95 9.895 9.87 9.877 9.89 9.9 9.912 9.927 9.94 9.952 9.972 10.005 10.047 10.092 10.137 10.137 10.12 10.135 10.155 10.155 10.1 10.005 9.908 9.815 9.712 9.598 9.48 9.385 9.313 9.243 9.198 9.173 9.148 9.123 9.11 9.133 9.163 9.178 9.193 9.238 9.315 9.393 9.447 9.482 9.522 9.567 9.602 9.602 9.575 9.547 9.523 9.525 9.555 9.585 9.613 9.643 9.675 9.7 9.725
8.355 8.413 8.49 8.577 8.393 8.438 8.72 8.73 8.73 8.84 9.233 9.632 9.77 9.842 9.877 9.833 9.803 9.815 9.84 9.86 9.885 9.915 9.935 9.942 9.952 9.968 9.99 10.02 10.06 10.105 10.082 10.02 10.008 10.025 10.027 9.99 9.91 9.813 9.722 9.632 9.53 9.418 9.323 9.253 9.208 9.193 9.177 9.155 9.145 9.16 9.207 9.262 9.292 9.305 9.35 9.43 9.487 9.51 9.515 9.525 9.55 9.582 9.587 9.56 9.532 9.505 9.51 9.55 9.587 9.618 9.652 9.692 9.72 9.745
8.3 8.395 8.51 8.607 8.41 8.463 8.747 8.753 8.755 8.758 8.883 9.223 9.545 9.715 9.76 9.735 9.745 9.775 9.8 9.825 9.86 9.897 9.92 9.93 9.945 9.963 9.983 10.005 10.035 10.072 10.047 9.965 9.905 9.895 9.892 9.862 9.805 9.717 9.628 9.542 9.452 9.35 9.263 9.215 9.2 9.197 9.185 9.178 9.195 9.225 9.273 9.34 9.397 9.427 9.472 9.532 9.555 9.56 9.565 9.565 9.568 9.575 9.57 9.545 9.515 9.485 9.493 9.54 9.587 9.622 9.658 9.7 9.737 9.767
8.313 8.435 8.56 8.642 8.44 8.498 8.775 8.778 8.78 8.783 8.785 8.908 9.218 9.53 9.657 9.675 9.705 9.735 9.765 9.802 9.845 9.882 9.907 9.922 9.94 9.957 9.977 10 10.02 10.035 10.002 9.925 9.842 9.788 9.758 9.725 9.685 9.617 9.533 9.448 9.365 9.283 9.225 9.208 9.205 9.205 9.21 9.23 9.26 9.29 9.338 9.405 9.475 9.532 9.575 9.597 9.602 9.607 9.612 9.612 9.6 9.572 9.545 9.52 9.492 9.468 9.48 9.528 9.578 9.625 9.665 9.705 9.748 9.785
8.373 8.488 8.612 8.677 8.485 8.545 8.802 8.805 8.808 8.813 8.815 8.843 9.033 9.372 9.572 9.61 9.64 9.67 9.707 9.755 9.8 9.832 9.847 9.86 9.882 9.902 9.92 9.935 9.94 9.937 9.897 9.822 9.745 9.688 9.648 9.605 9.565 9.52 9.46 9.39 9.32 9.258 9.225 9.22 9.22 9.233 9.275 9.315 9.333 9.355 9.4 9.465 9.532 9.597 9.622 9.613 9.617 9.63 9.637 9.627 9.592 9.548 9.513 9.488 9.463 9.453 9.483 9.533 9.583 9.638 9.685 9.725 9.765 9.807
8.44 8.545 8.665 8.71 8.508 8.565 8.817 8.832 8.842 8.845 8.848 8.883 9.03 9.3 9.477 9.517 9.552 9.585 9.623 9.67 9.707 9.727 9.73 9.728 9.742 9.765 9.78 9.787 9.787 9.782 9.742 9.668 9.61 9.59 9.565 9.515 9.473 9.445 9.42 9.382 9.33 9.273 9.243 9.24 9.253 9.29 9.355 9.417 9.44 9.445 9.468 9.518 9.577 9.635 9.647 9.618 9.6 9.605 9.612 9.597 9.56 9.515 9.48 9.455 9.443 9.453 9.498 9.557 9.61 9.663 9.712 9.755 9.798 9.847
8.515 8.61 8.717 8.742 8.488 8.538 8.82 8.845 8.867 8.877 8.885 8.93 9.04 9.23 9.375 9.42 9.462 9.5 9.535 9.57 9.59 9.6 9.6 9.59 9.588 9.598 9.61 9.62 9.628 9.627 9.588 9.53 9.51 9.507 9.482 9.44 9.41 9.393 9.38 9.365 9.337 9.29 9.26 9.273 9.31 9.36 9.423 9.5 9.56 9.575 9.57 9.58 9.615 9.67 9.685 9.65 9.608 9.575 9.558 9.545 9.522 9.485 9.45 9.435 9.445 9.468 9.513 9.577 9.637 9.69 9.74 9.79 9.842 9.897
8.59 8.677 8.77 8.777 8.44 8.475 8.817 8.842 8.87 8.895 8.918 8.977 9.072 9.187 9.277 9.323 9.368 9.41 9.443 9.46 9.47 9.48 9.485 9.485 9.485 9.488 9.488 9.485 9.483 9.475 9.45 9.428 9.425 9.423 9.405 9.38 9.363 9.35 9.34 9.33 9.32 9.298 9.293 9.33 9.38 9.43 9.49 9.565 9.645 9.692 9.7 9.69 9.69 9.72 9.727 9.687 9.627 9.563 9.518 9.498 9.478 9.448 9.428 9.435 9.458 9.483 9.528 9.593 9.658 9.717 9.772 9.827 9.885 9.94
8.62 8.707 8.792 8.832 8.373 8.34 8.792 8.835 8.865 8.898 8.935 8.992 9.075 9.157 9.215 9.26 9.308 9.355 9.385 9.395 9.405 9.415 9.443 9.47 9.48 9.485 9.475 9.458 9.44 9.408 9.388 9.385 9.38 9.378 9.368 9.355 9.343 9.348 9.368 9.373 9.365 9.355 9.378 9.428 9.47 9.51 9.56 9.625 9.692 9.747 9.772 9.772 9.767 9.767 9.75 9.695 9.62 9.545 9.495 9.468 9.443 9.423 9.428 9.453 9.478 9.503 9.55 9.618 9.683 9.745 9.8 9.852 9.907 9.96
8.615 8.705 8.793 8.88 8.58 8.231 8.495 8.81 8.872 8.91 8.948 8.985 9.045 9.125 9.185 9.23 9.283 9.337 9.367 9.375 9.385 9.398 9.445 9.505 9.53 9.535 9.525 9.502 9.465 9.405 9.375 9.38 9.38 9.375 9.365 9.358 9.363 9.395 9.44 9.47 9.477 9.47 9.495 9.552 9.597 9.63 9.648 9.668 9.71 9.76 9.785 9.79 9.79 9.772 9.732 9.67 9.597 9.525 9.475 9.445 9.425 9.423 9.44 9.472 9.5 9.525 9.575 9.647 9.715 9.775 9.825 9.87 9.922 9.972
8.612 8.715 8.805 8.897 8.9 8.57 8.266 8.498 8.83 8.93 8.965 8.993 9.03 9.093 9.153 9.205 9.265 9.325 9.355 9.358 9.365 9.38 9.43 9.507 9.562 9.58 9.565 9.522 9.457 9.385 9.355 9.367 9.377 9.377 9.37 9.378 9.41 9.453 9.497 9.54 9.57 9.578 9.605 9.67 9.732 9.772 9.762 9.73 9.733 9.77 9.797 9.795 9.775 9.74 9.695 9.637 9.57 9.5 9.453 9.433 9.425 9.428 9.448 9.485 9.517 9.545 9.595 9.67 9.742 9.807 9.857 9.895 9.94 9.985
8.562 8.72 8.825 8.905 8.962 8.955 8.655 8.326 8.503 8.852 8.98 9.008 9.035 9.075 9.128 9.188 9.253 9.313 9.342 9.345 9.35 9.34 9.35 9.417 9.497 9.575 9.585 9.518 9.443 9.37 9.34 9.355 9.37 9.383 9.395 9.425 9.47 9.51 9.555 9.6 9.64 9.673 9.72 9.793 9.862 9.885 9.857 9.822 9.795 9.797 9.805 9.78 9.74 9.7 9.655 9.6 9.538 9.473 9.435 9.433 9.435 9.435 9.455 9.492 9.527 9.563 9.615 9.69 9.765 9.835 9.887 9.925 9.962 10
8.453 8.665 8.815 8.885 8.922 8.955 9.005 8.79 8.423 8.495 8.85 9.035 9.077 9.125 9.18 9.24 9.293 9.33 9.348 9.353 9.357 9.255 9.073 8.963 8.975 9.2 9.49 9.562 9.488 9.413 9.38 9.393 9.405 9.42 9.463 9.52 9.563 9.6 9.648 9.7 9.748 9.798 9.865 9.942 9.975 9.937 9.895 9.875 9.85 9.817 9.78 9.737 9.695 9.655 9.615 9.57 9.518 9.463 9.435 9.438 9.44 9.443 9.463 9.498 9.535 9.583 9.645 9.72 9.795 9.855 9.9 9.94 9.977 10.017
8.815 8.745 8.748 8.825 8.862 8.89 8.978 9.115 8.935 8.583 8.455 8.55 8.85 9.152 9.297 9.34 9.36 9.37 9.375 9.395 9.332 9.08 8.743 8.443 8.253 8.408 8.972 9.435 9.545 9.507 9.47 9.475 9.482 9.488 9.54 9.63 9.69 9.73 9.783 9.847 9.907 9.965 10.035 10.072 10.03 9.955 9.908 9.885 9.852 9.79 9.723 9.675 9.635 9.598 9.57 9.55 9.517 9.47 9.445 9.445 9.445 9.448 9.468 9.508 9.555 9.613 9.683 9.757 9.822 9.865 9.9 9.94 9.983 10.03
9.422 8.943 8.685 8.735 8.785 8.825 8.915 9.07 9.235 9.162 8.838 8.663 8.653 8.65 8.833 9.175 9.365 9.4 9.42 9.39 9.177 8.84 8.503 8.175 7.86 7.775 8.133 8.83 9.362 9.525 9.557 9.553 9.555 9.555 9.603 9.705 9.8 9.865 9.925 9.997 10.067 10.132 10.165 10.127 10.05 9.973 9.923 9.887 9.825 9.74 9.663 9.61 9.573 9.54 9.523 9.52 9.51 9.477 9.453 9.45 9.45 9.453 9.478 9.53 9.59 9.65 9.717 9.782 9.83 9.865 9.9 9.943 9.993 10.045
9.585 8.975 8.713 8.718 8.745 8.775 8.863 9.02 9.185 9.347 9.432 9.34 9.082 8.84 8.775 8.775 8.823 9.093 9.35 9.257 8.94 8.602 8.267 7.933 7.68 7.59 7.648 7.988 8.715 9.332 9.562 9.625 9.625 9.623 9.665 9.765 9.875 9.967 10.025 10.08 10.147 10.207 10.2 10.132 10.062 9.987 9.927 9.865 9.78 9.693 9.62 9.573 9.538 9.503 9.485 9.483 9.48 9.47 9.458 9.458 9.46 9.468 9.503 9.563 9.628 9.69 9.747 9.793 9.83 9.865 9.903 9.952 10.007 10.06
9.457 8.858 8.793 8.788 8.785 8.78 8.828 8.958 9.115 9.275 9.347 9.347 9.382 9.44 9.335 9.035 8.918 9.163 9.305 9.055 8.69 8.355 8.02 7.735 7.608 7.59 7.58 7.771 8.56 9.34 9.595 9.67 9.68 9.685 9.728 9.828 9.945 10.047 10.07 10.073 10.125 10.177 10.167 10.105 10.042 9.975 9.907 9.832 9.745 9.66 9.598 9.568 9.54 9.503 9.483 9.478 9.475 9.47 9.473 9.485 9.493 9.503 9.543 9.605 9.668 9.73 9.78 9.815 9.85 9.885 9.915 9.955 10.005 10.055
9.205 8.798 8.857 8.863 8.862 8.84 8.833 8.908 9.043 9.2 9.27 9.253 9.26 9.305 9.365 9.42 9.452 9.447 9.24 8.84 8.455 8.103 7.795 7.628 7.59 7.583 7.65 8.198 9.09 9.585 9.672 9.688 9.705 9.735 9.803 9.908 10.03 10.135 10.13 10.07 10.083 10.132 10.122 10.06 9.997 9.93 9.865 9.8 9.722 9.638 9.58 9.567 9.557 9.528 9.508 9.505 9.5 9.483 9.488 9.517 9.535 9.548 9.588 9.65 9.71 9.772 9.822 9.858 9.892 9.925 9.945 9.963 9.995 10.04
8.865 8.83 8.908 8.945 8.943 8.9 8.868 8.905 8.995 9.125 9.19 9.17 9.158 9.178 9.225 9.25 9.237 9.207 9.02 8.633 8.225 7.87 7.65 7.59 7.645 7.893 8.215 8.835 9.49 9.667 9.685 9.703 9.735 9.808 9.908 10.013 10.125 10.225 10.22 10.13 10.075 10.088 10.077 10.012 9.947 9.88 9.815 9.755 9.692 9.615 9.565 9.563 9.565 9.55 9.533 9.525 9.51 9.488 9.495 9.535 9.57 9.593 9.63 9.693 9.755 9.817 9.867 9.902 9.935 9.965 9.985 9.995 10.01 10.035
8.703 8.985 9.22 9.263 9.113 8.953 8.905 8.925 8.995 9.08 9.123 9.105 9.088 9.083 9.06 9.018 8.98 8.942 8.825 8.472 8 7.693 7.595 7.65 8.072 8.525 8.93 9.447 9.665 9.68 9.695 9.735 9.815 9.922 10.025 10.12 10.22 10.305 10.297 10.21 10.122 10.073 10.03 9.96 9.895 9.83 9.765 9.705 9.65 9.588 9.553 9.558 9.563 9.563 9.553 9.535 9.515 9.495 9.505 9.545 9.59 9.63 9.675 9.738 9.8 9.86 9.91 9.945 9.977 10.007 10.022 10.03 10.037 10.045
8.878 9.438 10 10.055 9.68 9.213 8.973 8.948 9.012 9.077 9.118 9.118 9.103 9.097 9 8.793 8.635 8.595 8.592 8.287 7.81 7.61 7.588 7.773 8.365 8.92 9.365 9.662 9.678 9.695 9.725 9.79 9.892 10.002 10.072 10.137 10.23 10.307 10.297 10.212 10.13 10.052 9.98 9.91 9.845 9.78 9.725 9.683 9.638 9.59 9.57 9.58 9.588 9.595 9.588 9.565 9.545 9.523 9.533 9.575 9.62 9.673 9.73 9.79 9.85 9.905 9.952 9.99 10.023 10.052 10.06 10.058 10.06 10.065
9.285 10.09 10.817 10.945 10.53 9.888 9.345 9.065 9.028 9.092 9.152 9.182 9.175 9.185 9.12 8.833 8.49 8.27 8.162 7.928 7.658 7.59 7.58 7.893 8.56 9.242 9.62 9.675 9.703 9.755 9.813 9.858 9.933 10.037 10.085 10.098 10.16 10.24 10.232 10.15 10.073 10 9.93 9.86 9.798 9.74 9.71 9.702 9.677 9.64 9.625 9.635 9.645 9.655 9.645 9.618 9.595 9.57 9.58 9.625 9.675 9.735 9.795 9.855 9.907 9.947 9.99 10.035 10.07 10.1 10.105 10.09 10.083 10.085
9.808 10.695 11.355 11.467 11.135 10.645 10.032 9.45 9.123 9.088 9.167 9.227 9.242 9.268 9.3 9.097 8.695 8.237 7.838 7.648 7.595 7.585 7.728 8.313 9.12 9.577 9.672 9.708 9.778 9.87 9.93 9.945 9.983 10.07 10.12 10.105 10.115 10.172 10.17 10.093 10.02 9.95 9.88 9.815 9.763 9.718 9.705 9.72 9.72 9.697 9.683 9.69 9.702 9.712 9.7 9.67 9.643 9.618 9.63 9.68 9.738 9.8 9.86 9.912 9.952 9.985 10.023 10.07 10.115 10.147 10.15 10.13 10.113 10.105
10.315 11.152 11.655 11.687 11.432 11.107 10.68 10.095 9.505 9.163 9.128 9.222 9.29 9.355 9.445 9.302 8.755 8.1 7.708 7.605 7.595 7.73 8.23 9 9.537 9.675 9.718 9.8 9.902 9.987 10.027 10.045 10.065 10.115 10.152 10.14 10.123 10.132 10.112 10.04 9.97 9.903 9.84 9.788 9.743 9.7 9.693 9.715 9.732 9.74 9.74 9.745 9.757 9.767 9.755 9.725 9.695 9.67 9.688 9.745 9.805 9.862 9.915 9.955 9.987 10.02 10.055 10.1 10.15 10.187 10.19 10.17 10.147 10.128
10.765 11.487 11.792 11.78 11.612 11.352 11.085 10.715 10.16 9.555 9.185 9.148 9.257 9.362 9.467 9.452 8.977 8.17 7.69 7.608 7.63 8.078 8.912 9.495 9.685 9.738 9.823 9.927 10.015 10.07 10.102 10.127 10.15 10.177 10.185 10.16 10.13 10.105 10.077 10.025 9.958 9.895 9.84 9.793 9.748 9.713 9.708 9.725 9.745 9.77 9.79 9.8 9.81 9.82 9.81 9.78 9.753 9.738 9.765 9.825 9.885 9.927 9.957 9.99 10.02 10.045 10.065 10.1 10.15 10.19 10.192 10.17 10.147 10.135
11.162 11.732 11.85 11.812 11.735 11.542 11.295 11.062 10.722 10.197 9.613 9.218 9.16 9.273 9.385 9.48 9.382 8.915 8.28 7.793 7.991 8.807 9.45 9.687 9.763 9.853 9.95 10.035 10.09 10.13 10.165 10.19 10.215 10.225 10.192 10.14 10.095 10.058 10.042 10.03 9.982 9.92 9.865 9.82 9.785 9.765 9.76 9.765 9.78 9.803 9.827 9.85 9.865 9.875 9.865 9.838 9.823 9.825 9.86 9.917 9.96 9.975 9.99 10.02 10.047 10.062 10.065 10.08 10.118 10.155 10.157 10.135 10.128 10.14
11.522 11.875 11.867 11.83 11.795 11.687 11.48 11.25 11.02 10.707 10.24 9.675 9.265 9.188 9.283 9.377 9.437 9.405 9.092 8.595 8.808 9.465 9.697 9.778 9.877 9.972 10.055 10.11 10.15 10.19 10.225 10.252 10.262 10.235 10.175 10.11 10.053 10.005 9.988 9.995 9.985 9.942 9.893 9.86 9.84 9.825 9.818 9.815 9.823 9.84 9.865 9.892 9.915 9.93 9.925 9.91 9.91 9.92 9.955 9.997 10.01 10.01 10.023 10.047 10.067 10.075 10.075 10.078 10.093 10.12 10.125 10.118 10.135 10.16
11.777 11.917 11.88 11.845 11.81 11.762 11.637 11.432 11.205 10.972 10.687 10.28 9.75 9.328 9.215 9.273 9.335 9.385 9.39 9.315 9.432 9.677 9.8 9.897 9.992 10.077 10.127 10.165 10.21 10.25 10.285 10.302 10.28 10.222 10.16 10.098 10.03 9.97 9.948 9.953 9.96 9.955 9.933 9.915 9.9 9.883 9.873 9.87 9.873 9.883 9.905 9.93 9.955 9.977 9.985 9.99 10 10.01 10.03 10.045 10.045 10.045 10.053 10.068 10.08 10.087 10.087 10.085 10.088 10.1 10.11 10.125 10.152 10.177
11.927 11.932 11.893 11.858 11.822 11.782 11.695 11.535 11.332 11.117 10.905 10.662 10.317 9.825 9.39 9.225 9.248 9.335 9.435 9.51 9.652 9.82 9.917 10.012 10.105 10.17 10.18 10.193 10.24 10.29 10.327 10.315 10.257 10.2 10.155 10.102 10.035 9.97 9.945 9.953 9.96 9.975 9.98 9.97 9.955 9.938 9.928 9.925 9.925 9.93 9.948 9.973 9.997 10.02 10.035 10.047 10.06 10.06 10.065 10.075 10.075 10.075 10.08 10.09 10.097 10.097 10.09 10.085 10.085 10.095 10.118 10.145 10.17 10.195
11.995 11.948 11.908 11.872 11.83 11.772 11.68 11.545 11.377 11.185 10.99 10.792 10.582 10.29 9.877 9.478 9.368 9.505 9.648 9.74 9.813 9.923 10.032 10.125 10.207 10.257 10.245 10.215 10.24 10.3 10.325 10.285 10.223 10.178 10.145 10.11 10.055 9.99 9.965 9.978 9.993 10.015 10.025 10.017 10.005 9.99 9.98 9.975 9.975 9.978 9.993 10.017 10.04 10.057 10.072 10.082 10.08 10.06 10.063 10.092 10.107 10.11 10.113 10.12 10.115 10.092 10.075 10.068 10.075 10.1 10.13 10.162 10.19 10.215
12.007 11.96 11.92 11.88 11.822 11.757 11.66 11.527 11.382 11.21 11.017 10.822 10.625 10.435 10.245 9.977 9.758 9.808 9.95 9.995 10.003 10.053 10.145 10.23 10.305 10.345 10.325 10.275 10.258 10.29 10.292 10.245 10.2 10.16 10.128 10.102 10.065 10.013 9.99 10.008 10.033 10.057 10.065 10.06 10.052 10.04 10.03 10.025 10.025 10.025 10.038 10.06 10.077 10.092 10.105 10.102 10.08 10.05 10.05 10.087 10.125 10.142 10.142 10.135 10.11 10.075 10.055 10.055 10.078 10.11 10.14 10.175 10.207 10.235
