EGM722_Project_Data/DTM_asc/TL4861.asc
ncols         200
nrows         200
xllcorner     548000.000
yllcorner     261000.000
cellsize      5
NODATA_value  -9999.0
[rows 35 to 69 of 200, columns 79 to 157 of 200]
3.92 3.92 3.92 3.958 4.137 4.195 4.017 3.832 3.56 3.2 3.205 3.54 3.772 3.91 3.972 3.98 3.98 3.977 3.95 3.887 3.813 3.74 3.675 3.635 3.615 3.592 3.563 3.537 3.517 3.487 3.45 3.448 3.498 3.57 3.637 3.662 3.665 3.68 3.695 3.69 3.672 3.655 3.638 3.635 3.65 3.68 3.73 3.765 3.775 3.785 3.8 3.825 3.85 3.86 3.85 3.84 3.852 3.855 3.83 3.797 3.53 3.483 3.555 3.53 3.767 3.917 3.987 4.087 4.183 4.285 4.395 4.483 4.555 4.635 4.715 4.765 4.798 4.845 4.885
3.92 3.92 3.92 4.04 4.152 4.057 3.882 3.65 3.273 3.19 3.5 3.727 3.85 3.942 3.98 3.98 3.977 3.97 3.95 3.89 3.8 3.718 3.65 3.61 3.585 3.552 3.518 3.493 3.48 3.462 3.433 3.44 3.508 3.59 3.662 3.69 3.685 3.69 3.7 3.695 3.678 3.66 3.643 3.645 3.68 3.735 3.792 3.825 3.835 3.845 3.86 3.88 3.887 3.872 3.85 3.84 3.84 3.848 3.87 3.905 3.92 3.9 3.698 3.61 3.688 3.665 3.885 4.147 4.245 4.362 4.48 4.565 4.63 4.703 4.772 4.817 4.843 4.875 4.917
3.92 3.92 3.933 4.067 4.102 3.925 3.735 3.348 3.153 3.43 3.672 3.788 3.9 3.967 3.98 3.977 3.97 3.963 3.952 3.9 3.805 3.713 3.633 3.58 3.548 3.51 3.473 3.445 3.433 3.425 3.413 3.443 3.525 3.612 3.69 3.722 3.717 3.712 3.71 3.7 3.683 3.668 3.658 3.678 3.735 3.8 3.855 3.885 3.895 3.905 3.912 3.912 3.9 3.875 3.85 3.84 3.84 3.84 3.873 3.918 3.945 3.975 4.002 4.005 3.843 3.71 3.818 4.068 4.297 4.433 4.563 4.655 4.713 4.773 4.83 4.87 4.898 4.925 4.957
3.92 3.92 4.015 4.082 3.967 3.792 3.313 3.051 3.405 3.68 3.783 3.88 3.952 3.98 3.98 3.975 3.965 3.96 3.945 3.89 3.802 3.707 3.615 3.553 3.518 3.48 3.443 3.415 3.403 3.395 3.39 3.435 3.525 3.615 3.697 3.732 3.725 3.717 3.717 3.72 3.715 3.703 3.695 3.728 3.792 3.857 3.905 3.917 3.917 3.922 3.922 3.915 3.9 3.875 3.85 3.84 3.84 3.863 3.953 4.022 4.035 4.055 4.073 4.088 4.105 4.13 4.055 4.14 4.392 4.545 4.682 4.772 4.825 4.867 4.9 4.928 4.955 4.985 5.002
3.92 3.92 4.067 4.077 3.83 3.383 2.983 3.303 3.732 3.835 3.917 3.962 3.98 3.98 3.98 3.975 3.965 3.95 3.915 3.855 3.78 3.692 3.6 3.538 3.5 3.463 3.43 3.405 3.39 3.38 3.375 3.42 3.51 3.595 3.675 3.71 3.703 3.705 3.72 3.745 3.762 3.757 3.748 3.78 3.845 3.9 3.927 3.917 3.903 3.9 3.9 3.9 3.895 3.875 3.85 3.84 3.853 3.93 4.077 4.162 4.17 4.185 4.205 4.22 4.238 4.273 4.327 4.422 4.56 4.715 4.842 4.915 4.952 4.965 4.973 4.993 5.02 5.04 5.04
3.92 3.92 4.03 3.997 3.715 3.113 3.193 3.81 3.9 3.945 3.977 3.98 3.98 3.98 3.98 3.975 3.955 3.917 3.87 3.812 3.745 3.67 3.585 3.52 3.483 3.45 3.418 3.393 3.378 3.365 3.36 3.405 3.492 3.572 3.647 3.682 3.685 3.7 3.72 3.75 3.785 3.802 3.8 3.83 3.885 3.917 3.932 3.92 3.895 3.88 3.875 3.875 3.877 3.87 3.85 3.84 3.898 4.043 4.215 4.305 4.31 4.318 4.335 4.355 4.39 4.453 4.525 4.62 4.743 4.885 4.995 5.035 5.045 5.042 5.043 5.06 5.082 5.082 5.07
3.92 4 4.052 3.877 3.313 3.08 3.61 3.967 3.98 3.98 3.98 3.98 3.98 3.98 3.98 3.965 3.925 3.875 3.823 3.765 3.703 3.635 3.56 3.503 3.47 3.438 3.403 3.38 3.365 3.35 3.343 3.383 3.465 3.545 3.62 3.662 3.68 3.7 3.72 3.75 3.787 3.82 3.842 3.872 3.902 3.92 3.937 3.93 3.9 3.873 3.855 3.85 3.853 3.853 3.845 3.875 4 4.177 4.352 4.445 4.45 4.455 4.475 4.515 4.575 4.647 4.723 4.82 4.935 5.05 5.117 5.122 5.117 5.115 5.115 5.123 5.125 5.113 5.098
3.92 4.062 4.045 3.73 3.155 3.263 3.885 3.98 3.98 3.98 3.98 3.975 3.97 3.97 3.967 3.945 3.9 3.85 3.798 3.738 3.675 3.613 3.545 3.493 3.46 3.428 3.393 3.37 3.355 3.34 3.333 3.36 3.428 3.505 3.582 3.635 3.66 3.682 3.712 3.747 3.783 3.82 3.857 3.875 3.882 3.897 3.915 3.922 3.905 3.875 3.853 3.865 3.89 3.893 3.888 3.963 4.127 4.3 4.437 4.492 4.492 4.502 4.57 4.677 4.765 4.835 4.913 5.012 5.115 5.167 5.17 5.165 5.162 5.16 5.188 5.21 5.2 5.19 5.178
3.92 4.02 3.94 3.418 3.28 3.695 3.942 3.98 3.98 3.98 3.98 3.967 3.953 3.947 3.94 3.92 3.887 3.845 3.795 3.735 3.67 3.607 3.54 3.488 3.453 3.42 3.388 3.363 3.347 3.333 3.325 3.348 3.398 3.46 3.535 3.59 3.618 3.653 3.7 3.742 3.78 3.817 3.847 3.85 3.843 3.85 3.865 3.885 3.892 3.877 3.858 3.89 3.952 3.985 3.993 4.073 4.225 4.345 4.41 4.425 4.423 4.465 4.598 4.777 4.925 5.015 5.095 5.187 5.237 5.21 5.178 5.175 5.183 5.22 5.305 5.352 5.343 5.333 5.323
3.92 3.975 3.827 3.031 3.1 3.845 3.952 3.98 3.98 3.98 3.977 3.96 3.935 3.923 3.912 3.89 3.865 3.837 3.795 3.735 3.668 3.603 3.535 3.483 3.448 3.413 3.38 3.355 3.34 3.328 3.32 3.343 3.385 3.433 3.493 3.543 3.583 3.635 3.692 3.737 3.775 3.81 3.835 3.832 3.813 3.808 3.818 3.835 3.855 3.865 3.855 3.885 3.962 4.032 4.085 4.155 4.24 4.29 4.32 4.338 4.368 4.465 4.615 4.81 5.022 5.175 5.272 5.317 5.29 5.225 5.188 5.203 5.255 5.35 5.467 5.522 5.512 5.495 5.48
3.92 3.94 3.717 3.1 3.233 3.83 3.95 3.98 3.98 3.98 3.975 3.955 3.925 3.903 3.885 3.86 3.835 3.815 3.787 3.735 3.668 3.603 3.538 3.483 3.445 3.41 3.373 3.348 3.335 3.323 3.318 3.34 3.383 3.43 3.478 3.525 3.58 3.64 3.692 3.73 3.762 3.795 3.82 3.817 3.795 3.778 3.773 3.785 3.808 3.83 3.84 3.88 3.963 4.045 4.125 4.207 4.253 4.26 4.27 4.29 4.368 4.503 4.65 4.833 5.06 5.275 5.39 5.375 5.31 5.245 5.228 5.293 5.395 5.51 5.62 5.647 5.615 5.592 5.57
3.925 3.905 3.543 3.215 3.462 3.79 3.93 3.98 3.975 3.962 3.945 3.932 3.912 3.88 3.855 3.832 3.808 3.788 3.777 3.747 3.688 3.62 3.555 3.5 3.458 3.42 3.38 3.355 3.345 3.33 3.325 3.353 3.4 3.45 3.495 3.545 3.605 3.657 3.69 3.715 3.745 3.775 3.797 3.795 3.772 3.753 3.753 3.77 3.795 3.82 3.84 3.89 3.973 4.055 4.138 4.247 4.335 4.35 4.338 4.368 4.475 4.62 4.763 4.903 5.093 5.325 5.435 5.397 5.333 5.295 5.333 5.433 5.547 5.665 5.73 5.68 5.603 5.565 5.537
3.957 3.907 3.553 3.298 3.11 3.238 3.71 3.9 3.932 3.905 3.875 3.857 3.862 3.855 3.827 3.805 3.783 3.773 3.777 3.762 3.715 3.652 3.588 3.53 3.483 3.44 3.4 3.375 3.365 3.353 3.348 3.375 3.427 3.48 3.525 3.575 3.63 3.662 3.675 3.695 3.725 3.75 3.767 3.762 3.74 3.74 3.765 3.79 3.815 3.837 3.858 3.91 3.988 4.068 4.155 4.27 4.4 4.475 4.483 4.533 4.663 4.807 4.935 5.028 5.16 5.37 5.47 5.423 5.388 5.413 5.483 5.58 5.695 5.78 5.772 5.675 5.56 5.49 5.455
4.027 4.04 3.815 3.635 3.26 3.13 3.205 3.22 3.552 3.777 3.79 3.76 3.76 3.787 3.792 3.777 3.768 3.775 3.785 3.767 3.73 3.682 3.62 3.56 3.51 3.463 3.423 3.398 3.388 3.38 3.375 3.398 3.45 3.505 3.553 3.6 3.637 3.65 3.658 3.68 3.705 3.72 3.732 3.728 3.723 3.75 3.785 3.81 3.833 3.853 3.875 3.93 4.005 4.083 4.173 4.29 4.43 4.55 4.62 4.708 4.85 4.995 5.107 5.18 5.263 5.422 5.505 5.478 5.508 5.57 5.638 5.73 5.82 5.835 5.777 5.675 5.545 5.435 5.375
4.085 4.207 4.062 3.94 3.9 3.782 3.38 3.053 3.108 3.118 3.338 3.642 3.65 3.663 3.707 3.737 3.757 3.782 3.795 3.775 3.738 3.7 3.65 3.595 3.542 3.49 3.448 3.423 3.415 3.415 3.415 3.435 3.483 3.538 3.588 3.62 3.633 3.635 3.643 3.66 3.675 3.685 3.698 3.708 3.73 3.767 3.803 3.833 3.853 3.87 3.895 3.95 4.025 4.1 4.19 4.31 4.45 4.585 4.722 4.872 5.022 5.167 5.272 5.335 5.398 5.498 5.565 5.598 5.662 5.727 5.795 5.867 5.895 5.855 5.782 5.675 5.545 5.415 5.313
4.095 4.26 4.207 4.142 4.097 4.05 3.937 3.652 3.255 2.933 3.038 3.038 3.155 3.52 3.57 3.622 3.662 3.705 3.747 3.767 3.75 3.715 3.677 3.627 3.572 3.52 3.488 3.478 3.475 3.478 3.483 3.503 3.548 3.602 3.642 3.655 3.655 3.653 3.648 3.65 3.66 3.673 3.688 3.71 3.745 3.785 3.835 3.877 3.895 3.91 3.94 3.998 4.073 4.143 4.218 4.33 4.468 4.615 4.798 4.992 5.16 5.31 5.42 5.485 5.55 5.608 5.66 5.725 5.792 5.86 5.897 5.902 5.9 5.865 5.787 5.675 5.545 5.41 5.303
4.095 4.255 4.225 4.195 4.157 4.107 4.045 3.902 3.637 3.427 3.285 2.923 2.98 3.075 3.048 3.367 3.505 3.565 3.632 3.695 3.732 3.73 3.7 3.652 3.6 3.56 3.555 3.565 3.565 3.565 3.57 3.59 3.632 3.677 3.7 3.705 3.702 3.69 3.67 3.663 3.67 3.685 3.7 3.723 3.763 3.818 3.89 3.94 3.958 3.978 4.015 4.075 4.142 4.192 4.245 4.348 4.49 4.668 4.875 5.08 5.272 5.44 5.56 5.635 5.692 5.727 5.76 5.82 5.89 5.905 5.827 5.762 5.775 5.792 5.755 5.65 5.52 5.433 5.395
4.095 4.242 4.2 4.182 4.167 4.135 4.08 4.002 3.855 3.658 3.522 3.437 3.352 3.043 2.948 3.008 2.97 3.252 3.497 3.572 3.645 3.695 3.705 3.677 3.635 3.62 3.64 3.655 3.655 3.655 3.657 3.675 3.707 3.735 3.75 3.755 3.742 3.715 3.688 3.678 3.685 3.698 3.71 3.74 3.8 3.875 3.955 4.005 4.028 4.055 4.093 4.147 4.197 4.223 4.263 4.365 4.533 4.74 4.955 5.16 5.365 5.557 5.7 5.782 5.822 5.84 5.862 5.895 5.885 5.78 5.615 5.54 5.575 5.625 5.655 5.62 5.563 5.56 5.565
4.09 4.227 4.178 4.158 4.153 4.142 4.107 4.04 3.957 3.835 3.715 3.635 3.56 3.492 3.417 3.138 2.918 2.96 2.92 3.15 3.485 3.565 3.632 3.672 3.685 3.7 3.727 3.735 3.725 3.715 3.707 3.73 3.765 3.785 3.8 3.797 3.772 3.74 3.708 3.7 3.718 3.73 3.743 3.785 3.863 3.945 4.022 4.072 4.103 4.135 4.168 4.203 4.23 4.245 4.28 4.4 4.6 4.82 5.035 5.24 5.445 5.65 5.825 5.91 5.917 5.91 5.912 5.885 5.767 5.603 5.44 5.38 5.43 5.488 5.548 5.615 5.7 5.747 5.727
4.09 4.227 4.178 4.158 4.155 4.155 4.135 4.075 3.992 3.91 3.83 3.755 3.69 3.627 3.572 3.517 3.422 3.168 2.86 2.905 2.878 3.048 3.452 3.545 3.615 3.655 3.68 3.68 3.66 3.655 3.678 3.735 3.797 3.827 3.842 3.835 3.805 3.77 3.718 3.73 3.782 3.798 3.815 3.865 3.945 4.025 4.097 4.152 4.193 4.225 4.255 4.273 4.28 4.29 4.33 4.47 4.683 4.9 5.115 5.31 5.485 5.652 5.81 5.875 5.855 5.835 5.832 5.8 5.687 5.535 5.378 5.313 5.35 5.405 5.47 5.583 5.737 5.822 5.81
4.095 4.242 4.198 4.183 4.185 4.185 4.167 4.107 4.025 3.947 3.87 3.795 3.733 3.683 3.645 3.615 3.567 3.487 3.385 3.187 2.81 2.853 2.95 3 3.337 3.47 3.502 3.503 3.51 3.555 3.628 3.712 3.792 3.85 3.88 3.875 3.837 3.782 3.705 3.735 3.842 3.882 3.905 3.96 4.037 4.11 4.177 4.24 4.292 4.33 4.357 4.37 4.375 4.39 4.435 4.573 4.78 4.982 5.15 5.27 5.385 5.515 5.642 5.69 5.668 5.665 5.685 5.685 5.63 5.517 5.365 5.288 5.3 5.34 5.403 5.515 5.667 5.792 5.827
4.1 4.26 4.22 4.205 4.212 4.215 4.2 4.142 4.06 3.985 3.91 3.84 3.79 3.755 3.725 3.695 3.66 3.612 3.537 3.435 3.335 3.21 2.9 2.853 2.93 2.925 3.192 3.377 3.437 3.52 3.602 3.687 3.77 3.847 3.905 3.905 3.847 3.767 3.683 3.713 3.855 3.95 3.995 4.053 4.125 4.19 4.253 4.315 4.375 4.43 4.465 4.48 4.498 4.525 4.563 4.688 4.875 5.037 5.155 5.205 5.25 5.333 5.445 5.5 5.495 5.518 5.547 5.545 5.515 5.46 5.345 5.27 5.273 5.29 5.338 5.448 5.595 5.737 5.82
4.1 4.265 4.235 4.225 4.235 4.242 4.23 4.175 4.095 4.02 3.942 3.88 3.845 3.815 3.787 3.76 3.727 3.697 3.657 3.587 3.505 3.42 3.33 3.235 2.963 2.798 2.87 2.888 3.133 3.417 3.502 3.592 3.682 3.767 3.847 3.862 3.802 3.73 3.655 3.683 3.83 3.975 4.072 4.137 4.202 4.267 4.33 4.39 4.45 4.512 4.562 4.592 4.62 4.65 4.685 4.783 4.923 5.053 5.172 5.225 5.228 5.248 5.298 5.33 5.345 5.38 5.41 5.405 5.375 5.345 5.293 5.255 5.258 5.26 5.283 5.378 5.52 5.663 5.79
4.092 4.257 4.25 4.245 4.245 4.255 4.247 4.195 4.115 4.037 3.953 3.893 3.867 3.84 3.812 3.785 3.757 3.732 3.707 3.665 3.595 3.515 3.442 3.39 3.317 3.215 2.99 2.773 2.838 2.853 3.06 3.407 3.5 3.592 3.685 3.707 3.655 3.61 3.608 3.69 3.84 4 4.127 4.207 4.27 4.332 4.39 4.457 4.53 4.59 4.645 4.685 4.715 4.75 4.808 4.895 5 5.113 5.207 5.245 5.245 5.248 5.25 5.253 5.263 5.28 5.295 5.293 5.278 5.263 5.253 5.25 5.25 5.25 5.255 5.333 5.475 5.625 5.785
4.09 4.265 4.28 4.275 4.255 4.255 4.252 4.205 4.125 4.04 3.945 3.885 3.867 3.845 3.815 3.788 3.763 3.738 3.717 3.677 3.605 3.538 3.488 3.48 3.472 3.4 3.3 3.2 3.03 2.785 2.838 2.823 2.95 3.352 3.48 3.5 3.48 3.515 3.61 3.75 3.902 4.05 4.175 4.262 4.325 4.377 4.42 4.495 4.592 4.667 4.725 4.768 4.805 4.863 4.948 5.045 5.145 5.227 5.255 5.25 5.25 5.25 5.25 5.25 5.25 5.25 5.25 5.25 5.25 5.25 5.25 5.25 5.25 5.25 5.25 5.323 5.473 5.638 5.807
4.1 4.295 4.32 4.317 4.29 4.268 4.257 4.215 4.13 4.035 3.938 3.88 3.862 3.842 3.817 3.793 3.768 3.748 3.732 3.69 3.623 3.57 3.53 3.53 3.562 3.552 3.48 3.393 3.342 3.315 3.19 2.84 2.818 2.853 2.903 3.252 3.425 3.547 3.68 3.817 3.96 4.095 4.222 4.315 4.367 4.405 4.438 4.513 4.625 4.725 4.802 4.858 4.918 5.005 5.102 5.197 5.277 5.305 5.275 5.25 5.25 5.25 5.25 5.25 5.25 5.25 5.25 5.25 5.25 5.25 5.25 5.25 5.25 5.26 5.283 5.35 5.49 5.665 5.832
4.108 4.315 4.352 4.36 4.335 4.302 4.275 4.22 4.125 4.025 3.93 3.875 3.858 3.84 3.82 3.798 3.778 3.763 3.745 3.708 3.655 3.61 3.57 3.57 3.61 3.645 3.637 3.597 3.57 3.547 3.52 3.475 3.352 2.978 2.848 2.895 3.04 3.437 3.652 3.79 3.932 4.075 4.217 4.325 4.38 4.42 4.455 4.528 4.645 4.765 4.878 4.968 5.055 5.155 5.255 5.335 5.357 5.327 5.28 5.255 5.253 5.25 5.25 5.25 5.25 5.25 5.25 5.25 5.263 5.285 5.31 5.34 5.368 5.405 5.443 5.49 5.588 5.718 5.857
4.115 4.33 4.375 4.387 4.36 4.327 4.29 4.22 4.12 4.02 3.935 3.89 3.875 3.863 3.865 3.868 3.853 3.835 3.805 3.755 3.7 3.655 3.613 3.608 3.642 3.68 3.705 3.7 3.68 3.657 3.635 3.622 3.61 3.56 3.465 3.123 2.993 3.06 3.223 3.605 3.81 3.96 4.115 4.237 4.305 4.355 4.428 4.565 4.725 4.86 4.988 5.103 5.205 5.305 5.39 5.43 5.41 5.365 5.32 5.295 5.29 5.303 5.358 5.413 5.408 5.363 5.333 5.39 5.47 5.483 5.51 5.57 5.628 5.675 5.692 5.72 5.788 5.865 5.947
4.123 4.345 4.387 4.397 4.367 4.33 4.292 4.225 4.125 4.038 3.975 3.94 3.925 3.93 3.975 4.007 3.995 3.965 3.912 3.84 3.768 3.713 3.665 3.643 3.655 3.683 3.707 3.702 3.68 3.663 3.645 3.64 3.65 3.665 3.682 3.635 3.52 3.22 3.143 3.223 3.398 3.77 3.965 4.095 4.17 4.245 4.38 4.587 4.81 4.99 5.132 5.25 5.355 5.435 5.475 5.482 5.467 5.432 5.388 5.365 5.375 5.435 5.557 5.69 5.77 5.755 5.715 5.793 5.86 5.815 5.803 5.85 5.905 5.932 5.93 5.955 6.02 6.08 6.115
4.163 4.355 4.395 4.407 4.377 4.335 4.297 4.232 4.15 4.09 4.04 4.003 4 4.04 4.11 4.152 4.135 4.082 4.015 3.94 3.86 3.785 3.725 3.69 3.68 3.688 3.707 3.707 3.685 3.67 3.655 3.65 3.665 3.693 3.722 3.73 3.717 3.67 3.577 3.318 3.283 3.38 3.575 3.927 4.062 4.195 4.365 4.575 4.818 5.05 5.25 5.395 5.477 5.51 5.517 5.517 5.51 5.49 5.455 5.445 5.5 5.61 5.743 5.895 6.065 6.18 6.235 6.26 6.227 6.16 6.113 6.13 6.167 6.172 6.165 6.19 6.242 6.275 6.287
4.222 4.357 4.395 4.412 4.385 4.34 4.3 4.247 4.192 4.147 4.1 4.073 4.1 4.165 4.237 4.277 4.25 4.187 4.117 4.04 3.96 3.878 3.803 3.755 3.733 3.72 3.72 3.715 3.695 3.68 3.668 3.67 3.695 3.73 3.767 3.788 3.788 3.783 3.785 3.752 3.655 3.435 3.45 3.548 3.675 4.092 4.392 4.597 4.835 5.08 5.325 5.492 5.545 5.55 5.552 5.552 5.545 5.535 5.528 5.565 5.67 5.8 5.93 6.078 6.245 6.395 6.482 6.487 6.455 6.422 6.39 6.39 6.405 6.405 6.4 6.412 6.437 6.45 6.452
4.175 4.335 4.38 4.402 4.377 4.332 4.293 4.255 4.212 4.17 4.133 4.135 4.19 4.26 4.327 4.357 4.33 4.28 4.217 4.14 4.057 3.975 3.9 3.828 3.783 3.77 3.758 3.74 3.723 3.708 3.695 3.705 3.738 3.775 3.818 3.865 3.895 3.903 3.907 3.895 3.862 3.832 3.775 3.585 3.588 3.76 4.043 4.545 4.917 5.167 5.395 5.535 5.575 5.582 5.588 5.59 5.608 5.645 5.693 5.773 5.878 5.993 6.12 6.265 6.405 6.49 6.517 6.52 6.52 6.517 6.505 6.5 6.512 6.522 6.522 6.525 6.532 6.54 6.54
4.11 4.305 4.36 4.385 4.36 4.32 4.285 4.25 4.21 4.178 4.163 4.193 4.257 4.325 4.392 4.417 4.387 4.35 4.305 4.232 4.15 4.075 4.01 3.925 3.848 3.82 3.805 3.785 3.768 3.75 3.735 3.745 3.78 3.823 3.87 3.937 4.002 4.03 4.035 4.018 3.995 4.003 4.035 4.03 3.955 3.743 3.678 4.16 4.855 5.267 5.455 5.562 5.593 5.605 5.678 5.753 5.798 5.878 5.96 6.045 6.133 6.225 6.33 6.43 6.495 6.52 6.53 6.535 6.532 6.515 6.478 6.468 6.497 6.522 6.53 6.535 6.54 6.542 6.542
4.182 4.292 4.342 4.367 4.347 4.315 4.285 4.25 4.218 4.203 4.21 4.255 4.323 4.39 4.46 4.48 4.448 4.418 4.385 4.322 4.248 4.185 4.127 4.045 3.938 3.875 3.855 3.835 3.815 3.793 3.775 3.788 3.828 3.875 3.925 3.993 4.077 4.14 4.16 4.155 4.173 4.23 4.285 4.267 4.162 4.047 3.723 4.093 5.005 5.342 5.497 5.59 5.64 5.753 5.958 6.097 6.125 6.173 6.243 6.327 6.41 6.467 6.507 6.532 6.533 6.533 6.54 6.54 6.52 6.48 6.43 6.423 6.465 6.507 6.53 6.537 6.54 6.54 6.54
4.242 4.285 4.33 4.357 4.345 4.315 4.285 4.258 4.245 4.245 4.265 4.32 4.39 4.46 4.527 4.542 4.515 4.49 4.46 4.412 4.352 4.297 4.242 4.162 4.045 3.945 3.9 3.883 3.865 3.843 3.823 3.838 3.885 3.935 3.985 4.05 4.132 4.21 4.267 4.317 4.385 4.465 4.52 4.475 4.345 4.21 3.925 4.5 5.36 5.463 5.558 5.685 5.853 6.082 6.325 6.44 6.452 6.472 6.512 6.56 6.595 6.607 6.602 6.595 6.583 6.57 6.563 6.54 6.493 6.438 6.383 6.378 6.425 6.475 6.518 6.538 6.54 6.538 6.535
