EGM722_Project_Data/DTM_asc/TL4859.asc
ncols         200
nrows         200
xllcorner     548000.000
yllcorner     259000.000
cellsize      5
NODATA_value  -9999.0
[rows 0 to 31 of 200, columns 73 to 145 of 200]
7.343 7.4 7.528 7.678 7.83 7.98 8.13 8.28 8.422 8.52 8.545 8.475 8.418 8.468 8.57 8.7 8.845 8.947 8.982 8.985 8.995 9.035 9.082 9.112 9.135 9.228 9.365 9.483 9.613 9.757 9.9 10.032 10.155 10.277 10.392 10.485 10.565 10.67 10.8 10.922 11.02 11.12 11.247 11.365 11.457 11.548 11.645 11.737 11.823 11.915 12.015 12.11 12.2 12.295 12.395 12.505 12.62 12.73 12.84 12.955 13.078 13.252 13.45 13.587 13.662 13.69 13.758 13.875 13.985 14.07 14.133 14.205 14.282
7.235 7.288 7.395 7.51 7.633 7.775 7.922 8.067 8.205 8.302 8.362 8.39 8.433 8.52 8.61 8.708 8.817 8.882 8.89 8.885 8.885 8.915 8.968 9.022 9.065 9.133 9.238 9.345 9.47 9.613 9.758 9.902 10.04 10.152 10.24 10.32 10.398 10.5 10.633 10.767 10.89 11.002 11.11 11.203 11.29 11.378 11.463 11.548 11.635 11.73 11.83 11.928 12.025 12.13 12.24 12.35 12.458 12.57 12.693 12.818 12.943 13.09 13.235 13.358 13.47 13.553 13.633 13.733 13.835 13.92 13.995 14.072 14.147
7.168 7.228 7.335 7.438 7.52 7.608 7.705 7.828 7.96 8.068 8.183 8.325 8.445 8.535 8.625 8.715 8.792 8.807 8.788 8.78 8.775 8.8 8.853 8.907 8.96 9.025 9.113 9.213 9.338 9.483 9.63 9.777 9.907 10.005 10.085 10.163 10.25 10.358 10.483 10.615 10.745 10.865 10.962 11.048 11.133 11.22 11.308 11.393 11.48 11.58 11.688 11.793 11.898 12.008 12.12 12.228 12.33 12.445 12.575 12.703 12.833 12.953 13.065 13.188 13.31 13.42 13.517 13.615 13.71 13.793 13.865 13.938 14.012
7.143 7.218 7.33 7.44 7.512 7.555 7.6 7.673 7.77 7.9 8.08 8.272 8.417 8.515 8.605 8.685 8.747 8.747 8.703 8.678 8.668 8.69 8.74 8.795 8.853 8.92 9.005 9.103 9.225 9.37 9.52 9.655 9.765 9.855 9.933 10.018 10.13 10.245 10.355 10.48 10.61 10.727 10.82 10.905 10.99 11.08 11.177 11.265 11.35 11.455 11.57 11.677 11.783 11.893 12.007 12.122 12.23 12.345 12.475 12.608 12.745 12.86 12.958 13.07 13.192 13.305 13.403 13.5 13.597 13.68 13.748 13.815 13.885
7.163 7.243 7.342 7.442 7.52 7.567 7.602 7.638 7.695 7.83 8.023 8.215 8.38 8.495 8.575 8.637 8.695 8.7 8.648 8.6 8.568 8.578 8.628 8.685 8.745 8.818 8.91 9.013 9.128 9.262 9.397 9.51 9.61 9.7 9.788 9.898 10.022 10.135 10.24 10.353 10.475 10.59 10.68 10.765 10.85 10.94 11.04 11.132 11.22 11.325 11.445 11.56 11.667 11.778 11.895 12.012 12.125 12.245 12.378 12.515 12.655 12.77 12.86 12.96 13.077 13.19 13.287 13.385 13.482 13.567 13.64 13.705 13.773
7.183 7.26 7.35 7.445 7.525 7.575 7.605 7.635 7.678 7.795 7.978 8.165 8.35 8.472 8.53 8.585 8.642 8.647 8.6 8.545 8.488 8.475 8.52 8.578 8.638 8.718 8.82 8.925 9.033 9.147 9.255 9.355 9.455 9.555 9.665 9.79 9.912 10.022 10.127 10.233 10.345 10.452 10.54 10.625 10.71 10.8 10.9 10.995 11.09 11.198 11.315 11.435 11.55 11.665 11.788 11.908 12.028 12.155 12.29 12.43 12.567 12.68 12.77 12.865 12.968 13.07 13.17 13.27 13.367 13.452 13.525 13.59 13.663
7.21 7.275 7.358 7.463 7.568 7.63 7.653 7.675 7.705 7.808 7.988 8.185 8.385 8.502 8.54 8.582 8.61 8.59 8.535 8.472 8.408 8.388 8.428 8.483 8.545 8.63 8.735 8.84 8.943 9.038 9.13 9.228 9.325 9.435 9.558 9.68 9.792 9.897 10.002 10.11 10.215 10.312 10.402 10.488 10.573 10.673 10.78 10.878 10.978 11.088 11.203 11.32 11.435 11.56 11.695 11.82 11.945 12.075 12.21 12.347 12.475 12.58 12.67 12.765 12.865 12.958 13.05 13.15 13.25 13.335 13.405 13.475 13.553
7.263 7.318 7.395 7.52 7.677 7.772 7.793 7.808 7.875 8.003 8.145 8.303 8.48 8.587 8.595 8.585 8.56 8.51 8.447 8.38 8.313 8.3 8.345 8.4 8.465 8.55 8.655 8.76 8.86 8.95 9.033 9.123 9.22 9.33 9.452 9.565 9.663 9.763 9.867 9.972 10.07 10.165 10.262 10.352 10.44 10.55 10.672 10.78 10.883 10.993 11.107 11.215 11.315 11.45 11.605 11.737 11.863 11.993 12.13 12.257 12.37 12.47 12.563 12.665 12.775 12.865 12.94 13.03 13.13 13.217 13.29 13.365 13.445
7.33 7.393 7.498 7.635 7.802 7.935 7.98 8.018 8.165 8.345 8.455 8.532 8.59 8.602 8.565 8.515 8.465 8.41 8.35 8.287 8.22 8.21 8.263 8.32 8.383 8.468 8.573 8.677 8.78 8.867 8.943 9.025 9.118 9.225 9.337 9.437 9.53 9.628 9.73 9.828 9.923 10.02 10.12 10.217 10.308 10.418 10.55 10.672 10.785 10.897 11.005 11.095 11.188 11.328 11.495 11.647 11.78 11.91 12.042 12.155 12.26 12.363 12.465 12.578 12.69 12.78 12.848 12.923 13.015 13.102 13.178 13.255 13.338
7.443 7.523 7.67 7.81 7.943 8.087 8.17 8.273 8.492 8.665 8.71 8.69 8.63 8.555 8.49 8.428 8.368 8.31 8.25 8.19 8.133 8.13 8.185 8.243 8.303 8.388 8.49 8.595 8.7 8.785 8.86 8.938 9.018 9.113 9.213 9.308 9.403 9.498 9.593 9.685 9.78 9.88 9.98 10.078 10.17 10.283 10.417 10.55 10.675 10.787 10.882 10.965 11.06 11.2 11.37 11.54 11.692 11.822 11.94 12.05 12.163 12.273 12.383 12.498 12.607 12.695 12.765 12.835 12.91 12.988 13.068 13.15 13.233
7.63 7.715 7.872 8.012 8.128 8.255 8.36 8.495 8.695 8.807 8.77 8.675 8.59 8.515 8.443 8.368 8.293 8.225 8.163 8.11 8.093 8.103 8.133 8.183 8.243 8.325 8.428 8.535 8.645 8.72 8.778 8.853 8.928 9.013 9.11 9.205 9.3 9.39 9.47 9.558 9.653 9.75 9.85 9.948 10.045 10.15 10.27 10.402 10.535 10.645 10.732 10.82 10.93 11.08 11.25 11.422 11.587 11.737 11.865 11.98 12.1 12.215 12.325 12.438 12.542 12.615 12.673 12.74 12.808 12.88 12.963 13.047 13.13
7.843 7.928 8.077 8.217 8.332 8.432 8.507 8.59 8.715 8.81 8.757 8.638 8.55 8.472 8.397 8.32 8.238 8.158 8.098 8.085 8.12 8.135 8.13 8.153 8.2 8.28 8.388 8.515 8.645 8.705 8.723 8.775 8.845 8.928 9.027 9.125 9.22 9.305 9.37 9.445 9.535 9.63 9.73 9.833 9.935 10.028 10.123 10.24 10.372 10.485 10.573 10.675 10.808 10.968 11.14 11.302 11.458 11.63 11.8 11.937 12.06 12.175 12.285 12.392 12.49 12.55 12.585 12.638 12.705 12.78 12.86 12.943 13.025
8.053 8.15 8.287 8.42 8.532 8.595 8.615 8.648 8.718 8.817 8.78 8.623 8.51 8.428 8.35 8.268 8.183 8.113 8.085 8.115 8.17 8.187 8.173 8.165 8.178 8.245 8.373 8.528 8.672 8.73 8.725 8.738 8.775 8.843 8.94 9.042 9.14 9.222 9.283 9.343 9.42 9.515 9.615 9.718 9.822 9.915 10 10.098 10.213 10.323 10.428 10.555 10.698 10.855 11.02 11.17 11.315 11.488 11.683 11.86 12.01 12.132 12.238 12.342 12.442 12.502 12.525 12.558 12.608 12.675 12.758 12.84 12.92
8.263 8.375 8.5 8.62 8.712 8.735 8.725 8.742 8.78 8.842 8.807 8.642 8.488 8.383 8.302 8.218 8.155 8.143 8.163 8.185 8.22 8.24 8.225 8.22 8.23 8.275 8.393 8.55 8.695 8.757 8.753 8.748 8.75 8.775 8.848 8.955 9.063 9.145 9.208 9.27 9.335 9.413 9.505 9.605 9.708 9.803 9.89 9.978 10.073 10.195 10.335 10.478 10.623 10.768 10.91 11.048 11.19 11.393 11.645 11.842 11.98 12.095 12.195 12.297 12.397 12.472 12.527 12.575 12.615 12.668 12.733 12.803 12.883
8.455 8.57 8.687 8.795 8.86 8.865 8.833 8.82 8.85 8.88 8.81 8.642 8.473 8.345 8.26 8.203 8.2 8.243 8.29 8.3 8.3 8.315 8.323 8.34 8.37 8.408 8.475 8.588 8.72 8.785 8.78 8.775 8.775 8.783 8.833 8.935 9.05 9.135 9.2 9.265 9.315 9.37 9.45 9.538 9.623 9.705 9.793 9.883 9.975 10.14 10.38 10.578 10.72 10.855 10.985 11.163 11.345 11.52 11.725 11.872 11.967 12.062 12.157 12.252 12.345 12.435 12.525 12.605 12.672 12.74 12.807 12.88 12.965
8.63 8.74 8.855 8.945 8.995 9.002 8.953 8.898 8.895 8.895 8.79 8.63 8.478 8.34 8.265 8.263 8.305 8.36 8.415 8.435 8.433 8.45 8.48 8.51 8.542 8.582 8.628 8.69 8.772 8.817 8.82 8.823 8.833 8.858 8.91 8.995 9.1 9.185 9.245 9.295 9.33 9.383 9.457 9.528 9.593 9.66 9.735 9.815 9.905 10.088 10.41 10.732 10.947 11.102 11.23 11.387 11.545 11.647 11.742 11.835 11.925 12.005 12.075 12.147 12.22 12.292 12.365 12.437 12.51 12.58 12.652 12.725 12.797
8.797 8.907 9.012 9.09 9.14 9.147 9.09 9.013 8.962 8.905 8.793 8.678 8.548 8.418 8.37 8.388 8.43 8.483 8.535 8.567 8.587 8.612 8.64 8.667 8.7 8.742 8.787 8.827 8.855 8.87 8.88 8.893 8.908 8.94 9 9.07 9.155 9.23 9.275 9.31 9.343 9.398 9.467 9.53 9.59 9.653 9.718 9.783 9.855 9.975 10.213 10.522 10.74 10.857 10.947 11.02 11.092 11.165 11.237 11.312 11.385 11.445 11.497 11.552 11.607 11.662 11.717 11.772 11.825 11.857 11.86 11.853 11.885
8.915 9.01 9.102 9.195 9.277 9.292 9.222 9.127 9.035 8.945 8.855 8.767 8.65 8.555 8.535 8.543 8.567 8.61 8.647 8.677 8.72 8.757 8.785 8.81 8.84 8.885 8.92 8.932 8.935 8.94 8.95 8.965 8.978 9.01 9.075 9.142 9.21 9.262 9.295 9.325 9.36 9.41 9.47 9.53 9.59 9.65 9.713 9.778 9.84 9.905 10.013 10.155 10.255 10.308 10.358 10.41 10.463 10.513 10.563 10.618 10.668 10.715 10.768 10.818 10.868 10.92 10.97 11.028 11.093 11.141 11.156 11.161 11.206
8.965 9.048 9.138 9.245 9.352 9.375 9.297 9.19 9.08 8.99 8.92 8.845 8.758 8.702 8.692 8.687 8.685 8.697 8.712 8.738 8.795 8.852 8.9 8.942 8.98 9.01 9.017 9.007 9.003 9.01 9.02 9.032 9.04 9.07 9.135 9.205 9.265 9.3 9.323 9.35 9.383 9.425 9.475 9.528 9.585 9.648 9.71 9.775 9.84 9.905 9.967 10.015 10.19 10.385 10.47 10.558 10.645 10.713 10.76 10.81 10.858 10.905 10.955 11.003 11.05 11.1 11.148 11.25 11.413 11.578 11.74 11.885 11.99
8.995 9.08 9.17 9.272 9.362 9.37 9.305 9.215 9.11 9.02 8.955 8.893 8.837 8.8 8.775 8.755 8.737 8.728 8.738 8.775 8.833 8.897 8.965 9.027 9.075 9.095 9.087 9.073 9.07 9.08 9.087 9.092 9.098 9.128 9.19 9.26 9.32 9.35 9.363 9.38 9.408 9.45 9.495 9.54 9.59 9.648 9.712 9.777 9.84 9.89 9.925 9.95 10.185 10.475 10.6 10.717 10.837 10.945 11.032 11.12 11.207 11.292 11.38 11.467 11.555 11.657 11.762 11.865 12 12.165 12.33 12.482 12.607
9.023 9.11 9.202 9.292 9.347 9.335 9.282 9.22 9.135 9.05 8.99 8.938 8.89 8.85 8.813 8.783 8.758 8.745 8.768 8.818 8.873 8.935 9 9.052 9.092 9.125 9.142 9.14 9.14 9.147 9.15 9.15 9.155 9.185 9.245 9.312 9.372 9.405 9.415 9.425 9.445 9.48 9.518 9.56 9.605 9.655 9.715 9.765 9.802 9.825 9.838 9.853 9.945 10.118 10.268 10.388 10.503 10.62 10.737 10.857 10.982 11.105 11.24 11.39 11.545 11.717 11.865 11.912 11.937 12.015 12.113 12.223 12.343
9.053 9.148 9.233 9.297 9.325 9.3 9.25 9.2 9.145 9.088 9.038 8.993 8.95 8.91 8.873 8.838 8.803 8.785 8.813 8.868 8.92 8.975 9.028 9.068 9.095 9.12 9.157 9.19 9.202 9.207 9.21 9.21 9.213 9.243 9.302 9.365 9.425 9.46 9.47 9.483 9.5 9.525 9.555 9.59 9.627 9.657 9.685 9.71 9.725 9.735 9.75 9.765 9.775 9.843 9.963 10.073 10.185 10.305 10.428 10.555 10.688 10.823 10.978 11.158 11.345 11.535 11.657 11.685 11.733 11.835 11.94 12.043 12.155
9.13 9.225 9.285 9.312 9.31 9.27 9.22 9.175 9.15 9.13 9.09 9.045 9.008 8.975 8.945 8.91 8.875 8.853 8.873 8.927 8.977 9.023 9.065 9.097 9.115 9.123 9.143 9.185 9.22 9.242 9.262 9.27 9.27 9.298 9.355 9.417 9.477 9.51 9.523 9.538 9.558 9.585 9.615 9.635 9.637 9.63 9.633 9.648 9.663 9.675 9.688 9.703 9.718 9.75 9.818 9.908 10.01 10.123 10.25 10.39 10.53 10.66 10.8 10.975 11.165 11.352 11.447 11.48 11.575 11.705 11.815 11.9 11.99
9.255 9.325 9.337 9.32 9.287 9.24 9.195 9.17 9.17 9.17 9.14 9.095 9.063 9.04 9.017 8.99 8.957 8.928 8.94 8.992 9.037 9.075 9.11 9.127 9.135 9.14 9.143 9.16 9.195 9.235 9.272 9.297 9.315 9.35 9.405 9.467 9.53 9.565 9.58 9.595 9.615 9.642 9.652 9.637 9.602 9.578 9.585 9.602 9.618 9.632 9.645 9.663 9.685 9.728 9.803 9.898 9.995 10.083 10.183 10.31 10.45 10.565 10.665 10.805 10.985 11.155 11.243 11.313 11.433 11.563 11.692 11.792 11.87
9.345 9.367 9.335 9.295 9.255 9.215 9.19 9.19 9.2 9.202 9.182 9.148 9.12 9.1 9.08 9.06 9.035 9.005 9.013 9.055 9.09 9.12 9.14 9.147 9.152 9.157 9.16 9.165 9.18 9.21 9.25 9.288 9.327 9.375 9.43 9.49 9.557 9.607 9.632 9.652 9.662 9.66 9.632 9.59 9.548 9.525 9.535 9.557 9.575 9.588 9.605 9.63 9.658 9.705 9.793 9.9 9.997 10.075 10.15 10.245 10.37 10.485 10.57 10.67 10.815 10.955 11.058 11.168 11.29 11.42 11.56 11.68 11.77
9.372 9.375 9.328 9.283 9.24 9.215 9.213 9.22 9.227 9.227 9.22 9.202 9.18 9.16 9.14 9.12 9.1 9.075 9.075 9.105 9.132 9.15 9.155 9.157 9.16 9.162 9.165 9.167 9.178 9.203 9.24 9.28 9.325 9.375 9.43 9.493 9.562 9.625 9.665 9.692 9.672 9.613 9.563 9.522 9.487 9.472 9.485 9.51 9.533 9.55 9.575 9.605 9.638 9.698 9.798 9.91 10.002 10.075 10.145 10.218 10.308 10.405 10.493 10.578 10.68 10.793 10.905 11.025 11.148 11.278 11.415 11.55 11.66
9.375 9.39 9.345 9.298 9.263 9.253 9.257 9.26 9.255 9.25 9.247 9.232 9.21 9.187 9.165 9.145 9.122 9.102 9.107 9.135 9.16 9.162 9.155 9.155 9.155 9.155 9.155 9.16 9.18 9.21 9.245 9.283 9.323 9.373 9.433 9.5 9.57 9.637 9.685 9.715 9.68 9.583 9.493 9.43 9.393 9.383 9.403 9.443 9.498 9.55 9.59 9.623 9.658 9.728 9.833 9.93 10.007 10.075 10.145 10.215 10.283 10.358 10.445 10.533 10.618 10.708 10.808 10.918 11.038 11.165 11.3 11.44 11.552
9.383 9.395 9.368 9.333 9.31 9.305 9.302 9.292 9.277 9.267 9.255 9.23 9.202 9.177 9.153 9.13 9.113 9.105 9.12 9.153 9.182 9.18 9.155 9.143 9.143 9.145 9.145 9.158 9.188 9.22 9.255 9.29 9.325 9.373 9.435 9.505 9.575 9.645 9.702 9.737 9.707 9.605 9.483 9.375 9.29 9.273 9.325 9.4 9.49 9.572 9.635 9.677 9.713 9.785 9.882 9.952 10.01 10.075 10.145 10.212 10.275 10.345 10.428 10.515 10.6 10.68 10.76 10.853 10.965 11.088 11.218 11.35 11.447
9.43 9.423 9.403 9.377 9.355 9.34 9.325 9.305 9.292 9.28 9.252 9.22 9.19 9.163 9.14 9.123 9.113 9.115 9.138 9.175 9.21 9.207 9.173 9.145 9.133 9.13 9.138 9.16 9.195 9.233 9.273 9.315 9.358 9.395 9.443 9.505 9.57 9.64 9.71 9.76 9.735 9.635 9.515 9.395 9.28 9.253 9.32 9.408 9.5 9.585 9.662 9.725 9.77 9.837 9.915 9.965 10.013 10.075 10.142 10.202 10.263 10.335 10.415 10.498 10.58 10.66 10.735 10.813 10.905 11.013 11.135 11.25 11.342
9.49 9.47 9.445 9.42 9.39 9.358 9.335 9.315 9.3 9.28 9.248 9.213 9.18 9.155 9.14 9.13 9.12 9.128 9.16 9.2 9.235 9.232 9.2 9.168 9.138 9.125 9.145 9.185 9.23 9.278 9.325 9.375 9.417 9.438 9.465 9.518 9.578 9.643 9.71 9.772 9.765 9.67 9.555 9.448 9.345 9.315 9.368 9.44 9.518 9.595 9.675 9.752 9.817 9.875 9.927 9.97 10.015 10.073 10.132 10.188 10.25 10.325 10.405 10.485 10.565 10.642 10.715 10.787 10.863 10.953 11.062 11.143 11.217
9.535 9.512 9.488 9.462 9.427 9.383 9.348 9.325 9.3 9.273 9.248 9.22 9.193 9.173 9.16 9.15 9.143 9.153 9.185 9.225 9.26 9.26 9.227 9.193 9.168 9.168 9.198 9.245 9.298 9.352 9.405 9.45 9.48 9.49 9.503 9.543 9.6 9.66 9.72 9.782 9.795 9.72 9.615 9.515 9.415 9.383 9.433 9.5 9.558 9.62 9.698 9.775 9.85 9.905 9.945 9.985 10.025 10.073 10.125 10.178 10.238 10.31 10.387 10.465 10.542 10.615 10.682 10.752 10.825 10.91 11.002 11.04 11.058
9.58 9.555 9.53 9.505 9.47 9.423 9.373 9.34 9.315 9.29 9.27 9.25 9.227 9.205 9.19 9.183 9.18 9.19 9.218 9.255 9.29 9.287 9.255 9.235 9.235 9.253 9.285 9.328 9.375 9.428 9.48 9.517 9.54 9.547 9.548 9.573 9.625 9.685 9.742 9.792 9.812 9.772 9.685 9.585 9.485 9.45 9.5 9.562 9.605 9.658 9.733 9.807 9.88 9.935 9.975 10.012 10.045 10.085 10.135 10.185 10.235 10.293 10.36 10.433 10.507 10.578 10.643 10.71 10.78 10.867 10.945 10.972 10.935
