EGM722_Project_Data/DTM_asc/TL4854.asc
ncols         200
nrows         200
xllcorner     548000.000
yllcorner     254000.000
cellsize      5
NODATA_value  -9999.0
[rows 160 to 191 of 200, columns 0 to 72 of 200]
21.253 21.475 21.67 21.868 22.078 22.303 22.545 22.795 23.05 23.31 23.555 23.75 23.89 24.01 24.125 24.233 24.348 24.472 24.585 24.685 24.777 24.868 24.978 25.1 25.225 25.35 25.455 25.545 25.627 25.697 25.77 25.85 25.945 26.06 26.177 26.29 26.4 26.5 26.6 26.713 26.835 26.973 27.128 27.29 27.45 27.608 27.77 27.958 28.173 28.395 28.585 28.743 28.91 29.09 29.275 29.465 29.652 29.83 30.013 30.228 30.51 30.827 31.075 31.265 31.463 31.67 31.895 32.145 32.405 32.668 32.97 33.287 33.547
21.507 21.67 21.86 22.047 22.237 22.445 22.682 22.935 23.187 23.442 23.675 23.842 23.965 24.085 24.197 24.3 24.4 24.502 24.605 24.705 24.802 24.902 25.015 25.137 25.262 25.385 25.49 25.58 25.67 25.755 25.835 25.915 25.998 26.093 26.203 26.318 26.433 26.542 26.65 26.765 26.885 27.01 27.155 27.318 27.48 27.645 27.82 28.023 28.245 28.467 28.66 28.815 28.975 29.153 29.34 29.53 29.72 29.908 30.098 30.348 30.675 31 31.245 31.435 31.625 31.815 32.033 32.283 32.54 32.798 33.07 33.33 33.555
21.7 21.845 22.035 22.21 22.382 22.573 22.778 23.01 23.262 23.517 23.735 23.885 24.005 24.125 24.232 24.325 24.415 24.51 24.61 24.71 24.802 24.892 25.012 25.155 25.285 25.405 25.51 25.6 25.7 25.815 25.912 25.99 26.068 26.148 26.245 26.36 26.475 26.588 26.703 26.82 26.94 27.073 27.228 27.393 27.558 27.765 27.975 28.155 28.345 28.548 28.735 28.89 29.043 29.215 29.408 29.605 29.803 29.998 30.195 30.455 30.785 31.107 31.375 31.585 31.772 31.958 32.178 32.43 32.685 32.95 33.193 33.41 33.633
21.843 22 22.172 22.335 22.513 22.705 22.885 23.075 23.298 23.542 23.752 23.895 24.015 24.132 24.235 24.325 24.415 24.51 24.602 24.69 24.77 24.843 24.965 25.13 25.282 25.415 25.52 25.623 25.748 25.887 25.997 26.072 26.142 26.213 26.305 26.42 26.535 26.648 26.763 26.883 27.018 27.175 27.345 27.51 27.695 27.963 28.207 28.368 28.525 28.665 28.8 28.95 29.103 29.288 29.5 29.708 29.91 30.113 30.315 30.54 30.833 31.157 31.452 31.705 31.915 32.103 32.323 32.58 32.848 33.132 33.377 33.573 33.78
21.978 22.127 22.283 22.453 22.645 22.842 23.025 23.195 23.378 23.585 23.77 23.902 24.02 24.135 24.235 24.325 24.418 24.517 24.6 24.66 24.723 24.793 24.908 25.07 25.242 25.405 25.542 25.677 25.82 25.965 26.08 26.152 26.215 26.278 26.368 26.482 26.595 26.71 26.83 26.963 27.12 27.29 27.46 27.633 27.868 28.185 28.44 28.587 28.695 28.757 28.845 28.995 29.158 29.353 29.585 29.82 30.035 30.237 30.443 30.65 30.9 31.205 31.505 31.78 32.03 32.245 32.475 32.747 33.035 33.33 33.572 33.755 33.942
22.09 22.23 22.395 22.582 22.78 22.977 23.162 23.33 23.485 23.642 23.787 23.907 24.022 24.135 24.235 24.33 24.433 24.537 24.615 24.663 24.71 24.765 24.865 25.025 25.208 25.393 25.565 25.722 25.875 26.027 26.147 26.222 26.285 26.345 26.433 26.545 26.658 26.775 26.91 27.068 27.235 27.408 27.58 27.783 28.073 28.415 28.635 28.717 28.76 28.788 28.883 29.045 29.215 29.395 29.622 29.887 30.135 30.357 30.57 30.78 31 31.265 31.555 31.83 32.102 32.36 32.61 32.887 33.18 33.467 33.705 33.895 34.085
22.198 22.328 22.492 22.68 22.87 23.057 23.24 23.402 23.542 23.68 23.805 23.917 24.03 24.14 24.245 24.348 24.455 24.562 24.64 24.687 24.73 24.773 24.863 25.023 25.21 25.4 25.575 25.735 25.895 26.055 26.185 26.27 26.337 26.405 26.498 26.613 26.727 26.835 27.005 27.21 27.38 27.553 27.728 27.965 28.288 28.627 28.802 28.82 28.838 28.86 28.943 29.095 29.265 29.433 29.618 29.855 30.125 30.385 30.622 30.847 31.072 31.325 31.61 31.895 32.178 32.452 32.705 32.953 33.21 33.47 33.715 33.948 34.18
22.335 22.435 22.553 22.708 22.885 23.065 23.245 23.412 23.557 23.695 23.82 23.93 24.045 24.163 24.27 24.373 24.48 24.587 24.665 24.712 24.758 24.805 24.895 25.045 25.225 25.412 25.585 25.745 25.905 26.067 26.207 26.3 26.373 26.46 26.568 26.685 26.792 26.878 27.065 27.335 27.545 27.72 27.91 28.173 28.498 28.82 28.972 28.973 28.983 29 29.04 29.143 29.3 29.465 29.615 29.788 30.028 30.3 30.555 30.795 31.045 31.32 31.652 31.985 32.272 32.547 32.792 33.018 33.253 33.508 33.77 34.033 34.295
22.495 22.565 22.643 22.755 22.893 23.055 23.235 23.41 23.567 23.707 23.83 23.948 24.075 24.202 24.31 24.405 24.508 24.612 24.69 24.74 24.793 24.845 24.933 25.078 25.248 25.425 25.595 25.755 25.918 26.082 26.23 26.332 26.418 26.525 26.642 26.75 26.837 26.913 27.088 27.38 27.662 27.882 28.108 28.395 28.712 29.01 29.14 29.135 29.14 29.155 29.175 29.22 29.335 29.497 29.647 29.785 29.955 30.193 30.45 30.7 30.978 31.275 31.642 32.045 32.37 32.642 32.888 33.123 33.38 33.655 33.927 34.187 34.443
22.655 22.71 22.78 22.873 22.97 23.088 23.238 23.403 23.568 23.718 23.848 23.98 24.117 24.247 24.357 24.45 24.542 24.64 24.717 24.773 24.83 24.885 24.97 25.115 25.283 25.453 25.618 25.775 25.938 26.1 26.252 26.375 26.482 26.6 26.71 26.8 26.875 26.95 27.113 27.393 27.713 28.005 28.29 28.602 28.92 29.195 29.305 29.297 29.292 29.305 29.33 29.35 29.403 29.53 29.68 29.815 29.953 30.123 30.36 30.64 30.938 31.243 31.598 32.027 32.432 32.74 32.993 33.25 33.525 33.807 34.08 34.335 34.588
22.84 22.888 22.93 23.01 23.105 23.195 23.31 23.458 23.615 23.75 23.868 23.997 24.135 24.265 24.375 24.472 24.565 24.657 24.742 24.807 24.865 24.92 25.015 25.175 25.35 25.52 25.683 25.838 25.995 26.15 26.292 26.415 26.53 26.65 26.767 26.865 26.943 27.018 27.18 27.468 27.793 28.11 28.427 28.75 29.072 29.325 29.41 29.4 29.408 29.445 29.48 29.502 29.525 29.59 29.715 29.858 30.003 30.145 30.355 30.643 30.94 31.243 31.588 32.005 32.447 32.815 33.097 33.365 33.635 33.91 34.212 34.5 34.755
23.07 23.087 23.088 23.15 23.245 23.335 23.44 23.575 23.705 23.797 23.89 24.005 24.128 24.253 24.365 24.465 24.562 24.66 24.76 24.837 24.895 24.953 25.06 25.24 25.432 25.61 25.775 25.93 26.08 26.22 26.342 26.45 26.555 26.67 26.805 26.937 27.037 27.115 27.295 27.603 27.92 28.225 28.533 28.852 29.16 29.385 29.46 29.463 29.505 29.575 29.622 29.647 29.67 29.683 29.77 29.93 30.08 30.233 30.44 30.708 30.993 31.29 31.633 32.045 32.482 32.87 33.167 33.422 33.682 33.948 34.295 34.662 34.942
23.295 23.272 23.248 23.293 23.385 23.475 23.57 23.677 23.765 23.83 23.92 24.03 24.14 24.255 24.36 24.455 24.555 24.655 24.76 24.855 24.925 24.985 25.1 25.29 25.495 25.69 25.862 26.01 26.145 26.272 26.387 26.49 26.59 26.695 26.825 26.975 27.112 27.218 27.418 27.73 28.035 28.335 28.64 28.95 29.22 29.427 29.522 29.555 29.623 29.7 29.76 29.787 29.79 29.765 29.833 30.007 30.17 30.328 30.54 30.798 31.063 31.35 31.7 32.118 32.55 32.935 33.222 33.463 33.713 33.97 34.33 34.775 35.122
23.455 23.425 23.4 23.43 23.512 23.597 23.68 23.75 23.803 23.86 23.95 24.06 24.17 24.277 24.37 24.453 24.545 24.645 24.753 24.862 24.95 25.015 25.14 25.337 25.542 25.747 25.927 26.067 26.193 26.32 26.435 26.532 26.63 26.728 26.85 27 27.155 27.3 27.513 27.817 28.132 28.442 28.747 29.027 29.268 29.475 29.592 29.655 29.732 29.81 29.88 29.902 29.875 29.835 29.89 30.063 30.245 30.42 30.64 30.895 31.15 31.42 31.768 32.19 32.625 33.007 33.287 33.523 33.76 34.003 34.353 34.83 35.262
23.572 23.547 23.523 23.535 23.6 23.682 23.757 23.807 23.843 23.893 23.98 24.09 24.202 24.307 24.392 24.468 24.55 24.643 24.747 24.86 24.962 25.045 25.18 25.38 25.582 25.782 25.962 26.11 26.24 26.37 26.482 26.578 26.673 26.778 26.9 27.04 27.195 27.358 27.56 27.818 28.11 28.425 28.74 29.12 29.427 29.555 29.617 29.675 29.755 29.847 29.932 29.957 29.93 29.898 29.973 30.155 30.343 30.533 30.765 31.028 31.285 31.545 31.89 32.325 32.747 33.097 33.365 33.603 33.838 34.07 34.415 34.893 35.35
23.685 23.657 23.628 23.625 23.67 23.747 23.817 23.862 23.9 23.953 24.025 24.123 24.237 24.337 24.417 24.492 24.565 24.64 24.735 24.847 24.96 25.068 25.22 25.42 25.617 25.81 25.987 26.147 26.29 26.417 26.527 26.625 26.73 26.853 26.973 27.095 27.245 27.41 27.603 27.82 28.058 28.32 28.613 29.085 29.517 29.625 29.615 29.65 29.738 29.85 29.932 29.965 29.962 29.965 30.085 30.287 30.482 30.678 30.918 31.197 31.467 31.73 32.083 32.502 32.877 33.195 33.455 33.695 33.93 34.163 34.515 34.982 35.397
23.795 23.76 23.733 23.73 23.755 23.815 23.877 23.925 23.985 24.055 24.11 24.173 24.27 24.365 24.44 24.502 24.557 24.62 24.71 24.825 24.945 25.073 25.248 25.455 25.65 25.837 26.012 26.177 26.332 26.465 26.575 26.683 26.808 26.94 27.052 27.158 27.293 27.46 27.658 27.875 28.095 28.313 28.553 28.878 29.347 29.637 29.657 29.695 29.777 29.87 29.925 29.955 29.975 30.04 30.203 30.407 30.615 30.82 31.065 31.355 31.64 31.917 32.255 32.627 32.975 33.287 33.545 33.785 34.022 34.258 34.61 35.04 35.407
23.887 23.853 23.833 23.835 23.848 23.888 23.948 24.01 24.09 24.17 24.222 24.263 24.32 24.388 24.445 24.49 24.535 24.593 24.685 24.808 24.938 25.073 25.255 25.477 25.682 25.865 26.035 26.2 26.362 26.51 26.63 26.755 26.895 27.027 27.137 27.233 27.348 27.51 27.713 27.93 28.15 28.36 28.562 28.723 28.938 29.255 29.542 29.705 29.785 29.865 29.915 29.945 29.983 30.1 30.297 30.502 30.71 30.923 31.175 31.465 31.752 32.042 32.365 32.715 33.067 33.377 33.632 33.875 34.115 34.355 34.68 35.057 35.405
23.938 23.935 23.938 23.945 23.955 23.978 24.035 24.115 24.2 24.285 24.345 24.385 24.415 24.448 24.49 24.533 24.578 24.618 24.693 24.818 24.953 25.088 25.268 25.492 25.702 25.88 26.042 26.205 26.37 26.542 26.697 26.837 26.982 27.112 27.22 27.315 27.415 27.565 27.765 27.97 28.17 28.362 28.547 28.63 28.618 28.838 29.307 29.595 29.7 29.832 29.915 29.945 30.008 30.163 30.372 30.578 30.785 31 31.253 31.54 31.828 32.12 32.445 32.795 33.142 33.447 33.702 33.947 34.19 34.43 34.723 35.068 35.415
24.018 24.04 24.06 24.07 24.075 24.083 24.135 24.222 24.313 24.407 24.477 24.515 24.532 24.553 24.593 24.637 24.67 24.685 24.738 24.848 24.975 25.11 25.29 25.507 25.695 25.852 26.01 26.17 26.353 26.57 26.76 26.907 27.05 27.175 27.28 27.377 27.473 27.603 27.777 27.96 28.142 28.327 28.485 28.545 28.595 28.77 29.147 29.45 29.588 29.775 29.897 29.94 30.04 30.235 30.447 30.655 30.865 31.078 31.328 31.615 31.905 32.2 32.525 32.872 33.205 33.502 33.76 34.002 34.242 34.475 34.755 35.093 35.448
24.155 24.17 24.185 24.192 24.19 24.19 24.238 24.328 24.427 24.53 24.607 24.64 24.647 24.663 24.695 24.727 24.74 24.745 24.795 24.893 25.003 25.13 25.31 25.507 25.66 25.798 25.95 26.13 26.358 26.612 26.815 26.957 27.085 27.2 27.305 27.405 27.503 27.62 27.773 27.938 28.11 28.29 28.42 28.51 28.628 28.763 29.043 29.322 29.493 29.695 29.857 29.948 30.085 30.305 30.52 30.73 30.943 31.155 31.405 31.695 31.985 32.28 32.605 32.942 33.26 33.555 33.817 34.055 34.285 34.515 34.788 35.125 35.5
24.287 24.295 24.302 24.302 24.297 24.298 24.345 24.437 24.535 24.632 24.707 24.74 24.752 24.767 24.785 24.797 24.8 24.805 24.855 24.95 25.048 25.16 25.315 25.475 25.613 25.75 25.91 26.133 26.402 26.667 26.862 26.982 27.087 27.197 27.307 27.412 27.515 27.635 27.785 27.94 28.095 28.262 28.405 28.53 28.67 28.808 28.998 29.213 29.405 29.608 29.802 29.965 30.15 30.375 30.595 30.81 31.023 31.235 31.485 31.775 32.068 32.363 32.678 33 33.312 33.61 33.87 34.1 34.325 34.555 34.823 35.17 35.565
24.375 24.377 24.38 24.377 24.375 24.38 24.425 24.51 24.6 24.69 24.757 24.79 24.81 24.832 24.847 24.852 24.858 24.87 24.925 25.018 25.11 25.21 25.335 25.478 25.623 25.773 25.933 26.12 26.367 26.642 26.83 26.93 27.043 27.175 27.292 27.4 27.507 27.628 27.772 27.925 28.077 28.245 28.412 28.562 28.705 28.845 28.993 29.168 29.365 29.568 29.77 29.983 30.207 30.433 30.675 30.915 31.128 31.335 31.583 31.87 32.165 32.46 32.748 33.045 33.357 33.657 33.915 34.14 34.365 34.595 34.868 35.228 35.63
24.42 24.42 24.42 24.42 24.425 24.44 24.48 24.548 24.63 24.72 24.785 24.815 24.838 24.87 24.892 24.9 24.915 24.945 25.008 25.098 25.19 25.283 25.4 25.543 25.698 25.867 26.017 26.138 26.295 26.533 26.722 26.84 26.988 27.142 27.267 27.375 27.485 27.6 27.735 27.885 28.048 28.23 28.41 28.577 28.732 28.873 29.02 29.193 29.38 29.578 29.78 30.008 30.25 30.483 30.745 31.02 31.252 31.46 31.708 31.993 32.283 32.575 32.84 33.098 33.393 33.692 33.95 34.178 34.405 34.638 34.92 35.288 35.69
24.465 24.465 24.465 24.47 24.485 24.505 24.543 24.6 24.668 24.75 24.812 24.845 24.875 24.91 24.937 24.955 24.985 25.033 25.098 25.183 25.275 25.365 25.478 25.625 25.795 25.975 26.122 26.23 26.335 26.483 26.638 26.785 26.953 27.112 27.242 27.35 27.46 27.57 27.698 27.853 28.03 28.22 28.4 28.575 28.747 28.898 29.053 29.23 29.41 29.598 29.798 30.033 30.29 30.535 30.8 31.09 31.36 31.592 31.843 32.125 32.41 32.697 32.955 33.185 33.443 33.727 33.985 34.218 34.453 34.69 34.975 35.343 35.742
24.573 24.553 24.548 24.558 24.565 24.575 24.605 24.66 24.72 24.788 24.843 24.88 24.915 24.95 24.985 25.023 25.07 25.125 25.188 25.265 25.355 25.445 25.56 25.723 25.905 26.085 26.227 26.33 26.432 26.535 26.65 26.788 26.935 27.088 27.218 27.325 27.435 27.545 27.673 27.84 28.033 28.228 28.41 28.583 28.76 28.928 29.095 29.273 29.45 29.63 29.823 30.058 30.323 30.583 30.855 31.145 31.432 31.702 31.972 32.255 32.54 32.82 33.07 33.297 33.53 33.78 34.028 34.265 34.508 34.75 35.035 35.4 35.8
24.775 24.74 24.773 24.823 24.818 24.788 24.733 24.728 24.78 24.84 24.893 24.935 24.973 25.008 25.045 25.093 25.147 25.202 25.265 25.345 25.435 25.525 25.648 25.818 26.002 26.175 26.315 26.425 26.525 26.625 26.735 26.858 26.983 27.11 27.24 27.363 27.475 27.588 27.718 27.885 28.08 28.28 28.46 28.625 28.8 28.975 29.148 29.323 29.498 29.675 29.868 30.1 30.365 30.635 30.915 31.205 31.49 31.767 32.05 32.337 32.622 32.897 33.145 33.375 33.61 33.858 34.105 34.348 34.593 34.835 35.123 35.49 35.893
25.017 24.993 25.107 25.235 25.23 25.09 24.893 24.83 24.85 24.9 24.955 25.002 25.045 25.083 25.12 25.16 25.21 25.268 25.338 25.425 25.515 25.605 25.73 25.902 26.077 26.23 26.372 26.507 26.617 26.715 26.828 26.952 27.072 27.185 27.315 27.457 27.582 27.7 27.83 27.983 28.163 28.36 28.535 28.69 28.86 29.035 29.205 29.378 29.552 29.728 29.928 30.168 30.43 30.7 30.98 31.267 31.545 31.81 32.083 32.37 32.657 32.935 33.185 33.42 33.678 33.958 34.22 34.463 34.705 34.948 35.24 35.608 36.005
25.265 25.255 25.423 25.62 25.592 25.292 25.015 24.97 24.953 24.973 25.02 25.07 25.115 25.155 25.195 25.232 25.275 25.333 25.413 25.505 25.595 25.685 25.81 25.972 26.127 26.27 26.413 26.56 26.695 26.807 26.922 27.042 27.152 27.26 27.39 27.542 27.687 27.815 27.945 28.09 28.253 28.44 28.615 28.765 28.925 29.095 29.265 29.435 29.608 29.783 29.993 30.243 30.5 30.768 31.047 31.325 31.587 31.845 32.115 32.4 32.69 32.97 33.23 33.49 33.775 34.07 34.335 34.575 34.818 35.065 35.363 35.73 36.123
25.472 25.518 25.713 25.975 25.877 25.435 25.155 25.122 25.09 25.073 25.095 25.145 25.192 25.227 25.26 25.3 25.34 25.397 25.482 25.575 25.665 25.755 25.875 26.02 26.163 26.305 26.447 26.595 26.745 26.882 27.005 27.12 27.227 27.335 27.465 27.617 27.77 27.912 28.055 28.205 28.358 28.528 28.695 28.845 28.998 29.158 29.325 29.495 29.665 29.843 30.06 30.315 30.57 30.83 31.1 31.365 31.623 31.88 32.15 32.438 32.73 33.018 33.3 33.588 33.882 34.177 34.447 34.69 34.935 35.183 35.485 35.86 36.25
25.557 25.705 25.96 26.245 26.16 25.728 25.378 25.255 25.22 25.185 25.19 25.24 25.28 25.29 25.305 25.345 25.385 25.44 25.52 25.61 25.7 25.795 25.915 26.055 26.195 26.332 26.472 26.62 26.767 26.912 27.052 27.177 27.29 27.4 27.53 27.68 27.833 27.99 28.152 28.312 28.465 28.62 28.778 28.93 29.08 29.243 29.415 29.588 29.76 29.94 30.145 30.385 30.64 30.895 31.155 31.415 31.673 31.938 32.218 32.508 32.803 33.098 33.393 33.687 33.983 34.282 34.56 34.807 35.052 35.3 35.61 35.99 36.38
25.588 25.785 26.127 26.367 26.365 26.21 25.848 25.473 25.33 25.295 25.298 25.34 25.355 25.335 25.338 25.375 25.413 25.46 25.535 25.625 25.718 25.818 25.94 26.08 26.217 26.35 26.485 26.63 26.775 26.92 27.07 27.212 27.34 27.455 27.585 27.735 27.893 28.063 28.232 28.397 28.557 28.712 28.868 29.023 29.183 29.36 29.542 29.718 29.898 30.085 30.27 30.47 30.708 30.963 31.22 31.48 31.745 32.023 32.31 32.603 32.897 33.19 33.485 33.783 34.083 34.39 34.67 34.92 35.17 35.438 35.76 36.128 36.513
