EGM722_Project_Data/DTM_asc/TL4855.asc
ncols         200
nrows         200
xllcorner     548000.000
yllcorner     255000.000
cellsize      5
NODATA_value  -9999.0
[rows 160 to 191 of 200, columns 0 to 72 of 200]
31.757 32.107 32.462 32.802 33.115 33.415 33.702 33.978 34.25 34.51 34.712 34.87 35.04 35.205 35.287 35.305 35.32 35.322 35.262 35.125 34.988 34.91 34.875 34.845 34.815 34.77 34.677 34.542 34.395 34.238 34.13 34.062 33.967 33.86 33.773 33.71 33.645 33.57 33.48 33.375 33.275 33.2 33.158 33.14 33.128 33.115 33.103 33.11 33.173 33.275 33.317 33.273 33.23 33.233 33.278 33.342 33.4 33.44 33.465 33.485 33.505 33.517 33.515 33.503 33.495 33.5 33.49 33.455 33.418 33.382 33.317 33.222 33.112
31.543 31.88 32.205 32.51 32.805 33.105 33.395 33.67 33.943 34.21 34.42 34.585 34.758 34.92 35.002 35.02 35.04 35.052 35.01 34.893 34.75 34.64 34.578 34.538 34.505 34.47 34.395 34.272 34.135 33.995 33.885 33.793 33.69 33.588 33.49 33.408 33.33 33.25 33.163 33.068 32.97 32.883 32.833 32.81 32.79 32.77 32.77 32.828 32.928 33.035 33.08 33.037 32.973 32.93 32.953 33.018 33.083 33.13 33.155 33.175 33.195 33.21 33.21 33.197 33.185 33.177 33.16 33.125 33.085 33.045 32.98 32.885 32.785
31.385 31.708 31.99 32.265 32.558 32.853 33.14 33.415 33.69 33.965 34.18 34.343 34.508 34.667 34.755 34.775 34.798 34.818 34.797 34.71 34.59 34.468 34.353 34.268 34.22 34.185 34.112 33.993 33.87 33.775 33.685 33.585 33.485 33.38 33.268 33.16 33.068 32.985 32.9 32.813 32.728 32.645 32.59 32.56 32.53 32.505 32.53 32.618 32.722 32.812 32.835 32.787 32.722 32.66 32.663 32.728 32.782 32.815 32.835 32.857 32.88 32.892 32.89 32.88 32.87 32.86 32.837 32.8 32.76 32.722 32.667 32.58 32.48
31.28 31.597 31.86 32.105 32.378 32.665 32.95 33.223 33.493 33.765 33.98 34.143 34.315 34.477 34.56 34.58 34.605 34.63 34.615 34.545 34.445 34.33 34.198 34.068 33.97 33.913 33.835 33.728 33.653 33.605 33.535 33.435 33.33 33.215 33.092 32.97 32.863 32.773 32.687 32.6 32.515 32.435 32.38 32.35 32.325 32.313 32.353 32.445 32.532 32.582 32.575 32.522 32.46 32.398 32.395 32.452 32.485 32.495 32.51 32.533 32.555 32.565 32.56 32.55 32.543 32.54 32.52 32.48 32.443 32.407 32.362 32.292 32.202
31.185 31.492 31.75 31.98 32.223 32.49 32.77 33.04 33.303 33.57 33.787 33.963 34.152 34.312 34.385 34.403 34.425 34.45 34.427 34.36 34.282 34.185 34.062 33.925 33.785 33.673 33.588 33.525 33.488 33.45 33.38 33.275 33.16 33.042 32.92 32.793 32.673 32.565 32.473 32.388 32.305 32.228 32.173 32.145 32.133 32.128 32.175 32.26 32.305 32.32 32.302 32.252 32.195 32.133 32.125 32.16 32.17 32.173 32.188 32.207 32.223 32.233 32.23 32.223 32.22 32.22 32.2 32.163 32.127 32.092 32.05 31.99 31.917
31.097 31.385 31.635 31.865 32.097 32.34 32.598 32.863 33.125 33.387 33.612 33.803 33.997 34.15 34.215 34.23 34.247 34.265 34.235 34.165 34.097 34.022 33.922 33.792 33.648 33.505 33.413 33.373 33.335 33.295 33.22 33.105 32.985 32.868 32.747 32.62 32.493 32.373 32.268 32.18 32.1 32.023 31.97 31.953 31.948 31.945 31.982 32.032 32.045 32.05 32.03 31.98 31.925 31.87 31.853 31.86 31.86 31.858 31.868 31.885 31.898 31.91 31.913 31.91 31.91 31.905 31.882 31.847 31.813 31.78 31.74 31.68 31.615
30.957 31.227 31.47 31.702 31.937 32.183 32.44 32.703 32.965 33.222 33.45 33.645 33.84 33.987 34.042 34.057 34.072 34.08 34.047 33.983 33.918 33.853 33.775 33.657 33.515 33.375 33.278 33.23 33.19 33.14 33.052 32.935 32.815 32.698 32.577 32.452 32.325 32.198 32.08 31.983 31.9 31.823 31.778 31.77 31.765 31.752 31.755 31.77 31.775 31.78 31.762 31.72 31.675 31.63 31.608 31.603 31.603 31.603 31.595 31.595 31.61 31.625 31.63 31.63 31.625 31.602 31.57 31.535 31.5 31.47 31.438 31.395 31.348
30.76 31.02 31.262 31.498 31.743 32.025 32.31 32.563 32.815 33.067 33.287 33.482 33.672 33.81 33.865 33.882 33.897 33.905 33.88 33.827 33.765 33.7 33.627 33.517 33.382 33.245 33.14 33.085 33.037 32.97 32.88 32.77 32.65 32.535 32.415 32.287 32.16 32.03 31.905 31.798 31.708 31.633 31.595 31.585 31.562 31.522 31.5 31.505 31.51 31.51 31.5 31.48 31.45 31.413 31.393 31.39 31.393 31.397 31.38 31.353 31.353 31.365 31.37 31.367 31.345 31.3 31.26 31.225 31.195 31.18 31.173 31.16 31.135
30.552 30.805 31.053 31.3 31.58 31.905 32.195 32.43 32.67 32.91 33.12 33.307 33.487 33.62 33.68 33.702 33.722 33.735 33.715 33.67 33.617 33.557 33.482 33.375 33.245 33.113 33.003 32.935 32.872 32.792 32.707 32.607 32.49 32.372 32.25 32.12 31.99 31.858 31.733 31.625 31.525 31.448 31.405 31.37 31.322 31.268 31.24 31.242 31.242 31.233 31.225 31.227 31.222 31.198 31.18 31.183 31.188 31.195 31.18 31.14 31.11 31.105 31.11 31.092 31.045 30.99 30.95 30.928 30.92 30.925 30.935 30.937 30.927
30.345 30.598 30.85 31.123 31.44 31.777 32.062 32.295 32.527 32.747 32.942 33.12 33.295 33.43 33.49 33.515 33.54 33.56 33.545 33.5 33.455 33.405 33.335 33.23 33.103 32.975 32.86 32.775 32.7 32.618 32.533 32.432 32.31 32.18 32.055 31.932 31.81 31.682 31.56 31.452 31.345 31.258 31.195 31.135 31.075 31.015 30.983 30.975 30.965 30.953 30.943 30.953 30.975 30.98 30.975 30.978 30.985 30.995 30.982 30.942 30.898 30.865 30.845 30.813 30.765 30.718 30.688 30.683 30.688 30.693 30.698 30.7 30.703
30.175 30.43 30.683 30.943 31.25 31.587 31.875 32.11 32.335 32.535 32.715 32.892 33.07 33.21 33.272 33.297 33.327 33.365 33.367 33.325 33.28 33.235 33.175 33.082 32.963 32.838 32.718 32.615 32.53 32.45 32.367 32.247 32.097 31.955 31.828 31.712 31.598 31.495 31.39 31.275 31.165 31.068 30.993 30.928 30.863 30.805 30.78 30.773 30.758 30.745 30.735 30.743 30.768 30.793 30.788 30.77 30.775 30.785 30.775 30.735 30.688 30.655 30.628 30.595 30.56 30.52 30.498 30.495 30.495 30.488 30.483 30.485 30.488
30.045 30.292 30.54 30.773 31.033 31.35 31.642 31.88 32.09 32.272 32.45 32.63 32.81 32.957 33.027 33.058 33.105 33.162 33.175 33.14 33.1 33.055 33 32.927 32.825 32.702 32.583 32.473 32.375 32.29 32.21 32.07 31.88 31.723 31.595 31.478 31.383 31.32 31.227 31.1 30.985 30.885 30.808 30.743 30.688 30.645 30.628 30.63 30.62 30.605 30.595 30.598 30.615 30.637 30.622 30.578 30.558 30.562 30.552 30.513 30.478 30.47 30.462 30.435 30.4 30.363 30.338 30.33 30.322 30.3 30.288 30.292 30.295
29.928 30.158 30.397 30.625 30.853 31.125 31.41 31.645 31.835 32.01 32.19 32.37 32.547 32.702 32.787 32.835 32.905 32.97 32.98 32.95 32.917 32.875 32.82 32.755 32.675 32.567 32.45 32.34 32.233 32.135 32.05 31.902 31.683 31.495 31.363 31.265 31.208 31.165 31.072 30.938 30.81 30.703 30.625 30.57 30.528 30.493 30.475 30.477 30.475 30.465 30.458 30.458 30.465 30.482 30.47 30.415 30.368 30.348 30.328 30.303 30.295 30.3 30.295 30.27 30.237 30.205 30.18 30.165 30.142 30.11 30.095 30.098 30.1
29.82 30.032 30.257 30.48 30.7 30.935 31.182 31.395 31.573 31.75 31.93 32.11 32.288 32.452 32.56 32.632 32.715 32.777 32.785 32.755 32.725 32.693 32.642 32.575 32.505 32.422 32.32 32.21 32.102 31.997 31.897 31.735 31.5 31.283 31.148 31.093 31.055 31.01 30.917 30.783 30.648 30.528 30.455 30.415 30.375 30.338 30.323 30.325 30.325 30.322 30.32 30.32 30.32 30.332 30.317 30.262 30.208 30.158 30.123 30.118 30.125 30.13 30.125 30.1 30.07 30.04 30.015 29.99 29.958 29.925 29.91 29.91 29.908
29.672 29.885 30.1 30.317 30.54 30.76 30.97 31.158 31.333 31.51 31.693 31.875 32.055 32.227 32.335 32.405 32.49 32.56 32.59 32.577 32.55 32.522 32.465 32.382 32.31 32.24 32.162 32.067 31.962 31.855 31.745 31.592 31.375 31.14 31 30.96 30.925 30.87 30.77 30.638 30.5 30.388 30.328 30.29 30.245 30.188 30.158 30.162 30.165 30.162 30.157 30.157 30.162 30.175 30.157 30.102 30.042 29.988 29.94 29.925 29.937 29.945 29.942 29.92 29.887 29.855 29.832 29.812 29.785 29.753 29.735 29.735 29.733
29.488 29.71 29.925 30.135 30.355 30.575 30.772 30.948 31.12 31.295 31.48 31.665 31.847 32.022 32.112 32.153 32.228 32.31 32.375 32.405 32.395 32.365 32.295 32.188 32.1 32.033 31.97 31.9 31.805 31.698 31.587 31.455 31.282 31.065 30.905 30.85 30.805 30.73 30.627 30.502 30.373 30.283 30.235 30.192 30.125 30.03 29.983 29.987 29.982 29.96 29.942 29.945 29.96 29.985 29.98 29.93 29.873 29.832 29.778 29.73 29.73 29.737 29.732 29.715 29.687 29.653 29.633 29.627 29.615 29.588 29.57 29.568 29.573
29.315 29.54 29.755 29.958 30.168 30.385 30.577 30.745 30.915 31.088 31.27 31.458 31.642 31.815 31.9 31.918 31.97 32.047 32.12 32.182 32.217 32.21 32.137 32.015 31.905 31.828 31.765 31.707 31.637 31.542 31.427 31.292 31.147 30.975 30.815 30.733 30.667 30.58 30.485 30.368 30.258 30.188 30.14 30.077 29.977 29.863 29.81 29.802 29.77 29.723 29.698 29.713 29.743 29.78 29.79 29.753 29.71 29.685 29.63 29.55 29.52 29.52 29.508 29.495 29.478 29.448 29.433 29.435 29.432 29.418 29.405 29.408 29.425
29.142 29.367 29.582 29.785 29.99 30.195 30.377 30.545 30.715 30.882 31.06 31.25 31.435 31.607 31.695 31.705 31.728 31.78 31.852 31.925 31.992 32.032 31.98 31.855 31.73 31.63 31.56 31.503 31.447 31.375 31.265 31.13 30.99 30.845 30.702 30.6 30.52 30.43 30.342 30.24 30.152 30.095 30.027 29.93 29.813 29.698 29.63 29.595 29.545 29.493 29.475 29.505 29.545 29.583 29.603 29.588 29.56 29.537 29.48 29.385 29.328 29.313 29.3 29.293 29.283 29.263 29.25 29.253 29.255 29.25 29.25 29.265 29.288
28.935 29.172 29.385 29.577 29.775 29.965 30.14 30.31 30.48 30.64 30.81 31 31.187 31.372 31.46 31.46 31.465 31.5 31.572 31.645 31.718 31.8 31.795 31.68 31.553 31.445 31.363 31.295 31.24 31.182 31.095 30.97 30.827 30.685 30.553 30.45 30.365 30.277 30.192 30.095 30.005 29.937 29.862 29.76 29.642 29.533 29.47 29.44 29.393 29.34 29.333 29.37 29.408 29.44 29.463 29.46 29.438 29.41 29.365 29.29 29.218 29.185 29.175 29.168 29.163 29.155 29.128 29.108 29.11 29.11 29.12 29.143 29.165
28.693 28.945 29.152 29.325 29.51 29.695 29.87 30.04 30.205 30.353 30.515 30.705 30.903 31.107 31.187 31.165 31.168 31.205 31.275 31.355 31.45 31.562 31.587 31.485 31.37 31.278 31.185 31.095 31.03 30.975 30.9 30.795 30.662 30.518 30.39 30.293 30.205 30.118 30.032 29.907 29.783 29.708 29.645 29.57 29.467 29.368 29.33 29.33 29.302 29.255 29.25 29.287 29.32 29.347 29.362 29.357 29.335 29.308 29.28 29.237 29.175 29.13 29.115 29.108 29.105 29.105 29.067 29.013 28.995 28.995 29.005 29.03 29.058
28.448 28.7 28.907 29.073 29.245 29.427 29.602 29.765 29.917 30.055 30.215 30.413 30.628 30.847 30.925 30.878 30.865 30.91 30.998 31.103 31.223 31.347 31.377 31.293 31.2 31.12 31.027 30.923 30.833 30.763 30.687 30.597 30.487 30.353 30.23 30.135 30.045 29.955 29.867 29.705 29.545 29.475 29.415 29.357 29.28 29.203 29.18 29.19 29.19 29.168 29.168 29.198 29.225 29.25 29.26 29.255 29.237 29.212 29.185 29.157 29.12 29.075 29.053 29.05 29.052 29.055 29.022 28.955 28.9 28.883 28.895 28.923 28.958
28.205 28.455 28.662 28.827 28.992 29.162 29.327 29.477 29.62 29.755 29.923 30.138 30.365 30.587 30.662 30.597 30.565 30.62 30.74 30.867 30.997 31.127 31.175 31.12 31.04 30.962 30.872 30.76 30.645 30.555 30.478 30.39 30.295 30.18 30.068 29.975 29.885 29.795 29.702 29.53 29.353 29.27 29.21 29.155 29.095 29.053 29.05 29.063 29.075 29.078 29.088 29.108 29.128 29.15 29.157 29.15 29.137 29.115 29.087 29.062 29.032 29 28.987 28.992 29 29.005 28.977 28.915 28.84 28.788 28.788 28.82 28.86
27.958 28.207 28.407 28.567 28.73 28.892 29.05 29.193 29.33 29.468 29.645 29.87 30.095 30.277 30.317 30.252 30.22 30.278 30.402 30.535 30.67 30.812 30.9 30.882 30.81 30.735 30.64 30.517 30.41 30.342 30.275 30.185 30.095 29.997 29.905 29.82 29.733 29.645 29.552 29.425 29.255 29.133 29.073 29.018 28.975 28.965 28.975 28.988 29.003 29.015 29.028 29.043 29.06 29.062 29.05 29.04 29.03 29.007 28.975 28.94 28.908 28.895 28.9 28.91 28.92 28.92 28.895 28.837 28.76 28.69 28.675 28.71 28.75
27.708 27.947 28.14 28.293 28.45 28.612 28.77 28.915 29.055 29.195 29.375 29.595 29.777 29.89 29.902 29.858 29.845 29.885 29.985 30.118 30.26 30.417 30.535 30.55 30.497 30.427 30.328 30.22 30.158 30.13 30.075 29.985 29.892 29.8 29.73 29.667 29.587 29.5 29.412 29.325 29.202 29.065 28.978 28.93 28.913 28.923 28.935 28.945 28.958 28.972 28.985 28.997 28.997 28.965 28.933 28.922 28.907 28.872 28.827 28.793 28.78 28.785 28.793 28.8 28.802 28.78 28.747 28.707 28.64 28.57 28.555 28.59 28.627
27.478 27.69 27.872 28.02 28.173 28.33 28.485 28.635 28.782 28.925 29.1 29.277 29.39 29.467 29.493 29.48 29.485 29.503 29.575 29.71 29.868 30.037 30.165 30.192 30.16 30.105 30.028 29.968 29.945 29.93 29.875 29.785 29.69 29.595 29.535 29.497 29.437 29.355 29.267 29.182 29.097 28.992 28.895 28.858 28.863 28.88 28.895 28.905 28.915 28.927 28.937 28.93 28.895 28.845 28.81 28.79 28.757 28.71 28.673 28.663 28.67 28.68 28.687 28.685 28.662 28.615 28.575 28.552 28.51 28.45 28.435 28.47 28.505
27.283 27.46 27.615 27.758 27.903 28.053 28.205 28.355 28.505 28.653 28.797 28.91 28.993 29.075 29.123 29.135 29.145 29.153 29.208 29.345 29.515 29.69 29.822 29.855 29.835 29.805 29.77 29.75 29.74 29.727 29.675 29.582 29.485 29.39 29.33 29.3 29.262 29.202 29.122 29.038 28.953 28.87 28.803 28.785 28.81 28.835 28.852 28.862 28.87 28.872 28.857 28.822 28.775 28.725 28.682 28.645 28.6 28.553 28.535 28.545 28.557 28.57 28.572 28.547 28.497 28.443 28.405 28.385 28.36 28.323 28.315 28.347 28.382
27.117 27.255 27.38 27.52 27.66 27.808 27.955 28.1 28.25 28.4 28.518 28.603 28.69 28.78 28.84 28.858 28.865 28.873 28.928 29.078 29.26 29.435 29.565 29.598 29.583 29.565 29.545 29.528 29.515 29.507 29.457 29.36 29.263 29.183 29.135 29.103 29.07 29.032 28.975 28.897 28.813 28.73 28.673 28.673 28.71 28.732 28.742 28.75 28.76 28.767 28.737 28.687 28.64 28.59 28.54 28.495 28.45 28.405 28.393 28.407 28.422 28.432 28.417 28.37 28.31 28.26 28.23 28.212 28.195 28.178 28.185 28.215 28.247
26.945 27.045 27.16 27.3 27.445 27.603 27.747 27.88 28.025 28.175 28.29 28.373 28.46 28.547 28.605 28.622 28.63 28.643 28.698 28.858 29.062 29.245 29.365 29.39 29.375 29.355 29.33 29.303 29.283 29.272 29.222 29.128 29.045 28.99 28.955 28.92 28.888 28.86 28.817 28.755 28.677 28.593 28.53 28.53 28.56 28.565 28.565 28.575 28.603 28.63 28.605 28.545 28.49 28.44 28.392 28.347 28.303 28.26 28.243 28.252 28.265 28.26 28.225 28.173 28.12 28.078 28.05 28.035 28.023 28.015 28.032 28.065 28.095
26.742 26.828 26.94 27.085 27.243 27.407 27.552 27.678 27.81 27.952 28.065 28.145 28.23 28.315 28.37 28.39 28.403 28.418 28.463 28.62 28.85 29.052 29.165 29.18 29.167 29.147 29.12 29.088 29.058 29.037 28.987 28.913 28.858 28.813 28.775 28.745 28.718 28.69 28.65 28.595 28.53 28.455 28.393 28.385 28.395 28.385 28.39 28.418 28.465 28.5 28.475 28.41 28.348 28.293 28.245 28.2 28.158 28.12 28.095 28.095 28.095 28.072 28.03 27.983 27.94 27.903 27.873 27.858 27.853 27.85 27.868 27.903 27.938
26.527 26.61 26.725 26.88 27.042 27.205 27.35 27.477 27.602 27.73 27.835 27.917 28.002 28.085 28.14 28.16 28.175 28.192 28.23 28.38 28.62 28.847 28.965 28.97 28.96 28.94 28.907 28.872 28.84 28.812 28.773 28.725 28.685 28.64 28.603 28.578 28.553 28.525 28.483 28.425 28.365 28.303 28.248 28.228 28.22 28.21 28.233 28.28 28.335 28.37 28.345 28.28 28.215 28.155 28.1 28.053 28.013 27.978 27.948 27.927 27.905 27.875 27.84 27.803 27.77 27.74 27.715 27.703 27.698 27.693 27.708 27.743 27.78
26.28 26.38 26.505 26.65 26.805 26.967 27.112 27.24 27.365 27.482 27.58 27.665 27.75 27.835 27.892 27.912 27.93 27.948 27.993 28.133 28.355 28.595 28.717 28.715 28.715 28.712 28.685 28.65 28.618 28.595 28.582 28.557 28.52 28.478 28.443 28.418 28.392 28.365 28.327 28.275 28.215 28.155 28.105 28.08 28.07 28.078 28.115 28.16 28.208 28.24 28.215 28.153 28.09 28.03 27.97 27.915 27.87 27.833 27.798 27.76 27.725 27.695 27.668 27.643 27.618 27.593 27.575 27.57 27.565 27.555 27.565 27.595 27.63
26.02 26.153 26.285 26.408 26.545 26.702 26.847 26.97 27.09 27.205 27.3 27.385 27.475 27.57 27.63 27.648 27.665 27.685 27.758 27.898 28.08 28.305 28.422 28.423 28.443 28.465 28.452 28.42 28.395 28.39 28.395 28.387 28.36 28.32 28.285 28.26 28.232 28.2 28.17 28.132 28.082 28.025 27.978 27.958 27.965 27.995 28.033 28.068 28.108 28.13 28.097 28.035 27.975 27.918 27.857 27.79 27.73 27.688 27.647 27.603 27.565 27.535 27.513 27.497 27.475 27.448 27.433 27.438 27.442 27.435 27.44 27.46 27.49
