EGM722_Project_Data/DTM_asc/TL4856.asc
ncols         200
nrows         200
xllcorner     548000.000
yllcorner     256000.000
cellsize      5
NODATA_value  -9999.0
[rows 66 to 98 of 200, columns 0 to 72 of 200]
9.152 9.102 9.033 8.975 8.922 8.87 8.818 8.865 9.087 9.327 9.427 9.442 9.457 9.462 9.453 9.45 9.46 9.47 9.48 9.472 9.45 9.43 9.42 9.423 9.435 9.465 9.495 9.492 9.47 9.45 9.443 9.463 9.492 9.513 9.52 9.525 9.522 9.505 9.5 9.51 9.52 9.522 9.508 9.49 9.475 9.455 9.463 9.508 9.563 9.623 9.703 9.798 9.895 10 10.135 10.285 10.425 10.565 10.705 10.243 10.163 10.48 10.295 10.245 10.258 10.293 10.34 10.387 10.427 10.455 10.47 10.48 10.487
9.21 9.185 9.11 9.038 8.978 8.925 8.883 8.993 9.22 9.37 9.432 9.45 9.457 9.45 9.43 9.415 9.413 9.42 9.427 9.415 9.385 9.355 9.333 9.32 9.333 9.375 9.43 9.47 9.47 9.45 9.455 9.5 9.545 9.567 9.577 9.575 9.547 9.503 9.485 9.492 9.497 9.5 9.485 9.463 9.445 9.425 9.438 9.493 9.558 9.628 9.71 9.805 9.903 10.005 10.16 10.337 10.485 10.625 10.582 10.33 10.41 10.52 10.34 10.273 10.295 10.337 10.382 10.425 10.457 10.477 10.495 10.512 10.527
9.255 9.255 9.19 9.113 9.043 8.983 8.978 9.105 9.265 9.37 9.437 9.455 9.447 9.432 9.413 9.39 9.373 9.37 9.37 9.35 9.323 9.303 9.285 9.268 9.27 9.3 9.35 9.41 9.447 9.448 9.465 9.525 9.59 9.625 9.625 9.6 9.55 9.493 9.468 9.472 9.477 9.48 9.465 9.44 9.42 9.4 9.42 9.488 9.565 9.64 9.72 9.813 9.908 10.008 10.17 10.375 10.547 10.695 10.42 10.403 10.677 10.55 10.385 10.303 10.335 10.377 10.415 10.45 10.475 10.492 10.51 10.528 10.545
9.277 9.31 9.272 9.197 9.12 9.045 9.055 9.155 9.262 9.367 9.437 9.447 9.433 9.418 9.398 9.373 9.348 9.333 9.325 9.31 9.295 9.288 9.283 9.275 9.265 9.265 9.295 9.348 9.4 9.433 9.473 9.542 9.617 9.665 9.652 9.602 9.548 9.49 9.453 9.448 9.452 9.455 9.445 9.425 9.403 9.383 9.413 9.49 9.57 9.647 9.73 9.82 9.915 10.018 10.175 10.387 10.59 10.745 10.44 10.39 10.647 10.537 10.408 10.34 10.37 10.407 10.442 10.467 10.485 10.505 10.525 10.542 10.56
9.28 9.347 9.345 9.275 9.192 9.115 9.095 9.155 9.25 9.352 9.425 9.44 9.428 9.41 9.39 9.365 9.343 9.33 9.32 9.313 9.308 9.302 9.298 9.29 9.288 9.295 9.318 9.36 9.413 9.443 9.473 9.537 9.61 9.66 9.655 9.605 9.55 9.495 9.445 9.423 9.42 9.422 9.422 9.412 9.392 9.373 9.405 9.485 9.565 9.648 9.74 9.838 9.938 10.068 10.228 10.403 10.6 10.762 10.46 10.405 10.652 10.538 10.423 10.373 10.398 10.432 10.462 10.482 10.498 10.515 10.535 10.555 10.578
9.247 9.335 9.38 9.34 9.255 9.185 9.155 9.17 9.235 9.33 9.402 9.43 9.427 9.41 9.39 9.368 9.355 9.355 9.345 9.333 9.325 9.318 9.318 9.323 9.338 9.365 9.395 9.435 9.48 9.477 9.47 9.515 9.58 9.627 9.632 9.605 9.557 9.503 9.45 9.41 9.39 9.388 9.392 9.392 9.382 9.365 9.395 9.475 9.56 9.658 9.765 9.87 9.998 10.175 10.342 10.478 10.627 10.602 10.368 10.475 10.662 10.56 10.45 10.4 10.423 10.453 10.475 10.495 10.512 10.53 10.548 10.568 10.595
9.198 9.293 9.382 9.387 9.318 9.26 9.238 9.233 9.25 9.313 9.375 9.405 9.417 9.412 9.395 9.38 9.378 9.382 9.372 9.353 9.345 9.35 9.368 9.39 9.415 9.445 9.475 9.512 9.53 9.495 9.475 9.505 9.557 9.595 9.595 9.582 9.555 9.51 9.46 9.415 9.378 9.355 9.355 9.363 9.365 9.355 9.385 9.473 9.573 9.685 9.8 9.93 10.105 10.305 10.477 10.61 10.717 10.315 10.22 10.617 10.64 10.58 10.485 10.433 10.453 10.48 10.495 10.508 10.525 10.545 10.563 10.588 10.623
9.15 9.255 9.362 9.415 9.387 9.34 9.317 9.312 9.307 9.323 9.353 9.375 9.395 9.407 9.407 9.405 9.405 9.41 9.397 9.37 9.37 9.395 9.425 9.452 9.482 9.515 9.545 9.572 9.56 9.508 9.485 9.508 9.547 9.565 9.555 9.545 9.532 9.507 9.465 9.42 9.375 9.335 9.33 9.343 9.348 9.345 9.39 9.5 9.62 9.743 9.85 10 10.21 10.417 10.59 10.707 10.777 10.3 10.245 10.625 10.553 10.532 10.492 10.468 10.49 10.522 10.535 10.54 10.55 10.56 10.58 10.617 10.66
9.088 9.195 9.305 9.395 9.402 9.357 9.34 9.34 9.335 9.33 9.338 9.353 9.37 9.385 9.395 9.4 9.402 9.415 9.407 9.385 9.393 9.42 9.45 9.482 9.517 9.55 9.577 9.587 9.565 9.52 9.498 9.52 9.545 9.542 9.53 9.52 9.507 9.487 9.452 9.407 9.363 9.328 9.343 9.38 9.39 9.39 9.465 9.605 9.735 9.855 9.935 10.04 10.227 10.442 10.632 10.747 10.597 10.37 10.472 10.557 10.475 10.458 10.463 10.485 10.525 10.562 10.582 10.585 10.582 10.578 10.585 10.62 10.667
9.015 9.12 9.23 9.33 9.347 9.313 9.31 9.317 9.315 9.31 9.32 9.335 9.345 9.35 9.355 9.36 9.373 9.4 9.402 9.393 9.405 9.43 9.46 9.495 9.527 9.552 9.57 9.567 9.55 9.525 9.518 9.535 9.54 9.53 9.52 9.507 9.487 9.462 9.427 9.383 9.345 9.325 9.363 9.437 9.48 9.49 9.585 9.755 9.895 9.99 10.035 10.083 10.203 10.4 10.615 10.762 10.38 10.31 10.625 10.533 10.453 10.428 10.443 10.493 10.555 10.6 10.617 10.61 10.6 10.59 10.585 10.6 10.64
8.945 9.05 9.16 9.262 9.29 9.273 9.278 9.285 9.29 9.29 9.297 9.307 9.31 9.31 9.315 9.328 9.355 9.39 9.402 9.405 9.42 9.443 9.472 9.505 9.527 9.545 9.552 9.542 9.527 9.517 9.52 9.527 9.525 9.515 9.505 9.487 9.46 9.435 9.402 9.365 9.343 9.33 9.37 9.46 9.54 9.58 9.688 9.887 10.037 10.105 10.135 10.165 10.223 10.368 10.577 10.672 10.383 10.4 10.635 10.53 10.455 10.418 10.438 10.505 10.577 10.632 10.642 10.623 10.61 10.6 10.595 10.595 10.615
8.878 8.983 9.09 9.195 9.237 9.235 9.242 9.25 9.26 9.267 9.273 9.275 9.275 9.275 9.285 9.31 9.345 9.38 9.402 9.417 9.435 9.455 9.48 9.505 9.52 9.532 9.532 9.515 9.498 9.49 9.492 9.497 9.497 9.492 9.48 9.457 9.43 9.405 9.38 9.358 9.345 9.335 9.378 9.47 9.565 9.645 9.775 9.985 10.142 10.205 10.235 10.265 10.295 10.385 10.58 10.425 10.35 10.61 10.617 10.528 10.463 10.42 10.443 10.517 10.59 10.652 10.667 10.643 10.623 10.61 10.605 10.6 10.603
8.81 8.915 9.028 9.137 9.187 9.193 9.2 9.21 9.223 9.238 9.252 9.26 9.26 9.26 9.275 9.305 9.338 9.372 9.4 9.42 9.44 9.457 9.475 9.495 9.51 9.515 9.502 9.48 9.46 9.45 9.455 9.46 9.457 9.442 9.415 9.39 9.365 9.358 9.373 9.38 9.375 9.365 9.41 9.505 9.6 9.7 9.838 10.032 10.202 10.295 10.34 10.37 10.4 10.48 10.617 10.39 10.415 10.69 10.595 10.523 10.47 10.433 10.458 10.53 10.597 10.66 10.682 10.662 10.64 10.623 10.615 10.61 10.608
8.74 8.858 8.998 9.107 9.142 9.148 9.155 9.168 9.188 9.21 9.235 9.255 9.26 9.26 9.275 9.305 9.335 9.368 9.397 9.42 9.437 9.45 9.465 9.482 9.492 9.49 9.47 9.445 9.423 9.413 9.417 9.415 9.395 9.357 9.318 9.29 9.288 9.325 9.38 9.412 9.422 9.423 9.47 9.568 9.665 9.765 9.883 10.053 10.227 10.357 10.44 10.48 10.508 10.605 10.465 10.41 10.642 10.66 10.575 10.518 10.475 10.443 10.468 10.535 10.6 10.66 10.687 10.675 10.655 10.638 10.628 10.623 10.628
8.683 8.83 8.995 9.09 9.1 9.11 9.128 9.143 9.163 9.187 9.212 9.237 9.255 9.26 9.275 9.305 9.335 9.365 9.392 9.412 9.427 9.44 9.452 9.465 9.47 9.465 9.445 9.417 9.39 9.377 9.372 9.35 9.31 9.263 9.22 9.213 9.258 9.327 9.387 9.422 9.445 9.468 9.53 9.632 9.735 9.835 9.938 10.08 10.242 10.385 10.507 10.58 10.613 10.675 10.438 10.46 10.725 10.64 10.565 10.513 10.473 10.45 10.475 10.533 10.595 10.657 10.695 10.69 10.67 10.655 10.643 10.635 10.65
8.665 8.83 8.985 9.06 9.073 9.095 9.12 9.135 9.145 9.163 9.188 9.213 9.238 9.255 9.275 9.305 9.335 9.363 9.385 9.4 9.415 9.43 9.438 9.443 9.445 9.443 9.423 9.39 9.36 9.338 9.315 9.283 9.245 9.203 9.173 9.2 9.268 9.338 9.398 9.44 9.475 9.515 9.588 9.69 9.795 9.897 10 10.118 10.255 10.398 10.54 10.657 10.72 10.528 10.475 10.687 10.702 10.62 10.553 10.508 10.478 10.478 10.51 10.553 10.6 10.655 10.7 10.705 10.687 10.675 10.66 10.653 10.678
8.723 8.848 8.98 9.042 9.07 9.1 9.122 9.135 9.143 9.158 9.185 9.213 9.243 9.273 9.3 9.33 9.358 9.375 9.385 9.395 9.41 9.425 9.435 9.443 9.445 9.443 9.423 9.39 9.363 9.338 9.305 9.27 9.24 9.205 9.195 9.238 9.303 9.368 9.425 9.478 9.528 9.575 9.643 9.74 9.845 9.95 10.052 10.148 10.27 10.418 10.56 10.7 10.775 10.475 10.478 10.747 10.673 10.598 10.545 10.518 10.508 10.53 10.57 10.605 10.635 10.665 10.695 10.7 10.682 10.665 10.655 10.668 10.702
8.838 8.88 8.997 9.052 9.08 9.11 9.13 9.14 9.15 9.173 9.213 9.25 9.283 9.318 9.35 9.377 9.392 9.392 9.392 9.398 9.41 9.425 9.44 9.46 9.472 9.47 9.45 9.423 9.403 9.385 9.348 9.303 9.268 9.235 9.24 9.288 9.348 9.41 9.468 9.525 9.582 9.635 9.698 9.79 9.895 10 10.09 10.163 10.288 10.447 10.593 10.735 10.643 10.54 10.675 10.715 10.648 10.58 10.543 10.537 10.538 10.55 10.572 10.597 10.617 10.632 10.65 10.652 10.635 10.625 10.64 10.678 10.717
8.995 8.955 9.02 9.065 9.09 9.12 9.137 9.148 9.16 9.19 9.247 9.295 9.327 9.365 9.395 9.407 9.405 9.395 9.395 9.403 9.413 9.425 9.443 9.467 9.487 9.495 9.482 9.463 9.45 9.437 9.4 9.345 9.298 9.27 9.29 9.34 9.395 9.453 9.513 9.575 9.635 9.69 9.75 9.84 9.945 10.04 10.107 10.163 10.29 10.47 10.632 10.782 10.523 10.493 10.76 10.695 10.635 10.573 10.54 10.55 10.557 10.553 10.553 10.558 10.56 10.565 10.573 10.575 10.583 10.608 10.648 10.693 10.733
9.05 9.027 9.05 9.08 9.1 9.122 9.142 9.157 9.172 9.212 9.272 9.322 9.367 9.405 9.422 9.42 9.41 9.4 9.398 9.405 9.415 9.425 9.445 9.47 9.492 9.512 9.515 9.505 9.497 9.49 9.455 9.395 9.338 9.313 9.34 9.39 9.443 9.498 9.56 9.625 9.685 9.743 9.803 9.89 9.992 10.067 10.115 10.163 10.285 10.475 10.657 10.77 10.598 10.583 10.737 10.685 10.63 10.57 10.545 10.565 10.58 10.575 10.57 10.565 10.558 10.555 10.55 10.555 10.593 10.638 10.678 10.72 10.758
8.973 9.022 9.045 9.052 9.067 9.085 9.11 9.135 9.157 9.197 9.255 9.312 9.365 9.402 9.422 9.425 9.415 9.405 9.403 9.41 9.42 9.428 9.445 9.47 9.495 9.522 9.535 9.53 9.525 9.525 9.52 9.485 9.428 9.4 9.423 9.468 9.51 9.555 9.613 9.675 9.735 9.797 9.858 9.94 10.03 10.085 10.125 10.17 10.29 10.48 10.672 10.652 10.618 10.715 10.707 10.662 10.615 10.565 10.555 10.587 10.602 10.598 10.595 10.593 10.59 10.59 10.58 10.593 10.65 10.707 10.748 10.785 10.82
8.925 8.99 9.007 8.99 8.993 9.01 9.035 9.065 9.098 9.14 9.21 9.277 9.325 9.367 9.397 9.415 9.415 9.405 9.405 9.415 9.425 9.433 9.448 9.47 9.498 9.53 9.545 9.54 9.54 9.553 9.577 9.59 9.56 9.528 9.54 9.577 9.61 9.645 9.69 9.743 9.795 9.853 9.913 9.982 10.047 10.09 10.13 10.18 10.303 10.498 10.697 10.52 10.533 10.762 10.683 10.638 10.595 10.56 10.565 10.605 10.627 10.633 10.635 10.635 10.632 10.622 10.603 10.625 10.702 10.78 10.835 10.875 10.912
8.925 8.975 8.985 8.955 8.935 8.935 8.958 8.998 9.045 9.1 9.177 9.245 9.288 9.33 9.362 9.39 9.407 9.407 9.41 9.417 9.425 9.435 9.45 9.473 9.505 9.54 9.555 9.558 9.57 9.59 9.615 9.65 9.667 9.652 9.658 9.69 9.72 9.753 9.79 9.835 9.88 9.925 9.967 10.007 10.05 10.09 10.13 10.19 10.318 10.513 10.722 10.463 10.488 10.805 10.693 10.63 10.588 10.56 10.572 10.612 10.652 10.675 10.682 10.68 10.667 10.645 10.625 10.663 10.748 10.832 10.907 10.962 11
8.925 8.945 8.972 8.965 8.933 8.905 8.913 8.96 9.02 9.08 9.152 9.215 9.255 9.295 9.33 9.357 9.382 9.4 9.41 9.417 9.425 9.435 9.455 9.485 9.518 9.553 9.575 9.59 9.61 9.63 9.658 9.695 9.732 9.75 9.765 9.795 9.827 9.857 9.887 9.92 9.945 9.967 9.992 10.02 10.053 10.09 10.135 10.205 10.335 10.528 10.742 10.48 10.518 10.862 10.735 10.638 10.585 10.562 10.55 10.575 10.65 10.707 10.722 10.71 10.687 10.663 10.658 10.71 10.795 10.877 10.962 11.03 11.057
8.85 8.873 8.957 9 8.977 8.94 8.933 8.968 9.013 9.065 9.13 9.185 9.225 9.265 9.298 9.323 9.348 9.372 9.387 9.395 9.415 9.448 9.488 9.528 9.56 9.593 9.633 9.665 9.683 9.703 9.733 9.77 9.802 9.817 9.822 9.84 9.872 9.905 9.93 9.945 9.952 9.965 9.993 10.025 10.055 10.093 10.16 10.253 10.375 10.563 10.77 10.553 10.573 10.855 10.75 10.653 10.583 10.535 10.48 10.448 10.505 10.602 10.672 10.71 10.705 10.68 10.693 10.757 10.84 10.915 10.987 11.055 11.082
8.735 8.793 8.915 9.012 9.03 8.998 8.988 9.01 9.04 9.078 9.12 9.163 9.205 9.248 9.278 9.298 9.318 9.338 9.36 9.388 9.43 9.485 9.54 9.587 9.625 9.658 9.707 9.76 9.787 9.808 9.838 9.872 9.887 9.872 9.85 9.843 9.86 9.892 9.917 9.928 9.94 9.963 9.99 10.023 10.058 10.105 10.198 10.317 10.438 10.602 10.79 10.645 10.615 10.775 10.705 10.645 10.588 10.518 10.433 10.343 10.31 10.375 10.483 10.588 10.657 10.685 10.723 10.79 10.862 10.93 10.99 11.055 11.092
8.638 8.73 8.855 8.98 9.055 9.055 9.043 9.06 9.09 9.12 9.143 9.165 9.2 9.245 9.275 9.29 9.308 9.335 9.378 9.428 9.48 9.535 9.59 9.64 9.685 9.725 9.775 9.837 9.887 9.915 9.942 9.96 9.945 9.915 9.89 9.87 9.865 9.883 9.903 9.915 9.935 9.96 9.985 10.023 10.07 10.13 10.23 10.355 10.47 10.62 10.8 10.735 10.668 10.722 10.678 10.64 10.612 10.562 10.468 10.363 10.303 10.34 10.433 10.535 10.635 10.703 10.755 10.813 10.873 10.935 10.995 11.058 11.1
8.555 8.67 8.795 8.92 9.032 9.09 9.097 9.113 9.14 9.165 9.182 9.195 9.213 9.248 9.275 9.298 9.335 9.383 9.435 9.488 9.54 9.6 9.658 9.703 9.748 9.793 9.845 9.907 9.97 10.015 10.03 10.015 9.985 9.955 9.933 9.915 9.898 9.89 9.895 9.913 9.938 9.96 9.99 10.038 10.095 10.155 10.237 10.335 10.448 10.62 10.807 10.797 10.72 10.722 10.695 10.663 10.645 10.62 10.54 10.44 10.423 10.495 10.582 10.647 10.695 10.75 10.81 10.86 10.905 10.96 11.02 11.08 11.117
8.5 8.613 8.735 8.86 8.98 9.082 9.137 9.162 9.187 9.208 9.223 9.235 9.245 9.263 9.293 9.338 9.393 9.447 9.5 9.553 9.613 9.687 9.75 9.793 9.833 9.868 9.915 9.975 10.04 10.085 10.082 10.055 10.025 9.997 9.975 9.955 9.935 9.913 9.908 9.928 9.95 9.965 9.995 10.05 10.107 10.152 10.208 10.278 10.408 10.62 10.795 10.807 10.753 10.732 10.707 10.682 10.647 10.64 10.605 10.535 10.56 10.63 10.677 10.705 10.738 10.8 10.875 10.932 10.968 11.008 11.06 11.115 11.14
8.538 8.643 8.753 8.865 8.975 9.088 9.167 9.207 9.235 9.257 9.275 9.285 9.29 9.293 9.335 9.402 9.458 9.512 9.565 9.623 9.698 9.782 9.85 9.897 9.93 9.948 9.985 10.047 10.102 10.127 10.117 10.09 10.06 10.032 10.007 9.982 9.96 9.938 9.935 9.952 9.965 9.97 9.993 10.045 10.092 10.12 10.165 10.228 10.368 10.607 10.762 10.787 10.767 10.735 10.71 10.612 10.503 10.503 10.577 10.635 10.662 10.687 10.698 10.728 10.785 10.855 10.932 11.002 11.045 11.075 11.113 11.147 11.157
8.658 8.76 8.86 8.96 9.06 9.145 9.202 9.245 9.282 9.312 9.33 9.335 9.327 9.32 9.373 9.46 9.522 9.578 9.635 9.708 9.792 9.877 9.95 9.997 10.017 10.023 10.058 10.115 10.147 10.162 10.155 10.122 10.085 10.05 10.025 10.002 9.98 9.963 9.962 9.97 9.97 9.968 9.988 10.03 10.06 10.08 10.123 10.178 10.315 10.572 10.725 10.762 10.772 10.74 10.712 10.535 10.37 10.37 10.445 10.605 10.69 10.69 10.713 10.77 10.84 10.91 10.985 11.067 11.127 11.16 11.18 11.182 11.175
8.778 8.878 8.98 9.072 9.15 9.2 9.235 9.277 9.322 9.36 9.375 9.367 9.35 9.343 9.398 9.5 9.582 9.647 9.72 9.802 9.887 9.972 10.047 10.09 10.1 10.1 10.125 10.162 10.183 10.197 10.187 10.15 10.108 10.065 10.038 10.02 10.003 9.988 9.98 9.978 9.973 9.965 9.975 10 10.02 10.04 10.085 10.15 10.293 10.552 10.7 10.747 10.78 10.747 10.715 10.535 10.37 10.37 10.37 10.53 10.69 10.705 10.755 10.825 10.895 10.965 11.04 11.127 11.202 11.235 11.23 11.21 11.192
8.9 8.997 9.085 9.147 9.195 9.23 9.263 9.3 9.34 9.38 9.392 9.377 9.365 9.378 9.443 9.542 9.625 9.71 9.807 9.89 9.975 10.06 10.13 10.16 10.16 10.162 10.18 10.207 10.228 10.242 10.232 10.193 10.15 10.11 10.075 10.05 10.035 10.023 10.01 10.003 9.995 9.985 9.985 10 10.018 10.033 10.09 10.18 10.325 10.557 10.68 10.732 10.775 10.747 10.72 10.538 10.37 10.37 10.37 10.45 10.617 10.74 10.81 10.88 10.95 11.02 11.095 11.172 11.24 11.26 11.237 11.215 11.195
