EGM722_Project_Data/DTM_asc/TL4861.asc
ncols         200
nrows         200
xllcorner     548000.000
yllcorner     261000.000
cellsize      5
NODATA_value  -9999.0
[rows 70 to 104 of 200, columns 0 to 78 of 200]
6.787 6.69 6.572 6.44 6.308 6.25 6.282 6.172 5.321 5.235 5.992 6 5.768 5.575 5.475 5.415 5.34 5.262 5.185 5.11 5.098 5.138 5.301 5.628 6.096 6.793 7.6 8.387 9.142 9.825 10.272 10.527 10.665 10.65 10.625 10.64 10.67 10.738 10.855 10.99 11.08 11.08 11.045 11.015 10.839 10.459 9.964 9.267 8.427 7.602 6.793 5.985 5.316 4.866 4.556 4.353 4.25 4.225 4.248 4.298 4.35 4.4 4.422 4.395 4.343 4.295 4.24 4.183 4.14 4.12 4.125 4.133 4.142 4.05 3.935 3.92 3.92 3.92 4.065
6.752 6.685 6.597 6.487 6.365 6.278 6.277 5.725 5.091 5.59 6.07 5.88 5.653 5.478 5.405 5.367 5.305 5.227 5.15 5.073 5.03 5.055 5.103 5.098 5.151 5.428 5.816 6.468 7.33 8.117 8.85 9.505 9.982 10.27 10.465 10.54 10.577 10.678 10.812 10.95 11.072 11.112 11.085 11.055 11.02 10.985 10.897 10.607 10.167 9.557 8.767 7.96 7.153 6.34 5.583 5.018 4.578 4.378 4.403 4.41 4.415 4.42 4.425 4.41 4.37 4.322 4.26 4.18 4.12 4.098 4.1 4.113 4.13 4.032 3.923 3.92 3.92 3.92 4.063
6.702 6.64 6.57 6.492 6.402 6.305 6.067 5.236 5.23 5.929 5.917 5.745 5.535 5.38 5.323 5.297 5.257 5.192 5.115 5.04 4.988 4.975 5.02 5.072 5.06 5.01 4.961 5.193 5.636 6.188 7.005 7.827 8.537 9.165 9.67 10.022 10.337 10.6 10.762 10.907 11.042 11.125 11.125 11.095 11.06 11.025 10.992 10.955 10.912 10.694 10.292 9.789 9.09 8.272 7.45 6.628 5.79 5.146 4.688 4.426 4.403 4.41 4.415 4.415 4.395 4.35 4.292 4.203 4.113 4.073 4.073 4.09 4.115 4.025 3.92 3.92 3.92 3.968 4.118
6.647 6.592 6.525 6.455 6.385 6.302 5.58 5.066 5.602 5.905 5.76 5.6 5.415 5.285 5.238 5.213 5.185 5.145 5.08 5.015 4.983 4.965 4.985 5.038 5.052 5.02 4.97 4.92 4.871 5.003 5.401 5.886 6.645 7.522 8.21 8.812 9.39 9.905 10.322 10.645 10.855 11.017 11.095 11.085 11.047 11.002 10.957 10.91 10.86 10.815 10.795 10.692 10.372 9.937 9.327 8.522 7.697 6.858 5.975 5.253 4.751 4.458 4.403 4.41 4.407 4.377 4.327 4.24 4.13 4.06 4.05 4.075 4.107 4.022 3.92 3.92 3.92 4.057 4.222
6.62 6.54 6.47 6.4 6.325 6.015 5.163 5.225 5.845 5.75 5.623 5.5 5.353 5.235 5.185 5.155 5.125 5.093 5.055 5.028 5.018 5.01 5.04 5.075 5.073 5.055 5.037 5.032 4.972 4.86 4.78 4.791 5.131 5.633 6.27 7.137 7.875 8.507 9.15 9.717 10.182 10.582 10.832 10.9 10.887 10.86 10.832 10.8 10.76 10.725 10.72 10.717 10.68 10.63 10.404 9.989 9.477 8.77 7.935 7.055 6.125 5.351 4.816 4.491 4.403 4.395 4.36 4.277 4.165 4.068 4.038 4.07 4.097 4.012 3.92 3.92 3.92 4.097 4.265
6.7 6.55 6.423 6.328 6.24 5.438 5.016 5.587 5.77 5.655 5.553 5.457 5.342 5.228 5.165 5.13 5.095 5.068 5.058 5.067 5.07 5.06 5.1 5.157 5.145 5.098 5.092 5.13 5.115 5.047 5.013 5.007 4.928 4.776 4.896 5.368 5.94 6.663 7.427 8.102 8.78 9.425 9.962 10.384 10.599 10.637 10.66 10.675 10.667 10.64 10.638 10.652 10.632 10.585 10.535 10.487 10.362 10.042 9.604 8.984 8.135 7.208 6.255 5.448 4.881 4.521 4.38 4.313 4.17 4.055 4.04 4.067 4.072 3.99 3.92 3.92 3.92 4.09 4.252
6.867 6.663 6.475 6.315 5.905 5.096 5.225 5.785 5.705 5.62 5.525 5.425 5.322 5.215 5.145 5.113 5.085 5.068 5.07 5.092 5.11 5.113 5.155 5.232 5.22 5.125 5.085 5.115 5.155 5.195 5.235 5.272 5.235 5.13 4.985 4.821 4.826 5.168 5.541 6.006 6.725 7.445 8.165 8.89 9.47 9.89 10.295 10.522 10.557 10.552 10.555 10.58 10.58 10.545 10.495 10.445 10.395 10.345 10.295 10.072 9.649 9.094 8.29 7.337 6.385 5.548 4.948 4.451 4.113 4.04 4.05 4.067 4.037 3.958 3.92 3.92 3.92 4.085 4.247
7.037 6.798 6.6 6.252 5.308 5.043 5.6 5.692 5.63 5.565 5.482 5.39 5.295 5.193 5.128 5.105 5.088 5.073 5.08 5.105 5.13 5.15 5.192 5.262 5.262 5.167 5.095 5.105 5.145 5.182 5.22 5.26 5.302 5.35 5.327 5.185 5.035 4.928 4.753 4.786 5.076 5.506 6.165 6.895 7.63 8.375 9.122 9.692 10.057 10.342 10.475 10.5 10.517 10.5 10.452 10.405 10.355 10.305 10.255 10.2 10.16 10.074 9.739 9.214 8.5 7.577 6.64 5.68 4.615 4.053 4.062 4.072 4.01 3.93 3.92 3.92 3.92 4.08 4.242
7.137 6.932 6.627 5.812 5.066 5.36 5.71 5.585 5.51 5.452 5.375 5.3 5.238 5.17 5.128 5.113 5.098 5.083 5.065 5.065 5.087 5.11 5.15 5.197 5.217 5.19 5.118 5.093 5.13 5.168 5.208 5.255 5.307 5.36 5.377 5.307 5.245 5.135 4.94 4.81 4.7 4.733 4.976 5.331 5.903 6.63 7.358 8.085 8.787 9.402 9.835 10.162 10.397 10.445 10.407 10.36 10.305 10.245 10.205 10.193 10.21 10.265 10.255 10.157 9.864 9.362 8.747 7.719 5.547 4.058 4.073 4.087 4.008 3.92 3.92 3.92 3.92 4.078 4.24
7.052 6.865 6.28 5.248 5.19 5.707 5.62 5.48 5.395 5.345 5.285 5.238 5.203 5.168 5.143 5.128 5.115 5.1 5.055 5.008 4.998 5.01 5.047 5.08 5.097 5.122 5.115 5.095 5.118 5.163 5.21 5.26 5.313 5.365 5.4 5.382 5.342 5.22 5.045 4.945 4.877 4.813 4.725 4.683 4.861 5.161 5.651 6.368 7.095 7.797 8.437 9.065 9.612 10 10.24 10.285 10.237 10.22 10.24 10.293 10.36 10.427 10.417 10.322 10.215 10.117 9.877 8.676 5.873 4.078 4.1 4.117 4.02 3.92 3.92 3.92 3.92 4.098 4.3
6.79 6.522 5.595 5.068 5.51 5.68 5.553 5.425 5.345 5.315 5.285 5.252 5.218 5.185 5.16 5.145 5.132 5.117 5.075 5.005 4.95 4.928 4.94 4.955 4.965 4.995 5.04 5.075 5.113 5.165 5.217 5.27 5.32 5.37 5.412 5.422 5.395 5.292 5.155 5.068 5.002 4.935 4.867 4.803 4.738 4.64 4.733 5.046 5.473 6.108 6.808 7.455 8.1 8.77 9.355 9.76 10.057 10.27 10.38 10.455 10.525 10.592 10.582 10.493 10.403 10.327 10.022 8.539 5.723 4.126 4.147 4.14 4.02 3.92 3.92 3.92 3.92 4.11 4.357
6.467 5.98 5.183 5.295 5.762 5.645 5.538 5.425 5.335 5.307 5.297 5.267 5.233 5.2 5.178 5.162 5.148 5.132 5.092 5.022 4.95 4.883 4.853 4.855 4.868 4.905 4.965 5.035 5.097 5.15 5.205 5.262 5.317 5.372 5.425 5.437 5.405 5.347 5.267 5.192 5.125 5.057 4.992 4.925 4.86 4.795 4.728 4.653 4.686 4.923 5.283 5.815 6.48 7.145 7.81 8.485 9.145 9.692 10.112 10.37 10.51 10.65 10.722 10.69 10.625 10.56 9.977 8.18 5.548 4.176 4.185 4.122 3.99 3.92 3.92 3.92 3.945 4.148 4.38
6.115 5.271 5.063 5.657 5.732 5.63 5.532 5.43 5.323 5.278 5.285 5.275 5.247 5.215 5.193 5.177 5.162 5.145 5.105 5.037 4.957 4.86 4.808 4.81 4.83 4.878 4.94 5.01 5.075 5.128 5.175 5.23 5.29 5.35 5.405 5.42 5.39 5.352 5.305 5.245 5.182 5.12 5.062 5.002 4.942 4.885 4.825 4.765 4.707 4.648 4.618 4.785 5.098 5.553 6.2 6.888 7.58 8.277 8.967 9.55 10.027 10.365 10.547 10.635 10.64 10.622 9.829 7.79 5.373 4.223 4.215 4.09 3.95 3.92 3.92 3.92 4.003 4.225 4.435
5.627 5.046 5.363 5.835 5.703 5.585 5.495 5.412 5.315 5.245 5.243 5.26 5.257 5.232 5.208 5.192 5.175 5.157 5.117 5.045 4.95 4.838 4.783 4.79 4.82 4.87 4.925 4.985 5.05 5.112 5.158 5.2 5.255 5.312 5.355 5.367 5.347 5.307 5.26 5.207 5.15 5.09 5.037 4.99 4.94 4.887 4.832 4.78 4.727 4.672 4.62 4.563 4.503 4.62 4.933 5.348 5.94 6.65 7.365 8.08 8.81 9.42 9.91 10.232 10.347 10.387 9.527 7.232 5.033 4.26 4.235 4.075 3.928 3.92 3.92 3.92 4.043 4.28 4.502
5.123 5.19 5.817 5.842 5.685 5.548 5.45 5.375 5.297 5.215 5.19 5.217 5.237 5.237 5.222 5.205 5.185 5.17 5.127 5.037 4.925 4.81 4.755 4.773 4.815 4.865 4.918 4.97 5.025 5.09 5.147 5.188 5.228 5.275 5.305 5.31 5.3 5.262 5.207 5.15 5.09 5.03 4.975 4.928 4.882 4.832 4.78 4.727 4.673 4.62 4.567 4.513 4.46 4.433 4.488 4.603 4.793 5.158 5.705 6.343 7.043 7.815 8.61 9.267 9.747 9.992 9.152 6.54 4.546 4.283 4.245 4.073 3.92 3.92 3.92 3.92 4.058 4.315 4.55
5.023 5.5 5.835 5.765 5.622 5.495 5.403 5.33 5.262 5.187 5.148 5.16 5.182 5.205 5.21 5.197 5.182 5.167 5.117 5.015 4.895 4.78 4.73 4.76 4.81 4.862 4.915 4.965 5.015 5.07 5.132 5.182 5.215 5.24 5.25 5.25 5.247 5.212 5.15 5.09 5.03 4.968 4.913 4.865 4.818 4.772 4.725 4.673 4.62 4.568 4.513 4.46 4.408 4.36 4.46 4.627 4.613 4.548 4.643 4.916 5.403 6.055 6.803 7.622 8.44 9.032 8.416 5.975 4.328 4.3 4.26 4.08 3.92 3.92 3.92 3.92 4.073 4.345 4.593
5.26 5.805 5.69 5.575 5.483 5.41 5.337 5.257 5.187 5.122 5.08 5.08 5.102 5.132 5.155 5.155 5.145 5.13 5.112 5.042 4.893 4.75 4.713 4.755 4.805 4.858 4.91 4.96 5.01 5.063 5.12 5.172 5.205 5.207 5.2 5.2 5.195 5.155 5.09 5.028 4.965 4.903 4.848 4.802 4.755 4.708 4.663 4.623 4.583 4.533 4.478 4.425 4.375 4.33 4.433 4.647 4.712 4.622 4.503 4.45 4.543 4.793 5.238 5.89 6.678 7.439 6.994 5.288 4.353 4.315 4.275 4.088 3.92 3.92 3.92 3.92 4.088 4.382 4.655
5.63 5.827 5.618 5.443 5.373 5.332 5.267 5.175 5.09 5.018 4.978 4.983 5.013 5.05 5.082 5.092 5.085 5.073 5.092 5.102 4.987 4.808 4.728 4.758 4.81 4.86 4.91 4.96 5.013 5.068 5.12 5.17 5.187 5.168 5.155 5.152 5.142 5.102 5.035 4.965 4.9 4.84 4.785 4.738 4.693 4.65 4.618 4.595 4.565 4.52 4.47 4.423 4.38 4.355 4.468 4.615 4.642 4.607 4.537 4.46 4.37 4.345 4.455 4.718 5.148 5.77 5.498 4.618 4.363 4.325 4.285 4.092 3.92 3.92 3.92 3.92 4.105 4.435 4.731
5.81 5.765 5.595 5.425 5.333 5.27 5.202 5.107 5.008 4.92 4.878 4.893 4.93 4.97 5.005 5.025 5.025 5.015 5.038 5.095 5.1 4.975 4.853 4.833 4.84 4.873 4.928 4.982 5.037 5.09 5.14 5.19 5.185 5.133 5.108 5.1 5.087 5.052 4.987 4.913 4.843 4.78 4.725 4.678 4.643 4.617 4.597 4.58 4.555 4.52 4.48 4.44 4.4 4.395 4.475 4.54 4.542 4.532 4.48 4.405 4.355 4.34 4.343 4.363 4.425 4.675 4.663 4.435 4.387 4.335 4.27 4.07 3.92 3.92 3.92 3.935 4.15 4.502 4.808
5.737 5.653 5.545 5.425 5.32 5.228 5.14 5.04 4.935 4.84 4.79 4.808 4.85 4.89 4.925 4.95 4.96 4.958 4.985 5.045 5.102 5.1 5.052 5.007 4.96 4.943 4.958 5 5.057 5.112 5.167 5.215 5.192 5.11 5.06 5.045 5.03 4.997 4.94 4.865 4.79 4.72 4.663 4.62 4.59 4.567 4.542 4.517 4.517 4.515 4.482 4.447 4.413 4.402 4.422 4.437 4.44 4.442 4.422 4.385 4.37 4.367 4.362 4.362 4.363 4.38 4.405 4.407 4.372 4.332 4.202 4 3.92 3.92 3.92 3.95 4.198 4.572 4.886
5.712 5.613 5.507 5.402 5.297 5.185 5.07 4.963 4.865 4.783 4.733 4.733 4.768 4.81 4.845 4.87 4.887 4.9 4.935 4.992 5.048 5.115 5.157 5.145 5.115 5.087 5.065 5.058 5.075 5.12 5.18 5.205 5.152 5.057 4.995 4.972 4.957 4.932 4.877 4.802 4.727 4.652 4.588 4.537 4.5 4.47 4.44 4.42 4.453 4.485 4.465 4.435 4.407 4.383 4.353 4.338 4.34 4.345 4.347 4.345 4.342 4.335 4.325 4.317 4.317 4.327 4.33 4.32 4.31 4.3 4.125 3.938 3.92 3.92 3.92 3.948 4.203 4.607 4.954
5.685 5.577 5.465 5.36 5.255 5.122 4.985 4.883 4.808 4.748 4.703 4.678 4.688 4.727 4.762 4.782 4.8 4.825 4.875 4.937 4.993 5.075 5.162 5.192 5.187 5.182 5.172 5.15 5.135 5.147 5.165 5.14 5.062 4.975 4.92 4.893 4.873 4.855 4.805 4.728 4.65 4.575 4.505 4.443 4.395 4.36 4.33 4.333 4.392 4.445 4.44 4.413 4.395 4.377 4.323 4.26 4.243 4.247 4.252 4.257 4.257 4.252 4.245 4.238 4.25 4.277 4.282 4.27 4.263 4.255 4.085 3.92 3.92 3.92 3.92 3.938 4.188 4.607 4.966
5.652 5.54 5.425 5.317 5.2 5.045 4.905 4.825 4.77 4.72 4.675 4.643 4.628 4.645 4.672 4.683 4.693 4.715 4.782 4.872 4.938 5.03 5.157 5.217 5.212 5.202 5.192 5.182 5.172 5.162 5.125 5.053 4.968 4.893 4.848 4.82 4.795 4.777 4.732 4.655 4.575 4.498 4.428 4.363 4.303 4.255 4.228 4.255 4.335 4.405 4.415 4.395 4.39 4.38 4.322 4.233 4.17 4.15 4.155 4.165 4.17 4.167 4.163 4.17 4.2 4.232 4.237 4.225 4.22 4.215 4.065 3.92 3.92 3.92 3.92 3.925 4.13 4.492 4.868
5.615 5.5 5.385 5.27 5.127 4.958 4.835 4.78 4.737 4.69 4.648 4.618 4.59 4.578 4.583 4.585 4.588 4.595 4.66 4.775 4.873 4.988 5.132 5.217 5.222 5.205 5.188 5.17 5.153 5.135 5.077 4.978 4.878 4.808 4.773 4.748 4.723 4.7 4.657 4.585 4.505 4.425 4.355 4.29 4.223 4.163 4.143 4.193 4.278 4.36 4.395 4.39 4.39 4.382 4.327 4.235 4.148 4.088 4.073 4.078 4.083 4.083 4.09 4.12 4.158 4.185 4.192 4.185 4.18 4.175 4.045 3.92 3.92 3.92 3.92 3.948 4.11 4.355 4.7
5.57 5.447 5.325 5.197 5.045 4.875 4.763 4.717 4.682 4.648 4.623 4.603 4.578 4.555 4.545 4.545 4.545 4.543 4.595 4.713 4.823 4.943 5.087 5.2 5.23 5.21 5.19 5.168 5.143 5.11 5.037 4.93 4.823 4.748 4.713 4.688 4.663 4.64 4.597 4.525 4.445 4.365 4.293 4.228 4.16 4.1 4.1 4.168 4.253 4.337 4.385 4.39 4.39 4.387 4.355 4.285 4.205 4.133 4.098 4.095 4.095 4.095 4.113 4.145 4.173 4.178 4.16 4.145 4.14 4.135 4.025 3.92 3.92 3.92 3.92 4.025 4.24 4.43 4.71
5.5 5.37 5.24 5.105 4.957 4.793 4.683 4.643 4.618 4.608 4.608 4.602 4.585 4.565 4.555 4.553 4.55 4.548 4.603 4.712 4.8 4.9 5.04 5.18 5.237 5.217 5.192 5.167 5.14 5.09 5.005 4.9 4.798 4.72 4.675 4.645 4.62 4.597 4.547 4.47 4.39 4.31 4.238 4.175 4.118 4.073 4.093 4.173 4.258 4.342 4.387 4.39 4.39 4.39 4.392 4.375 4.315 4.245 4.213 4.208 4.205 4.208 4.223 4.245 4.26 4.245 4.18 4.118 4.1 4.095 4.005 3.92 3.92 3.92 3.92 4.113 4.42 4.623 4.897
5.407 5.28 5.15 5.012 4.865 4.708 4.605 4.58 4.58 4.59 4.6 4.602 4.592 4.575 4.565 4.56 4.553 4.553 4.613 4.707 4.775 4.863 4.995 5.152 5.232 5.212 5.18 5.153 5.122 5.065 4.975 4.875 4.78 4.7 4.645 4.608 4.578 4.547 4.492 4.415 4.335 4.255 4.185 4.133 4.09 4.058 4.088 4.175 4.262 4.347 4.39 4.39 4.39 4.39 4.405 4.425 4.41 4.36 4.33 4.325 4.32 4.323 4.335 4.35 4.357 4.347 4.265 4.143 4.075 4.055 3.985 3.92 3.92 3.92 3.95 4.21 4.567 4.8 5.007
5.303 5.185 5.06 4.92 4.773 4.63 4.553 4.553 4.568 4.58 4.59 4.595 4.592 4.585 4.578 4.57 4.56 4.563 4.613 4.685 4.745 4.828 4.963 5.135 5.23 5.215 5.178 5.142 5.097 5.03 4.945 4.855 4.768 4.683 4.62 4.58 4.543 4.5 4.44 4.368 4.29 4.213 4.15 4.11 4.075 4.05 4.09 4.178 4.265 4.35 4.39 4.39 4.393 4.395 4.41 4.437 4.457 4.452 4.44 4.437 4.435 4.435 4.44 4.442 4.442 4.442 4.372 4.232 4.108 4.025 3.958 3.92 3.92 3.92 3.988 4.283 4.647 4.912 5.065
5.208 5.098 4.992 4.873 4.73 4.598 4.538 4.548 4.56 4.572 4.582 4.585 4.588 4.592 4.592 4.585 4.575 4.573 4.608 4.67 4.735 4.82 4.953 5.125 5.23 5.225 5.185 5.137 5.072 4.995 4.918 4.84 4.758 4.673 4.608 4.568 4.527 4.475 4.41 4.34 4.268 4.193 4.138 4.103 4.075 4.085 4.15 4.235 4.32 4.385 4.405 4.405 4.408 4.413 4.428 4.453 4.475 4.487 4.49 4.49 4.487 4.46 4.432 4.427 4.43 4.46 4.425 4.297 4.157 4.013 3.93 3.92 3.92 3.92 4.058 4.365 4.675 4.95 5.092
5.132 5.02 4.93 4.847 4.725 4.598 4.54 4.543 4.55 4.565 4.575 4.578 4.588 4.603 4.61 4.605 4.592 4.58 4.608 4.673 4.748 4.843 4.965 5.12 5.23 5.235 5.185 5.12 5.045 4.965 4.893 4.827 4.752 4.668 4.603 4.562 4.52 4.465 4.4 4.33 4.26 4.188 4.133 4.105 4.115 4.175 4.26 4.345 4.407 4.43 4.43 4.432 4.435 4.44 4.455 4.475 4.487 4.49 4.49 4.487 4.452 4.372 4.32 4.32 4.355 4.432 4.427 4.307 4.17 4.01 3.92 3.92 3.92 3.92 4.143 4.48 4.723 4.955 5.05
5.055 4.94 4.853 4.787 4.7 4.595 4.545 4.545 4.548 4.558 4.568 4.578 4.598 4.62 4.627 4.62 4.605 4.59 4.615 4.685 4.77 4.868 4.988 5.13 5.232 5.232 5.165 5.087 5.012 4.935 4.865 4.805 4.74 4.663 4.6 4.555 4.505 4.45 4.387 4.32 4.25 4.18 4.133 4.143 4.205 4.285 4.37 4.435 4.455 4.455 4.455 4.457 4.462 4.467 4.477 4.487 4.49 4.49 4.487 4.455 4.365 4.258 4.215 4.25 4.328 4.425 4.43 4.312 4.162 4.003 3.92 3.92 3.92 3.92 4.19 4.592 4.805 4.942 4.99
4.973 4.86 4.778 4.713 4.648 4.583 4.55 4.55 4.55 4.553 4.565 4.587 4.612 4.637 4.642 4.63 4.617 4.603 4.628 4.707 4.8 4.893 5.008 5.142 5.22 5.187 5.105 5.025 4.947 4.87 4.805 4.755 4.702 4.647 4.595 4.543 4.49 4.435 4.373 4.305 4.238 4.175 4.163 4.222 4.307 4.39 4.455 4.48 4.48 4.48 4.48 4.48 4.482 4.485 4.487 4.49 4.49 4.487 4.457 4.375 4.263 4.163 4.15 4.23 4.325 4.42 4.427 4.31 4.148 3.99 3.92 3.92 3.92 3.92 4.24 4.725 4.905 4.937 4.948
4.91 4.81 4.743 4.685 4.628 4.58 4.563 4.565 4.565 4.565 4.57 4.588 4.612 4.637 4.642 4.627 4.615 4.605 4.635 4.717 4.81 4.903 5.015 5.13 5.18 5.12 5.015 4.93 4.85 4.773 4.713 4.67 4.627 4.597 4.585 4.555 4.505 4.45 4.385 4.318 4.25 4.183 4.19 4.27 4.352 4.43 4.47 4.475 4.477 4.485 4.49 4.49 4.49 4.49 4.49 4.49 4.49 4.46 4.412 4.342 4.235 4.148 4.16 4.255 4.35 4.435 4.427 4.3 4.128 3.978 3.92 3.92 3.92 3.968 4.323 4.772 4.922 4.942 4.96
4.893 4.815 4.76 4.708 4.653 4.603 4.585 4.59 4.59 4.59 4.588 4.588 4.6 4.622 4.627 4.615 4.608 4.605 4.638 4.713 4.8 4.898 5.005 5.087 5.127 5.07 4.943 4.84 4.755 4.678 4.618 4.573 4.54 4.53 4.55 4.567 4.542 4.492 4.43 4.36 4.277 4.19 4.19 4.27 4.345 4.41 4.445 4.45 4.458 4.477 4.49 4.49 4.49 4.49 4.49 4.49 4.462 4.38 4.342 4.342 4.272 4.193 4.21 4.3 4.382 4.45 4.427 4.285 4.095 3.958 3.92 3.92 3.92 4.075 4.405 4.682 4.85 4.932 4.975
4.915 4.848 4.79 4.735 4.678 4.625 4.605 4.61 4.613 4.615 4.612 4.608 4.605 4.613 4.615 4.61 4.61 4.61 4.643 4.713 4.793 4.89 4.977 5.03 5.07 5.025 4.895 4.77 4.665 4.583 4.523 4.483 4.468 4.473 4.493 4.53 4.55 4.53 4.47 4.385 4.285 4.19 4.188 4.26 4.325 4.385 4.42 4.433 4.45 4.475 4.49 4.49 4.49 4.49 4.49 4.462 4.38 4.273 4.238 4.272 4.272 4.235 4.255 4.33 4.392 4.45 4.42 4.262 4.055 3.933 3.92 3.92 3.92 4.13 4.415 4.578 4.752 4.875 4.947
