EGM722_Project_Data/DTM_asc/TL4853.asc
ncols         200
nrows         200
xllcorner     548000.000
yllcorner     253000.000
cellsize      5
NODATA_value  -9999.0
[rows 64 to 95 of 200, columns 0 to 72 of 200]
31.335 31.318 31.335 31.38 31.41 31.427 31.435 31.43 31.463 31.565 31.627 31.643 31.718 31.832 31.92 31.978 32.033 32.08 32.098 32.113 32.16 32.223 32.313 32.425 32.54 32.662 32.765 32.848 32.94 33.035 33.147 33.267 33.352 33.417 33.465 33.52 33.63 33.78 33.982 34.185 34.3 34.372 34.433 34.518 34.68 34.875 35.005 35.07 35.125 35.172 35.212 35.24 35.28 35.365 35.478 35.59 35.702 35.818 35.93 36.043 36.173 36.335 36.49 36.613 36.735 36.873 37.03 37.2 37.365 37.53 37.61 37.595 37.583
31.542 31.52 31.528 31.555 31.575 31.595 31.613 31.653 31.747 31.872 31.935 31.927 31.943 31.998 32.06 32.118 32.175 32.228 32.265 32.313 32.375 32.442 32.535 32.645 32.757 32.87 32.975 33.072 33.167 33.252 33.332 33.407 33.47 33.533 33.615 33.738 33.89 34.05 34.21 34.323 34.388 34.458 34.548 34.7 34.9 35.095 35.22 35.272 35.32 35.368 35.413 35.463 35.543 35.65 35.763 35.875 35.987 36.103 36.217 36.33 36.443 36.575 36.72 36.86 37.008 37.17 37.34 37.507 37.673 37.84 37.92 37.905 37.91
31.71 31.69 31.702 31.735 31.755 31.773 31.805 31.89 32 32.097 32.147 32.152 32.162 32.198 32.255 32.315 32.375 32.415 32.45 32.507 32.57 32.627 32.727 32.855 32.967 33.08 33.183 33.28 33.367 33.427 33.48 33.54 33.6 33.68 33.823 34.01 34.187 34.35 34.475 34.55 34.608 34.663 34.763 34.928 35.118 35.312 35.435 35.483 35.528 35.58 35.648 35.728 35.825 35.938 36.05 36.16 36.272 36.388 36.503 36.618 36.73 36.85 36.99 37.148 37.313 37.48 37.65 37.815 37.98 38.15 38.232 38.225 38.25
31.825 31.815 31.853 31.915 31.95 31.965 32.003 32.083 32.18 32.267 32.307 32.318 32.358 32.435 32.51 32.57 32.615 32.625 32.635 32.683 32.74 32.778 32.88 33.042 33.172 33.285 33.387 33.475 33.535 33.57 33.615 33.675 33.758 33.885 34.06 34.27 34.475 34.662 34.805 34.88 34.927 34.968 35.048 35.185 35.345 35.53 35.657 35.708 35.768 35.85 35.943 36.025 36.113 36.223 36.335 36.448 36.56 36.675 36.793 36.913 37.038 37.17 37.31 37.46 37.623 37.79 37.96 38.125 38.29 38.46 38.545 38.558 38.605
31.938 31.938 31.99 32.07 32.135 32.165 32.203 32.273 32.36 32.435 32.473 32.518 32.598 32.69 32.767 32.815 32.827 32.823 32.825 32.86 32.897 32.915 33.015 33.197 33.362 33.49 33.582 33.642 33.677 33.705 33.75 33.83 33.958 34.115 34.295 34.505 34.722 34.935 35.107 35.192 35.23 35.265 35.343 35.473 35.61 35.765 35.892 35.973 36.065 36.175 36.272 36.345 36.415 36.51 36.62 36.733 36.85 36.973 37.098 37.228 37.367 37.51 37.645 37.783 37.938 38.103 38.27 38.435 38.6 38.77 38.862 38.9 38.965
32.053 32.063 32.125 32.208 32.29 32.353 32.408 32.47 32.545 32.615 32.673 32.755 32.85 32.94 33.01 33.032 33.025 33.02 33.018 33.037 33.048 33.048 33.15 33.333 33.523 33.682 33.762 33.793 33.818 33.845 33.91 34.035 34.19 34.35 34.528 34.732 34.947 35.157 35.352 35.475 35.525 35.563 35.638 35.763 35.895 36.028 36.16 36.28 36.392 36.505 36.6 36.67 36.733 36.808 36.91 37.03 37.155 37.288 37.42 37.555 37.692 37.827 37.967 38.11 38.257 38.415 38.58 38.745 38.91 39.08 39.192 39.255 39.325
32.215 32.26 32.335 32.42 32.508 32.563 32.608 32.67 32.743 32.825 32.913 33.007 33.1 33.182 33.237 33.252 33.243 33.233 33.223 33.223 33.215 33.223 33.345 33.545 33.74 33.897 33.97 33.99 34.008 34.053 34.133 34.255 34.415 34.575 34.75 34.95 35.157 35.36 35.56 35.727 35.815 35.855 35.925 36.04 36.17 36.3 36.442 36.582 36.702 36.817 36.912 36.98 37.045 37.113 37.24 37.395 37.515 37.64 37.753 37.863 37.985 38.105 38.247 38.407 38.562 38.725 38.895 39.06 39.225 39.375 39.487 39.572 39.642
32.465 32.55 32.638 32.725 32.785 32.785 32.805 32.875 32.96 33.063 33.165 33.26 33.345 33.41 33.455 33.482 33.482 33.468 33.453 33.46 33.478 33.498 33.625 33.835 34.005 34.13 34.205 34.233 34.275 34.37 34.445 34.508 34.63 34.785 34.96 35.16 35.362 35.56 35.76 35.955 36.087 36.145 36.21 36.315 36.44 36.57 36.715 36.867 37.002 37.122 37.215 37.283 37.35 37.423 37.595 37.817 37.96 38.065 38.125 38.165 38.255 38.37 38.505 38.665 38.84 39.032 39.215 39.38 39.522 39.625 39.722 39.83 39.912
32.765 32.862 32.955 33.017 33.017 32.985 33.008 33.093 33.198 33.31 33.415 33.505 33.575 33.625 33.665 33.7 33.72 33.715 33.708 33.74 33.792 33.823 33.933 34.107 34.235 34.345 34.435 34.508 34.613 34.735 34.805 34.835 34.893 35.005 35.17 35.368 35.565 35.76 35.96 36.16 36.335 36.432 36.503 36.6 36.713 36.843 36.988 37.143 37.292 37.422 37.517 37.59 37.663 37.74 37.915 38.202 38.43 38.532 38.55 38.54 38.565 38.643 38.765 38.915 39.113 39.34 39.53 39.667 39.765 39.84 39.935 40.055 40.162
33.075 33.175 33.247 33.255 33.218 33.185 33.223 33.325 33.44 33.555 33.657 33.735 33.79 33.835 33.875 33.91 33.942 33.957 33.973 34.02 34.08 34.128 34.222 34.357 34.47 34.583 34.693 34.818 34.96 35.07 35.13 35.167 35.205 35.265 35.39 35.573 35.765 35.96 36.16 36.358 36.552 36.7 36.798 36.89 36.99 37.115 37.26 37.415 37.572 37.717 37.83 37.91 37.983 38.06 38.215 38.515 38.84 38.992 38.995 38.977 38.96 38.97 39.04 39.178 39.398 39.647 39.82 39.91 39.983 40.055 40.15 40.27 40.39
33.37 33.462 33.507 33.487 33.443 33.41 33.443 33.542 33.66 33.775 33.88 33.962 34.02 34.068 34.108 34.138 34.168 34.193 34.228 34.282 34.337 34.39 34.48 34.612 34.738 34.855 34.983 35.122 35.245 35.325 35.377 35.42 35.465 35.538 35.665 35.838 36.025 36.218 36.413 36.605 36.798 36.98 37.108 37.195 37.285 37.395 37.538 37.695 37.855 38.012 38.15 38.25 38.325 38.4 38.555 38.855 39.177 39.352 39.395 39.392 39.377 39.363 39.37 39.473 39.695 39.955 40.122 40.2 40.27 40.338 40.408 40.505 40.628
33.647 33.72 33.752 33.74 33.698 33.663 33.673 33.745 33.855 33.972 34.085 34.187 34.267 34.322 34.36 34.387 34.412 34.433 34.468 34.52 34.57 34.62 34.715 34.865 35.015 35.145 35.272 35.39 35.47 35.53 35.58 35.625 35.703 35.833 35.995 36.165 36.345 36.535 36.725 36.915 37.11 37.307 37.447 37.533 37.615 37.708 37.833 37.985 38.145 38.305 38.455 38.582 38.68 38.76 38.935 39.22 39.447 39.587 39.692 39.75 39.76 39.75 39.75 39.82 40.01 40.265 40.447 40.542 40.62 40.685 40.725 40.778 40.883
33.915 33.965 33.985 33.985 33.952 33.92 33.925 33.97 34.053 34.165 34.28 34.39 34.492 34.57 34.612 34.638 34.657 34.673 34.705 34.755 34.802 34.85 34.945 35.1 35.267 35.42 35.535 35.61 35.67 35.73 35.79 35.875 36.01 36.173 36.338 36.5 36.67 36.853 37.04 37.238 37.448 37.657 37.802 37.885 37.963 38.048 38.158 38.293 38.44 38.595 38.745 38.887 39.017 39.118 39.295 39.517 39.667 39.792 39.917 40.03 40.102 40.12 40.143 40.223 40.36 40.575 40.762 40.87 40.962 41.032 41.067 41.093 41.153
34.172 34.2 34.215 34.227 34.207 34.178 34.185 34.22 34.27 34.358 34.47 34.583 34.705 34.822 34.88 34.888 34.895 34.91 34.943 34.99 35.037 35.083 35.175 35.33 35.505 35.685 35.797 35.848 35.9 35.965 36.063 36.2 36.358 36.518 36.68 36.84 37.005 37.175 37.36 37.573 37.795 38.01 38.155 38.235 38.308 38.39 38.503 38.628 38.758 38.898 39.04 39.183 39.327 39.458 39.605 39.752 39.873 39.998 40.123 40.248 40.37 40.462 40.545 40.65 40.758 40.913 41.075 41.187 41.29 41.37 41.412 41.435 41.463
34.417 34.43 34.445 34.467 34.46 34.435 34.445 34.48 34.515 34.583 34.703 34.84 34.985 35.12 35.18 35.175 35.173 35.178 35.195 35.23 35.273 35.315 35.408 35.573 35.76 35.955 36.082 36.135 36.19 36.295 36.445 36.595 36.748 36.903 37.06 37.22 37.38 37.54 37.713 37.92 38.145 38.36 38.507 38.585 38.65 38.73 38.845 38.97 39.095 39.225 39.355 39.49 39.635 39.78 39.905 40.015 40.128 40.248 40.38 40.515 40.65 40.79 40.92 41.037 41.15 41.27 41.387 41.49 41.59 41.677 41.727 41.75 41.772
34.647 34.66 34.675 34.7 34.705 34.693 34.705 34.738 34.82 34.965 35.073 35.175 35.325 35.45 35.5 35.495 35.49 35.485 35.493 35.52 35.553 35.603 35.7 35.85 36.03 36.225 36.367 36.438 36.535 36.705 36.882 37.03 37.178 37.328 37.48 37.64 37.795 37.95 38.113 38.295 38.5 38.712 38.86 38.93 38.99 39.07 39.185 39.313 39.438 39.565 39.69 39.818 39.958 40.1 40.227 40.34 40.445 40.56 40.7 40.847 40.99 41.132 41.265 41.385 41.497 41.592 41.682 41.775 41.87 41.96 42.01 42.033 42.06
34.873 34.885 34.903 34.93 34.947 34.948 34.963 35.053 35.25 35.495 35.592 35.595 35.68 35.78 35.817 35.812 35.81 35.805 35.815 35.855 35.913 35.993 36.095 36.213 36.353 36.513 36.653 36.775 36.94 37.14 37.32 37.472 37.617 37.763 37.91 38.063 38.218 38.375 38.537 38.705 38.883 39.075 39.207 39.27 39.33 39.41 39.525 39.655 39.78 39.905 40.03 40.155 40.288 40.423 40.552 40.667 40.773 40.89 41.03 41.18 41.327 41.475 41.61 41.72 41.81 41.88 41.96 42.055 42.15 42.24 42.29 42.315 42.345
35.1 35.11 35.13 35.158 35.183 35.208 35.295 35.502 35.765 36.017 36.127 36.095 36.09 36.12 36.13 36.125 36.122 36.123 36.158 36.233 36.325 36.422 36.53 36.642 36.753 36.87 36.985 37.143 37.347 37.552 37.742 37.905 38.052 38.2 38.345 38.49 38.642 38.797 38.952 39.11 39.27 39.43 39.542 39.605 39.665 39.75 39.868 39.995 40.12 40.245 40.37 40.495 40.625 40.753 40.877 40.993 41.1 41.22 41.36 41.51 41.662 41.815 41.937 42.022 42.093 42.158 42.238 42.33 42.422 42.51 42.562 42.592 42.625
35.227 35.285 35.38 35.44 35.465 35.508 35.648 35.885 36.13 36.365 36.475 36.45 36.422 36.415 36.412 36.407 36.403 36.438 36.525 36.625 36.725 36.805 36.917 37.055 37.165 37.275 37.37 37.49 37.675 37.885 38.112 38.31 38.46 38.607 38.752 38.897 39.035 39.17 39.315 39.465 39.615 39.76 39.862 39.927 39.988 40.075 40.202 40.335 40.46 40.585 40.71 40.835 40.962 41.088 41.21 41.325 41.435 41.545 41.675 41.822 41.972 42.125 42.237 42.31 42.383 42.463 42.518 42.578 42.67 42.752 42.802 42.832 42.865
35.273 35.458 35.672 35.79 35.835 35.875 35.963 36.123 36.335 36.565 36.672 36.653 36.648 36.662 36.667 36.663 36.685 36.778 36.895 36.995 37.072 37.12 37.24 37.422 37.562 37.675 37.762 37.835 37.97 38.173 38.445 38.69 38.845 38.992 39.135 39.265 39.38 39.498 39.635 39.785 39.935 40.08 40.18 40.24 40.295 40.383 40.518 40.657 40.79 40.922 41.05 41.175 41.3 41.425 41.547 41.66 41.762 41.855 41.973 42.115 42.258 42.405 42.522 42.608 42.703 42.805 42.833 42.83 42.895 42.975 43.02 43.043 43.07
35.445 35.725 35.982 36.135 36.225 36.278 36.335 36.42 36.563 36.765 36.87 36.865 36.885 36.912 36.923 36.938 37.015 37.145 37.265 37.342 37.372 37.408 37.543 37.747 37.932 38.072 38.157 38.21 38.295 38.47 38.767 39.052 39.23 39.37 39.495 39.605 39.71 39.823 39.955 40.105 40.252 40.395 40.495 40.55 40.598 40.688 40.825 40.965 41.105 41.245 41.38 41.512 41.64 41.765 41.885 41.987 42.072 42.155 42.27 42.41 42.55 42.692 42.82 42.932 43.047 43.157 43.182 43.135 43.14 43.198 43.24 43.26 43.283
35.795 36.057 36.282 36.442 36.577 36.672 36.74 36.8 36.878 37.003 37.083 37.1 37.13 37.16 37.188 37.253 37.375 37.515 37.615 37.647 37.648 37.693 37.845 38.05 38.255 38.437 38.547 38.603 38.655 38.79 39.08 39.402 39.602 39.717 39.825 39.93 40.035 40.145 40.278 40.428 40.573 40.707 40.797 40.852 40.903 40.993 41.133 41.275 41.415 41.555 41.695 41.835 41.97 42.1 42.215 42.302 42.375 42.453 42.565 42.705 42.845 42.972 43.095 43.227 43.36 43.477 43.507 43.46 43.43 43.438 43.463 43.488 43.51
36.222 36.407 36.515 36.625 36.815 37.015 37.13 37.192 37.257 37.318 37.358 37.383 37.408 37.435 37.49 37.598 37.735 37.865 37.93 37.933 37.925 37.983 38.158 38.383 38.595 38.765 38.905 39.012 39.073 39.208 39.478 39.747 39.912 40.015 40.12 40.225 40.33 40.46 40.615 40.765 40.905 41.012 41.075 41.13 41.198 41.308 41.455 41.6 41.74 41.88 42.02 42.16 42.3 42.417 42.517 42.605 42.675 42.75 42.86 43 43.13 43.23 43.335 43.472 43.607 43.71 43.735 43.7 43.677 43.69 43.718 43.745 43.757
36.65 36.77 36.688 36.685 36.965 37.315 37.51 37.575 37.632 37.667 37.69 37.71 37.733 37.76 37.828 37.945 38.072 38.182 38.232 38.228 38.233 38.328 38.533 38.767 38.952 39.07 39.21 39.382 39.507 39.667 39.877 40.045 40.175 40.285 40.39 40.495 40.62 40.79 40.965 41.115 41.227 41.29 41.335 41.398 41.49 41.625 41.787 41.945 42.09 42.23 42.37 42.51 42.625 42.69 42.775 42.89 42.975 43.048 43.158 43.292 43.395 43.47 43.573 43.707 43.812 43.877 43.89 43.865 43.888 43.955 44.002 44.015 43.99
37.062 37.148 37.06 37.085 37.293 37.608 37.87 37.95 37.987 38.01 38.03 38.053 38.083 38.115 38.175 38.28 38.39 38.485 38.535 38.558 38.623 38.755 38.952 39.14 39.262 39.355 39.485 39.68 39.87 40.025 40.162 40.295 40.432 40.552 40.66 40.785 40.95 41.14 41.315 41.442 41.507 41.548 41.603 41.688 41.798 41.933 42.1 42.275 42.437 42.585 42.725 42.837 42.892 42.92 43.005 43.142 43.26 43.345 43.45 43.562 43.637 43.705 43.805 43.912 43.98 44.03 44.048 44.065 44.143 44.235 44.272 44.245 44.187
37.48 37.793 38.017 38.077 38.092 38.142 38.245 38.292 38.325 38.35 38.373 38.403 38.438 38.473 38.525 38.61 38.705 38.795 38.87 38.953 39.07 39.202 39.345 39.467 39.563 39.655 39.793 39.998 40.182 40.315 40.438 40.565 40.695 40.818 40.948 41.113 41.3 41.49 41.647 41.73 41.765 41.81 41.888 41.995 42.11 42.235 42.395 42.575 42.752 42.92 43.042 43.095 43.11 43.14 43.235 43.375 43.512 43.63 43.727 43.807 43.872 43.937 44.015 44.085 44.138 44.19 44.233 44.298 44.395 44.482 44.495 44.437 44.372
38.245 38.642 38.842 38.777 38.687 38.58 38.507 38.51 38.552 38.627 38.722 38.785 38.823 38.86 38.958 39.033 39.075 39.165 39.255 39.357 39.477 39.602 39.715 39.813 39.91 40.005 40.155 40.342 40.485 40.608 40.738 40.873 41.008 41.143 41.29 41.465 41.655 41.845 41.975 42.025 42.055 42.098 42.18 42.292 42.405 42.518 42.648 42.81 42.99 43.17 43.297 43.337 43.345 43.375 43.46 43.588 43.725 43.857 43.95 44.012 44.075 44.142 44.22 44.288 44.345 44.403 44.448 44.503 44.587 44.667 44.67 44.607 44.543
38.907 39.05 39.02 38.9 38.778 38.685 38.628 38.628 38.715 38.888 39.065 39.175 39.24 39.285 39.437 39.567 39.553 39.585 39.665 39.743 39.845 39.967 40.08 40.18 40.283 40.383 40.52 40.678 40.813 40.95 41.093 41.24 41.39 41.54 41.685 41.84 42.015 42.2 42.315 42.353 42.388 42.425 42.485 42.578 42.685 42.79 42.888 43.008 43.17 43.35 43.517 43.6 43.613 43.64 43.698 43.793 43.918 44.04 44.125 44.185 44.245 44.323 44.422 44.515 44.59 44.655 44.685 44.698 44.75 44.822 44.825 44.765 44.715
39.035 39.08 39.07 38.975 38.878 38.815 38.763 38.795 38.97 39.205 39.392 39.522 39.632 39.705 39.883 40.167 40.167 40.043 40.085 40.15 40.228 40.333 40.443 40.548 40.655 40.76 40.883 41.035 41.195 41.35 41.5 41.65 41.8 41.95 42.095 42.24 42.393 42.555 42.657 42.695 42.735 42.775 42.82 42.88 42.968 43.07 43.16 43.248 43.365 43.525 43.712 43.842 43.887 43.923 43.968 44.028 44.123 44.222 44.295 44.355 44.415 44.498 44.605 44.71 44.807 44.895 44.935 44.93 44.942 44.985 44.985 44.943 44.915
39.118 39.128 39.125 39.098 39.083 39.088 39.093 39.16 39.32 39.535 39.72 39.848 39.975 40.088 40.318 40.765 40.882 40.595 40.49 40.555 40.617 40.708 40.82 40.933 41.042 41.145 41.255 41.4 41.57 41.735 41.897 42.057 42.21 42.36 42.507 42.652 42.782 42.892 42.972 43.025 43.075 43.122 43.17 43.215 43.272 43.352 43.437 43.52 43.605 43.72 43.888 44.062 44.157 44.197 44.24 44.282 44.343 44.413 44.473 44.528 44.585 44.658 44.74 44.82 44.902 44.957 44.985 45.012 45.052 45.13 45.167 45.145 45.127
39.455 39.428 39.423 39.458 39.515 39.575 39.635 39.698 39.785 39.933 40.075 40.188 40.318 40.45 40.74 41.235 41.43 41.097 40.858 40.907 40.97 41.065 41.197 41.325 41.435 41.535 41.635 41.76 41.92 42.09 42.262 42.432 42.597 42.76 42.897 43.007 43.1 43.17 43.232 43.297 43.357 43.407 43.452 43.497 43.547 43.612 43.692 43.777 43.86 43.945 44.08 44.26 44.375 44.42 44.46 44.5 44.555 44.625 44.685 44.735 44.78 44.815 44.843 44.87 44.9 44.86 44.865 44.985 45.115 45.27 45.355 45.347 45.335
39.947 39.967 39.97 40.018 40.08 40.14 40.2 40.263 40.333 40.43 40.518 40.583 40.688 40.823 41.145 41.54 41.677 41.457 41.218 41.228 41.293 41.398 41.565 41.702 41.807 41.922 42.025 42.133 42.273 42.44 42.61 42.78 42.952 43.102 43.2 43.272 43.342 43.407 43.47 43.532 43.585 43.622 43.66 43.708 43.77 43.848 43.93 44.012 44.095 44.175 44.293 44.442 44.55 44.605 44.645 44.688 44.76 44.852 44.922 44.972 45.002 45.01 45.01 45.01 45.01 44.958 44.97 45.103 45.255 45.43 45.532 45.54 45.527
