EGM722_Project_Data/DTM_asc/TL4856.asc
ncols         200
nrows         200
xllcorner     548000.000
yllcorner     256000.000
cellsize      5
NODATA_value  -9999.0
[rows 132 to 164 of 200, columns 73 to 145 of 200]
11.67 11.678 11.703 11.735 11.79 11.797 11.74 11.672 11.593 11.555 11.568 11.598 11.635 11.647 11.643 11.638 11.64 11.665 11.71 11.75 11.77 11.788 11.82 11.86 11.895 11.91 11.913 11.917 11.91 11.853 11.778 11.73 11.743 11.84 11.97 12.102 12.235 12.352 12.46 12.562 12.652 12.747 12.85 12.927 12.96 12.967 12.973 12.983 13 13.028 13.065 13.105 13.145 13.218 13.335 13.475 13.627 13.752 13.815 13.855 13.913 13.97 14.013 14.053 14.128 14.237 14.352 14.467 14.567 14.592 14.54 14.5 14.523
11.68 11.693 11.715 11.738 11.773 11.77 11.718 11.66 11.603 11.58 11.59 11.608 11.632 11.642 11.64 11.64 11.643 11.665 11.705 11.743 11.775 11.808 11.843 11.88 11.915 11.933 11.938 11.94 11.93 11.89 11.845 11.813 11.82 11.913 12.045 12.177 12.31 12.442 12.575 12.7 12.812 12.91 12.975 13 13.01 13.015 13.02 13.03 13.04 13.068 13.108 13.143 13.178 13.258 13.395 13.548 13.702 13.83 13.905 13.965 14.035 14.097 14.14 14.173 14.245 14.352 14.462 14.572 14.66 14.685 14.65 14.602 14.585
11.723 11.74 11.763 11.785 11.792 11.768 11.72 11.668 11.628 11.618 11.623 11.63 11.64 11.648 11.653 11.66 11.67 11.695 11.73 11.763 11.803 11.845 11.88 11.915 11.955 11.978 11.983 11.985 11.975 11.952 11.925 11.895 11.9 11.988 12.12 12.25 12.383 12.517 12.65 12.76 12.847 12.945 13.027 13.057 13.065 13.073 13.078 13.085 13.083 13.118 13.192 13.24 13.27 13.355 13.503 13.653 13.797 13.922 14.01 14.08 14.15 14.212 14.255 14.288 14.345 14.438 14.542 14.647 14.712 14.715 14.69 14.665 14.65
11.805 11.825 11.845 11.85 11.83 11.795 11.752 11.705 11.67 11.663 11.665 11.675 11.685 11.68 11.68 11.69 11.703 11.728 11.763 11.803 11.85 11.895 11.93 11.97 12.02 12.05 12.057 12.052 12.03 12.012 12 11.975 11.978 12.06 12.193 12.325 12.457 12.57 12.657 12.722 12.765 12.868 13.025 13.112 13.127 13.135 13.142 13.137 13.118 13.16 13.27 13.36 13.417 13.51 13.647 13.777 13.902 14.017 14.112 14.192 14.265 14.32 14.358 14.395 14.44 14.518 14.62 14.712 14.755 14.745 14.72 14.705 14.71
11.895 11.91 11.91 11.887 11.855 11.822 11.787 11.745 11.713 11.71 11.723 11.743 11.755 11.74 11.723 11.723 11.735 11.763 11.803 11.85 11.9 11.945 11.985 12.035 12.09 12.127 12.135 12.115 12.085 12.063 12.055 12.047 12.053 12.133 12.267 12.377 12.462 12.527 12.57 12.612 12.655 12.77 12.965 13.127 13.192 13.197 13.195 13.172 13.145 13.19 13.305 13.42 13.517 13.63 13.76 13.875 13.987 14.095 14.197 14.295 14.377 14.432 14.47 14.51 14.55 14.608 14.697 14.767 14.785 14.775 14.76 14.765 14.783
11.975 11.972 11.95 11.915 11.88 11.85 11.817 11.78 11.76 11.768 11.79 11.815 11.827 11.815 11.788 11.768 11.768 11.8 11.85 11.9 11.95 12 12.05 12.105 12.162 12.2 12.197 12.17 12.14 12.11 12.095 12.1 12.122 12.185 12.272 12.335 12.375 12.415 12.455 12.498 12.548 12.675 12.877 13.08 13.22 13.252 13.23 13.197 13.173 13.22 13.333 13.447 13.56 13.685 13.817 13.942 14.068 14.18 14.285 14.393 14.49 14.552 14.59 14.628 14.665 14.708 14.77 14.812 14.815 14.813 14.818 14.835 14.855
12.042 12.017 11.983 11.948 11.915 11.883 11.848 11.82 11.818 11.838 11.863 11.887 11.902 11.89 11.863 11.838 11.833 11.868 11.923 11.975 12.01 12.05 12.105 12.157 12.212 12.25 12.247 12.217 12.185 12.155 12.125 12.12 12.145 12.17 12.198 12.233 12.27 12.308 12.345 12.385 12.445 12.585 12.79 12.997 13.172 13.25 13.237 13.197 13.178 13.243 13.36 13.475 13.59 13.713 13.848 14 14.165 14.297 14.405 14.515 14.62 14.687 14.723 14.758 14.793 14.828 14.86 14.875 14.873 14.878 14.895 14.915 14.935
12.095 12.062 12.023 11.985 11.955 11.92 11.89 11.878 11.885 11.91 11.935 11.96 11.977 11.965 11.94 11.93 11.94 11.97 12.02 12.057 12.062 12.085 12.135 12.185 12.235 12.272 12.28 12.26 12.23 12.197 12.153 12.125 12.13 12.13 12.133 12.158 12.193 12.225 12.258 12.285 12.348 12.503 12.71 12.905 13.057 13.16 13.197 13.172 13.163 13.248 13.382 13.502 13.618 13.74 13.885 14.08 14.285 14.43 14.54 14.65 14.757 14.83 14.867 14.902 14.935 14.962 14.98 14.98 14.965 14.965 14.985 15.005 15.025
12.138 12.107 12.067 12.028 11.993 11.963 11.948 11.945 11.955 11.977 12.003 12.03 12.05 12.043 12.033 12.045 12.065 12.087 12.107 12.102 12.09 12.11 12.155 12.205 12.255 12.287 12.297 12.295 12.275 12.237 12.188 12.14 12.123 12.115 12.1 12.108 12.135 12.162 12.175 12.185 12.263 12.433 12.627 12.785 12.905 13.015 13.105 13.132 13.148 13.243 13.387 13.522 13.645 13.775 13.955 14.192 14.412 14.56 14.673 14.785 14.895 14.972 15.012 15.045 15.072 15.095 15.105 15.09 15.06 15.055 15.075 15.095 15.113
12.195 12.155 12.11 12.07 12.033 12.013 12.012 12.015 12.023 12.043 12.07 12.1 12.122 12.13 12.14 12.16 12.177 12.195 12.17 12.12 12.108 12.133 12.18 12.227 12.275 12.305 12.312 12.317 12.312 12.277 12.222 12.168 12.13 12.11 12.093 12.083 12.08 12.08 12.073 12.098 12.203 12.357 12.507 12.632 12.745 12.855 12.965 13.05 13.122 13.235 13.38 13.525 13.663 13.833 14.063 14.317 14.54 14.692 14.807 14.92 15.03 15.112 15.152 15.18 15.205 15.222 15.217 15.185 15.153 15.15 15.173 15.2 15.218
12.26 12.205 12.15 12.105 12.07 12.058 12.062 12.068 12.083 12.115 12.15 12.18 12.208 12.227 12.24 12.255 12.272 12.287 12.217 12.125 12.123 12.158 12.205 12.25 12.29 12.312 12.317 12.32 12.315 12.292 12.247 12.192 12.15 12.133 12.128 12.115 12.088 12.045 12.03 12.053 12.115 12.225 12.34 12.452 12.565 12.677 12.785 12.897 13.062 13.237 13.383 13.523 13.683 13.908 14.17 14.432 14.665 14.822 14.935 15.042 15.155 15.235 15.265 15.29 15.317 15.332 15.317 15.28 15.248 15.248 15.28 15.32 15.342
12.317 12.255 12.195 12.143 12.105 12.093 12.1 12.113 12.14 12.185 12.23 12.267 12.3 12.32 12.333 12.35 12.367 12.382 12.275 12.14 12.14 12.182 12.225 12.26 12.29 12.305 12.305 12.297 12.277 12.265 12.25 12.205 12.165 12.162 12.172 12.172 12.16 12.1 12.027 11.988 11.978 12.038 12.145 12.257 12.367 12.455 12.53 12.695 12.985 13.235 13.395 13.543 13.733 13.98 14.242 14.507 14.76 14.935 15.042 15.153 15.28 15.352 15.355 15.363 15.387 15.405 15.395 15.365 15.345 15.36 15.398 15.44 15.47
12.37 12.305 12.245 12.185 12.14 12.13 12.148 12.17 12.2 12.245 12.295 12.345 12.39 12.415 12.428 12.445 12.462 12.477 12.357 12.185 12.16 12.198 12.23 12.258 12.283 12.29 12.278 12.258 12.233 12.223 12.225 12.207 12.18 12.177 12.182 12.175 12.155 12.072 11.967 11.917 11.867 11.863 11.95 12.04 12.107 12.15 12.263 12.545 12.905 13.205 13.405 13.575 13.783 14.028 14.287 14.55 14.815 15.017 15.143 15.273 15.412 15.472 15.455 15.44 15.443 15.453 15.458 15.458 15.47 15.5 15.533 15.568 15.597
12.423 12.358 12.295 12.233 12.188 12.185 12.205 12.228 12.26 12.313 12.375 12.435 12.487 12.522 12.538 12.545 12.558 12.572 12.452 12.248 12.188 12.218 12.245 12.278 12.305 12.298 12.265 12.23 12.195 12.18 12.188 12.195 12.172 12.142 12.122 12.092 12.042 11.932 11.808 11.75 11.705 11.667 11.697 11.74 11.763 11.848 12.095 12.453 12.815 13.163 13.42 13.61 13.828 14.063 14.312 14.577 14.845 15.098 15.28 15.418 15.542 15.585 15.565 15.545 15.533 15.54 15.563 15.593 15.625 15.655 15.685 15.715 15.73
12.477 12.413 12.35 12.295 12.268 12.278 12.295 12.31 12.348 12.413 12.485 12.545 12.592 12.635 12.66 12.665 12.668 12.677 12.555 12.325 12.24 12.27 12.303 12.338 12.362 12.347 12.303 12.253 12.195 12.165 12.175 12.162 12.092 12.032 12.002 11.965 11.905 11.785 11.625 11.498 11.438 11.387 11.355 11.372 11.443 11.658 11.988 12.373 12.828 13.212 13.455 13.695 14.015 14.178 14.293 14.568 14.935 15.318 15.54 15.647 15.702 15.705 15.685 15.668 15.663 15.68 15.713 15.747 15.78 15.81 15.84 15.862 15.86
12.532 12.468 12.408 12.37 12.368 12.39 12.412 12.428 12.47 12.537 12.6 12.652 12.697 12.742 12.78 12.795 12.795 12.755 12.597 12.39 12.313 12.343 12.378 12.41 12.43 12.41 12.352 12.285 12.21 12.173 12.162 12.09 11.968 11.895 11.87 11.835 11.765 11.635 11.48 11.323 11.19 11.025 10.855 10.928 11.18 11.543 12.015 12.523 13.027 13.332 13.525 14.003 14.492 14.46 14.375 14.688 15.235 15.69 15.857 15.885 15.862 15.83 15.81 15.803 15.813 15.835 15.868 15.902 15.935 15.965 15.987 15.992 15.98
12.587 12.523 12.475 12.46 12.47 12.497 12.525 12.548 12.595 12.657 12.707 12.755 12.8 12.845 12.892 12.92 12.892 12.78 12.62 12.485 12.428 12.435 12.458 12.483 12.495 12.455 12.375 12.295 12.215 12.165 12.102 11.982 11.85 11.758 11.725 11.705 11.627 11.485 11.33 11.175 11.007 10.73 10.485 10.55 10.995 11.663 12.31 12.877 13.245 13.403 13.79 14.66 15.125 14.993 15.025 15.36 15.792 16.037 16.072 16.035 15.99 15.953 15.94 15.95 15.97 15.995 16.025 16.057 16.09 16.117 16.125 16.107 16.082
12.622 12.588 12.563 12.56 12.573 12.603 12.633 12.665 12.715 12.767 12.813 12.86 12.905 12.95 13 13.045 13.002 12.875 12.755 12.658 12.6 12.578 12.568 12.57 12.57 12.512 12.415 12.322 12.222 12.117 11.997 11.865 11.735 11.618 11.565 11.56 11.49 11.347 11.195 11.042 10.8 10.533 10.43 10.445 10.98 11.912 12.68 13.185 13.45 13.803 14.518 15.422 15.817 15.822 15.945 16.115 16.24 16.277 16.25 16.2 16.15 16.11 16.1 16.113 16.128 16.15 16.18 16.21 16.24 16.247 16.227 16.195 16.157
12.64 12.655 12.65 12.653 12.675 12.71 12.74 12.778 12.83 12.882 12.928 12.975 13.023 13.07 13.118 13.177 13.172 13.073 12.96 12.855 12.79 12.755 12.715 12.69 12.682 12.6 12.46 12.345 12.225 12.035 11.845 11.715 11.585 11.47 11.403 11.377 11.312 11.185 11.05 10.828 10.55 10.43 10.463 10.688 11.333 12.258 13.052 13.493 13.823 14.465 15.33 16.015 16.32 16.382 16.395 16.405 16.422 16.445 16.447 16.412 16.358 16.318 16.305 16.308 16.308 16.31 16.325 16.35 16.38 16.367 16.31 16.26 16.22
12.67 12.705 12.71 12.733 12.78 12.822 12.853 12.883 12.93 12.992 13.05 13.1 13.148 13.195 13.248 13.32 13.355 13.287 13.173 13.063 12.983 12.928 12.878 12.838 12.82 12.715 12.518 12.358 12.227 11.983 11.703 11.538 11.415 11.33 11.268 11.205 11.13 10.905 10.698 10.7 10.73 10.58 10.638 11.195 11.963 12.85 13.537 13.935 14.343 15 15.85 16.39 16.515 16.525 16.535 16.548 16.57 16.595 16.615 16.617 16.58 16.543 16.535 16.527 16.507 16.488 16.48 16.488 16.51 16.502 16.43 16.343 16.285
12.71 12.745 12.768 12.823 12.89 12.937 12.967 12.993 13.025 13.085 13.16 13.222 13.272 13.323 13.39 13.472 13.535 13.5 13.388 13.283 13.195 13.12 13.055 12.998 12.965 12.857 12.638 12.423 12.248 11.975 11.618 11.375 11.263 11.205 11.152 11.08 10.995 10.693 10.58 10.88 10.88 10.58 10.865 11.695 12.565 13.405 14.032 14.5 14.915 15.518 16.217 16.587 16.655 16.665 16.678 16.695 16.72 16.745 16.765 16.785 16.782 16.762 16.747 16.725 16.695 16.67 16.655 16.648 16.65 16.645 16.58 16.47 16.38
12.76 12.803 12.858 12.93 13.002 13.053 13.08 13.108 13.143 13.2 13.268 13.33 13.393 13.46 13.54 13.625 13.705 13.702 13.608 13.51 13.423 13.343 13.265 13.19 13.13 13.013 12.81 12.593 12.373 12.03 11.605 11.283 11.133 11.085 11.035 10.967 10.84 10.743 10.88 10.967 10.668 10.591 11.273 12.275 13.04 13.597 14.225 14.88 15.447 16.04 16.507 16.717 16.792 16.808 16.825 16.845 16.87 16.892 16.905 16.917 16.94 16.945 16.922 16.9 16.875 16.85 16.835 16.825 16.815 16.795 16.725 16.615 16.51
12.858 12.918 12.985 13.055 13.128 13.198 13.253 13.3 13.355 13.413 13.468 13.52 13.555 13.605 13.69 13.777 13.862 13.895 13.835 13.74 13.65 13.57 13.495 13.415 13.345 13.263 13.11 12.913 12.67 12.23 11.695 11.278 11.045 10.965 10.925 10.802 10.61 10.777 10.88 10.668 10.686 11.218 12.183 13.01 13.415 13.653 14.148 14.89 15.63 16.287 16.685 16.842 16.93 16.952 16.965 16.977 16.992 17.005 17.01 17.025 17.067 17.087 17.07 17.052 17.033 17.025 17.015 16.995 16.977 16.935 16.855 16.753 16.658
13 13.075 13.143 13.21 13.285 13.385 13.495 13.577 13.64 13.697 13.74 13.755 13.735 13.755 13.84 13.93 14.007 14.05 14.04 13.972 13.88 13.798 13.723 13.655 13.605 13.585 13.497 13.315 13.047 12.547 11.915 11.36 10.97 10.743 10.653 10.563 10.453 10.58 10.63 10.763 11.438 12.415 13.247 13.64 13.805 13.938 14.208 14.723 15.383 16.075 16.635 16.93 17.027 17.06 17.07 17.075 17.08 17.085 17.098 17.135 17.197 17.222 17.205 17.188 17.183 17.21 17.212 17.165 17.115 17.055 16.98 16.888 16.818
13.158 13.24 13.31 13.385 13.47 13.578 13.71 13.83 13.917 13.96 13.955 13.925 13.885 13.908 13.995 14.077 14.137 14.17 14.192 14.18 14.11 14.03 13.968 13.92 13.88 13.88 13.857 13.717 13.422 12.895 12.24 11.595 10.928 10.505 10.43 10.431 10.548 10.833 11.211 11.903 12.91 13.695 14.022 14.167 14.287 14.363 14.538 14.9 15.398 15.955 16.513 16.917 17.067 17.107 17.135 17.152 17.162 17.173 17.205 17.265 17.332 17.357 17.34 17.328 17.35 17.405 17.43 17.375 17.283 17.195 17.108 17.03 17
13.322 13.405 13.483 13.57 13.66 13.763 13.89 14.017 14.115 14.147 14.117 14.075 14.035 14.06 14.15 14.217 14.26 14.29 14.312 14.332 14.322 14.28 14.235 14.195 14.155 14.158 14.187 14.107 13.797 13.245 12.585 11.988 11.275 10.861 11.038 11.296 11.623 12.125 12.7 13.467 14.225 14.545 14.617 14.682 14.727 14.745 14.913 15.295 15.732 16.168 16.605 16.947 17.092 17.135 17.175 17.21 17.235 17.27 17.33 17.402 17.47 17.492 17.478 17.483 17.528 17.592 17.635 17.59 17.48 17.373 17.268 17.203 17.2
13.487 13.572 13.657 13.747 13.835 13.927 14.027 14.12 14.197 14.25 14.257 14.227 14.188 14.213 14.292 14.345 14.377 14.407 14.43 14.455 14.487 14.51 14.502 14.47 14.43 14.433 14.482 14.465 14.172 13.615 13.095 12.658 12.103 11.925 12.498 13.222 13.625 13.917 14.285 14.722 15.037 15.075 15.057 15.05 15.028 15.05 15.21 15.548 15.985 16.422 16.805 17.027 17.117 17.17 17.21 17.248 17.29 17.367 17.46 17.537 17.607 17.63 17.625 17.658 17.718 17.787 17.822 17.772 17.67 17.563 17.465 17.405 17.4
13.615 13.697 13.777 13.862 13.947 14.03 14.1 14.168 14.242 14.307 14.355 14.365 14.34 14.363 14.425 14.465 14.495 14.525 14.55 14.578 14.623 14.68 14.722 14.73 14.705 14.708 14.757 14.792 14.642 14.298 14.015 13.655 13.128 13.185 14.055 14.814 15.012 15.122 15.352 15.472 15.47 15.382 15.303 15.302 15.293 15.35 15.523 15.82 16.237 16.647 16.917 17.045 17.137 17.205 17.25 17.285 17.343 17.45 17.57 17.667 17.742 17.77 17.79 17.85 17.923 17.99 18 17.945 17.855 17.75 17.673 17.623 17.608
13.713 13.783 13.853 13.93 14.013 14.09 14.153 14.215 14.285 14.352 14.412 14.457 14.475 14.502 14.547 14.582 14.615 14.645 14.673 14.708 14.758 14.815 14.875 14.925 14.95 14.97 15 15.032 15.03 14.977 14.91 14.675 14.223 14.393 15.105 15.427 15.462 15.542 15.695 15.76 15.68 15.553 15.518 15.557 15.578 15.67 15.853 16.11 16.49 16.81 16.96 17.055 17.15 17.232 17.29 17.33 17.403 17.52 17.65 17.775 17.872 17.925 17.978 18.055 18.135 18.182 18.167 18.117 18.035 17.945 17.89 17.845 17.82
13.822 13.89 13.953 14.018 14.088 14.153 14.21 14.27 14.333 14.4 14.46 14.515 14.562 14.605 14.652 14.697 14.735 14.765 14.798 14.84 14.892 14.95 15.007 15.063 15.13 15.18 15.192 15.195 15.215 15.272 15.34 15.317 15.145 15.26 15.522 15.577 15.632 15.695 15.75 15.79 15.787 15.745 15.755 15.81 15.877 16.01 16.19 16.405 16.682 16.88 16.97 17.065 17.16 17.25 17.32 17.38 17.465 17.588 17.727 17.862 17.985 18.077 18.157 18.245 18.327 18.357 18.33 18.287 18.222 18.155 18.11 18.068 18.035
13.935 14.005 14.065 14.125 14.18 14.225 14.273 14.328 14.385 14.448 14.507 14.562 14.61 14.66 14.72 14.775 14.832 14.882 14.92 14.968 15.022 15.077 15.132 15.193 15.283 15.355 15.37 15.37 15.405 15.495 15.57 15.597 15.605 15.61 15.643 15.695 15.737 15.767 15.795 15.825 15.853 15.88 15.93 15.995 16.092 16.25 16.43 16.615 16.777 16.89 16.98 17.073 17.167 17.26 17.342 17.425 17.515 17.645 17.805 17.945 18.077 18.19 18.28 18.372 18.442 18.455 18.43 18.4 18.377 18.36 18.33 18.287 18.25
14.047 14.117 14.18 14.237 14.28 14.31 14.345 14.39 14.443 14.5 14.555 14.602 14.648 14.7 14.758 14.825 14.917 14.99 15.035 15.09 15.145 15.195 15.25 15.333 15.45 15.535 15.555 15.575 15.64 15.732 15.787 15.792 15.782 15.758 15.753 15.79 15.82 15.838 15.87 15.905 15.923 15.948 16.007 16.082 16.182 16.335 16.515 16.69 16.825 16.913 16.993 17.08 17.173 17.268 17.365 17.462 17.555 17.693 17.87 18.025 18.162 18.277 18.37 18.445 18.485 18.485 18.465 18.45 18.46 18.49 18.507 18.495 18.462
14.162 14.232 14.295 14.345 14.375 14.4 14.428 14.463 14.51 14.565 14.61 14.643 14.683 14.735 14.805 14.903 15.015 15.092 15.145 15.205 15.26 15.313 15.383 15.493 15.625 15.715 15.753 15.805 15.887 15.957 15.98 15.97 15.955 15.928 15.898 15.895 15.9 15.898 15.935 15.98 15.992 16.013 16.063 16.138 16.23 16.37 16.547 16.72 16.867 16.96 17.023 17.095 17.18 17.278 17.385 17.495 17.598 17.738 17.92 18.095 18.247 18.365 18.445 18.49 18.515 18.515 18.498 18.493 18.51 18.55 18.6 18.635 18.645
