EGM722_Project_Data/DTM_asc/TL4862.asc
ncols         200
nrows         200
xllcorner     548000.000
yllcorner     262000.000
cellsize      5
NODATA_value  -9999.0
[rows 0 to 34 of 200, columns 0 to 78 of 200]
5.678 5.675 5.705 5.755 5.8 5.792 5.76 5.773 5.805 5.835 5.865 5.895 5.925 5.968 6.038 6.135 6.24 6.337 6.415 6.452 6.468 6.485 6.502 6.505 6.49 6.467 6.44 6.415 6.405 6.405 6.4 6.375 6.34 6.313 6.315 6.34 6.327 6.277 6.225 6.173 6.125 6.088 6.055 6.023 5.99 5.955 5.897 5.82 5.75 5.695 5.665 5.655 5.642 5.625 5.6 5.573 5.545 5.508 5.505 5.537 5.562 5.585 5.592 5.582 5.565 5.55 5.55 5.56 5.573 5.587 5.602 5.612 5.615 5.613 5.605 5.6 5.61 5.627 5.62
5.638 5.66 5.705 5.752 5.797 5.817 5.817 5.835 5.865 5.895 5.922 5.95 5.978 6.01 6.063 6.148 6.245 6.34 6.41 6.437 6.453 6.47 6.482 6.475 6.455 6.435 6.415 6.405 6.41 6.415 6.412 6.387 6.345 6.313 6.318 6.35 6.355 6.32 6.272 6.222 6.17 6.125 6.09 6.055 6.018 5.98 5.922 5.845 5.768 5.703 5.67 5.658 5.645 5.633 5.613 5.588 5.563 5.535 5.533 5.558 5.58 5.6 5.607 5.595 5.578 5.563 5.56 5.573 5.587 5.6 5.607 5.61 5.61 5.613 5.615 5.625 5.645 5.657 5.645
5.58 5.632 5.7 5.75 5.79 5.817 5.847 5.887 5.92 5.947 5.972 6 6.03 6.058 6.103 6.183 6.263 6.342 6.402 6.423 6.438 6.453 6.458 6.448 6.433 6.42 6.41 6.41 6.42 6.425 6.42 6.395 6.355 6.315 6.303 6.317 6.327 6.307 6.262 6.217 6.172 6.138 6.117 6.092 6.058 6.02 5.965 5.89 5.805 5.725 5.683 5.668 5.655 5.648 5.64 5.62 5.595 5.58 5.58 5.598 5.618 5.63 5.625 5.605 5.59 5.575 5.57 5.585 5.6 5.61 5.615 5.615 5.618 5.628 5.64 5.655 5.672 5.675 5.655
5.478 5.545 5.645 5.712 5.745 5.757 5.81 5.895 5.942 5.972 6.002 6.035 6.067 6.097 6.155 6.27 6.345 6.362 6.405 6.442 6.46 6.475 6.465 6.448 6.44 6.433 6.425 6.423 6.427 6.43 6.417 6.39 6.357 6.315 6.278 6.263 6.265 6.25 6.208 6.17 6.145 6.138 6.14 6.132 6.112 6.08 6.022 5.942 5.847 5.75 5.698 5.685 5.675 5.673 5.677 5.67 5.65 5.645 5.652 5.66 5.667 5.667 5.65 5.62 5.598 5.583 5.58 5.595 5.61 5.622 5.63 5.63 5.638 5.655 5.672 5.685 5.69 5.68 5.655
5.353 5.42 5.545 5.637 5.665 5.66 5.68 5.817 5.937 5.972 6.007 6.042 6.077 6.112 6.16 6.272 6.365 6.355 6.388 6.475 6.522 6.542 6.52 6.48 6.465 6.455 6.445 6.438 6.435 6.43 6.41 6.38 6.35 6.312 6.27 6.235 6.213 6.19 6.165 6.15 6.148 6.152 6.155 6.155 6.15 6.132 6.075 5.98 5.875 5.77 5.715 5.705 5.698 5.7 5.71 5.715 5.707 5.705 5.71 5.71 5.707 5.702 5.687 5.653 5.613 5.588 5.588 5.605 5.62 5.635 5.645 5.65 5.665 5.685 5.702 5.705 5.695 5.68 5.658
5.228 5.305 5.45 5.56 5.58 5.555 5.525 5.663 5.88 5.967 6.003 6.037 6.073 6.11 6.143 6.188 6.272 6.305 6.34 6.455 6.552 6.607 6.595 6.535 6.495 6.48 6.467 6.455 6.445 6.427 6.4 6.37 6.34 6.307 6.272 6.235 6.195 6.165 6.155 6.158 6.162 6.165 6.165 6.165 6.162 6.155 6.107 6.01 5.9 5.793 5.735 5.728 5.728 5.732 5.737 5.742 5.742 5.745 5.75 5.747 5.743 5.74 5.732 5.7 5.65 5.608 5.598 5.615 5.633 5.65 5.663 5.675 5.695 5.71 5.715 5.705 5.687 5.672 5.66
5.105 5.195 5.358 5.47 5.478 5.44 5.403 5.48 5.73 5.932 5.997 6.033 6.073 6.115 6.15 6.155 6.198 6.242 6.29 6.405 6.525 6.627 6.66 6.607 6.52 6.465 6.445 6.425 6.412 6.402 6.38 6.35 6.32 6.295 6.275 6.245 6.205 6.178 6.17 6.173 6.177 6.172 6.162 6.155 6.145 6.135 6.095 6.012 5.917 5.815 5.755 5.753 5.757 5.757 5.755 5.755 5.755 5.762 5.772 5.777 5.78 5.777 5.772 5.745 5.695 5.655 5.645 5.66 5.68 5.685 5.685 5.7 5.717 5.725 5.71 5.683 5.662 5.647 5.642
4.99 5.148 5.363 5.46 5.453 5.395 5.34 5.355 5.595 5.898 6.008 6.035 6.077 6.12 6.155 6.157 6.153 6.173 6.24 6.355 6.48 6.612 6.697 6.655 6.508 6.4 6.37 6.345 6.34 6.357 6.352 6.325 6.295 6.275 6.27 6.255 6.218 6.19 6.188 6.19 6.185 6.165 6.14 6.12 6.105 6.095 6.055 5.98 5.902 5.823 5.775 5.772 5.775 5.77 5.765 5.765 5.763 5.765 5.778 5.792 5.802 5.807 5.81 5.787 5.75 5.73 5.728 5.74 5.75 5.725 5.703 5.715 5.73 5.735 5.707 5.66 5.63 5.613 5.608
5.19 5.357 5.48 5.547 5.555 5.495 5.47 5.565 5.835 6.075 6.1 6.068 6.08 6.12 6.157 6.165 6.14 6.13 6.195 6.322 6.462 6.61 6.722 6.67 6.48 6.34 6.29 6.27 6.275 6.305 6.317 6.3 6.27 6.255 6.257 6.257 6.232 6.205 6.202 6.197 6.175 6.145 6.115 6.088 6.068 6.055 6.015 5.943 5.875 5.815 5.783 5.78 5.78 5.778 5.775 5.775 5.77 5.768 5.78 5.795 5.807 5.822 5.832 5.827 5.822 5.82 5.812 5.817 5.802 5.75 5.72 5.728 5.74 5.745 5.715 5.66 5.613 5.58 5.573
5.54 5.582 5.58 5.637 5.682 5.718 5.817 6.012 6.245 6.332 6.267 6.188 6.13 6.13 6.165 6.172 6.148 6.125 6.148 6.248 6.387 6.532 6.662 6.64 6.46 6.29 6.208 6.198 6.215 6.245 6.27 6.27 6.248 6.238 6.243 6.25 6.24 6.222 6.21 6.185 6.155 6.125 6.095 6.065 6.037 6.012 5.975 5.92 5.865 5.81 5.78 5.783 5.785 5.793 5.8 5.798 5.79 5.78 5.783 5.795 5.807 5.82 5.83 5.837 5.85 5.862 5.865 5.865 5.832 5.77 5.738 5.74 5.75 5.755 5.725 5.668 5.613 5.563 5.543
5.707 5.665 5.663 5.728 5.788 5.895 6.067 6.247 6.392 6.42 6.36 6.297 6.232 6.195 6.19 6.18 6.16 6.14 6.13 6.163 6.245 6.365 6.505 6.527 6.402 6.24 6.135 6.128 6.155 6.19 6.23 6.242 6.23 6.228 6.233 6.238 6.238 6.227 6.202 6.17 6.14 6.11 6.08 6.027 5.97 5.927 5.902 5.895 5.865 5.813 5.785 5.793 5.805 5.825 5.84 5.835 5.825 5.802 5.785 5.79 5.8 5.813 5.822 5.825 5.833 5.85 5.865 5.865 5.837 5.785 5.753 5.755 5.762 5.765 5.735 5.675 5.618 5.573 5.555
5.86 5.79 5.763 5.825 5.88 5.978 6.142 6.3 6.415 6.442 6.383 6.32 6.28 6.247 6.212 6.19 6.175 6.158 6.15 6.155 6.175 6.225 6.333 6.372 6.285 6.16 6.075 6.08 6.12 6.165 6.21 6.222 6.218 6.223 6.228 6.235 6.245 6.235 6.2 6.165 6.135 6.105 6.065 5.975 5.865 5.798 5.785 5.81 5.817 5.802 5.8 5.818 5.84 5.865 5.88 5.875 5.855 5.812 5.783 5.785 5.795 5.807 5.815 5.815 5.818 5.83 5.842 5.842 5.83 5.79 5.763 5.77 5.775 5.772 5.74 5.683 5.635 5.61 5.605
5.927 5.877 5.868 5.923 5.97 6.06 6.2 6.327 6.43 6.47 6.42 6.343 6.278 6.235 6.21 6.197 6.187 6.175 6.17 6.175 6.18 6.183 6.223 6.245 6.195 6.128 6.088 6.09 6.12 6.165 6.2 6.208 6.213 6.223 6.233 6.25 6.265 6.26 6.225 6.178 6.138 6.105 6.04 5.92 5.783 5.68 5.658 5.693 5.735 5.775 5.81 5.845 5.877 5.905 5.92 5.902 5.86 5.808 5.78 5.783 5.79 5.797 5.8 5.8 5.8 5.81 5.817 5.815 5.81 5.788 5.773 5.777 5.78 5.777 5.745 5.7 5.675 5.66 5.655
5.903 5.92 5.978 6.028 6.065 6.133 6.235 6.343 6.447 6.502 6.465 6.385 6.305 6.235 6.203 6.2 6.197 6.192 6.19 6.192 6.195 6.195 6.195 6.188 6.175 6.167 6.16 6.152 6.158 6.177 6.197 6.207 6.22 6.235 6.25 6.267 6.282 6.287 6.26 6.208 6.155 6.102 6.012 5.883 5.745 5.623 5.588 5.635 5.695 5.755 5.805 5.85 5.892 5.927 5.937 5.902 5.85 5.803 5.78 5.78 5.783 5.785 5.785 5.785 5.785 5.79 5.793 5.79 5.788 5.783 5.78 5.78 5.78 5.78 5.762 5.74 5.725 5.71 5.705
5.963 6.058 6.182 6.255 6.29 6.31 6.353 6.428 6.505 6.55 6.517 6.445 6.37 6.265 6.2 6.2 6.2 6.2 6.197 6.195 6.195 6.192 6.187 6.175 6.165 6.17 6.18 6.185 6.185 6.185 6.185 6.192 6.21 6.23 6.25 6.267 6.285 6.305 6.29 6.24 6.182 6.092 5.985 5.877 5.75 5.625 5.588 5.63 5.685 5.742 5.792 5.84 5.885 5.917 5.917 5.88 5.83 5.793 5.78 5.78 5.78 5.78 5.78 5.78 5.78 5.78 5.78 5.78 5.78 5.78 5.78 5.78 5.78 5.78 5.777 5.772 5.765 5.757 5.752
6.123 6.267 6.432 6.565 6.62 6.585 6.583 6.632 6.635 6.6 6.565 6.522 6.432 6.285 6.2 6.2 6.2 6.197 6.193 6.188 6.185 6.185 6.177 6.16 6.143 6.14 6.155 6.17 6.175 6.172 6.163 6.155 6.165 6.187 6.212 6.235 6.26 6.297 6.31 6.272 6.192 6.065 5.94 5.852 5.757 5.645 5.605 5.638 5.678 5.728 5.78 5.83 5.867 5.885 5.88 5.845 5.803 5.783 5.78 5.78 5.78 5.78 5.78 5.78 5.78 5.78 5.78 5.78 5.78 5.78 5.78 5.78 5.78 5.78 5.78 5.78 5.78 5.78 5.777
6.305 6.453 6.627 6.777 6.832 6.802 6.787 6.782 6.717 6.62 6.577 6.547 6.445 6.29 6.203 6.2 6.2 6.195 6.188 6.182 6.178 6.175 6.165 6.145 6.123 6.113 6.125 6.145 6.157 6.157 6.147 6.133 6.125 6.135 6.158 6.188 6.23 6.28 6.32 6.292 6.175 6.025 5.883 5.79 5.73 5.653 5.625 5.655 5.685 5.723 5.773 5.815 5.835 5.845 5.84 5.81 5.785 5.78 5.78 5.78 5.78 5.78 5.78 5.78 5.78 5.78 5.78 5.78 5.78 5.78 5.78 5.78 5.78 5.78 5.78 5.78 5.78 5.78 5.78
6.5 6.64 6.785 6.87 6.89 6.89 6.865 6.8 6.712 6.618 6.555 6.493 6.39 6.273 6.205 6.215 6.233 6.218 6.19 6.178 6.173 6.168 6.152 6.13 6.108 6.09 6.095 6.115 6.132 6.142 6.135 6.117 6.102 6.095 6.11 6.15 6.202 6.252 6.3 6.272 6.14 5.985 5.833 5.733 5.695 5.665 5.66 5.685 5.715 5.745 5.778 5.798 5.8 5.805 5.803 5.788 5.78 5.78 5.78 5.78 5.78 5.78 5.78 5.78 5.78 5.78 5.78 5.78 5.78 5.78 5.78 5.78 5.78 5.78 5.78 5.78 5.78 5.78 5.78
6.65 6.787 6.87 6.89 6.89 6.89 6.867 6.8 6.71 6.645 6.615 6.568 6.475 6.393 6.41 6.502 6.527 6.46 6.375 6.3 6.235 6.178 6.138 6.115 6.095 6.075 6.07 6.085 6.105 6.117 6.105 6.08 6.062 6.047 6.048 6.077 6.125 6.172 6.215 6.205 6.097 5.943 5.798 5.728 5.723 5.718 5.718 5.73 5.755 5.785 5.807 5.813 5.805 5.8 5.79 5.78 5.78 5.78 5.78 5.78 5.78 5.78 5.78 5.78 5.78 5.78 5.78 5.78 5.78 5.78 5.78 5.78 5.78 5.78 5.78 5.78 5.78 5.78 5.78
6.7 6.832 6.88 6.887 6.89 6.89 6.875 6.815 6.745 6.728 6.745 6.75 6.712 6.692 6.742 6.802 6.775 6.67 6.55 6.42 6.295 6.185 6.125 6.102 6.08 6.063 6.055 6.063 6.08 6.087 6.062 6.025 6 5.983 5.973 5.978 6.01 6.057 6.095 6.105 6.037 5.898 5.785 5.765 5.787 5.79 5.785 5.788 5.803 5.83 5.852 5.855 5.842 5.825 5.798 5.78 5.78 5.78 5.78 5.78 5.78 5.78 5.78 5.78 5.78 5.78 5.78 5.78 5.78 5.78 5.78 5.78 5.78 5.78 5.78 5.78 5.78 5.78 5.78
6.697 6.817 6.855 6.87 6.877 6.885 6.882 6.85 6.827 6.835 6.842 6.85 6.847 6.847 6.835 6.792 6.722 6.625 6.517 6.405 6.287 6.173 6.11 6.087 6.065 6.048 6.043 6.048 6.057 6.06 6.03 5.983 5.943 5.918 5.908 5.903 5.91 5.943 5.975 5.985 5.957 5.86 5.79 5.808 5.84 5.855 5.855 5.855 5.863 5.882 5.897 5.89 5.867 5.837 5.803 5.783 5.78 5.78 5.78 5.78 5.78 5.78 5.78 5.78 5.78 5.78 5.78 5.78 5.78 5.78 5.78 5.78 5.78 5.78 5.78 5.78 5.78 5.78 5.78
6.695 6.802 6.82 6.825 6.827 6.835 6.84 6.852 6.87 6.872 6.867 6.862 6.852 6.815 6.768 6.722 6.647 6.552 6.455 6.357 6.255 6.15 6.09 6.07 6.05 6.033 6.028 6.032 6.037 6.03 5.995 5.947 5.9 5.86 5.843 5.838 5.833 5.843 5.858 5.86 5.857 5.828 5.815 5.85 5.885 5.91 5.922 5.925 5.927 5.932 5.93 5.91 5.877 5.842 5.81 5.788 5.78 5.78 5.78 5.78 5.78 5.78 5.78 5.78 5.78 5.78 5.78 5.78 5.78 5.78 5.78 5.78 5.78 5.78 5.78 5.78 5.78 5.78 5.78
6.647 6.73 6.717 6.712 6.707 6.705 6.715 6.757 6.817 6.84 6.835 6.83 6.81 6.755 6.7 6.655 6.575 6.478 6.382 6.285 6.193 6.118 6.07 6.045 6.025 6.01 6.008 6.012 6.005 5.967 5.915 5.87 5.825 5.8 5.793 5.78 5.775 5.773 5.77 5.77 5.773 5.785 5.812 5.847 5.88 5.91 5.93 5.935 5.935 5.932 5.925 5.905 5.872 5.84 5.807 5.785 5.78 5.78 5.78 5.78 5.78 5.78 5.78 5.78 5.78 5.78 5.78 5.78 5.78 5.78 5.78 5.78 5.78 5.78 5.78 5.78 5.78 5.78 5.788
6.555 6.617 6.573 6.548 6.54 6.535 6.555 6.61 6.69 6.765 6.8 6.8 6.77 6.698 6.633 6.582 6.502 6.405 6.308 6.218 6.143 6.09 6.047 6.015 5.997 5.985 5.982 5.975 5.932 5.86 5.795 5.75 5.733 5.76 5.767 5.738 5.723 5.718 5.715 5.715 5.723 5.74 5.768 5.8 5.83 5.86 5.88 5.887 5.89 5.89 5.89 5.882 5.86 5.827 5.795 5.78 5.78 5.78 5.78 5.78 5.78 5.78 5.78 5.78 5.78 5.78 5.78 5.78 5.78 5.78 5.78 5.78 5.78 5.78 5.78 5.78 5.78 5.78 5.795
6.462 6.527 6.468 6.4 6.378 6.368 6.395 6.458 6.525 6.612 6.705 6.755 6.732 6.648 6.57 6.51 6.427 6.333 6.243 6.17 6.117 6.072 6.012 5.927 5.922 5.96 5.947 5.905 5.825 5.74 5.678 5.66 5.695 5.747 5.75 5.71 5.678 5.665 5.665 5.668 5.678 5.695 5.72 5.75 5.78 5.807 5.825 5.837 5.845 5.845 5.845 5.845 5.837 5.812 5.788 5.78 5.78 5.78 5.78 5.78 5.78 5.78 5.78 5.78 5.78 5.78 5.78 5.78 5.78 5.78 5.78 5.78 5.78 5.78 5.78 5.78 5.78 5.78 5.798
6.375 6.445 6.392 6.29 6.233 6.208 6.235 6.303 6.37 6.443 6.54 6.65 6.677 6.6 6.51 6.44 6.355 6.265 6.197 6.145 6.08 6 5.875 5.685 5.66 5.822 5.875 5.797 5.705 5.62 5.588 5.625 5.685 5.732 5.73 5.69 5.65 5.62 5.613 5.623 5.635 5.65 5.675 5.703 5.728 5.753 5.77 5.783 5.793 5.798 5.8 5.8 5.8 5.793 5.783 5.78 5.78 5.78 5.78 5.78 5.78 5.78 5.78 5.78 5.78 5.78 5.78 5.78 5.78 5.78 5.78 5.78 5.78 5.78 5.78 5.78 5.78 5.783 5.803
6.307 6.375 6.33 6.212 6.123 6.083 6.095 6.15 6.22 6.29 6.373 6.487 6.552 6.522 6.45 6.367 6.29 6.215 6.14 6.06 5.96 5.815 5.607 5.373 5.318 5.583 5.742 5.65 5.583 5.54 5.553 5.615 5.672 5.705 5.692 5.655 5.615 5.58 5.573 5.588 5.603 5.623 5.648 5.673 5.695 5.715 5.735 5.753 5.765 5.775 5.78 5.78 5.78 5.78 5.78 5.78 5.78 5.78 5.78 5.78 5.78 5.78 5.78 5.78 5.78 5.78 5.78 5.78 5.78 5.78 5.785 5.79 5.79 5.793 5.793 5.793 5.795 5.798 5.818
6.235 6.252 6.19 6.082 6.015 5.998 6.003 6.02 6.07 6.14 6.22 6.312 6.365 6.372 6.352 6.29 6.205 6.115 6.01 5.892 5.75 5.545 5.353 5.23 5.215 5.438 5.595 5.543 5.52 5.52 5.55 5.607 5.645 5.65 5.632 5.6 5.56 5.54 5.548 5.563 5.583 5.608 5.633 5.657 5.675 5.685 5.708 5.74 5.762 5.775 5.78 5.78 5.78 5.78 5.78 5.78 5.78 5.78 5.78 5.78 5.78 5.78 5.78 5.78 5.78 5.78 5.78 5.78 5.78 5.78 5.792 5.81 5.815 5.82 5.82 5.818 5.82 5.823 5.843
6.095 6.05 5.985 5.915 5.895 5.907 5.92 5.925 5.943 5.993 6.07 6.137 6.165 6.155 6.117 6.1 6.052 5.942 5.827 5.685 5.515 5.365 5.29 5.28 5.298 5.423 5.525 5.52 5.52 5.52 5.547 5.585 5.59 5.58 5.567 5.54 5.508 5.505 5.523 5.54 5.565 5.593 5.617 5.635 5.64 5.648 5.675 5.715 5.747 5.77 5.78 5.78 5.78 5.78 5.78 5.78 5.78 5.78 5.78 5.78 5.78 5.78 5.78 5.78 5.78 5.78 5.78 5.78 5.78 5.78 5.795 5.822 5.84 5.85 5.85 5.845 5.845 5.848 5.865
5.99 5.91 5.833 5.788 5.788 5.803 5.818 5.833 5.843 5.865 5.915 5.928 5.89 5.83 5.755 5.768 5.817 5.76 5.63 5.505 5.42 5.388 5.383 5.38 5.385 5.455 5.52 5.523 5.525 5.523 5.53 5.533 5.52 5.51 5.5 5.48 5.468 5.477 5.497 5.522 5.55 5.58 5.597 5.6 5.6 5.613 5.643 5.68 5.72 5.757 5.777 5.78 5.78 5.78 5.78 5.78 5.78 5.78 5.78 5.78 5.78 5.78 5.78 5.78 5.78 5.78 5.78 5.78 5.78 5.783 5.8 5.827 5.852 5.872 5.877 5.875 5.875 5.875 5.875
5.96 5.853 5.743 5.7 5.713 5.733 5.753 5.77 5.788 5.803 5.813 5.77 5.683 5.6 5.545 5.553 5.6 5.598 5.528 5.485 5.485 5.485 5.482 5.48 5.48 5.5 5.52 5.525 5.54 5.547 5.54 5.525 5.508 5.493 5.478 5.45 5.433 5.44 5.46 5.49 5.52 5.557 5.582 5.583 5.583 5.6 5.63 5.665 5.708 5.75 5.775 5.78 5.78 5.78 5.78 5.78 5.78 5.78 5.78 5.78 5.78 5.78 5.78 5.78 5.78 5.78 5.78 5.78 5.78 5.785 5.802 5.828 5.855 5.875 5.88 5.88 5.88 5.877 5.86
5.915 5.81 5.72 5.688 5.705 5.728 5.75 5.77 5.785 5.792 5.787 5.735 5.648 5.568 5.525 5.52 5.52 5.525 5.535 5.545 5.55 5.55 5.55 5.55 5.537 5.522 5.52 5.523 5.545 5.575 5.585 5.575 5.555 5.532 5.507 5.46 5.405 5.39 5.41 5.44 5.478 5.533 5.577 5.588 5.598 5.628 5.655 5.68 5.715 5.755 5.777 5.78 5.78 5.78 5.78 5.78 5.78 5.78 5.78 5.78 5.78 5.78 5.78 5.78 5.78 5.78 5.78 5.78 5.78 5.783 5.798 5.825 5.847 5.855 5.855 5.855 5.855 5.85 5.827
5.888 5.808 5.748 5.72 5.73 5.75 5.767 5.78 5.785 5.785 5.782 5.735 5.645 5.56 5.52 5.523 5.525 5.528 5.538 5.56 5.582 5.59 5.59 5.577 5.543 5.52 5.52 5.52 5.535 5.57 5.602 5.612 5.597 5.57 5.535 5.475 5.398 5.353 5.36 5.398 5.453 5.517 5.572 5.598 5.625 5.67 5.697 5.713 5.733 5.765 5.785 5.785 5.785 5.785 5.785 5.783 5.78 5.783 5.783 5.78 5.78 5.78 5.78 5.78 5.78 5.78 5.78 5.78 5.78 5.78 5.795 5.817 5.825 5.825 5.825 5.825 5.825 5.82 5.795
5.898 5.835 5.78 5.753 5.755 5.765 5.772 5.775 5.775 5.775 5.775 5.732 5.645 5.563 5.525 5.527 5.53 5.533 5.538 5.558 5.59 5.612 5.612 5.582 5.54 5.52 5.52 5.52 5.528 5.555 5.595 5.625 5.63 5.607 5.553 5.478 5.405 5.343 5.333 5.38 5.443 5.505 5.568 5.615 5.66 5.712 5.742 5.755 5.765 5.78 5.79 5.79 5.79 5.79 5.79 5.787 5.785 5.787 5.787 5.783 5.78 5.78 5.78 5.78 5.78 5.78 5.78 5.78 5.78 5.78 5.788 5.795 5.795 5.795 5.795 5.795 5.795 5.787 5.76
5.9 5.84 5.79 5.77 5.77 5.77 5.77 5.77 5.77 5.77 5.767 5.727 5.643 5.563 5.53 5.53 5.533 5.537 5.543 5.553 5.578 5.61 5.61 5.577 5.54 5.52 5.52 5.52 5.523 5.545 5.582 5.617 5.645 5.645 5.608 5.553 5.495 5.433 5.395 5.415 5.47 5.528 5.583 5.633 5.685 5.742 5.775 5.782 5.787 5.79 5.79 5.79 5.79 5.79 5.79 5.79 5.79 5.79 5.79 5.787 5.785 5.783 5.78 5.78 5.78 5.783 5.787 5.79 5.79 5.79 5.79 5.79 5.788 5.778 5.77 5.77 5.765 5.747 5.712
