EGM722_Project_Data/DTM_asc/TL4857.asc
ncols         200
nrows         200
xllcorner     548000.000
yllcorner     257000.000
cellsize      5
NODATA_value  -9999.0
[rows 165 to 197 of 200, columns 74 to 147 of 200]
14.875 14.945 15.097 15.237 15.347 15.445 15.54 15.617 15.652 15.657 15.66 15.668 15.745 15.867 15.965 16.053 16.138 16.24 16.343 16.425 16.52 16.635 16.76 16.87 16.95 17.035 17.097 17.128 17.223 17.363 17.493 17.623 17.75 17.878 18.005 18.145 18.235 18.26 18.277 18.295 18.307 18.315 18.32 18.325 18.34 18.365 18.395 18.433 18.5 18.587 18.672 18.747 18.777 18.775 18.77 18.768 18.773 18.775 18.768 18.75 18.728 18.703 18.665 18.66 18.71 18.77 18.835 18.895 18.932 18.932 18.91 18.89 18.875 18.88
14.813 14.898 15.065 15.207 15.312 15.4 15.49 15.57 15.607 15.617 15.627 15.638 15.695 15.787 15.873 15.96 16.047 16.125 16.193 16.26 16.353 16.465 16.578 16.693 16.787 16.852 16.89 16.923 17.01 17.135 17.255 17.378 17.525 17.685 17.835 18.005 18.135 18.18 18.2 18.222 18.24 18.25 18.257 18.265 18.28 18.302 18.33 18.363 18.418 18.5 18.585 18.665 18.715 18.725 18.72 18.715 18.715 18.715 18.708 18.693 18.673 18.645 18.623 18.638 18.69 18.753 18.818 18.883 18.935 18.945 18.925 18.902 18.883 18.878
14.708 14.823 14.997 15.152 15.252 15.32 15.4 15.48 15.52 15.535 15.552 15.568 15.618 15.703 15.788 15.875 15.962 16.032 16.09 16.155 16.24 16.34 16.44 16.537 16.617 16.667 16.705 16.75 16.84 16.962 17.072 17.183 17.333 17.51 17.675 17.855 18.022 18.1 18.123 18.15 18.17 18.18 18.19 18.202 18.218 18.235 18.26 18.288 18.325 18.388 18.468 18.55 18.62 18.662 18.67 18.665 18.668 18.677 18.682 18.675 18.658 18.638 18.638 18.663 18.705 18.76 18.823 18.887 18.932 18.942 18.93 18.908 18.89 18.878
14.605 14.75 14.925 15.095 15.2 15.253 15.318 15.39 15.432 15.447 15.465 15.485 15.538 15.623 15.708 15.795 15.875 15.935 15.99 16.053 16.135 16.235 16.322 16.392 16.45 16.495 16.535 16.58 16.668 16.782 16.885 16.988 17.128 17.31 17.49 17.675 17.86 17.985 18.045 18.08 18.1 18.11 18.123 18.14 18.155 18.17 18.19 18.213 18.243 18.285 18.348 18.425 18.502 18.57 18.607 18.615 18.623 18.637 18.65 18.655 18.65 18.653 18.675 18.705 18.74 18.78 18.83 18.892 18.93 18.935 18.93 18.915 18.897 18.883
14.515 14.68 14.855 15.03 15.147 15.205 15.255 15.3 15.33 15.347 15.365 15.395 15.46 15.547 15.633 15.717 15.788 15.84 15.893 15.95 16.02 16.103 16.175 16.238 16.295 16.338 16.375 16.418 16.493 16.595 16.695 16.795 16.925 17.095 17.27 17.448 17.617 17.765 17.882 17.975 18.03 18.045 18.06 18.078 18.093 18.11 18.125 18.143 18.17 18.205 18.248 18.305 18.38 18.455 18.52 18.56 18.577 18.593 18.607 18.625 18.645 18.67 18.702 18.737 18.775 18.812 18.852 18.9 18.925 18.925 18.925 18.917 18.903 18.89
14.43 14.568 14.745 14.932 15.067 15.125 15.152 15.17 15.185 15.202 15.228 15.275 15.362 15.47 15.565 15.65 15.718 15.77 15.82 15.873 15.925 15.985 16.055 16.125 16.185 16.228 16.265 16.303 16.355 16.435 16.53 16.63 16.755 16.915 17.083 17.243 17.388 17.528 17.67 17.815 17.937 17.992 18.008 18.023 18.038 18.055 18.07 18.108 18.143 18.163 18.198 18.243 18.31 18.388 18.458 18.507 18.53 18.545 18.563 18.588 18.625 18.662 18.7 18.737 18.775 18.815 18.855 18.887 18.9 18.902 18.907 18.91 18.905 18.892
14.375 14.453 14.593 14.78 14.917 14.967 14.985 14.995 15.01 15.033 15.078 15.145 15.243 15.365 15.48 15.582 15.66 15.715 15.767 15.82 15.865 15.913 15.973 16.04 16.1 16.147 16.19 16.228 16.268 16.32 16.395 16.49 16.615 16.772 16.93 17.072 17.208 17.348 17.49 17.635 17.802 17.925 17.96 17.975 17.99 18.005 18.043 18.127 18.177 18.165 18.18 18.228 18.293 18.365 18.42 18.457 18.48 18.495 18.52 18.555 18.595 18.635 18.675 18.712 18.747 18.785 18.825 18.855 18.865 18.873 18.888 18.9 18.9 18.887
14.35 14.403 14.48 14.613 14.72 14.765 14.8 14.82 14.838 14.88 14.95 15.025 15.118 15.235 15.363 15.495 15.592 15.653 15.712 15.77 15.815 15.853 15.895 15.955 16.015 16.065 16.112 16.152 16.193 16.235 16.285 16.358 16.473 16.62 16.762 16.897 17.033 17.17 17.31 17.453 17.63 17.812 17.902 17.925 17.94 17.975 18.063 18.18 18.232 18.2 18.18 18.213 18.27 18.325 18.368 18.403 18.43 18.455 18.488 18.525 18.565 18.605 18.645 18.685 18.72 18.755 18.795 18.822 18.838 18.855 18.875 18.892 18.895 18.882
14.353 14.42 14.488 14.52 14.54 14.578 14.615 14.648 14.69 14.76 14.84 14.918 15.01 15.133 15.27 15.415 15.525 15.59 15.652 15.712 15.76 15.795 15.83 15.877 15.93 15.98 16.03 16.075 16.118 16.16 16.2 16.248 16.335 16.463 16.593 16.723 16.858 16.995 17.135 17.273 17.445 17.655 17.815 17.877 17.913 17.995 18.113 18.237 18.29 18.255 18.213 18.213 18.25 18.29 18.33 18.363 18.39 18.425 18.463 18.5 18.54 18.58 18.625 18.668 18.703 18.74 18.772 18.795 18.82 18.845 18.867 18.887 18.89 18.875
14.485 14.54 14.532 14.45 14.408 14.44 14.47 14.515 14.595 14.69 14.775 14.855 14.95 15.078 15.222 15.357 15.45 15.51 15.57 15.63 15.68 15.717 15.755 15.795 15.84 15.89 15.943 15.997 16.045 16.085 16.125 16.173 16.245 16.355 16.483 16.605 16.733 16.868 17.003 17.13 17.288 17.488 17.685 17.825 17.927 18.047 18.17 18.295 18.355 18.333 18.298 18.29 18.318 18.355 18.38 18.383 18.388 18.41 18.445 18.485 18.525 18.568 18.625 18.682 18.717 18.737 18.745 18.757 18.787 18.817 18.847 18.875 18.88 18.865
14.665 14.605 14.477 14.34 14.3 14.33 14.365 14.428 14.525 14.635 14.735 14.82 14.915 15.042 15.175 15.282 15.357 15.413 15.47 15.53 15.58 15.62 15.66 15.703 15.75 15.8 15.86 15.925 15.975 16.018 16.065 16.125 16.198 16.3 16.425 16.537 16.655 16.785 16.91 17.02 17.163 17.355 17.553 17.742 17.92 18.075 18.207 18.332 18.425 18.445 18.425 18.43 18.462 18.48 18.457 18.427 18.42 18.425 18.443 18.475 18.515 18.56 18.627 18.687 18.71 18.71 18.7 18.705 18.733 18.768 18.81 18.855 18.87 18.855
14.68 14.525 14.365 14.23 14.19 14.22 14.268 14.345 14.445 14.56 14.672 14.772 14.878 14.995 15.097 15.185 15.26 15.318 15.373 15.43 15.48 15.523 15.565 15.61 15.66 15.715 15.785 15.855 15.908 15.96 16.023 16.09 16.16 16.253 16.362 16.465 16.58 16.702 16.81 16.905 17.045 17.237 17.43 17.622 17.827 18.02 18.185 18.335 18.465 18.547 18.56 18.57 18.582 18.545 18.483 18.455 18.46 18.463 18.468 18.48 18.505 18.55 18.602 18.63 18.642 18.652 18.65 18.653 18.678 18.72 18.778 18.837 18.86 18.845
14.47 14.415 14.255 14.12 14.08 14.118 14.18 14.265 14.365 14.48 14.595 14.707 14.837 14.95 15.028 15.108 15.175 15.228 15.283 15.338 15.385 15.43 15.475 15.52 15.575 15.643 15.718 15.788 15.85 15.915 15.985 16.055 16.125 16.205 16.298 16.395 16.503 16.608 16.7 16.79 16.928 17.113 17.3 17.49 17.69 17.885 18.065 18.237 18.4 18.557 18.66 18.677 18.637 18.565 18.503 18.49 18.502 18.507 18.51 18.51 18.515 18.535 18.548 18.548 18.56 18.578 18.588 18.598 18.633 18.693 18.76 18.825 18.85 18.835
14.067 14.22 14.14 14.008 13.973 14.025 14.103 14.188 14.285 14.4 14.515 14.615 14.755 14.93 15.045 15.118 15.158 15.18 15.23 15.285 15.318 15.345 15.385 15.433 15.51 15.597 15.67 15.743 15.813 15.88 15.95 16.02 16.09 16.163 16.243 16.333 16.43 16.525 16.615 16.71 16.85 17.033 17.218 17.395 17.565 17.733 17.898 18.06 18.205 18.352 18.542 18.657 18.64 18.577 18.53 18.53 18.545 18.55 18.55 18.547 18.545 18.535 18.52 18.515 18.523 18.535 18.548 18.568 18.613 18.678 18.745 18.812 18.84 18.825
13.673 13.887 13.965 13.898 13.875 13.94 14.025 14.11 14.205 14.32 14.425 14.5 14.643 14.88 15.082 15.195 15.217 15.198 15.215 15.262 15.28 15.278 15.3 15.35 15.445 15.557 15.642 15.717 15.787 15.853 15.92 15.99 16.06 16.13 16.2 16.28 16.373 16.468 16.563 16.665 16.81 16.995 17.167 17.315 17.455 17.603 17.755 17.897 17.962 18.008 18.223 18.47 18.557 18.555 18.547 18.562 18.58 18.585 18.585 18.582 18.575 18.555 18.53 18.52 18.525 18.535 18.545 18.565 18.61 18.668 18.73 18.8 18.83 18.815
13.425 13.573 13.71 13.752 13.783 13.86 13.945 14.03 14.127 14.232 14.307 14.378 14.543 14.788 15.032 15.232 15.3 15.26 15.225 15.238 15.25 15.235 15.233 15.268 15.36 15.488 15.602 15.69 15.76 15.825 15.89 15.96 16.03 16.097 16.163 16.235 16.32 16.418 16.523 16.628 16.77 16.94 17.082 17.21 17.343 17.485 17.63 17.735 17.678 17.648 17.888 18.185 18.36 18.47 18.537 18.57 18.597 18.61 18.615 18.615 18.605 18.577 18.543 18.523 18.525 18.535 18.545 18.565 18.61 18.665 18.723 18.787 18.817 18.81
13.235 13.355 13.473 13.572 13.67 13.775 13.867 13.95 14.042 14.122 14.17 14.258 14.45 14.695 14.937 15.155 15.297 15.33 15.285 15.245 15.23 15.215 15.2 15.218 15.303 15.428 15.553 15.658 15.733 15.798 15.863 15.93 16 16.065 16.127 16.192 16.273 16.375 16.485 16.593 16.715 16.85 16.977 17.102 17.23 17.365 17.502 17.575 17.428 17.358 17.58 17.848 18.062 18.242 18.35 18.397 18.457 18.512 18.562 18.607 18.625 18.6 18.563 18.535 18.53 18.538 18.545 18.568 18.613 18.665 18.72 18.777 18.807 18.812
13.025 13.145 13.252 13.365 13.487 13.612 13.725 13.835 13.93 13.985 14.028 14.143 14.355 14.57 14.76 14.935 15.11 15.267 15.337 15.312 15.253 15.218 15.218 15.253 15.34 15.46 15.57 15.655 15.723 15.788 15.852 15.91 15.962 16.017 16.075 16.135 16.223 16.337 16.448 16.555 16.643 16.735 16.857 16.982 17.107 17.225 17.345 17.427 17.303 17.248 17.438 17.625 17.728 17.853 17.99 18.06 18.145 18.232 18.322 18.435 18.557 18.612 18.592 18.56 18.548 18.553 18.56 18.58 18.623 18.675 18.73 18.78 18.805 18.812
12.752 12.897 13.012 13.13 13.26 13.398 13.538 13.682 13.812 13.877 13.9 13.995 14.172 14.335 14.48 14.65 14.833 15.022 15.22 15.345 15.327 15.28 15.295 15.345 15.442 15.547 15.622 15.675 15.73 15.795 15.847 15.882 15.915 15.958 16.01 16.07 16.165 16.295 16.412 16.517 16.583 16.63 16.725 16.85 16.972 17.075 17.178 17.285 17.238 17.243 17.43 17.572 17.555 17.48 17.565 17.702 17.798 17.888 18.003 18.158 18.36 18.54 18.607 18.592 18.575 18.58 18.59 18.605 18.64 18.692 18.745 18.785 18.802 18.808
12.425 12.605 12.767 12.915 13.058 13.208 13.36 13.51 13.667 13.77 13.792 13.838 13.943 14.068 14.203 14.375 14.565 14.73 14.935 15.177 15.36 15.435 15.44 15.462 15.527 15.592 15.637 15.682 15.735 15.785 15.815 15.835 15.865 15.905 15.953 16.01 16.108 16.242 16.37 16.48 16.54 16.565 16.618 16.72 16.837 16.935 17.028 17.132 17.172 17.24 17.395 17.537 17.522 17.3 17.205 17.325 17.455 17.573 17.723 17.9 18.11 18.34 18.525 18.602 18.607 18.61 18.622 18.638 18.663 18.705 18.747 18.78 18.797 18.805
12.103 12.31 12.532 12.715 12.865 13.015 13.165 13.318 13.482 13.605 13.647 13.675 13.75 13.863 13.983 14.128 14.298 14.458 14.623 14.878 15.225 15.477 15.517 15.472 15.485 15.545 15.605 15.67 15.722 15.747 15.765 15.785 15.815 15.855 15.9 15.953 16.05 16.185 16.315 16.435 16.5 16.525 16.553 16.61 16.703 16.795 16.888 16.983 17.078 17.195 17.335 17.477 17.502 17.327 17.14 17.088 17.155 17.295 17.458 17.64 17.855 18.087 18.32 18.51 18.61 18.64 18.652 18.662 18.677 18.707 18.74 18.772 18.795 18.805
11.903 12.085 12.312 12.51 12.66 12.81 12.965 13.128 13.3 13.425 13.465 13.488 13.563 13.68 13.802 13.925 14.055 14.193 14.33 14.575 14.935 15.242 15.372 15.332 15.315 15.385 15.465 15.552 15.64 15.712 15.752 15.77 15.8 15.842 15.865 15.875 15.953 16.087 16.22 16.345 16.43 16.47 16.497 16.53 16.593 16.68 16.775 16.87 16.978 17.11 17.25 17.365 17.417 17.35 17.195 17.035 16.958 17.035 17.193 17.38 17.6 17.833 18.07 18.322 18.532 18.622 18.64 18.645 18.655 18.682 18.715 18.755 18.787 18.8
11.807 11.928 12.1 12.295 12.45 12.605 12.773 12.948 13.125 13.247 13.285 13.305 13.38 13.497 13.615 13.727 13.833 13.938 14.058 14.27 14.582 14.867 15.072 15.14 15.13 15.18 15.26 15.35 15.47 15.605 15.707 15.772 15.807 15.81 15.775 15.748 15.818 15.952 16.085 16.21 16.32 16.392 16.427 16.46 16.52 16.6 16.685 16.778 16.883 17.01 17.13 17.207 17.257 17.257 17.17 17.025 16.888 16.84 16.93 17.123 17.358 17.613 17.883 18.17 18.417 18.54 18.58 18.597 18.61 18.64 18.68 18.73 18.772 18.79
11.715 11.81 11.92 12.08 12.248 12.413 12.59 12.77 12.95 13.07 13.105 13.135 13.205 13.3 13.405 13.513 13.612 13.705 13.803 13.97 14.22 14.473 14.705 14.882 14.942 14.98 15.06 15.153 15.275 15.415 15.555 15.682 15.727 15.68 15.61 15.593 15.68 15.815 15.942 16.065 16.185 16.29 16.35 16.393 16.46 16.537 16.613 16.695 16.79 16.895 16.982 17.05 17.1 17.11 17.08 16.995 16.872 16.76 16.743 16.905 17.178 17.47 17.77 18.07 18.31 18.43 18.487 18.535 18.567 18.605 18.655 18.71 18.757 18.78
11.627 11.715 11.798 11.915 12.068 12.235 12.415 12.595 12.775 12.892 12.943 13.003 13.07 13.138 13.218 13.305 13.395 13.488 13.583 13.71 13.898 14.11 14.323 14.54 14.692 14.778 14.86 14.955 15.08 15.22 15.36 15.5 15.557 15.51 15.44 15.44 15.543 15.675 15.797 15.915 16.035 16.155 16.255 16.327 16.397 16.472 16.545 16.617 16.695 16.775 16.848 16.915 16.957 16.958 16.943 16.91 16.837 16.743 16.76 16.873 17.068 17.365 17.665 17.965 18.2 18.315 18.375 18.437 18.497 18.562 18.63 18.687 18.74 18.77
11.547 11.655 11.75 11.848 11.978 12.138 12.303 12.468 12.633 12.748 12.82 12.902 12.975 13.035 13.095 13.153 13.223 13.318 13.423 13.538 13.695 13.885 14.08 14.28 14.46 14.58 14.66 14.755 14.88 15.02 15.16 15.3 15.37 15.34 15.273 15.288 15.405 15.532 15.652 15.77 15.887 16.002 16.117 16.217 16.3 16.375 16.445 16.515 16.587 16.667 16.745 16.812 16.85 16.848 16.83 16.813 16.788 16.758 16.94 17.085 17.08 17.268 17.56 17.86 18.09 18.2 18.26 18.32 18.392 18.477 18.56 18.632 18.702 18.74
11.463 11.592 11.712 11.828 11.963 12.112 12.26 12.41 12.555 12.658 12.728 12.81 12.885 12.945 12.995 13.033 13.095 13.193 13.298 13.415 13.575 13.765 13.957 14.14 14.292 14.397 14.473 14.563 14.683 14.82 14.96 15.1 15.177 15.165 15.11 15.138 15.262 15.385 15.505 15.62 15.73 15.84 15.952 16.06 16.157 16.247 16.327 16.4 16.475 16.56 16.647 16.722 16.76 16.773 16.778 16.773 16.768 16.853 17.19 17.395 17.3 17.293 17.473 17.76 17.982 18.085 18.145 18.205 18.278 18.363 18.45 18.54 18.63 18.675
11.368 11.503 11.645 11.795 11.942 12.085 12.23 12.38 12.512 12.597 12.655 12.722 12.79 12.84 12.873 12.903 12.97 13.07 13.175 13.295 13.455 13.645 13.825 13.98 14.117 14.225 14.303 14.393 14.508 14.633 14.763 14.9 14.982 14.982 14.95 14.995 15.117 15.232 15.345 15.452 15.56 15.675 15.79 15.895 15.995 16.095 16.19 16.28 16.368 16.453 16.54 16.625 16.682 16.722 16.757 16.777 16.783 17.01 17.407 17.572 17.547 17.495 17.503 17.675 17.875 17.97 18.03 18.09 18.163 18.253 18.35 18.45 18.54 18.585
11.288 11.443 11.603 11.768 11.92 12.06 12.205 12.352 12.467 12.537 12.587 12.632 12.695 12.743 12.758 12.783 12.85 12.95 13.053 13.173 13.335 13.512 13.667 13.805 13.94 14.055 14.143 14.238 14.35 14.468 14.588 14.712 14.782 14.782 14.783 14.848 14.96 15.07 15.175 15.28 15.393 15.515 15.63 15.73 15.83 15.93 16.048 16.17 16.265 16.348 16.433 16.522 16.605 16.667 16.72 16.765 16.798 17.012 17.302 17.432 17.5 17.545 17.565 17.65 17.78 17.852 17.91 17.975 18.06 18.163 18.267 18.372 18.452 18.482
11.25 11.415 11.585 11.752 11.905 12.045 12.187 12.317 12.397 12.442 12.485 12.518 12.585 12.675 12.72 12.74 12.785 12.855 12.935 13.05 13.202 13.353 13.493 13.635 13.778 13.903 14 14.09 14.193 14.307 14.422 14.537 14.587 14.54 14.568 14.69 14.795 14.898 15.003 15.113 15.23 15.355 15.47 15.568 15.665 15.79 15.96 16.097 16.173 16.245 16.325 16.415 16.522 16.612 16.675 16.73 16.785 16.878 17.003 17.12 17.23 17.34 17.452 17.567 17.66 17.72 17.775 17.853 17.957 18.07 18.18 18.292 18.362 18.375
11.248 11.403 11.57 11.737 11.89 12.03 12.162 12.25 12.285 12.315 12.352 12.38 12.453 12.58 12.685 12.75 12.795 12.835 12.88 12.95 13.068 13.21 13.355 13.505 13.65 13.775 13.875 13.96 14.05 14.148 14.25 14.362 14.412 14.36 14.393 14.55 14.668 14.743 14.833 14.948 15.07 15.192 15.305 15.408 15.538 15.715 15.91 16.032 16.09 16.15 16.22 16.313 16.442 16.57 16.647 16.7 16.747 16.788 16.84 16.93 17.04 17.148 17.265 17.395 17.5 17.57 17.633 17.723 17.837 17.95 18.062 18.177 18.247 18.26
11.25 11.398 11.558 11.722 11.875 12.01 12.105 12.142 12.16 12.187 12.217 12.243 12.32 12.448 12.572 12.692 12.782 12.832 12.862 12.89 12.97 13.108 13.255 13.405 13.54 13.652 13.755 13.845 13.928 14.01 14.098 14.195 14.258 14.285 14.348 14.468 14.583 14.67 14.758 14.825 14.91 15.03 15.153 15.295 15.48 15.685 15.857 15.955 16.01 16.065 16.123 16.215 16.352 16.497 16.595 16.645 16.677 16.705 16.765 16.86 16.955 17.045 17.145 17.253 17.343 17.418 17.495 17.592 17.705 17.815 17.925 18.035 18.112 18.143
11.25 11.395 11.545 11.705 11.86 11.962 12.002 12.02 12.038 12.058 12.083 12.11 12.19 12.318 12.448 12.582 12.697 12.77 12.815 12.85 12.903 13.013 13.16 13.302 13.422 13.528 13.633 13.727 13.813 13.895 13.975 14.06 14.148 14.243 14.342 14.435 14.538 14.657 14.74 14.75 14.778 14.868 15.015 15.217 15.438 15.655 15.802 15.865 15.91 15.957 16.005 16.093 16.227 16.372 16.492 16.555 16.583 16.623 16.698 16.795 16.892 16.985 17.065 17.132 17.2 17.27 17.35 17.45 17.562 17.675 17.785 17.895 17.985 18.045
