EGM722_Project_Data/DTM_asc/TL4858.asc
ncols         200
nrows         200
xllcorner     548000.000
yllcorner     258000.000
cellsize      5
NODATA_value  -9999.0
[rows 66 to 98 of 200, columns 0 to 73 of 200]
10.257 10.34 10.397 10.437 10.442 10.405 10.36 10.353 10.393 10.448 10.593 10.83 11.072 11.277 11.45 11.632 11.81 11.98 11.992 11.848 11.773 11.717 11.623 11.54 11.46 11.377 11.292 11.205 11.138 11.103 11.07 11.023 10.973 10.998 11.057 11.072 11.08 11.09 11.097 11.105 11.112 11.115 11.097 11.068 11.055 11.06 11.07 11.085 11.1 11.115 11.135 11.155 11.17 11.185 11.205 11.222 11.235 11.24 11.235 11.205 11.163 11.153 11.17 11.19 11.21 11.23 11.24 11.253 11.423 12.265 13.58 14.86 15.827 16.135
10.247 10.317 10.37 10.41 10.435 10.44 10.422 10.395 10.398 10.443 10.59 10.827 11.03 11.165 11.28 11.423 11.585 11.72 11.7 11.653 11.705 11.687 11.6 11.52 11.44 11.36 11.277 11.19 11.128 11.097 11.065 11.017 10.963 10.975 11.025 11.04 11.047 11.055 11.063 11.07 11.08 11.087 11.08 11.053 11.033 11.033 11.04 11.055 11.07 11.085 11.105 11.125 11.142 11.158 11.175 11.195 11.212 11.22 11.22 11.213 11.2 11.198 11.21 11.23 11.247 11.257 11.258 11.275 11.315 11.648 12.58 13.845 14.872 15.691
10.23 10.29 10.335 10.365 10.385 10.41 10.43 10.43 10.42 10.443 10.585 10.782 10.915 11.015 11.12 11.238 11.372 11.463 11.49 11.54 11.62 11.64 11.58 11.5 11.42 11.34 11.26 11.178 11.12 11.09 11.055 11.01 10.955 10.955 10.995 11.007 11.013 11.02 11.03 11.04 11.047 11.052 11.055 11.04 11.015 11.005 11.01 11.025 11.04 11.055 11.075 11.095 11.112 11.128 11.145 11.165 11.185 11.198 11.21 11.23 11.242 11.245 11.252 11.265 11.27 11.265 11.265 11.29 11.33 11.38 11.81 12.562 12.9 13.388
10.21 10.257 10.292 10.315 10.333 10.355 10.382 10.407 10.42 10.44 10.54 10.667 10.765 10.868 10.975 11.085 11.198 11.288 11.36 11.44 11.52 11.582 11.57 11.498 11.423 11.35 11.278 11.203 11.14 11.093 11.048 11 10.948 10.935 10.96 10.972 10.98 10.99 10.997 11.005 11.013 11.02 11.03 11.025 11 10.983 10.983 10.993 11.008 11.025 11.042 11.06 11.078 11.095 11.128 11.155 11.168 11.178 11.193 11.223 11.255 11.277 11.285 11.285 11.28 11.27 11.275 11.305 11.343 11.378 11.49 11.635 11.581 11.546
10.185 10.22 10.242 10.26 10.278 10.298 10.325 10.353 10.38 10.41 10.465 10.545 10.628 10.728 10.843 10.958 11.07 11.172 11.26 11.34 11.423 11.527 11.582 11.54 11.473 11.408 11.34 11.267 11.193 11.128 11.065 10.998 10.94 10.915 10.925 10.94 10.947 10.955 10.963 10.97 10.98 10.987 10.995 11 10.987 10.968 10.96 10.963 10.975 10.992 11.008 11.025 11.05 11.08 11.13 11.175 11.19 11.195 11.2 11.22 11.255 11.29 11.3 11.293 11.288 11.288 11.305 11.34 11.383 11.425 11.453 11.495 11.565 11.63
10.147 10.17 10.188 10.205 10.225 10.245 10.27 10.3 10.33 10.36 10.405 10.468 10.523 10.603 10.72 10.84 10.955 11.062 11.155 11.235 11.343 11.49 11.585 11.587 11.545 11.48 11.41 11.332 11.248 11.18 11.107 11.018 10.94 10.895 10.893 10.905 10.913 10.92 10.93 10.937 10.945 10.953 10.96 10.97 10.97 10.953 10.938 10.935 10.943 10.96 10.988 11.023 11.058 11.095 11.145 11.2 11.232 11.242 11.24 11.24 11.263 11.297 11.31 11.3 11.303 11.328 11.365 11.405 11.448 11.49 11.523 11.575 11.655 11.735
10.097 10.115 10.135 10.152 10.17 10.19 10.215 10.245 10.277 10.31 10.352 10.402 10.433 10.49 10.6 10.717 10.833 10.947 11.045 11.148 11.3 11.47 11.565 11.592 11.595 11.55 11.477 11.395 11.305 11.23 11.152 11.058 10.963 10.885 10.86 10.87 10.88 10.888 10.895 10.903 10.91 10.92 10.928 10.935 10.942 10.935 10.918 10.913 10.925 10.953 10.995 11.045 11.09 11.13 11.173 11.223 11.267 11.287 11.287 11.28 11.28 11.305 11.32 11.32 11.345 11.39 11.435 11.475 11.515 11.555 11.6 11.662 11.735 11.805
10.045 10.062 10.08 10.097 10.115 10.133 10.155 10.185 10.217 10.252 10.287 10.317 10.335 10.38 10.48 10.595 10.71 10.83 10.95 11.098 11.275 11.445 11.54 11.57 11.597 11.597 11.542 11.455 11.365 11.282 11.2 11.108 11.015 10.925 10.888 10.895 10.898 10.903 10.908 10.913 10.918 10.92 10.92 10.923 10.928 10.928 10.925 10.935 10.96 10.993 11.033 11.078 11.125 11.167 11.205 11.25 11.3 11.33 11.332 11.327 11.32 11.325 11.34 11.365 11.41 11.46 11.505 11.545 11.585 11.625 11.673 11.733 11.795 11.855
9.99 10.005 10.02 10.04 10.057 10.072 10.088 10.107 10.135 10.17 10.2 10.217 10.233 10.275 10.368 10.483 10.6 10.725 10.87 11.042 11.225 11.392 11.485 11.515 11.55 11.595 11.58 11.495 11.405 11.325 11.255 11.177 11.093 11.005 10.973 10.987 10.988 10.985 10.985 10.985 10.988 10.988 10.988 10.99 10.985 10.978 10.98 10.998 11.025 11.055 11.09 11.133 11.175 11.197 11.223 11.267 11.315 11.352 11.362 11.357 11.353 11.36 11.39 11.435 11.485 11.535 11.582 11.625 11.665 11.705 11.77 11.845 11.89 11.923
9.928 9.943 9.96 9.977 9.993 10.01 10.018 10.02 10.038 10.068 10.095 10.113 10.133 10.175 10.263 10.38 10.505 10.643 10.795 10.968 11.152 11.317 11.405 11.44 11.498 11.575 11.582 11.512 11.43 11.355 11.305 11.252 11.175 11.088 11.06 11.087 11.1 11.095 11.087 11.082 11.08 11.082 11.085 11.08 11.067 11.052 11.048 11.063 11.088 11.118 11.155 11.195 11.217 11.213 11.228 11.273 11.32 11.36 11.375 11.37 11.378 11.413 11.46 11.51 11.56 11.61 11.66 11.71 11.755 11.795 11.875 11.992 12.062 12.08
9.868 9.883 9.9 9.915 9.93 9.947 9.952 9.948 9.95 9.968 9.99 10.013 10.04 10.078 10.16 10.285 10.423 10.57 10.725 10.895 11.077 11.24 11.33 11.388 11.475 11.567 11.58 11.52 11.45 11.383 11.337 11.3 11.245 11.17 11.145 11.175 11.197 11.195 11.182 11.175 11.162 11.155 11.15 11.135 11.12 11.105 11.103 11.125 11.152 11.182 11.217 11.237 11.23 11.215 11.233 11.28 11.327 11.37 11.388 11.395 11.43 11.48 11.53 11.583 11.635 11.685 11.735 11.787 11.84 11.888 11.958 12.09 12.23 12.3
9.813 9.825 9.84 9.855 9.87 9.882 9.885 9.88 9.875 9.878 9.893 9.92 9.95 9.983 10.063 10.2 10.35 10.5 10.655 10.823 11.002 11.167 11.277 11.365 11.465 11.56 11.575 11.517 11.457 11.402 11.362 11.33 11.292 11.242 11.222 11.235 11.24 11.235 11.227 11.22 11.207 11.195 11.19 11.182 11.17 11.158 11.16 11.185 11.212 11.24 11.257 11.25 11.23 11.218 11.24 11.288 11.333 11.38 11.415 11.45 11.5 11.55 11.6 11.655 11.71 11.763 11.812 11.86 11.912 11.967 12.035 12.16 12.33 12.47
9.775 9.768 9.782 9.795 9.802 9.805 9.805 9.8 9.795 9.793 9.81 9.845 9.873 9.9 9.978 10.12 10.275 10.425 10.58 10.74 10.91 11.077 11.205 11.307 11.412 11.515 11.55 11.507 11.45 11.4 11.365 11.332 11.297 11.26 11.237 11.227 11.217 11.217 11.217 11.215 11.21 11.2 11.207 11.222 11.22 11.208 11.205 11.222 11.247 11.275 11.28 11.258 11.24 11.248 11.285 11.33 11.375 11.42 11.465 11.515 11.565 11.62 11.675 11.73 11.785 11.842 11.88 11.91 11.96 12.015 12.093 12.223 12.39 12.558
9.767 9.715 9.717 9.72 9.717 9.712 9.71 9.708 9.705 9.705 9.728 9.772 9.81 9.84 9.915 10.045 10.19 10.342 10.495 10.643 10.795 10.955 11.087 11.195 11.307 11.422 11.482 11.47 11.427 11.378 11.34 11.307 11.267 11.22 11.19 11.18 11.178 11.18 11.185 11.195 11.197 11.19 11.208 11.245 11.26 11.253 11.245 11.248 11.263 11.29 11.295 11.275 11.278 11.315 11.365 11.41 11.45 11.485 11.525 11.575 11.63 11.695 11.755 11.81 11.868 11.93 11.957 11.958 11.99 12.045 12.135 12.275 12.44 12.605
9.705 9.59 9.63 9.627 9.622 9.618 9.615 9.615 9.615 9.615 9.633 9.683 9.74 9.788 9.87 9.988 10.113 10.258 10.405 10.543 10.683 10.832 10.965 11.08 11.2 11.317 11.382 11.392 11.385 11.35 11.31 11.272 11.22 11.168 11.143 11.14 11.14 11.138 11.145 11.165 11.18 11.183 11.203 11.247 11.285 11.297 11.293 11.288 11.29 11.305 11.31 11.313 11.345 11.395 11.445 11.485 11.515 11.543 11.583 11.64 11.705 11.772 11.833 11.893 11.958 12.025 12.052 12.035 12.035 12.075 12.175 12.328 12.493 12.655
9.315 9.41 9.517 9.527 9.527 9.523 9.523 9.525 9.525 9.525 9.54 9.593 9.665 9.738 9.833 9.945 10.06 10.185 10.318 10.45 10.583 10.723 10.853 10.975 11.1 11.213 11.275 11.293 11.308 11.305 11.275 11.225 11.168 11.125 11.108 11.105 11.103 11.095 11.103 11.128 11.153 11.173 11.203 11.25 11.298 11.332 11.34 11.335 11.335 11.335 11.348 11.38 11.425 11.475 11.52 11.55 11.575 11.603 11.645 11.71 11.78 11.847 11.915 11.985 12.055 12.125 12.15 12.13 12.113 12.123 12.223 12.393 12.565 12.722
8.935 9.247 9.385 9.412 9.427 9.427 9.428 9.445 9.465 9.475 9.495 9.545 9.62 9.705 9.805 9.918 10.03 10.13 10.24 10.37 10.503 10.648 10.785 10.908 11.03 11.158 11.238 11.26 11.28 11.277 11.242 11.19 11.135 11.098 11.098 11.108 11.103 11.095 11.108 11.138 11.165 11.195 11.233 11.28 11.325 11.365 11.392 11.4 11.398 11.393 11.415 11.46 11.505 11.552 11.587 11.613 11.64 11.675 11.718 11.775 11.845 11.915 12.005 12.097 12.17 12.24 12.267 12.248 12.225 12.228 12.33 12.51 12.677 12.787
8.833 9.082 9.245 9.28 9.31 9.325 9.348 9.398 9.445 9.47 9.498 9.54 9.603 9.685 9.785 9.897 9.995 10.07 10.17 10.303 10.448 10.607 10.752 10.875 11.013 11.177 11.28 11.305 11.297 11.255 11.21 11.165 11.113 11.073 11.09 11.13 11.137 11.133 11.15 11.187 11.22 11.25 11.288 11.332 11.37 11.4 11.435 11.465 11.472 11.47 11.495 11.54 11.582 11.622 11.653 11.68 11.715 11.76 11.8 11.843 11.905 11.975 12.08 12.207 12.302 12.375 12.402 12.383 12.365 12.38 12.49 12.657 12.767 12.805
8.778 8.958 9.105 9.14 9.193 9.248 9.305 9.375 9.437 9.475 9.508 9.55 9.598 9.668 9.765 9.862 9.935 10 10.103 10.248 10.408 10.572 10.718 10.858 11.035 11.225 11.33 11.327 11.27 11.213 11.175 11.135 11.088 11.048 11.065 11.122 11.16 11.17 11.19 11.23 11.267 11.3 11.34 11.38 11.405 11.43 11.465 11.505 11.537 11.55 11.573 11.615 11.652 11.687 11.72 11.755 11.8 11.847 11.887 11.925 11.973 12.035 12.143 12.287 12.415 12.507 12.535 12.523 12.52 12.538 12.635 12.745 12.775 12.793
8.775 8.888 8.993 9.058 9.138 9.218 9.285 9.355 9.425 9.48 9.523 9.565 9.605 9.658 9.733 9.805 9.865 9.933 10.048 10.208 10.373 10.538 10.695 10.87 11.075 11.272 11.352 11.295 11.223 11.177 11.14 11.1 11.057 11.022 11.038 11.095 11.152 11.195 11.23 11.27 11.31 11.35 11.387 11.415 11.435 11.46 11.495 11.535 11.577 11.612 11.642 11.68 11.715 11.747 11.787 11.835 11.885 11.932 11.975 12.015 12.052 12.1 12.2 12.34 12.48 12.605 12.657 12.657 12.662 12.677 12.722 12.752 12.748 12.778
8.81 8.89 8.973 9.053 9.135 9.212 9.282 9.357 9.43 9.5 9.558 9.603 9.64 9.665 9.71 9.775 9.835 9.905 10.028 10.19 10.353 10.535 10.743 10.953 11.16 11.337 11.345 11.24 11.18 11.132 11.072 11.007 10.947 10.935 10.987 11.055 11.115 11.172 11.222 11.265 11.305 11.347 11.38 11.4 11.422 11.46 11.505 11.545 11.588 11.645 11.697 11.732 11.765 11.798 11.843 11.897 11.945 11.975 12.002 12.037 12.072 12.112 12.197 12.33 12.47 12.607 12.68 12.685 12.697 12.737 12.752 12.733 12.723 12.768
8.87 8.95 9.022 9.075 9.12 9.185 9.27 9.36 9.447 9.535 9.61 9.657 9.667 9.663 9.705 9.78 9.847 9.915 10.033 10.195 10.38 10.61 10.86 11.095 11.31 11.437 11.33 11.125 11.017 10.945 10.86 10.785 10.755 10.798 10.895 10.992 11.062 11.117 11.167 11.21 11.25 11.29 11.32 11.343 11.38 11.44 11.495 11.538 11.593 11.67 11.737 11.775 11.808 11.845 11.89 11.935 11.96 11.96 11.968 11.993 12.025 12.065 12.145 12.27 12.405 12.54 12.607 12.623 12.673 12.752 12.775 12.738 12.72 12.78
8.902 9.002 9.065 9.092 9.108 9.14 9.21 9.305 9.405 9.505 9.597 9.655 9.647 9.64 9.695 9.775 9.855 9.928 10.045 10.235 10.473 10.735 10.993 11.242 11.475 11.525 11.275 10.963 10.755 10.625 10.555 10.543 10.59 10.67 10.775 10.895 10.995 11.062 11.112 11.155 11.192 11.23 11.263 11.3 11.36 11.43 11.485 11.54 11.618 11.705 11.775 11.815 11.85 11.89 11.922 11.94 11.94 11.93 11.935 11.955 11.98 12.015 12.095 12.218 12.345 12.472 12.547 12.598 12.69 12.785 12.805 12.783 12.793 12.85
8.907 9.035 9.087 9.098 9.112 9.125 9.155 9.223 9.315 9.415 9.517 9.59 9.6 9.618 9.688 9.773 9.86 9.948 10.115 10.368 10.625 10.883 11.135 11.385 11.61 11.527 11.15 10.825 10.565 10.368 10.318 10.375 10.452 10.537 10.645 10.767 10.887 10.987 11.05 11.09 11.127 11.168 11.218 11.28 11.35 11.42 11.485 11.56 11.65 11.737 11.807 11.85 11.882 11.912 11.922 11.917 11.91 11.9 11.905 11.925 11.945 11.97 12.043 12.162 12.285 12.405 12.507 12.605 12.717 12.815 12.845 12.837 12.847 12.862
8.92 9.06 9.11 9.105 9.118 9.13 9.143 9.173 9.238 9.33 9.432 9.51 9.535 9.595 9.707 9.805 9.895 10.015 10.283 10.615 10.88 11.125 11.347 11.545 11.642 11.402 10.982 10.625 10.27 10.078 10.108 10.195 10.275 10.362 10.47 10.59 10.717 10.857 10.947 10.985 11.028 11.1 11.19 11.265 11.335 11.4 11.475 11.565 11.655 11.742 11.812 11.855 11.885 11.905 11.905 11.895 11.882 11.863 11.858 11.875 11.895 11.915 11.968 12.07 12.19 12.307 12.427 12.55 12.667 12.752 12.795 12.8 12.78 12.76
8.942 9.092 9.15 9.128 9.125 9.138 9.15 9.163 9.193 9.255 9.345 9.427 9.47 9.56 9.725 9.86 9.955 10.125 10.47 10.877 11.202 11.437 11.475 11.487 11.402 11 10.597 10.207 9.843 9.765 9.875 9.975 10.06 10.145 10.25 10.375 10.53 10.707 10.815 10.858 10.93 11.055 11.17 11.245 11.31 11.368 11.445 11.542 11.637 11.727 11.795 11.835 11.865 11.887 11.89 11.875 11.85 11.815 11.798 11.808 11.825 11.845 11.885 11.963 12.068 12.183 12.302 12.422 12.515 12.565 12.61 12.652 12.657 12.64
8.967 9.122 9.19 9.168 9.148 9.148 9.16 9.17 9.183 9.21 9.268 9.343 9.41 9.51 9.69 9.882 10.013 10.238 10.632 11.06 11.375 11.42 11.202 11.012 10.742 10.293 9.945 9.64 9.473 9.528 9.635 9.74 9.838 9.93 10.038 10.185 10.375 10.572 10.687 10.76 10.885 11.035 11.15 11.222 11.28 11.335 11.415 11.515 11.615 11.71 11.777 11.815 11.845 11.87 11.87 11.842 11.802 11.76 11.743 11.748 11.758 11.775 11.815 11.875 11.953 12.06 12.177 12.267 12.315 12.343 12.385 12.45 12.5 12.512
8.99 9.147 9.225 9.212 9.185 9.168 9.17 9.18 9.19 9.203 9.225 9.273 9.35 9.458 9.63 9.85 10.053 10.328 10.702 11.06 11.167 10.922 10.59 10.27 9.888 9.553 9.378 9.283 9.28 9.365 9.45 9.538 9.625 9.718 9.848 10.03 10.232 10.432 10.577 10.697 10.842 10.992 11.117 11.195 11.25 11.305 11.385 11.485 11.585 11.685 11.757 11.795 11.825 11.85 11.837 11.793 11.748 11.705 11.688 11.692 11.698 11.708 11.745 11.8 11.86 11.943 12.022 12.068 12.095 12.123 12.163 12.225 12.292 12.345
9.01 9.17 9.262 9.26 9.23 9.203 9.185 9.188 9.2 9.21 9.22 9.248 9.318 9.423 9.608 9.863 10.135 10.437 10.722 10.82 10.627 10.287 9.893 9.505 9.265 9.17 9.175 9.213 9.25 9.31 9.375 9.445 9.513 9.578 9.688 9.865 10.065 10.265 10.435 10.575 10.72 10.9 11.065 11.162 11.225 11.28 11.355 11.45 11.55 11.65 11.727 11.772 11.805 11.83 11.812 11.758 11.708 11.663 11.633 11.628 11.632 11.638 11.668 11.722 11.777 11.827 11.86 11.885 11.915 11.945 11.978 12.018 12.073 12.14
9.025 9.19 9.295 9.305 9.277 9.25 9.22 9.203 9.208 9.22 9.233 9.268 9.335 9.428 9.635 9.957 10.28 10.52 10.627 10.4 10.008 9.668 9.345 9.148 9.09 9.14 9.197 9.225 9.245 9.293 9.358 9.425 9.472 9.503 9.578 9.713 9.883 10.075 10.247 10.393 10.575 10.807 10.992 11.11 11.197 11.26 11.33 11.413 11.505 11.607 11.687 11.74 11.782 11.81 11.795 11.742 11.69 11.638 11.593 11.565 11.558 11.56 11.585 11.637 11.68 11.705 11.723 11.743 11.77 11.802 11.828 11.845 11.878 11.933
9.017 9.202 9.327 9.35 9.322 9.295 9.265 9.238 9.225 9.23 9.255 9.31 9.38 9.46 9.66 10.01 10.287 10.372 10.267 9.85 9.453 9.28 9.215 9.215 9.18 9.185 9.222 9.242 9.25 9.283 9.342 9.39 9.4 9.42 9.503 9.615 9.74 9.895 10.06 10.248 10.493 10.74 10.91 11.035 11.15 11.235 11.31 11.385 11.465 11.562 11.64 11.695 11.75 11.787 11.775 11.725 11.675 11.623 11.575 11.533 11.5 11.485 11.503 11.54 11.562 11.578 11.593 11.608 11.628 11.658 11.682 11.698 11.715 11.748
8.99 9.195 9.352 9.395 9.365 9.335 9.305 9.28 9.257 9.247 9.285 9.355 9.427 9.503 9.672 9.912 10.03 10.05 9.898 9.485 9.233 9.27 9.332 9.327 9.277 9.245 9.242 9.255 9.265 9.282 9.31 9.32 9.31 9.338 9.428 9.54 9.65 9.765 9.913 10.147 10.435 10.67 10.828 10.955 11.083 11.198 11.29 11.365 11.44 11.523 11.592 11.648 11.705 11.757 11.757 11.71 11.66 11.61 11.563 11.518 11.475 11.438 11.423 11.43 11.443 11.455 11.468 11.483 11.5 11.52 11.543 11.563 11.583 11.61
8.955 9.165 9.317 9.355 9.335 9.315 9.295 9.277 9.165 9.173 9.295 9.342 9.422 9.502 9.615 9.715 9.76 9.803 9.755 9.51 9.315 9.33 9.37 9.352 9.307 9.262 9.24 9.247 9.26 9.265 9.257 9.243 9.228 9.258 9.353 9.465 9.572 9.667 9.778 10 10.312 10.62 10.838 10.97 11.09 11.193 11.28 11.355 11.427 11.492 11.553 11.613 11.668 11.725 11.735 11.69 11.64 11.605 11.56 11.505 11.465 11.423 11.378 11.35 11.35 11.358 11.368 11.385 11.403 11.41 11.423 11.445 11.47 11.5
