EGM722_Project_Data/DTM_asc/TL4958.asc
ncols         200
nrows         200
xllcorner     549000.000
yllcorner     258000.000
cellsize      5
NODATA_value  -9999.0
[rows 34 to 67 of 200, columns 76 to 151 of 200]
10.028 10.023 10.012 10 9.988 9.978 9.967 9.952 9.935 9.925 9.92 9.915 9.91 9.903 9.9 9.9 9.895 9.877 9.86 9.852 9.845 9.84 9.847 9.855 9.858 9.86 9.85 9.825 9.79 9.75 9.728 9.725 9.728 9.735 9.745 9.74 9.722 9.7 9.682 9.685 9.695 9.707 9.705 9.677 9.635 9.587 9.555 9.542 9.542 9.547 9.557 9.572 9.587 9.6 9.585 9.547 9.515 9.472 9.395 9.308 9.248 9.21 9.195 9.2 9.2 9.182 9.135 9.06 8.998 8.973 8.97 8.97 8.97 8.968 8.993 9.048
9.965 9.958 9.948 9.935 9.928 9.928 9.922 9.905 9.898 9.908 9.912 9.908 9.903 9.9 9.9 9.9 9.885 9.845 9.815 9.807 9.8 9.795 9.812 9.84 9.855 9.86 9.855 9.842 9.82 9.785 9.758 9.743 9.735 9.735 9.74 9.737 9.71 9.665 9.625 9.605 9.598 9.603 9.602 9.582 9.55 9.505 9.465 9.435 9.418 9.415 9.423 9.437 9.45 9.457 9.437 9.395 9.357 9.31 9.23 9.13 9.043 8.985 8.973 9.003 9.055 9.097 9.075 9.01 8.973 8.965 8.965 8.965 8.955 8.918 8.898 8.935
9.902 9.895 9.885 9.878 9.878 9.882 9.875 9.868 9.883 9.902 9.907 9.903 9.9 9.903 9.905 9.892 9.855 9.805 9.773 9.76 9.747 9.74 9.763 9.805 9.84 9.857 9.855 9.845 9.832 9.812 9.792 9.772 9.752 9.737 9.725 9.715 9.68 9.625 9.585 9.555 9.527 9.51 9.498 9.48 9.458 9.423 9.385 9.35 9.318 9.295 9.29 9.3 9.308 9.312 9.292 9.248 9.205 9.153 9.07 8.97 8.888 8.84 8.838 8.888 8.968 9.03 9.017 8.975 8.963 8.958 8.955 8.95 8.922 8.872 8.825 8.83
9.84 9.835 9.833 9.835 9.84 9.845 9.843 9.853 9.878 9.892 9.895 9.897 9.9 9.905 9.9 9.865 9.815 9.763 9.725 9.708 9.69 9.683 9.708 9.753 9.797 9.835 9.837 9.805 9.767 9.73 9.697 9.672 9.65 9.627 9.597 9.577 9.57 9.56 9.527 9.472 9.427 9.418 9.42 9.405 9.383 9.35 9.313 9.278 9.243 9.205 9.19 9.19 9.18 9.173 9.15 9.105 9.063 9.023 8.97 8.91 8.865 8.845 8.85 8.883 8.93 8.973 8.975 8.958 8.955 8.952 8.947 8.927 8.882 8.825 8.768 8.745
9.803 9.788 9.79 9.817 9.842 9.855 9.858 9.87 9.88 9.85 9.835 9.855 9.862 9.867 9.852 9.81 9.76 9.708 9.678 9.668 9.65 9.645 9.665 9.705 9.753 9.797 9.775 9.678 9.592 9.528 9.478 9.45 9.427 9.397 9.363 9.345 9.352 9.377 9.357 9.305 9.298 9.343 9.375 9.357 9.327 9.288 9.248 9.212 9.178 9.15 9.15 9.16 9.145 9.12 9.093 9.053 9.023 9.01 8.993 8.97 8.945 8.923 8.925 8.945 8.965 8.98 8.98 8.968 8.955 8.948 8.932 8.893 8.84 8.788 8.735 8.71
9.777 9.745 9.743 9.785 9.835 9.872 9.895 9.91 9.822 9.715 9.725 9.765 9.785 9.792 9.78 9.742 9.695 9.645 9.63 9.64 9.63 9.628 9.645 9.673 9.715 9.76 9.702 9.54 9.4 9.313 9.26 9.227 9.197 9.155 9.123 9.113 9.108 9.115 9.133 9.165 9.225 9.3 9.332 9.307 9.27 9.225 9.183 9.148 9.123 9.125 9.148 9.172 9.177 9.155 9.123 9.093 9.085 9.092 9.077 9.048 9.023 9 9 9.02 9.032 9.035 9.025 9.005 8.985 8.955 8.917 8.873 8.825 8.78 8.735 8.733
9.73 9.69 9.685 9.725 9.78 9.835 9.872 9.79 9.613 9.555 9.605 9.655 9.695 9.715 9.705 9.67 9.627 9.583 9.578 9.607 9.615 9.618 9.635 9.655 9.683 9.72 9.647 9.455 9.268 9.123 9.04 9 8.96 8.908 8.88 8.878 8.893 8.96 9.058 9.138 9.198 9.26 9.282 9.25 9.208 9.163 9.12 9.09 9.09 9.12 9.15 9.175 9.195 9.19 9.165 9.153 9.163 9.175 9.162 9.13 9.103 9.08 9.08 9.092 9.092 9.087 9.075 9.05 9.012 8.955 8.905 8.87 8.832 8.79 8.76 8.767
9.675 9.635 9.628 9.665 9.72 9.745 9.587 9.34 9.348 9.472 9.515 9.558 9.603 9.635 9.627 9.592 9.555 9.52 9.525 9.565 9.592 9.607 9.625 9.642 9.66 9.67 9.572 9.377 9.182 8.995 8.848 8.768 8.715 8.665 8.645 8.678 8.778 8.948 9.092 9.16 9.205 9.25 9.262 9.225 9.173 9.12 9.073 9.058 9.083 9.12 9.15 9.172 9.197 9.212 9.215 9.225 9.242 9.257 9.25 9.22 9.19 9.162 9.152 9.15 9.145 9.14 9.115 9.07 9.013 8.948 8.898 8.865 8.835 8.8 8.78 8.78
9.625 9.585 9.573 9.605 9.61 9.465 9.185 9.03 9.13 9.342 9.472 9.51 9.545 9.56 9.542 9.507 9.475 9.46 9.48 9.523 9.567 9.59 9.595 9.607 9.622 9.592 9.452 9.247 9.05 8.857 8.673 8.538 8.46 8.423 8.463 8.595 8.78 8.982 9.125 9.19 9.235 9.27 9.277 9.247 9.195 9.135 9.08 9.063 9.085 9.12 9.145 9.16 9.185 9.21 9.23 9.25 9.272 9.3 9.292 9.252 9.22 9.19 9.17 9.16 9.152 9.162 9.152 9.1 9.04 8.98 8.928 8.89 8.86 8.83 8.798 8.78
9.572 9.535 9.517 9.417 9.28 9.138 9.03 9.03 9.03 9.133 9.352 9.482 9.495 9.48 9.448 9.418 9.403 9.41 9.443 9.49 9.545 9.572 9.565 9.563 9.57 9.497 9.31 9.09 8.878 8.675 8.488 8.33 8.235 8.263 8.413 8.613 8.815 9.017 9.157 9.217 9.257 9.285 9.292 9.28 9.245 9.19 9.135 9.095 9.093 9.122 9.14 9.148 9.168 9.19 9.21 9.233 9.263 9.3 9.29 9.233 9.185 9.15 9.13 9.123 9.135 9.182 9.2 9.157 9.1 9.04 8.985 8.943 8.908 8.875 8.833 8.79
9.515 9.48 9.36 9.145 9.03 9.03 9.03 9.03 9.03 9.03 9.228 9.425 9.412 9.387 9.36 9.348 9.358 9.375 9.41 9.463 9.52 9.562 9.565 9.548 9.547 9.455 9.248 9.03 8.81 8.595 8.425 8.305 8.223 8.288 8.47 8.655 8.85 9.052 9.19 9.242 9.272 9.295 9.305 9.3 9.282 9.242 9.19 9.143 9.115 9.123 9.137 9.143 9.153 9.17 9.19 9.22 9.26 9.3 9.287 9.223 9.16 9.108 9.088 9.108 9.16 9.23 9.25 9.21 9.157 9.1 9.045 9 8.958 8.92 8.877 8.823
9.362 9.24 9.13 9.03 9.03 9.03 9.03 9.03 9.13 9.23 9.275 9.317 9.307 9.298 9.295 9.305 9.325 9.345 9.383 9.44 9.5 9.555 9.58 9.58 9.587 9.515 9.328 9.11 8.893 8.688 8.553 8.485 8.418 8.445 8.59 8.755 8.93 9.11 9.222 9.26 9.285 9.307 9.317 9.31 9.302 9.285 9.245 9.2 9.158 9.135 9.138 9.14 9.145 9.155 9.178 9.218 9.263 9.302 9.288 9.23 9.178 9.125 9.11 9.153 9.218 9.285 9.305 9.263 9.21 9.158 9.108 9.063 9.018 8.978 8.928 8.868
9.135 9.03 9.03 9.03 9.03 9.03 9.03 9.13 9.332 9.375 9.247 9.18 9.19 9.228 9.265 9.285 9.305 9.333 9.38 9.44 9.5 9.565 9.617 9.645 9.662 9.625 9.472 9.255 9.043 8.855 8.743 8.697 8.643 8.638 8.75 8.91 9.07 9.195 9.247 9.27 9.295 9.32 9.335 9.333 9.328 9.322 9.295 9.25 9.21 9.183 9.168 9.16 9.163 9.168 9.193 9.238 9.285 9.33 9.342 9.313 9.27 9.23 9.218 9.25 9.305 9.367 9.387 9.35 9.298 9.245 9.2 9.158 9.113 9.068 9.013 8.948
9.03 9.03 9.03 9.03 9.03 9.13 9.233 9.335 9.417 9.242 9.063 9.048 9.098 9.192 9.255 9.275 9.303 9.345 9.4 9.46 9.525 9.6 9.665 9.707 9.735 9.735 9.617 9.403 9.203 9.033 8.93 8.895 8.86 8.833 8.91 9.07 9.202 9.26 9.268 9.28 9.303 9.33 9.352 9.365 9.365 9.36 9.335 9.29 9.263 9.252 9.233 9.208 9.203 9.208 9.233 9.278 9.325 9.375 9.42 9.437 9.412 9.37 9.358 9.378 9.418 9.475 9.492 9.462 9.42 9.37 9.323 9.28 9.235 9.185 9.13 9.065
9.03 9.03 9.03 9.03 9.13 9.332 9.44 9.447 9.345 9.07 8.908 8.953 9.053 9.172 9.242 9.27 9.313 9.365 9.42 9.483 9.558 9.64 9.705 9.755 9.795 9.822 9.745 9.555 9.375 9.218 9.118 9.085 9.062 9.03 9.08 9.21 9.28 9.29 9.293 9.3 9.315 9.338 9.362 9.385 9.397 9.4 9.377 9.343 9.33 9.33 9.31 9.275 9.255 9.25 9.275 9.323 9.37 9.42 9.467 9.51 9.53 9.512 9.505 9.52 9.54 9.582 9.595 9.565 9.532 9.492 9.445 9.397 9.352 9.305 9.25 9.185
9.03 9.03 9.13 9.232 9.335 9.44 9.42 9.41 9.215 8.888 8.808 8.905 9.028 9.15 9.233 9.278 9.33 9.385 9.443 9.515 9.597 9.68 9.745 9.795 9.842 9.882 9.852 9.717 9.555 9.403 9.308 9.277 9.255 9.23 9.247 9.3 9.315 9.31 9.315 9.325 9.335 9.348 9.368 9.393 9.415 9.432 9.427 9.412 9.407 9.405 9.387 9.355 9.323 9.3 9.32 9.37 9.42 9.47 9.515 9.555 9.6 9.627 9.637 9.652 9.667 9.687 9.682 9.647 9.615 9.58 9.537 9.495 9.455 9.412 9.36 9.295
9.03 9.13 9.332 9.407 9.312 9.18 9.098 9.185 9.11 8.86 8.848 8.97 9.103 9.2 9.255 9.305 9.36 9.415 9.473 9.547 9.63 9.702 9.762 9.815 9.865 9.912 9.92 9.84 9.7 9.55 9.467 9.445 9.417 9.392 9.38 9.38 9.37 9.35 9.345 9.355 9.363 9.37 9.385 9.41 9.435 9.455 9.465 9.465 9.462 9.457 9.447 9.425 9.39 9.358 9.37 9.42 9.47 9.52 9.568 9.613 9.658 9.7 9.727 9.745 9.76 9.76 9.735 9.695 9.66 9.625 9.587 9.552 9.515 9.477 9.427 9.36
9.187 9.222 9.247 9.147 8.978 8.77 8.738 8.965 9.107 9.082 9.095 9.167 9.247 9.28 9.3 9.35 9.42 9.465 9.5 9.57 9.642 9.697 9.75 9.805 9.855 9.9 9.912 9.872 9.772 9.63 9.555 9.552 9.535 9.505 9.488 9.477 9.447 9.403 9.385 9.392 9.395 9.4 9.415 9.44 9.462 9.475 9.482 9.485 9.485 9.48 9.477 9.472 9.447 9.413 9.42 9.47 9.523 9.578 9.628 9.675 9.72 9.76 9.79 9.807 9.812 9.797 9.765 9.725 9.688 9.653 9.617 9.582 9.548 9.512 9.46 9.393
9.342 9.213 9.063 8.915 8.768 8.633 8.675 8.9 9.122 9.207 9.177 9.192 9.207 9.232 9.297 9.385 9.49 9.515 9.525 9.585 9.637 9.68 9.73 9.787 9.84 9.867 9.86 9.835 9.785 9.68 9.608 9.612 9.617 9.605 9.587 9.555 9.5 9.445 9.425 9.43 9.428 9.43 9.445 9.465 9.48 9.49 9.497 9.497 9.492 9.485 9.488 9.497 9.495 9.47 9.475 9.525 9.58 9.64 9.69 9.735 9.782 9.825 9.852 9.857 9.85 9.832 9.8 9.758 9.715 9.68 9.645 9.61 9.58 9.545 9.493 9.435
9.352 9.232 9.102 8.963 8.82 8.698 8.695 8.855 9.085 9.16 9.075 9.02 8.953 8.96 9.148 9.38 9.515 9.53 9.538 9.58 9.62 9.66 9.708 9.77 9.82 9.825 9.803 9.778 9.752 9.7 9.655 9.658 9.675 9.685 9.662 9.607 9.545 9.488 9.463 9.465 9.463 9.463 9.473 9.485 9.495 9.505 9.51 9.505 9.498 9.49 9.493 9.505 9.517 9.518 9.535 9.585 9.64 9.7 9.75 9.795 9.845 9.89 9.907 9.897 9.883 9.865 9.835 9.793 9.748 9.708 9.673 9.643 9.615 9.583 9.538 9.488
9.325 9.237 9.13 9.035 8.932 8.815 8.773 8.85 9.032 9.14 9.07 8.968 8.87 8.84 9.058 9.375 9.51 9.518 9.533 9.568 9.605 9.645 9.675 9.722 9.772 9.775 9.75 9.725 9.703 9.685 9.69 9.707 9.725 9.742 9.717 9.655 9.595 9.543 9.52 9.518 9.515 9.508 9.505 9.515 9.528 9.532 9.525 9.515 9.508 9.508 9.518 9.533 9.55 9.575 9.62 9.678 9.735 9.795 9.828 9.853 9.897 9.94 9.952 9.938 9.925 9.918 9.895 9.853 9.808 9.765 9.725 9.693 9.665 9.638 9.6 9.55
9.262 9.212 9.13 9.082 9.035 8.938 8.89 8.918 9.015 9.12 9.092 9.035 9.025 9.01 9.163 9.41 9.497 9.503 9.525 9.562 9.592 9.612 9.615 9.635 9.7 9.73 9.708 9.683 9.668 9.675 9.71 9.75 9.777 9.797 9.772 9.71 9.655 9.615 9.6 9.595 9.582 9.56 9.55 9.56 9.567 9.56 9.543 9.53 9.53 9.553 9.58 9.598 9.625 9.673 9.738 9.807 9.87 9.925 9.935 9.92 9.943 9.985 9.997 9.985 9.985 9.997 9.985 9.943 9.9 9.86 9.813 9.763 9.728 9.702 9.665 9.615
9.17 9.202 9.153 9.125 9.107 9.045 9.008 9.03 9.068 9.125 9.138 9.133 9.16 9.158 9.278 9.442 9.477 9.493 9.515 9.54 9.55 9.545 9.535 9.538 9.608 9.675 9.67 9.655 9.66 9.683 9.72 9.772 9.82 9.847 9.827 9.775 9.733 9.7 9.682 9.667 9.64 9.608 9.595 9.6 9.592 9.575 9.558 9.553 9.575 9.62 9.655 9.683 9.73 9.79 9.86 9.935 10.002 10.055 10.057 10.023 10.008 10.03 10.042 10.043 10.06 10.08 10.072 10.035 9.995 9.957 9.91 9.85 9.803 9.767 9.722 9.655
9.078 9.177 9.175 9.16 9.15 9.125 9.115 9.135 9.152 9.175 9.205 9.237 9.272 9.292 9.362 9.44 9.46 9.477 9.49 9.495 9.493 9.488 9.483 9.483 9.535 9.612 9.64 9.648 9.67 9.695 9.73 9.785 9.84 9.882 9.88 9.842 9.81 9.782 9.757 9.725 9.69 9.655 9.635 9.628 9.61 9.59 9.58 9.598 9.643 9.695 9.74 9.79 9.85 9.912 9.982 10.055 10.127 10.182 10.18 10.145 10.11 10.093 10.098 10.115 10.14 10.162 10.162 10.127 10.082 10.042 9.992 9.93 9.875 9.825 9.757 9.66
9.09 9.162 9.175 9.162 9.155 9.167 9.187 9.205 9.22 9.235 9.265 9.307 9.35 9.385 9.405 9.42 9.44 9.455 9.468 9.475 9.475 9.475 9.475 9.483 9.528 9.592 9.63 9.65 9.672 9.695 9.738 9.797 9.852 9.905 9.915 9.882 9.855 9.847 9.832 9.795 9.758 9.715 9.69 9.68 9.66 9.643 9.645 9.683 9.738 9.79 9.845 9.907 9.97 10.025 10.082 10.145 10.207 10.26 10.27 10.242 10.207 10.173 10.168 10.192 10.215 10.235 10.227 10.185 10.135 10.09 10.027 9.952 9.892 9.837 9.755 9.645
9.132 9.155 9.15 9.143 9.155 9.198 9.235 9.252 9.267 9.283 9.313 9.355 9.392 9.422 9.418 9.408 9.422 9.435 9.452 9.472 9.482 9.485 9.485 9.5 9.547 9.597 9.625 9.647 9.67 9.69 9.738 9.805 9.865 9.92 9.93 9.9 9.893 9.917 9.917 9.882 9.84 9.785 9.76 9.762 9.75 9.735 9.75 9.798 9.85 9.9 9.955 10.02 10.08 10.12 10.148 10.183 10.23 10.28 10.31 10.307 10.282 10.245 10.24 10.265 10.282 10.292 10.27 10.213 10.155 10.11 10.04 9.945 9.87 9.812 9.732 9.625
9.13 9.13 9.13 9.145 9.188 9.245 9.285 9.3 9.313 9.328 9.358 9.397 9.43 9.455 9.44 9.408 9.405 9.418 9.433 9.452 9.475 9.487 9.49 9.513 9.555 9.587 9.613 9.64 9.665 9.685 9.73 9.802 9.872 9.932 9.945 9.935 9.963 10.005 10.005 9.962 9.91 9.85 9.825 9.84 9.845 9.838 9.86 9.91 9.96 10.013 10.07 10.127 10.172 10.205 10.218 10.223 10.248 10.29 10.325 10.342 10.342 10.318 10.313 10.33 10.34 10.345 10.317 10.253 10.185 10.13 10.055 9.953 9.86 9.79 9.708 9.623
9.11 9.113 9.133 9.178 9.232 9.29 9.332 9.35 9.36 9.373 9.398 9.43 9.46 9.485 9.472 9.423 9.395 9.403 9.415 9.428 9.45 9.475 9.49 9.515 9.55 9.575 9.6 9.63 9.655 9.678 9.725 9.797 9.872 9.942 9.977 10 10.042 10.085 10.082 10.03 9.97 9.91 9.888 9.908 9.925 9.938 9.97 10.022 10.075 10.127 10.177 10.217 10.252 10.285 10.3 10.297 10.298 10.313 10.335 10.355 10.37 10.372 10.375 10.382 10.387 10.39 10.36 10.295 10.225 10.155 10.07 9.97 9.868 9.778 9.708 9.665
9.11 9.115 9.15 9.207 9.262 9.32 9.362 9.38 9.392 9.413 9.44 9.47 9.5 9.512 9.51 9.48 9.44 9.425 9.415 9.41 9.42 9.448 9.49 9.528 9.553 9.578 9.605 9.633 9.655 9.673 9.715 9.787 9.862 9.937 9.997 10.042 10.085 10.125 10.125 10.075 10.02 9.97 9.955 9.978 10 10.028 10.075 10.132 10.185 10.235 10.265 10.28 10.31 10.345 10.36 10.357 10.352 10.345 10.35 10.368 10.383 10.4 10.407 10.41 10.415 10.415 10.382 10.312 10.24 10.167 10.08 9.977 9.875 9.8 9.765 9.745
9.133 9.138 9.17 9.225 9.28 9.337 9.372 9.39 9.418 9.455 9.492 9.522 9.54 9.522 9.527 9.55 9.527 9.495 9.462 9.435 9.418 9.445 9.515 9.555 9.57 9.595 9.625 9.647 9.645 9.65 9.7 9.773 9.847 9.922 9.985 10.035 10.082 10.127 10.145 10.118 10.075 10.038 10.03 10.052 10.075 10.105 10.162 10.23 10.285 10.335 10.352 10.343 10.353 10.382 10.397 10.392 10.385 10.373 10.373 10.385 10.4 10.42 10.425 10.423 10.425 10.425 10.387 10.31 10.235 10.162 10.075 9.978 9.903 9.87 9.855 9.815
9.155 9.163 9.193 9.245 9.297 9.35 9.385 9.415 9.458 9.502 9.545 9.57 9.557 9.51 9.51 9.55 9.562 9.545 9.505 9.468 9.443 9.49 9.57 9.592 9.595 9.615 9.637 9.632 9.608 9.628 9.693 9.76 9.833 9.907 9.97 10.02 10.075 10.14 10.185 10.18 10.145 10.11 10.105 10.125 10.145 10.175 10.235 10.312 10.38 10.432 10.445 10.425 10.41 10.42 10.432 10.425 10.412 10.398 10.395 10.408 10.422 10.437 10.442 10.438 10.435 10.435 10.395 10.315 10.237 10.16 10.078 10.01 9.975 9.96 9.937 9.825
9.175 9.182 9.21 9.26 9.31 9.365 9.415 9.458 9.503 9.55 9.595 9.597 9.55 9.488 9.47 9.49 9.522 9.555 9.537 9.49 9.483 9.557 9.627 9.637 9.635 9.64 9.627 9.58 9.568 9.62 9.688 9.753 9.82 9.893 9.963 10.033 10.11 10.195 10.252 10.247 10.212 10.18 10.175 10.195 10.215 10.242 10.297 10.372 10.445 10.502 10.515 10.497 10.477 10.465 10.462 10.452 10.437 10.422 10.42 10.432 10.445 10.455 10.457 10.45 10.445 10.44 10.395 10.312 10.23 10.155 10.078 10.02 9.987 9.957 9.915 9.747
9.167 9.17 9.195 9.245 9.3 9.37 9.442 9.497 9.545 9.592 9.625 9.595 9.523 9.458 9.42 9.42 9.448 9.51 9.557 9.537 9.548 9.63 9.68 9.685 9.685 9.677 9.638 9.583 9.585 9.643 9.71 9.778 9.843 9.918 10 10.09 10.185 10.275 10.325 10.312 10.277 10.24 10.223 10.235 10.255 10.28 10.33 10.4 10.47 10.53 10.545 10.53 10.515 10.492 10.472 10.46 10.447 10.432 10.43 10.44 10.45 10.455 10.44 10.42 10.415 10.405 10.355 10.272 10.193 10.14 10.07 9.975 9.895 9.835 9.785 9.62
9.135 9.135 9.16 9.213 9.28 9.365 9.45 9.52 9.577 9.627 9.637 9.577 9.493 9.428 9.385 9.363 9.365 9.418 9.5 9.555 9.612 9.69 9.73 9.735 9.732 9.722 9.683 9.645 9.653 9.698 9.765 9.833 9.905 9.995 10.088 10.175 10.265 10.357 10.4 10.377 10.332 10.283 10.258 10.258 10.268 10.29 10.34 10.41 10.482 10.542 10.557 10.54 10.517 10.49 10.468 10.455 10.442 10.425 10.418 10.425 10.432 10.432 10.405 10.365 10.348 10.337 10.287 10.21 10.155 10.135 10.075 9.955 9.838 9.74 9.657 9.492
