EGM722_Project_Data/DTM_asc/TL4959.asc
ncols         200
nrows         200
xllcorner     549000.000
yllcorner     259000.000
cellsize      5
NODATA_value  -9999.0
[rows 99 to 131 of 200, columns 73 to 145 of 200]
14.44 14.155 13.315 12.7 13.11 13.997 14.405 14.275 14.188 14.135 14.123 14.185 14.252 14.28 14.297 14.292 14.257 14.215 14.17 14.123 14.078 14.045 14.103 14.275 14.463 14.755 15.255 15.84 16.39 16.812 16.989 17.034 17.072 17.027 16.699 16.184 15.632 14.385 12.983 12.4 12.18 11.978 11.903 11.868 11.723 11.608 11.578 11.562 11.547 11.395 11.068 11.298 12.394 13.272 13.407 13.242 13.002 12.595 11.933 11.311 10.825 10.281 9.945 9.828 9.753 10.083 10.457 9.807 9.153 9.24 9.335 9.443 9.555
14.41 14.105 13.268 12.706 13.265 14.2 14.53 14.39 14.24 14.153 14.148 14.225 14.315 14.362 14.365 14.335 14.292 14.247 14.2 14.15 14.103 14.08 14.085 14.08 13.993 13.953 14.105 14.405 14.803 15.198 15.547 15.88 16.35 16.819 16.952 16.744 16.214 14.774 13.048 12.29 12.065 12.013 12.355 12.555 12.333 11.958 11.601 11.456 11.423 11.322 11.088 11.01 11.303 11.593 11.598 11.468 11.318 11.085 10.711 10.418 10.248 10.035 9.873 9.871 10.325 11.084 10.614 9.47 9.155 9.218 9.328 9.445 9.56
14.455 14.107 13.245 12.783 13.47 14.38 14.652 14.53 14.35 14.2 14.173 14.26 14.362 14.422 14.41 14.365 14.325 14.277 14.225 14.175 14.123 14.092 14.08 14.062 14.01 13.895 13.755 13.688 13.778 13.953 14.115 14.34 14.885 15.547 15.985 16.147 15.767 14.417 12.88 12.208 11.988 12.088 13.122 13.922 13.735 13.272 12.728 12.243 11.723 11.326 11.128 11.033 10.988 10.933 10.85 10.748 10.685 10.633 10.56 10.44 10.203 9.963 10.131 10.753 11.592 11.656 10.278 9.241 9.18 9.24 9.35 9.46 9.567
14.507 14.117 13.228 12.92 13.735 14.56 14.752 14.625 14.442 14.26 14.2 14.285 14.39 14.45 14.437 14.395 14.347 14.29 14.235 14.185 14.13 14.085 14.058 14.037 13.997 13.897 13.76 13.628 13.548 13.51 13.47 13.46 13.7 14.105 14.418 14.687 14.54 13.598 12.625 12.208 11.99 11.883 13.04 14.397 14.559 14.452 14.244 13.789 12.965 12.188 11.761 11.445 11.156 10.99 10.925 10.855 10.803 10.738 10.615 10.53 10.546 10.621 11.23 12.182 12.434 11.375 9.838 9.213 9.233 9.31 9.41 9.51 9.6
14.56 14.127 13.21 13.045 13.962 14.667 14.752 14.635 14.472 14.29 14.233 14.31 14.407 14.472 14.465 14.417 14.355 14.29 14.235 14.185 14.13 14.08 14.043 14.015 13.982 13.892 13.76 13.633 13.543 13.495 13.42 13.253 13.123 13.148 13.228 13.298 13.18 12.808 12.488 12.285 12.042 11.718 12.503 14.009 14.599 14.687 14.72 14.642 14.329 13.852 13.335 12.783 12.25 11.833 11.51 11.298 11.225 11.21 11.22 11.423 11.835 12.197 12.65 12.964 12.309 10.653 9.441 9.24 9.298 9.385 9.487 9.58 9.65
14.61 14.1 13.158 13.153 14.135 14.69 14.672 14.585 14.467 14.313 14.27 14.348 14.432 14.495 14.485 14.425 14.355 14.29 14.235 14.185 14.13 14.08 14.04 14.003 13.97 13.89 13.763 13.638 13.538 13.455 13.33 13.165 13.035 12.958 12.883 12.79 12.68 12.588 12.507 12.35 12.067 11.71 12.005 13.182 14.002 14.225 14.422 14.614 14.709 14.642 14.439 14.182 13.927 13.512 12.945 12.563 12.408 12.383 12.51 12.84 13.295 13.492 13.392 12.974 11.707 10.031 9.263 9.29 9.373 9.46 9.555 9.627 9.685
14.655 14.037 13.071 13.258 14.257 14.665 14.59 14.51 14.423 14.325 14.313 14.39 14.467 14.515 14.492 14.425 14.355 14.293 14.238 14.185 14.13 14.08 14.04 13.997 13.957 13.885 13.767 13.645 13.533 13.42 13.298 13.185 13.085 12.987 12.882 12.762 12.64 12.555 12.5 12.365 12.08 11.718 11.58 12 12.56 12.927 13.29 13.647 13.92 14.105 14.289 14.432 14.489 14.377 14.109 13.897 13.782 13.74 13.765 13.847 14 13.912 13.52 12.617 10.948 9.626 9.293 9.35 9.445 9.53 9.602 9.663 9.72
14.677 13.967 12.983 13.343 14.322 14.62 14.54 14.463 14.385 14.328 14.345 14.417 14.492 14.53 14.495 14.425 14.355 14.295 14.24 14.185 14.128 14.073 14.03 13.987 13.942 13.875 13.77 13.65 13.53 13.42 13.317 13.212 13.102 12.982 12.86 12.735 12.603 12.508 12.445 12.332 12.082 11.73 11.448 11.343 11.413 11.543 11.68 11.953 12.34 12.727 13.16 13.602 13.865 13.987 14.112 14.174 14.172 14.169 14.16 14.097 14.017 13.847 13.337 12.04 10.278 9.373 9.333 9.407 9.49 9.57 9.64 9.7 9.76
14.68 13.887 12.898 13.405 14.372 14.602 14.533 14.458 14.383 14.338 14.365 14.435 14.507 14.535 14.492 14.427 14.36 14.298 14.242 14.185 14.122 14.063 14.013 13.97 13.925 13.86 13.765 13.65 13.533 13.423 13.32 13.212 13.095 12.975 12.85 12.71 12.558 12.453 12.372 12.26 12.052 11.738 11.493 11.323 11.163 11.03 10.915 10.918 11.028 11.143 11.398 11.873 12.425 12.827 13.09 13.302 13.445 13.577 13.715 13.78 13.762 13.614 12.867 11.29 9.826 9.328 9.368 9.437 9.5 9.577 9.665 9.737 9.8
14.665 13.775 12.801 13.475 14.44 14.597 14.532 14.462 14.388 14.353 14.388 14.453 14.522 14.54 14.49 14.43 14.365 14.3 14.242 14.18 14.115 14.055 14 13.953 13.907 13.842 13.75 13.647 13.537 13.425 13.317 13.205 13.087 12.965 12.822 12.665 12.505 12.388 12.287 12.165 12.002 11.762 11.54 11.36 11.185 11.055 10.942 10.808 10.655 10.493 10.423 10.503 10.751 10.99 11.27 11.675 11.995 12.267 12.54 12.765 12.842 12.664 11.904 10.478 9.548 9.44 9.43 9.45 9.5 9.575 9.67 9.762 9.835
14.567 13.647 12.761 13.538 14.51 14.592 14.528 14.462 14.393 14.368 14.413 14.475 14.54 14.545 14.485 14.425 14.363 14.3 14.237 14.173 14.108 14.045 13.99 13.94 13.892 13.825 13.73 13.635 13.535 13.422 13.31 13.195 13.077 12.942 12.782 12.618 12.455 12.32 12.203 12.08 11.947 11.77 11.572 11.385 11.203 11.065 10.96 10.85 10.727 10.575 10.408 10.243 10.075 9.953 10.046 10.273 10.415 10.506 10.708 11.01 11.148 11.005 10.498 9.775 9.5 9.557 9.525 9.512 9.523 9.575 9.67 9.77 9.86
14.48 13.473 12.688 13.585 14.58 14.59 14.525 14.46 14.393 14.375 14.427 14.49 14.55 14.547 14.485 14.425 14.365 14.3 14.23 14.165 14.1 14.033 13.973 13.92 13.87 13.802 13.71 13.615 13.52 13.41 13.295 13.18 13.055 12.905 12.738 12.573 12.415 12.278 12.153 12.028 11.895 11.735 11.552 11.367 11.193 11.058 10.952 10.847 10.737 10.62 10.475 10.305 10.135 10.01 9.928 9.843 9.755 9.668 9.693 9.818 9.858 9.765 9.555 9.45 9.525 9.565 9.56 9.555 9.55 9.603 9.708 9.813 9.918
14.382 13.258 12.651 13.673 14.635 14.595 14.532 14.46 14.378 14.365 14.425 14.487 14.547 14.547 14.492 14.435 14.375 14.305 14.228 14.158 14.092 14.023 13.953 13.893 13.84 13.775 13.687 13.595 13.5 13.392 13.277 13.155 13.017 12.862 12.695 12.535 12.388 12.253 12.127 11.995 11.85 11.685 11.5 11.323 11.163 11.033 10.927 10.817 10.698 10.602 10.51 10.365 10.195 10.07 9.99 9.905 9.818 9.733 9.648 9.568 9.493 9.425 9.393 9.423 9.5 9.542 9.545 9.555 9.578 9.65 9.775 9.9 10.01
14.157 13.058 12.783 13.822 14.657 14.605 14.535 14.447 14.36 14.353 14.417 14.482 14.542 14.545 14.495 14.442 14.385 14.315 14.235 14.155 14.085 14.015 13.94 13.873 13.812 13.742 13.657 13.57 13.477 13.375 13.255 13.117 12.972 12.818 12.658 12.508 12.363 12.227 12.095 11.95 11.8 11.635 11.458 11.293 11.138 11.008 10.895 10.775 10.653 10.558 10.492 10.4 10.255 10.128 10.045 9.962 9.88 9.797 9.712 9.627 9.548 9.498 9.48 9.475 9.5 9.535 9.56 9.593 9.63 9.693 9.82 9.975 10.102
13.852 12.853 12.945 13.982 14.66 14.61 14.525 14.425 14.345 14.345 14.41 14.477 14.54 14.545 14.495 14.445 14.392 14.325 14.242 14.158 14.08 14.008 13.935 13.863 13.79 13.713 13.628 13.54 13.452 13.35 13.217 13.073 12.928 12.778 12.628 12.482 12.337 12.195 12.05 11.9 11.748 11.588 11.428 11.27 11.115 10.98 10.855 10.728 10.605 10.513 10.448 10.382 10.287 10.182 10.1 10.017 9.935 9.852 9.765 9.677 9.597 9.552 9.537 9.522 9.515 9.538 9.582 9.627 9.672 9.733 9.858 10.03 10.19
13.505 12.676 13.083 14.117 14.662 14.617 14.53 14.428 14.345 14.338 14.393 14.46 14.525 14.53 14.48 14.43 14.385 14.325 14.242 14.16 14.083 14.01 13.938 13.862 13.782 13.695 13.608 13.52 13.432 13.322 13.18 13.035 12.89 12.743 12.597 12.452 12.307 12.158 12.005 11.855 11.703 11.555 11.41 11.258 11.103 10.96 10.83 10.7 10.578 10.488 10.423 10.36 10.282 10.195 10.112 10.027 9.942 9.855 9.765 9.68 9.605 9.56 9.542 9.525 9.508 9.525 9.575 9.625 9.688 9.78 9.923 10.098 10.285
13.228 12.601 13.235 14.272 14.67 14.635 14.555 14.455 14.37 14.345 14.375 14.43 14.495 14.5 14.45 14.405 14.37 14.317 14.24 14.16 14.088 14.017 13.942 13.865 13.782 13.69 13.595 13.508 13.42 13.305 13.158 13.008 12.862 12.713 12.563 12.417 12.272 12.122 11.968 11.815 11.665 11.525 11.392 11.25 11.095 10.95 10.82 10.695 10.578 10.488 10.425 10.35 10.25 10.155 10.075 9.992 9.907 9.82 9.733 9.655 9.588 9.538 9.518 9.51 9.495 9.508 9.555 9.623 9.723 9.85 10.008 10.193 10.4
13.013 12.683 13.515 14.472 14.677 14.652 14.58 14.483 14.403 14.375 14.385 14.41 14.462 14.47 14.425 14.39 14.36 14.31 14.238 14.163 14.093 14.022 13.945 13.862 13.777 13.687 13.59 13.498 13.41 13.292 13.14 12.985 12.837 12.687 12.533 12.383 12.235 12.085 11.932 11.778 11.625 11.488 11.362 11.232 11.087 10.945 10.818 10.7 10.585 10.493 10.417 10.315 10.2 10.108 10.032 9.955 9.872 9.788 9.708 9.638 9.575 9.518 9.488 9.485 9.48 9.498 9.565 9.673 9.798 9.93 10.098 10.303 10.52
12.778 12.86 13.847 14.627 14.68 14.667 14.605 14.51 14.435 14.41 14.417 14.425 14.447 14.445 14.41 14.38 14.35 14.305 14.24 14.17 14.1 14.025 13.942 13.857 13.772 13.682 13.587 13.492 13.397 13.275 13.12 12.965 12.812 12.66 12.505 12.35 12.2 12.048 11.895 11.742 11.59 11.453 11.328 11.203 11.072 10.942 10.822 10.707 10.59 10.485 10.382 10.268 10.155 10.063 9.988 9.913 9.835 9.76 9.69 9.625 9.565 9.503 9.46 9.453 9.473 9.53 9.633 9.76 9.885 10.025 10.21 10.423 10.64
12.628 13.06 14.1 14.68 14.683 14.687 14.645 14.553 14.468 14.43 14.432 14.437 14.44 14.427 14.4 14.37 14.34 14.3 14.237 14.165 14.095 14.012 13.922 13.837 13.755 13.662 13.562 13.465 13.367 13.245 13.092 12.937 12.78 12.625 12.472 12.318 12.165 12.012 11.858 11.705 11.56 11.428 11.303 11.178 11.053 10.927 10.807 10.69 10.572 10.457 10.343 10.228 10.118 10.025 9.948 9.873 9.8 9.742 9.687 9.623 9.56 9.495 9.455 9.47 9.525 9.615 9.73 9.855 9.983 10.14 10.35 10.57 10.782
12.601 13.28 14.32 14.69 14.713 14.727 14.69 14.605 14.515 14.453 14.428 14.423 14.422 14.41 14.387 14.362 14.335 14.292 14.225 14.15 14.08 13.995 13.898 13.808 13.722 13.627 13.523 13.42 13.322 13.2 13.052 12.9 12.74 12.585 12.435 12.282 12.13 11.977 11.823 11.675 11.538 11.41 11.285 11.16 11.037 10.908 10.778 10.655 10.538 10.423 10.31 10.198 10.088 9.995 9.915 9.84 9.768 9.715 9.677 9.625 9.562 9.498 9.488 9.55 9.625 9.715 9.833 9.958 10.085 10.255 10.487 10.727 10.945
12.643 13.54 14.555 14.737 14.78 14.785 14.732 14.655 14.57 14.498 14.448 14.418 14.408 14.395 14.375 14.355 14.33 14.282 14.212 14.14 14.07 13.985 13.883 13.783 13.69 13.592 13.485 13.38 13.28 13.155 13.007 12.857 12.703 12.55 12.398 12.245 12.095 11.943 11.793 11.655 11.52 11.39 11.267 11.143 11.02 10.89 10.755 10.628 10.505 10.39 10.28 10.17 10.06 9.965 9.885 9.808 9.733 9.68 9.65 9.615 9.565 9.513 9.54 9.64 9.725 9.818 9.938 10.06 10.185 10.365 10.613 10.87 11.105
12.736 13.757 14.7 14.785 14.842 14.842 14.777 14.702 14.618 14.542 14.487 14.435 14.4 14.38 14.36 14.34 14.317 14.27 14.2 14.13 14.057 13.97 13.867 13.762 13.662 13.56 13.45 13.342 13.237 13.11 12.96 12.81 12.662 12.515 12.362 12.21 12.06 11.912 11.772 11.637 11.502 11.373 11.25 11.128 11.003 10.873 10.74 10.608 10.478 10.36 10.25 10.14 10.03 9.935 9.855 9.775 9.703 9.655 9.625 9.593 9.555 9.543 9.61 9.727 9.822 9.92 10.04 10.163 10.293 10.48 10.733 10.997 11.252
12.835 13.882 14.732 14.81 14.887 14.897 14.83 14.752 14.655 14.56 14.497 14.442 14.393 14.36 14.34 14.32 14.292 14.24 14.17 14.097 14.027 13.94 13.835 13.73 13.625 13.52 13.41 13.297 13.18 13.045 12.895 12.747 12.605 12.467 12.325 12.175 12.022 11.873 11.735 11.602 11.472 11.355 11.24 11.118 10.993 10.865 10.732 10.595 10.455 10.33 10.22 10.11 10 9.918 9.85 9.773 9.703 9.655 9.625 9.593 9.57 9.6 9.693 9.81 9.915 10.02 10.148 10.288 10.435 10.618 10.845 11.1 11.36
12.928 13.977 14.752 14.85 14.935 14.952 14.89 14.795 14.67 14.558 14.485 14.428 14.375 14.34 14.32 14.292 14.25 14.19 14.118 14.048 13.987 13.902 13.79 13.68 13.575 13.47 13.357 13.237 13.11 12.97 12.82 12.675 12.538 12.407 12.275 12.13 11.978 11.825 11.683 11.548 11.423 11.322 11.227 11.112 10.99 10.862 10.727 10.585 10.433 10.3 10.19 10.08 9.97 9.9 9.86 9.8 9.73 9.68 9.648 9.63 9.638 9.685 9.78 9.893 10.008 10.138 10.288 10.445 10.605 10.78 10.983 11.208 11.442
12.988 14.032 14.757 14.885 14.985 15.007 14.937 14.815 14.675 14.555 14.475 14.415 14.355 14.318 14.292 14.247 14.195 14.135 14.065 14.005 13.952 13.87 13.755 13.635 13.523 13.415 13.295 13.165 13.035 12.897 12.753 12.61 12.473 12.34 12.212 12.08 11.935 11.785 11.638 11.495 11.373 11.278 11.192 11.097 10.985 10.857 10.717 10.565 10.405 10.27 10.16 10.05 9.94 9.87 9.845 9.812 9.755 9.705 9.688 9.7 9.725 9.775 9.87 9.983 10.105 10.263 10.445 10.617 10.78 10.953 11.148 11.352 11.545
13.02 14.055 14.74 14.882 15.012 15.047 14.957 14.82 14.68 14.553 14.463 14.4 14.335 14.287 14.247 14.193 14.14 14.083 14.022 13.967 13.915 13.837 13.722 13.597 13.475 13.355 13.225 13.09 12.96 12.825 12.685 12.545 12.405 12.273 12.148 12.022 11.89 11.745 11.595 11.445 11.325 11.235 11.148 11.062 10.967 10.845 10.695 10.535 10.378 10.245 10.135 10.023 9.91 9.843 9.82 9.8 9.768 9.745 9.76 9.79 9.815 9.865 9.965 10.085 10.21 10.375 10.575 10.767 10.947 11.125 11.305 11.48 11.63
13.053 14.08 14.725 14.865 15.01 15.047 14.937 14.795 14.655 14.525 14.43 14.365 14.302 14.25 14.203 14.15 14.098 14.033 13.967 13.912 13.857 13.782 13.675 13.552 13.425 13.295 13.163 13.03 12.897 12.76 12.62 12.48 12.343 12.213 12.085 11.96 11.835 11.695 11.543 11.398 11.288 11.203 11.115 11.028 10.937 10.817 10.665 10.505 10.353 10.23 10.125 10.013 9.9 9.84 9.825 9.805 9.785 9.8 9.842 9.875 9.903 9.963 10.075 10.203 10.328 10.47 10.653 10.857 11.057 11.245 11.407 11.545 11.675
13.08 14.102 14.717 14.86 15.005 15.03 14.895 14.738 14.595 14.47 14.38 14.315 14.253 14.203 14.165 14.12 14.067 13.993 13.903 13.835 13.78 13.705 13.607 13.492 13.367 13.238 13.105 12.972 12.837 12.7 12.56 12.42 12.285 12.155 12.025 11.898 11.772 11.632 11.485 11.363 11.265 11.177 11.09 10.997 10.9 10.78 10.632 10.475 10.328 10.215 10.122 10.02 9.91 9.855 9.852 9.84 9.82 9.845 9.907 9.955 9.988 10.06 10.19 10.325 10.45 10.573 10.72 10.91 11.115 11.302 11.455 11.585 11.715
13.113 14.147 14.73 14.86 15.002 15.015 14.862 14.688 14.533 14.41 14.328 14.262 14.198 14.15 14.12 14.085 14.04 13.965 13.86 13.768 13.703 13.627 13.53 13.425 13.31 13.182 13.047 12.91 12.773 12.637 12.5 12.363 12.228 12.095 11.965 11.835 11.707 11.573 11.445 11.34 11.243 11.15 11.057 10.96 10.86 10.742 10.6 10.448 10.305 10.195 10.11 10.02 9.915 9.86 9.865 9.867 9.855 9.883 9.955 10.02 10.068 10.15 10.292 10.44 10.57 10.695 10.823 10.973 11.163 11.345 11.492 11.625 11.755
13.195 14.282 14.822 14.928 15.032 15.007 14.845 14.663 14.488 14.355 14.275 14.21 14.145 14.1 14.07 14.04 14.005 13.935 13.83 13.723 13.635 13.55 13.45 13.35 13.242 13.12 12.987 12.85 12.71 12.575 12.44 12.305 12.17 12.035 11.905 11.775 11.648 11.528 11.42 11.32 11.22 11.122 11.023 10.92 10.82 10.707 10.57 10.42 10.283 10.175 10.09 10.005 9.913 9.865 9.868 9.875 9.878 9.915 9.99 10.062 10.13 10.23 10.38 10.54 10.682 10.81 10.937 11.067 11.222 11.382 11.525 11.662 11.795
13.32 14.482 14.975 15.06 15.085 15 14.835 14.652 14.465 14.325 14.248 14.183 14.12 14.068 14.03 14 13.97 13.897 13.785 13.677 13.575 13.473 13.37 13.267 13.162 13.045 12.915 12.78 12.64 12.51 12.382 12.25 12.115 11.988 11.865 11.735 11.61 11.5 11.4 11.3 11.197 11.095 10.99 10.885 10.782 10.67 10.537 10.39 10.25 10.143 10.06 9.975 9.895 9.865 9.872 9.878 9.885 9.935 10.015 10.09 10.165 10.278 10.435 10.582 10.712 10.84 10.972 11.107 11.247 11.392 11.535 11.675 11.812
13.455 14.68 15.102 15.142 15.09 14.98 14.825 14.642 14.45 14.313 14.243 14.18 14.12 14.06 14.01 13.973 13.94 13.857 13.73 13.618 13.51 13.4 13.29 13.183 13.08 12.965 12.835 12.7 12.563 12.44 12.325 12.2 12.068 11.948 11.837 11.715 11.59 11.48 11.38 11.277 11.172 11.067 10.96 10.853 10.747 10.632 10.5 10.355 10.21 10.1 10.018 9.94 9.875 9.855 9.872 9.882 9.888 9.938 10.027 10.11 10.185 10.303 10.452 10.565 10.665 10.788 10.925 11.07 11.222 11.375 11.52 11.66 11.805
