EGM722_Project_Data/DTM_asc/TL4957.asc
ncols         200
nrows         200
xllcorner     549000.000
yllcorner     257000.000
cellsize      5
NODATA_value  -9999.0
[rows 0 to 31 of 200, columns 0 to 72 of 200]
10.138 10.133 10.145 10.14 10.11 10.068 10.033 10.015 10.01 10.013 10.018 10.028 10.048 10.082 10.092 10.065 10.015 9.917 9.845 9.833 9.835 9.845 9.845 9.835 9.84 9.87 9.887 9.883 9.88 9.88 9.887 9.897 9.897 9.892 9.885 10.28 11.217 12.024 12.28 12.503 12.9 13.13 13.282 13.475 13.705 13.957 14.052 13.459 12.2 11.266 11.063 11.943 13.405 14.17 14.48 14.818 15.117 15.247 15.347 15.495 15.59 15.655 15.085 14.048 13.363 13.065 12.965 12.89 12.893 12.993 13.165 13.367 13.567
10.22 10.175 10.15 10.117 10.075 10.033 9.995 9.975 9.973 9.977 9.983 9.993 10.005 10.023 10.023 9.995 9.965 9.915 9.88 9.885 9.897 9.907 9.905 9.895 9.883 9.883 9.885 9.88 9.878 9.875 9.877 9.877 9.873 9.868 10.118 11.052 11.899 12.017 11.935 12.163 12.86 13.355 13.505 13.682 13.865 14.027 13.597 12.173 11.131 11.368 11.938 13.042 14.167 14.485 14.643 14.83 15.095 15.272 15.355 15.45 15.518 15.582 14.937 13.868 13.363 13.22 13.162 13.107 13.067 13.078 13.2 13.403 13.61
10.277 10.2 10.133 10.088 10.045 10 9.958 9.938 9.938 9.94 9.945 9.958 9.973 9.988 9.988 9.965 9.935 9.905 9.9 9.915 9.93 9.942 9.94 9.93 9.917 9.903 9.893 9.888 9.88 9.875 9.868 9.855 9.85 9.985 10.585 11.609 12.065 11.915 11.925 12.393 13.152 13.51 13.563 13.7 13.89 13.749 12.56 11.101 10.843 11.64 12.783 14.025 14.742 14.865 14.972 15.08 15.182 15.232 15.327 15.447 15.503 15.507 14.957 14.018 13.395 13.178 13.165 13.155 13.145 13.153 13.255 13.448 13.655
10.285 10.185 10.108 10.06 10.015 9.98 9.953 9.94 9.94 9.938 9.935 9.94 9.955 9.975 9.98 9.962 9.935 9.908 9.903 9.917 9.933 9.947 9.952 9.942 9.93 9.917 9.907 9.9 9.893 9.887 9.868 9.843 9.913 10.428 11.102 11.577 11.838 11.91 12.313 13.02 13.51 13.64 13.638 13.683 13.802 13.137 11.603 10.716 11.056 12.163 13.662 14.697 14.945 15.015 15.075 15.125 15.145 15.128 15.218 15.432 15.562 15.34 14.882 14.262 13.513 13.14 13.105 13.095 13.118 13.203 13.34 13.513 13.71
10.27 10.163 10.083 10.038 10.008 9.99 9.983 9.977 9.975 9.97 9.96 9.95 9.95 9.962 9.965 9.952 9.935 9.913 9.905 9.92 9.937 9.952 9.96 9.955 9.943 9.93 9.92 9.91 9.905 9.9 9.875 9.843 10.19 11.035 11.562 11.683 11.925 12.35 12.932 13.38 13.577 13.667 13.7 13.717 13.452 12.205 10.944 11.013 12.063 13.312 14.397 14.935 14.95 14.987 15.035 15.052 15.035 15.003 15.013 15.257 15.29 14.805 14.42 14.145 13.617 13.165 13.045 13.07 13.165 13.295 13.44 13.6 13.775
10.245 10.138 10.068 10.043 10.033 10.025 10.018 10.01 10.002 9.995 9.985 9.972 9.96 9.955 9.95 9.938 9.925 9.91 9.908 9.923 9.94 9.957 9.965 9.965 9.955 9.94 9.93 9.923 9.917 9.91 9.888 10.063 10.817 11.587 11.872 12.077 12.46 12.915 13.187 13.33 13.483 13.61 13.627 13.499 12.522 11.336 11.091 11.903 13.269 14.189 14.637 14.84 14.915 14.95 14.963 14.943 14.91 14.878 14.843 15.022 14.752 14.14 13.9 13.707 13.432 13.128 13.03 13.125 13.26 13.395 13.54 13.7 13.862
10.23 10.12 10.073 10.077 10.073 10.065 10.055 10.038 10.02 10.01 10 9.99 9.977 9.963 9.95 9.938 9.925 9.915 9.915 9.928 9.945 9.962 9.97 9.97 9.965 9.952 9.94 9.935 9.93 9.92 9.905 10.47 11.347 11.677 11.833 12.253 12.842 13.16 13.228 13.335 13.465 13.585 13.52 12.772 11.576 11.336 11.885 12.687 13.687 14.302 14.555 14.68 14.797 14.91 14.98 14.96 14.885 14.798 14.728 14.665 14.21 13.715 13.535 13.323 13.128 13.033 13.093 13.227 13.362 13.495 13.63 13.78 13.937
10.22 10.115 10.083 10.11 10.115 10.107 10.095 10.065 10.035 10.02 10.01 10.002 9.992 9.978 9.965 9.953 9.943 9.935 9.93 9.935 9.95 9.965 9.972 9.975 9.975 9.965 9.953 9.947 9.94 9.92 9.915 10.607 11.297 11.343 11.715 12.533 13.157 13.315 13.358 13.438 13.542 13.56 13.032 11.833 11.288 11.782 12.352 12.94 13.677 14.21 14.402 14.513 14.64 14.822 15.017 15.102 15.087 15.045 14.99 14.255 13.485 13.39 13.257 13.068 12.983 13.045 13.182 13.327 13.465 13.595 13.718 13.845 13.993
10.202 10.113 10.088 10.122 10.147 10.152 10.135 10.097 10.058 10.033 10.02 10.012 10.005 9.993 9.98 9.968 9.958 9.953 9.95 9.95 9.955 9.968 9.977 9.98 9.98 9.975 9.967 9.952 9.928 9.898 9.885 10.407 10.965 11.278 12.113 13.047 13.44 13.475 13.51 13.557 13.58 13.28 12.39 11.618 11.628 12.132 12.595 12.983 13.587 14.097 14.277 14.36 14.485 14.68 14.92 15.127 15.267 15.35 15.247 14.053 13.016 13.065 13.01 12.933 12.998 13.125 13.265 13.415 13.56 13.695 13.815 13.928 14.058
10.175 10.105 10.093 10.127 10.162 10.182 10.167 10.127 10.085 10.048 10.028 10.02 10.015 10.007 9.995 9.985 9.975 9.97 9.97 9.97 9.97 9.975 9.98 9.983 9.985 9.985 9.977 9.955 9.928 9.905 9.878 10.13 10.816 11.768 12.817 13.44 13.552 13.555 13.557 13.605 13.432 12.685 12.033 11.975 12.14 12.465 12.805 13.068 13.525 13.985 14.165 14.228 14.343 14.548 14.79 15.033 15.252 15.212 14.702 13.765 13.058 12.898 12.885 12.955 13.08 13.205 13.345 13.497 13.65 13.792 13.915 14.025 14.14
10.185 10.12 10.098 10.12 10.155 10.182 10.172 10.13 10.09 10.058 10.043 10.038 10.032 10.022 10.01 10 9.99 9.985 9.985 9.985 9.985 9.985 9.985 9.99 9.995 9.99 9.977 9.965 9.955 9.945 9.968 10.376 11.545 12.74 13.377 13.575 13.52 13.485 13.505 13.569 12.907 11.796 11.615 12.075 12.382 12.567 12.932 13.257 13.5 13.75 13.92 14.077 14.222 14.45 14.717 14.987 15.184 14.775 14.015 13.548 13.192 12.913 12.87 12.995 13.122 13.247 13.392 13.552 13.705 13.85 13.977 14.09 14.197
10.23 10.163 10.123 10.115 10.135 10.165 10.157 10.115 10.085 10.073 10.068 10.062 10.052 10.035 10.02 10.01 10.003 10 10 10 10 9.997 9.995 9.997 9.997 9.987 9.975 9.965 9.955 9.95 10.148 11.147 12.554 13.272 13.467 13.512 13.432 13.375 13.437 13.182 11.99 11.208 11.583 12.08 12.335 12.438 12.95 13.332 13.19 13.08 13.253 13.642 13.932 14.082 14.192 14.427 14.659 14.187 13.61 13.507 13.255 12.943 12.868 12.995 13.12 13.238 13.385 13.557 13.717 13.867 14 14.112 14.212
10.26 10.21 10.172 10.148 10.135 10.148 10.142 10.113 10.1 10.097 10.092 10.082 10.065 10.045 10.03 10.023 10.02 10.017 10.017 10.017 10.015 10.01 10.005 10.002 9.995 9.985 9.972 9.958 9.945 9.935 10.313 11.48 12.584 12.952 13.215 13.437 12.732 12.238 12.512 12.04 11.211 11.193 11.665 11.955 12.14 12.302 12.622 12.752 12.333 12.103 12.455 12.888 13.145 13.22 13.2 13.335 13.622 13.47 13.188 13.242 13.2 12.97 12.87 12.99 13.105 13.215 13.358 13.535 13.71 13.875 14.015 14.122 14.215
10.277 10.24 10.205 10.182 10.157 10.145 10.137 10.128 10.122 10.12 10.112 10.095 10.075 10.055 10.043 10.037 10.035 10.033 10.032 10.03 10.025 10.02 10.013 10.005 9.993 9.98 9.973 9.97 9.97 9.968 10.35 11.147 11.847 12.322 12.854 12.759 11.518 10.928 11.158 10.963 10.853 11.095 11.375 11.563 11.653 11.775 11.818 11.725 11.45 11.518 12.078 12.413 12.533 12.633 12.665 12.703 12.825 12.828 12.79 12.855 12.918 12.885 12.87 12.975 13.085 13.195 13.335 13.513 13.7 13.885 14.03 14.128 14.213
10.292 10.247 10.203 10.175 10.155 10.137 10.135 10.14 10.137 10.132 10.122 10.105 10.085 10.065 10.052 10.047 10.045 10.047 10.047 10.043 10.038 10.033 10.027 10.018 10.003 9.99 9.998 10.015 10.025 10.038 10.425 10.882 11.068 11.383 11.862 11.545 10.876 10.77 10.738 10.713 10.733 10.905 11.175 11.267 11.175 11.135 11.153 11.155 11.148 11.45 11.985 12.28 12.407 12.515 12.552 12.535 12.525 12.56 12.625 12.683 12.74 12.835 12.943 13.038 13.143 13.25 13.368 13.525 13.718 13.91 14.055 14.143 14.22
10.302 10.252 10.2 10.158 10.13 10.115 10.12 10.135 10.14 10.135 10.125 10.11 10.09 10.07 10.058 10.055 10.055 10.06 10.062 10.057 10.052 10.048 10.045 10.04 10.03 10.018 10.033 10.067 10.085 10.1 10.46 10.745 10.61 10.618 10.79 10.795 10.798 10.872 10.85 10.812 10.755 10.825 11.042 11.102 10.99 10.945 11.015 11.138 11.235 11.513 11.915 12.147 12.28 12.395 12.437 12.428 12.46 12.563 12.66 12.718 12.813 12.98 13.117 13.195 13.285 13.39 13.485 13.593 13.753 13.94 14.082 14.167 14.227
10.31 10.26 10.21 10.158 10.113 10.093 10.1 10.12 10.135 10.135 10.125 10.11 10.093 10.075 10.065 10.065 10.068 10.075 10.077 10.073 10.067 10.06 10.055 10.055 10.052 10.043 10.06 10.105 10.14 10.163 10.35 10.49 10.435 10.453 10.538 10.67 10.847 10.957 10.957 10.905 10.83 10.803 10.9 10.948 10.913 10.965 11.073 11.21 11.345 11.575 11.845 12.013 12.148 12.272 12.328 12.36 12.46 12.595 12.695 12.79 12.963 13.175 13.312 13.375 13.445 13.538 13.632 13.715 13.82 13.975 14.11 14.172 14.192
10.32 10.27 10.22 10.165 10.11 10.078 10.08 10.1 10.12 10.132 10.127 10.113 10.1 10.085 10.078 10.083 10.088 10.095 10.095 10.088 10.08 10.073 10.07 10.07 10.068 10.063 10.085 10.132 10.18 10.22 10.3 10.375 10.425 10.5 10.603 10.745 10.902 11.035 11.06 10.995 10.917 10.843 10.838 10.88 10.935 11.023 11.125 11.263 11.42 11.61 11.785 11.915 12.045 12.17 12.268 12.37 12.5 12.633 12.765 12.938 13.157 13.37 13.5 13.562 13.625 13.697 13.78 13.86 13.937 14.038 14.122 14.14 14.135
10.328 10.28 10.23 10.185 10.148 10.108 10.078 10.083 10.105 10.125 10.132 10.125 10.113 10.098 10.098 10.11 10.118 10.122 10.12 10.113 10.105 10.095 10.09 10.09 10.088 10.085 10.103 10.145 10.195 10.252 10.328 10.405 10.478 10.555 10.67 10.82 10.972 11.112 11.147 11.08 11 10.92 10.89 10.95 11.043 11.123 11.218 11.355 11.518 11.683 11.828 11.953 12.075 12.198 12.33 12.468 12.6 12.73 12.885 13.082 13.302 13.505 13.627 13.695 13.76 13.817 13.877 13.947 14.022 14.112 14.165 14.16 14.155
10.353 10.303 10.268 10.248 10.222 10.177 10.123 10.088 10.093 10.115 10.13 10.135 10.127 10.115 10.12 10.137 10.15 10.155 10.153 10.147 10.137 10.12 10.11 10.11 10.11 10.11 10.118 10.148 10.195 10.263 10.357 10.452 10.532 10.618 10.74 10.885 11.012 11.115 11.16 11.137 11.075 10.99 10.98 11.08 11.19 11.273 11.368 11.498 11.653 11.817 11.962 12.087 12.21 12.335 12.47 12.61 12.745 12.878 13.023 13.195 13.4 13.59 13.705 13.77 13.825 13.87 13.918 13.983 14.07 14.185 14.25 14.247 14.245
10.413 10.373 10.358 10.34 10.302 10.252 10.195 10.135 10.098 10.1 10.117 10.13 10.137 10.133 10.138 10.16 10.177 10.187 10.187 10.177 10.16 10.14 10.13 10.13 10.13 10.133 10.14 10.158 10.195 10.27 10.375 10.48 10.577 10.677 10.782 10.885 10.97 11.04 11.093 11.12 11.115 11.058 11.068 11.19 11.32 11.425 11.533 11.66 11.798 11.952 12.097 12.222 12.347 12.473 12.605 12.745 12.885 13.025 13.17 13.328 13.508 13.677 13.777 13.827 13.87 13.91 13.955 14.025 14.138 14.27 14.335 14.335 14.332
10.477 10.472 10.46 10.422 10.377 10.327 10.27 10.21 10.148 10.105 10.105 10.12 10.135 10.142 10.153 10.175 10.195 10.21 10.21 10.195 10.175 10.158 10.152 10.155 10.155 10.158 10.165 10.175 10.213 10.298 10.405 10.513 10.61 10.7 10.782 10.855 10.925 11 11.05 11.075 11.1 11.103 11.16 11.298 11.44 11.57 11.695 11.825 11.955 12.095 12.233 12.358 12.483 12.608 12.738 12.878 13.023 13.168 13.318 13.475 13.637 13.775 13.848 13.883 13.92 13.958 13.998 14.08 14.212 14.345 14.4 14.392 14.382
10.495 10.51 10.507 10.485 10.45 10.4 10.345 10.28 10.205 10.13 10.105 10.12 10.133 10.145 10.16 10.18 10.2 10.215 10.212 10.195 10.177 10.165 10.167 10.177 10.18 10.183 10.203 10.26 10.305 10.355 10.455 10.555 10.622 10.678 10.765 10.855 10.928 11.002 11.05 11.065 11.09 11.165 11.288 11.428 11.573 11.715 11.85 11.98 12.11 12.245 12.378 12.503 12.628 12.753 12.88 13.02 13.168 13.315 13.47 13.627 13.78 13.897 13.955 13.985 14.02 14.048 14.065 14.123 14.24 14.365 14.405 14.385 14.372
10.472 10.487 10.5 10.505 10.492 10.46 10.4 10.317 10.227 10.143 10.113 10.127 10.137 10.143 10.155 10.175 10.195 10.21 10.205 10.185 10.173 10.165 10.163 10.178 10.198 10.25 10.36 10.457 10.46 10.445 10.505 10.572 10.605 10.64 10.73 10.845 10.932 11.005 11.048 11.075 11.153 11.293 11.442 11.578 11.718 11.862 12 12.13 12.263 12.398 12.53 12.657 12.783 12.908 13.038 13.178 13.323 13.47 13.625 13.78 13.92 14.032 14.095 14.125 14.145 14.147 14.145 14.16 14.235 14.35 14.385 14.353 14.335
10.45 10.465 10.483 10.51 10.54 10.532 10.452 10.34 10.235 10.15 10.12 10.13 10.137 10.14 10.15 10.168 10.185 10.2 10.195 10.18 10.173 10.165 10.168 10.215 10.31 10.46 10.62 10.665 10.607 10.537 10.525 10.555 10.575 10.603 10.685 10.812 10.925 11.007 11.06 11.14 11.285 11.45 11.6 11.735 11.868 12.008 12.147 12.28 12.415 12.552 12.685 12.812 12.938 13.068 13.202 13.34 13.48 13.625 13.777 13.925 14.055 14.167 14.227 14.24 14.235 14.218 14.213 14.22 14.253 14.335 14.37 14.33 14.3
10.427 10.445 10.48 10.525 10.562 10.552 10.467 10.35 10.24 10.158 10.128 10.133 10.138 10.14 10.15 10.165 10.178 10.193 10.205 10.22 10.237 10.253 10.28 10.385 10.57 10.755 10.827 10.772 10.68 10.573 10.515 10.525 10.545 10.568 10.643 10.768 10.895 11.015 11.13 11.275 11.442 11.607 11.757 11.892 12.025 12.16 12.298 12.433 12.568 12.705 12.84 12.967 13.092 13.225 13.362 13.5 13.64 13.782 13.925 14.052 14.167 14.272 14.317 14.31 14.297 14.283 14.28 14.29 14.3 14.34 14.355 14.315 14.278
10.407 10.432 10.465 10.492 10.505 10.49 10.42 10.315 10.218 10.16 10.145 10.15 10.158 10.173 10.193 10.205 10.215 10.223 10.233 10.26 10.302 10.347 10.42 10.567 10.747 10.88 10.885 10.787 10.68 10.568 10.5 10.5 10.52 10.553 10.643 10.785 10.933 11.088 11.253 11.42 11.588 11.76 11.917 12.052 12.185 12.32 12.455 12.59 12.725 12.858 12.987 13.112 13.235 13.365 13.505 13.645 13.785 13.925 14.037 14.127 14.23 14.325 14.36 14.35 14.34 14.338 14.347 14.36 14.37 14.375 14.358 14.32 14.283
10.38 10.397 10.41 10.42 10.43 10.422 10.36 10.26 10.193 10.175 10.178 10.185 10.205 10.245 10.275 10.285 10.29 10.285 10.275 10.278 10.305 10.363 10.472 10.617 10.747 10.835 10.832 10.757 10.665 10.56 10.485 10.475 10.51 10.61 10.755 10.9 11.058 11.222 11.388 11.555 11.73 11.915 12.08 12.215 12.348 12.482 12.615 12.75 12.885 13.012 13.13 13.245 13.365 13.493 13.63 13.772 13.915 14.05 14.132 14.178 14.258 14.352 14.39 14.38 14.38 14.395 14.412 14.425 14.425 14.407 14.378 14.343 14.308
10.838 10.36 10.35 10.348 10.355 10.355 10.303 10.233 10.208 10.205 10.213 10.235 10.275 10.325 10.355 10.36 10.355 10.345 10.335 10.322 10.315 10.36 10.467 10.587 10.7 10.777 10.767 10.702 10.63 10.542 10.468 10.465 10.568 10.76 10.94 11.068 11.203 11.355 11.523 11.7 11.885 12.075 12.24 12.375 12.51 12.645 12.777 12.91 13.037 13.16 13.272 13.38 13.493 13.615 13.753 13.898 14.042 14.167 14.232 14.258 14.303 14.38 14.42 14.42 14.438 14.46 14.472 14.472 14.457 14.435 14.405 14.37 14.335
12.212 10.823 10.35 10.328 10.313 10.298 10.268 10.245 10.242 10.238 10.257 10.305 10.355 10.402 10.427 10.42 10.4 10.38 10.36 10.335 10.308 10.323 10.418 10.54 10.652 10.722 10.702 10.637 10.572 10.505 10.458 10.523 10.715 10.942 11.125 11.255 11.375 11.505 11.665 11.853 12.045 12.235 12.397 12.532 12.67 12.805 12.937 13.065 13.185 13.305 13.417 13.52 13.625 13.743 13.878 14.022 14.165 14.277 14.33 14.355 14.385 14.428 14.457 14.472 14.497 14.517 14.52 14.505 14.482 14.46 14.432 14.397 14.362
13.297 11.977 10.783 10.365 10.328 10.29 10.273 10.27 10.27 10.263 10.265 10.307 10.37 10.427 10.447 10.425 10.395 10.365 10.335 10.302 10.275 10.27 10.355 10.492 10.607 10.667 10.637 10.573 10.508 10.475 10.515 10.66 10.88 11.105 11.297 11.447 11.575 11.695 11.833 12.005 12.197 12.387 12.547 12.685 12.822 12.957 13.087 13.21 13.33 13.45 13.56 13.66 13.765 13.875 13.998 14.135 14.27 14.377 14.432 14.46 14.487 14.502 14.503 14.51 14.532 14.552 14.55 14.53 14.505 14.48 14.455 14.42 14.385
13.28 12.739 11.59 10.62 10.355 10.315 10.298 10.293 10.29 10.282 10.245 10.24 10.3 10.367 10.4 10.385 10.355 10.325 10.295 10.265 10.24 10.228 10.28 10.42 10.56 10.61 10.573 10.513 10.495 10.548 10.668 10.835 11.035 11.255 11.455 11.627 11.775 11.9 12.025 12.17 12.345 12.532 12.692 12.83 12.967 13.102 13.23 13.352 13.472 13.587 13.697 13.8 13.913 14.05 14.158 14.243 14.36 14.475 14.54 14.567 14.585 14.587 14.565 14.543 14.55 14.57 14.57 14.55 14.527 14.502 14.475 14.44 14.405
