EGM722_Project_Data/DTM_asc/TL4955.asc
ncols         200
nrows         200
xllcorner     549000.000
yllcorner     255000.000
cellsize      5
NODATA_value  -9999.0
[rows 128 to 159 of 200, columns 73 to 145 of 200]
36.455 36.225 36.02 35.815 35.61 35.38 35.13 34.903 34.708 34.533 34.365 34.192 34.005 33.875 33.83 33.803 33.78 33.753 33.723 33.705 33.695 33.75 33.88 34.01 34.12 34.255 34.435 34.628 34.825 35.02 35.213 35.41 35.607 35.807 36.01 36.207 36.4 36.592 36.785 36.978 37.172 37.358 37.538 37.723 37.91 38.062 38.155 38.21 38.245 38.308 38.405 38.51 38.585 38.59 38.56 38.525 38.48 38.45 38.44 38.427 38.407 38.365 38.292 38.2 38.103 38.02 37.93 37.81 37.678 37.58 37.52 37.457 37.382
36.51 36.285 36.082 35.88 35.675 35.445 35.19 34.943 34.738 34.568 34.403 34.238 34.073 33.978 33.953 33.93 33.91 33.9 33.895 33.883 33.87 33.93 34.063 34.2 34.328 34.47 34.653 34.845 35.037 35.232 35.43 35.63 35.83 36.03 36.23 36.433 36.632 36.827 37.022 37.215 37.41 37.597 37.78 37.97 38.16 38.317 38.42 38.495 38.56 38.64 38.74 38.84 38.9 38.897 38.87 38.84 38.807 38.782 38.767 38.752 38.735 38.682 38.59 38.492 38.395 38.295 38.175 38.038 37.908 37.815 37.755 37.695 37.63
36.563 36.34 36.138 35.935 35.73 35.5 35.245 34.998 34.793 34.62 34.455 34.298 34.165 34.11 34.102 34.085 34.065 34.083 34.11 34.1 34.088 34.143 34.265 34.398 34.53 34.68 34.863 35.055 35.248 35.445 35.645 35.842 36.04 36.247 36.458 36.665 36.87 37.065 37.257 37.45 37.638 37.84 38.047 38.238 38.425 38.582 38.685 38.773 38.865 38.96 39.057 39.147 39.195 39.19 39.165 39.135 39.11 39.085 39.062 39.045 39.022 38.962 38.865 38.767 38.67 38.562 38.435 38.295 38.163 38.06 37.99 37.93 37.872
36.615 36.395 36.192 35.985 35.775 35.545 35.298 35.068 34.865 34.688 34.525 34.388 34.29 34.248 34.25 34.247 34.23 34.26 34.322 34.337 34.333 34.385 34.493 34.615 34.745 34.895 35.073 35.26 35.452 35.65 35.85 36.045 36.238 36.452 36.682 36.9 37.107 37.305 37.495 37.68 37.855 38.068 38.31 38.52 38.71 38.86 38.958 39.053 39.155 39.255 39.347 39.425 39.47 39.47 39.445 39.415 39.39 39.36 39.33 39.31 39.287 39.227 39.13 39.03 38.932 38.835 38.725 38.592 38.455 38.338 38.245 38.175 38.117
36.668 36.445 36.242 36.032 35.82 35.592 35.363 35.15 34.943 34.758 34.61 34.505 34.425 34.38 34.385 34.397 34.393 34.423 34.5 34.555 34.578 34.635 34.735 34.843 34.965 35.115 35.29 35.47 35.658 35.853 36.05 36.245 36.435 36.648 36.885 37.12 37.34 37.54 37.725 37.9 38.07 38.28 38.535 38.78 38.992 39.14 39.24 39.342 39.447 39.545 39.625 39.69 39.74 39.747 39.722 39.695 39.67 39.64 39.605 39.575 39.55 39.49 39.393 39.295 39.198 39.1 39 38.887 38.757 38.635 38.53 38.438 38.363
36.728 36.497 36.287 36.072 35.86 35.642 35.43 35.225 35.017 34.84 34.723 34.64 34.56 34.51 34.513 34.535 34.548 34.588 34.665 34.742 34.805 34.88 34.98 35.08 35.188 35.333 35.51 35.685 35.865 36.055 36.248 36.44 36.63 36.843 37.08 37.325 37.565 37.775 37.953 38.118 38.283 38.49 38.745 39.008 39.252 39.42 39.527 39.632 39.737 39.825 39.893 39.955 40.012 40.025 40 39.975 39.948 39.918 39.883 39.848 39.815 39.752 39.657 39.56 39.46 39.36 39.26 39.16 39.05 38.935 38.827 38.72 38.62
36.77 36.522 36.31 36.092 35.877 35.665 35.46 35.257 35.06 34.913 34.835 34.77 34.693 34.645 34.653 34.685 34.715 34.77 34.85 34.93 35.007 35.095 35.195 35.295 35.408 35.568 35.757 35.935 36.11 36.293 36.478 36.663 36.848 37.058 37.3 37.55 37.802 38.032 38.222 38.39 38.548 38.753 39.013 39.27 39.5 39.672 39.792 39.9 40.007 40.1 40.172 40.235 40.295 40.312 40.288 40.263 40.238 40.203 40.163 40.128 40.092 40.022 39.92 39.82 39.722 39.618 39.51 39.41 39.31 39.21 39.105 38.995 38.885
36.77 36.508 36.307 36.097 35.88 35.668 35.463 35.268 35.088 34.965 34.92 34.88 34.813 34.788 34.825 34.873 34.915 34.973 35.05 35.127 35.203 35.288 35.385 35.495 35.63 35.813 36.022 36.215 36.393 36.57 36.75 36.93 37.11 37.315 37.555 37.805 38.057 38.297 38.512 38.702 38.865 39.075 39.33 39.547 39.727 39.887 40.032 40.152 40.26 40.365 40.455 40.527 40.59 40.607 40.583 40.56 40.542 40.505 40.453 40.413 40.377 40.3 40.188 40.085 39.987 39.875 39.755 39.65 39.55 39.455 39.36 39.255 39.145
36.75 36.485 36.292 36.092 35.882 35.673 35.475 35.295 35.128 35.015 34.983 34.967 34.928 34.935 35.002 35.067 35.12 35.175 35.25 35.325 35.398 35.483 35.588 35.718 35.865 36.048 36.265 36.48 36.672 36.85 37.03 37.207 37.385 37.593 37.828 38.068 38.315 38.552 38.775 38.99 39.182 39.387 39.6 39.775 39.935 40.095 40.255 40.395 40.51 40.615 40.715 40.807 40.882 40.902 40.88 40.863 40.847 40.812 40.755 40.703 40.66 40.582 40.468 40.355 40.25 40.135 40.008 39.89 39.788 39.695 39.605 39.51 39.405
36.73 36.463 36.268 36.075 35.88 35.685 35.505 35.338 35.173 35.065 35.048 35.06 35.068 35.108 35.178 35.248 35.313 35.375 35.45 35.525 35.595 35.683 35.805 35.95 36.1 36.283 36.5 36.725 36.937 37.125 37.305 37.482 37.66 37.868 38.102 38.337 38.575 38.807 39.03 39.252 39.462 39.647 39.817 39.982 40.145 40.305 40.463 40.615 40.752 40.865 40.965 41.065 41.155 41.19 41.177 41.165 41.15 41.115 41.062 41.005 40.95 40.867 40.753 40.635 40.518 40.395 40.265 40.138 40.025 39.93 39.84 39.75 39.655
36.72 36.47 36.275 36.085 35.895 35.74 35.6 35.438 35.27 35.183 35.195 35.225 35.26 35.313 35.378 35.445 35.51 35.588 35.675 35.75 35.82 35.915 36.053 36.205 36.353 36.535 36.758 36.982 37.195 37.385 37.565 37.745 37.935 38.143 38.368 38.602 38.835 39.062 39.285 39.5 39.695 39.865 40.025 40.19 40.36 40.52 40.673 40.83 40.982 41.11 41.215 41.315 41.41 41.452 41.447 41.44 41.435 41.415 41.367 41.31 41.25 41.16 41.045 40.927 40.795 40.66 40.53 40.395 40.268 40.165 40.073 39.983 39.9
36.738 36.513 36.32 36.13 35.945 35.82 35.727 35.59 35.425 35.355 35.4 35.445 35.478 35.528 35.595 35.66 35.715 35.8 35.91 35.997 36.07 36.173 36.322 36.48 36.628 36.81 37.032 37.25 37.45 37.635 37.815 38.005 38.218 38.428 38.633 38.858 39.09 39.315 39.532 39.732 39.91 40.075 40.238 40.408 40.59 40.752 40.895 41.048 41.202 41.34 41.457 41.565 41.66 41.7 41.693 41.695 41.71 41.705 41.665 41.61 41.55 41.462 41.342 41.21 41.065 40.925 40.792 40.65 40.51 40.4 40.308 40.225 40.155
36.778 36.555 36.365 36.175 36 35.885 35.812 35.72 35.583 35.515 35.575 35.65 35.695 35.745 35.81 35.865 35.918 36.003 36.12 36.23 36.318 36.425 36.583 36.75 36.905 37.09 37.302 37.505 37.7 37.885 38.075 38.288 38.515 38.725 38.918 39.123 39.345 39.565 39.767 39.95 40.12 40.288 40.458 40.64 40.835 41 41.133 41.27 41.417 41.557 41.685 41.807 41.91 41.95 41.95 41.97 41.995 41.987 41.95 41.905 41.85 41.76 41.627 41.477 41.328 41.187 41.045 40.895 40.748 40.63 40.548 40.478 40.412
36.825 36.6 36.41 36.22 36.055 35.95 35.878 35.805 35.713 35.673 35.735 35.825 35.9 35.96 36.015 36.065 36.12 36.205 36.32 36.44 36.55 36.675 36.838 37.013 37.18 37.363 37.56 37.753 37.948 38.143 38.353 38.58 38.81 39.022 39.215 39.408 39.61 39.807 39.988 40.16 40.33 40.505 40.69 40.885 41.082 41.245 41.375 41.505 41.64 41.772 41.9 42.03 42.145 42.2 42.22 42.25 42.275 42.265 42.225 42.182 42.127 42.027 41.887 41.737 41.587 41.442 41.29 41.135 40.985 40.868 40.795 40.73 40.665
36.898 36.69 36.518 36.328 36.163 36.058 35.983 35.908 35.85 35.858 35.933 36.02 36.09 36.172 36.25 36.3 36.353 36.438 36.555 36.675 36.798 36.945 37.115 37.29 37.465 37.648 37.84 38.03 38.223 38.423 38.64 38.87 39.1 39.312 39.507 39.7 39.89 40.07 40.238 40.405 40.57 40.745 40.94 41.14 41.335 41.495 41.625 41.752 41.86 41.963 42.085 42.212 42.337 42.415 42.445 42.475 42.51 42.51 42.467 42.42 42.357 42.247 42.105 41.962 41.82 41.672 41.517 41.365 41.228 41.115 41.033 40.965 40.897
36.99 36.8 36.657 36.487 36.32 36.205 36.133 36.078 36.05 36.083 36.165 36.23 36.263 36.357 36.492 36.572 36.625 36.708 36.828 36.95 37.073 37.228 37.412 37.592 37.765 37.953 38.152 38.345 38.535 38.728 38.933 39.155 39.385 39.597 39.792 39.987 40.18 40.357 40.522 40.685 40.838 41.005 41.198 41.395 41.59 41.75 41.877 41.985 42.055 42.13 42.245 42.373 42.502 42.59 42.625 42.665 42.72 42.73 42.682 42.625 42.555 42.442 42.3 42.163 42.03 41.887 41.733 41.593 41.48 41.373 41.268 41.185 41.115
37.08 36.89 36.76 36.622 36.47 36.36 36.313 36.29 36.283 36.318 36.377 36.405 36.418 36.51 36.675 36.81 36.895 36.983 37.103 37.225 37.348 37.508 37.702 37.89 38.065 38.255 38.46 38.66 38.855 39.045 39.238 39.445 39.667 39.88 40.077 40.272 40.465 40.642 40.802 40.955 41.103 41.27 41.46 41.653 41.845 42.002 42.11 42.182 42.235 42.3 42.403 42.533 42.667 42.762 42.815 42.878 42.942 42.945 42.887 42.82 42.747 42.64 42.503 42.373 42.245 42.103 41.96 41.845 41.745 41.637 41.523 41.418 41.332
37.145 36.985 36.87 36.76 36.643 36.568 36.548 36.535 36.525 36.535 36.555 36.565 36.575 36.663 36.825 36.988 37.13 37.252 37.375 37.497 37.625 37.79 37.985 38.177 38.365 38.557 38.762 38.967 39.167 39.362 39.555 39.752 39.96 40.162 40.36 40.555 40.745 40.92 41.07 41.215 41.365 41.535 41.725 41.915 42.102 42.237 42.31 42.365 42.415 42.473 42.565 42.695 42.835 42.945 43.02 43.095 43.157 43.147 43.083 43.015 42.942 42.837 42.707 42.582 42.457 42.33 42.215 42.115 42.015 41.905 41.787 41.67 41.56
37.31 37.185 37.088 36.993 36.9 36.85 36.835 36.818 36.795 36.775 36.77 36.773 36.785 36.865 37.02 37.19 37.363 37.515 37.64 37.765 37.903 38.075 38.27 38.463 38.655 38.847 39.05 39.255 39.455 39.655 39.85 40.045 40.242 40.435 40.63 40.825 41.015 41.185 41.33 41.475 41.628 41.8 41.99 42.18 42.367 42.48 42.528 42.58 42.63 42.68 42.755 42.878 43.02 43.14 43.227 43.302 43.36 43.345 43.278 43.212 43.14 43.03 42.897 42.77 42.645 42.547 42.465 42.367 42.265 42.147 42.022 41.905 41.78
37.603 37.485 37.392 37.298 37.208 37.16 37.142 37.117 37.085 37.055 37.043 37.043 37.068 37.148 37.28 37.443 37.617 37.77 37.898 38.033 38.185 38.365 38.56 38.75 38.938 39.125 39.323 39.525 39.725 39.925 40.12 40.315 40.51 40.7 40.89 41.083 41.275 41.442 41.588 41.738 41.895 42.07 42.26 42.453 42.645 42.755 42.79 42.835 42.885 42.933 42.993 43.09 43.22 43.342 43.432 43.502 43.557 43.545 43.475 43.41 43.342 43.227 43.078 42.94 42.813 42.728 42.675 42.597 42.5 42.375 42.235 42.11 41.98
37.892 37.785 37.695 37.602 37.515 37.465 37.44 37.407 37.37 37.335 37.318 37.333 37.38 37.465 37.58 37.715 37.875 38.025 38.163 38.315 38.475 38.655 38.847 39.035 39.22 39.408 39.603 39.798 39.995 40.195 40.39 40.585 40.78 40.97 41.155 41.343 41.532 41.698 41.848 42.005 42.165 42.343 42.535 42.727 42.92 43.032 43.065 43.1 43.145 43.198 43.26 43.335 43.433 43.545 43.632 43.695 43.752 43.745 43.678 43.612 43.545 43.43 43.27 43.118 42.98 42.895 42.855 42.802 42.73 42.615 42.463 42.32 42.18
38.15 38.07 37.98 37.892 37.815 37.765 37.732 37.695 37.655 37.62 37.61 37.645 37.703 37.785 37.9 38.018 38.148 38.293 38.445 38.605 38.765 38.943 39.133 39.32 39.508 39.7 39.895 40.085 40.278 40.475 40.67 40.865 41.058 41.243 41.428 41.613 41.798 41.968 42.125 42.283 42.44 42.618 42.81 43 43.19 43.307 43.345 43.375 43.412 43.465 43.53 43.6 43.673 43.755 43.83 43.888 43.945 43.942 43.88 43.817 43.747 43.63 43.47 43.31 43.163 43.075 43.035 42.993 42.942 42.847 42.7 42.542 42.382
38.385 38.325 38.235 38.155 38.095 38.057 38.027 37.99 37.95 37.915 37.928 37.985 38.04 38.12 38.235 38.353 38.468 38.598 38.75 38.913 39.075 39.248 39.435 39.625 39.815 40.018 40.222 40.415 40.605 40.803 41 41.195 41.385 41.553 41.725 41.91 42.095 42.28 42.45 42.608 42.76 42.913 43.085 43.275 43.462 43.57 43.6 43.63 43.665 43.712 43.772 43.84 43.907 43.972 44.035 44.092 44.137 44.127 44.067 44.005 43.94 43.825 43.665 43.508 43.373 43.295 43.253 43.21 43.155 43.057 42.917 42.757 42.59
38.625 38.565 38.483 38.418 38.37 38.34 38.32 38.29 38.25 38.225 38.258 38.33 38.39 38.473 38.59 38.708 38.823 38.945 39.083 39.24 39.405 39.575 39.758 39.945 40.138 40.347 40.565 40.767 40.96 41.16 41.365 41.565 41.752 41.908 42.058 42.23 42.415 42.61 42.797 42.967 43.122 43.253 43.388 43.56 43.735 43.817 43.833 43.86 43.893 43.938 43.993 44.055 44.122 44.185 44.245 44.292 44.315 44.297 44.242 44.18 44.12 44.012 43.858 43.72 43.615 43.545 43.497 43.442 43.36 43.245 43.11 42.962 42.8
38.865 38.813 38.748 38.698 38.653 38.62 38.603 38.582 38.55 38.543 38.592 38.67 38.74 38.827 38.945 39.062 39.177 39.3 39.43 39.573 39.733 39.905 40.083 40.265 40.46 40.67 40.892 41.11 41.312 41.515 41.725 41.932 42.12 42.272 42.41 42.56 42.735 42.93 43.125 43.312 43.482 43.615 43.73 43.865 44 44.062 44.073 44.09 44.118 44.165 44.22 44.277 44.34 44.397 44.442 44.465 44.477 44.467 44.42 44.36 44.302 44.2 44.065 43.96 43.87 43.795 43.732 43.65 43.545 43.427 43.297 43.16 43.007
39.125 39.078 39.028 38.983 38.938 38.908 38.89 38.873 38.85 38.848 38.892 38.957 39.02 39.107 39.225 39.347 39.492 39.647 39.785 39.918 40.065 40.235 40.41 40.588 40.78 40.99 41.215 41.44 41.655 41.865 42.075 42.285 42.475 42.627 42.765 42.905 43.063 43.248 43.442 43.637 43.82 43.96 44.075 44.19 44.277 44.315 44.323 44.33 44.35 44.392 44.445 44.495 44.547 44.59 44.612 44.625 44.64 44.637 44.597 44.54 44.482 44.397 44.295 44.205 44.115 44.03 43.942 43.84 43.73 43.612 43.482 43.347 43.205
39.43 39.37 39.315 39.27 39.228 39.213 39.21 39.195 39.175 39.12 39.063 39.075 39.125 39.212 39.335 39.503 39.752 39.982 40.137 40.265 40.395 40.555 40.732 40.91 41.1 41.31 41.533 41.757 41.98 42.195 42.405 42.612 42.8 42.955 43.095 43.24 43.395 43.563 43.75 43.945 44.132 44.28 44.392 44.495 44.56 44.582 44.588 44.585 44.578 44.59 44.63 44.677 44.725 44.75 44.755 44.767 44.785 44.785 44.75 44.695 44.635 44.57 44.492 44.405 44.315 44.22 44.12 44.015 43.902 43.785 43.657 43.52 43.38
39.76 39.685 39.61 39.56 39.525 39.528 39.547 39.547 39.53 39.425 39.255 39.14 39.128 39.228 39.415 39.69 40.025 40.307 40.477 40.59 40.703 40.863 41.05 41.228 41.418 41.63 41.85 42.073 42.297 42.515 42.725 42.925 43.107 43.262 43.405 43.565 43.732 43.895 44.065 44.248 44.435 44.587 44.692 44.772 44.83 44.857 44.857 44.832 44.798 44.785 44.798 44.835 44.882 44.9 44.893 44.898 44.912 44.907 44.872 44.822 44.765 44.705 44.642 44.565 44.475 44.38 44.28 44.17 44.045 43.925 43.81 43.68 43.54
40.087 40.007 39.913 39.848 39.828 39.845 39.872 39.89 39.885 39.782 39.588 39.383 39.273 39.39 39.688 40.03 40.373 40.65 40.802 40.895 40.998 41.16 41.36 41.542 41.735 41.95 42.17 42.39 42.613 42.833 43.04 43.233 43.412 43.573 43.73 43.903 44.075 44.24 44.4 44.565 44.74 44.885 44.977 45.045 45.102 45.13 45.11 45.057 45.018 45.005 44.998 45.008 45.038 45.05 45.04 45.035 45.04 45.027 44.99 44.945 44.893 44.835 44.78 44.717 44.635 44.54 44.43 44.302 44.165 44.04 43.935 43.827 43.7
40.41 40.332 40.228 40.15 40.138 40.163 40.188 40.215 40.23 40.143 39.988 39.853 39.73 39.845 40.188 40.53 40.845 41.057 41.148 41.205 41.293 41.45 41.657 41.853 42.053 42.27 42.49 42.713 42.938 43.16 43.365 43.553 43.735 43.908 44.078 44.25 44.418 44.577 44.735 44.892 45.052 45.177 45.252 45.315 45.375 45.39 45.343 45.275 45.238 45.235 45.233 45.233 45.23 45.218 45.205 45.193 45.183 45.16 45.12 45.075 45.028 44.975 44.918 44.86 44.79 44.687 44.555 44.415 44.275 44.15 44.045 43.95 43.845
40.745 40.672 40.568 40.5 40.498 40.52 40.543 40.57 40.595 40.557 40.49 40.445 40.35 40.453 40.795 41.112 41.355 41.492 41.54 41.563 41.61 41.743 41.953 42.163 42.375 42.6 42.828 43.055 43.285 43.51 43.717 43.905 44.09 44.27 44.44 44.613 44.78 44.915 45.05 45.205 45.36 45.472 45.535 45.598 45.667 45.682 45.625 45.568 45.548 45.555 45.56 45.545 45.488 45.435 45.418 45.4 45.385 45.36 45.32 45.275 45.228 45.165 45.095 45.038 44.97 44.853 44.703 44.555 44.408 44.28 44.183 44.098 44.01
41.097 41.027 40.94 40.905 40.913 40.93 40.95 40.975 40.997 40.995 40.99 41.007 40.955 41.06 41.382 41.632 41.797 41.905 41.95 41.968 42.008 42.143 42.358 42.558 42.75 42.96 43.185 43.415 43.645 43.87 44.08 44.272 44.46 44.64 44.81 44.987 45.16 45.275 45.368 45.503 45.657 45.765 45.828 45.9 45.987 46.015 45.968 45.94 45.945 45.952 45.937 45.87 45.76 45.685 45.663 45.648 45.64 45.62 45.58 45.535 45.485 45.408 45.318 45.252 45.177 45.05 44.895 44.74 44.585 44.46 44.375 44.3 44.22
