EGM722_Project_Data/DTM_asc/TL4954.asc
ncols         200
nrows         200
xllcorner     549000.000
yllcorner     254000.000
cellsize      5
NODATA_value  -9999.0
[rows 64 to 95 of 200, columns 73 to 145 of 200]
67.962 67.955 67.915 67.88 67.858 67.845 67.835 67.827 67.822 67.805 67.775 67.74 67.705 67.675 67.647 67.625 67.605 67.592 67.575 67.537 67.49 67.44 67.382 67.31 67.232 67.165 67.105 67.045 67.003 66.993 66.992 66.985 66.952 66.845 66.693 66.56 66.443 66.33 66.217 66.105 66.003 65.89 65.775 65.685 65.607 65.5 65.358 65.22 65.087 64.947 64.802 64.657 64.505 64.323 64.135 63.973 63.82 63.67 63.522 63.377 63.232 63.017 62.768 62.59 62.435 62.265 62.093 61.925 61.773 61.627 61.457 61.235 60.985
68.055 68.055 68.015 67.972 67.935 67.915 67.905 67.895 67.882 67.857 67.822 67.785 67.747 67.72 67.702 67.685 67.667 67.645 67.605 67.557 67.512 67.46 67.395 67.32 67.242 67.175 67.115 67.055 67.015 67.002 66.995 66.985 66.947 66.835 66.675 66.523 66.388 66.268 66.153 66.038 65.925 65.818 65.728 65.65 65.572 65.465 65.32 65.175 65.033 64.89 64.747 64.603 64.457 64.3 64.135 63.977 63.817 63.662 63.52 63.38 63.237 63.027 62.752 62.525 62.345 62.17 61.998 61.823 61.655 61.49 61.303 61.095 60.875
68.105 68.11 68.08 68.037 67.993 67.965 67.955 67.945 67.932 67.897 67.853 67.815 67.775 67.75 67.737 67.723 67.707 67.67 67.61 67.557 67.512 67.455 67.382 67.308 67.238 67.175 67.115 67.055 67.01 66.99 66.977 66.962 66.915 66.805 66.655 66.495 66.348 66.22 66.103 65.988 65.868 65.765 65.685 65.605 65.522 65.412 65.265 65.118 64.977 64.833 64.69 64.547 64.402 64.255 64.1 63.945 63.777 63.6 63.445 63.305 63.165 62.955 62.685 62.458 62.275 62.105 61.93 61.755 61.58 61.393 61.195 60.995 60.795
68.115 68.12 68.107 68.077 68.037 68.008 67.995 67.988 67.98 67.94 67.883 67.84 67.8 67.775 67.762 67.747 67.732 67.687 67.61 67.545 67.495 67.435 67.363 67.29 67.225 67.165 67.105 67.04 66.983 66.955 66.94 66.907 66.84 66.737 66.612 66.465 66.313 66.18 66.063 65.945 65.82 65.713 65.632 65.55 65.452 65.337 65.197 65.055 64.92 64.777 64.633 64.49 64.345 64.195 64.042 63.887 63.712 63.515 63.33 63.173 63.027 62.815 62.57 62.383 62.217 62.052 61.885 61.715 61.54 61.35 61.153 60.96 60.768
68.115 68.12 68.115 68.102 68.077 68.052 68.04 68.033 68.025 67.987 67.923 67.865 67.823 67.8 67.787 67.773 67.76 67.712 67.627 67.548 67.48 67.415 67.348 67.28 67.215 67.155 67.092 67.018 66.948 66.912 66.882 66.825 66.747 66.65 66.54 66.417 66.275 66.14 66.017 65.892 65.768 65.66 65.572 65.477 65.372 65.262 65.132 64.997 64.865 64.722 64.575 64.427 64.283 64.135 63.985 63.827 63.645 63.445 63.245 63.058 62.888 62.69 62.488 62.318 62.153 61.99 61.83 61.665 61.495 61.312 61.12 60.93 60.74
68.115 68.12 68.115 68.11 68.102 68.09 68.082 68.075 68.065 68.03 67.967 67.902 67.85 67.825 67.812 67.797 67.78 67.72 67.627 67.54 67.457 67.387 67.327 67.27 67.207 67.142 67.072 66.99 66.91 66.855 66.8 66.73 66.655 66.56 66.45 66.337 66.21 66.08 65.955 65.827 65.702 65.592 65.495 65.392 65.287 65.182 65.065 64.94 64.81 64.665 64.515 64.365 64.22 64.075 63.925 63.767 63.587 63.39 63.19 62.993 62.8 62.613 62.433 62.258 62.088 61.922 61.76 61.595 61.432 61.262 61.077 60.895 60.712
68.128 68.122 68.113 68.107 68.105 68.102 68.097 68.09 68.082 68.05 67.99 67.927 67.873 67.845 67.833 67.815 67.78 67.697 67.593 67.5 67.412 67.342 67.287 67.235 67.17 67.092 67.015 66.93 66.842 66.76 66.687 66.62 66.547 66.45 66.33 66.21 66.085 65.96 65.837 65.712 65.6 65.5 65.397 65.295 65.19 65.085 64.98 64.87 64.75 64.613 64.465 64.315 64.165 64.015 63.865 63.705 63.537 63.36 63.165 62.968 62.773 62.585 62.4 62.205 62.018 61.845 61.678 61.518 61.365 61.2 61.02 60.842 60.665
68.16 68.14 68.113 68.1 68.095 68.095 68.092 68.085 68.077 68.047 67.987 67.933 67.893 67.868 67.85 67.817 67.762 67.67 67.555 67.45 67.355 67.285 67.23 67.162 67.077 66.99 66.912 66.83 66.742 66.65 66.558 66.48 66.407 66.307 66.18 66.053 65.928 65.803 65.68 65.568 65.48 65.395 65.293 65.188 65.083 64.98 64.88 64.793 64.7 64.575 64.43 64.277 64.118 63.96 63.805 63.635 63.472 63.32 63.147 62.955 62.76 62.572 62.375 62.16 61.95 61.765 61.6 61.448 61.3 61.135 60.955 60.775 60.595
68.192 68.17 68.125 68.095 68.085 68.085 68.085 68.08 68.072 68.042 67.988 67.945 67.915 67.89 67.857 67.802 67.737 67.647 67.527 67.408 67.3 67.222 67.152 67.057 66.958 66.87 66.795 66.717 66.635 66.545 66.443 66.345 66.257 66.152 66.025 65.895 65.77 65.645 65.533 65.448 65.372 65.287 65.187 65.083 64.978 64.88 64.795 64.73 64.662 64.547 64.395 64.232 64.065 63.903 63.74 63.565 63.398 63.25 63.102 62.935 62.747 62.55 62.34 62.12 61.9 61.698 61.53 61.382 61.232 61.065 60.885 60.705 60.525
68.225 68.2 68.15 68.108 68.083 68.075 68.075 68.07 68.065 68.042 68 67.962 67.925 67.882 67.83 67.77 67.707 67.622 67.505 67.377 67.253 67.145 67.045 66.935 66.835 66.75 66.675 66.603 66.525 66.43 66.322 66.215 66.11 65.995 65.865 65.735 65.61 65.498 65.408 65.335 65.262 65.177 65.077 64.973 64.875 64.795 64.732 64.68 64.622 64.512 64.35 64.18 64.01 63.84 63.67 63.495 63.323 63.17 63.03 62.885 62.717 62.517 62.3 62.08 61.858 61.648 61.475 61.325 61.17 61 60.817 60.635 60.455
68.262 68.225 68.177 68.132 68.098 68.083 68.08 68.077 68.067 68.032 67.985 67.945 67.902 67.837 67.76 67.695 67.637 67.565 67.457 67.33 67.197 67.07 66.95 66.833 66.725 66.638 66.565 66.493 66.41 66.297 66.173 66.06 65.95 65.827 65.698 65.57 65.443 65.348 65.277 65.205 65.132 65.047 64.947 64.848 64.773 64.717 64.665 64.612 64.545 64.437 64.287 64.12 63.95 63.775 63.6 63.425 63.25 63.093 62.953 62.815 62.665 62.477 62.257 62.035 61.813 61.608 61.438 61.28 61.105 60.91 60.717 60.535 60.352
68.29 68.245 68.2 68.158 68.123 68.108 68.102 68.092 68.07 68.015 67.948 67.9 67.86 67.785 67.675 67.588 67.53 67.465 67.372 67.257 67.13 67.005 66.88 66.75 66.628 66.535 66.46 66.377 66.285 66.16 66.018 65.893 65.78 65.655 65.522 65.395 65.273 65.188 65.127 65.06 64.987 64.905 64.808 64.728 64.68 64.635 64.582 64.515 64.425 64.32 64.195 64.047 63.885 63.71 63.533 63.358 63.183 63.02 62.88 62.747 62.605 62.425 62.21 61.99 61.77 61.573 61.402 61.23 61.03 60.808 60.595 60.403 60.218
68.31 68.265 68.22 68.183 68.15 68.132 68.12 68.092 68.06 68.005 67.928 67.863 67.812 67.727 67.6 67.49 67.42 67.352 67.267 67.172 67.057 66.932 66.802 66.665 66.533 66.43 66.342 66.25 66.155 66.03 65.88 65.738 65.613 65.485 65.35 65.22 65.108 65.03 64.97 64.908 64.842 64.763 64.68 64.63 64.595 64.55 64.487 64.397 64.295 64.19 64.075 63.952 63.812 63.647 63.472 63.303 63.135 62.973 62.825 62.685 62.542 62.365 62.157 61.945 61.725 61.533 61.357 61.165 60.955 60.73 60.503 60.285 60.085
68.33 68.288 68.245 68.21 68.177 68.147 68.12 68.088 68.052 67.995 67.915 67.838 67.765 67.665 67.535 67.41 67.315 67.238 67.153 67.068 66.972 66.852 66.715 66.575 66.435 66.313 66.21 66.115 66.022 65.897 65.745 65.595 65.463 65.338 65.208 65.085 64.988 64.918 64.85 64.78 64.713 64.638 64.575 64.54 64.507 64.455 64.372 64.27 64.165 64.06 63.945 63.83 63.71 63.567 63.412 63.262 63.11 62.95 62.792 62.64 62.487 62.305 62.1 61.892 61.677 61.482 61.295 61.092 60.88 60.655 60.425 60.195 59.973
68.39 68.33 68.27 68.235 68.2 68.158 68.118 68.085 68.05 67.993 67.912 67.827 67.732 67.615 67.485 67.355 67.235 67.135 67.048 66.965 66.88 66.765 66.625 66.482 66.335 66.19 66.068 65.967 65.872 65.747 65.595 65.458 65.35 65.24 65.115 65.015 64.945 64.88 64.805 64.725 64.628 64.528 64.463 64.425 64.395 64.33 64.23 64.127 64.025 63.922 63.812 63.697 63.58 63.452 63.315 63.177 63.037 62.885 62.722 62.56 62.397 62.217 62.022 61.82 61.612 61.41 61.21 61.007 60.795 60.57 60.34 60.11 59.89
68.495 68.408 68.308 68.255 68.217 68.173 68.128 68.088 68.05 67.995 67.912 67.815 67.705 67.58 67.45 67.318 67.185 67.065 66.963 66.873 66.787 66.675 66.533 66.387 66.24 66.085 65.938 65.818 65.712 65.585 65.45 65.348 65.27 65.17 65.058 64.985 64.932 64.87 64.792 64.69 64.547 64.415 64.333 64.285 64.25 64.175 64.067 63.965 63.865 63.765 63.665 63.557 63.442 63.32 63.185 63.045 62.91 62.762 62.597 62.433 62.27 62.105 61.922 61.725 61.522 61.317 61.115 60.915 60.705 60.48 60.25 60.03 59.833
68.6 68.5 68.375 68.288 68.235 68.19 68.145 68.098 68.052 67.99 67.897 67.787 67.673 67.55 67.418 67.28 67.145 67.02 66.903 66.793 66.697 66.585 66.44 66.292 66.145 65.99 65.83 65.685 65.56 65.44 65.34 65.265 65.195 65.103 65.018 64.965 64.917 64.852 64.747 64.605 64.443 64.308 64.218 64.155 64.1 64.015 63.905 63.798 63.695 63.598 63.503 63.403 63.3 63.187 63.055 62.915 62.777 62.627 62.468 62.31 62.15 61.992 61.817 61.623 61.425 61.225 61.022 60.82 60.612 60.39 60.17 59.973 59.79
68.697 68.592 68.46 68.343 68.26 68.208 68.162 68.115 68.065 67.985 67.872 67.757 67.643 67.52 67.385 67.245 67.108 66.98 66.86 66.74 66.628 66.5 66.35 66.2 66.05 65.898 65.743 65.59 65.45 65.345 65.268 65.195 65.122 65.04 64.967 64.912 64.857 64.78 64.652 64.495 64.335 64.203 64.113 64.038 63.963 63.875 63.77 63.653 63.54 63.443 63.345 63.245 63.148 63.045 62.922 62.785 62.645 62.497 62.345 62.19 62.03 61.875 61.707 61.52 61.33 61.135 60.93 60.725 60.52 60.31 60.112 59.93 59.752
68.792 68.69 68.555 68.43 68.32 68.235 68.178 68.13 68.08 67.987 67.855 67.735 67.62 67.493 67.357 67.22 67.078 66.94 66.815 66.695 66.575 66.438 66.283 66.133 65.988 65.84 65.69 65.54 65.403 65.303 65.228 65.152 65.052 64.935 64.847 64.782 64.715 64.627 64.51 64.372 64.222 64.095 64.005 63.928 63.85 63.765 63.66 63.525 63.4 63.3 63.2 63.1 63.003 62.907 62.792 62.652 62.505 62.362 62.22 62.067 61.91 61.755 61.597 61.425 61.24 61.045 60.84 60.635 60.425 60.222 60.037 59.852 59.672
68.885 68.79 68.66 68.55 68.438 68.315 68.213 68.145 68.095 67.997 67.853 67.72 67.6 67.47 67.333 67.195 67.052 66.908 66.77 66.645 66.525 66.39 66.238 66.093 65.955 65.812 65.665 65.513 65.375 65.278 65.202 65.102 64.955 64.8 64.685 64.605 64.535 64.445 64.335 64.22 64.09 63.98 63.9 63.825 63.75 63.665 63.547 63.398 63.265 63.16 63.06 62.963 62.873 62.782 62.662 62.512 62.355 62.215 62.085 61.942 61.79 61.635 61.485 61.327 61.15 60.955 60.75 60.532 60.307 60.105 59.92 59.732 59.548
68.967 68.89 68.78 68.682 68.577 68.445 68.303 68.185 68.113 68.012 67.86 67.715 67.583 67.45 67.31 67.17 67.027 66.882 66.738 66.603 66.477 66.34 66.195 66.06 65.925 65.785 65.64 65.488 65.35 65.252 65.152 65.005 64.835 64.678 64.543 64.435 64.353 64.26 64.15 64.043 63.94 63.855 63.785 63.717 63.647 63.56 63.43 63.275 63.135 63.02 62.925 62.838 62.755 62.657 62.522 62.365 62.205 62.065 61.94 61.81 61.667 61.515 61.365 61.217 61.055 60.862 60.647 60.41 60.175 59.973 59.788 59.605 59.42
69.042 68.982 68.897 68.81 68.712 68.585 68.435 68.28 68.15 68.022 67.87 67.717 67.57 67.43 67.287 67.145 67.003 66.857 66.713 66.57 66.432 66.295 66.16 66.03 65.895 65.757 65.612 65.46 65.327 65.205 65.055 64.885 64.715 64.553 64.41 64.285 64.18 64.09 64 63.913 63.835 63.76 63.685 63.615 63.542 63.447 63.312 63.16 63.013 62.895 62.813 62.735 62.647 62.53 62.38 62.218 62.058 61.917 61.79 61.662 61.53 61.387 61.24 61.095 60.945 60.752 60.517 60.273 60.045 59.845 59.66 59.478 59.293
69.117 69.062 68.985 68.905 68.802 68.657 68.497 68.337 68.175 68.017 67.865 67.712 67.557 67.41 67.268 67.122 66.978 66.83 66.685 66.542 66.387 66.235 66.097 65.962 65.827 65.692 65.55 65.405 65.265 65.105 64.93 64.76 64.59 64.433 64.303 64.185 64.075 63.988 63.915 63.845 63.775 63.7 63.62 63.54 63.45 63.337 63.202 63.057 62.91 62.795 62.715 62.63 62.532 62.405 62.247 62.08 61.91 61.757 61.625 61.492 61.36 61.227 61.09 60.947 60.8 60.602 60.355 60.13 59.94 59.758 59.575 59.39 59.193
69.192 69.137 69.057 68.96 68.83 68.662 68.485 68.32 68.16 68 67.845 67.695 67.542 67.393 67.25 67.102 66.95 66.8 66.655 66.502 66.322 66.148 65.998 65.857 65.722 65.585 65.448 65.327 65.195 65.005 64.798 64.615 64.448 64.32 64.23 64.133 64.03 63.938 63.858 63.785 63.715 63.64 63.56 63.47 63.357 63.227 63.092 62.955 62.815 62.7 62.607 62.51 62.41 62.282 62.12 61.945 61.745 61.568 61.437 61.305 61.17 61.042 60.915 60.777 60.627 60.428 60.203 60.023 59.868 59.702 59.525 59.335 59.115
69.26 69.21 69.112 68.982 68.835 68.667 68.483 68.305 68.14 67.982 67.827 67.675 67.525 67.377 67.23 67.075 66.92 66.77 66.612 66.432 66.238 66.06 65.903 65.755 65.615 65.478 65.358 65.265 65.157 64.96 64.708 64.48 64.313 64.225 64.17 64.09 63.99 63.895 63.81 63.73 63.655 63.582 63.492 63.375 63.245 63.11 62.975 62.842 62.71 62.593 62.49 62.39 62.29 62.157 61.982 61.782 61.55 61.363 61.24 61.113 60.98 60.855 60.73 60.598 60.455 60.283 60.108 59.952 59.8 59.645 59.475 59.267 59.028
69.307 69.26 69.132 68.987 68.84 68.672 68.488 68.303 68.125 67.965 67.813 67.658 67.505 67.357 67.205 67.045 66.887 66.727 66.548 66.35 66.153 65.975 65.818 65.663 65.513 65.388 65.295 65.215 65.122 64.937 64.675 64.42 64.24 64.155 64.103 64.04 63.95 63.857 63.772 63.685 63.602 63.515 63.397 63.262 63.127 62.993 62.86 62.73 62.6 62.48 62.373 62.27 62.167 62.022 61.817 61.585 61.348 61.173 61.058 60.94 60.813 60.688 60.568 60.443 60.308 60.16 60.012 59.865 59.72 59.577 59.412 59.182 58.93
69.32 69.255 69.115 68.97 68.837 68.677 68.488 68.302 68.118 67.95 67.8 67.642 67.467 67.3 67.145 66.987 66.835 66.677 66.495 66.295 66.095 65.908 65.745 65.593 65.443 65.33 65.247 65.165 65.075 64.91 64.673 64.428 64.23 64.12 64.055 63.99 63.902 63.805 63.715 63.622 63.527 63.417 63.285 63.147 63.01 62.878 62.75 62.62 62.493 62.375 62.265 62.158 62.045 61.885 61.673 61.45 61.235 61.075 60.965 60.84 60.695 60.565 60.45 60.322 60.177 60.023 59.873 59.732 59.597 59.462 59.307 59.087 58.835
69.29 69.212 69.075 68.943 68.835 68.685 68.488 68.298 68.11 67.94 67.782 67.6 67.39 67.205 67.052 66.897 66.753 66.622 66.472 66.285 66.085 65.888 65.705 65.545 65.4 65.288 65.202 65.107 64.982 64.84 64.672 64.455 64.238 64.108 64.04 63.947 63.827 63.715 63.62 63.522 63.415 63.3 63.172 63.037 62.9 62.768 62.64 62.513 62.388 62.27 62.16 62.047 61.925 61.777 61.605 61.415 61.215 61.058 60.935 60.78 60.605 60.465 60.342 60.2 60.045 59.885 59.728 59.58 59.443 59.305 59.152 58.97 58.742
69.24 69.165 69.045 68.94 68.847 68.7 68.5 68.3 68.105 67.922 67.732 67.518 67.293 67.105 66.955 66.8 66.658 66.545 66.435 66.285 66.095 65.895 65.695 65.513 65.358 65.242 65.142 65.007 64.84 64.705 64.6 64.452 64.25 64.098 64.012 63.89 63.743 63.615 63.51 63.405 63.295 63.18 63.055 62.927 62.797 62.665 62.535 62.408 62.283 62.163 62.05 61.927 61.795 61.667 61.535 61.382 61.2 61.035 60.885 60.702 60.513 60.357 60.22 60.067 59.912 59.755 59.595 59.435 59.288 59.14 58.978 58.815 58.63
69.202 69.13 69.032 68.945 68.855 68.702 68.487 68.272 68.072 67.895 67.695 67.465 67.233 67.033 66.87 66.708 66.565 66.455 66.36 66.25 66.095 65.905 65.7 65.5 65.323 65.178 65.032 64.86 64.683 64.548 64.455 64.36 64.23 64.09 63.96 63.815 63.665 63.523 63.398 63.285 63.175 63.06 62.938 62.818 62.695 62.563 62.43 62.303 62.178 62.055 61.932 61.798 61.66 61.535 61.415 61.292 61.15 60.987 60.807 60.61 60.413 60.238 60.085 59.93 59.775 59.622 59.465 59.3 59.14 58.98 58.815 58.653 58.487
69.197 69.1 68.97 68.867 68.78 68.622 68.397 68.188 68.005 67.857 67.7 67.485 67.248 67.04 66.865 66.688 66.528 66.408 66.308 66.207 66.075 65.892 65.685 65.477 65.288 65.115 64.943 64.768 64.595 64.455 64.353 64.26 64.17 64.05 63.897 63.745 63.595 63.445 63.308 63.188 63.075 62.965 62.853 62.738 62.618 62.485 62.348 62.215 62.083 61.947 61.81 61.67 61.533 61.405 61.285 61.165 61.032 60.877 60.697 60.5 60.3 60.113 59.945 59.787 59.632 59.48 59.327 59.165 59 58.84 58.678 58.513 58.348
69.197 69.065 68.893 68.745 68.63 68.478 68.278 68.1 67.943 67.81 67.687 67.52 67.305 67.1 66.92 66.728 66.545 66.41 66.302 66.182 66.03 65.84 65.63 65.433 65.258 65.088 64.915 64.745 64.578 64.43 64.318 64.22 64.115 63.985 63.835 63.685 63.533 63.383 63.243 63.115 62.998 62.893 62.795 62.685 62.565 62.435 62.295 62.155 61.992 61.822 61.68 61.545 61.408 61.28 61.157 61.025 60.87 60.712 60.557 60.375 60.178 59.99 59.81 59.643 59.487 59.333 59.18 59.022 58.86 58.705 58.55 58.39 58.225
