EGM722_Project_Data/DTM_asc/TL4955.asc
ncols         200
nrows         200
xllcorner     549000.000
yllcorner     255000.000
cellsize      5
NODATA_value  -9999.0
[rows 160 to 191 of 200, columns 73 to 145 of 200]
41.452 41.395 41.343 41.335 41.338 41.35 41.37 41.395 41.415 41.425 41.458 41.522 41.535 41.658 41.907 42.077 42.212 42.317 42.37 42.413 42.49 42.653 42.852 43.015 43.175 43.36 43.565 43.78 44.008 44.235 44.442 44.637 44.83 45.01 45.183 45.365 45.54 45.655 45.725 45.82 45.952 46.057 46.13 46.218 46.312 46.345 46.323 46.325 46.342 46.327 46.257 46.147 46.023 45.938 45.91 45.903 45.9 45.88 45.837 45.79 45.74 45.662 45.56 45.475 45.385 45.25 45.095 44.94 44.788 44.673 44.595 44.52 44.44
41.81 41.783 41.762 41.76 41.76 41.767 41.787 41.812 41.84 41.88 41.94 42.007 42.06 42.18 42.35 42.487 42.627 42.745 42.825 42.903 43 43.147 43.31 43.455 43.608 43.783 43.978 44.175 44.383 44.6 44.805 45 45.198 45.382 45.56 45.742 45.917 46.035 46.105 46.178 46.268 46.362 46.45 46.545 46.64 46.69 46.7 46.71 46.705 46.642 46.53 46.41 46.287 46.195 46.163 46.157 46.155 46.135 46.09 46.04 45.99 45.912 45.805 45.705 45.595 45.45 45.292 45.138 44.995 44.89 44.815 44.74 44.655
42.16 42.16 42.155 42.15 42.14 42.135 42.155 42.182 42.22 42.275 42.34 42.405 42.482 42.6 42.74 42.88 43.022 43.167 43.292 43.39 43.487 43.615 43.76 43.903 44.045 44.213 44.408 44.603 44.795 44.99 45.188 45.385 45.585 45.752 45.908 46.082 46.257 46.397 46.485 46.555 46.62 46.678 46.753 46.85 46.945 46.995 47 47.002 46.972 46.882 46.765 46.645 46.527 46.435 46.4 46.395 46.39 46.362 46.305 46.25 46.2 46.12 46.01 45.902 45.78 45.632 45.477 45.325 45.195 45.1 45.022 44.942 44.847
42.505 42.515 42.512 42.502 42.473 42.458 42.478 42.508 42.55 42.605 42.668 42.743 42.848 42.98 43.12 43.26 43.4 43.563 43.732 43.857 43.955 44.078 44.222 44.36 44.485 44.645 44.845 45.042 45.237 45.425 45.608 45.8 45.997 46.137 46.245 46.393 46.565 46.725 46.845 46.93 46.99 47.02 47.053 47.13 47.225 47.255 47.223 47.208 47.177 47.087 46.97 46.853 46.738 46.648 46.615 46.612 46.607 46.572 46.495 46.425 46.372 46.29 46.18 46.067 45.94 45.795 45.645 45.505 45.39 45.3 45.217 45.125 45.022
42.86 42.87 42.865 42.84 42.795 42.78 42.803 42.835 42.88 42.935 43.003 43.1 43.225 43.36 43.5 43.64 43.783 43.95 44.14 44.305 44.425 44.545 44.682 44.807 44.92 45.075 45.28 45.485 45.682 45.87 46.045 46.225 46.41 46.54 46.625 46.733 46.88 47.037 47.177 47.292 47.362 47.39 47.4 47.433 47.505 47.525 47.468 47.423 47.38 47.29 47.173 47.057 46.943 46.858 46.83 46.827 46.822 46.787 46.703 46.613 46.545 46.457 46.342 46.227 46.1 45.958 45.82 45.698 45.588 45.492 45.402 45.3 45.195
43.215 43.225 43.207 43.165 43.115 43.103 43.132 43.17 43.213 43.268 43.355 43.475 43.605 43.74 43.88 44.02 44.168 44.34 44.53 44.717 44.877 45.007 45.128 45.24 45.35 45.503 45.708 45.92 46.125 46.312 46.485 46.657 46.822 46.942 47.027 47.115 47.22 47.353 47.495 47.632 47.722 47.747 47.755 47.765 47.792 47.785 47.72 47.657 47.592 47.495 47.378 47.263 47.148 47.068 47.045 47.043 47.037 47.002 46.92 46.817 46.722 46.62 46.5 46.382 46.26 46.133 46.012 45.895 45.777 45.67 45.57 45.467 45.362
43.537 43.547 43.52 43.472 43.428 43.423 43.46 43.5 43.543 43.613 43.725 43.852 43.985 44.133 44.28 44.42 44.573 44.753 44.945 45.135 45.312 45.467 45.593 45.7 45.81 45.945 46.133 46.345 46.557 46.75 46.92 47.082 47.217 47.317 47.4 47.485 47.565 47.67 47.81 47.937 48.012 48.032 48.04 48.047 48.045 48.012 47.95 47.885 47.81 47.705 47.585 47.47 47.358 47.285 47.27 47.27 47.245 47.18 47.087 46.982 46.875 46.767 46.655 46.537 46.42 46.302 46.185 46.062 45.937 45.823 45.72 45.62 45.515
43.827 43.837 43.807 43.765 43.73 43.733 43.772 43.815 43.873 43.968 44.09 44.218 44.378 44.557 44.713 44.86 45.018 45.2 45.395 45.577 45.742 45.915 46.08 46.202 46.313 46.433 46.58 46.77 46.982 47.175 47.337 47.472 47.575 47.66 47.74 47.82 47.89 47.99 48.115 48.2 48.242 48.26 48.267 48.265 48.25 48.212 48.155 48.095 48.02 47.915 47.798 47.69 47.59 47.53 47.515 47.482 47.402 47.302 47.202 47.097 46.993 46.895 46.797 46.69 46.575 46.455 46.332 46.202 46.073 45.96 45.86 45.757 45.652
44.12 44.127 44.095 44.06 44.038 44.043 44.078 44.135 44.22 44.325 44.445 44.598 44.805 45.005 45.163 45.32 45.48 45.66 45.847 46.012 46.165 46.338 46.53 46.697 46.827 46.947 47.075 47.225 47.41 47.587 47.722 47.825 47.912 47.995 48.072 48.142 48.208 48.297 48.385 48.435 48.47 48.487 48.485 48.47 48.447 48.407 48.355 48.302 48.23 48.13 48.025 47.932 47.845 47.775 47.715 47.625 47.513 47.408 47.312 47.213 47.11 47.015 46.925 46.83 46.722 46.602 46.472 46.338 46.21 46.1 45.997 45.893 45.79
44.415 44.417 44.388 44.365 44.35 44.353 44.393 44.478 44.583 44.688 44.823 45.02 45.255 45.457 45.62 45.78 45.942 46.115 46.282 46.435 46.585 46.755 46.95 47.147 47.315 47.447 47.575 47.702 47.835 47.962 48.065 48.155 48.24 48.317 48.387 48.452 48.517 48.58 48.63 48.668 48.697 48.705 48.69 48.668 48.642 48.605 48.555 48.5 48.427 48.335 48.237 48.142 48.047 47.965 47.867 47.743 47.623 47.515 47.42 47.325 47.228 47.138 47.055 46.973 46.872 46.748 46.61 46.475 46.35 46.24 46.138 46.035 45.932
44.715 44.718 44.7 44.685 44.67 44.678 44.74 44.845 44.955 45.065 45.223 45.442 45.68 45.887 46.057 46.22 46.385 46.55 46.705 46.855 47.005 47.168 47.353 47.55 47.737 47.885 48.007 48.12 48.207 48.287 48.375 48.465 48.545 48.615 48.682 48.747 48.81 48.857 48.893 48.922 48.932 48.917 48.895 48.87 48.84 48.79 48.727 48.665 48.59 48.495 48.39 48.285 48.183 48.105 48.022 47.903 47.773 47.663 47.57 47.478 47.385 47.3 47.225 47.14 47.03 46.9 46.76 46.628 46.51 46.405 46.305 46.202 46.082
45.07 45.075 45.073 45.063 45.048 45.065 45.135 45.235 45.345 45.46 45.628 45.85 46.082 46.287 46.46 46.627 46.792 46.957 47.12 47.275 47.425 47.58 47.75 47.935 48.12 48.272 48.382 48.462 48.522 48.593 48.677 48.76 48.83 48.895 48.965 49.032 49.095 49.142 49.17 49.177 49.16 49.13 49.105 49.077 49.037 48.967 48.88 48.808 48.735 48.628 48.51 48.405 48.308 48.235 48.167 48.077 47.958 47.845 47.757 47.673 47.585 47.5 47.415 47.31 47.19 47.06 46.925 46.803 46.695 46.595 46.492 46.372 46.225
45.467 45.475 45.482 45.482 45.473 45.498 45.565 45.648 45.748 45.865 46.04 46.263 46.487 46.685 46.853 47.02 47.187 47.355 47.525 47.69 47.845 48 48.165 48.335 48.507 48.642 48.72 48.775 48.825 48.895 48.977 49.047 49.11 49.175 49.245 49.315 49.38 49.417 49.42 49.4 49.37 49.34 49.31 49.275 49.23 49.155 49.053 48.96 48.882 48.77 48.638 48.525 48.433 48.365 48.3 48.23 48.135 48.03 47.945 47.865 47.782 47.692 47.587 47.47 47.35 47.222 47.1 46.992 46.887 46.78 46.657 46.51 46.352
45.862 45.87 45.88 45.887 45.893 45.933 46.005 46.08 46.163 46.275 46.455 46.672 46.887 47.08 47.245 47.41 47.58 47.75 47.92 48.09 48.255 48.407 48.56 48.715 48.867 48.972 49.025 49.077 49.13 49.193 49.265 49.33 49.39 49.455 49.522 49.587 49.65 49.67 49.645 49.615 49.583 49.545 49.505 49.465 49.42 49.345 49.24 49.133 49.035 48.918 48.775 48.648 48.558 48.495 48.43 48.365 48.295 48.215 48.132 48.05 47.97 47.865 47.74 47.62 47.5 47.382 47.272 47.17 47.065 46.942 46.795 46.635 46.477
46.248 46.26 46.27 46.28 46.298 46.355 46.437 46.512 46.588 46.69 46.855 47.063 47.275 47.465 47.632 47.797 47.965 48.135 48.305 48.475 48.637 48.767 48.892 49.035 49.175 49.27 49.322 49.378 49.44 49.498 49.553 49.618 49.677 49.728 49.78 49.84 49.9 49.912 49.878 49.842 49.797 49.748 49.705 49.663 49.617 49.542 49.435 49.328 49.223 49.095 48.945 48.803 48.703 48.64 48.578 48.518 48.46 48.395 48.317 48.235 48.15 48.027 47.885 47.76 47.64 47.527 47.422 47.317 47.205 47.07 46.915 46.755 46.597
46.627 46.65 46.66 46.675 46.7 46.765 46.86 46.94 47.015 47.118 47.263 47.448 47.655 47.845 48.015 48.182 48.347 48.515 48.685 48.85 49 49.11 49.205 49.33 49.467 49.562 49.618 49.68 49.76 49.82 49.858 49.913 49.972 50.007 50.033 50.083 50.142 50.155 50.12 50.07 50.007 49.953 49.91 49.867 49.822 49.747 49.64 49.538 49.442 49.315 49.16 49.01 48.895 48.818 48.75 48.693 48.637 48.575 48.5 48.42 48.327 48.195 48.04 47.9 47.775 47.663 47.557 47.445 47.32 47.18 47.028 46.87 46.715
47.012 47.037 47.055 47.078 47.105 47.17 47.27 47.362 47.443 47.55 47.695 47.855 48.04 48.225 48.395 48.565 48.732 48.9 49.062 49.212 49.355 49.467 49.55 49.643 49.762 49.857 49.923 50.005 50.095 50.152 50.178 50.215 50.267 50.3 50.31 50.338 50.387 50.397 50.35 50.282 50.213 50.158 50.113 50.07 50.027 49.952 49.85 49.758 49.667 49.54 49.388 49.243 49.123 49.03 48.948 48.875 48.813 48.75 48.677 48.6 48.502 48.365 48.205 48.05 47.913 47.798 47.687 47.565 47.435 47.295 47.142 46.987 46.832
47.403 47.43 47.455 47.483 47.51 47.57 47.665 47.765 47.857 47.975 48.127 48.28 48.44 48.605 48.77 48.937 49.102 49.27 49.425 49.567 49.71 49.822 49.905 49.982 50.073 50.162 50.247 50.34 50.425 50.477 50.502 50.532 50.567 50.59 50.602 50.618 50.642 50.632 50.565 50.49 50.42 50.365 50.323 50.278 50.235 50.165 50.07 49.982 49.89 49.765 49.62 49.48 49.355 49.255 49.165 49.078 48.998 48.925 48.855 48.782 48.68 48.535 48.375 48.215 48.063 47.93 47.808 47.68 47.55 47.41 47.258 47.103 46.948
47.82 47.845 47.865 47.895 47.925 47.963 48.028 48.122 48.225 48.35 48.502 48.655 48.787 48.917 49.075 49.24 49.415 49.597 49.757 49.905 50.05 50.155 50.227 50.305 50.382 50.467 50.56 50.647 50.722 50.77 50.8 50.827 50.852 50.87 50.882 50.895 50.9 50.875 50.813 50.74 50.67 50.615 50.575 50.528 50.467 50.387 50.295 50.207 50.115 49.995 49.855 49.712 49.575 49.463 49.37 49.28 49.19 49.11 49.04 48.962 48.847 48.695 48.532 48.368 48.213 48.075 47.945 47.813 47.68 47.535 47.38 47.228 47.075
48.265 48.285 48.293 48.315 48.342 48.36 48.385 48.453 48.553 48.68 48.827 48.957 49.052 49.16 49.315 49.493 49.695 49.895 50.067 50.225 50.367 50.465 50.528 50.598 50.675 50.76 50.847 50.925 50.99 51.035 51.065 51.09 51.115 51.135 51.145 51.152 51.15 51.13 51.09 51.03 50.96 50.905 50.86 50.797 50.712 50.618 50.523 50.432 50.34 50.22 50.08 49.935 49.79 49.66 49.555 49.465 49.38 49.302 49.22 49.117 48.985 48.83 48.665 48.505 48.365 48.237 48.11 47.975 47.84 47.688 47.52 47.365 47.212
48.707 48.732 48.732 48.74 48.76 48.775 48.783 48.808 48.883 49.005 49.13 49.222 49.295 49.4 49.565 49.77 49.99 50.19 50.367 50.537 50.682 50.775 50.835 50.898 50.968 51.05 51.13 51.195 51.252 51.295 51.325 51.35 51.375 51.395 51.402 51.405 51.4 51.38 51.347 51.305 51.247 51.187 51.122 51.04 50.945 50.85 50.755 50.66 50.565 50.445 50.302 50.155 50.01 49.87 49.748 49.65 49.565 49.475 49.365 49.242 49.107 48.953 48.795 48.658 48.53 48.403 48.277 48.147 48.012 47.855 47.678 47.51 47.347
49.125 49.16 49.162 49.162 49.172 49.185 49.192 49.198 49.23 49.31 49.395 49.465 49.538 49.653 49.84 50.063 50.285 50.485 50.66 50.835 50.987 51.08 51.14 51.2 51.263 51.335 51.405 51.465 51.52 51.558 51.585 51.613 51.638 51.655 51.658 51.655 51.65 51.627 51.592 51.557 51.512 51.445 51.36 51.27 51.177 51.082 50.987 50.89 50.79 50.667 50.52 50.372 50.227 50.087 49.955 49.835 49.725 49.61 49.485 49.36 49.23 49.088 48.95 48.823 48.698 48.57 48.442 48.315 48.182 48.025 47.845 47.667 47.487
49.495 49.522 49.527 49.532 49.54 49.55 49.56 49.567 49.578 49.62 49.688 49.755 49.825 49.948 50.15 50.375 50.577 50.757 50.927 51.097 51.257 51.37 51.44 51.5 51.56 51.623 51.688 51.75 51.805 51.84 51.865 51.892 51.912 51.917 51.912 51.908 51.9 51.868 51.823 51.785 51.742 51.675 51.585 51.495 51.4 51.292 51.187 51.085 50.98 50.86 50.715 50.57 50.425 50.285 50.155 50.03 49.905 49.778 49.653 49.525 49.388 49.253 49.125 48.995 48.868 48.732 48.595 48.462 48.325 48.165 47.985 47.8 47.6
49.822 49.838 49.845 49.857 49.87 49.88 49.89 49.9 49.91 49.95 50.02 50.087 50.153 50.278 50.482 50.687 50.847 51 51.167 51.338 51.505 51.637 51.727 51.795 51.855 51.917 51.982 52.045 52.102 52.14 52.162 52.18 52.19 52.185 52.173 52.165 52.155 52.112 52.048 52 51.957 51.89 51.8 51.707 51.605 51.485 51.36 51.248 51.142 51.025 50.89 50.747 50.603 50.468 50.35 50.242 50.125 49.995 49.865 49.727 49.58 49.44 49.31 49.18 49.05 48.898 48.733 48.588 48.445 48.277 48.087 47.885 47.67
50.14 50.155 50.168 50.185 50.2 50.213 50.225 50.235 50.243 50.28 50.35 50.415 50.478 50.61 50.8 50.96 51.09 51.235 51.405 51.58 51.752 51.89 51.992 52.08 52.15 52.213 52.278 52.34 52.4 52.437 52.45 52.457 52.462 52.455 52.44 52.427 52.415 52.372 52.298 52.23 52.175 52.102 52.007 51.908 51.8 51.68 51.548 51.423 51.31 51.19 51.06 50.922 50.783 50.66 50.555 50.455 50.342 50.212 50.07 49.92 49.77 49.63 49.5 49.37 49.24 49.08 48.893 48.718 48.557 48.377 48.167 47.953 47.735
50.458 50.478 50.495 50.515 50.533 50.548 50.56 50.57 50.578 50.613 50.678 50.743 50.805 50.92 51.073 51.205 51.333 51.48 51.65 51.823 51.995 52.137 52.247 52.35 52.44 52.512 52.578 52.643 52.705 52.735 52.735 52.735 52.735 52.725 52.708 52.693 52.677 52.635 52.56 52.48 52.408 52.322 52.218 52.11 51.998 51.875 51.745 51.615 51.49 51.363 51.23 51.098 50.973 50.863 50.76 50.66 50.555 50.425 50.273 50.118 49.963 49.82 49.69 49.557 49.425 49.262 49.067 48.867 48.67 48.465 48.245 48.028 47.813
50.815 50.838 50.85 50.86 50.87 50.883 50.898 50.913 50.928 50.963 51.02 51.083 51.148 51.25 51.388 51.52 51.65 51.8 51.973 52.137 52.275 52.393 52.505 52.612 52.717 52.815 52.892 52.958 53.02 53.045 53.04 53.035 53.022 53 52.975 52.958 52.942 52.895 52.815 52.733 52.65 52.558 52.45 52.34 52.225 52.1 51.97 51.84 51.705 51.56 51.418 51.288 51.17 51.063 50.96 50.863 50.767 50.64 50.485 50.322 50.153 50.005 49.875 49.742 49.605 49.425 49.21 49 48.787 48.57 48.35 48.13 47.92
51.225 51.245 51.25 51.255 51.27 51.268 51.26 51.275 51.295 51.33 51.383 51.44 51.503 51.613 51.765 51.907 52.043 52.195 52.347 52.47 52.56 52.653 52.767 52.877 52.985 53.097 53.2 53.277 53.34 53.367 53.362 53.347 53.32 53.283 53.248 53.225 53.207 53.155 53.068 52.98 52.895 52.802 52.697 52.59 52.477 52.355 52.222 52.085 51.94 51.785 51.63 51.493 51.37 51.26 51.163 51.07 50.98 50.857 50.7 50.522 50.338 50.185 50.055 49.92 49.775 49.58 49.343 49.115 48.9 48.685 48.468 48.255 48.053
51.647 51.665 51.675 51.695 51.73 51.72 51.673 51.658 51.67 51.703 51.75 51.803 51.86 51.968 52.125 52.28 52.425 52.555 52.657 52.737 52.81 52.905 53.025 53.14 53.25 53.363 53.477 53.58 53.66 53.69 53.675 53.645 53.61 53.573 53.53 53.498 53.475 53.417 53.325 53.233 53.145 53.05 52.945 52.84 52.73 52.61 52.472 52.322 52.17 52.015 51.855 51.703 51.57 51.46 51.368 51.28 51.192 51.075 50.907 50.715 50.525 50.368 50.232 50.087 49.935 49.742 49.498 49.248 49.018 48.8 48.588 48.388 48.19
52.057 52.095 52.12 52.155 52.195 52.19 52.132 52.08 52.058 52.078 52.123 52.17 52.223 52.32 52.465 52.615 52.752 52.85 52.923 52.995 53.063 53.155 53.275 53.398 53.518 53.63 53.745 53.862 53.967 54.002 53.972 53.938 53.903 53.865 53.823 53.78 53.745 53.683 53.588 53.495 53.408 53.308 53.198 53.09 52.98 52.855 52.71 52.558 52.403 52.245 52.085 51.925 51.778 51.665 51.578 51.493 51.407 51.285 51.105 50.905 50.713 50.548 50.402 50.252 50.097 49.905 49.66 49.4 49.15 48.925 48.72 48.522 48.327
52.417 52.487 52.53 52.567 52.612 52.62 52.57 52.507 52.465 52.48 52.528 52.575 52.61 52.66 52.768 52.905 53.032 53.125 53.195 53.263 53.333 53.428 53.545 53.668 53.793 53.912 54.028 54.145 54.262 54.305 54.27 54.235 54.202 54.173 54.143 54.1 54.055 53.99 53.898 53.802 53.695 53.58 53.475 53.37 53.26 53.128 52.975 52.822 52.652 52.475 52.31 52.15 51.993 51.875 51.79 51.705 51.607 51.462 51.275 51.077 50.885 50.715 50.563 50.41 50.245 50.037 49.79 49.53 49.27 49.043 48.847 48.652 48.46
52.732 52.822 52.88 52.918 52.98 53.007 52.96 52.913 52.895 52.92 52.97 53.005 53.007 53.013 53.068 53.18 53.31 53.405 53.473 53.543 53.625 53.725 53.838 53.955 54.077 54.2 54.318 54.435 54.555 54.602 54.572 54.538 54.505 54.487 54.477 54.45 54.41 54.345 54.245 54.122 53.98 53.855 53.762 53.67 53.565 53.43 53.27 53.097 52.902 52.708 52.53 52.365 52.208 52.088 52.002 51.905 51.777 51.615 51.425 51.23 51.043 50.873 50.717 50.552 50.36 50.135 49.89 49.635 49.375 49.15 48.96 48.76 48.53
