EGM722_Project_Data/DTM_asc/TL4955.asc
ncols         200
nrows         200
xllcorner     549000.000
yllcorner     255000.000
cellsize      5
NODATA_value  -9999.0
[rows 96 to 127 of 200, columns 73 to 145 of 200]
33.65 33.475 33.3 33.112 32.9 32.703 32.535 32.373 32.21 32.055 31.9 31.74 31.585 31.435 31.293 31.155 31.02 30.85 30.645 30.445 30.255 30.067 29.87 29.678 29.503 29.375 29.28 29.188 29.108 29.04 29 29.01 29.05 29.092 29.138 29.185 29.235 29.29 29.35 29.407 29.46 29.508 29.555 29.59 29.595 29.58 29.555 29.515 29.452 29.375 29.32 29.31 29.32 29.335 29.347 29.342 29.328 29.33 29.35 29.375 29.407 29.432 29.442 29.45 29.46 29.5 29.562 29.615 29.66 29.677 29.67 29.66 29.65
33.7 33.528 33.353 33.175 32.99 32.81 32.645 32.48 32.313 32.153 31.997 31.84 31.685 31.538 31.4 31.265 31.127 30.957 30.752 30.547 30.347 30.15 29.95 29.755 29.578 29.45 29.355 29.26 29.183 29.148 29.165 29.205 29.245 29.285 29.33 29.38 29.43 29.485 29.548 29.608 29.66 29.708 29.755 29.802 29.835 29.835 29.81 29.782 29.747 29.705 29.69 29.7 29.71 29.717 29.712 29.695 29.68 29.682 29.697 29.712 29.73 29.752 29.77 29.78 29.79 29.822 29.872 29.917 29.957 29.977 29.977 29.97 29.96
33.765 33.598 33.43 33.258 33.09 32.925 32.76 32.592 32.415 32.248 32.092 31.938 31.788 31.648 31.513 31.377 31.235 31.055 30.845 30.637 30.432 30.227 30.025 29.828 29.643 29.51 29.417 29.328 29.273 29.3 29.36 29.4 29.44 29.485 29.538 29.59 29.64 29.695 29.76 29.823 29.875 29.923 29.968 30.015 30.06 30.07 30.047 30.022 29.992 29.975 29.98 29.99 30 30.002 29.992 29.975 29.957 29.957 29.97 29.977 29.98 30.002 30.037 30.057 30.072 30.087 30.115 30.155 30.19 30.21 30.217 30.217 30.212
33.865 33.7 33.54 33.378 33.213 33.047 32.88 32.702 32.515 32.343 32.188 32.038 31.895 31.76 31.625 31.485 31.335 31.145 30.928 30.715 30.507 30.3 30.095 29.895 29.703 29.563 29.47 29.405 29.383 29.44 29.54 29.6 29.64 29.69 29.755 29.817 29.87 29.925 29.987 30.045 30.095 30.145 30.192 30.237 30.282 30.292 30.27 30.237 30.188 30.16 30.165 30.175 30.185 30.192 30.192 30.182 30.165 30.163 30.175 30.177 30.173 30.195 30.242 30.277 30.3 30.305 30.305 30.325 30.357 30.38 30.387 30.392 30.395
33.985 33.82 33.66 33.5 33.335 33.167 32.992 32.805 32.615 32.44 32.288 32.145 32.005 31.87 31.73 31.58 31.425 31.235 31.013 30.793 30.58 30.373 30.167 29.963 29.763 29.618 29.543 29.513 29.508 29.563 29.682 29.78 29.835 29.89 29.965 30.04 30.1 30.155 30.212 30.265 30.315 30.365 30.415 30.46 30.505 30.515 30.482 30.435 30.373 30.34 30.345 30.355 30.365 30.375 30.382 30.382 30.373 30.37 30.375 30.37 30.365 30.38 30.427 30.482 30.517 30.525 30.515 30.513 30.528 30.545 30.552 30.558 30.562
34.103 33.927 33.767 33.61 33.447 33.275 33.092 32.905 32.715 32.543 32.395 32.255 32.115 31.975 31.825 31.667 31.512 31.322 31.098 30.875 30.658 30.448 30.24 30.033 29.828 29.693 29.653 29.643 29.638 29.69 29.808 29.925 30.017 30.095 30.172 30.25 30.322 30.382 30.435 30.485 30.535 30.585 30.635 30.68 30.725 30.73 30.68 30.62 30.555 30.523 30.53 30.54 30.55 30.558 30.565 30.573 30.575 30.575 30.573 30.565 30.558 30.563 30.605 30.67 30.72 30.737 30.73 30.72 30.715 30.715 30.72 30.728 30.732
34.21 34.023 33.855 33.697 33.54 33.365 33.177 32.99 32.803 32.633 32.485 32.345 32.205 32.057 31.902 31.745 31.592 31.407 31.185 30.963 30.745 30.538 30.33 30.123 29.923 29.813 29.798 29.793 29.788 29.848 29.97 30.09 30.205 30.3 30.375 30.45 30.532 30.602 30.655 30.705 30.76 30.815 30.863 30.905 30.957 30.957 30.885 30.808 30.738 30.708 30.723 30.748 30.77 30.783 30.79 30.798 30.8 30.813 30.823 30.815 30.805 30.793 30.803 30.85 30.907 30.94 30.942 30.935 30.925 30.905 30.893 30.9 30.907
34.308 34.12 33.94 33.773 33.617 33.445 33.255 33.068 32.885 32.715 32.56 32.413 32.27 32.122 31.97 31.818 31.67 31.492 31.273 31.053 30.845 30.645 30.44 30.238 30.05 29.958 29.957 29.957 29.955 30.025 30.162 30.29 30.405 30.497 30.575 30.658 30.745 30.817 30.873 30.93 30.995 31.055 31.1 31.15 31.222 31.227 31.143 31.05 30.968 30.933 30.953 30.99 31.027 31.05 31.057 31.052 31.038 31.062 31.11 31.12 31.11 31.08 31.033 31.038 31.092 31.132 31.152 31.155 31.142 31.113 31.08 31.075 31.082
34.405 34.22 34.035 33.855 33.693 33.52 33.335 33.155 32.975 32.805 32.645 32.488 32.338 32.19 32.04 31.892 31.747 31.572 31.363 31.155 30.955 30.755 30.558 30.37 30.19 30.103 30.11 30.12 30.125 30.198 30.345 30.485 30.605 30.697 30.78 30.87 30.962 31.035 31.093 31.163 31.235 31.295 31.35 31.423 31.51 31.52 31.437 31.345 31.255 31.203 31.215 31.255 31.292 31.315 31.315 31.295 31.268 31.288 31.355 31.405 31.417 31.38 31.3 31.253 31.275 31.315 31.345 31.365 31.36 31.33 31.288 31.26 31.255
34.505 34.32 34.138 33.953 33.775 33.598 33.418 33.242 33.065 32.895 32.735 32.575 32.415 32.26 32.11 31.965 31.82 31.652 31.46 31.26 31.062 30.87 30.685 30.505 30.328 30.245 30.257 30.272 30.29 30.375 30.522 30.667 30.8 30.902 30.993 31.085 31.177 31.255 31.323 31.4 31.475 31.545 31.622 31.71 31.8 31.81 31.73 31.642 31.555 31.48 31.473 31.518 31.557 31.572 31.558 31.53 31.5 31.513 31.575 31.647 31.7 31.675 31.59 31.51 31.48 31.5 31.528 31.555 31.57 31.547 31.503 31.46 31.433
34.638 34.455 34.273 34.087 33.882 33.68 33.5 33.325 33.15 32.983 32.825 32.665 32.503 32.338 32.178 32.03 31.885 31.722 31.537 31.34 31.145 30.96 30.78 30.605 30.45 30.385 30.4 30.418 30.453 30.553 30.698 30.845 30.99 31.105 31.2 31.295 31.39 31.477 31.555 31.635 31.712 31.795 31.885 31.975 32.065 32.077 32 31.915 31.83 31.75 31.748 31.803 31.845 31.85 31.82 31.788 31.755 31.758 31.813 31.888 31.957 31.947 31.862 31.78 31.723 31.72 31.75 31.775 31.785 31.762 31.717 31.673 31.643
34.8 34.62 34.437 34.235 33.987 33.76 33.583 33.407 33.23 33.065 32.915 32.76 32.6 32.43 32.253 32.09 31.942 31.777 31.592 31.402 31.208 31.02 30.85 30.7 30.575 30.525 30.54 30.57 30.625 30.73 30.875 31.028 31.182 31.305 31.4 31.5 31.608 31.705 31.785 31.865 31.948 32.035 32.122 32.213 32.305 32.32 32.247 32.163 32.078 32.013 32.043 32.12 32.16 32.155 32.118 32.08 32.045 32.04 32.078 32.14 32.21 32.202 32.12 32.043 31.985 31.98 32.007 32.02 32.007 31.975 31.933 31.898 31.883
34.962 34.785 34.587 34.345 34.073 33.843 33.665 33.49 33.31 33.145 33 32.852 32.697 32.53 32.345 32.163 32 31.832 31.647 31.46 31.268 31.093 30.953 30.833 30.718 30.665 30.69 30.743 30.808 30.91 31.058 31.215 31.377 31.505 31.605 31.718 31.835 31.935 32.018 32.1 32.185 32.272 32.358 32.45 32.545 32.562 32.492 32.408 32.325 32.278 32.33 32.432 32.48 32.465 32.425 32.383 32.345 32.34 32.365 32.405 32.465 32.46 32.383 32.31 32.255 32.243 32.25 32.242 32.222 32.19 32.158 32.14 32.13
35.117 34.93 34.7 34.432 34.158 33.928 33.748 33.57 33.39 33.228 33.083 32.935 32.787 32.627 32.445 32.258 32.078 31.895 31.705 31.518 31.333 31.183 31.072 30.967 30.86 30.818 30.863 30.928 30.99 31.09 31.243 31.408 31.573 31.71 31.825 31.945 32.065 32.17 32.258 32.34 32.423 32.508 32.595 32.69 32.785 32.805 32.737 32.655 32.573 32.538 32.605 32.725 32.787 32.77 32.73 32.687 32.648 32.64 32.665 32.695 32.735 32.722 32.65 32.58 32.523 32.493 32.478 32.46 32.44 32.418 32.4 32.39 32.38
35.225 35.022 34.775 34.505 34.248 34.028 33.84 33.66 33.48 33.32 33.175 33.028 32.877 32.72 32.55 32.367 32.18 31.978 31.773 31.585 31.408 31.268 31.165 31.065 30.985 30.99 31.06 31.125 31.185 31.293 31.455 31.625 31.795 31.942 32.065 32.182 32.295 32.41 32.517 32.603 32.68 32.763 32.853 32.948 33.04 33.057 32.987 32.905 32.823 32.798 32.875 32.995 33.062 33.052 33.015 32.975 32.948 32.938 32.948 32.972 32.997 32.985 32.927 32.86 32.798 32.758 32.735 32.713 32.685 32.663 32.65 32.64 32.63
35.295 35.087 34.838 34.585 34.363 34.155 33.95 33.76 33.583 33.423 33.275 33.125 32.965 32.802 32.647 32.477 32.29 32.083 31.863 31.66 31.48 31.343 31.243 31.163 31.12 31.16 31.255 31.335 31.4 31.518 31.695 31.872 32.047 32.195 32.312 32.422 32.525 32.645 32.777 32.882 32.965 33.045 33.13 33.22 33.31 33.32 33.243 33.163 33.093 33.07 33.138 33.252 33.32 33.315 33.28 33.255 33.26 33.248 33.22 33.225 33.245 33.24 33.202 33.147 33.085 33.045 33.022 32.99 32.95 32.923 32.908 32.895 32.882
35.375 35.16 34.928 34.705 34.5 34.292 34.078 33.873 33.688 33.525 33.372 33.212 33.045 32.88 32.727 32.575 32.402 32.197 31.97 31.748 31.553 31.42 31.348 31.305 31.278 31.318 31.425 31.53 31.618 31.745 31.93 32.117 32.297 32.442 32.552 32.652 32.75 32.873 33.015 33.147 33.252 33.335 33.415 33.498 33.58 33.58 33.508 33.445 33.388 33.35 33.395 33.51 33.582 33.58 33.563 33.57 33.595 33.58 33.525 33.493 33.495 33.49 33.46 33.422 33.373 33.333 33.3 33.257 33.215 33.188 33.17 33.153 33.137
35.468 35.255 35.047 34.842 34.637 34.427 34.215 34.005 33.803 33.625 33.462 33.295 33.125 32.958 32.8 32.652 32.495 32.297 32.07 31.84 31.64 31.53 31.493 31.465 31.435 31.478 31.593 31.71 31.825 31.973 32.157 32.345 32.522 32.662 32.775 32.877 32.975 33.098 33.243 33.387 33.52 33.62 33.7 33.78 33.855 33.855 33.795 33.745 33.693 33.643 33.668 33.772 33.85 33.87 33.883 33.908 33.932 33.917 33.86 33.803 33.765 33.74 33.71 33.682 33.65 33.61 33.568 33.523 33.48 33.45 33.433 33.415 33.395
35.563 35.36 35.16 34.96 34.755 34.542 34.33 34.117 33.905 33.715 33.545 33.375 33.205 33.035 32.868 32.71 32.555 32.365 32.14 31.923 31.75 31.675 31.657 31.63 31.603 31.66 31.79 31.91 32.033 32.19 32.377 32.557 32.71 32.835 32.955 33.07 33.19 33.328 33.475 33.62 33.765 33.88 33.96 34.043 34.132 34.155 34.105 34.055 34.005 33.953 33.96 34.053 34.142 34.19 34.215 34.24 34.262 34.242 34.185 34.125 34.06 34.008 33.975 33.95 33.925 33.885 33.84 33.795 33.755 33.73 33.715 33.695 33.655
35.66 35.46 35.262 35.06 34.85 34.635 34.415 34.198 33.983 33.79 33.623 33.455 33.285 33.115 32.938 32.765 32.605 32.415 32.203 32.023 31.883 31.82 31.817 31.802 31.78 31.85 32 32.13 32.25 32.405 32.587 32.745 32.87 32.985 33.105 33.238 33.395 33.557 33.71 33.857 34.005 34.122 34.205 34.305 34.425 34.465 34.422 34.375 34.325 34.275 34.28 34.36 34.457 34.52 34.545 34.565 34.58 34.557 34.497 34.43 34.355 34.295 34.258 34.228 34.202 34.165 34.12 34.08 34.05 34.03 34.01 33.972 33.91
35.762 35.565 35.362 35.152 34.94 34.722 34.498 34.275 34.058 33.865 33.7 33.535 33.365 33.192 33.013 32.833 32.66 32.478 32.303 32.16 32.03 31.965 31.967 31.967 31.96 32.033 32.19 32.337 32.468 32.62 32.777 32.902 33.018 33.135 33.27 33.433 33.612 33.785 33.94 34.092 34.245 34.365 34.465 34.595 34.732 34.775 34.735 34.692 34.645 34.605 34.623 34.693 34.78 34.847 34.872 34.885 34.892 34.87 34.807 34.728 34.645 34.585 34.545 34.508 34.478 34.443 34.403 34.373 34.35 34.327 34.29 34.23 34.16
35.865 35.665 35.453 35.24 35.027 34.805 34.58 34.355 34.135 33.945 33.78 33.615 33.445 33.27 33.088 32.905 32.725 32.563 32.43 32.307 32.18 32.113 32.11 32.115 32.13 32.215 32.37 32.525 32.672 32.815 32.94 33.05 33.168 33.305 33.473 33.655 33.837 34.013 34.17 34.325 34.482 34.62 34.75 34.895 35.037 35.085 35.045 35.005 34.96 34.935 34.97 35.04 35.112 35.167 35.19 35.2 35.207 35.177 35.105 35.02 34.935 34.875 34.835 34.795 34.757 34.723 34.692 34.67 34.647 34.61 34.55 34.48 34.41
35.972 35.762 35.55 35.337 35.11 34.875 34.65 34.428 34.218 34.035 33.868 33.7 33.527 33.347 33.162 32.978 32.795 32.648 32.532 32.417 32.303 32.25 32.258 32.265 32.29 32.388 32.542 32.698 32.857 32.997 33.11 33.22 33.353 33.515 33.693 33.875 34.058 34.25 34.425 34.58 34.74 34.897 35.047 35.192 35.337 35.39 35.35 35.31 35.27 35.265 35.315 35.385 35.45 35.49 35.502 35.508 35.515 35.482 35.403 35.315 35.23 35.165 35.12 35.08 35.04 35.002 34.972 34.947 34.92 34.87 34.8 34.733 34.67
36.08 35.865 35.655 35.43 35.18 34.935 34.71 34.5 34.308 34.13 33.962 33.79 33.607 33.42 33.235 33.05 32.868 32.723 32.608 32.5 32.408 32.383 32.41 32.425 32.45 32.55 32.708 32.868 33.035 33.18 33.295 33.423 33.583 33.75 33.915 34.09 34.273 34.48 34.69 34.862 35.02 35.18 35.335 35.485 35.632 35.69 35.655 35.618 35.588 35.59 35.647 35.725 35.79 35.82 35.818 35.815 35.82 35.787 35.705 35.62 35.54 35.465 35.405 35.36 35.32 35.278 35.238 35.205 35.175 35.125 35.055 34.995 34.945
36.18 35.965 35.745 35.5 35.24 34.995 34.78 34.588 34.403 34.225 34.052 33.87 33.68 33.49 33.305 33.123 32.943 32.8 32.693 32.595 32.523 32.515 32.552 32.58 32.613 32.715 32.878 33.045 33.215 33.362 33.495 33.653 33.825 33.99 34.15 34.315 34.49 34.695 34.925 35.13 35.3 35.46 35.617 35.772 35.922 35.99 35.97 35.94 35.915 35.91 35.965 36.055 36.125 36.147 36.135 36.128 36.127 36.09 36.01 35.933 35.855 35.778 35.705 35.643 35.595 35.552 35.508 35.468 35.432 35.382 35.32 35.27 35.225
36.277 36.055 35.812 35.555 35.295 35.06 34.862 34.677 34.495 34.315 34.127 33.935 33.747 33.565 33.383 33.2 33.025 32.893 32.795 32.7 32.643 32.648 32.685 32.723 32.773 32.888 33.058 33.23 33.4 33.56 33.723 33.895 34.067 34.235 34.395 34.553 34.715 34.913 35.14 35.367 35.57 35.74 35.897 36.052 36.207 36.29 36.285 36.262 36.24 36.228 36.275 36.372 36.45 36.472 36.457 36.445 36.437 36.397 36.322 36.245 36.165 36.09 36.018 35.943 35.878 35.828 35.783 35.738 35.695 35.648 35.598 35.553 35.507
36.33 36.092 35.852 35.6 35.34 35.113 34.922 34.74 34.555 34.365 34.17 33.975 33.788 33.632 33.48 33.3 33.13 33.003 32.908 32.823 32.778 32.788 32.825 32.865 32.933 33.073 33.253 33.425 33.595 33.77 33.95 34.125 34.3 34.475 34.64 34.798 34.955 35.145 35.37 35.602 35.817 35.997 36.157 36.312 36.47 36.557 36.555 36.535 36.52 36.52 36.575 36.675 36.757 36.785 36.77 36.755 36.735 36.695 36.632 36.555 36.478 36.408 36.34 36.265 36.19 36.125 36.073 36.028 35.983 35.938 35.893 35.847 35.792
36.32 36.08 35.865 35.63 35.375 35.148 34.96 34.775 34.58 34.385 34.19 33.993 33.803 33.67 33.567 33.415 33.245 33.118 33.033 32.968 32.928 32.933 32.97 33.023 33.108 33.26 33.45 33.625 33.795 33.975 34.162 34.342 34.52 34.7 34.877 35.045 35.205 35.395 35.62 35.84 36.042 36.225 36.395 36.555 36.71 36.792 36.785 36.773 36.778 36.8 36.863 36.962 37.052 37.085 37.07 37.045 37.005 36.965 36.925 36.865 36.792 36.727 36.667 36.597 36.525 36.453 36.385 36.333 36.287 36.243 36.197 36.145 36.07
36.298 36.063 35.855 35.637 35.403 35.183 34.992 34.8 34.6 34.405 34.21 34.01 33.818 33.685 33.605 33.5 33.358 33.243 33.178 33.128 33.085 33.08 33.123 33.198 33.295 33.44 33.632 33.82 33.997 34.18 34.37 34.557 34.737 34.918 35.105 35.287 35.453 35.643 35.86 36.062 36.26 36.445 36.62 36.79 36.95 37.027 37.025 37.035 37.058 37.085 37.148 37.252 37.35 37.385 37.36 37.315 37.265 37.228 37.2 37.162 37.102 37.04 36.987 36.93 36.862 36.788 36.715 36.648 36.595 36.55 36.495 36.422 36.335
36.283 36.053 35.848 35.64 35.428 35.218 35.018 34.82 34.62 34.425 34.23 34.028 33.833 33.7 33.623 33.545 33.458 33.385 33.337 33.292 33.245 33.235 33.293 33.385 33.485 33.623 33.81 34.005 34.195 34.385 34.575 34.765 34.95 35.135 35.325 35.512 35.69 35.882 36.085 36.28 36.477 36.662 36.84 37.015 37.185 37.277 37.295 37.318 37.343 37.37 37.438 37.548 37.647 37.675 37.633 37.578 37.528 37.493 37.465 37.438 37.4 37.353 37.305 37.255 37.195 37.122 37.05 36.977 36.91 36.847 36.772 36.687 36.6
36.313 36.085 35.885 35.68 35.475 35.258 35.043 34.845 34.648 34.46 34.272 34.07 33.873 33.743 33.668 33.6 33.553 33.515 33.477 33.437 33.395 33.405 33.485 33.585 33.685 33.82 34.005 34.203 34.398 34.59 34.78 34.97 35.163 35.358 35.55 35.738 35.925 36.118 36.313 36.508 36.703 36.89 37.068 37.243 37.422 37.547 37.59 37.613 37.638 37.67 37.745 37.855 37.95 37.97 37.925 37.87 37.82 37.788 37.763 37.74 37.718 37.683 37.635 37.58 37.512 37.435 37.36 37.29 37.202 37.112 37.032 36.95 36.865
36.388 36.155 35.952 35.748 35.542 35.313 35.078 34.873 34.68 34.5 34.325 34.137 33.94 33.805 33.74 33.693 33.662 33.63 33.593 33.563 33.54 33.58 33.69 33.8 33.9 34.035 34.218 34.415 34.612 34.805 34.995 35.188 35.383 35.583 35.782 35.975 36.165 36.355 36.548 36.743 36.937 37.125 37.302 37.48 37.665 37.81 37.88 37.915 37.94 37.985 38.073 38.18 38.265 38.28 38.245 38.197 38.148 38.118 38.102 38.085 38.062 38.025 37.97 37.897 37.81 37.728 37.652 37.565 37.448 37.348 37.28 37.207 37.125
