EGM722_Project_Data/DTM_asc/TL4954.asc
ncols         200
nrows         200
xllcorner     549000.000
yllcorner     254000.000
cellsize      5
NODATA_value  -9999.0
[rows 128 to 159 of 200, columns 73 to 145 of 200]
71.477 71.317 71.105 70.905 70.72 70.585 70.5 70.42 70.335 70.18 69.957 69.73 69.495 69.273 69.09 68.93 68.77 68.617 68.44 68.233 68.208 68.41 68.277 67.603 67.045 66.82 66.655 66.482 66.297 66.103 65.92 65.768 65.625 65.493 65.37 65.25 65.13 64.932 64.63 64.308 63.98 63.675 63.498 63.415 63.242 62.978 62.715 62.463 62.215 62.048 61.977 61.88 61.645 61.308 61.03 60.833 60.65 60.46 60.242 59.985 59.718 59.485 59.27 59.052 58.832 58.602 58.347 58.067 57.79 57.535 57.298 57.07 56.845
71.485 71.365 71.177 70.982 70.798 70.665 70.58 70.495 70.405 70.25 70.028 69.803 69.595 69.415 69.25 69.09 68.928 68.767 68.575 68.345 68.143 67.98 67.74 67.443 67.177 66.945 66.752 66.57 66.387 66.208 66.048 65.903 65.758 65.62 65.495 65.375 65.255 65.06 64.777 64.482 64.143 63.768 63.523 63.47 63.377 63.145 62.88 62.615 62.355 62.135 62.008 61.93 61.797 61.53 61.25 61.035 60.818 60.608 60.33 60.015 59.753 59.525 59.313 59.098 58.883 58.662 58.417 58.148 57.885 57.645 57.415 57.19 56.965
71.377 71.3 71.17 71.025 70.87 70.745 70.655 70.565 70.485 70.34 70.115 69.923 69.78 69.623 69.443 69.268 69.093 68.912 68.702 68.467 68.245 68.027 67.753 67.468 67.228 67.003 66.802 66.62 66.478 66.35 66.2 66.055 65.91 65.765 65.63 65.507 65.39 65.202 64.937 64.66 64.345 63.975 63.688 63.553 63.478 63.315 63.053 62.792 62.527 62.248 62.053 61.96 61.882 61.727 61.507 61.28 61.027 60.817 60.552 60.178 59.835 59.58 59.368 59.153 58.94 58.725 58.487 58.225 57.973 57.742 57.52 57.3 57.077
71.19 71.117 71.025 70.935 70.867 70.805 70.715 70.638 70.58 70.44 70.24 70.11 70.017 69.87 69.68 69.487 69.282 69.05 68.802 68.56 68.322 68.067 67.788 67.515 67.263 67.025 66.83 66.698 66.63 66.537 66.378 66.225 66.08 65.93 65.78 65.645 65.525 65.335 65.075 64.812 64.535 64.25 64.01 63.805 63.653 63.482 63.232 62.98 62.7 62.385 62.133 62 61.91 61.785 61.61 61.4 61.175 60.985 60.81 60.455 59.978 59.65 59.438 59.225 59.015 58.797 58.56 58.303 58.048 57.818 57.602 57.38 57.147
70.995 70.923 70.84 70.8 70.823 70.832 70.775 70.73 70.687 70.558 70.415 70.33 70.255 70.12 69.917 69.695 69.452 69.177 68.89 68.62 68.37 68.115 67.84 67.568 67.31 67.088 66.943 66.875 66.842 66.745 66.568 66.4 66.25 66.098 65.942 65.793 65.657 65.465 65.208 64.958 64.713 64.485 64.28 64.067 63.842 63.627 63.41 63.16 62.862 62.54 62.238 62.043 61.925 61.79 61.627 61.437 61.242 61.058 60.92 60.65 60.17 59.763 59.513 59.305 59.095 58.87 58.627 58.377 58.125 57.89 57.662 57.422 57.175
70.808 70.748 70.723 70.753 70.807 70.85 70.85 70.835 70.802 70.715 70.617 70.532 70.447 70.3 70.072 69.82 69.572 69.305 69.005 68.71 68.433 68.163 67.888 67.625 67.418 67.28 67.198 67.143 67.07 66.937 66.757 66.582 66.422 66.265 66.107 65.952 65.8 65.602 65.36 65.122 64.887 64.655 64.43 64.197 63.955 63.748 63.565 63.325 63.017 62.695 62.373 62.118 61.95 61.8 61.643 61.465 61.28 61.103 60.96 60.73 60.34 59.908 59.588 59.382 59.172 58.94 58.69 58.437 58.185 57.94 57.695 57.445 57.195
70.783 70.673 70.663 70.717 70.772 70.817 70.822 70.815 70.817 70.797 70.73 70.632 70.535 70.37 70.13 69.895 69.685 69.435 69.135 68.84 68.57 68.303 68.02 67.79 67.66 67.588 67.525 67.44 67.282 67.095 66.922 66.747 66.58 66.42 66.26 66.102 65.937 65.742 65.522 65.29 65.055 64.812 64.56 64.308 64.063 63.86 63.692 63.472 63.17 62.845 62.538 62.265 62.045 61.87 61.7 61.515 61.333 61.155 61 60.76 60.41 60.025 59.685 59.445 59.217 58.972 58.715 58.457 58.202 57.95 57.702 57.455 57.208
70.96 70.733 70.63 70.658 70.71 70.727 70.688 70.655 70.675 70.712 70.717 70.657 70.56 70.397 70.17 69.978 69.81 69.57 69.275 69.005 68.775 68.527 68.268 68.09 67.988 67.912 67.827 67.67 67.442 67.235 67.062 66.888 66.717 66.555 66.395 66.232 66.06 65.87 65.667 65.447 65.212 64.965 64.708 64.448 64.19 63.978 63.807 63.605 63.32 63.003 62.718 62.455 62.205 61.99 61.795 61.595 61.398 61.208 61.04 60.79 60.437 60.075 59.73 59.457 59.22 58.965 58.708 58.452 58.198 57.945 57.698 57.455 57.217
71.165 70.88 70.66 70.6 70.642 70.635 70.563 70.495 70.488 70.54 70.605 70.627 70.575 70.425 70.235 70.085 69.94 69.712 69.443 69.213 68.997 68.76 68.555 68.423 68.317 68.217 68.062 67.83 67.58 67.375 67.2 67.025 66.853 66.688 66.525 66.355 66.18 65.99 65.795 65.592 65.367 65.12 64.86 64.595 64.328 64.105 63.927 63.737 63.475 63.177 62.905 62.627 62.342 62.085 61.87 61.67 61.47 61.272 61.085 60.807 60.433 60.05 59.685 59.41 59.205 58.968 58.703 58.448 58.195 57.945 57.698 57.46 57.23
71.248 71.045 70.788 70.603 70.563 70.53 70.448 70.365 70.325 70.36 70.43 70.5 70.532 70.462 70.332 70.205 70.07 69.872 69.64 69.43 69.217 69.01 68.85 68.727 68.607 68.45 68.222 67.965 67.718 67.513 67.338 67.163 66.988 66.82 66.65 66.475 66.3 66.11 65.912 65.715 65.51 65.272 65.005 64.735 64.465 64.235 64.052 63.872 63.625 63.325 63.032 62.73 62.42 62.15 61.93 61.725 61.53 61.335 61.13 60.832 60.438 60.038 59.658 59.39 59.235 59.03 58.758 58.488 58.22 57.955 57.708 57.472 57.24
71.355 71.23 70.985 70.723 70.57 70.513 70.458 70.365 70.253 70.238 70.305 70.375 70.445 70.467 70.412 70.305 70.175 70.002 69.79 69.58 69.372 69.19 69.045 68.915 68.78 68.582 68.327 68.078 67.853 67.663 67.488 67.313 67.137 66.95 66.763 66.587 66.41 66.22 66.02 65.82 65.622 65.39 65.12 64.853 64.593 64.368 64.185 63.992 63.732 63.42 63.105 62.795 62.495 62.228 61.993 61.778 61.58 61.38 61.17 60.887 60.505 60.103 59.71 59.445 59.307 59.13 58.877 58.593 58.298 57.995 57.728 57.485 57.227
71.585 71.45 71.2 70.938 70.745 70.665 70.59 70.4 70.205 70.17 70.233 70.3 70.37 70.412 70.407 70.357 70.255 70.087 69.88 69.673 69.473 69.29 69.14 69.01 68.87 68.667 68.42 68.198 68.005 67.827 67.653 67.478 67.302 67.095 66.878 66.693 66.512 66.32 66.118 65.915 65.717 65.485 65.218 64.963 64.72 64.505 64.312 64.085 63.807 63.5 63.185 62.888 62.613 62.345 62.083 61.84 61.63 61.43 61.227 60.967 60.605 60.208 59.81 59.53 59.378 59.222 59 58.717 58.402 58.05 57.738 57.467 57.18
71.787 71.675 71.437 71.195 70.988 70.835 70.632 70.325 70.115 70.105 70.165 70.23 70.297 70.335 70.34 70.337 70.302 70.172 69.975 69.775 69.578 69.39 69.233 69.1 68.96 68.763 68.54 68.35 68.17 67.993 67.817 67.643 67.467 67.255 67.013 66.803 66.615 66.42 66.215 66.01 65.812 65.585 65.333 65.093 64.858 64.642 64.422 64.162 63.882 63.583 63.283 63.01 62.75 62.482 62.205 61.923 61.69 61.503 61.31 61.067 60.717 60.313 59.913 59.62 59.45 59.305 59.11 58.835 58.497 58.113 57.755 57.433 57.118
71.892 71.817 71.607 71.377 71.187 70.985 70.663 70.28 70.048 70.038 70.1 70.162 70.225 70.26 70.283 70.318 70.357 70.282 70.088 69.89 69.69 69.495 69.333 69.198 69.058 68.883 68.69 68.51 68.333 68.157 67.982 67.807 67.627 67.412 67.165 66.93 66.72 66.523 66.323 66.123 65.925 65.705 65.467 65.23 64.995 64.762 64.51 64.238 63.963 63.683 63.41 63.15 62.89 62.61 62.31 62.003 61.76 61.585 61.4 61.17 60.83 60.423 60.02 59.705 59.518 59.375 59.207 58.937 58.57 58.178 57.805 57.453 57.108
71.9 71.842 71.655 71.443 71.318 71.237 70.965 70.503 70.158 70.008 69.97 70.018 70.1 70.228 70.34 70.405 70.482 70.427 70.223 70.02 69.82 69.625 69.463 69.328 69.19 69.03 68.85 68.67 68.493 68.31 68.127 67.95 67.767 67.552 67.308 67.073 66.855 66.65 66.453 66.257 66.06 65.845 65.61 65.372 65.135 64.875 64.6 64.328 64.055 63.79 63.532 63.27 62.987 62.685 62.372 62.063 61.825 61.655 61.482 61.27 60.942 60.537 60.128 59.783 59.573 59.43 59.275 59.01 58.63 58.238 57.868 57.515 57.157
71.875 71.835 71.665 71.503 71.45 71.535 71.42 70.92 70.483 70.205 69.995 69.875 69.895 70.21 70.49 70.56 70.64 70.577 70.365 70.158 69.955 69.77 69.618 69.482 69.345 69.187 69.01 68.827 68.645 68.455 68.26 68.075 67.892 67.677 67.44 67.228 67.027 66.815 66.603 66.403 66.205 65.987 65.75 65.51 65.267 65 64.715 64.435 64.16 63.895 63.63 63.34 63.02 62.705 62.403 62.113 61.888 61.717 61.552 61.36 61.047 60.637 60.217 59.843 59.608 59.455 59.282 59.04 58.687 58.298 57.933 57.575 57.202
71.847 71.827 71.71 71.62 71.608 71.717 71.715 71.305 70.87 70.595 70.315 70.043 69.898 70.173 70.567 70.727 70.805 70.722 70.507 70.295 70.09 69.913 69.77 69.637 69.5 69.342 69.165 68.98 68.792 68.6 68.4 68.208 68.02 67.81 67.593 67.398 67.21 67 66.77 66.553 66.35 66.13 65.887 65.64 65.392 65.125 64.835 64.548 64.268 63.99 63.692 63.362 63.028 62.72 62.44 62.183 61.963 61.782 61.585 61.345 61.03 60.645 60.255 59.883 59.623 59.445 59.252 59.045 58.737 58.355 57.992 57.622 57.23
71.745 71.81 71.797 71.755 71.735 71.767 71.787 71.582 71.262 70.993 70.72 70.455 70.235 70.338 70.68 70.905 70.977 70.867 70.652 70.437 70.228 70.055 69.917 69.782 69.652 69.497 69.315 69.13 68.943 68.75 68.55 68.353 68.158 67.958 67.763 67.575 67.39 67.187 66.958 66.725 66.508 66.28 66.028 65.773 65.52 65.255 64.975 64.695 64.39 64.063 63.728 63.38 63.053 62.77 62.52 62.28 62.04 61.8 61.527 61.223 60.898 60.548 60.197 59.85 59.585 59.402 59.217 59.03 58.767 58.415 58.04 57.65 57.245
71.568 71.725 71.817 71.815 71.785 71.77 71.77 71.725 71.612 71.41 71.145 70.883 70.67 70.74 70.95 71.08 71.122 70.98 70.757 70.542 70.33 70.155 70.015 69.885 69.787 69.657 69.473 69.288 69.103 68.91 68.71 68.51 68.308 68.115 67.935 67.75 67.562 67.37 67.155 66.92 66.695 66.485 66.263 66.015 65.758 65.495 65.225 64.917 64.542 64.163 63.81 63.46 63.138 62.87 62.63 62.385 62.112 61.808 61.493 61.17 60.82 60.45 60.095 59.753 59.495 59.327 59.157 58.98 58.772 58.455 58.05 57.64 57.225
71.395 71.572 71.737 71.802 71.785 71.77 71.77 71.77 71.767 71.697 71.537 71.31 71.105 71.145 71.237 71.252 71.242 71.075 70.828 70.6 70.388 70.208 70.073 69.978 69.927 69.82 69.635 69.45 69.268 69.075 68.872 68.667 68.463 68.275 68.1 67.917 67.73 67.542 67.345 67.12 66.895 66.71 66.537 66.34 66.105 65.835 65.517 65.127 64.7 64.3 63.94 63.593 63.265 62.99 62.745 62.475 62.17 61.853 61.532 61.185 60.802 60.403 60.018 59.66 59.398 59.23 59.065 58.887 58.675 58.345 57.945 57.565 57.167
71.233 71.413 71.605 71.75 71.785 71.77 71.77 71.77 71.77 71.77 71.742 71.647 71.525 71.49 71.475 71.43 71.37 71.187 70.923 70.67 70.438 70.263 70.165 70.115 70.085 69.98 69.795 69.61 69.43 69.24 69.035 68.823 68.618 68.432 68.257 68.083 67.9 67.71 67.52 67.312 67.095 66.91 66.75 66.59 66.39 66.1 65.712 65.28 64.847 64.438 64.07 63.725 63.39 63.105 62.84 62.535 62.215 61.895 61.555 61.18 60.79 60.385 59.973 59.583 59.303 59.122 58.942 58.75 58.477 58.097 57.707 57.355 56.997
71.133 71.288 71.463 71.64 71.75 71.77 71.767 71.765 71.768 71.77 71.772 71.775 71.75 71.705 71.66 71.61 71.515 71.315 71.055 70.793 70.553 70.398 70.328 70.283 70.243 70.137 69.958 69.778 69.6 69.408 69.195 68.978 68.773 68.588 68.418 68.255 68.075 67.88 67.69 67.495 67.292 67.107 66.925 66.725 66.51 66.202 65.802 65.387 64.967 64.562 64.197 63.855 63.515 63.205 62.905 62.585 62.262 61.922 61.552 61.167 60.78 60.383 59.975 59.575 59.233 58.988 58.79 58.58 58.265 57.848 57.433 57.053 56.705
71.105 71.228 71.39 71.555 71.695 71.747 71.743 71.75 71.767 71.775 71.777 71.78 71.775 71.765 71.747 71.715 71.647 71.487 71.245 70.988 70.795 70.688 70.615 70.555 70.48 70.355 70.188 70.015 69.84 69.653 69.45 69.233 69.023 68.845 68.688 68.505 68.278 68.058 67.865 67.675 67.46 67.232 67.005 66.765 66.525 66.215 65.827 65.43 65.027 64.637 64.28 63.94 63.6 63.267 62.942 62.62 62.297 61.94 61.548 61.158 60.773 60.405 60.04 59.675 59.32 58.935 58.63 58.39 58.035 57.605 57.178 56.765 56.423
71.095 71.203 71.365 71.52 71.652 71.705 71.71 71.74 71.772 71.785 71.785 71.782 71.775 71.77 71.765 71.745 71.717 71.65 71.472 71.268 71.15 71.075 70.992 70.9 70.777 70.632 70.48 70.312 70.137 69.96 69.777 69.582 69.38 69.195 69.012 68.777 68.498 68.25 68.05 67.85 67.595 67.29 67.015 66.775 66.535 66.225 65.84 65.448 65.05 64.668 64.315 63.978 63.64 63.303 62.97 62.645 62.322 61.96 61.555 61.155 60.773 60.43 60.113 59.815 59.54 59.103 58.59 58.193 57.803 57.385 56.965 56.57 56.273
71.088 71.18 71.332 71.472 71.602 71.67 71.695 71.737 71.777 71.795 71.792 71.785 71.775 71.77 71.77 71.765 71.75 71.73 71.652 71.537 71.452 71.365 71.255 71.127 70.99 70.855 70.715 70.557 70.397 70.24 70.052 69.835 69.607 69.395 69.192 68.967 68.707 68.45 68.232 68.005 67.717 67.375 67.05 66.785 66.545 66.235 65.85 65.463 65.07 64.693 64.348 64.012 63.675 63.338 63.003 62.673 62.347 61.982 61.57 61.16 60.778 60.455 60.187 59.95 59.72 59.38 58.805 58.155 57.648 57.223 56.82 56.493 56.24
71.118 71.173 71.285 71.415 71.545 71.63 71.675 71.725 71.775 71.797 71.787 71.772 71.765 71.767 71.77 71.768 71.767 71.767 71.73 71.645 71.565 71.48 71.362 71.237 71.11 70.987 70.865 70.727 70.577 70.42 70.215 69.957 69.695 69.465 69.268 69.075 68.862 68.632 68.397 68.137 67.832 67.485 67.13 66.815 66.555 66.245 65.863 65.478 65.093 64.725 64.383 64.045 63.708 63.373 63.038 62.705 62.375 62.007 61.598 61.188 60.798 60.473 60.215 59.975 59.73 59.46 59.045 58.33 57.628 57.165 56.788 56.498 56.263
71.248 71.225 71.24 71.355 71.48 71.567 71.622 71.677 71.727 71.745 71.73 71.713 71.73 71.757 71.762 71.762 71.765 71.775 71.732 71.645 71.58 71.522 71.435 71.322 71.197 71.075 70.967 70.84 70.682 70.507 70.287 70.035 69.788 69.56 69.355 69.16 68.97 68.77 68.527 68.25 67.94 67.592 67.235 66.885 66.58 66.255 65.88 65.513 65.153 64.79 64.433 64.093 63.757 63.415 63.073 62.74 62.405 62.055 61.673 61.268 60.873 60.513 60.188 59.883 59.605 59.34 59.022 58.427 57.718 57.238 56.885 56.583 56.335
71.445 71.38 71.263 71.293 71.412 71.495 71.547 71.592 71.632 71.645 71.63 71.635 71.695 71.742 71.747 71.753 71.755 71.755 71.717 71.65 71.595 71.547 71.487 71.4 71.285 71.162 71.045 70.897 70.735 70.572 70.362 70.122 69.888 69.668 69.467 69.272 69.08 68.877 68.632 68.342 68.022 67.685 67.337 66.98 66.635 66.293 65.938 65.59 65.25 64.887 64.513 64.16 63.82 63.47 63.115 62.773 62.438 62.11 61.77 61.385 60.988 60.61 60.24 59.883 59.553 59.23 58.845 58.325 57.79 57.392 57.047 56.705 56.423
71.645 71.587 71.403 71.293 71.345 71.42 71.462 71.495 71.527 71.54 71.545 71.595 71.677 71.725 71.732 71.737 71.735 71.72 71.697 71.66 71.61 71.56 71.51 71.45 71.357 71.24 71.09 70.91 70.745 70.592 70.417 70.215 69.992 69.775 69.58 69.387 69.195 68.985 68.725 68.415 68.085 67.755 67.42 67.072 66.718 66.373 66.035 65.695 65.355 64.995 64.615 64.24 63.883 63.53 63.17 62.815 62.473 62.145 61.825 61.482 61.105 60.725 60.352 59.98 59.605 59.223 58.795 58.205 57.66 57.345 57.07 56.785 56.515
71.815 71.752 71.577 71.385 71.308 71.333 71.365 71.395 71.425 71.45 71.495 71.575 71.66 71.705 71.707 71.695 71.67 71.617 71.588 71.62 71.62 71.57 71.518 71.467 71.392 71.255 71.06 70.873 70.723 70.575 70.42 70.252 70.067 69.877 69.69 69.502 69.315 69.092 68.805 68.48 68.15 67.82 67.49 67.155 66.813 66.47 66.135 65.803 65.465 65.102 64.72 64.335 63.958 63.595 63.235 62.875 62.518 62.18 61.86 61.54 61.19 60.815 60.442 60.062 59.677 59.292 58.825 58.098 57.418 57.1 56.915 56.73 56.527
71.842 71.775 71.607 71.41 71.293 71.28 71.305 71.333 71.358 71.393 71.455 71.54 71.627 71.66 71.635 71.6 71.56 71.465 71.443 71.5 71.487 71.505 71.512 71.46 71.372 71.195 70.98 70.81 70.69 70.567 70.415 70.255 70.095 69.932 69.76 69.582 69.412 69.187 68.878 68.545 68.215 67.885 67.563 67.25 66.933 66.605 66.275 65.945 65.587 65.2 64.815 64.432 64.05 63.678 63.315 62.955 62.588 62.238 61.915 61.585 61.22 60.837 60.465 60.09 59.712 59.33 58.787 57.97 57.278 56.98 56.82 56.655 56.49
71.757 71.69 71.525 71.355 71.275 71.273 71.292 71.315 71.335 71.365 71.415 71.48 71.56 71.577 71.525 71.48 71.438 71.375 71.35 71.298 71.215 71.275 71.38 71.377 71.28 71.097 70.9 70.765 70.675 70.57 70.422 70.265 70.105 69.945 69.78 69.625 69.507 69.302 68.973 68.633 68.308 67.995 67.693 67.398 67.095 66.777 66.452 66.102 65.702 65.295 64.908 64.525 64.145 63.773 63.408 63.04 62.665 62.31 61.98 61.62 61.217 60.823 60.448 60.075 59.695 59.292 58.71 57.87 57.213 56.953 56.807 56.647 56.483
