EGM722_Project_Data/DTM_asc/TL4955.asc
ncols         200
nrows         200
xllcorner     549000.000
yllcorner     255000.000
cellsize      5
NODATA_value  -9999.0
[rows 96 to 127 of 200, columns 0 to 72 of 200]
44.58 44.597 44.61 44.62 44.63 44.638 44.618 44.573 44.528 44.485 44.455 44.44 44.425 44.405 44.35 44.245 44.125 44.005 43.895 43.795 43.68 43.545 43.415 43.29 43.16 43.033 42.903 42.77 42.637 42.495 42.332 42.152 41.965 41.772 41.58 41.385 41.19 41 40.8 40.59 40.377 40.158 39.947 39.745 39.532 39.32 39.118 38.94 38.793 38.655 38.492 38.307 38.125 37.945 37.735 37.497 37.255 37.01 36.775 36.545 36.32 36.1 35.87 35.635 35.41 35.188 34.973 34.768 34.56 34.355 34.165 33.99 33.82
44.565 44.585 44.608 44.633 44.658 44.683 44.665 44.603 44.543 44.495 44.465 44.453 44.445 44.435 44.37 44.248 44.123 43.995 43.88 43.783 43.682 43.567 43.445 43.32 43.19 43.06 42.93 42.8 42.67 42.532 42.372 42.19 41.995 41.8 41.61 41.415 41.212 41.007 40.8 40.59 40.382 40.172 39.962 39.752 39.537 39.328 39.143 38.993 38.857 38.722 38.56 38.372 38.185 37.997 37.782 37.54 37.295 37.05 36.815 36.588 36.365 36.145 35.92 35.693 35.47 35.25 35.033 34.82 34.61 34.405 34.215 34.04 33.87
44.59 44.62 44.66 44.7 44.74 44.772 44.75 44.678 44.603 44.548 44.51 44.49 44.49 44.482 44.407 44.275 44.145 44.023 43.9 43.788 43.69 43.585 43.47 43.345 43.215 43.088 42.955 42.82 42.69 42.557 42.397 42.21 42.017 41.825 41.627 41.422 41.21 40.995 40.785 40.575 40.37 40.167 39.96 39.75 39.537 39.335 39.175 39.045 38.912 38.782 38.625 38.432 38.24 38.047 37.825 37.58 37.335 37.09 36.858 36.635 36.415 36.195 35.98 35.763 35.54 35.32 35.1 34.883 34.668 34.465 34.28 34.105 33.935
44.658 44.705 44.755 44.795 44.835 44.867 44.842 44.773 44.715 44.678 44.625 44.568 44.55 44.53 44.445 44.32 44.205 44.105 43.975 43.825 43.71 43.605 43.49 43.365 43.24 43.12 42.982 42.835 42.698 42.565 42.405 42.215 42.025 41.835 41.627 41.405 41.188 40.975 40.765 40.558 40.355 40.155 39.95 39.74 39.535 39.345 39.195 39.07 38.942 38.815 38.662 38.48 38.287 38.092 37.87 37.623 37.375 37.13 36.9 36.682 36.465 36.245 36.037 35.835 35.62 35.4 35.18 34.96 34.755 34.575 34.395 34.21 34.035
44.738 44.798 44.85 44.89 44.927 44.96 44.942 44.89 44.86 44.84 44.78 44.688 44.628 44.58 44.493 44.385 44.29 44.2 44.065 43.893 43.745 43.628 43.513 43.39 43.275 43.16 43.02 42.863 42.71 42.567 42.405 42.215 42.022 41.83 41.62 41.39 41.168 40.953 40.743 40.54 40.342 40.143 39.938 39.735 39.543 39.36 39.208 39.08 38.952 38.82 38.667 38.5 38.322 38.135 37.915 37.665 37.415 37.17 36.94 36.725 36.513 36.295 36.09 35.897 35.695 35.48 35.263 35.06 34.885 34.727 34.55 34.353 34.163
44.828 44.892 44.947 44.987 45.02 45.047 45.042 45.015 44.995 44.977 44.92 44.82 44.727 44.645 44.56 44.47 44.38 44.29 44.157 43.982 43.81 43.663 43.54 43.425 43.315 43.2 43.06 42.9 42.738 42.577 42.402 42.21 42.018 41.825 41.615 41.385 41.16 40.943 40.735 40.533 40.333 40.133 39.933 39.743 39.558 39.375 39.22 39.088 38.955 38.817 38.663 38.5 38.335 38.165 37.96 37.715 37.463 37.213 36.985 36.775 36.565 36.353 36.148 35.955 35.76 35.558 35.365 35.195 35.038 34.882 34.705 34.502 34.297
44.92 44.985 45.032 45.062 45.087 45.11 45.112 45.095 45.075 45.057 45 44.9 44.805 44.717 44.632 44.545 44.455 44.36 44.235 44.072 43.895 43.725 43.585 43.47 43.36 43.245 43.105 42.945 42.777 42.597 42.408 42.213 42.02 41.83 41.628 41.408 41.185 40.968 40.76 40.558 40.353 40.148 39.948 39.757 39.573 39.39 39.233 39.095 38.96 38.82 38.665 38.505 38.345 38.2 38.025 37.792 37.543 37.29 37.065 36.86 36.65 36.44 36.235 36.04 35.848 35.665 35.503 35.345 35.19 35.027 34.835 34.625 34.415
45.005 45.07 45.107 45.118 45.13 45.15 45.155 45.14 45.123 45.105 45.045 44.948 44.86 44.78 44.695 44.605 44.51 44.402 44.282 44.145 43.985 43.813 43.658 43.53 43.413 43.295 43.155 42.987 42.807 42.617 42.423 42.228 42.035 41.847 41.652 41.445 41.23 41.013 40.803 40.6 40.392 40.18 39.973 39.775 39.588 39.408 39.25 39.11 38.972 38.832 38.68 38.52 38.378 38.26 38.102 37.882 37.642 37.395 37.17 36.967 36.76 36.55 36.345 36.153 35.973 35.81 35.655 35.495 35.332 35.155 34.945 34.723 34.51
45.093 45.147 45.182 45.18 45.18 45.193 45.197 45.185 45.17 45.155 45.095 45.003 44.92 44.84 44.755 44.66 44.552 44.435 44.315 44.192 44.057 43.9 43.745 43.61 43.48 43.35 43.197 43.015 42.825 42.632 42.438 42.245 42.057 41.872 41.677 41.475 41.27 41.057 40.847 40.64 40.425 40.21 40 39.795 39.603 39.428 39.273 39.13 38.99 38.847 38.698 38.553 38.435 38.33 38.175 37.962 37.735 37.495 37.27 37.07 36.867 36.66 36.458 36.278 36.115 35.96 35.805 35.64 35.462 35.272 35.057 34.825 34.605
45.21 45.24 45.26 45.255 45.25 45.25 45.248 45.238 45.225 45.21 45.153 45.063 44.98 44.9 44.81 44.703 44.588 44.47 44.348 44.225 44.103 43.97 43.83 43.692 43.555 43.415 43.247 43.05 42.853 42.655 42.46 42.27 42.083 41.895 41.7 41.5 41.3 41.095 40.887 40.675 40.455 40.24 40.03 39.82 39.62 39.448 39.298 39.153 39.01 38.868 38.73 38.61 38.505 38.4 38.247 38.04 37.82 37.593 37.375 37.173 36.97 36.768 36.58 36.418 36.262 36.11 35.947 35.767 35.58 35.387 35.172 34.938 34.71
45.358 45.373 45.373 45.363 45.358 45.353 45.34 45.323 45.31 45.295 45.243 45.155 45.07 44.985 44.883 44.763 44.643 44.523 44.398 44.275 44.158 44.04 43.907 43.765 43.625 43.485 43.312 43.108 42.905 42.705 42.513 42.325 42.135 41.943 41.735 41.525 41.325 41.122 40.915 40.7 40.485 40.29 40.093 39.88 39.673 39.483 39.323 39.178 39.033 38.893 38.77 38.66 38.553 38.457 38.335 38.147 37.93 37.71 37.5 37.298 37.093 36.893 36.718 36.563 36.407 36.25 36.077 35.89 35.7 35.505 35.287 35.055 34.835
45.513 45.53 45.532 45.51 45.493 45.487 45.47 45.443 45.423 45.407 45.357 45.272 45.185 45.09 44.98 44.858 44.735 44.61 44.478 44.35 44.235 44.12 43.985 43.838 43.695 43.552 43.377 43.175 42.975 42.775 42.585 42.402 42.215 42.02 41.795 41.563 41.355 41.15 40.938 40.73 40.545 40.385 40.2 39.983 39.77 39.563 39.373 39.208 39.058 38.918 38.795 38.69 38.6 38.53 38.432 38.27 38.07 37.855 37.645 37.443 37.237 37.038 36.863 36.707 36.547 36.38 36.202 36.015 35.822 35.622 35.405 35.18 34.98
45.67 45.69 45.707 45.685 45.64 45.62 45.6 45.57 45.543 45.522 45.472 45.385 45.29 45.192 45.082 44.96 44.84 44.715 44.578 44.44 44.318 44.2 44.065 43.915 43.768 43.62 43.445 43.245 43.043 42.843 42.655 42.475 42.292 42.1 41.87 41.618 41.388 41.175 40.975 40.8 40.65 40.505 40.32 40.1 39.883 39.67 39.465 39.27 39.093 38.943 38.828 38.745 38.685 38.63 38.527 38.37 38.192 37.995 37.79 37.587 37.382 37.18 37.005 36.847 36.68 36.507 36.327 36.137 35.94 35.74 35.528 35.32 35.138
45.83 45.85 45.875 45.865 45.807 45.76 45.73 45.7 45.67 45.642 45.585 45.492 45.395 45.297 45.187 45.065 44.943 44.818 44.685 44.543 44.405 44.278 44.14 43.99 43.843 43.695 43.517 43.315 43.11 42.91 42.725 42.545 42.368 42.185 41.96 41.7 41.448 41.228 41.055 40.908 40.765 40.622 40.44 40.22 40 39.79 39.588 39.38 39.175 39.008 38.903 38.838 38.785 38.73 38.622 38.463 38.298 38.12 37.925 37.725 37.522 37.32 37.14 36.975 36.805 36.632 36.45 36.255 36.055 35.858 35.658 35.47 35.295
45.96 45.98 46.002 46.002 45.957 45.897 45.855 45.825 45.795 45.767 45.7 45.6 45.505 45.405 45.295 45.175 45.05 44.925 44.8 44.66 44.515 44.373 44.223 44.07 43.923 43.775 43.597 43.393 43.188 42.995 42.813 42.633 42.458 42.28 42.072 41.825 41.565 41.35 41.193 41.045 40.9 40.747 40.555 40.335 40.115 39.915 39.727 39.525 39.315 39.14 39.038 38.975 38.915 38.852 38.742 38.585 38.42 38.24 38.045 37.845 37.645 37.45 37.27 37.098 36.925 36.755 36.575 36.38 36.18 35.983 35.78 35.585 35.405
46.06 46.08 46.097 46.1 46.072 46.02 45.975 45.945 45.918 45.895 45.825 45.715 45.615 45.512 45.402 45.285 45.162 45.038 44.917 44.792 44.655 44.505 44.335 44.163 44.008 43.86 43.682 43.478 43.285 43.11 42.928 42.74 42.563 42.385 42.192 41.967 41.715 41.508 41.357 41.205 41.042 40.867 40.667 40.45 40.23 40.033 39.86 39.677 39.475 39.3 39.2 39.14 39.072 39 38.89 38.732 38.555 38.36 38.16 37.96 37.763 37.573 37.395 37.222 37.05 36.877 36.7 36.512 36.317 36.12 35.908 35.688 35.483
46.163 46.18 46.192 46.187 46.17 46.135 46.095 46.068 46.045 46.025 45.957 45.838 45.725 45.62 45.507 45.392 45.275 45.153 45.033 44.917 44.797 44.655 44.475 44.28 44.103 43.945 43.767 43.573 43.4 43.237 43.055 42.858 42.67 42.49 42.3 42.092 41.863 41.665 41.51 41.342 41.16 40.975 40.78 40.565 40.348 40.148 39.975 39.81 39.628 39.463 39.363 39.297 39.225 39.15 39.037 38.867 38.675 38.475 38.275 38.078 37.885 37.698 37.518 37.345 37.175 37 36.82 36.635 36.447 36.257 36.05 35.82 35.588
46.273 46.28 46.283 46.273 46.26 46.243 46.217 46.195 46.175 46.155 46.09 45.967 45.843 45.73 45.615 45.498 45.383 45.265 45.147 45.033 44.92 44.787 44.612 44.415 44.22 44.04 43.863 43.688 43.525 43.365 43.185 42.985 42.79 42.603 42.41 42.213 42.005 41.813 41.637 41.453 41.268 41.085 40.89 40.678 40.465 40.265 40.09 39.93 39.765 39.618 39.52 39.447 39.372 39.297 39.175 38.99 38.79 38.59 38.39 38.197 38.01 37.822 37.64 37.465 37.295 37.12 36.937 36.75 36.562 36.375 36.167 35.935 35.695
46.408 46.405 46.393 46.375 46.365 46.355 46.335 46.31 46.29 46.27 46.205 46.085 45.96 45.845 45.73 45.613 45.498 45.38 45.263 45.147 45.027 44.887 44.715 44.522 44.33 44.153 43.983 43.815 43.655 43.495 43.315 43.115 42.923 42.74 42.553 42.358 42.153 41.953 41.765 41.575 41.39 41.213 41.023 40.813 40.595 40.388 40.213 40.058 39.903 39.765 39.67 39.595 39.52 39.445 39.307 39.108 38.905 38.705 38.507 38.317 38.13 37.94 37.755 37.577 37.405 37.23 37.037 36.838 36.645 36.455 36.247 36.015 35.78
46.555 46.557 46.535 46.503 46.485 46.475 46.45 46.415 46.39 46.37 46.305 46.188 46.073 45.965 45.853 45.737 45.618 45.495 45.377 45.257 45.122 44.972 44.8 44.608 44.433 44.285 44.125 43.95 43.785 43.625 43.445 43.248 43.065 42.897 42.72 42.522 42.307 42.095 41.903 41.715 41.535 41.37 41.187 40.975 40.755 40.548 40.368 40.208 40.055 39.918 39.82 39.745 39.667 39.59 39.442 39.228 39.02 38.82 38.623 38.43 38.24 38.05 37.865 37.685 37.507 37.332 37.135 36.918 36.71 36.515 36.31 36.083 35.863
46.66 46.7 46.685 46.645 46.613 46.592 46.567 46.53 46.495 46.47 46.405 46.295 46.19 46.087 45.977 45.86 45.735 45.608 45.487 45.355 45.205 45.055 44.885 44.71 44.568 44.432 44.27 44.093 43.92 43.755 43.575 43.39 43.225 43.065 42.89 42.685 42.46 42.238 42.04 41.863 41.698 41.542 41.362 41.153 40.943 40.745 40.56 40.385 40.22 40.075 39.973 39.895 39.815 39.732 39.58 39.358 39.143 38.94 38.74 38.543 38.35 38.16 37.972 37.79 37.61 37.435 37.24 37.015 36.793 36.585 36.375 36.16 35.958
46.715 46.8 46.812 46.777 46.742 46.712 46.682 46.645 46.607 46.575 46.51 46.41 46.31 46.21 46.1 45.977 45.85 45.722 45.59 45.443 45.29 45.14 44.988 44.848 44.722 44.582 44.415 44.237 44.06 43.888 43.715 43.548 43.392 43.235 43.055 42.84 42.61 42.383 42.188 42.027 41.872 41.717 41.542 41.345 41.145 40.948 40.76 40.577 40.398 40.238 40.125 40.045 39.965 39.875 39.715 39.493 39.273 39.063 38.86 38.66 38.463 38.27 38.08 37.895 37.715 37.537 37.342 37.12 36.895 36.678 36.463 36.258 36.06
46.755 46.855 46.885 46.855 46.827 46.812 46.79 46.75 46.712 46.675 46.617 46.53 46.432 46.332 46.217 46.09 45.96 45.832 45.693 45.54 45.39 45.248 45.12 44.997 44.87 44.725 44.555 44.375 44.195 44.025 43.868 43.71 43.555 43.4 43.21 42.985 42.755 42.528 42.333 42.175 42.022 41.87 41.712 41.535 41.34 41.14 40.942 40.752 40.567 40.395 40.275 40.195 40.112 40.015 39.85 39.628 39.405 39.19 38.983 38.783 38.585 38.388 38.193 38.003 37.82 37.64 37.447 37.235 37.013 36.79 36.578 36.375 36.175
46.8 46.9 46.93 46.903 46.888 46.895 46.887 46.85 46.81 46.77 46.72 46.647 46.557 46.455 46.335 46.203 46.07 45.94 45.8 45.65 45.508 45.383 45.263 45.14 45.007 44.855 44.685 44.505 44.333 44.175 44.025 43.87 43.715 43.56 43.362 43.128 42.895 42.67 42.47 42.3 42.145 41.995 41.852 41.702 41.52 41.32 41.115 40.913 40.723 40.548 40.425 40.342 40.25 40.145 39.982 39.763 39.545 39.335 39.123 38.913 38.713 38.515 38.313 38.113 37.923 37.74 37.55 37.347 37.135 36.913 36.7 36.5 36.295
46.86 46.945 46.977 46.965 46.973 46.987 46.982 46.95 46.91 46.87 46.817 46.752 46.675 46.575 46.452 46.318 46.183 46.05 45.91 45.768 45.643 45.528 45.407 45.277 45.135 44.982 44.815 44.64 44.483 44.335 44.182 44.028 43.875 43.717 43.515 43.275 43.038 42.813 42.615 42.435 42.265 42.113 41.975 41.84 41.685 41.5 41.295 41.085 40.883 40.7 40.573 40.48 40.375 40.265 40.11 39.902 39.695 39.49 39.275 39.055 38.845 38.645 38.44 38.232 38.033 37.84 37.647 37.45 37.247 37.032 36.82 36.615 36.4
46.945 47.002 47.035 47.045 47.065 47.08 47.075 47.045 47.008 46.97 46.915 46.847 46.78 46.69 46.567 46.432 46.297 46.162 46.03 45.905 45.787 45.672 45.55 45.41 45.26 45.107 44.948 44.788 44.638 44.49 44.337 44.185 44.032 43.872 43.667 43.425 43.185 42.96 42.763 42.578 42.395 42.233 42.095 41.963 41.827 41.67 41.475 41.262 41.05 40.853 40.71 40.602 40.49 40.377 40.23 40.035 39.827 39.62 39.405 39.187 38.972 38.76 38.552 38.345 38.137 37.932 37.73 37.53 37.332 37.13 36.922 36.71 36.492
47.032 47.075 47.102 47.12 47.14 47.15 47.147 47.135 47.107 47.07 47.015 46.948 46.88 46.792 46.675 46.54 46.405 46.273 46.15 46.037 45.922 45.81 45.685 45.54 45.39 45.238 45.085 44.937 44.79 44.64 44.487 44.332 44.18 44.027 43.827 43.583 43.34 43.123 42.933 42.753 42.568 42.388 42.24 42.11 41.975 41.82 41.63 41.415 41.203 41.008 40.835 40.698 40.582 40.467 40.322 40.13 39.92 39.71 39.495 39.28 39.062 38.835 38.622 38.422 38.215 38.005 37.792 37.583 37.382 37.187 36.982 36.767 36.555
47.107 47.142 47.167 47.185 47.197 47.195 47.195 47.205 47.202 47.172 47.115 47.045 46.97 46.885 46.775 46.64 46.508 46.383 46.263 46.15 46.04 45.93 45.81 45.67 45.52 45.37 45.222 45.077 44.93 44.78 44.627 44.47 44.328 44.19 43.992 43.748 43.52 43.325 43.148 42.97 42.772 42.57 42.41 42.277 42.127 41.955 41.76 41.545 41.345 41.17 40.98 40.798 40.66 40.545 40.395 40.197 39.99 39.78 39.565 39.345 39.117 38.88 38.665 38.475 38.275 38.065 37.85 37.633 37.423 37.222 37.017 36.802 36.575
47.18 47.21 47.232 47.242 47.24 47.233 47.235 47.25 47.265 47.26 47.212 47.135 47.055 46.975 46.872 46.743 46.615 46.495 46.378 46.265 46.155 46.045 45.927 45.795 45.652 45.505 45.357 45.21 45.063 44.915 44.763 44.615 44.487 44.355 44.157 43.93 43.738 43.56 43.38 43.185 42.965 42.748 42.578 42.43 42.26 42.08 41.885 41.683 41.505 41.34 41.152 40.948 40.763 40.623 40.465 40.265 40.06 39.85 39.632 39.4 39.16 38.92 38.705 38.52 38.33 38.125 37.91 37.69 37.473 37.263 37.052 36.822 36.565
47.245 47.275 47.29 47.285 47.275 47.268 47.273 47.29 47.305 47.315 47.285 47.212 47.14 47.062 46.965 46.847 46.725 46.605 46.49 46.38 46.27 46.16 46.042 45.915 45.782 45.64 45.49 45.342 45.197 45.05 44.905 44.775 44.655 44.52 44.34 44.147 43.97 43.79 43.595 43.375 43.145 42.923 42.735 42.565 42.385 42.205 42.018 41.838 41.675 41.51 41.325 41.12 40.91 40.723 40.537 40.332 40.125 39.915 39.69 39.445 39.2 38.963 38.75 38.563 38.375 38.18 37.97 37.75 37.528 37.307 37.08 36.823 36.548
47.325 47.355 47.36 47.343 47.328 47.313 47.313 47.33 47.347 47.36 47.335 47.27 47.202 47.132 47.055 46.955 46.835 46.715 46.6 46.49 46.38 46.275 46.165 46.04 45.907 45.762 45.612 45.467 45.32 45.18 45.048 44.922 44.805 44.672 44.51 44.33 44.145 43.962 43.76 43.53 43.3 43.075 42.875 42.695 42.515 42.34 42.17 42.005 41.845 41.68 41.492 41.285 41.072 40.845 40.608 40.385 40.175 39.965 39.735 39.485 39.243 39.018 38.815 38.625 38.435 38.245 38.03 37.8 37.577 37.352 37.115 36.855 36.58
47.425 47.455 47.457 47.433 47.415 47.403 47.388 47.38 47.39 47.407 47.382 47.318 47.25 47.193 47.14 47.057 46.942 46.82 46.705 46.597 46.493 46.4 46.297 46.17 46.03 45.878 45.728 45.58 45.438 45.318 45.19 45.05 44.928 44.8 44.64 44.455 44.27 44.095 43.895 43.662 43.43 43.205 43.005 42.825 42.65 42.488 42.33 42.17 42.01 41.845 41.655 41.44 41.207 40.95 40.685 40.44 40.218 40.005 39.775 39.528 39.298 39.09 38.895 38.705 38.518 38.33 38.102 37.85 37.62 37.397 37.162 36.912 36.652
