EGM722_Project_Data/DTM_asc/TL4957.asc
ncols         200
nrows         200
xllcorner     549000.000
yllcorner     257000.000
cellsize      5
NODATA_value  -9999.0
[rows 32 to 63 of 200, columns 73 to 145 of 200]
14.392 14.347 14.295 14.245 14.197 14.14 14.073 14.025 14.013 14.01 13.957 13.86 13.76 13.663 13.623 13.66 13.725 13.737 13.688 13.635 13.59 13.54 13.493 13.46 13.43 13.425 13.45 13.488 13.535 13.635 13.805 13.912 13.917 13.905 13.89 13.875 13.862 13.765 13.593 13.458 13.373 13.3 13.215 13.117 12.982 12.843 12.758 12.713 12.683 12.655 12.622 12.585 12.538 12.5 12.485 12.475 12.45 12.39 12.315 12.243 12.17 12.115 12.078 12.04 12 11.97 11.953 11.95 11.96 11.975 11.99 11.982 11.937
14.415 14.372 14.318 14.265 14.215 14.155 14.087 14.02 13.965 13.923 13.853 13.758 13.66 13.6 13.625 13.695 13.765 13.793 13.778 13.763 13.753 13.7 13.608 13.55 13.518 13.513 13.54 13.575 13.613 13.678 13.81 13.907 13.915 13.905 13.89 13.875 13.85 13.747 13.567 13.393 13.26 13.163 13.075 12.985 12.888 12.788 12.72 12.685 12.658 12.632 12.6 12.565 12.53 12.5 12.485 12.475 12.45 12.392 12.32 12.25 12.178 12.12 12.08 12.04 12 11.978 11.975 11.98 11.99 12.005 12.02 12.032 12.027
14.445 14.4 14.343 14.29 14.237 14.17 14.095 14.025 13.96 13.893 13.813 13.725 13.633 13.578 13.608 13.682 13.773 13.91 14.007 14.03 14.01 13.927 13.805 13.692 13.617 13.6 13.627 13.655 13.685 13.708 13.773 13.855 13.875 13.865 13.853 13.837 13.787 13.667 13.505 13.338 13.185 13.07 12.983 12.898 12.813 12.74 12.693 12.66 12.633 12.61 12.585 12.553 12.52 12.498 12.485 12.472 12.45 12.402 12.335 12.265 12.193 12.133 12.088 12.045 12.008 11.995 12.002 12.007 12.013 12.04 12.072 12.088 12.1
14.505 14.448 14.373 14.32 14.262 14.185 14.103 14.03 13.962 13.895 13.825 13.747 13.658 13.58 13.57 13.625 13.753 14.007 14.165 14.032 13.89 13.86 13.792 13.687 13.632 13.657 13.697 13.72 13.742 13.743 13.75 13.807 13.837 13.825 13.82 13.795 13.715 13.585 13.428 13.27 13.138 13.035 12.948 12.865 12.785 12.718 12.67 12.633 12.605 12.585 12.567 12.545 12.515 12.493 12.48 12.465 12.445 12.41 12.352 12.285 12.215 12.155 12.108 12.063 12.025 12.015 12.022 12.022 12.023 12.067 12.132 12.162 12.172
14.59 14.525 14.423 14.35 14.285 14.205 14.12 14.04 13.965 13.898 13.832 13.765 13.683 13.605 13.56 13.575 13.738 14.077 14.037 13.548 13.378 13.495 13.505 13.478 13.548 13.65 13.717 13.765 13.795 13.787 13.755 13.775 13.8 13.79 13.785 13.732 13.632 13.507 13.36 13.225 13.113 13.015 12.925 12.84 12.76 12.695 12.65 12.61 12.578 12.558 12.545 12.532 12.512 12.49 12.472 12.455 12.435 12.405 12.36 12.302 12.238 12.18 12.132 12.087 12.048 12.033 12.035 12.03 12.028 12.078 12.165 12.225 12.245
14.667 14.607 14.495 14.395 14.31 14.225 14.14 14.055 13.97 13.903 13.84 13.775 13.705 13.635 13.578 13.57 13.79 14.085 13.692 13.01 12.923 13.125 13.25 13.355 13.508 13.622 13.7 13.772 13.827 13.83 13.785 13.765 13.765 13.765 13.74 13.655 13.55 13.438 13.313 13.2 13.095 12.995 12.905 12.82 12.738 12.673 12.63 12.59 12.555 12.535 12.525 12.515 12.503 12.485 12.465 12.445 12.425 12.395 12.355 12.31 12.257 12.205 12.155 12.105 12.063 12.045 12.042 12.035 12.033 12.085 12.18 12.265 12.31
14.677 14.64 14.558 14.468 14.355 14.233 14.138 14.052 13.965 13.908 13.87 13.815 13.75 13.688 13.63 13.57 13.78 13.88 13.303 12.773 12.785 12.993 13.183 13.368 13.525 13.615 13.685 13.762 13.822 13.825 13.782 13.742 13.727 13.727 13.677 13.58 13.48 13.385 13.292 13.193 13.088 12.988 12.895 12.81 12.728 12.665 12.625 12.588 12.553 12.53 12.52 12.51 12.5 12.485 12.463 12.438 12.415 12.385 12.342 12.3 12.255 12.205 12.155 12.105 12.068 12.053 12.047 12.04 12.04 12.093 12.188 12.285 12.347
14.645 14.653 14.652 14.59 14.435 14.265 14.13 14.03 13.945 13.903 13.897 13.872 13.822 13.762 13.685 13.56 13.675 13.57 13.065 12.84 12.905 13.082 13.252 13.422 13.56 13.623 13.683 13.757 13.795 13.775 13.735 13.695 13.673 13.662 13.61 13.517 13.42 13.338 13.272 13.192 13.092 12.993 12.9 12.815 12.738 12.68 12.64 12.603 12.568 12.543 12.533 12.525 12.515 12.497 12.473 12.445 12.407 12.365 12.322 12.28 12.235 12.185 12.135 12.095 12.073 12.06 12.053 12.048 12.05 12.1 12.195 12.285 12.342
14.675 14.673 14.715 14.697 14.537 14.352 14.175 14.028 13.925 13.888 13.89 13.89 13.875 13.82 13.71 13.565 13.587 13.395 13.075 13.03 13.048 13.168 13.32 13.475 13.59 13.638 13.688 13.745 13.76 13.725 13.685 13.645 13.61 13.585 13.537 13.457 13.365 13.285 13.23 13.172 13.092 13 12.913 12.83 12.755 12.7 12.66 12.62 12.583 12.558 12.547 12.54 12.53 12.512 12.487 12.45 12.39 12.335 12.297 12.26 12.215 12.165 12.123 12.095 12.078 12.068 12.063 12.058 12.06 12.11 12.197 12.27 12.322
14.715 14.66 14.66 14.682 14.582 14.407 14.23 14.055 13.918 13.863 13.86 13.86 13.86 13.82 13.707 13.563 13.483 13.365 13.24 13.212 13.198 13.263 13.393 13.522 13.61 13.653 13.695 13.725 13.715 13.675 13.635 13.595 13.555 13.51 13.45 13.377 13.305 13.248 13.2 13.15 13.093 13.012 12.925 12.845 12.773 12.72 12.68 12.64 12.6 12.573 12.56 12.55 12.542 12.527 12.49 12.427 12.355 12.303 12.268 12.233 12.193 12.153 12.125 12.105 12.085 12.078 12.078 12.073 12.073 12.113 12.185 12.253 12.312
14.71 14.642 14.573 14.572 14.522 14.362 14.197 14.035 13.913 13.848 13.813 13.798 13.792 13.772 13.685 13.545 13.425 13.36 13.33 13.302 13.29 13.348 13.467 13.57 13.63 13.673 13.712 13.735 13.695 13.63 13.59 13.55 13.505 13.425 13.332 13.258 13.218 13.242 13.245 13.195 13.122 13.02 12.925 12.848 12.788 12.745 12.705 12.665 12.62 12.585 12.57 12.56 12.552 12.532 12.48 12.408 12.345 12.305 12.273 12.24 12.208 12.18 12.16 12.14 12.108 12.1 12.112 12.11 12.11 12.13 12.185 12.255 12.317
14.672 14.627 14.518 14.448 14.397 14.27 14.105 13.983 13.923 13.868 13.798 13.745 13.72 13.71 13.645 13.52 13.423 13.37 13.335 13.308 13.325 13.415 13.53 13.61 13.655 13.697 13.735 13.762 13.735 13.64 13.558 13.51 13.442 13.31 13.188 13.115 13.115 13.217 13.302 13.277 13.16 13.02 12.915 12.85 12.81 12.775 12.735 12.69 12.635 12.595 12.578 12.565 12.555 12.53 12.475 12.415 12.378 12.353 12.323 12.293 12.265 12.24 12.22 12.187 12.13 12.118 12.155 12.17 12.173 12.185 12.218 12.275 12.332
14.622 14.587 14.482 14.368 14.285 14.178 14.048 13.988 13.957 13.902 13.825 13.748 13.688 13.65 13.595 13.505 13.43 13.378 13.335 13.33 13.385 13.487 13.58 13.637 13.683 13.722 13.752 13.775 13.787 13.717 13.583 13.483 13.365 13.19 13.05 12.985 13.028 13.155 13.27 13.272 13.157 13.02 12.915 12.868 12.843 12.807 12.76 12.705 12.643 12.603 12.585 12.57 12.557 12.532 12.488 12.448 12.425 12.405 12.377 12.35 12.325 12.3 12.267 12.21 12.14 12.125 12.172 12.212 12.232 12.25 12.27 12.303 12.345
14.597 14.525 14.423 14.313 14.21 14.115 14.053 14.025 13.992 13.935 13.857 13.782 13.705 13.635 13.57 13.5 13.44 13.388 13.35 13.378 13.463 13.555 13.625 13.673 13.718 13.748 13.767 13.79 13.812 13.802 13.682 13.49 13.283 13.075 12.92 12.875 12.953 13.065 13.155 13.167 13.085 12.978 12.94 12.933 12.888 12.835 12.775 12.713 12.648 12.61 12.595 12.58 12.565 12.542 12.512 12.485 12.462 12.437 12.412 12.392 12.375 12.347 12.295 12.223 12.15 12.133 12.178 12.23 12.27 12.297 12.32 12.342 12.367
14.592 14.493 14.388 14.283 14.18 14.113 14.085 14.06 14.025 13.965 13.882 13.795 13.707 13.622 13.55 13.498 13.45 13.398 13.405 13.488 13.585 13.665 13.718 13.765 13.81 13.788 13.76 13.785 13.807 13.83 13.75 13.522 13.25 12.998 12.803 12.765 12.85 12.932 13.007 13.032 12.965 12.91 12.987 13.062 13 12.89 12.808 12.74 12.67 12.62 12.598 12.582 12.565 12.547 12.53 12.507 12.48 12.45 12.425 12.41 12.4 12.38 12.33 12.258 12.185 12.155 12.188 12.242 12.29 12.325 12.35 12.375 12.392
14.595 14.497 14.393 14.29 14.195 14.135 14.11 14.087 14.057 13.975 13.86 13.762 13.667 13.57 13.51 13.492 13.457 13.425 13.505 13.647 13.755 13.827 13.868 13.908 13.95 13.875 13.763 13.755 13.78 13.797 13.755 13.57 13.29 13.01 12.77 12.68 12.718 12.785 12.86 12.9 12.855 12.87 13.022 13.14 13.105 12.975 12.87 12.795 12.722 12.653 12.6 12.57 12.553 12.54 12.532 12.517 12.49 12.463 12.438 12.418 12.405 12.395 12.37 12.315 12.245 12.208 12.218 12.258 12.307 12.345 12.37 12.392 12.407
14.597 14.502 14.4 14.305 14.215 14.158 14.135 14.12 14.102 14 13.84 13.715 13.61 13.523 13.485 13.485 13.46 13.485 13.63 13.802 13.922 13.985 14.02 14.055 14.09 14 13.818 13.738 13.745 13.75 13.735 13.61 13.355 13.078 12.833 12.703 12.678 12.683 12.72 12.77 12.78 12.845 12.98 13.072 13.067 12.975 12.885 12.82 12.762 12.702 12.635 12.578 12.543 12.528 12.525 12.517 12.5 12.477 12.452 12.428 12.41 12.4 12.39 12.362 12.305 12.27 12.27 12.285 12.325 12.362 12.387 12.41 12.422
14.597 14.51 14.415 14.325 14.238 14.185 14.167 14.16 14.15 14.052 13.877 13.715 13.57 13.485 13.467 13.457 13.468 13.573 13.757 13.947 14.077 14.135 14.17 14.205 14.232 14.135 13.925 13.763 13.705 13.7 13.69 13.625 13.425 13.158 12.925 12.798 12.75 12.703 12.68 12.68 12.705 12.775 12.857 12.932 12.95 12.887 12.82 12.772 12.727 12.68 12.627 12.572 12.533 12.52 12.518 12.513 12.505 12.487 12.465 12.44 12.42 12.407 12.395 12.382 12.35 12.328 12.332 12.337 12.355 12.38 12.405 12.43 12.44
14.58 14.502 14.42 14.337 14.255 14.203 14.18 14.162 14.137 14.04 13.875 13.702 13.51 13.325 13.237 13.255 13.408 13.632 13.827 14.007 14.12 14.17 14.207 14.247 14.282 14.192 13.985 13.788 13.685 13.665 13.645 13.615 13.48 13.248 13.023 12.89 12.843 12.797 12.75 12.698 12.673 12.683 12.72 12.79 12.83 12.792 12.733 12.688 12.64 12.6 12.573 12.55 12.533 12.525 12.52 12.515 12.502 12.475 12.45 12.427 12.41 12.397 12.385 12.375 12.365 12.367 12.377 12.38 12.385 12.4 12.425 12.45 12.46
14.55 14.475 14.4 14.33 14.268 14.205 14.15 14.115 14.07 13.965 13.807 13.637 13.407 13.093 12.885 12.988 13.328 13.637 13.84 13.98 14.045 14.085 14.127 14.172 14.215 14.15 13.96 13.78 13.688 13.658 13.63 13.6 13.512 13.335 13.118 12.983 12.938 12.892 12.842 12.783 12.728 12.685 12.668 12.68 12.713 12.702 12.653 12.62 12.59 12.57 12.563 12.557 12.545 12.533 12.528 12.522 12.49 12.44 12.41 12.393 12.378 12.367 12.36 12.355 12.363 12.38 12.395 12.4 12.405 12.423 12.448 12.472 12.482
14.52 14.445 14.38 14.333 14.295 14.222 14.125 14.063 14 13.885 13.735 13.562 13.287 12.923 12.845 13.035 13.31 13.632 13.827 13.915 13.955 13.995 14.04 14.085 14.125 14.09 13.943 13.785 13.698 13.663 13.635 13.602 13.535 13.387 13.2 13.083 13.033 12.987 12.932 12.865 12.805 12.76 12.72 12.68 12.66 12.643 12.615 12.6 12.59 12.583 12.577 12.57 12.557 12.543 12.535 12.517 12.462 12.403 12.373 12.357 12.343 12.333 12.333 12.343 12.36 12.38 12.4 12.415 12.425 12.445 12.47 12.495 12.505
14.505 14.435 14.395 14.368 14.33 14.247 14.135 14.038 13.943 13.818 13.675 13.468 13.145 12.825 13.055 13.465 13.575 13.693 13.775 13.825 13.865 13.905 13.948 13.993 14.035 14.032 13.937 13.8 13.71 13.668 13.635 13.605 13.552 13.432 13.295 13.2 13.135 13.08 13.015 12.945 12.885 12.84 12.792 12.715 12.66 12.648 12.63 12.613 12.603 12.597 12.59 12.58 12.57 12.557 12.542 12.502 12.433 12.365 12.33 12.317 12.305 12.308 12.323 12.34 12.357 12.375 12.395 12.415 12.437 12.465 12.493 12.517 12.522
14.515 14.47 14.445 14.417 14.357 14.252 14.14 14.045 13.955 13.835 13.695 13.495 13.11 12.885 13.363 13.932 13.98 13.85 13.8 13.825 13.865 13.905 13.945 13.985 14.018 14.01 13.935 13.815 13.718 13.668 13.635 13.605 13.562 13.487 13.395 13.307 13.227 13.157 13.092 13.025 12.962 12.89 12.787 12.683 12.668 12.692 12.67 12.64 12.62 12.61 12.6 12.59 12.58 12.57 12.55 12.5 12.423 12.34 12.283 12.26 12.265 12.298 12.327 12.342 12.335 12.327 12.347 12.38 12.438 12.49 12.517 12.532 12.527
14.56 14.533 14.507 14.46 14.365 14.248 14.148 14.083 14.027 13.925 13.787 13.64 13.27 13.185 13.717 14.147 14.187 14.053 13.948 13.925 13.955 13.995 14.035 14.057 14.045 13.995 13.92 13.825 13.725 13.665 13.632 13.597 13.555 13.507 13.447 13.367 13.282 13.21 13.15 13.087 13.01 12.87 12.708 12.653 12.702 12.737 12.717 12.683 12.652 12.627 12.61 12.6 12.59 12.582 12.562 12.507 12.425 12.333 12.248 12.208 12.235 12.292 12.33 12.327 12.28 12.248 12.268 12.338 12.447 12.517 12.535 12.532 12.52
14.625 14.595 14.555 14.472 14.355 14.255 14.19 14.143 14.097 14.01 13.88 13.752 13.495 13.54 13.935 14.19 14.31 14.262 14.143 14.063 14.053 14.087 14.105 14.082 14.025 13.955 13.887 13.815 13.725 13.66 13.622 13.577 13.533 13.495 13.457 13.397 13.318 13.245 13.188 13.13 13.05 12.885 12.72 12.69 12.748 12.785 12.765 12.722 12.67 12.623 12.607 12.61 12.605 12.597 12.575 12.512 12.423 12.333 12.25 12.21 12.238 12.292 12.312 12.275 12.21 12.17 12.215 12.34 12.472 12.537 12.54 12.528 12.513
14.675 14.632 14.562 14.455 14.363 14.3 14.25 14.205 14.16 14.09 13.978 13.865 13.713 13.763 14.015 14.213 14.395 14.435 14.342 14.245 14.18 14.155 14.117 14.055 13.985 13.915 13.85 13.785 13.71 13.65 13.605 13.555 13.51 13.475 13.445 13.405 13.345 13.283 13.227 13.172 13.11 13.007 12.903 12.853 12.847 12.835 12.785 12.717 12.645 12.595 12.588 12.602 12.61 12.61 12.585 12.518 12.435 12.363 12.295 12.258 12.275 12.312 12.297 12.23 12.16 12.13 12.215 12.37 12.497 12.552 12.55 12.545 12.533
14.657 14.597 14.51 14.403 14.345 14.377 14.43 14.415 14.36 14.293 14.2 14.088 13.95 13.953 14.128 14.32 14.472 14.5 14.425 14.335 14.237 14.155 14.092 14.025 13.955 13.885 13.82 13.758 13.695 13.64 13.59 13.543 13.503 13.47 13.44 13.408 13.367 13.32 13.265 13.207 13.152 13.097 13.042 12.99 12.94 12.865 12.76 12.668 12.61 12.575 12.565 12.578 12.593 12.61 12.597 12.542 12.48 12.417 12.353 12.31 12.322 12.337 12.292 12.22 12.163 12.155 12.248 12.402 12.542 12.61 12.618 12.622 12.597
14.582 14.515 14.423 14.328 14.265 14.335 14.505 14.625 14.677 14.63 14.507 14.36 14.19 14.155 14.3 14.46 14.52 14.485 14.41 14.312 14.198 14.11 14.057 14 13.935 13.865 13.8 13.743 13.688 13.635 13.585 13.545 13.515 13.485 13.455 13.425 13.39 13.345 13.292 13.235 13.178 13.123 13.07 13.02 12.972 12.887 12.758 12.655 12.595 12.553 12.54 12.555 12.58 12.605 12.59 12.552 12.525 12.475 12.41 12.363 12.362 12.347 12.29 12.243 12.208 12.203 12.285 12.438 12.592 12.7 12.732 12.72 12.667
14.505 14.435 14.345 14.26 14.183 14.18 14.325 14.502 14.547 14.655 14.73 14.59 14.42 14.355 14.45 14.53 14.512 14.465 14.392 14.277 14.148 14.06 14.01 13.96 13.905 13.845 13.788 13.733 13.68 13.63 13.588 13.558 13.532 13.505 13.475 13.445 13.412 13.37 13.317 13.262 13.205 13.15 13.103 13.058 13.012 12.925 12.81 12.723 12.643 12.565 12.533 12.555 12.595 12.605 12.555 12.513 12.51 12.495 12.46 12.417 12.39 12.36 12.32 12.29 12.263 12.248 12.323 12.475 12.627 12.77 12.832 12.795 12.725
14.435 14.358 14.278 14.2 14.12 14.06 14.068 14.075 13.98 14.248 14.675 14.707 14.6 14.535 14.54 14.532 14.487 14.44 14.36 14.23 14.098 14.015 13.968 13.923 13.878 13.83 13.777 13.723 13.673 13.63 13.598 13.573 13.547 13.522 13.495 13.465 13.435 13.395 13.34 13.285 13.232 13.18 13.137 13.1 13.055 12.98 12.895 12.822 12.742 12.66 12.605 12.595 12.62 12.602 12.52 12.465 12.455 12.457 12.455 12.442 12.422 12.397 12.37 12.343 12.317 12.293 12.358 12.512 12.665 12.807 12.87 12.835 12.772
14.39 14.3 14.215 14.14 14.06 13.93 13.843 13.788 13.69 13.96 14.482 14.675 14.632 14.582 14.53 14.482 14.435 14.385 14.305 14.175 14.05 13.98 13.943 13.905 13.862 13.815 13.763 13.713 13.675 13.645 13.615 13.587 13.562 13.537 13.512 13.485 13.455 13.415 13.36 13.305 13.257 13.205 13.157 13.12 13.077 13.025 12.96 12.887 12.815 12.757 12.71 12.668 12.645 12.59 12.493 12.425 12.405 12.413 12.435 12.447 12.442 12.435 12.42 12.397 12.37 12.343 12.4 12.547 12.685 12.777 12.81 12.787 12.742
14.365 14.275 14.17 14.08 13.987 13.77 13.665 13.72 13.69 13.945 14.415 14.597 14.567 14.515 14.46 14.41 14.36 14.305 14.232 14.117 14.003 13.948 13.92 13.887 13.847 13.8 13.753 13.715 13.69 13.662 13.63 13.6 13.575 13.55 13.525 13.502 13.475 13.432 13.378 13.328 13.285 13.23 13.165 13.118 13.08 13.037 12.985 12.92 12.85 12.798 12.762 12.725 12.677 12.595 12.485 12.398 12.38 12.418 12.452 12.45 12.433 12.435 12.44 12.435 12.42 12.398 12.445 12.56 12.64 12.675 12.692 12.68 12.645
