EGM722_Project_Data/DTM_asc/TL4956.asc
ncols         200
nrows         200
xllcorner     549000.000
yllcorner     256000.000
cellsize      5
NODATA_value  -9999.0
[rows 0 to 31 of 200, columns 0 to 72 of 200]
18.855 18.802 18.7 18.572 18.43 18.288 18.195 18.155 18.12 18.108 18.128 18.16 18.183 18.2 18.205 18.195 18.19 18.19 18.188 18.188 18.193 18.2 18.202 18.182 18.135 18.055 17.925 17.763 17.605 17.458 17.308 17.145 16.978 16.815 16.693 16.623 16.565 16.508 16.433 16.34 16.25 16.16 16.08 16.055 16.067 15.902 15.635 15.51 15.457 15.405 15.345 15.26 15.142 15 14.845 14.69 14.54 14.388 14.293 14.268 14.255 14.245 14.26 14.285 14.27 14.235 14.18 14.085 14.018 13.975 13.852 13.688 13.595
18.715 18.69 18.618 18.527 18.415 18.283 18.188 18.158 18.15 18.163 18.195 18.232 18.265 18.292 18.3 18.29 18.28 18.27 18.257 18.245 18.235 18.227 18.21 18.17 18.115 18.055 17.95 17.79 17.625 17.465 17.303 17.135 16.965 16.798 16.678 16.618 16.575 16.525 16.452 16.365 16.275 16.185 16.095 16.05 15.995 15.775 15.543 15.45 15.402 15.355 15.302 15.222 15.095 14.945 14.79 14.635 14.485 14.345 14.268 14.25 14.24 14.23 14.222 14.205 14.17 14.135 14.09 13.992 13.878 13.788 13.678 13.565 13.478
18.62 18.625 18.553 18.468 18.375 18.265 18.19 18.18 18.187 18.205 18.237 18.272 18.307 18.322 18.315 18.305 18.292 18.277 18.26 18.24 18.217 18.187 18.145 18.095 18.042 18.007 17.947 17.815 17.655 17.492 17.327 17.16 16.99 16.823 16.71 16.655 16.61 16.547 16.457 16.367 16.285 16.202 16.118 16.055 15.927 15.71 15.52 15.395 15.33 15.285 15.235 15.157 15.03 14.88 14.727 14.573 14.428 14.313 14.258 14.245 14.232 14.217 14.18 14.123 14.073 14.035 13.997 13.907 13.775 13.655 13.555 13.468 13.38
18.555 18.577 18.515 18.415 18.32 18.235 18.193 18.195 18.2 18.215 18.245 18.275 18.287 18.265 18.24 18.23 18.217 18.2 18.18 18.157 18.125 18.077 18.025 17.975 17.938 17.932 17.905 17.812 17.68 17.52 17.355 17.19 17.023 16.86 16.75 16.695 16.645 16.57 16.458 16.353 16.275 16.2 16.122 16.047 15.907 15.713 15.535 15.375 15.263 15.203 15.152 15.072 14.952 14.81 14.66 14.513 14.388 14.295 14.25 14.24 14.225 14.202 14.157 14.083 14.008 13.948 13.9 13.82 13.687 13.555 13.453 13.37 13.285
18.51 18.5 18.45 18.363 18.283 18.213 18.183 18.192 18.202 18.215 18.235 18.24 18.215 18.175 18.148 18.14 18.132 18.117 18.095 18.06 18.015 17.962 17.908 17.865 17.858 17.875 17.847 17.77 17.677 17.545 17.382 17.218 17.055 16.895 16.788 16.735 16.675 16.587 16.468 16.345 16.253 16.177 16.102 16.017 15.89 15.725 15.555 15.385 15.233 15.133 15.065 14.975 14.862 14.735 14.593 14.468 14.37 14.285 14.24 14.227 14.21 14.187 14.142 14.067 13.985 13.905 13.83 13.732 13.59 13.45 13.35 13.27 13.187
18.52 18.462 18.403 18.338 18.27 18.2 18.17 18.185 18.2 18.207 18.2 18.168 18.125 18.085 18.053 18.045 18.045 18.027 17.992 17.945 17.895 17.845 17.8 17.783 17.798 17.82 17.792 17.715 17.637 17.542 17.407 17.25 17.09 16.93 16.825 16.772 16.7 16.6 16.48 16.35 16.238 16.153 16.077 15.985 15.86 15.712 15.552 15.39 15.23 15.09 14.98 14.875 14.768 14.655 14.54 14.443 14.357 14.275 14.228 14.21 14.187 14.165 14.12 14.04 13.947 13.855 13.757 13.635 13.488 13.35 13.25 13.17 13.09
18.517 18.425 18.36 18.32 18.26 18.19 18.16 18.175 18.19 18.197 18.18 18.138 18.093 18.05 18.015 18.003 17.99 17.943 17.885 17.833 17.783 17.738 17.71 17.718 17.74 17.76 17.735 17.66 17.577 17.492 17.405 17.285 17.127 16.965 16.863 16.802 16.715 16.612 16.492 16.36 16.233 16.13 16.052 15.952 15.817 15.67 15.517 15.362 15.207 15.055 14.92 14.805 14.698 14.595 14.503 14.417 14.335 14.255 14.19 14.15 14.122 14.1 14.057 13.97 13.862 13.757 13.65 13.522 13.38 13.26 13.168 13.083 12.998
18.47 18.365 18.303 18.282 18.242 18.18 18.15 18.165 18.182 18.192 18.182 18.155 18.117 18.073 18.038 18.015 17.962 17.868 17.788 17.735 17.69 17.65 17.633 17.65 17.677 17.7 17.675 17.592 17.497 17.415 17.357 17.287 17.16 17 16.898 16.827 16.73 16.627 16.507 16.372 16.238 16.12 16.027 15.915 15.77 15.622 15.472 15.318 15.165 15.015 14.878 14.763 14.658 14.56 14.47 14.385 14.305 14.225 14.145 14.075 14.028 14 13.965 13.877 13.76 13.652 13.54 13.41 13.29 13.2 13.115 13.028 12.943
18.44 18.325 18.25 18.228 18.207 18.165 18.14 18.155 18.175 18.187 18.177 18.155 18.13 18.095 18.06 18.007 17.907 17.79 17.708 17.658 17.613 17.57 17.555 17.575 17.607 17.637 17.607 17.507 17.405 17.338 17.29 17.24 17.165 17.037 16.928 16.845 16.745 16.64 16.52 16.385 16.25 16.122 16.002 15.87 15.723 15.577 15.427 15.275 15.125 14.975 14.835 14.72 14.623 14.528 14.438 14.355 14.275 14.195 14.115 14.035 13.963 13.908 13.87 13.792 13.668 13.55 13.435 13.323 13.235 13.163 13.08 13 12.93
18.435 18.308 18.228 18.198 18.175 18.143 18.128 18.145 18.165 18.175 18.16 18.132 18.107 18.082 18.035 17.937 17.813 17.713 17.65 17.6 17.553 17.508 17.485 17.5 17.533 17.567 17.532 17.42 17.323 17.265 17.22 17.17 17.12 17.045 16.947 16.85 16.75 16.645 16.52 16.377 16.235 16.1 15.965 15.823 15.677 15.53 15.377 15.227 15.08 14.932 14.795 14.683 14.587 14.493 14.405 14.325 14.245 14.165 14.085 14.005 13.925 13.848 13.785 13.705 13.588 13.47 13.37 13.285 13.21 13.138 13.06 12.993 12.935
18.423 18.3 18.23 18.2 18.165 18.123 18.108 18.125 18.152 18.167 18.132 18.068 18.018 17.987 17.932 17.823 17.715 17.65 17.603 17.555 17.51 17.465 17.433 17.435 17.46 17.492 17.455 17.345 17.255 17.195 17.145 17.097 17.05 17.007 16.927 16.812 16.707 16.602 16.475 16.325 16.18 16.05 15.92 15.777 15.63 15.477 15.32 15.165 15.015 14.87 14.743 14.643 14.552 14.458 14.373 14.295 14.215 14.135 14.055 13.975 13.895 13.815 13.74 13.663 13.563 13.458 13.38 13.313 13.238 13.16 13.073 13 12.945
18.408 18.295 18.235 18.2 18.155 18.103 18.08 18.1 18.148 18.18 18.13 18.03 17.943 17.873 17.803 17.723 17.655 17.605 17.56 17.515 17.47 17.425 17.39 17.38 17.39 17.417 17.38 17.28 17.198 17.128 17.07 17.023 16.99 16.965 16.882 16.753 16.63 16.52 16.395 16.253 16.123 16.002 15.875 15.73 15.577 15.417 15.255 15.093 14.935 14.79 14.678 14.597 14.515 14.423 14.34 14.265 14.185 14.108 14.03 13.95 13.87 13.798 13.738 13.675 13.587 13.493 13.425 13.37 13.302 13.225 13.125 13.025 12.955
18.39 18.288 18.23 18.185 18.132 18.078 18.055 18.09 18.162 18.202 18.15 18.05 17.948 17.85 17.755 17.673 17.615 17.568 17.522 17.475 17.43 17.385 17.353 17.338 17.33 17.345 17.31 17.22 17.14 17.063 17 16.963 16.952 16.935 16.847 16.71 16.575 16.448 16.32 16.195 16.075 15.955 15.825 15.677 15.517 15.352 15.187 15.02 14.858 14.713 14.615 14.552 14.475 14.39 14.313 14.237 14.16 14.082 14.005 13.928 13.858 13.8 13.75 13.69 13.61 13.528 13.465 13.415 13.36 13.292 13.192 13.07 12.973
18.368 18.275 18.215 18.163 18.108 18.055 18.043 18.098 18.182 18.227 18.182 18.09 17.997 17.907 17.798 17.678 17.588 17.53 17.485 17.438 17.392 17.348 17.318 17.302 17.288 17.282 17.242 17.16 17.08 17 16.94 16.92 16.92 16.897 16.802 16.657 16.515 16.383 16.27 16.158 16.035 15.913 15.775 15.618 15.45 15.285 15.12 14.95 14.783 14.643 14.558 14.503 14.435 14.36 14.285 14.21 14.135 14.055 13.982 13.92 13.865 13.815 13.762 13.702 13.632 13.563 13.505 13.455 13.408 13.352 13.257 13.13 13.01
18.348 18.258 18.195 18.143 18.088 18.048 18.045 18.098 18.18 18.22 18.18 18.105 18.032 17.96 17.847 17.708 17.595 17.51 17.448 17.4 17.355 17.31 17.28 17.265 17.25 17.222 17.165 17.085 17.005 16.922 16.855 16.83 16.83 16.817 16.73 16.583 16.445 16.33 16.232 16.13 16.012 15.887 15.745 15.58 15.41 15.243 15.075 14.905 14.738 14.615 14.55 14.498 14.435 14.363 14.283 14.203 14.125 14.022 13.932 13.875 13.817 13.762 13.702 13.637 13.605 13.605 13.583 13.535 13.48 13.415 13.317 13.19 13.052
18.333 18.24 18.175 18.125 18.083 18.065 18.065 18.09 18.157 18.18 18.125 18.065 18.015 17.967 17.877 17.743 17.625 17.525 17.435 17.368 17.315 17.27 17.24 17.225 17.2 17.147 17.075 16.995 16.912 16.825 16.74 16.693 16.695 16.71 16.642 16.505 16.39 16.29 16.19 16.095 15.992 15.872 15.732 15.57 15.4 15.23 15.06 14.895 14.748 14.653 14.6 14.542 14.475 14.4 14.318 14.232 14.1 13.9 13.767 13.717 13.657 13.595 13.53 13.493 13.545 13.652 13.685 13.632 13.557 13.475 13.37 13.235 13.077
18.32 18.223 18.155 18.118 18.1 18.095 18.095 18.098 18.13 18.132 18.078 18.03 17.993 17.952 17.885 17.772 17.653 17.552 17.455 17.363 17.285 17.23 17.2 17.175 17.13 17.065 16.987 16.903 16.815 16.725 16.638 16.57 16.57 16.612 16.565 16.445 16.342 16.247 16.15 16.052 15.957 15.852 15.717 15.557 15.39 15.22 15.058 14.913 14.79 14.713 14.655 14.585 14.515 14.44 14.36 14.227 13.987 13.695 13.525 13.483 13.438 13.383 13.35 13.39 13.5 13.622 13.677 13.66 13.607 13.527 13.417 13.265 13.085
18.31 18.208 18.148 18.132 18.127 18.122 18.117 18.11 18.112 18.098 18.055 18.015 17.978 17.937 17.88 17.792 17.682 17.578 17.48 17.38 17.285 17.205 17.153 17.11 17.055 16.985 16.903 16.818 16.73 16.643 16.56 16.475 16.458 16.507 16.472 16.365 16.265 16.167 16.07 15.97 15.872 15.787 15.672 15.515 15.355 15.21 15.08 14.958 14.845 14.763 14.698 14.625 14.555 14.482 14.37 14.145 13.84 13.528 13.328 13.285 13.28 13.258 13.24 13.298 13.407 13.495 13.542 13.565 13.567 13.545 13.45 13.277 13.09
18.295 18.193 18.143 18.135 18.127 18.122 18.115 18.105 18.107 18.095 18.055 18.015 17.97 17.912 17.85 17.787 17.705 17.605 17.505 17.408 17.313 17.215 17.133 17.075 17.023 16.943 16.843 16.753 16.668 16.585 16.502 16.403 16.363 16.387 16.34 16.235 16.135 16.035 15.935 15.835 15.745 15.685 15.587 15.433 15.3 15.223 15.14 15.023 14.915 14.833 14.765 14.695 14.628 14.552 14.415 14.173 13.868 13.55 13.348 13.318 13.335 13.313 13.25 13.22 13.275 13.345 13.38 13.418 13.463 13.507 13.457 13.295 13.11
18.275 18.175 18.125 18.115 18.105 18.097 18.09 18.085 18.105 18.105 18.065 18.017 17.952 17.87 17.8 17.75 17.705 17.635 17.538 17.442 17.345 17.248 17.158 17.083 17.025 16.945 16.828 16.71 16.615 16.532 16.447 16.34 16.278 16.262 16.19 16.085 15.983 15.88 15.78 15.693 15.63 15.587 15.492 15.363 15.295 15.277 15.217 15.105 15.01 14.938 14.87 14.8 14.727 14.64 14.507 14.31 14.042 13.733 13.543 13.52 13.507 13.44 13.35 13.26 13.218 13.235 13.275 13.333 13.398 13.46 13.44 13.31 13.14
18.253 18.155 18.105 18.095 18.085 18.073 18.063 18.068 18.1 18.107 18.062 17.995 17.91 17.82 17.748 17.705 17.69 17.652 17.567 17.472 17.375 17.282 17.195 17.108 17.033 16.955 16.842 16.708 16.588 16.485 16.39 16.278 16.195 16.14 16.045 15.938 15.83 15.725 15.635 15.575 15.535 15.492 15.42 15.358 15.352 15.355 15.297 15.203 15.122 15.05 14.98 14.905 14.817 14.72 14.585 14.405 14.187 13.913 13.738 13.7 13.64 13.55 13.46 13.367 13.27 13.218 13.24 13.293 13.353 13.417 13.412 13.305 13.155
18.238 18.145 18.093 18.08 18.068 18.053 18.04 18.053 18.097 18.097 18.03 17.945 17.855 17.765 17.7 17.677 17.672 17.657 17.595 17.497 17.392 17.295 17.212 17.13 17.05 16.97 16.865 16.73 16.595 16.47 16.35 16.218 16.103 16.01 15.91 15.813 15.715 15.613 15.535 15.495 15.46 15.41 15.372 15.372 15.39 15.402 15.367 15.295 15.225 15.155 15.08 14.992 14.897 14.8 14.662 14.48 14.287 14.065 13.908 13.832 13.745 13.655 13.565 13.467 13.36 13.275 13.248 13.273 13.323 13.377 13.382 13.287 13.132
18.263 18.175 18.118 18.093 18.078 18.063 18.053 18.075 18.112 18.085 17.988 17.873 17.77 17.68 17.618 17.61 17.625 17.64 17.607 17.507 17.382 17.273 17.192 17.117 17.045 16.97 16.875 16.75 16.615 16.485 16.348 16.198 16.06 15.948 15.85 15.765 15.673 15.563 15.483 15.448 15.415 15.333 15.28 15.3 15.32 15.342 15.345 15.302 15.24 15.175 15.122 15.062 14.975 14.88 14.76 14.597 14.408 14.213 14.05 13.938 13.845 13.755 13.662 13.56 13.45 13.355 13.298 13.285 13.315 13.36 13.33 13.218 13.093
18.318 18.235 18.173 18.133 18.112 18.098 18.1 18.125 18.122 18.067 17.967 17.835 17.708 17.593 17.495 17.475 17.523 17.58 17.582 17.49 17.355 17.238 17.155 17.085 17.025 16.955 16.865 16.76 16.635 16.505 16.365 16.22 16.09 15.97 15.863 15.767 15.66 15.538 15.445 15.407 15.382 15.248 15.14 15.16 15.18 15.205 15.227 15.222 15.18 15.118 15.095 15.09 15.04 14.957 14.86 14.737 14.572 14.382 14.19 14.045 13.95 13.857 13.757 13.65 13.538 13.433 13.365 13.33 13.325 13.327 13.263 13.163 13.088
18.375 18.298 18.233 18.178 18.145 18.133 18.145 18.152 18.112 18.042 17.957 17.842 17.705 17.565 17.435 17.393 17.45 17.53 17.545 17.455 17.323 17.203 17.123 17.067 17.015 16.94 16.845 16.752 16.647 16.525 16.387 16.252 16.127 15.997 15.875 15.76 15.638 15.513 15.413 15.355 15.31 15.137 15 15.02 15.043 15.067 15.09 15.107 15.102 15.06 15.04 15.057 15.057 15.017 14.935 14.832 14.712 14.55 14.345 14.168 14.055 13.957 13.85 13.74 13.625 13.513 13.438 13.395 13.347 13.298 13.243 13.178 13.115
18.435 18.363 18.298 18.233 18.185 18.173 18.175 18.152 18.092 18.017 17.94 17.842 17.715 17.575 17.445 17.388 17.43 17.51 17.515 17.415 17.285 17.158 17.08 17.047 16.995 16.91 16.815 16.725 16.632 16.527 16.397 16.257 16.12 15.982 15.862 15.75 15.62 15.488 15.383 15.3 15.177 14.973 14.86 14.88 14.905 14.93 14.95 14.97 14.987 14.982 14.977 14.99 15.002 15.015 14.987 14.905 14.805 14.677 14.5 14.308 14.16 14.05 13.94 13.828 13.713 13.6 13.507 13.435 13.347 13.285 13.255 13.205 13.145
18.495 18.427 18.362 18.295 18.235 18.202 18.18 18.135 18.067 17.992 17.915 17.832 17.722 17.585 17.465 17.403 17.42 17.49 17.485 17.375 17.24 17.098 17.003 16.97 16.917 16.827 16.735 16.645 16.552 16.47 16.36 16.21 16.063 15.935 15.835 15.74 15.62 15.48 15.368 15.257 15.06 14.863 14.775 14.755 14.768 14.793 14.813 14.83 14.85 14.867 14.88 14.885 14.895 14.95 14.99 14.955 14.875 14.76 14.605 14.425 14.278 14.165 14.055 13.943 13.83 13.69 13.54 13.425 13.32 13.253 13.237 13.22 13.172
18.552 18.48 18.41 18.337 18.265 18.208 18.167 18.115 18.042 17.965 17.888 17.812 17.722 17.6 17.49 17.435 17.425 17.47 17.455 17.332 17.187 17.035 16.908 16.845 16.79 16.702 16.615 16.523 16.435 16.38 16.29 16.14 16.008 15.905 15.815 15.725 15.622 15.493 15.375 15.225 15.033 14.903 14.813 14.735 14.685 14.668 14.678 14.695 14.715 14.735 14.75 14.758 14.788 14.875 14.945 14.95 14.917 14.827 14.683 14.535 14.423 14.32 14.21 14.1 13.947 13.72 13.505 13.38 13.288 13.215 13.198 13.2 13.182
18.535 18.475 18.417 18.352 18.275 18.205 18.152 18.092 18.015 17.938 17.862 17.785 17.707 17.607 17.515 17.47 17.443 17.457 17.42 17.282 17.13 16.975 16.825 16.728 16.66 16.575 16.49 16.398 16.335 16.307 16.22 16.083 15.975 15.885 15.795 15.705 15.61 15.497 15.37 15.223 15.098 15.01 14.92 14.825 14.725 14.628 14.57 14.568 14.583 14.6 14.618 14.638 14.7 14.81 14.89 14.91 14.905 14.867 14.782 14.682 14.587 14.487 14.37 14.205 13.962 13.675 13.435 13.313 13.245 13.178 13.153 13.157 13.16
18.425 18.385 18.345 18.297 18.24 18.185 18.13 18.062 17.985 17.907 17.832 17.755 17.677 17.6 17.535 17.497 17.47 17.45 17.372 17.222 17.067 16.912 16.755 16.633 16.543 16.45 16.363 16.283 16.255 16.245 16.16 16.048 15.955 15.865 15.775 15.682 15.587 15.487 15.377 15.28 15.2 15.115 15.025 14.917 14.785 14.627 14.508 14.468 14.465 14.478 14.493 14.535 14.628 14.745 14.835 14.86 14.845 14.825 14.795 14.745 14.685 14.615 14.465 14.212 13.928 13.643 13.395 13.255 13.19 13.135 13.11 13.113 13.115
18.295 18.255 18.215 18.175 18.148 18.135 18.09 18.012 17.935 17.855 17.78 17.705 17.635 17.598 17.545 17.485 17.457 17.407 17.292 17.135 16.983 16.845 16.718 16.613 16.53 16.44 16.345 16.27 16.238 16.203 16.118 16.02 15.93 15.837 15.745 15.652 15.557 15.46 15.37 15.295 15.222 15.145 15.057 14.935 14.77 14.59 14.468 14.41 14.38 14.38 14.398 14.465 14.575 14.68 14.757 14.777 14.752 14.72 14.695 14.67 14.642 14.595 14.47 14.24 13.96 13.678 13.43 13.28 13.198 13.145 13.125 13.123 13.13
18.165 18.125 18.093 18.073 18.073 18.08 18.035 17.948 17.865 17.788 17.713 17.648 17.62 17.627 17.57 17.46 17.403 17.327 17.195 17.06 16.938 16.833 16.74 16.663 16.6 16.53 16.445 16.362 16.29 16.205 16.095 15.988 15.895 15.8 15.705 15.615 15.52 15.417 15.318 15.235 15.165 15.095 15.005 14.877 14.722 14.55 14.433 14.375 14.325 14.3 14.328 14.407 14.5 14.582 14.64 14.657 14.642 14.613 14.585 14.56 14.52 14.455 14.382 14.262 14.035 13.753 13.513 13.37 13.298 13.265 13.25 13.233 13.228
