EGM722_Project_Data/DTM_asc/TL4959.asc
ncols         200
nrows         200
xllcorner     549000.000
yllcorner     259000.000
cellsize      5
NODATA_value  -9999.0
[rows 66 to 98 of 200, columns 73 to 145 of 200]
14.445 14.46 14.475 14.485 14.49 14.49 14.49 14.49 14.49 14.49 14.447 14.36 14.3 14.302 14.335 14.362 14.375 14.36 14.332 14.343 14.378 14.378 14.378 14.403 14.52 14.58 14.488 14.37 14.22 14.153 14.178 14.165 14.102 14.1 14.297 14.615 14.642 14.385 14.275 14.33 14.392 14.355 14.212 14.062 13.922 13.82 13.75 13.682 13.19 12.203 11.618 11.558 11.553 11.538 11.518 11.502 11.465 11.38 11.275 11.175 11.075 10.97 10.852 10.725 10.595 10.488 10.405 10.325 10.245 10.18 10.13 10.08 10.017
14.43 14.445 14.465 14.482 14.49 14.49 14.49 14.49 14.49 14.49 14.452 14.368 14.3 14.298 14.33 14.345 14.332 14.305 14.28 14.35 14.48 14.49 14.43 14.405 14.75 15.045 14.902 14.705 14.475 14.365 14.375 14.285 14.088 13.925 13.923 14.352 14.607 14.368 14.278 14.337 14.395 14.335 14.15 13.978 13.838 13.728 13.64 13.525 12.93 12 11.598 11.597 11.592 11.575 11.548 11.527 11.472 11.365 11.25 11.145 11.045 10.945 10.84 10.722 10.595 10.485 10.398 10.315 10.238 10.175 10.122 10.057 9.972
14.418 14.435 14.455 14.477 14.505 14.513 14.498 14.49 14.49 14.49 14.46 14.378 14.303 14.292 14.305 14.292 14.267 14.24 14.253 14.385 14.587 14.66 14.588 14.64 15.125 15.425 15.21 14.95 14.703 14.595 14.55 14.37 14.133 13.908 13.7 13.97 14.405 14.362 14.28 14.337 14.39 14.33 14.125 13.91 13.75 13.64 13.52 13.34 12.732 11.935 11.64 11.64 11.637 11.617 11.583 11.547 11.472 11.355 11.235 11.12 11.015 10.915 10.815 10.71 10.592 10.483 10.393 10.308 10.23 10.162 10.09 10.002 9.905
14.405 14.42 14.44 14.465 14.535 14.575 14.545 14.523 14.51 14.498 14.465 14.385 14.3 14.267 14.25 14.225 14.2 14.18 14.258 14.448 14.662 14.8 14.783 15.075 15.597 15.645 15.402 15.17 14.933 14.795 14.657 14.422 14.177 13.945 13.73 13.673 13.943 14.2 14.265 14.325 14.382 14.325 14.12 13.88 13.675 13.515 13.345 13.152 12.677 11.988 11.675 11.678 11.68 11.663 11.628 11.565 11.46 11.342 11.225 11.105 10.993 10.888 10.785 10.685 10.58 10.478 10.388 10.3 10.213 10.125 10.03 9.933 9.835
14.428 14.415 14.42 14.448 14.535 14.622 14.625 14.595 14.57 14.54 14.477 14.38 14.285 14.228 14.193 14.16 14.133 14.155 14.298 14.513 14.725 14.918 15.08 15.563 16.025 15.842 15.52 15.332 15.125 14.91 14.657 14.375 14.158 13.995 13.81 13.603 13.553 13.755 13.97 14.072 14.135 14.12 13.955 13.715 13.59 13.495 13.32 13.035 12.567 12.023 11.725 11.72 11.745 11.745 11.705 11.597 11.45 11.323 11.205 11.088 10.978 10.87 10.765 10.665 10.563 10.468 10.382 10.295 10.2 10.095 9.988 9.885 9.785
14.492 14.46 14.43 14.435 14.5 14.627 14.697 14.677 14.65 14.582 14.48 14.37 14.263 14.198 14.16 14.12 14.128 14.265 14.483 14.695 14.908 15.123 15.59 16.192 16.44 16.062 15.59 15.357 15.097 14.82 14.5 14.243 14.123 14.035 13.87 13.653 13.458 13.42 13.503 13.58 13.638 13.658 13.575 13.528 13.625 13.615 13.442 12.917 12.265 11.908 11.765 11.785 11.84 11.862 11.792 11.632 11.46 11.31 11.183 11.07 10.965 10.86 10.755 10.652 10.548 10.455 10.375 10.29 10.197 10.09 9.973 9.86 9.753
14.562 14.54 14.495 14.463 14.48 14.602 14.737 14.76 14.7 14.572 14.46 14.36 14.243 14.173 14.168 14.203 14.293 14.51 14.8 15.057 15.283 15.708 16.357 16.82 16.902 16.31 15.59 15.19 14.848 14.578 14.32 14.185 14.135 14.072 13.925 13.715 13.528 13.415 13.358 13.345 13.353 13.343 13.39 13.595 13.78 13.727 13.475 12.748 12.038 11.843 11.815 11.863 11.93 12.055 11.948 11.645 11.483 11.405 11.28 11.09 10.955 10.85 10.745 10.64 10.533 10.44 10.362 10.282 10.192 10.085 9.967 9.85 9.838
14.625 14.61 14.58 14.537 14.503 14.568 14.732 14.795 14.69 14.54 14.445 14.355 14.233 14.193 14.262 14.377 14.505 14.753 15.105 15.425 15.718 16.215 16.72 17.015 17.192 16.777 15.923 15.32 14.868 14.45 14.253 14.193 14.15 14.105 13.985 13.8 13.623 13.51 13.465 13.432 13.4 13.34 13.423 13.617 13.69 13.61 13.335 12.593 11.988 11.913 11.9 11.948 12.09 12.347 12.297 11.998 11.85 11.752 11.555 11.26 11.013 10.85 10.743 10.635 10.52 10.42 10.342 10.267 10.185 10.08 9.962 9.845 10.116
14.632 14.617 14.605 14.572 14.523 14.54 14.68 14.762 14.66 14.515 14.438 14.35 14.223 14.198 14.272 14.375 14.518 14.945 15.432 15.715 16.082 16.375 16.595 16.905 17.202 17.22 16.782 16.255 15.688 14.963 14.418 14.225 14.182 14.122 14.007 13.84 13.673 13.573 13.54 13.515 13.487 13.4 13.375 13.407 13.303 13.125 12.927 12.435 12.035 12.003 11.993 12.1 12.35 12.635 12.665 12.482 12.317 12.012 11.635 11.31 11.053 10.91 10.805 10.68 10.517 10.375 10.287 10.212 10.137 10.05 9.947 9.835 10.443
14.587 14.578 14.577 14.555 14.518 14.53 14.62 14.702 14.655 14.725 14.743 14.433 14.198 14.163 14.188 14.24 14.418 14.907 15.507 15.872 16.27 16.607 16.678 16.85 17.152 17.307 17.23 17.007 16.744 16.247 15.308 14.49 14.205 14.11 13.98 13.82 13.678 13.598 13.555 13.527 13.482 13.398 13.333 13.263 13.058 12.783 12.583 12.325 12.133 12.113 12.168 12.403 12.71 12.932 12.91 12.71 12.51 12.128 11.57 11.185 11.075 11.022 10.897 10.717 10.498 10.318 10.21 10.125 10.05 9.977 9.9 9.81 10.693
14.54 14.538 14.545 14.53 14.515 14.545 14.603 14.673 14.99 15.665 15.887 15.115 14.338 14.17 14.19 14.22 14.393 14.633 15.048 15.662 16.298 16.927 17.082 16.968 17.12 17.235 17.102 16.972 16.99 16.962 16.462 15.135 14.19 14.077 13.95 13.803 13.688 13.625 13.573 13.535 13.478 13.408 13.368 13.325 13.178 12.942 12.6 12.305 12.24 12.245 12.405 12.788 13.152 13.272 13.14 12.953 12.838 12.692 12.04 11.325 11.175 11.112 10.92 10.69 10.453 10.27 10.147 10.045 9.965 9.9 9.838 9.831 11.14
14.508 14.5 14.51 14.508 14.52 14.565 14.615 14.675 15.517 16.594 16.786 15.879 14.63 14.225 14.253 14.38 14.657 14.725 14.691 15.301 16.4 17.38 17.677 17.39 17.21 17.115 16.935 16.74 16.683 16.752 16.857 15.685 14.276 14.04 13.918 13.795 13.71 13.655 13.6 13.55 13.512 13.49 13.482 13.49 13.452 13.19 12.65 12.32 12.308 12.403 12.868 13.375 13.595 13.62 13.47 13.307 13.217 13.167 12.575 11.613 11.233 11.12 10.872 10.637 10.403 10.205 10.057 9.942 9.885 9.85 9.795 9.973 11.537
14.498 14.48 14.48 14.5 14.543 14.59 14.64 14.92 15.807 16.515 16.477 15.63 14.595 14.308 14.385 14.6 14.89 14.88 14.908 15.726 17.01 17.819 17.802 17.44 17.075 16.72 16.52 16.46 16.407 16.502 16.824 15.844 14.348 13.988 13.893 13.8 13.728 13.672 13.617 13.535 13.462 13.445 13.452 13.467 13.48 13.165 12.6 12.338 12.32 12.638 13.49 14.109 13.96 13.682 13.56 13.395 13.23 13.06 12.682 11.82 11.238 11.082 10.808 10.565 10.332 10.098 9.898 9.783 9.777 9.795 9.76 10.178 11.71
14.495 14.473 14.463 14.513 14.59 14.638 14.693 15.138 15.87 16.167 15.845 15.03 14.458 14.372 14.435 14.595 14.735 14.923 15.62 16.775 17.712 17.94 17.49 16.99 16.607 16.105 15.773 15.79 15.787 15.56 15.462 14.927 14.148 13.963 13.902 13.813 13.733 13.677 13.597 13.46 13.323 13.255 13.233 13.233 13.247 12.995 12.57 12.365 12.498 13.03 13.917 14.387 13.88 13.393 13.297 13.155 12.99 12.807 12.565 11.85 11.24 11.057 10.765 10.493 10.243 9.983 9.73 9.603 9.64 9.697 9.698 10.275 11.862
14.493 14.463 14.453 14.528 14.642 14.705 14.78 15.19 15.859 15.982 15.48 14.835 14.423 14.305 14.335 14.468 14.688 15.49 16.795 17.699 18.002 17.877 17.297 16.625 16.137 15.545 15.015 14.858 14.79 14.393 13.998 13.935 13.945 13.965 13.93 13.83 13.74 13.662 13.53 13.355 13.203 13.11 13.058 13.028 13.02 12.835 12.658 12.96 13.387 13.537 13.692 13.702 13.338 13.053 12.975 12.887 12.75 12.552 12.295 11.745 11.258 11.032 10.735 10.45 10.2 9.96 9.708 9.528 9.525 9.593 9.628 10.253 11.839
14.493 14.448 14.44 14.53 14.677 14.773 14.97 15.207 15.297 15.325 15.075 14.595 14.285 14.17 14.203 14.373 14.873 16.115 17.494 18.012 17.917 17.417 16.725 16.195 15.662 14.91 14.31 14.165 14.12 13.983 13.84 13.83 13.875 13.917 13.902 13.825 13.732 13.605 13.428 13.243 13.09 12.983 12.915 12.868 12.83 12.918 13.27 13.84 14.104 13.857 13.453 13.18 13.025 12.86 12.74 12.64 12.513 12.3 12.025 11.655 11.303 11.06 10.818 10.585 10.378 10.152 9.858 9.59 9.518 9.555 9.593 10.255 11.749
14.503 14.445 14.438 14.53 14.69 14.808 14.96 14.937 14.685 14.675 14.608 14.358 14.235 14.145 14.14 14.275 14.803 15.965 17.074 17.427 17.252 16.312 15.365 15.038 14.62 14.075 13.758 13.765 13.825 13.785 13.713 13.737 13.775 13.802 13.777 13.712 13.682 13.57 13.345 13.138 12.98 12.858 12.775 12.725 12.818 13.41 14.015 14.152 14.125 13.87 13.425 13.17 13.007 12.803 12.655 12.51 12.36 12.145 11.865 11.578 11.333 11.15 10.982 10.81 10.64 10.38 9.988 9.785 9.7 9.575 9.575 10.298 11.569
14.52 14.455 14.458 14.545 14.69 14.812 14.838 14.78 14.7 14.6 14.488 14.388 14.295 14.215 14.228 14.3 14.468 15.035 15.68 15.892 15.832 15.07 14.261 14.035 13.803 13.64 13.573 13.575 13.605 13.598 13.59 13.618 13.638 13.652 13.603 13.558 13.642 13.597 13.353 13.11 12.913 12.753 12.67 12.808 13.3 14.062 14.3 14.133 14.052 13.55 12.998 12.94 12.92 12.745 12.597 12.447 12.285 12.075 11.81 11.525 11.32 11.2 11.067 10.915 10.755 10.45 10.005 10.047 9.982 9.61 9.575 10.345 11.267
14.538 14.475 14.503 14.585 14.703 14.815 14.87 14.862 14.792 14.69 14.582 14.477 14.38 14.333 14.357 14.372 14.32 14.34 14.428 14.478 14.533 14.318 14.028 13.935 13.828 13.718 13.62 13.548 13.515 13.695 13.88 13.778 13.583 13.493 13.443 13.46 13.62 13.627 13.415 13.155 12.92 12.73 12.848 13.35 14.025 14.545 14.445 14.153 13.847 13.205 12.788 12.773 12.78 12.692 12.537 12.375 12.202 11.992 11.745 11.48 11.29 11.19 11.082 10.955 10.8 10.472 9.995 10.255 10.242 9.675 9.593 10.367 10.917
14.54 14.508 14.56 14.64 14.73 14.81 14.867 14.905 14.87 14.77 14.665 14.562 14.467 14.427 14.417 14.392 14.357 14.275 14.198 14.18 14.198 14.173 14.085 13.995 13.897 13.797 13.705 13.613 13.54 14.027 14.585 14.552 14.278 13.955 13.573 13.405 13.582 13.637 13.47 13.203 12.958 12.78 13.045 13.87 14.592 14.847 14.627 14.205 13.733 13.215 12.935 12.813 12.738 12.635 12.46 12.29 12.115 11.902 11.657 11.42 11.26 11.165 11.065 10.962 10.825 10.47 9.931 10.435 10.48 9.695 9.598 10.35 10.524
14.52 14.535 14.602 14.677 14.75 14.81 14.862 14.892 14.855 14.762 14.657 14.557 14.48 14.442 14.422 14.4 14.377 14.34 14.307 14.287 14.277 14.232 14.125 14.002 13.887 13.82 13.76 13.667 13.575 14.213 15.032 15.225 15.132 14.645 13.845 13.425 13.545 13.612 13.485 13.235 12.975 12.78 13.025 13.997 14.749 14.85 14.722 14.272 13.77 13.385 13.125 12.972 12.75 12.53 12.355 12.185 12.002 11.775 11.52 11.328 11.22 11.13 11.03 10.932 10.745 10.312 9.958 10.747 10.657 9.67 9.58 10.182 10.08
14.503 14.548 14.615 14.685 14.755 14.815 14.847 14.83 14.765 14.675 14.573 14.485 14.433 14.415 14.407 14.392 14.375 14.36 14.352 14.34 14.312 14.21 14.047 13.892 13.77 13.74 13.74 13.685 13.598 14.248 15.15 15.39 15.385 14.957 14.115 13.54 13.475 13.515 13.442 13.252 12.985 12.738 12.9 13.657 14.285 14.47 14.342 13.95 13.712 13.54 13.267 12.992 12.653 12.395 12.232 12.065 11.87 11.618 11.368 11.23 11.167 11.087 10.99 10.827 10.515 10.033 10.176 11.079 10.645 9.668 9.555 9.76 9.585
14.5 14.555 14.62 14.69 14.757 14.8 14.79 14.74 14.672 14.585 14.498 14.435 14.395 14.38 14.377 14.372 14.36 14.345 14.332 14.317 14.282 14.135 13.913 13.725 13.618 13.61 13.64 13.645 13.61 14.293 15.212 15.445 15.48 15.272 14.542 13.698 13.375 13.375 13.342 13.23 13.002 12.733 12.638 12.878 13.485 13.967 13.505 12.913 13.087 13.327 13.197 12.855 12.498 12.265 12.105 11.94 11.737 11.463 11.243 11.16 11.115 11.045 10.892 10.602 10.22 10.088 10.738 11.272 10.512 9.72 9.562 9.4 9.25
14.5 14.563 14.63 14.697 14.755 14.76 14.71 14.648 14.583 14.513 14.45 14.4 14.36 14.343 14.34 14.34 14.332 14.317 14.3 14.28 14.24 14.087 13.845 13.625 13.505 13.5 13.53 13.558 13.598 14.338 15.212 15.445 15.53 15.502 14.945 13.885 13.295 13.235 13.205 13.15 12.997 12.758 12.52 12.393 12.74 13.095 12.565 12.103 12.405 12.715 12.715 12.552 12.335 12.135 11.975 11.812 11.605 11.323 11.14 11.095 11.057 10.952 10.687 10.323 10.038 10.583 11.677 11.412 10.258 9.725 9.53 9.298 9.205
14.505 14.57 14.63 14.67 14.735 14.75 14.685 14.615 14.535 14.483 14.445 14.395 14.348 14.308 14.29 14.29 14.285 14.27 14.25 14.23 14.197 14.065 13.84 13.633 13.505 13.468 13.465 13.48 13.538 14.41 15.322 15.477 15.562 15.505 15.12 14.19 13.343 13.095 13.065 13.035 12.985 12.857 12.613 12.385 12.446 12.585 12.173 11.9 12.175 12.288 12.25 12.238 12.175 12.025 11.865 11.705 11.512 11.233 11.058 11.04 10.997 10.847 10.55 10.188 10.358 11.502 12.286 11.207 9.938 9.633 9.425 9.268 9.27
14.502 14.545 14.572 14.583 14.697 14.777 14.705 14.612 14.515 14.47 14.455 14.417 14.365 14.303 14.255 14.233 14.222 14.198 14.175 14.163 14.135 14.05 13.868 13.688 13.583 13.515 13.468 13.45 13.46 14.507 15.514 15.5 15.565 15.417 15.02 14.415 13.495 12.968 12.953 12.958 12.987 12.982 12.915 12.913 13.272 13.165 12.238 11.818 12.002 12.09 12.068 12.075 12.052 11.94 11.777 11.612 11.437 11.188 11.03 11.007 10.922 10.755 10.503 10.526 11.405 12.474 12.112 10.643 9.778 9.543 9.32 9.235 9.335
14.445 14.457 14.463 14.49 14.665 14.78 14.69 14.575 14.483 14.448 14.442 14.43 14.392 14.33 14.263 14.208 14.173 14.39 14.62 14.583 14.493 14.315 14.023 13.778 13.665 13.59 13.525 13.483 13.405 14.315 15.392 15.452 15.5 15.45 15.072 14.51 13.545 12.913 12.92 12.948 12.99 13.133 13.488 13.735 14.164 13.579 12.183 11.795 11.863 11.917 11.93 11.96 11.955 11.855 11.69 11.52 11.345 11.143 11.017 10.947 10.813 10.633 10.733 11.513 12.602 12.744 11.39 10.111 9.698 9.46 9.243 9.225 9.397
14.385 14.37 14.357 14.375 14.492 14.592 14.555 14.483 14.435 14.417 14.415 14.415 14.402 14.357 14.287 14.218 14.625 15.442 15.855 15.817 15.607 15.2 14.745 14.433 14.198 13.978 13.758 13.57 13.4 13.7 14.223 14.525 15.027 15.244 15.084 14.502 13.413 12.893 12.95 13.01 13.095 13.615 14.195 14.242 14.23 13.332 12.085 11.78 11.755 11.763 11.812 11.85 11.857 11.767 11.6 11.427 11.245 11.072 10.95 10.838 10.793 11.031 11.763 12.754 13.171 12.254 10.668 9.83 9.607 9.38 9.233 9.285 9.457
14.375 14.335 14.18 13.853 13.773 14.132 14.382 14.38 14.365 14.355 14.355 14.355 14.362 14.357 14.305 14.295 15.335 16.624 17.087 17.177 16.845 16.345 15.943 15.65 15.328 14.925 14.445 13.968 13.598 13.401 13.301 13.441 13.94 14.19 14.125 13.725 13.055 12.78 12.825 12.922 13.035 13.785 14.444 14.54 14.389 13.097 11.908 11.743 11.693 11.605 11.615 11.695 11.747 11.677 11.497 11.307 11.11 10.953 10.946 11.173 11.583 12.325 13.164 13.409 12.762 11.31 10.128 9.725 9.505 9.303 9.245 9.355 9.51
14.375 14.327 13.872 13.153 12.971 13.673 14.297 14.315 14.29 14.273 14.27 14.27 14.29 14.315 14.302 14.313 15.457 16.784 17.234 17.524 17.522 17.394 17.177 16.892 16.585 16.165 15.638 15.088 14.54 14.083 13.715 13.403 13.241 13.246 13.183 12.955 12.785 12.683 12.613 12.64 12.725 13.208 14.207 14.889 14.107 12.508 11.755 11.713 11.677 11.503 11.38 11.445 11.527 11.467 11.29 11.108 11.118 11.411 11.898 12.583 13.202 13.612 13.569 12.807 11.53 10.348 9.81 9.612 9.4 9.255 9.263 9.38 9.53
14.393 14.32 13.61 12.813 12.713 13.48 14.252 14.252 14.22 14.195 14.185 14.2 14.23 14.252 14.265 14.253 15.013 15.972 16.38 16.792 17.195 17.539 17.627 17.522 17.404 17.224 16.865 16.392 15.875 15.302 14.688 14.163 13.798 13.433 13.068 12.84 12.748 12.663 12.54 12.458 12.47 12.73 13.515 14.089 13.172 11.988 11.72 11.698 11.662 11.475 11.223 11.163 11.193 11.241 11.458 11.748 12.203 12.96 13.664 14.069 14.079 13.599 12.647 11.463 10.411 9.863 9.687 9.498 9.31 9.243 9.308 9.41 9.537
14.425 14.3 13.498 12.715 12.743 13.525 14.252 14.218 14.175 14.133 14.105 14.133 14.173 14.19 14.208 14.223 14.443 14.765 15.07 15.495 15.982 16.412 16.74 16.959 17.092 17.277 17.397 17.262 16.895 16.467 15.942 15.41 15 14.413 13.731 13.268 12.948 12.693 12.538 12.428 12.353 12.45 12.605 12.638 12.323 11.87 11.72 11.697 11.655 11.47 11.16 10.953 11.463 12.25 12.852 13.509 13.959 14.334 14.524 14.274 13.659 12.647 11.42 10.443 9.95 9.748 9.568 9.388 9.255 9.26 9.352 9.447 9.552
14.465 14.245 13.41 12.7 12.905 13.735 14.305 14.223 14.17 14.118 14.09 14.13 14.18 14.2 14.22 14.233 14.22 14.183 14.215 14.403 14.66 14.838 15.073 15.425 15.768 16.202 16.727 17.114 17.262 17.307 17.097 16.719 16.337 15.87 15.305 14.673 14.058 13.305 12.7 12.455 12.297 12.168 12.13 12.08 11.86 11.688 11.672 11.662 11.632 11.447 11.11 11.218 12.524 13.794 14.179 14.371 14.357 14.147 13.744 13.115 12.32 11.323 10.433 9.988 9.795 9.66 9.852 9.642 9.195 9.267 9.36 9.455 9.557
