EGM722_Project_Data/DTM_asc/TL4954.asc
ncols         200
nrows         200
xllcorner     549000.000
yllcorner     254000.000
cellsize      5
NODATA_value  -9999.0
[rows 32 to 63 of 200, columns 73 to 145 of 200]
65.188 65.205 65.243 65.315 65.4 65.45 65.475 65.5 65.515 65.482 65.405 65.348 65.338 65.3 65.195 65.072 64.948 64.83 64.73 64.65 64.578 64.51 64.455 64.41 64.368 64.338 64.323 64.313 64.29 64.21 64.09 63.983 63.895 63.782 63.638 63.495 63.347 63.187 63.02 62.847 62.67 62.5 62.34 62.185 62.048 61.92 61.79 61.665 61.548 61.432 61.312 61.165 60.975 60.785 60.623 60.488 60.38 60.27 60.165 60.098 60.06 60.022 59.962 59.87 59.762 59.64 59.5 59.36 59.217 59.073 58.93 58.792 58.657
65.333 65.363 65.428 65.515 65.6 65.65 65.675 65.702 65.715 65.68 65.607 65.533 65.48 65.41 65.292 65.168 65.043 64.933 64.85 64.78 64.713 64.658 64.613 64.57 64.53 64.5 64.485 64.477 64.465 64.392 64.27 64.15 64.037 63.91 63.765 63.625 63.478 63.315 63.145 62.975 62.803 62.635 62.485 62.35 62.218 62.083 61.948 61.818 61.693 61.575 61.465 61.345 61.21 61.088 60.992 60.9 60.8 60.687 60.562 60.455 60.372 60.295 60.202 60.098 59.987 59.86 59.72 59.58 59.435 59.29 59.147 58.997 58.845
65.525 65.573 65.653 65.74 65.825 65.88 65.91 65.915 65.885 65.827 65.755 65.685 65.602 65.507 65.4 65.277 65.153 65.065 65.012 64.95 64.888 64.838 64.79 64.743 64.698 64.663 64.645 64.64 64.635 64.57 64.445 64.317 64.187 64.048 63.903 63.763 63.625 63.467 63.295 63.125 62.958 62.808 62.683 62.565 62.435 62.298 62.16 62.023 61.885 61.758 61.65 61.545 61.452 61.377 61.302 61.222 61.147 61.047 60.917 60.79 60.665 60.553 60.445 60.337 60.21 60.065 59.925 59.785 59.637 59.482 59.327 59.167 59.01
65.79 65.845 65.925 66.007 66.09 66.13 66.12 66.075 66.005 65.932 65.86 65.78 65.68 65.597 65.515 65.4 65.275 65.205 65.19 65.152 65.092 65.035 64.985 64.935 64.878 64.82 64.783 64.77 64.765 64.71 64.595 64.465 64.33 64.19 64.05 63.915 63.785 63.64 63.475 63.31 63.155 63.028 62.922 62.812 62.687 62.553 62.415 62.275 62.133 61.995 61.873 61.763 61.67 61.592 61.518 61.458 61.417 61.332 61.197 61.06 60.93 60.815 60.705 60.575 60.412 60.255 60.115 59.97 59.812 59.645 59.478 59.313 59.155
66.077 66.135 66.207 66.26 66.3 66.297 66.242 66.175 66.105 66.035 65.955 65.855 65.745 65.67 65.615 65.52 65.403 65.343 65.34 65.33 65.292 65.237 65.185 65.127 65.052 64.978 64.92 64.883 64.865 64.812 64.71 64.597 64.472 64.335 64.203 64.075 63.948 63.815 63.665 63.51 63.368 63.25 63.15 63.047 62.935 62.807 62.67 62.53 62.388 62.245 62.108 61.985 61.888 61.81 61.753 61.72 61.687 61.597 61.46 61.323 61.193 61.072 60.942 60.777 60.598 60.44 60.295 60.14 59.975 59.805 59.632 59.46 59.298
66.332 66.35 66.385 66.402 66.402 66.375 66.322 66.262 66.2 66.127 66.03 65.92 65.81 65.733 65.69 65.625 65.535 65.485 65.48 65.48 65.467 65.43 65.372 65.297 65.212 65.14 65.08 65.022 64.977 64.91 64.808 64.705 64.605 64.497 64.38 64.258 64.135 64.018 63.883 63.728 63.588 63.475 63.375 63.275 63.172 63.06 62.927 62.785 62.642 62.497 62.357 62.225 62.113 62.045 62.012 61.99 61.952 61.855 61.717 61.582 61.45 61.31 61.145 60.965 60.785 60.618 60.46 60.3 60.14 59.97 59.79 59.613 59.443
66.51 66.463 66.455 66.465 66.467 66.437 66.385 66.332 66.28 66.202 66.095 65.985 65.878 65.8 65.755 65.71 65.658 65.625 65.617 65.612 65.597 65.565 65.507 65.425 65.34 65.27 65.21 65.15 65.085 65 64.897 64.793 64.728 64.68 64.585 64.465 64.35 64.247 64.12 63.96 63.813 63.69 63.585 63.485 63.385 63.285 63.17 63.032 62.89 62.745 62.602 62.462 62.335 62.26 62.225 62.2 62.16 62.062 61.93 61.79 61.645 61.497 61.335 61.16 60.978 60.803 60.64 60.483 60.35 60.2 60.015 59.833 59.658
66.63 66.558 66.525 66.525 66.53 66.5 66.445 66.395 66.345 66.265 66.155 66.05 65.955 65.885 65.84 65.8 65.768 65.753 65.745 65.722 65.67 65.617 65.585 65.525 65.44 65.37 65.31 65.245 65.17 65.082 64.983 64.893 64.873 64.872 64.795 64.678 64.573 64.48 64.36 64.202 64.043 63.903 63.78 63.67 63.57 63.475 63.382 63.267 63.13 62.985 62.835 62.685 62.548 62.455 62.403 62.365 62.322 62.23 62.09 61.932 61.78 61.645 61.507 61.352 61.177 61.003 60.84 60.705 60.617 60.49 60.305 60.128 59.957
66.743 66.668 66.618 66.593 66.59 66.562 66.51 66.46 66.407 66.325 66.223 66.133 66.05 65.985 65.943 65.908 65.88 65.867 65.845 65.785 65.695 65.635 65.63 65.607 65.54 65.47 65.405 65.33 65.25 65.165 65.068 65.015 65.04 65.065 65.005 64.895 64.8 64.712 64.6 64.445 64.28 64.133 63.998 63.87 63.758 63.66 63.575 63.485 63.367 63.222 63.065 62.908 62.763 62.665 62.605 62.55 62.492 62.385 62.225 62.058 61.91 61.78 61.652 61.52 61.37 61.202 61.053 60.96 60.902 60.782 60.605 60.44 60.275
66.855 66.78 66.728 66.68 66.655 66.625 66.577 66.53 66.472 66.395 66.31 66.23 66.147 66.085 66.05 66.022 65.997 65.962 65.897 65.805 65.708 65.658 65.66 65.662 65.63 65.568 65.493 65.41 65.33 65.248 65.175 65.165 65.21 65.252 65.217 65.12 65.03 64.942 64.835 64.682 64.515 64.367 64.232 64.095 63.963 63.853 63.765 63.685 63.59 63.455 63.295 63.137 62.985 62.875 62.807 62.74 62.657 62.522 62.348 62.185 62.045 61.915 61.788 61.663 61.532 61.388 61.275 61.212 61.157 61.045 60.872 60.697 60.52
66.945 66.875 66.825 66.772 66.715 66.655 66.595 66.535 66.47 66.402 66.332 66.26 66.19 66.145 66.12 66.092 66.062 66.002 65.91 65.813 65.725 65.69 65.705 65.723 65.728 65.688 65.608 65.525 65.445 65.36 65.315 65.335 65.38 65.43 65.415 65.33 65.237 65.142 65.037 64.9 64.738 64.588 64.45 64.312 64.17 64.048 63.96 63.88 63.795 63.672 63.515 63.357 63.187 63.058 62.985 62.91 62.81 62.66 62.483 62.33 62.2 62.073 61.945 61.82 61.69 61.55 61.44 61.37 61.31 61.205 61.035 60.845 60.652
67.013 66.948 66.9 66.825 66.717 66.622 66.547 66.475 66.405 66.338 66.272 66.208 66.16 66.14 66.127 66.105 66.07 66.005 65.913 65.848 65.818 65.815 65.84 65.87 65.898 65.87 65.79 65.708 65.617 65.515 65.473 65.505 65.55 65.59 65.577 65.507 65.415 65.315 65.207 65.087 64.947 64.798 64.655 64.515 64.365 64.243 64.16 64.08 63.997 63.877 63.717 63.542 63.348 63.213 63.145 63.07 62.96 62.803 62.64 62.503 62.375 62.25 62.125 61.99 61.842 61.695 61.565 61.463 61.392 61.292 61.13 60.945 60.747
67.08 67.005 66.925 66.8 66.66 66.558 66.485 66.415 66.345 66.275 66.208 66.15 66.12 66.11 66.105 66.095 66.068 66.03 65.99 65.975 65.988 66.005 66.04 66.09 66.125 66.092 66.002 65.905 65.797 65.685 65.645 65.678 65.717 65.74 65.72 65.667 65.587 65.487 65.375 65.257 65.137 65.005 64.86 64.707 64.555 64.44 64.36 64.28 64.2 64.077 63.897 63.695 63.495 63.368 63.302 63.23 63.112 62.958 62.815 62.685 62.555 62.43 62.295 62.14 61.98 61.835 61.708 61.585 61.487 61.375 61.22 61.045 60.848
67.132 67.022 66.89 66.745 66.623 66.533 66.45 66.36 66.28 66.21 66.143 66.103 66.093 66.1 66.123 66.145 66.145 66.135 66.14 66.147 66.153 66.168 66.215 66.282 66.32 66.285 66.19 66.077 65.963 65.86 65.828 65.855 65.885 65.887 65.855 65.812 65.752 65.657 65.54 65.417 65.295 65.172 65.037 64.89 64.745 64.637 64.557 64.472 64.387 64.25 64.047 63.833 63.643 63.525 63.458 63.387 63.272 63.128 62.995 62.865 62.732 62.595 62.442 62.28 62.123 61.98 61.853 61.725 61.597 61.46 61.307 61.143 60.965
67.14 67 66.865 66.753 66.66 66.603 66.535 66.428 66.325 66.233 66.163 66.155 66.183 66.22 66.27 66.308 66.31 66.298 66.295 66.3 66.308 66.325 66.375 66.432 66.437 66.385 66.302 66.207 66.115 66.035 66.007 66.022 66.035 66.02 65.98 65.94 65.89 65.8 65.677 65.552 65.425 65.297 65.172 65.042 64.912 64.807 64.72 64.627 64.535 64.385 64.175 63.968 63.798 63.695 63.623 63.545 63.432 63.292 63.16 63.025 62.877 62.722 62.567 62.412 62.263 62.127 62 61.862 61.713 61.56 61.408 61.26 61.107
67.13 67.01 66.905 66.82 66.738 66.7 66.685 66.612 66.503 66.385 66.323 66.348 66.4 66.45 66.49 66.497 66.478 66.463 66.458 66.455 66.46 66.483 66.527 66.542 66.492 66.42 66.348 66.275 66.212 66.165 66.147 66.15 66.15 66.135 66.1 66.055 66 65.915 65.795 65.67 65.545 65.415 65.288 65.168 65.058 64.952 64.85 64.753 64.657 64.505 64.3 64.115 63.97 63.875 63.797 63.7 63.577 63.44 63.3 63.15 62.985 62.828 62.68 62.535 62.4 62.272 62.14 61.987 61.825 61.67 61.525 61.395 61.255
67.17 67.075 66.988 66.902 66.815 66.775 66.785 66.77 66.695 66.59 66.55 66.583 66.63 66.672 66.687 66.67 66.645 66.63 66.623 66.618 66.615 66.632 66.642 66.6 66.528 66.455 66.39 66.333 66.285 66.258 66.253 66.255 66.255 66.245 66.212 66.16 66.1 66.017 65.907 65.79 65.665 65.535 65.41 65.3 65.2 65.095 64.985 64.88 64.78 64.63 64.445 64.285 64.153 64.052 63.957 63.842 63.715 63.575 63.42 63.257 63.09 62.933 62.793 62.665 62.545 62.415 62.265 62.097 61.93 61.783 61.652 61.527 61.397
67.27 67.165 67.073 66.985 66.895 66.853 66.86 66.87 66.855 66.808 66.793 66.82 66.857 66.877 66.865 66.84 66.815 66.8 66.79 66.782 66.77 66.75 66.705 66.635 66.565 66.505 66.458 66.415 66.378 66.352 66.347 66.35 66.347 66.337 66.305 66.252 66.195 66.112 66.01 65.902 65.782 65.658 65.542 65.44 65.34 65.237 65.125 65.007 64.892 64.755 64.605 64.465 64.332 64.21 64.085 63.955 63.827 63.695 63.537 63.368 63.2 63.05 62.925 62.807 62.68 62.53 62.367 62.2 62.037 61.892 61.76 61.625 61.48
67.385 67.278 67.17 67.07 66.975 66.93 66.935 66.953 66.983 67.002 67.02 67.045 67.06 67.052 67.03 67.007 66.982 66.962 66.94 66.907 66.867 66.812 66.745 66.675 66.613 66.568 66.533 66.495 66.458 66.425 66.405 66.4 66.397 66.385 66.352 66.305 66.255 66.185 66.092 65.995 65.89 65.775 65.657 65.542 65.427 65.317 65.202 65.08 64.955 64.825 64.695 64.562 64.425 64.285 64.145 64.005 63.877 63.775 63.657 63.5 63.33 63.188 63.07 62.937 62.777 62.602 62.435 62.272 62.11 61.957 61.815 61.662 61.488
67.495 67.405 67.29 67.178 67.073 67.03 67.053 67.093 67.14 67.182 67.21 67.21 67.185 67.162 67.147 67.13 67.095 67.06 67.025 66.97 66.91 66.848 66.78 66.72 66.675 66.635 66.6 66.565 66.525 66.485 66.448 66.428 66.422 66.405 66.368 66.322 66.28 66.22 66.135 66.05 65.967 65.85 65.707 65.575 65.448 65.327 65.215 65.098 64.972 64.845 64.713 64.575 64.435 64.295 64.158 64.02 63.898 63.812 63.735 63.627 63.477 63.33 63.197 63.032 62.842 62.655 62.482 62.315 62.143 61.985 61.837 61.667 61.48
67.6 67.535 67.435 67.333 67.23 67.19 67.225 67.275 67.325 67.357 67.352 67.31 67.258 67.23 67.215 67.18 67.12 67.075 67.045 67.002 66.95 66.885 66.823 66.78 66.745 66.705 66.668 66.632 66.595 66.552 66.508 66.47 66.45 66.427 66.387 66.345 66.305 66.242 66.16 66.09 66.03 65.91 65.74 65.585 65.45 65.332 65.222 65.11 64.99 64.865 64.728 64.585 64.445 64.305 64.17 64.035 63.918 63.835 63.767 63.697 63.597 63.46 63.292 63.1 62.9 62.705 62.528 62.355 62.175 62.012 61.847 61.66 61.47
67.667 67.625 67.562 67.497 67.422 67.387 67.417 67.457 67.487 67.487 67.447 67.39 67.332 67.287 67.242 67.177 67.11 67.068 67.04 67.012 66.977 66.93 66.885 66.85 66.815 66.775 66.735 66.7 66.665 66.62 66.572 66.528 66.49 66.453 66.41 66.37 66.33 66.27 66.2 66.142 66.09 65.985 65.815 65.635 65.47 65.338 65.225 65.118 65.007 64.88 64.737 64.595 64.455 64.315 64.18 64.045 63.93 63.85 63.782 63.715 63.642 63.515 63.33 63.142 62.955 62.76 62.575 62.395 62.207 62.03 61.845 61.648 61.458
67.698 67.662 67.625 67.585 67.535 67.5 67.507 67.53 67.54 67.517 67.47 67.417 67.37 67.317 67.245 67.173 67.118 67.08 67.05 67.023 67 66.978 66.947 66.915 66.88 66.842 66.805 66.768 66.73 66.688 66.64 66.595 66.555 66.508 66.458 66.413 66.365 66.303 66.24 66.185 66.127 66.037 65.885 65.7 65.515 65.355 65.23 65.122 65.015 64.885 64.74 64.605 64.475 64.338 64.198 64.063 63.943 63.853 63.78 63.71 63.627 63.49 63.312 63.137 62.96 62.78 62.592 62.397 62.205 62.015 61.825 61.63 61.438
67.723 67.688 67.65 67.607 67.56 67.52 67.498 67.495 67.5 67.48 67.435 67.395 67.37 67.327 67.26 67.198 67.145 67.108 67.08 67.055 67.042 67.027 67 66.967 66.933 66.902 66.872 66.835 66.795 66.755 66.71 66.668 66.635 66.592 66.538 66.485 66.43 66.348 66.263 66.2 66.14 66.057 65.925 65.75 65.568 65.4 65.253 65.128 65.015 64.885 64.748 64.63 64.512 64.375 64.228 64.088 63.958 63.85 63.77 63.7 63.602 63.45 63.275 63.105 62.935 62.77 62.572 62.355 62.16 61.972 61.79 61.605 61.413
67.747 67.71 67.667 67.62 67.57 67.53 67.5 67.478 67.468 67.445 67.41 67.388 67.372 67.34 67.285 67.23 67.175 67.133 67.113 67.1 67.095 67.08 67.05 67.015 66.98 66.952 66.927 66.897 66.862 66.822 66.78 66.745 66.715 66.675 66.622 66.57 66.512 66.415 66.3 66.213 66.143 66.06 65.95 65.8 65.623 65.455 65.298 65.15 65.018 64.893 64.778 64.672 64.555 64.415 64.265 64.118 63.978 63.86 63.768 63.687 63.575 63.415 63.248 63.085 62.925 62.765 62.547 62.31 62.115 61.93 61.75 61.57 61.385
67.765 67.725 67.68 67.63 67.58 67.54 67.51 67.483 67.463 67.44 67.42 67.405 67.39 67.368 67.323 67.268 67.21 67.17 67.158 67.152 67.147 67.128 67.095 67.063 67.027 66.993 66.965 66.942 66.917 66.885 66.85 66.82 66.79 66.747 66.695 66.645 66.585 66.487 66.362 66.248 66.15 66.055 65.955 65.835 65.675 65.507 65.353 65.195 65.045 64.925 64.823 64.717 64.597 64.455 64.305 64.155 64.002 63.872 63.77 63.672 63.547 63.392 63.235 63.075 62.917 62.76 62.532 62.278 62.075 61.89 61.71 61.53 61.35
67.76 67.725 67.68 67.63 67.585 67.558 67.538 67.515 67.495 67.473 67.453 67.438 67.425 67.405 67.367 67.315 67.255 67.223 67.217 67.213 67.205 67.177 67.137 67.103 67.065 67.022 66.985 66.96 66.94 66.92 66.9 66.872 66.84 66.792 66.73 66.675 66.615 66.52 66.397 66.277 66.168 66.063 65.958 65.85 65.717 65.562 65.405 65.245 65.093 64.97 64.868 64.765 64.642 64.487 64.322 64.157 63.985 63.845 63.745 63.632 63.495 63.345 63.19 63.032 62.88 62.72 62.487 62.24 62.043 61.855 61.675 61.495 61.312
67.737 67.712 67.667 67.625 67.595 67.585 67.58 67.565 67.548 67.522 67.493 67.475 67.462 67.44 67.407 67.365 67.31 67.28 67.28 67.277 67.267 67.232 67.183 67.14 67.1 67.052 67 66.963 66.94 66.927 66.925 66.907 66.875 66.822 66.748 66.678 66.615 66.525 66.408 66.298 66.195 66.09 65.98 65.865 65.74 65.602 65.452 65.295 65.138 65.01 64.91 64.8 64.652 64.47 64.285 64.105 63.928 63.793 63.685 63.555 63.41 63.26 63.107 62.955 62.81 62.64 62.415 62.205 62.02 61.825 61.64 61.46 61.275
67.712 67.698 67.66 67.635 67.62 67.615 67.617 67.615 67.602 67.577 67.543 67.518 67.5 67.473 67.44 67.407 67.363 67.338 67.34 67.34 67.327 67.287 67.235 67.185 67.14 67.09 67.03 66.978 66.945 66.935 66.94 66.935 66.91 66.855 66.775 66.695 66.622 66.535 66.427 66.325 66.225 66.12 66.005 65.877 65.742 65.61 65.477 65.337 65.185 65.055 64.94 64.8 64.63 64.43 64.228 64.038 63.87 63.735 63.605 63.465 63.323 63.175 63.028 62.883 62.742 62.565 62.363 62.185 62.007 61.808 61.605 61.42 61.235
67.693 67.693 67.673 67.66 67.65 67.645 67.65 67.655 67.65 67.63 67.598 67.568 67.54 67.508 67.475 67.445 67.41 67.395 67.4 67.4 67.382 67.34 67.287 67.23 67.175 67.12 67.06 67 66.958 66.945 66.95 66.952 66.937 66.885 66.802 66.715 66.622 66.522 66.425 66.332 66.237 66.13 66.002 65.865 65.727 65.598 65.472 65.347 65.215 65.082 64.937 64.775 64.607 64.41 64.195 63.988 63.813 63.668 63.523 63.38 63.24 63.098 62.955 62.817 62.68 62.51 62.328 62.16 61.992 61.805 61.593 61.39 61.197
67.74 67.738 67.72 67.71 67.7 67.693 67.693 67.698 67.7 67.685 67.655 67.622 67.588 67.555 67.525 67.495 67.468 67.458 67.46 67.455 67.427 67.38 67.325 67.265 67.2 67.135 67.077 67.02 66.975 66.96 66.963 66.967 66.955 66.887 66.787 66.687 66.58 66.47 66.367 66.275 66.187 66.08 65.945 65.807 65.688 65.57 65.44 65.315 65.192 65.057 64.905 64.743 64.577 64.385 64.168 63.963 63.79 63.64 63.49 63.343 63.198 63.038 62.883 62.747 62.61 62.452 62.285 62.127 61.967 61.795 61.597 61.367 61.148
67.852 67.84 67.808 67.788 67.775 67.765 67.758 67.758 67.76 67.745 67.715 67.68 67.645 67.615 67.585 67.558 67.535 67.525 67.522 67.502 67.46 67.41 67.355 67.29 67.217 67.15 67.092 67.035 66.99 66.978 66.98 66.98 66.957 66.862 66.733 66.62 66.51 66.4 66.288 66.183 66.092 65.985 65.853 65.733 65.643 65.535 65.395 65.265 65.14 65.002 64.857 64.705 64.542 64.35 64.14 63.96 63.805 63.655 63.505 63.355 63.207 63.01 62.813 62.67 62.525 62.365 62.197 62.045 61.895 61.737 61.565 61.325 61.073
