EGM722_Project_Data/DTM_asc/TL4957.asc
ncols         200
nrows         200
xllcorner     549000.000
yllcorner     257000.000
cellsize      5
NODATA_value  -9999.0
[rows 32 to 63 of 200, columns 0 to 72 of 200]
12.694 12.557 11.937 10.988 10.43 10.335 10.32 10.318 10.313 10.305 10.258 10.2 10.215 10.275 10.327 10.34 10.315 10.285 10.255 10.225 10.203 10.193 10.2 10.32 10.5 10.555 10.53 10.535 10.605 10.715 10.853 11.02 11.2 11.405 11.605 11.785 11.957 12.102 12.23 12.363 12.508 12.678 12.837 12.973 13.11 13.245 13.372 13.495 13.612 13.725 13.835 13.958 14.11 14.297 14.397 14.415 14.475 14.575 14.65 14.67 14.675 14.672 14.647 14.605 14.583 14.59 14.59 14.57 14.55 14.525 14.495 14.46 14.425
11.572 11.827 11.645 11.092 10.625 10.413 10.345 10.345 10.342 10.332 10.282 10.2 10.16 10.185 10.24 10.28 10.275 10.245 10.215 10.188 10.17 10.16 10.15 10.22 10.41 10.537 10.583 10.67 10.78 10.895 11.04 11.21 11.38 11.565 11.755 11.935 12.12 12.29 12.43 12.562 12.695 12.84 12.987 13.12 13.253 13.388 13.518 13.635 13.75 13.865 13.998 14.17 14.367 14.572 14.67 14.665 14.673 14.71 14.75 14.76 14.76 14.757 14.732 14.685 14.64 14.618 14.605 14.585 14.568 14.545 14.515 14.483 14.448
10.693 11.123 11.302 11.04 10.75 10.493 10.38 10.383 10.38 10.362 10.305 10.223 10.158 10.133 10.153 10.197 10.222 10.205 10.175 10.153 10.14 10.13 10.13 10.188 10.38 10.582 10.7 10.81 10.922 11.047 11.2 11.37 11.54 11.722 11.907 12.088 12.272 12.45 12.602 12.737 12.87 13.002 13.145 13.287 13.42 13.553 13.68 13.798 13.913 14.025 14.138 14.325 14.582 14.827 14.93 14.897 14.865 14.84 14.825 14.82 14.82 14.817 14.792 14.745 14.695 14.658 14.635 14.615 14.598 14.575 14.545 14.513 14.478
10.583 10.835 11.1 11 10.785 10.54 10.425 10.425 10.412 10.382 10.325 10.25 10.188 10.143 10.12 10.125 10.155 10.162 10.135 10.115 10.108 10.12 10.163 10.263 10.45 10.657 10.805 10.918 11.038 11.17 11.325 11.495 11.675 11.875 12.065 12.243 12.425 12.602 12.757 12.89 13.02 13.148 13.295 13.46 13.607 13.74 13.865 13.985 14.1 14.21 14.275 14.37 14.625 14.98 15.097 15.003 14.952 14.915 14.885 14.863 14.855 14.85 14.825 14.78 14.735 14.703 14.682 14.665 14.642 14.615 14.585 14.55 14.523
10.635 10.728 10.89 10.895 10.78 10.593 10.475 10.455 10.43 10.397 10.345 10.28 10.223 10.173 10.135 10.108 10.103 10.11 10.098 10.09 10.115 10.173 10.255 10.383 10.558 10.75 10.907 11.028 11.158 11.293 11.445 11.625 11.828 12.037 12.227 12.403 12.578 12.755 12.91 13.04 13.167 13.293 13.438 13.61 13.78 13.927 14.055 14.175 14.29 14.4 14.458 14.513 14.718 15.1 15.235 15.093 15.018 14.975 14.945 14.915 14.893 14.88 14.855 14.815 14.78 14.75 14.728 14.71 14.685 14.655 14.625 14.6 14.593
10.683 10.663 10.713 10.72 10.663 10.595 10.525 10.483 10.45 10.418 10.37 10.313 10.257 10.203 10.16 10.13 10.1 10.083 10.09 10.128 10.195 10.273 10.368 10.513 10.693 10.878 11.033 11.16 11.29 11.42 11.578 11.778 11.993 12.2 12.39 12.565 12.735 12.907 13.06 13.187 13.313 13.44 13.583 13.75 13.927 14.09 14.225 14.342 14.457 14.57 14.665 14.802 15.012 15.285 15.38 15.255 15.15 15.063 15.005 14.975 14.945 14.92 14.893 14.86 14.83 14.8 14.775 14.752 14.725 14.697 14.68 14.672 14.67
10.71 10.655 10.655 10.668 10.643 10.635 10.6 10.54 10.498 10.46 10.41 10.35 10.293 10.238 10.193 10.16 10.13 10.105 10.143 10.243 10.335 10.413 10.513 10.668 10.853 11.035 11.197 11.335 11.463 11.588 11.753 11.965 12.18 12.385 12.56 12.72 12.89 13.06 13.21 13.335 13.46 13.59 13.723 13.875 14.045 14.21 14.352 14.472 14.587 14.7 14.815 14.967 15.17 15.372 15.417 15.322 15.227 15.133 15.07 15.04 15.01 14.98 14.95 14.92 14.89 14.852 14.815 14.787 14.76 14.73 14.705 14.692 14.685
10.712 10.65 10.67 10.74 10.752 10.745 10.7 10.625 10.565 10.52 10.465 10.395 10.328 10.27 10.228 10.195 10.17 10.155 10.22 10.365 10.495 10.587 10.688 10.843 11.025 11.205 11.375 11.527 11.667 11.795 11.96 12.175 12.387 12.592 12.755 12.888 13.043 13.21 13.36 13.488 13.618 13.753 13.878 13.998 14.145 14.31 14.455 14.582 14.7 14.812 14.908 15.003 15.16 15.347 15.39 15.295 15.22 15.183 15.153 15.118 15.083 15.053 15.025 14.992 14.95 14.895 14.845 14.815 14.787 14.75 14.698 14.648 14.635
10.7 10.63 10.668 10.792 10.857 10.857 10.805 10.723 10.645 10.588 10.527 10.45 10.373 10.305 10.263 10.24 10.225 10.213 10.285 10.45 10.612 10.745 10.863 11.015 11.195 11.375 11.545 11.707 11.865 12.003 12.17 12.382 12.593 12.8 12.965 13.085 13.218 13.368 13.512 13.648 13.788 13.93 14.05 14.148 14.263 14.413 14.557 14.685 14.807 14.925 15.02 15.093 15.193 15.33 15.367 15.303 15.27 15.265 15.245 15.205 15.163 15.128 15.097 15.052 14.992 14.928 14.875 14.842 14.807 14.765 14.708 14.635 14.635
10.675 10.61 10.655 10.8 10.922 10.96 10.91 10.827 10.742 10.667 10.597 10.52 10.443 10.37 10.325 10.308 10.293 10.278 10.355 10.525 10.698 10.865 11.02 11.185 11.365 11.545 11.715 11.88 12.045 12.2 12.38 12.59 12.8 13.007 13.172 13.297 13.417 13.538 13.67 13.813 13.96 14.1 14.212 14.31 14.408 14.528 14.66 14.785 14.913 15.035 15.13 15.205 15.28 15.352 15.375 15.357 15.355 15.352 15.33 15.287 15.24 15.197 15.152 15.09 15.025 14.96 14.903 14.863 14.823 14.78 14.74 14.702 14.71
10.67 10.628 10.665 10.785 10.93 11.007 10.975 10.892 10.805 10.72 10.66 10.61 10.545 10.473 10.425 10.405 10.385 10.375 10.46 10.63 10.805 10.98 11.155 11.337 11.522 11.712 11.888 12.048 12.21 12.38 12.575 12.785 12.997 13.207 13.372 13.492 13.6 13.703 13.828 13.972 14.117 14.242 14.345 14.445 14.545 14.653 14.773 14.9 15.028 15.147 15.24 15.315 15.382 15.397 15.385 15.387 15.392 15.39 15.372 15.337 15.29 15.245 15.19 15.12 15.055 14.995 14.935 14.883 14.84 14.8 14.743 14.717 14.732
10.72 10.71 10.728 10.79 10.91 11.002 10.987 10.91 10.825 10.74 10.698 10.687 10.652 10.587 10.538 10.518 10.503 10.498 10.588 10.76 10.935 11.11 11.288 11.475 11.673 11.893 12.105 12.248 12.375 12.553 12.753 12.963 13.177 13.377 13.535 13.655 13.76 13.86 13.983 14.125 14.255 14.36 14.455 14.555 14.663 14.778 14.9 15.03 15.15 15.257 15.347 15.425 15.457 15.412 15.378 15.382 15.382 15.377 15.37 15.352 15.317 15.275 15.22 15.153 15.093 15.04 14.978 14.91 14.86 14.817 14.725 14.633 14.64
10.818 10.822 10.83 10.848 10.91 10.987 10.98 10.912 10.84 10.76 10.72 10.725 10.722 10.69 10.652 10.635 10.627 10.625 10.715 10.89 11.065 11.24 11.42 11.623 11.848 12.095 12.352 12.52 12.63 12.765 12.93 13.138 13.352 13.525 13.658 13.79 13.912 14.02 14.14 14.267 14.375 14.47 14.568 14.675 14.79 14.91 15.032 15.155 15.265 15.365 15.455 15.51 15.487 15.41 15.373 15.372 15.368 15.363 15.355 15.345 15.33 15.302 15.253 15.193 15.14 15.09 15.025 14.95 14.888 14.832 14.735 14.618 14.59
10.902 10.912 10.922 10.935 10.96 10.992 10.973 10.91 10.848 10.783 10.745 10.742 10.75 10.75 10.742 10.74 10.742 10.75 10.845 11.02 11.195 11.373 11.57 11.803 12.052 12.307 12.575 13.26 13.667 13.405 13.245 13.313 13.51 13.668 13.793 13.92 14.048 14.168 14.285 14.392 14.488 14.583 14.688 14.805 14.925 15.045 15.162 15.272 15.375 15.472 15.55 15.555 15.49 15.408 15.365 15.36 15.355 15.35 15.343 15.335 15.33 15.325 15.302 15.258 15.203 15.143 15.073 14.997 14.925 14.857 14.775 14.695 14.642
10.902 10.917 10.935 10.955 10.98 11.032 11.04 10.98 10.923 10.873 10.795 10.743 10.75 10.76 10.77 10.777 10.79 10.853 10.993 11.168 11.343 11.513 11.725 11.985 12.247 12.51 12.975 14.189 14.742 14.182 13.798 13.625 13.703 13.9 14.06 14.18 14.3 14.372 14.428 14.52 14.618 14.72 14.828 14.935 15.05 15.172 15.275 15.357 15.45 15.545 15.607 15.59 15.513 15.428 15.383 15.378 15.373 15.363 15.353 15.348 15.343 15.35 15.372 15.362 15.31 15.238 15.133 15.028 14.95 14.88 14.812 14.747 14.677
10.85 10.865 10.885 10.905 10.965 11.1 11.167 11.122 11.068 11.022 10.865 10.728 10.735 10.745 10.755 10.765 10.825 10.975 11.157 11.332 11.497 11.648 11.858 12.13 12.4 12.73 13.33 14.539 15.094 14.662 14.322 14.043 14.025 14.252 14.437 14.56 14.63 14.587 14.575 14.665 14.77 14.885 14.99 15.083 15.183 15.297 15.385 15.428 15.493 15.585 15.637 15.62 15.555 15.475 15.43 15.422 15.412 15.395 15.38 15.373 15.368 15.383 15.43 15.467 15.445 15.372 15.238 15.075 14.963 14.885 14.818 14.752 14.68
10.813 10.815 10.835 10.88 11 11.175 11.28 11.267 11.22 11.177 10.935 10.715 10.718 10.725 10.74 10.803 10.95 11.14 11.322 11.487 11.635 11.778 11.985 12.288 12.643 13.047 13.493 14.232 14.9 14.902 14.6 14.39 14.428 14.635 14.812 14.89 14.847 14.733 14.718 14.82 14.935 15.055 15.16 15.248 15.335 15.432 15.505 15.528 15.555 15.625 15.662 15.635 15.587 15.523 15.478 15.463 15.445 15.425 15.41 15.4 15.393 15.415 15.47 15.53 15.555 15.507 15.37 15.18 15.015 14.9 14.823 14.752 14.677
10.803 10.768 10.8 10.9 11.065 11.245 11.387 11.41 11.38 11.342 11.033 10.733 10.705 10.713 10.773 10.918 11.102 11.29 11.487 11.657 11.79 11.923 12.13 12.46 12.857 13.245 13.6 13.923 14.39 14.717 14.6 14.528 14.712 14.98 15.135 15.092 14.955 14.845 14.868 14.985 15.102 15.22 15.327 15.415 15.497 15.58 15.635 15.653 15.658 15.683 15.685 15.645 15.605 15.558 15.528 15.515 15.495 15.478 15.453 15.43 15.423 15.45 15.51 15.57 15.625 15.622 15.497 15.302 15.11 14.94 14.825 14.747 14.672
10.833 10.75 10.8 10.955 11.135 11.315 11.485 11.55 11.548 11.51 11.173 10.79 10.708 10.74 10.858 11.045 11.227 11.415 11.64 11.852 11.998 12.12 12.283 12.555 12.902 13.26 13.61 13.927 14.223 14.495 14.553 14.588 14.863 15.2 15.207 14.98 14.898 14.91 15.008 15.142 15.262 15.38 15.485 15.57 15.647 15.717 15.77 15.79 15.79 15.767 15.723 15.685 15.65 15.653 15.723 15.76 15.722 15.615 15.515 15.49 15.455 15.412 15.388 15.393 15.478 15.597 15.55 15.352 15.16 14.973 14.825 14.733 14.655
10.973 10.863 10.91 11.08 11.25 11.42 11.583 11.835 12.07 12.077 11.625 10.978 10.755 10.813 10.94 11.14 11.34 11.538 11.778 12.035 12.225 12.357 12.473 12.633 12.918 13.275 13.62 13.932 14.212 14.45 14.567 14.658 14.96 15.3 15.15 14.843 14.863 14.985 15.12 15.272 15.412 15.535 15.635 15.71 15.78 15.845 15.902 15.93 15.93 15.867 15.768 15.728 15.718 15.858 16.097 16.142 15.995 15.75 15.598 15.562 15.475 15.358 15.245 15.203 15.305 15.515 15.537 15.348 15.165 14.985 14.833 14.718 14.625
11.17 11.088 11.125 11.277 11.407 11.525 11.675 12.262 12.952 12.942 12.055 11.06 10.81 10.9 11.005 11.213 11.445 11.663 11.915 12.187 12.427 12.592 12.707 12.813 12.988 13.288 13.627 13.922 14.17 14.382 14.51 14.685 15.077 15.412 15.35 15.148 15.09 15.12 15.22 15.375 15.542 15.68 15.777 15.845 15.908 15.972 16.035 16.067 16.057 15.96 15.808 15.83 16.015 16.303 16.495 16.372 16.095 15.818 15.673 15.595 15.48 15.36 15.283 15.303 15.39 15.512 15.51 15.352 15.18 15 14.848 14.723 14.608
11.275 11.247 11.277 11.38 11.467 11.543 11.763 12.492 13.377 13.214 11.968 10.965 10.805 10.957 11.068 11.265 11.535 11.79 12.055 12.325 12.592 12.807 12.942 13.047 13.16 13.35 13.623 13.88 14.105 14.32 14.518 14.8 15.18 15.485 15.582 15.52 15.427 15.378 15.388 15.48 15.655 15.82 15.917 15.975 16.035 16.098 16.16 16.2 16.168 16.043 16.125 16.5 16.82 17.007 16.682 16.173 15.985 15.832 15.71 15.6 15.477 15.355 15.303 15.35 15.415 15.462 15.427 15.305 15.165 15.01 14.865 14.737 14.613
11.305 11.3 11.322 11.37 11.433 11.563 11.788 12.495 13.397 13.08 11.8 10.918 10.763 10.948 11.105 11.323 11.64 11.943 12.215 12.485 12.755 12.99 13.152 13.267 13.37 13.49 13.673 13.9 14.133 14.363 14.59 14.862 15.175 15.46 15.62 15.647 15.627 15.592 15.55 15.61 15.795 15.975 16.077 16.128 16.18 16.233 16.287 16.33 16.413 16.518 16.827 17.212 17.337 17.214 16.52 15.913 15.85 15.8 15.707 15.587 15.462 15.34 15.263 15.258 15.295 15.345 15.31 15.195 15.08 14.972 14.862 14.737 14.613
11.33 11.325 11.343 11.375 11.433 11.518 11.648 12.59 13.594 13.07 11.763 10.928 10.828 11.028 11.223 11.463 11.79 12.12 12.4 12.67 12.917 13.12 13.295 13.447 13.565 13.668 13.818 14.028 14.263 14.492 14.675 14.868 15.138 15.43 15.61 15.675 15.692 15.668 15.653 15.758 15.962 16.147 16.255 16.302 16.347 16.37 16.367 16.522 16.76 16.987 17.225 17.29 17.2 16.77 16.153 15.873 15.822 15.765 15.675 15.56 15.44 15.32 15.23 15.185 15.185 15.225 15.19 15.075 14.98 14.92 14.84 14.718 14.615
11.358 11.35 11.375 11.45 11.545 11.52 11.583 12.72 13.747 13.067 11.763 11.013 11.003 11.25 11.47 11.703 11.985 12.3 12.59 12.835 13.032 13.208 13.39 13.572 13.732 13.855 14 14.198 14.41 14.622 14.8 14.953 15.143 15.402 15.59 15.67 15.73 15.738 15.77 15.92 16.13 16.315 16.387 16.367 16.35 16.317 16.26 16.447 16.78 17.04 17.182 17.117 16.797 16.233 15.87 15.803 15.772 15.725 15.64 15.53 15.415 15.298 15.21 15.15 15.108 15.112 15.072 14.98 14.928 14.895 14.82 14.715 14.655
11.395 11.408 11.513 11.675 11.76 11.76 11.813 12.807 13.737 13.07 11.85 11.148 11.168 11.47 11.73 11.972 12.225 12.497 12.75 12.947 13.12 13.295 13.48 13.665 13.85 14.017 14.185 14.375 14.567 14.755 14.92 15.072 15.225 15.415 15.57 15.65 15.73 15.785 15.88 16.055 16.247 16.417 16.465 16.415 16.353 16.278 16.193 16.205 16.518 16.91 16.917 16.63 16.218 15.878 15.78 15.753 15.725 15.687 15.61 15.5 15.388 15.278 15.195 15.135 15.073 15.03 14.985 14.935 14.905 14.877 14.817 14.75 14.712
11.445 11.475 11.68 11.872 11.865 11.84 11.993 12.892 13.669 13.207 12.053 11.283 11.345 11.662 11.945 12.195 12.437 12.665 12.86 13.035 13.21 13.39 13.58 13.765 13.95 14.14 14.33 14.515 14.692 14.86 15.015 15.17 15.325 15.47 15.603 15.71 15.793 15.87 15.975 16.128 16.302 16.46 16.522 16.507 16.477 16.415 16.3 16.178 16.333 16.66 16.567 16.158 15.893 15.805 15.775 15.745 15.715 15.672 15.602 15.505 15.395 15.29 15.203 15.135 15.073 15.01 14.953 14.913 14.885 14.857 14.807 14.75 14.707
11.495 11.513 11.705 11.857 11.822 11.753 12.068 13.007 13.645 13.355 12.158 11.353 11.55 11.852 12.13 12.362 12.572 12.77 12.95 13.125 13.305 13.495 13.69 13.875 14.06 14.25 14.44 14.62 14.782 14.94 15.095 15.247 15.392 15.52 15.667 15.822 15.932 16.015 16.088 16.19 16.348 16.502 16.565 16.55 16.517 16.452 16.36 16.233 16.248 16.445 16.33 16.008 15.88 15.835 15.8 15.767 15.725 15.665 15.605 15.535 15.435 15.33 15.235 15.155 15.088 15.025 14.958 14.898 14.86 14.827 14.767 14.693 14.635
11.543 11.548 11.655 11.752 11.777 11.735 12.135 13.047 13.607 13.409 12.233 11.488 11.768 12.042 12.285 12.485 12.67 12.86 13.04 13.218 13.408 13.605 13.8 13.985 14.17 14.36 14.545 14.712 14.865 15.018 15.172 15.315 15.44 15.56 15.71 15.885 16.04 16.155 16.225 16.288 16.403 16.545 16.605 16.575 16.5 16.395 16.327 16.27 16.203 16.245 16.155 15.97 15.913 15.863 15.825 15.782 15.72 15.65 15.595 15.547 15.467 15.368 15.275 15.188 15.108 15.04 14.972 14.9 14.843 14.797 14.73 14.643 14.565
11.587 11.565 11.608 11.678 11.745 11.715 12.105 12.87 13.31 13.304 12.45 11.805 11.995 12.2 12.385 12.572 12.76 12.947 13.133 13.32 13.515 13.712 13.905 14.092 14.28 14.465 14.637 14.795 14.945 15.095 15.24 15.365 15.48 15.6 15.75 15.925 16.1 16.262 16.365 16.42 16.49 16.595 16.632 16.56 16.448 16.325 16.253 16.225 16.17 16.138 16.085 16 15.947 15.893 15.845 15.79 15.72 15.65 15.59 15.545 15.488 15.405 15.315 15.225 15.14 15.062 14.988 14.913 14.843 14.775 14.695 14.605 14.515
11.62 11.575 11.588 11.645 11.715 11.69 11.885 12.398 12.757 12.837 12.502 12.153 12.178 12.31 12.468 12.655 12.845 13.033 13.227 13.427 13.625 13.82 14.005 14.185 14.37 14.552 14.717 14.87 15.02 15.162 15.29 15.405 15.52 15.643 15.798 15.978 16.158 16.342 16.47 16.535 16.595 16.662 16.655 16.558 16.448 16.335 16.265 16.235 16.203 16.155 16.088 16.025 15.975 15.92 15.883 15.848 15.785 15.715 15.65 15.598 15.53 15.432 15.335 15.245 15.157 15.078 15.005 14.93 14.847 14.755 14.658 14.565 14.475
11.64 11.595 11.605 11.645 11.695 11.975 12.2 12.138 12.215 12.323 12.31 12.275 12.29 12.398 12.553 12.74 12.928 13.115 13.318 13.527 13.73 13.927 14.107 14.27 14.443 14.625 14.79 14.94 15.082 15.21 15.327 15.443 15.56 15.685 15.848 16.042 16.232 16.415 16.54 16.607 16.677 16.735 16.712 16.628 16.535 16.438 16.373 16.34 16.295 16.225 16.138 16.055 15.995 15.943 15.925 15.93 15.895 15.83 15.767 15.7 15.582 15.44 15.33 15.24 15.158 15.09 15.022 14.94 14.837 14.725 14.623 14.53 14.443
