EGM722_Project_Data/DTM_asc/TL4958.asc
ncols         200
nrows         200
xllcorner     549000.000
yllcorner     258000.000
cellsize      5
NODATA_value  -9999.0
[rows 102 to 135 of 200, columns 76 to 151 of 200]
10.037 10.053 10.085 10.137 10.19 10.245 10.312 10.4 10.495 10.54 10.522 10.487 10.445 10.403 10.398 10.43 10.465 10.5 10.55 10.605 10.66 10.725 10.725 10.678 10.653 10.645 10.66 10.682 10.695 10.685 10.68 10.69 10.7 10.695 10.7 10.727 10.742 10.75 10.755 10.737 10.697 10.65 10.608 10.585 10.58 10.58 10.575 10.565 10.558 10.548 10.525 10.49 10.45 10.405 10.335 10.25 10.165 10.075 9.98 9.853 9.705 9.57 9.483 9.468 9.48 9.493 9.505 9.497 9.478 9.463 9.468 9.52 9.607 9.685 9.727 9.71
10.063 10.078 10.11 10.163 10.218 10.275 10.353 10.462 10.582 10.637 10.607 10.55 10.493 10.44 10.425 10.453 10.485 10.52 10.57 10.628 10.69 10.762 10.765 10.705 10.67 10.668 10.685 10.708 10.73 10.732 10.728 10.735 10.73 10.698 10.695 10.737 10.772 10.792 10.792 10.772 10.74 10.695 10.65 10.618 10.603 10.6 10.595 10.588 10.588 10.592 10.585 10.56 10.527 10.49 10.43 10.35 10.26 10.16 10.082 9.997 9.858 9.7 9.555 9.475 9.473 9.49 9.505 9.482 9.45 9.437 9.423 9.43 9.485 9.567 9.635 9.642
10.095 10.103 10.138 10.193 10.25 10.308 10.38 10.49 10.617 10.675 10.642 10.59 10.537 10.48 10.46 10.483 10.508 10.543 10.595 10.658 10.725 10.797 10.817 10.748 10.69 10.695 10.715 10.735 10.757 10.772 10.775 10.767 10.737 10.693 10.688 10.73 10.778 10.817 10.825 10.805 10.777 10.737 10.695 10.66 10.633 10.62 10.618 10.618 10.625 10.637 10.632 10.61 10.587 10.56 10.52 10.447 10.345 10.24 10.165 10.115 10.032 9.89 9.725 9.61 9.563 9.535 9.515 9.475 9.428 9.41 9.395 9.38 9.39 9.435 9.49 9.525
10.138 10.138 10.17 10.228 10.285 10.343 10.413 10.518 10.64 10.695 10.665 10.62 10.575 10.52 10.498 10.515 10.535 10.568 10.622 10.692 10.765 10.835 10.877 10.81 10.723 10.72 10.742 10.765 10.785 10.805 10.807 10.78 10.735 10.69 10.69 10.74 10.798 10.842 10.85 10.83 10.807 10.777 10.743 10.708 10.673 10.65 10.648 10.655 10.665 10.68 10.677 10.655 10.635 10.615 10.59 10.525 10.42 10.313 10.238 10.19 10.14 10.06 9.945 9.84 9.752 9.662 9.583 9.505 9.43 9.395 9.38 9.365 9.355 9.355 9.37 9.393
10.185 10.185 10.213 10.268 10.325 10.385 10.458 10.558 10.672 10.732 10.715 10.675 10.638 10.595 10.55 10.538 10.555 10.58 10.623 10.692 10.772 10.85 10.92 10.882 10.775 10.745 10.768 10.79 10.812 10.827 10.817 10.782 10.738 10.71 10.728 10.78 10.84 10.872 10.865 10.848 10.833 10.815 10.79 10.758 10.725 10.703 10.695 10.698 10.705 10.72 10.722 10.705 10.685 10.662 10.632 10.575 10.482 10.378 10.3 10.25 10.2 10.135 10.06 9.977 9.88 9.777 9.672 9.56 9.445 9.388 9.38 9.368 9.355 9.343 9.328 9.32
10.233 10.235 10.265 10.318 10.373 10.43 10.51 10.615 10.725 10.807 10.835 10.818 10.783 10.74 10.665 10.588 10.565 10.58 10.61 10.66 10.73 10.812 10.892 10.915 10.835 10.778 10.795 10.815 10.83 10.83 10.817 10.785 10.75 10.76 10.798 10.835 10.88 10.897 10.885 10.875 10.868 10.86 10.842 10.815 10.79 10.775 10.763 10.753 10.75 10.758 10.765 10.752 10.73 10.705 10.67 10.615 10.535 10.44 10.358 10.3 10.235 10.143 10.07 10.015 9.935 9.84 9.732 9.607 9.47 9.388 9.375 9.37 9.357 9.345 9.333 9.333
10.278 10.288 10.323 10.37 10.42 10.475 10.56 10.673 10.785 10.887 10.962 10.992 10.977 10.922 10.827 10.713 10.628 10.595 10.61 10.645 10.69 10.755 10.823 10.88 10.867 10.823 10.825 10.837 10.835 10.823 10.81 10.785 10.78 10.825 10.872 10.902 10.932 10.943 10.933 10.923 10.915 10.91 10.895 10.875 10.86 10.85 10.837 10.823 10.808 10.8 10.805 10.797 10.772 10.745 10.71 10.652 10.577 10.495 10.413 10.34 10.245 10.138 10.07 10.025 9.97 9.895 9.785 9.65 9.51 9.403 9.365 9.362 9.355 9.36 9.385 9.43
10.325 10.34 10.377 10.422 10.47 10.528 10.618 10.732 10.847 10.955 11.045 11.112 11.145 11.095 10.977 10.857 10.74 10.638 10.61 10.642 10.678 10.723 10.773 10.815 10.845 10.847 10.845 10.843 10.833 10.825 10.818 10.815 10.843 10.9 10.942 10.962 10.982 11.007 11.015 11 10.988 10.98 10.96 10.94 10.93 10.92 10.91 10.897 10.88 10.863 10.855 10.843 10.815 10.785 10.747 10.688 10.613 10.538 10.46 10.36 10.235 10.13 10.07 10.03 9.99 9.932 9.827 9.69 9.55 9.418 9.353 9.348 9.353 9.395 9.472 9.56
10.385 10.383 10.422 10.47 10.515 10.573 10.665 10.782 10.9 11.012 11.1 11.165 11.222 11.172 11.022 10.887 10.76 10.643 10.603 10.632 10.668 10.715 10.76 10.79 10.823 10.85 10.872 10.88 10.875 10.875 10.875 10.89 10.933 10.98 11 11.008 11.023 11.065 11.105 11.102 11.088 11.075 11.048 11.013 10.995 10.985 10.977 10.97 10.955 10.938 10.923 10.903 10.87 10.833 10.79 10.738 10.68 10.625 10.555 10.435 10.283 10.163 10.1 10.065 10.025 9.957 9.855 9.725 9.587 9.445 9.353 9.34 9.37 9.443 9.54 9.64
10.433 10.41 10.45 10.505 10.555 10.608 10.695 10.815 10.932 11.037 11.115 11.172 11.227 11.172 11.005 10.843 10.695 10.598 10.585 10.618 10.66 10.72 10.77 10.8 10.828 10.858 10.902 10.942 10.96 10.965 10.965 10.983 11.022 11.05 11.053 11.055 11.065 11.105 11.172 11.202 11.192 11.175 11.142 11.098 11.063 11.048 11.042 11.037 11.027 11.012 10.998 10.985 10.957 10.913 10.873 10.843 10.81 10.775 10.702 10.562 10.388 10.238 10.16 10.12 10.065 9.98 9.872 9.752 9.622 9.483 9.373 9.353 9.41 9.5 9.6 9.7
10.458 10.433 10.475 10.535 10.592 10.643 10.725 10.84 10.945 11.035 11.105 11.165 11.222 11.18 11.02 10.84 10.678 10.58 10.57 10.605 10.66 10.73 10.78 10.807 10.83 10.863 10.915 10.97 11.012 11.042 11.055 11.075 11.102 11.11 11.11 11.108 11.11 11.138 11.21 11.28 11.295 11.272 11.235 11.193 11.148 11.118 11.105 11.1 11.097 11.087 11.075 11.07 11.055 11.018 10.988 10.975 10.955 10.927 10.837 10.667 10.48 10.313 10.218 10.162 10.09 9.997 9.887 9.772 9.652 9.52 9.425 9.413 9.468 9.56 9.657 9.755
10.483 10.458 10.5 10.56 10.62 10.675 10.753 10.85 10.94 11.028 11.098 11.155 11.215 11.187 11.04 10.875 10.743 10.645 10.59 10.6 10.662 10.735 10.785 10.81 10.83 10.868 10.922 10.975 11.027 11.08 11.117 11.147 11.165 11.167 11.167 11.163 11.163 11.175 11.233 11.325 11.38 11.37 11.33 11.29 11.248 11.203 11.165 11.152 11.155 11.155 11.152 11.147 11.14 11.117 11.087 11.062 11.035 11.005 10.915 10.747 10.562 10.385 10.265 10.192 10.112 10.012 9.9 9.788 9.673 9.56 9.51 9.515 9.533 9.6 9.7 9.802
10.5 10.48 10.52 10.575 10.622 10.678 10.768 10.865 10.95 11.04 11.11 11.16 11.21 11.195 11.085 10.952 10.83 10.71 10.593 10.563 10.625 10.697 10.767 10.812 10.835 10.86 10.9 10.95 11.002 11.055 11.107 11.152 11.182 11.21 11.222 11.22 11.217 11.218 11.26 11.35 11.445 11.477 11.448 11.41 11.362 11.297 11.228 11.19 11.187 11.192 11.19 11.177 11.17 11.157 11.125 11.085 11.047 11.007 10.93 10.797 10.63 10.455 10.318 10.223 10.132 10.028 9.915 9.808 9.698 9.588 9.548 9.59 9.62 9.645 9.725 9.835
10.508 10.485 10.5 10.537 10.57 10.65 10.785 10.897 10.983 11.067 11.135 11.18 11.217 11.197 11.092 10.955 10.812 10.665 10.523 10.483 10.545 10.623 10.715 10.797 10.84 10.853 10.868 10.9 10.948 11 11.052 11.103 11.153 11.21 11.245 11.252 11.255 11.258 11.293 11.383 11.505 11.587 11.585 11.535 11.467 11.387 11.305 11.238 11.208 11.202 11.19 11.17 11.155 11.145 11.12 11.08 11.042 11 10.925 10.82 10.682 10.525 10.39 10.273 10.16 10.053 9.948 9.84 9.727 9.608 9.523 9.558 9.647 9.707 9.765 9.85
10.543 10.52 10.49 10.475 10.495 10.633 10.817 10.935 11.017 11.092 11.152 11.192 11.225 11.21 11.058 10.858 10.708 10.563 10.428 10.395 10.465 10.55 10.645 10.745 10.825 10.86 10.865 10.87 10.898 10.945 10.998 11.055 11.118 11.182 11.227 11.245 11.26 11.28 11.33 11.435 11.562 11.672 11.69 11.622 11.545 11.465 11.387 11.31 11.245 11.213 11.195 11.175 11.158 11.145 11.118 11.075 11.035 10.987 10.912 10.817 10.71 10.587 10.462 10.335 10.208 10.093 9.987 9.875 9.755 9.633 9.513 9.483 9.57 9.685 9.77 9.868
10.612 10.595 10.542 10.478 10.475 10.638 10.85 10.97 11.045 11.115 11.165 11.195 11.223 11.235 11.077 10.8 10.605 10.463 10.335 10.308 10.388 10.48 10.575 10.675 10.775 10.855 10.883 10.878 10.883 10.908 10.958 11.025 11.093 11.158 11.21 11.24 11.265 11.303 11.378 11.493 11.617 11.722 11.732 11.662 11.585 11.507 11.432 11.355 11.29 11.255 11.235 11.218 11.203 11.18 11.14 11.093 11.045 10.982 10.897 10.802 10.707 10.605 10.492 10.375 10.255 10.137 10.023 9.903 9.78 9.657 9.533 9.44 9.468 9.583 9.703 9.87
10.625 10.622 10.572 10.505 10.498 10.65 10.865 10.992 11.07 11.14 11.187 11.213 11.235 11.247 11.125 10.83 10.545 10.368 10.248 10.228 10.315 10.413 10.52 10.655 10.795 10.902 10.942 10.94 10.94 10.945 10.973 11.03 11.095 11.16 11.218 11.258 11.295 11.345 11.433 11.55 11.662 11.745 11.742 11.672 11.597 11.523 11.448 11.375 11.338 11.325 11.305 11.29 11.272 11.24 11.195 11.142 11.082 10.992 10.885 10.787 10.69 10.587 10.482 10.375 10.273 10.18 10.075 9.945 9.808 9.68 9.558 9.435 9.398 9.478 9.635 9.862
10.57 10.607 10.57 10.525 10.54 10.67 10.86 10.995 11.095 11.175 11.225 11.25 11.237 11.222 11.187 10.97 10.64 10.375 10.185 10.16 10.288 10.433 10.588 10.765 10.92 11.007 11.037 11.04 11.04 11.04 11.045 11.07 11.123 11.19 11.245 11.288 11.338 11.398 11.488 11.597 11.687 11.755 11.75 11.68 11.61 11.537 11.463 11.41 11.4 11.395 11.378 11.36 11.332 11.295 11.25 11.197 11.12 10.997 10.873 10.77 10.67 10.57 10.465 10.36 10.283 10.23 10.152 10.032 9.89 9.748 9.613 9.475 9.368 9.403 9.598 9.837
10.525 10.59 10.58 10.568 10.6 10.698 10.845 10.975 11.092 11.197 11.252 11.225 11.175 11.185 11.227 11.145 10.89 10.575 10.3 10.25 10.403 10.585 10.772 10.932 11.04 11.102 11.13 11.137 11.14 11.14 11.14 11.145 11.168 11.22 11.275 11.325 11.385 11.45 11.537 11.627 11.697 11.762 11.76 11.69 11.62 11.55 11.488 11.463 11.47 11.467 11.45 11.422 11.385 11.347 11.305 11.247 11.14 10.99 10.863 10.758 10.653 10.55 10.45 10.37 10.325 10.29 10.227 10.13 10.01 9.87 9.718 9.563 9.418 9.405 9.558 9.768
10.498 10.572 10.605 10.627 10.662 10.722 10.825 10.942 11.057 11.172 11.22 11.15 11.118 11.17 11.22 11.235 11.127 10.872 10.595 10.535 10.665 10.81 10.947 11.055 11.142 11.2 11.22 11.23 11.237 11.24 11.24 11.245 11.25 11.268 11.313 11.373 11.438 11.503 11.575 11.645 11.705 11.77 11.77 11.705 11.648 11.595 11.555 11.538 11.54 11.537 11.512 11.475 11.438 11.402 11.36 11.28 11.14 10.98 10.855 10.75 10.643 10.55 10.483 10.443 10.42 10.388 10.318 10.218 10.11 9.987 9.845 9.695 9.548 9.48 9.56 9.728
10.505 10.567 10.602 10.64 10.675 10.71 10.78 10.885 10.995 11.105 11.175 11.145 11.12 11.163 11.212 11.25 11.24 11.12 10.913 10.865 10.955 11 11.052 11.135 11.22 11.262 11.27 11.28 11.292 11.302 11.302 11.3 11.3 11.34 11.415 11.48 11.545 11.61 11.668 11.72 11.773 11.812 11.812 11.778 11.738 11.703 11.673 11.65 11.633 11.605 11.568 11.53 11.492 11.455 11.402 11.292 11.133 10.978 10.868 10.79 10.713 10.648 10.608 10.585 10.562 10.52 10.437 10.33 10.22 10.097 9.967 9.832 9.685 9.585 9.63 9.768
10.522 10.545 10.56 10.595 10.63 10.66 10.713 10.805 10.915 11.025 11.13 11.162 11.155 11.18 11.215 11.247 11.26 11.237 11.16 11.122 11.127 11.09 11.105 11.187 11.265 11.295 11.288 11.283 11.29 11.307 11.31 11.3 11.323 11.45 11.582 11.645 11.708 11.77 11.825 11.87 11.895 11.885 11.882 11.892 11.872 11.838 11.808 11.785 11.745 11.68 11.625 11.585 11.545 11.513 11.452 11.313 11.14 10.988 10.905 10.885 10.862 10.825 10.782 10.75 10.707 10.645 10.56 10.455 10.335 10.197 10.07 9.952 9.817 9.69 9.705 9.842
10.497 10.495 10.51 10.543 10.575 10.605 10.645 10.725 10.835 10.963 11.093 11.167 11.195 11.215 11.235 11.252 11.26 11.26 11.255 11.232 11.19 11.14 11.155 11.232 11.302 11.332 11.32 11.298 11.285 11.293 11.298 11.308 11.405 11.605 11.75 11.81 11.87 11.93 11.98 12 11.982 11.945 11.94 11.972 11.99 11.972 11.942 11.91 11.847 11.765 11.69 11.635 11.605 11.605 11.542 11.368 11.173 11.003 10.93 10.94 10.947 10.94 10.922 10.892 10.835 10.765 10.682 10.57 10.43 10.285 10.16 10.047 9.927 9.8 9.79 9.887
10.465 10.46 10.473 10.5 10.53 10.56 10.593 10.685 10.838 10.998 11.122 11.187 11.22 11.237 11.252 11.26 11.26 11.26 11.26 11.25 11.222 11.185 11.203 11.272 11.335 11.367 11.36 11.335 11.31 11.295 11.29 11.365 11.555 11.777 11.912 11.97 12.027 12.077 12.097 12.075 12.035 11.995 11.99 12.025 12.065 12.085 12.072 12.022 11.94 11.855 11.77 11.703 11.695 11.727 11.647 11.445 11.235 11.04 10.953 10.963 10.978 10.99 10.997 10.975 10.92 10.862 10.79 10.667 10.515 10.37 10.245 10.133 10.023 9.913 9.86 9.868
10.485 10.478 10.48 10.498 10.525 10.555 10.595 10.713 10.905 11.077 11.167 11.208 11.235 11.245 11.255 11.26 11.26 11.26 11.26 11.25 11.238 11.23 11.25 11.305 11.367 11.405 11.4 11.375 11.35 11.328 11.32 11.428 11.645 11.857 11.98 12.035 12.09 12.135 12.142 12.11 12.07 12.035 12.038 12.075 12.115 12.15 12.155 12.102 12.012 11.922 11.835 11.783 11.805 11.83 11.722 11.515 11.302 11.105 11.01 11.01 11.025 11.04 11.042 11.015 10.965 10.912 10.845 10.737 10.595 10.45 10.33 10.225 10.118 10.01 9.925 9.88
10.54 10.535 10.53 10.533 10.55 10.58 10.638 10.77 10.957 11.122 11.207 11.245 11.27 11.278 11.27 11.26 11.26 11.26 11.283 11.29 11.28 11.293 11.313 11.348 11.402 11.442 11.44 11.415 11.393 11.378 11.383 11.463 11.643 11.84 11.95 12.005 12.062 12.115 12.137 12.122 12.09 12.065 12.08 12.117 12.15 12.175 12.177 12.14 12.062 11.97 11.888 11.868 11.89 11.87 11.76 11.57 11.358 11.178 11.095 11.08 11.08 11.09 11.087 11.055 11 10.932 10.86 10.777 10.665 10.528 10.413 10.32 10.215 10.105 10.02 9.97
10.582 10.587 10.585 10.583 10.588 10.61 10.685 10.833 11.012 11.17 11.255 11.295 11.33 11.335 11.295 11.263 11.26 11.273 11.363 11.422 11.383 11.368 11.385 11.41 11.448 11.48 11.48 11.46 11.445 11.435 11.448 11.518 11.658 11.82 11.922 11.978 12.035 12.09 12.117 12.117 12.103 12.095 12.115 12.142 12.165 12.185 12.182 12.152 12.1 12.02 11.96 11.945 11.92 11.862 11.78 11.622 11.41 11.248 11.18 11.163 11.15 11.145 11.13 11.085 11.02 10.945 10.87 10.795 10.71 10.595 10.483 10.397 10.305 10.203 10.12 10.068
10.62 10.635 10.64 10.64 10.638 10.645 10.73 10.89 11.065 11.22 11.305 11.345 11.387 11.382 11.318 11.27 11.263 11.333 11.502 11.597 11.535 11.465 11.46 11.483 11.508 11.528 11.528 11.515 11.508 11.5 11.515 11.59 11.703 11.813 11.895 11.953 12.008 12.063 12.098 12.108 12.115 12.128 12.14 12.155 12.175 12.195 12.19 12.157 12.117 12.06 12.012 11.972 11.912 11.848 11.785 11.662 11.463 11.315 11.265 11.248 11.232 11.212 11.172 11.108 11.035 10.96 10.883 10.808 10.732 10.645 10.55 10.462 10.375 10.282 10.21 10.157
10.672 10.683 10.702 10.717 10.713 10.715 10.783 10.933 11.107 11.262 11.35 11.39 11.432 11.427 11.355 11.285 11.303 11.44 11.625 11.715 11.657 11.573 11.555 11.575 11.593 11.6 11.595 11.585 11.577 11.568 11.583 11.66 11.757 11.83 11.893 11.955 12.01 12.065 12.105 12.123 12.148 12.175 12.183 12.183 12.19 12.202 12.195 12.16 12.123 12.087 12.04 11.97 11.898 11.835 11.772 11.682 11.518 11.388 11.355 11.332 11.305 11.267 11.212 11.14 11.065 10.99 10.91 10.835 10.752 10.662 10.575 10.485 10.392 10.32 10.28 10.237
10.73 10.725 10.753 10.797 10.81 10.818 10.87 10.985 11.14 11.297 11.39 11.43 11.47 11.477 11.415 11.345 11.388 11.533 11.697 11.782 11.735 11.67 11.663 11.68 11.69 11.685 11.675 11.665 11.65 11.628 11.645 11.722 11.8 11.855 11.912 11.975 12.035 12.095 12.137 12.165 12.2 12.237 12.252 12.245 12.235 12.228 12.208 12.173 12.138 12.113 12.087 12.023 11.93 11.843 11.763 11.69 11.565 11.463 11.435 11.4 11.355 11.305 11.25 11.18 11.105 11.025 10.935 10.845 10.747 10.645 10.55 10.46 10.385 10.35 10.335 10.305
10.775 10.765 10.79 10.852 10.897 10.925 10.983 11.073 11.188 11.332 11.43 11.47 11.51 11.53 11.493 11.468 11.518 11.618 11.762 11.852 11.822 11.775 11.768 11.775 11.775 11.763 11.75 11.735 11.71 11.68 11.703 11.772 11.827 11.875 11.928 11.988 12.055 12.122 12.172 12.212 12.255 12.297 12.322 12.32 12.305 12.282 12.245 12.2 12.163 12.14 12.135 12.115 12.035 11.918 11.813 11.72 11.613 11.533 11.492 11.445 11.395 11.345 11.287 11.207 11.118 11.025 10.925 10.82 10.715 10.615 10.52 10.448 10.413 10.398 10.382 10.365
10.815 10.805 10.828 10.89 10.957 11.022 11.097 11.185 11.275 11.385 11.47 11.51 11.55 11.583 11.598 11.63 11.69 11.753 11.848 11.925 11.92 11.887 11.87 11.863 11.855 11.845 11.833 11.808 11.773 11.738 11.753 11.81 11.858 11.905 11.953 12.01 12.08 12.152 12.205 12.242 12.287 12.337 12.377 12.385 12.37 12.345 12.3 12.242 12.193 12.165 12.163 12.17 12.137 12.042 11.92 11.785 11.663 11.585 11.535 11.485 11.435 11.382 11.315 11.23 11.133 11.025 10.918 10.81 10.7 10.593 10.51 10.473 10.46 10.445 10.43 10.42
10.845 10.84 10.863 10.923 11 11.082 11.17 11.26 11.347 11.427 11.507 11.57 11.61 11.65 11.692 11.75 11.817 11.882 11.952 12.007 12.012 11.982 11.962 11.958 11.95 11.945 11.94 11.923 11.89 11.85 11.84 11.875 11.923 11.97 12.015 12.058 12.115 12.19 12.24 12.263 12.3 12.352 12.395 12.4 12.38 12.357 12.317 12.262 12.21 12.18 12.18 12.19 12.187 12.125 11.99 11.835 11.71 11.63 11.575 11.525 11.475 11.407 11.322 11.252 11.175 11.068 10.953 10.84 10.728 10.605 10.538 10.532 10.525 10.513 10.498 10.485
10.875 10.893 10.923 10.97 11.038 11.115 11.203 11.295 11.372 11.428 11.52 11.63 11.69 11.73 11.758 11.8 11.872 11.947 12.02 12.072 12.08 12.053 12.04 12.055 12.06 12.055 12.055 12.055 12.04 12.007 11.983 11.985 12.018 12.065 12.107 12.133 12.165 12.23 12.28 12.295 12.315 12.357 12.385 12.37 12.345 12.325 12.29 12.24 12.203 12.185 12.185 12.192 12.185 12.135 12.012 11.868 11.763 11.68 11.615 11.565 11.505 11.41 11.315 11.26 11.205 11.117 11.007 10.892 10.772 10.638 10.575 10.59 10.6 10.597 10.582 10.567
