EGM722_Project_Data/DTM_asc/TL4958.asc
ncols         200
nrows         200
xllcorner     549000.000
yllcorner     258000.000
cellsize      5
NODATA_value  -9999.0
[rows 68 to 101 of 200, columns 0 to 75 of 200]
10.825 10.775 10.735 10.705 10.68 10.665 10.66 10.665 10.665 10.655 10.625 10.575 10.52 10.448 10.385 10.34 10.29 10.24 10.203 10.18 10.16 10.137 10.113 10.09 10.07 10.05 10.043 10.045 10.045 10.045 10.035 10.02 10.007 9.99 9.97 9.955 9.94 9.92 9.905 9.892 9.875 9.852 9.828 9.808 9.795 9.785 9.765 9.735 9.705 9.673 9.65 9.637 9.625 9.615 9.986 11.702 13.364 13.545 13.25 12.975 12.72 12.405 11.965 11.25 10.521 10.048 9.81 9.703 9.565 9.435 9.353 9.305 9.247 9.19 9.153 9.128
10.795 10.755 10.718 10.685 10.655 10.63 10.623 10.628 10.63 10.63 10.605 10.555 10.505 10.447 10.393 10.345 10.295 10.245 10.208 10.183 10.16 10.14 10.117 10.093 10.07 10.05 10.04 10.04 10.038 10.035 10.027 10.013 10 9.987 9.97 9.955 9.94 9.92 9.903 9.885 9.865 9.845 9.825 9.81 9.8 9.787 9.765 9.735 9.708 9.68 9.658 9.638 9.62 9.608 10.203 12.125 13.802 13.927 13.477 12.87 12.453 12.357 12.385 12.28 11.948 11.29 10.538 10.078 9.675 9.453 9.37 9.31 9.245 9.19 9.155 9.128
10.78 10.743 10.705 10.67 10.64 10.608 10.593 10.598 10.6 10.602 10.585 10.542 10.495 10.445 10.395 10.345 10.295 10.248 10.213 10.188 10.165 10.142 10.12 10.095 10.07 10.048 10.038 10.04 10.038 10.033 10.025 10.013 10 9.987 9.972 9.957 9.94 9.922 9.903 9.88 9.86 9.843 9.83 9.82 9.81 9.797 9.78 9.758 9.733 9.7 9.67 9.645 9.623 9.606 10.551 12.887 14.372 14.222 13.345 12.315 11.96 11.943 12.188 13.085 13.662 13.092 12.118 11.3 10.555 9.978 9.55 9.328 9.265 9.223 9.205 9.198
10.775 10.735 10.698 10.663 10.627 10.59 10.57 10.573 10.578 10.58 10.565 10.532 10.492 10.445 10.393 10.343 10.298 10.255 10.22 10.195 10.172 10.14 10.112 10.092 10.07 10.045 10.033 10.037 10.04 10.037 10.028 10.015 10.005 9.99 9.975 9.96 9.94 9.925 9.907 9.885 9.865 9.85 9.84 9.83 9.82 9.81 9.807 9.8 9.775 9.732 9.678 9.652 9.643 9.803 11.353 13.744 14.709 13.982 12.583 11.798 11.73 11.833 12.648 14.134 14.824 14.422 13.687 12.83 11.96 11.16 10.388 9.708 9.395 9.355 9.36 9.357
10.768 10.725 10.69 10.655 10.615 10.575 10.555 10.555 10.557 10.557 10.542 10.515 10.482 10.44 10.39 10.345 10.305 10.265 10.23 10.2 10.165 10.118 10.088 10.077 10.062 10.042 10.03 10.032 10.037 10.04 10.032 10.017 10.005 9.992 9.977 9.96 9.943 9.927 9.91 9.893 9.878 9.863 9.85 9.84 9.83 9.818 9.822 9.832 9.817 9.77 9.69 9.64 9.643 10.393 12.632 14.446 14.359 13.028 11.906 11.748 11.845 12.373 13.597 14.812 15.244 15.027 14.227 13.442 13.057 12.554 11.77 10.77 9.978 9.625 9.548 9.497
10.763 10.72 10.68 10.64 10.6 10.56 10.538 10.535 10.535 10.53 10.512 10.485 10.455 10.422 10.385 10.347 10.31 10.27 10.23 10.187 10.138 10.083 10.055 10.05 10.043 10.033 10.025 10.025 10.027 10.032 10.03 10.017 10.005 9.995 9.98 9.96 9.945 9.93 9.912 9.9 9.89 9.877 9.863 9.85 9.84 9.825 9.828 9.85 9.855 9.807 9.72 9.643 9.771 11.326 13.754 14.561 13.568 12.248 11.73 11.8 12.068 12.875 13.88 14.745 15.197 14.827 13.568 12.71 12.869 13.039 12.827 12.075 11.115 10.603 10.175 9.675
10.763 10.72 10.678 10.635 10.595 10.555 10.513 10.488 10.485 10.482 10.465 10.435 10.408 10.387 10.362 10.327 10.29 10.262 10.23 10.18 10.125 10.075 10.05 10.043 10.04 10.035 10.023 10.013 10.01 10.012 10.012 10.002 9.99 9.982 9.97 9.952 9.937 9.92 9.905 9.895 9.885 9.88 9.875 9.862 9.85 9.838 9.84 9.862 9.867 9.832 9.777 9.753 10.508 12.735 14.384 14.227 13.195 12.138 11.813 11.933 12.313 12.988 13.8 14.662 15.029 14.177 12.708 11.701 11.653 12.32 12.882 12.907 12.45 12.022 11.132 9.993
10.768 10.725 10.682 10.64 10.6 10.56 10.503 10.445 10.423 10.417 10.4 10.373 10.355 10.347 10.327 10.29 10.263 10.26 10.24 10.19 10.14 10.1 10.078 10.065 10.06 10.055 10.035 10.008 9.993 9.99 9.987 9.978 9.968 9.962 9.95 9.935 9.92 9.903 9.888 9.878 9.875 9.88 9.882 9.872 9.86 9.85 9.855 9.865 9.847 9.82 9.798 10.178 11.845 13.746 14.052 13.55 13.04 12.295 11.938 12.17 12.57 13.115 13.808 14.575 14.539 13.288 12.2 11.195 10.648 11.285 12.035 12.594 12.814 12.594 11.552 10.203
10.773 10.73 10.687 10.645 10.603 10.56 10.505 10.435 10.38 10.355 10.338 10.318 10.31 10.31 10.29 10.263 10.26 10.27 10.25 10.205 10.165 10.13 10.11 10.095 10.083 10.075 10.055 10.02 9.988 9.973 9.965 9.955 9.95 9.945 9.93 9.915 9.9 9.885 9.873 9.868 9.875 9.885 9.887 9.88 9.87 9.86 9.857 9.845 9.81 9.778 9.803 10.815 12.911 13.597 12.833 12.345 12.275 12.17 12.12 12.47 12.88 13.373 13.977 14.347 13.675 12.558 11.767 10.653 9.953 10.173 10.75 11.407 11.94 11.984 11.022 10.03
10.78 10.733 10.69 10.65 10.607 10.565 10.51 10.437 10.365 10.313 10.288 10.278 10.273 10.27 10.263 10.26 10.27 10.28 10.265 10.23 10.197 10.163 10.14 10.127 10.113 10.1 10.077 10.04 10 9.968 9.95 9.94 9.933 9.925 9.91 9.895 9.88 9.865 9.86 9.865 9.877 9.89 9.892 9.885 9.875 9.865 9.845 9.81 9.77 9.733 10.053 11.395 13.181 12.909 11.6 11.125 11.058 11.925 12.67 12.853 13.208 13.658 14.052 13.852 13.005 12.162 11.025 9.948 9.648 9.615 9.83 10.205 10.695 10.76 10.153 9.818
10.778 10.735 10.688 10.638 10.595 10.555 10.5 10.427 10.355 10.293 10.263 10.258 10.25 10.24 10.245 10.262 10.275 10.285 10.275 10.245 10.218 10.195 10.175 10.158 10.142 10.127 10.102 10.065 10.025 9.985 9.96 9.95 9.94 9.925 9.9 9.88 9.865 9.85 9.848 9.855 9.867 9.88 9.88 9.872 9.867 9.865 9.83 9.775 9.735 9.76 10.503 11.94 12.829 11.802 10.456 10.166 10.403 11.977 13.399 13.632 13.805 14.037 13.987 13.477 12.697 11.535 10.206 9.62 9.615 9.63 9.65 9.67 9.865 9.935 9.813 9.795
10.773 10.74 10.692 10.628 10.573 10.53 10.475 10.405 10.338 10.28 10.255 10.25 10.235 10.213 10.218 10.25 10.272 10.285 10.275 10.25 10.238 10.237 10.222 10.19 10.17 10.155 10.13 10.095 10.055 10.015 9.99 9.98 9.965 9.942 9.908 9.873 9.853 9.84 9.835 9.838 9.845 9.855 9.855 9.85 9.855 9.867 9.83 9.755 9.705 10.023 11.055 12.139 11.952 10.418 9.618 9.773 10.075 11.213 12.827 13.976 14.354 14.237 13.87 13.269 12.062 10.538 9.748 9.643 9.655 9.67 9.69 9.707 9.723 9.768 9.8 9.788
10.78 10.75 10.705 10.635 10.565 10.51 10.453 10.388 10.325 10.273 10.248 10.235 10.21 10.18 10.183 10.22 10.255 10.28 10.282 10.275 10.28 10.29 10.275 10.235 10.203 10.183 10.157 10.122 10.085 10.045 10.02 10.005 9.982 9.957 9.92 9.873 9.843 9.83 9.825 9.825 9.828 9.835 9.838 9.84 9.855 9.875 9.84 9.753 9.775 10.353 11.28 11.694 11.047 9.871 9.553 9.757 9.745 10.041 11.098 12.609 13.686 13.932 13.399 12.275 10.83 9.863 9.678 9.687 9.695 9.708 9.725 9.74 9.748 9.775 9.792 9.78
10.787 10.76 10.715 10.645 10.567 10.498 10.438 10.38 10.32 10.268 10.235 10.21 10.18 10.153 10.153 10.185 10.225 10.262 10.287 10.302 10.32 10.337 10.327 10.29 10.25 10.215 10.182 10.147 10.11 10.07 10.042 10.02 9.995 9.97 9.932 9.885 9.843 9.82 9.815 9.815 9.815 9.818 9.823 9.835 9.855 9.875 9.852 9.78 9.978 10.61 11.175 11.09 10.418 9.88 9.755 9.743 9.73 9.72 9.938 10.586 11.725 12.529 11.987 10.731 9.898 9.693 9.705 9.72 9.73 9.742 9.755 9.765 9.77 9.782 9.787 9.775
10.792 10.762 10.712 10.64 10.562 10.488 10.428 10.38 10.325 10.27 10.23 10.2 10.17 10.148 10.138 10.153 10.19 10.23 10.265 10.292 10.32 10.347 10.345 10.31 10.27 10.232 10.197 10.16 10.12 10.077 10.045 10.022 9.997 9.972 9.937 9.89 9.848 9.825 9.82 9.82 9.82 9.815 9.808 9.813 9.83 9.85 9.852 9.828 10.23 10.897 11.055 10.585 9.983 9.753 9.74 9.73 9.72 9.71 9.655 9.676 10.113 10.553 10.333 9.88 9.715 9.71 9.718 9.735 9.752 9.765 9.77 9.775 9.78 9.785 9.785 9.775
10.79 10.747 10.69 10.62 10.547 10.47 10.413 10.377 10.332 10.278 10.238 10.21 10.183 10.165 10.145 10.133 10.155 10.195 10.23 10.258 10.288 10.322 10.325 10.288 10.253 10.23 10.202 10.165 10.12 10.07 10.035 10.015 9.992 9.967 9.932 9.888 9.858 9.848 9.845 9.842 9.835 9.82 9.8 9.788 9.793 9.81 9.825 9.848 10.342 10.87 10.65 10.115 9.798 9.738 9.725 9.717 9.707 9.695 9.663 9.655 9.693 9.718 9.725 9.728 9.727 9.725 9.73 9.745 9.762 9.772 9.775 9.778 9.78 9.782 9.78 9.773
10.775 10.722 10.662 10.597 10.527 10.45 10.395 10.365 10.33 10.283 10.245 10.223 10.203 10.187 10.167 10.143 10.135 10.16 10.195 10.225 10.26 10.3 10.302 10.27 10.248 10.23 10.205 10.167 10.117 10.063 10.025 10.005 9.985 9.962 9.93 9.898 9.88 9.873 9.87 9.86 9.84 9.82 9.8 9.78 9.768 9.773 9.795 9.875 10.307 10.54 10.155 9.818 9.73 9.722 9.71 9.702 9.692 9.678 9.668 9.68 9.71 9.732 9.74 9.738 9.735 9.735 9.74 9.753 9.765 9.775 9.78 9.78 9.78 9.78 9.778 9.775
10.75 10.695 10.635 10.573 10.505 10.433 10.38 10.35 10.32 10.288 10.26 10.24 10.225 10.21 10.19 10.165 10.14 10.138 10.163 10.2 10.24 10.28 10.285 10.265 10.25 10.23 10.202 10.16 10.11 10.055 10.015 9.995 9.975 9.957 9.935 9.915 9.905 9.895 9.885 9.868 9.845 9.823 9.8 9.78 9.76 9.748 9.81 9.97 10.192 10.14 9.835 9.71 9.71 9.708 9.7 9.69 9.68 9.668 9.673 9.695 9.72 9.745 9.755 9.752 9.747 9.745 9.75 9.76 9.767 9.775 9.78 9.78 9.783 9.785 9.785 9.785
10.725 10.67 10.618 10.567 10.505 10.435 10.385 10.355 10.325 10.298 10.277 10.26 10.242 10.225 10.202 10.177 10.155 10.14 10.155 10.195 10.235 10.27 10.272 10.25 10.232 10.215 10.187 10.145 10.092 10.038 10 9.98 9.96 9.942 9.927 9.915 9.905 9.9 9.895 9.88 9.86 9.835 9.81 9.79 9.77 9.725 9.815 10.02 9.965 9.743 9.678 9.7 9.7 9.7 9.695 9.685 9.675 9.67 9.683 9.705 9.73 9.755 9.762 9.76 9.757 9.753 9.755 9.765 9.77 9.77 9.782 9.795 9.798 9.8 9.8 9.803
10.705 10.65 10.605 10.57 10.52 10.455 10.405 10.375 10.345 10.315 10.293 10.277 10.257 10.235 10.21 10.185 10.168 10.155 10.17 10.21 10.242 10.265 10.26 10.228 10.2 10.182 10.157 10.117 10.067 10.015 9.98 9.96 9.94 9.918 9.9 9.893 9.89 9.895 9.897 9.89 9.877 9.855 9.83 9.81 9.765 9.668 9.742 9.855 9.65 9.49 9.575 9.67 9.702 9.702 9.695 9.688 9.683 9.685 9.698 9.715 9.738 9.762 9.77 9.763 9.76 9.757 9.758 9.765 9.767 9.76 9.778 9.81 9.82 9.823 9.825 9.827
10.677 10.628 10.585 10.555 10.52 10.47 10.425 10.395 10.365 10.335 10.31 10.29 10.267 10.243 10.218 10.198 10.185 10.175 10.188 10.22 10.24 10.255 10.25 10.215 10.178 10.15 10.122 10.085 10.042 9.995 9.96 9.94 9.917 9.893 9.875 9.873 9.88 9.89 9.892 9.89 9.887 9.872 9.85 9.802 9.705 9.583 9.61 9.577 9.403 9.393 9.48 9.583 9.672 9.705 9.7 9.695 9.698 9.703 9.713 9.728 9.745 9.767 9.777 9.77 9.763 9.76 9.76 9.76 9.755 9.745 9.76 9.802 9.835 9.847 9.85 9.85
10.645 10.603 10.565 10.538 10.51 10.475 10.44 10.41 10.38 10.35 10.325 10.3 10.275 10.25 10.228 10.215 10.205 10.193 10.195 10.212 10.227 10.242 10.235 10.2 10.16 10.123 10.09 10.055 10.018 9.978 9.943 9.92 9.895 9.87 9.86 9.865 9.875 9.885 9.89 9.89 9.89 9.885 9.845 9.747 9.623 9.5 9.458 9.423 9.393 9.443 9.495 9.56 9.643 9.697 9.707 9.708 9.712 9.717 9.728 9.743 9.76 9.777 9.782 9.777 9.77 9.763 9.757 9.75 9.74 9.728 9.738 9.783 9.832 9.862 9.87 9.87
10.64 10.6 10.563 10.53 10.503 10.475 10.445 10.415 10.385 10.36 10.34 10.315 10.29 10.265 10.245 10.235 10.222 10.202 10.185 10.185 10.2 10.215 10.207 10.175 10.135 10.095 10.065 10.035 10 9.965 9.933 9.908 9.883 9.863 9.86 9.87 9.88 9.887 9.893 9.898 9.9 9.9 9.832 9.703 9.575 9.45 9.4 9.438 9.488 9.538 9.59 9.643 9.69 9.71 9.71 9.715 9.72 9.728 9.74 9.755 9.772 9.787 9.79 9.782 9.775 9.765 9.755 9.745 9.735 9.723 9.73 9.773 9.825 9.862 9.877 9.88
10.66 10.62 10.58 10.538 10.503 10.475 10.445 10.415 10.39 10.373 10.355 10.333 10.31 10.285 10.265 10.252 10.232 10.205 10.175 10.155 10.158 10.172 10.167 10.137 10.1 10.06 10.035 10.017 9.99 9.955 9.925 9.9 9.88 9.87 9.87 9.877 9.882 9.888 9.897 9.91 9.917 9.92 9.85 9.7 9.555 9.43 9.418 9.51 9.582 9.635 9.685 9.735 9.755 9.73 9.71 9.715 9.723 9.735 9.75 9.763 9.778 9.795 9.797 9.785 9.775 9.767 9.757 9.745 9.735 9.725 9.738 9.78 9.822 9.852 9.87 9.877
10.68 10.64 10.6 10.555 10.51 10.475 10.445 10.42 10.403 10.387 10.37 10.35 10.33 10.305 10.285 10.267 10.237 10.205 10.175 10.145 10.125 10.128 10.12 10.09 10.057 10.023 10 9.99 9.975 9.945 9.915 9.895 9.883 9.875 9.875 9.88 9.88 9.883 9.895 9.912 9.927 9.935 9.877 9.725 9.55 9.423 9.435 9.555 9.66 9.73 9.78 9.802 9.777 9.733 9.713 9.72 9.733 9.747 9.76 9.773 9.788 9.802 9.802 9.79 9.78 9.772 9.762 9.75 9.74 9.73 9.743 9.78 9.812 9.84 9.86 9.87
10.695 10.655 10.615 10.57 10.52 10.478 10.448 10.43 10.415 10.4 10.385 10.365 10.345 10.322 10.3 10.275 10.243 10.21 10.177 10.145 10.115 10.095 10.075 10.045 10.015 9.985 9.965 9.955 9.947 9.932 9.913 9.9 9.89 9.88 9.878 9.877 9.875 9.878 9.89 9.91 9.93 9.945 9.905 9.765 9.573 9.435 9.458 9.582 9.707 9.81 9.85 9.825 9.775 9.727 9.715 9.73 9.745 9.76 9.77 9.785 9.8 9.81 9.81 9.8 9.787 9.775 9.768 9.76 9.75 9.74 9.748 9.775 9.805 9.833 9.85 9.86
10.7 10.66 10.62 10.575 10.525 10.48 10.453 10.437 10.422 10.407 10.392 10.375 10.355 10.335 10.31 10.28 10.247 10.212 10.175 10.137 10.105 10.075 10.045 10.015 9.985 9.955 9.935 9.928 9.923 9.915 9.905 9.895 9.885 9.88 9.877 9.873 9.87 9.878 9.895 9.915 9.935 9.952 9.915 9.77 9.583 9.453 9.448 9.55 9.68 9.79 9.81 9.757 9.705 9.678 9.702 9.737 9.752 9.767 9.78 9.792 9.805 9.815 9.815 9.805 9.792 9.78 9.778 9.778 9.773 9.765 9.77 9.795 9.823 9.84 9.85 9.86
10.7 10.66 10.62 10.575 10.528 10.483 10.455 10.44 10.425 10.41 10.395 10.38 10.362 10.345 10.317 10.285 10.25 10.21 10.168 10.123 10.085 10.055 10.025 9.995 9.965 9.935 9.918 9.912 9.905 9.895 9.885 9.875 9.87 9.873 9.873 9.87 9.875 9.888 9.905 9.925 9.94 9.947 9.895 9.745 9.593 9.495 9.44 9.475 9.577 9.667 9.677 9.623 9.59 9.605 9.665 9.727 9.757 9.775 9.787 9.795 9.805 9.815 9.815 9.805 9.795 9.785 9.788 9.8 9.805 9.8 9.808 9.832 9.85 9.855 9.858 9.865
10.7 10.66 10.62 10.575 10.53 10.488 10.458 10.443 10.427 10.41 10.395 10.382 10.367 10.35 10.322 10.287 10.25 10.21 10.165 10.115 10.07 10.035 10.005 9.975 9.945 9.918 9.903 9.895 9.885 9.875 9.868 9.863 9.865 9.87 9.87 9.873 9.885 9.9 9.915 9.93 9.935 9.935 9.87 9.743 9.64 9.56 9.483 9.445 9.468 9.53 9.542 9.508 9.51 9.55 9.618 9.69 9.75 9.782 9.792 9.8 9.81 9.82 9.82 9.81 9.8 9.79 9.795 9.815 9.83 9.833 9.842 9.857 9.86 9.86 9.863 9.87
10.697 10.66 10.62 10.577 10.532 10.49 10.46 10.445 10.43 10.41 10.393 10.38 10.365 10.347 10.322 10.287 10.25 10.21 10.165 10.115 10.065 10.02 9.985 9.955 9.925 9.9 9.885 9.875 9.868 9.86 9.858 9.86 9.863 9.868 9.873 9.88 9.895 9.91 9.92 9.925 9.923 9.92 9.872 9.785 9.708 9.63 9.555 9.485 9.435 9.428 9.428 9.43 9.45 9.498 9.57 9.642 9.717 9.775 9.8 9.81 9.82 9.827 9.825 9.815 9.805 9.795 9.803 9.825 9.845 9.862 9.872 9.873 9.868 9.865 9.87 9.88
10.69 10.655 10.615 10.575 10.53 10.49 10.465 10.448 10.433 10.415 10.388 10.363 10.345 10.33 10.305 10.27 10.235 10.197 10.157 10.11 10.06 10.01 9.97 9.943 9.915 9.888 9.875 9.87 9.863 9.858 9.858 9.863 9.865 9.87 9.88 9.89 9.903 9.917 9.922 9.918 9.913 9.91 9.897 9.852 9.782 9.707 9.633 9.563 9.495 9.43 9.385 9.375 9.393 9.445 9.52 9.59 9.657 9.725 9.79 9.825 9.835 9.84 9.84 9.835 9.825 9.815 9.82 9.843 9.865 9.887 9.897 9.895 9.89 9.885 9.89 9.898
10.683 10.645 10.605 10.565 10.525 10.495 10.475 10.455 10.438 10.422 10.39 10.345 10.315 10.3 10.275 10.24 10.208 10.175 10.14 10.1 10.055 10.005 9.965 9.937 9.907 9.878 9.87 9.872 9.867 9.863 9.863 9.87 9.875 9.88 9.887 9.895 9.908 9.922 9.925 9.915 9.91 9.91 9.91 9.897 9.852 9.782 9.708 9.64 9.575 9.505 9.433 9.373 9.353 9.388 9.452 9.515 9.572 9.638 9.73 9.817 9.855 9.86 9.865 9.87 9.865 9.855 9.855 9.87 9.892 9.915 9.925 9.922 9.918 9.915 9.918 9.923
10.68 10.638 10.598 10.558 10.528 10.503 10.483 10.465 10.445 10.43 10.397 10.343 10.298 10.273 10.245 10.21 10.182 10.155 10.12 10.085 10.047 10 9.96 9.93 9.895 9.863 9.855 9.862 9.867 9.867 9.868 9.875 9.882 9.888 9.893 9.9 9.913 9.925 9.927 9.92 9.913 9.91 9.91 9.907 9.892 9.85 9.785 9.717 9.647 9.57 9.492 9.413 9.343 9.325 9.365 9.422 9.478 9.545 9.64 9.755 9.845 9.877 9.885 9.895 9.9 9.895 9.895 9.905 9.92 9.942 9.952 9.948 9.945 9.945 9.945 9.953
10.687 10.637 10.593 10.558 10.535 10.51 10.488 10.472 10.455 10.437 10.402 10.35 10.298 10.253 10.218 10.185 10.158 10.13 10.098 10.063 10.028 9.99 9.953 9.92 9.885 9.85 9.84 9.85 9.86 9.868 9.873 9.88 9.89 9.895 9.9 9.91 9.92 9.93 9.932 9.925 9.915 9.907 9.905 9.9 9.895 9.882 9.84 9.772 9.695 9.61 9.525 9.445 9.36 9.293 9.288 9.33 9.383 9.453 9.553 9.668 9.78 9.867 9.905 9.915 9.925 9.93 9.935 9.945 9.955 9.97 9.977 9.975 9.975 9.975 9.978 9.99
