EGM722_Project_Data/DTM_asc/TL4957.asc
ncols         200
nrows         200
xllcorner     549000.000
yllcorner     257000.000
cellsize      5
NODATA_value  -9999.0
[rows 160 to 191 of 200, columns 73 to 145 of 200]
14.427 14.3 14.175 14.068 13.99 13.938 13.9 13.878 13.863 13.837 13.757 13.652 13.573 13.515 13.45 13.342 13.218 13.128 13.085 13.05 12.988 12.903 12.838 12.793 12.753 12.723 12.698 12.678 12.668 12.67 12.675 12.667 12.655 12.66 12.693 12.743 12.797 12.822 12.8 12.76 12.728 12.72 12.725 12.722 12.705 12.672 12.65 12.615 12.532 12.458 12.405 12.322 12.218 12.2 12.252 12.257 12.233 12.21 12.205 12.225 12.26 12.318 12.393 12.47 12.56 12.637 12.675 12.705 12.75 12.795 12.82 12.822 12.818
14.402 14.275 14.145 14.015 13.905 13.845 13.825 13.813 13.8 13.787 13.74 13.67 13.61 13.545 13.45 13.325 13.195 13.098 13.048 13.012 12.963 12.905 12.86 12.817 12.78 12.75 12.722 12.695 12.67 12.66 12.655 12.645 12.635 12.643 12.68 12.735 12.79 12.817 12.8 12.76 12.723 12.692 12.658 12.61 12.558 12.515 12.508 12.512 12.482 12.42 12.335 12.228 12.123 12.11 12.18 12.217 12.21 12.205 12.23 12.265 12.3 12.36 12.435 12.505 12.578 12.645 12.697 12.745 12.795 12.827 12.835 12.83 12.825
14.372 14.247 14.12 13.99 13.863 13.79 13.775 13.765 13.755 13.737 13.682 13.61 13.565 13.512 13.42 13.3 13.17 13.068 13.01 12.98 12.952 12.912 12.87 12.83 12.795 12.765 12.735 12.707 12.677 12.648 12.63 12.62 12.61 12.615 12.65 12.705 12.765 12.805 12.797 12.757 12.715 12.668 12.605 12.54 12.48 12.438 12.428 12.435 12.438 12.405 12.318 12.208 12.113 12.088 12.135 12.185 12.208 12.23 12.27 12.305 12.34 12.398 12.47 12.54 12.602 12.66 12.722 12.78 12.83 12.855 12.855 12.85 12.85
14.337 14.212 14.087 13.96 13.83 13.755 13.738 13.725 13.715 13.682 13.61 13.52 13.453 13.405 13.342 13.257 13.142 13.033 12.975 12.958 12.94 12.908 12.87 12.833 12.8 12.77 12.74 12.71 12.675 12.635 12.605 12.59 12.583 12.583 12.6 12.648 12.712 12.76 12.767 12.745 12.71 12.665 12.605 12.543 12.49 12.455 12.44 12.435 12.438 12.435 12.385 12.288 12.2 12.153 12.163 12.205 12.24 12.273 12.308 12.343 12.378 12.43 12.5 12.562 12.61 12.66 12.73 12.8 12.855 12.882 12.883 12.883 12.895
14.3 14.178 14.053 13.928 13.8 13.723 13.703 13.688 13.672 13.622 13.535 13.443 13.355 13.288 13.23 13.17 13.09 12.998 12.95 12.945 12.935 12.908 12.873 12.84 12.807 12.775 12.745 12.71 12.67 12.63 12.59 12.563 12.558 12.56 12.565 12.593 12.645 12.69 12.705 12.702 12.69 12.66 12.61 12.558 12.515 12.488 12.475 12.463 12.458 12.465 12.452 12.382 12.303 12.253 12.233 12.255 12.29 12.32 12.35 12.383 12.415 12.463 12.522 12.57 12.61 12.66 12.73 12.807 12.875 12.91 12.915 12.925 12.945
14.265 14.148 14.028 13.905 13.783 13.703 13.675 13.655 13.627 13.563 13.473 13.388 13.3 13.223 13.158 13.095 13.033 12.97 12.943 12.948 12.945 12.92 12.885 12.853 12.815 12.78 12.747 12.707 12.665 12.625 12.582 12.545 12.535 12.54 12.545 12.558 12.585 12.62 12.635 12.635 12.637 12.635 12.615 12.582 12.548 12.523 12.51 12.498 12.49 12.493 12.495 12.465 12.412 12.367 12.328 12.318 12.34 12.37 12.4 12.43 12.46 12.495 12.533 12.57 12.61 12.66 12.73 12.81 12.888 12.94 12.96 12.975 12.995
14.25 14.135 14.02 13.9 13.778 13.695 13.663 13.632 13.587 13.525 13.45 13.37 13.29 13.215 13.145 13.078 13.01 12.96 12.95 12.96 12.962 12.94 12.905 12.87 12.825 12.777 12.73 12.682 12.64 12.597 12.555 12.512 12.492 12.497 12.507 12.522 12.538 12.558 12.573 12.578 12.585 12.595 12.595 12.582 12.572 12.565 12.555 12.545 12.54 12.54 12.54 12.53 12.5 12.457 12.412 12.383 12.393 12.423 12.45 12.48 12.51 12.538 12.565 12.598 12.628 12.678 12.758 12.843 12.925 12.987 13.017 13.033 13.048
14.245 14.132 14.015 13.895 13.773 13.688 13.652 13.61 13.55 13.495 13.437 13.365 13.285 13.21 13.142 13.075 13.005 12.963 12.96 12.972 12.98 12.957 12.912 12.865 12.812 12.755 12.695 12.64 12.595 12.552 12.505 12.455 12.428 12.43 12.445 12.468 12.503 12.533 12.535 12.535 12.545 12.555 12.555 12.553 12.567 12.597 12.612 12.607 12.603 12.6 12.597 12.585 12.557 12.52 12.475 12.44 12.448 12.477 12.505 12.535 12.565 12.595 12.622 12.645 12.655 12.705 12.807 12.907 12.997 13.055 13.08 13.092 13.097
14.235 14.13 14.01 13.89 13.768 13.68 13.632 13.575 13.51 13.453 13.4 13.342 13.275 13.205 13.137 13.07 13 12.963 12.967 12.977 12.975 12.947 12.895 12.835 12.778 12.722 12.665 12.605 12.55 12.503 12.453 12.398 12.36 12.358 12.385 12.433 12.5 12.55 12.535 12.508 12.51 12.517 12.518 12.52 12.54 12.587 12.637 12.662 12.665 12.66 12.652 12.635 12.612 12.58 12.535 12.498 12.5 12.53 12.56 12.59 12.62 12.65 12.667 12.672 12.675 12.73 12.845 12.96 13.065 13.122 13.135 13.142 13.145
14.22 14.13 14.007 13.885 13.763 13.665 13.6 13.535 13.47 13.41 13.355 13.307 13.255 13.192 13.127 13.062 12.995 12.958 12.952 12.942 12.922 12.9 12.862 12.805 12.745 12.688 12.632 12.575 12.523 12.473 12.418 12.358 12.305 12.31 12.368 12.44 12.52 12.577 12.562 12.508 12.483 12.483 12.487 12.493 12.508 12.553 12.62 12.677 12.712 12.72 12.705 12.685 12.667 12.64 12.595 12.553 12.55 12.58 12.612 12.642 12.667 12.687 12.69 12.685 12.695 12.763 12.88 13 13.117 13.18 13.185 13.188 13.192
14.177 14.112 14.002 13.88 13.76 13.65 13.565 13.498 13.433 13.373 13.32 13.273 13.222 13.162 13.1 13.04 12.98 12.933 12.9 12.872 12.848 12.835 12.82 12.775 12.715 12.655 12.598 12.553 12.52 12.475 12.413 12.35 12.298 12.313 12.388 12.463 12.54 12.605 12.597 12.53 12.473 12.448 12.45 12.457 12.473 12.518 12.585 12.652 12.72 12.747 12.732 12.72 12.712 12.695 12.655 12.608 12.598 12.622 12.652 12.677 12.69 12.695 12.692 12.693 12.723 12.808 12.925 13.045 13.165 13.232 13.24 13.24 13.24
14.112 14.072 13.992 13.877 13.758 13.645 13.545 13.465 13.398 13.338 13.287 13.24 13.187 13.127 13.065 13.008 12.955 12.9 12.843 12.8 12.775 12.765 12.762 12.737 12.685 12.625 12.573 12.55 12.532 12.485 12.425 12.373 12.33 12.345 12.417 12.49 12.56 12.615 12.615 12.557 12.485 12.428 12.405 12.41 12.433 12.483 12.55 12.625 12.705 12.74 12.727 12.72 12.72 12.715 12.697 12.66 12.638 12.652 12.675 12.687 12.69 12.69 12.69 12.708 12.768 12.865 12.978 13.095 13.215 13.287 13.3 13.297 13.29
14.047 14.017 13.965 13.87 13.755 13.645 13.54 13.443 13.363 13.303 13.253 13.205 13.15 13.093 13.038 12.985 12.937 12.882 12.813 12.75 12.708 12.69 12.69 12.682 12.65 12.598 12.563 12.56 12.545 12.498 12.448 12.405 12.365 12.38 12.442 12.49 12.53 12.557 12.565 12.55 12.502 12.435 12.38 12.363 12.388 12.448 12.525 12.608 12.692 12.73 12.715 12.703 12.698 12.695 12.697 12.687 12.668 12.67 12.682 12.685 12.685 12.685 12.703 12.75 12.825 12.925 13.035 13.148 13.262 13.34 13.357 13.35 13.34
13.985 13.953 13.912 13.847 13.752 13.645 13.54 13.435 13.338 13.268 13.218 13.17 13.115 13.063 13.015 12.965 12.92 12.865 12.795 12.728 12.673 12.643 12.63 12.62 12.605 12.58 12.568 12.572 12.565 12.533 12.493 12.455 12.415 12.405 12.415 12.42 12.435 12.45 12.465 12.49 12.492 12.447 12.383 12.335 12.35 12.42 12.505 12.593 12.677 12.717 12.707 12.693 12.68 12.678 12.685 12.69 12.685 12.683 12.685 12.683 12.68 12.695 12.743 12.807 12.885 12.985 13.095 13.202 13.31 13.385 13.4 13.39 13.377
13.963 13.923 13.88 13.835 13.757 13.653 13.548 13.443 13.338 13.253 13.198 13.148 13.093 13.043 12.995 12.948 12.902 12.847 12.788 12.735 12.69 12.658 12.635 12.615 12.595 12.583 12.583 12.593 12.607 12.607 12.583 12.548 12.51 12.473 12.438 12.413 12.403 12.4 12.418 12.455 12.47 12.438 12.388 12.35 12.363 12.428 12.505 12.583 12.662 12.705 12.7 12.688 12.675 12.678 12.69 12.698 12.7 12.7 12.698 12.693 12.693 12.725 12.787 12.852 12.928 13.022 13.13 13.235 13.347 13.417 13.42 13.41 13.395
13.98 13.935 13.893 13.855 13.78 13.673 13.565 13.46 13.355 13.263 13.2 13.143 13.083 13.03 12.98 12.932 12.877 12.825 12.795 12.77 12.735 12.702 12.677 12.65 12.615 12.595 12.598 12.62 12.657 12.682 12.682 12.662 12.63 12.59 12.555 12.52 12.485 12.46 12.453 12.47 12.47 12.443 12.423 12.415 12.433 12.483 12.55 12.617 12.67 12.692 12.692 12.685 12.675 12.68 12.7 12.712 12.717 12.717 12.713 12.713 12.718 12.75 12.815 12.885 12.958 13.04 13.14 13.25 13.372 13.437 13.43 13.417 13.402
14 13.958 13.92 13.885 13.81 13.7 13.59 13.48 13.373 13.278 13.207 13.142 13.075 13.02 12.965 12.902 12.83 12.775 12.762 12.762 12.75 12.732 12.707 12.67 12.63 12.61 12.623 12.66 12.707 12.737 12.752 12.757 12.742 12.71 12.675 12.642 12.607 12.575 12.545 12.533 12.523 12.508 12.505 12.505 12.515 12.558 12.617 12.657 12.662 12.662 12.672 12.675 12.67 12.678 12.702 12.722 12.732 12.733 12.733 12.738 12.743 12.775 12.843 12.917 12.99 13.063 13.153 13.275 13.4 13.45 13.437 13.423 13.41
14.023 13.983 13.95 13.917 13.845 13.733 13.62 13.505 13.393 13.29 13.208 13.138 13.065 12.995 12.923 12.845 12.765 12.705 12.69 12.703 12.715 12.72 12.705 12.675 12.645 12.635 12.662 12.707 12.752 12.78 12.792 12.802 12.802 12.785 12.757 12.732 12.705 12.68 12.66 12.645 12.632 12.622 12.615 12.607 12.605 12.622 12.645 12.637 12.618 12.618 12.633 12.647 12.658 12.675 12.703 12.73 12.75 12.758 12.763 12.768 12.773 12.805 12.872 12.945 13.015 13.085 13.175 13.315 13.432 13.46 13.445 13.43 13.42
14.085 14.018 13.98 13.95 13.88 13.765 13.65 13.537 13.422 13.3 13.203 13.135 13.06 12.975 12.888 12.803 12.718 12.65 12.63 12.648 12.67 12.68 12.67 12.65 12.635 12.643 12.68 12.725 12.765 12.79 12.797 12.802 12.802 12.787 12.765 12.745 12.727 12.712 12.702 12.695 12.687 12.682 12.672 12.66 12.655 12.647 12.63 12.605 12.583 12.583 12.6 12.618 12.653 12.7 12.735 12.765 12.793 12.813 12.823 12.828 12.833 12.84 12.878 12.945 13.017 13.09 13.19 13.345 13.455 13.472 13.462 13.45 13.438
14.218 14.098 14.018 13.98 13.91 13.795 13.68 13.56 13.422 13.283 13.188 13.127 13.057 12.975 12.885 12.795 12.705 12.635 12.603 12.608 12.63 12.64 12.63 12.615 12.613 12.63 12.67 12.715 12.755 12.78 12.783 12.785 12.785 12.765 12.74 12.72 12.702 12.688 12.68 12.675 12.67 12.665 12.655 12.645 12.65 12.65 12.62 12.588 12.563 12.56 12.578 12.608 12.675 12.75 12.792 12.823 12.855 12.882 12.902 12.912 12.917 12.9 12.888 12.93 13.003 13.085 13.2 13.355 13.46 13.48 13.48 13.477 13.465
14.38 14.238 14.098 14.018 13.94 13.82 13.687 13.54 13.378 13.24 13.163 13.112 13.052 12.975 12.885 12.795 12.708 12.645 12.608 12.588 12.593 12.6 12.595 12.593 12.6 12.62 12.658 12.7 12.742 12.77 12.77 12.768 12.765 12.745 12.718 12.695 12.675 12.663 12.66 12.657 12.652 12.645 12.635 12.63 12.648 12.66 12.627 12.583 12.55 12.54 12.565 12.628 12.715 12.797 12.85 12.885 12.92 12.947 12.972 12.995 13.002 12.98 12.943 12.94 12.99 13.088 13.22 13.365 13.46 13.48 13.485 13.49 13.487
14.522 14.392 14.227 14.09 13.965 13.818 13.658 13.493 13.328 13.205 13.143 13.098 13.048 12.975 12.888 12.8 12.715 12.658 12.625 12.595 12.575 12.57 12.575 12.585 12.595 12.613 12.645 12.685 12.727 12.757 12.76 12.755 12.748 12.728 12.7 12.675 12.653 12.64 12.64 12.64 12.635 12.625 12.615 12.623 12.655 12.67 12.64 12.59 12.545 12.533 12.58 12.665 12.752 12.837 12.902 12.947 12.985 13.01 13.035 13.062 13.077 13.06 13.02 12.988 13 13.095 13.235 13.375 13.465 13.485 13.49 13.498 13.502
14.615 14.497 14.333 14.198 14.06 13.87 13.67 13.493 13.328 13.215 13.16 13.113 13.065 12.995 12.908 12.823 12.75 12.7 12.668 12.64 12.61 12.595 12.605 12.62 12.623 12.618 12.633 12.672 12.715 12.747 12.757 12.758 12.753 12.733 12.708 12.683 12.655 12.633 12.623 12.618 12.612 12.605 12.603 12.625 12.665 12.682 12.652 12.6 12.56 12.553 12.6 12.682 12.767 12.85 12.917 12.975 13.02 13.047 13.072 13.103 13.145 13.15 13.11 13.07 13.063 13.135 13.265 13.407 13.49 13.5 13.503 13.51 13.517
14.67 14.56 14.415 14.333 14.245 14.05 13.81 13.588 13.385 13.26 13.205 13.152 13.1 13.03 12.943 12.87 12.82 12.778 12.738 12.705 12.675 12.663 12.672 12.677 12.662 12.638 12.63 12.658 12.7 12.737 12.762 12.772 12.775 12.76 12.733 12.707 12.68 12.65 12.625 12.603 12.59 12.585 12.595 12.63 12.672 12.695 12.667 12.623 12.608 12.61 12.628 12.683 12.765 12.842 12.908 12.975 13.03 13.062 13.09 13.14 13.215 13.24 13.205 13.168 13.165 13.22 13.325 13.462 13.532 13.528 13.523 13.523 13.53
14.722 14.635 14.535 14.495 14.445 14.28 14.027 13.77 13.508 13.315 13.235 13.187 13.132 13.065 12.995 12.945 12.905 12.862 12.817 12.775 12.74 12.727 12.727 12.712 12.687 12.663 12.643 12.648 12.68 12.72 12.755 12.78 12.792 12.785 12.76 12.733 12.707 12.677 12.645 12.613 12.588 12.578 12.595 12.635 12.677 12.702 12.688 12.67 12.68 12.69 12.69 12.708 12.768 12.84 12.905 12.975 13.037 13.08 13.125 13.2 13.285 13.32 13.297 13.268 13.278 13.33 13.405 13.515 13.575 13.565 13.553 13.543 13.545
14.772 14.737 14.687 14.662 14.63 14.492 14.242 13.977 13.672 13.375 13.235 13.2 13.16 13.112 13.067 13.03 12.99 12.942 12.892 12.845 12.797 12.765 12.745 12.725 12.705 12.685 12.662 12.648 12.663 12.7 12.735 12.77 12.797 12.802 12.787 12.76 12.732 12.702 12.67 12.637 12.603 12.588 12.61 12.65 12.687 12.715 12.722 12.727 12.747 12.762 12.765 12.765 12.788 12.843 12.91 12.98 13.048 13.11 13.183 13.267 13.352 13.4 13.392 13.37 13.387 13.445 13.505 13.577 13.615 13.605 13.59 13.575 13.57
14.78 14.785 14.76 14.735 14.717 14.645 14.44 14.17 13.827 13.425 13.215 13.185 13.162 13.15 13.13 13.095 13.037 12.972 12.92 12.867 12.812 12.745 12.698 12.682 12.667 12.652 12.635 12.633 12.658 12.695 12.73 12.763 12.795 12.815 12.807 12.782 12.757 12.727 12.692 12.657 12.62 12.608 12.635 12.672 12.697 12.71 12.717 12.73 12.762 12.802 12.825 12.83 12.833 12.87 12.94 13.01 13.085 13.163 13.242 13.325 13.407 13.452 13.44 13.415 13.432 13.49 13.55 13.602 13.625 13.62 13.607 13.595 13.585
14.752 14.765 14.743 14.73 14.733 14.725 14.602 14.357 13.98 13.498 13.215 13.16 13.145 13.165 13.172 13.127 13.037 12.955 12.907 12.855 12.8 12.715 12.63 12.595 12.58 12.565 12.568 12.615 12.67 12.708 12.742 12.772 12.795 12.812 12.812 12.792 12.77 12.742 12.707 12.672 12.635 12.63 12.662 12.68 12.675 12.665 12.665 12.693 12.745 12.807 12.86 12.885 12.89 12.923 12.99 13.065 13.15 13.227 13.298 13.375 13.455 13.492 13.453 13.405 13.42 13.475 13.53 13.575 13.605 13.61 13.6 13.59 13.58
14.727 14.747 14.74 14.747 14.76 14.765 14.722 14.525 14.115 13.605 13.25 13.138 13.13 13.157 13.175 13.125 13.023 12.94 12.892 12.842 12.79 12.707 12.593 12.518 12.493 12.495 12.543 12.622 12.687 12.725 12.755 12.775 12.785 12.797 12.807 12.797 12.772 12.745 12.715 12.682 12.648 12.642 12.655 12.642 12.618 12.603 12.623 12.675 12.735 12.8 12.865 12.915 12.942 12.978 13.045 13.13 13.22 13.295 13.36 13.43 13.505 13.545 13.49 13.41 13.408 13.455 13.502 13.545 13.582 13.597 13.59 13.58 13.567
14.7 14.71 14.705 14.725 14.745 14.757 14.762 14.62 14.227 13.727 13.3 13.12 13.12 13.125 13.112 13.065 12.993 12.93 12.878 12.828 12.78 12.7 12.577 12.465 12.428 12.473 12.553 12.635 12.702 12.738 12.753 12.76 12.765 12.78 12.8 12.8 12.775 12.745 12.71 12.667 12.642 12.635 12.615 12.585 12.555 12.555 12.603 12.668 12.73 12.793 12.858 12.92 12.975 13.033 13.11 13.2 13.29 13.365 13.427 13.492 13.56 13.595 13.54 13.435 13.4 13.435 13.478 13.52 13.56 13.582 13.58 13.568 13.553
14.66 14.642 14.593 14.595 14.62 14.64 14.625 14.462 14.1 13.655 13.268 13.108 13.115 13.107 13.07 13.02 12.975 12.935 12.888 12.837 12.775 12.675 12.55 12.44 12.433 12.518 12.603 12.68 12.745 12.768 12.765 12.763 12.76 12.775 12.802 12.78 12.725 12.682 12.635 12.603 12.612 12.615 12.585 12.553 12.54 12.57 12.628 12.693 12.758 12.82 12.883 12.948 13.015 13.093 13.18 13.27 13.355 13.425 13.485 13.547 13.61 13.635 13.572 13.458 13.41 13.435 13.47 13.51 13.55 13.575 13.572 13.558 13.545
14.615 14.582 14.475 14.42 14.428 14.442 14.34 14.072 13.715 13.365 13.155 13.103 13.11 13.11 13.08 13.03 12.988 12.955 12.917 12.852 12.752 12.63 12.52 12.453 12.48 12.587 12.692 12.78 12.84 12.855 12.845 12.83 12.813 12.825 12.815 12.71 12.608 12.553 12.518 12.535 12.587 12.6 12.573 12.565 12.593 12.635 12.685 12.748 12.812 12.875 12.938 13.005 13.078 13.158 13.245 13.327 13.392 13.45 13.51 13.57 13.625 13.642 13.58 13.473 13.43 13.45 13.475 13.51 13.55 13.572 13.567 13.555 13.548
