EGM722_Project_Data/DTM_asc/TL4956.asc
ncols         200
nrows         200
xllcorner     549000.000
yllcorner     256000.000
cellsize      5
NODATA_value  -9999.0
[rows 32 to 63 of 200, columns 73 to 145 of 200]
13.33 13.288 13.245 13.205 13.162 13.113 13.068 13.038 13.028 13.065 13.133 13.205 13.292 13.332 13.3 13.237 13.155 13.12 13.145 13.175 13.202 13.228 13.268 13.333 13.415 13.462 13.443 13.425 13.47 13.545 13.602 13.615 13.615 13.64 13.66 13.675 13.693 13.71 13.727 13.743 13.76 13.77 13.77 13.78 13.818 13.848 13.863 13.89 13.912 13.907 13.888 13.88 13.883 13.887 13.89 13.89 13.89 13.887 13.87 13.835 13.79 13.765 13.77 13.767 13.74 13.72 13.712 13.687 13.653 13.62 13.59 13.563 13.538
13.448 13.383 13.333 13.285 13.238 13.19 13.15 13.118 13.105 13.143 13.207 13.275 13.347 13.355 13.287 13.205 13.118 13.093 13.125 13.158 13.195 13.25 13.332 13.425 13.515 13.545 13.507 13.465 13.458 13.508 13.582 13.627 13.645 13.67 13.692 13.71 13.728 13.745 13.763 13.78 13.8 13.812 13.813 13.81 13.82 13.838 13.863 13.898 13.922 13.925 13.92 13.92 13.92 13.923 13.925 13.925 13.922 13.907 13.87 13.825 13.783 13.758 13.76 13.77 13.767 13.752 13.727 13.692 13.657 13.625 13.597 13.57 13.54
13.575 13.503 13.443 13.388 13.333 13.285 13.248 13.21 13.183 13.205 13.267 13.332 13.387 13.365 13.278 13.188 13.105 13.088 13.123 13.163 13.208 13.283 13.387 13.49 13.582 13.605 13.565 13.522 13.48 13.5 13.578 13.637 13.67 13.695 13.723 13.75 13.773 13.79 13.81 13.83 13.85 13.863 13.863 13.86 13.86 13.865 13.883 13.913 13.942 13.962 13.97 13.97 13.97 13.96 13.935 13.92 13.917 13.895 13.852 13.807 13.768 13.743 13.738 13.745 13.755 13.752 13.725 13.69 13.657 13.625 13.597 13.57 13.537
13.702 13.628 13.56 13.503 13.448 13.4 13.36 13.323 13.285 13.265 13.295 13.355 13.41 13.387 13.295 13.203 13.13 13.118 13.148 13.188 13.23 13.298 13.402 13.51 13.597 13.622 13.597 13.562 13.515 13.525 13.59 13.645 13.685 13.718 13.758 13.805 13.837 13.855 13.875 13.895 13.915 13.925 13.923 13.92 13.92 13.918 13.92 13.938 13.968 14.002 14.025 14.03 14.027 13.997 13.94 13.898 13.885 13.865 13.825 13.783 13.745 13.72 13.705 13.705 13.715 13.72 13.707 13.68 13.65 13.62 13.59 13.557 13.523
13.797 13.747 13.682 13.62 13.563 13.515 13.478 13.445 13.41 13.358 13.333 13.37 13.43 13.412 13.32 13.228 13.165 13.163 13.188 13.218 13.253 13.315 13.412 13.507 13.585 13.612 13.6 13.58 13.548 13.553 13.6 13.65 13.7 13.753 13.81 13.87 13.91 13.928 13.945 13.965 13.985 13.992 13.985 13.98 13.98 13.975 13.97 13.975 13.995 14.03 14.065 14.085 14.077 14.03 13.963 13.903 13.865 13.837 13.8 13.76 13.725 13.7 13.683 13.673 13.675 13.68 13.675 13.662 13.64 13.61 13.577 13.542 13.508
13.847 13.83 13.792 13.737 13.678 13.63 13.595 13.565 13.532 13.48 13.42 13.408 13.45 13.437 13.347 13.253 13.2 13.208 13.232 13.257 13.283 13.33 13.408 13.493 13.57 13.597 13.585 13.575 13.565 13.573 13.61 13.66 13.718 13.792 13.867 13.93 13.977 14.002 14.02 14.038 14.052 14.055 14.047 14.043 14.04 14.035 14.03 14.028 14.03 14.053 14.087 14.117 14.107 14.05 13.982 13.92 13.863 13.818 13.78 13.74 13.705 13.683 13.67 13.655 13.645 13.643 13.638 13.633 13.622 13.597 13.563 13.528 13.493
13.86 13.862 13.86 13.837 13.792 13.748 13.715 13.685 13.655 13.605 13.538 13.485 13.483 13.462 13.375 13.283 13.24 13.25 13.272 13.295 13.318 13.355 13.418 13.495 13.567 13.595 13.588 13.583 13.58 13.59 13.623 13.673 13.733 13.815 13.91 13.987 14.045 14.08 14.097 14.112 14.115 14.105 14.103 14.112 14.118 14.113 14.11 14.105 14.093 14.078 14.078 14.1 14.097 14.045 13.98 13.917 13.858 13.813 13.778 13.74 13.705 13.683 13.67 13.655 13.638 13.625 13.62 13.615 13.602 13.582 13.555 13.52 13.485
13.822 13.837 13.85 13.86 13.865 13.86 13.84 13.81 13.78 13.73 13.663 13.598 13.55 13.508 13.448 13.363 13.298 13.29 13.305 13.328 13.353 13.393 13.455 13.525 13.587 13.612 13.61 13.608 13.605 13.615 13.643 13.688 13.743 13.823 13.93 14.03 14.107 14.152 14.172 14.182 14.17 14.148 14.15 14.18 14.205 14.21 14.21 14.2 14.167 14.118 14.075 14.063 14.06 14.022 13.96 13.903 13.853 13.815 13.787 13.755 13.72 13.698 13.682 13.662 13.64 13.625 13.62 13.607 13.578 13.558 13.547 13.522 13.488
13.74 13.772 13.788 13.82 13.882 13.932 13.947 13.935 13.905 13.855 13.788 13.728 13.675 13.633 13.58 13.475 13.373 13.34 13.345 13.363 13.385 13.428 13.492 13.557 13.615 13.637 13.635 13.635 13.633 13.643 13.67 13.705 13.75 13.83 13.94 14.05 14.147 14.215 14.247 14.242 14.215 14.19 14.198 14.237 14.28 14.305 14.307 14.282 14.23 14.172 14.115 14.065 14.038 14.002 13.948 13.9 13.855 13.818 13.792 13.765 13.735 13.712 13.692 13.665 13.64 13.625 13.61 13.582 13.545 13.525 13.525 13.515 13.49
13.62 13.693 13.743 13.805 13.887 13.955 14.002 14.027 14.022 13.98 13.923 13.88 13.84 13.795 13.707 13.573 13.453 13.405 13.405 13.41 13.423 13.463 13.525 13.585 13.64 13.665 13.663 13.66 13.658 13.67 13.7 13.733 13.773 13.85 13.958 14.065 14.173 14.27 14.31 14.287 14.255 14.233 14.247 14.292 14.337 14.375 14.377 14.332 14.27 14.207 14.145 14.082 14.035 13.995 13.948 13.903 13.858 13.823 13.798 13.773 13.747 13.722 13.697 13.67 13.643 13.62 13.59 13.553 13.515 13.495 13.495 13.493 13.485
13.56 13.65 13.718 13.782 13.86 13.93 13.987 14.04 14.08 14.085 14.055 14.015 13.972 13.91 13.802 13.665 13.535 13.473 13.478 13.493 13.505 13.52 13.56 13.62 13.675 13.705 13.71 13.71 13.71 13.723 13.75 13.79 13.845 13.928 14.033 14.14 14.247 14.327 14.337 14.305 14.277 14.255 14.258 14.29 14.33 14.367 14.37 14.322 14.257 14.192 14.127 14.07 14.035 14 13.955 13.91 13.868 13.838 13.815 13.79 13.758 13.723 13.692 13.667 13.642 13.615 13.58 13.543 13.503 13.48 13.48 13.48 13.48
13.58 13.66 13.705 13.745 13.805 13.87 13.93 13.992 14.055 14.107 14.135 14.115 14.067 14 13.887 13.753 13.63 13.575 13.59 13.62 13.64 13.633 13.625 13.66 13.715 13.75 13.767 13.78 13.785 13.795 13.83 13.89 13.965 14.053 14.155 14.265 14.345 14.365 14.342 14.31 14.285 14.263 14.243 14.245 14.275 14.302 14.302 14.272 14.215 14.15 14.09 14.053 14.04 14.01 13.965 13.925 13.893 13.87 13.847 13.817 13.772 13.72 13.68 13.655 13.64 13.62 13.585 13.547 13.505 13.478 13.475 13.475 13.475
13.6 13.672 13.707 13.735 13.775 13.823 13.875 13.94 14.005 14.065 14.13 14.167 14.152 14.087 13.978 13.863 13.77 13.735 13.75 13.773 13.79 13.78 13.745 13.73 13.76 13.795 13.813 13.83 13.848 13.875 13.935 14.015 14.095 14.18 14.28 14.362 14.387 14.372 14.348 14.323 14.3 14.277 14.25 14.228 14.23 14.235 14.225 14.207 14.167 14.113 14.073 14.06 14.05 14.018 13.98 13.953 13.928 13.905 13.88 13.84 13.785 13.725 13.675 13.648 13.64 13.627 13.595 13.552 13.505 13.475 13.47 13.47 13.47
13.617 13.682 13.712 13.74 13.775 13.81 13.848 13.895 13.953 14.015 14.078 14.142 14.185 14.16 14.077 13.992 13.927 13.907 13.92 13.935 13.945 13.927 13.89 13.85 13.835 13.853 13.873 13.893 13.92 13.985 14.08 14.163 14.235 14.31 14.38 14.407 14.397 14.378 14.355 14.335 14.315 14.292 14.265 14.235 14.208 14.185 14.165 14.143 14.115 14.088 14.075 14.077 14.065 14.035 14.01 13.988 13.963 13.94 13.907 13.855 13.792 13.727 13.673 13.65 13.648 13.635 13.602 13.555 13.505 13.475 13.47 13.47 13.47
13.625 13.687 13.72 13.75 13.785 13.82 13.85 13.88 13.915 13.965 14.028 14.092 14.155 14.165 14.105 14.037 14.012 14.022 14.037 14.055 14.07 14.055 14.015 13.975 13.94 13.935 13.958 13.983 14.018 14.113 14.245 14.34 14.408 14.457 14.452 14.425 14.41 14.39 14.37 14.35 14.33 14.307 14.28 14.247 14.203 14.165 14.14 14.115 14.1 14.095 14.095 14.1 14.095 14.075 14.055 14.032 14.005 13.972 13.91 13.832 13.767 13.7 13.658 13.663 13.67 13.655 13.62 13.57 13.518 13.48 13.47 13.47 13.47
13.658 13.703 13.73 13.76 13.795 13.83 13.86 13.877 13.883 13.915 13.98 14.045 14.105 14.115 14.063 14.03 14.055 14.085 14.1 14.133 14.17 14.165 14.125 14.085 14.05 14.038 14.053 14.075 14.123 14.235 14.385 14.512 14.6 14.615 14.535 14.458 14.43 14.41 14.387 14.365 14.345 14.322 14.292 14.25 14.198 14.158 14.135 14.123 14.123 14.122 14.123 14.133 14.14 14.13 14.107 14.077 14.035 13.98 13.89 13.788 13.713 13.653 13.64 13.675 13.695 13.682 13.645 13.595 13.543 13.5 13.478 13.468 13.468
13.737 13.74 13.74 13.77 13.805 13.84 13.857 13.85 13.838 13.865 13.93 13.995 14.055 14.067 14.048 14.068 14.115 14.148 14.175 14.23 14.277 14.27 14.23 14.19 14.155 14.143 14.153 14.168 14.23 14.36 14.51 14.657 14.775 14.762 14.635 14.515 14.453 14.43 14.405 14.38 14.36 14.337 14.3 14.245 14.19 14.155 14.143 14.143 14.147 14.15 14.158 14.175 14.192 14.18 14.14 14.095 14.04 13.97 13.87 13.758 13.665 13.62 13.638 13.68 13.71 13.705 13.665 13.618 13.57 13.528 13.495 13.47 13.463
13.83 13.795 13.755 13.78 13.812 13.832 13.827 13.81 13.793 13.815 13.88 13.945 14.007 14.045 14.072 14.122 14.175 14.22 14.272 14.34 14.385 14.375 14.335 14.295 14.26 14.25 14.26 14.27 14.343 14.485 14.635 14.785 14.895 14.862 14.727 14.593 14.49 14.445 14.42 14.395 14.372 14.345 14.3 14.24 14.185 14.16 14.16 14.165 14.17 14.175 14.19 14.207 14.215 14.192 14.145 14.092 14.037 13.96 13.85 13.735 13.633 13.6 13.637 13.68 13.72 13.727 13.69 13.642 13.595 13.552 13.52 13.49 13.468
13.88 13.847 13.788 13.79 13.807 13.8 13.783 13.768 13.75 13.77 13.835 13.903 13.965 14.015 14.057 14.107 14.162 14.222 14.287 14.367 14.437 14.452 14.435 14.405 14.37 14.36 14.373 14.388 14.463 14.605 14.755 14.877 14.935 14.897 14.785 14.652 14.533 14.45 14.408 14.382 14.357 14.332 14.295 14.242 14.188 14.165 14.17 14.175 14.18 14.187 14.202 14.21 14.2 14.175 14.137 14.087 14.032 13.952 13.84 13.725 13.625 13.593 13.625 13.667 13.712 13.722 13.685 13.637 13.592 13.562 13.54 13.51 13.48
13.892 13.88 13.828 13.815 13.812 13.788 13.763 13.74 13.715 13.735 13.805 13.87 13.925 13.965 13.995 14.03 14.08 14.148 14.233 14.343 14.437 14.475 14.482 14.477 14.467 14.473 14.49 14.51 14.585 14.725 14.847 14.91 14.932 14.91 14.817 14.69 14.575 14.475 14.395 14.35 14.323 14.302 14.28 14.242 14.193 14.168 14.173 14.177 14.18 14.19 14.202 14.195 14.175 14.15 14.117 14.077 14.027 13.947 13.84 13.728 13.635 13.605 13.62 13.648 13.685 13.685 13.643 13.603 13.565 13.545 13.537 13.515 13.488
13.912 13.892 13.847 13.832 13.812 13.78 13.75 13.717 13.685 13.71 13.78 13.835 13.882 13.92 13.948 13.973 14.015 14.1 14.223 14.355 14.445 14.475 14.485 14.5 14.55 14.597 14.613 14.63 14.703 14.815 14.882 14.91 14.927 14.912 14.84 14.733 14.625 14.525 14.425 14.343 14.293 14.268 14.252 14.23 14.193 14.17 14.175 14.18 14.183 14.192 14.192 14.172 14.148 14.12 14.093 14.062 14.02 13.94 13.835 13.728 13.645 13.625 13.635 13.645 13.66 13.648 13.608 13.573 13.538 13.518 13.517 13.512 13.493
13.862 13.812 13.798 13.822 13.795 13.758 13.723 13.685 13.658 13.685 13.745 13.792 13.837 13.875 13.902 13.928 13.968 14.083 14.237 14.37 14.45 14.47 14.488 14.54 14.65 14.73 14.745 14.757 14.8 14.852 14.882 14.905 14.92 14.905 14.855 14.775 14.675 14.575 14.475 14.375 14.293 14.25 14.233 14.215 14.19 14.173 14.175 14.18 14.185 14.187 14.173 14.148 14.123 14.098 14.073 14.048 14.01 13.932 13.828 13.723 13.655 13.643 13.65 13.657 13.657 13.635 13.595 13.553 13.513 13.493 13.493 13.497 13.49
13.702 13.658 13.715 13.807 13.785 13.745 13.705 13.663 13.635 13.653 13.7 13.747 13.792 13.83 13.858 13.89 13.935 14.065 14.242 14.38 14.452 14.47 14.525 14.625 14.732 14.8 14.82 14.832 14.85 14.87 14.89 14.91 14.925 14.91 14.87 14.812 14.725 14.625 14.525 14.425 14.335 14.285 14.265 14.243 14.208 14.178 14.173 14.177 14.182 14.185 14.175 14.153 14.13 14.108 14.083 14.055 14.007 13.925 13.82 13.72 13.665 13.658 13.665 13.672 13.672 13.647 13.603 13.555 13.505 13.475 13.47 13.472 13.472
13.51 13.533 13.675 13.792 13.775 13.735 13.695 13.653 13.625 13.63 13.66 13.703 13.747 13.785 13.818 13.86 13.91 14.03 14.227 14.39 14.46 14.505 14.592 14.685 14.76 14.81 14.833 14.85 14.87 14.89 14.91 14.93 14.945 14.93 14.89 14.847 14.775 14.675 14.575 14.48 14.398 14.35 14.33 14.292 14.228 14.183 14.17 14.17 14.177 14.19 14.2 14.19 14.167 14.143 14.117 14.075 14.007 13.917 13.815 13.728 13.68 13.675 13.682 13.687 13.69 13.665 13.62 13.572 13.513 13.47 13.455 13.45 13.452
13.373 13.453 13.655 13.777 13.765 13.725 13.688 13.65 13.625 13.625 13.643 13.668 13.703 13.743 13.783 13.83 13.88 13.98 14.185 14.385 14.48 14.552 14.635 14.705 14.775 14.825 14.85 14.87 14.892 14.912 14.93 14.95 14.965 14.95 14.91 14.875 14.817 14.727 14.63 14.543 14.465 14.413 14.377 14.315 14.235 14.19 14.175 14.165 14.17 14.185 14.205 14.215 14.202 14.18 14.142 14.077 14.002 13.912 13.82 13.745 13.7 13.693 13.698 13.703 13.707 13.685 13.635 13.58 13.515 13.47 13.453 13.44 13.435
13.398 13.49 13.657 13.762 13.757 13.72 13.685 13.65 13.625 13.628 13.643 13.658 13.68 13.71 13.75 13.8 13.85 13.935 14.133 14.35 14.465 14.537 14.61 14.68 14.745 14.805 14.852 14.88 14.905 14.927 14.945 14.965 14.98 14.967 14.93 14.895 14.852 14.78 14.69 14.608 14.533 14.468 14.405 14.33 14.253 14.21 14.198 14.185 14.183 14.193 14.208 14.223 14.23 14.207 14.145 14.067 13.987 13.905 13.832 13.765 13.72 13.71 13.715 13.72 13.722 13.7 13.642 13.58 13.518 13.475 13.458 13.443 13.425
13.483 13.535 13.637 13.72 13.722 13.682 13.643 13.625 13.633 13.65 13.668 13.685 13.703 13.713 13.73 13.77 13.82 13.903 14.095 14.292 14.395 14.467 14.535 14.605 14.665 14.732 14.81 14.867 14.902 14.925 14.945 14.957 14.955 14.937 14.912 14.887 14.862 14.822 14.755 14.677 14.605 14.53 14.455 14.383 14.315 14.28 14.27 14.263 14.26 14.265 14.273 14.28 14.29 14.21 14.083 13.997 13.912 13.84 13.777 13.738 13.73 13.733 13.737 13.74 13.74 13.715 13.655 13.59 13.533 13.495 13.475 13.452 13.415
13.77 13.608 13.568 13.618 13.635 13.605 13.593 13.615 13.658 13.692 13.715 13.732 13.745 13.75 13.743 13.75 13.79 13.875 14.047 14.21 14.307 14.39 14.46 14.522 14.578 14.648 14.732 14.815 14.88 14.912 14.917 14.907 14.885 14.863 14.847 14.832 14.817 14.805 14.782 14.742 14.685 14.613 14.543 14.478 14.42 14.39 14.383 14.38 14.38 14.383 14.388 14.395 14.387 14.237 14.01 13.875 13.79 13.72 13.683 13.7 13.74 13.757 13.76 13.76 13.755 13.725 13.672 13.615 13.56 13.525 13.495 13.447 13.385
14.6 14.313 14.033 13.865 13.713 13.598 13.603 13.648 13.693 13.733 13.76 13.775 13.785 13.795 13.787 13.765 13.77 13.848 13.987 14.115 14.215 14.307 14.382 14.435 14.488 14.563 14.648 14.743 14.845 14.89 14.865 14.833 14.808 14.788 14.772 14.757 14.743 14.733 14.735 14.74 14.73 14.695 14.642 14.587 14.535 14.505 14.5 14.5 14.5 14.5 14.505 14.515 14.487 14.31 14.028 13.8 13.67 13.63 13.655 13.708 13.757 13.78 13.78 13.78 13.765 13.727 13.682 13.635 13.587 13.542 13.485 13.415 13.345
15.217 15.052 14.81 14.585 14.362 14.048 13.845 13.828 13.813 13.798 13.8 13.815 13.825 13.835 13.84 13.815 13.783 13.818 13.915 14.02 14.12 14.22 14.297 14.345 14.413 14.508 14.608 14.72 14.84 14.882 14.83 14.768 14.73 14.71 14.695 14.683 14.673 14.668 14.675 14.7 14.732 14.742 14.715 14.675 14.637 14.62 14.62 14.617 14.615 14.617 14.622 14.612 14.57 14.447 14.208 13.915 13.67 13.6 13.662 13.72 13.772 13.8 13.8 13.8 13.777 13.735 13.693 13.65 13.605 13.54 13.458 13.378 13.305
15.137 15.24 15.192 15.052 14.905 14.607 14.32 14.19 14.08 13.998 13.948 13.923 13.898 13.883 13.885 13.873 13.838 13.828 13.86 13.935 14.035 14.14 14.227 14.28 14.388 14.52 14.625 14.745 14.862 14.895 14.827 14.743 14.688 14.673 14.668 14.663 14.665 14.67 14.673 14.693 14.73 14.752 14.74 14.712 14.687 14.685 14.705 14.722 14.73 14.725 14.705 14.66 14.61 14.565 14.45 14.205 13.89 13.673 13.65 13.712 13.77 13.807 13.815 13.815 13.792 13.75 13.71 13.67 13.622 13.548 13.455 13.368 13.283
14.305 14.582 14.78 14.895 14.98 15.002 14.89 14.707 14.542 14.405 14.275 14.17 14.1 14.05 14.018 13.985 13.943 13.915 13.91 13.933 13.985 14.07 14.17 14.24 14.415 14.592 14.665 14.77 14.887 14.91 14.835 14.76 14.71 14.698 14.703 14.708 14.72 14.73 14.718 14.71 14.733 14.76 14.755 14.728 14.7 14.7 14.735 14.775 14.802 14.79 14.74 14.68 14.63 14.595 14.562 14.46 14.215 13.878 13.678 13.685 13.745 13.795 13.82 13.825 13.807 13.77 13.73 13.69 13.645 13.572 13.48 13.385 13.283
