EGM722_Project_Data/DTM_asc/TL4956.asc
ncols         200
nrows         200
xllcorner     549000.000
yllcorner     256000.000
cellsize      5
NODATA_value  -9999.0
[rows 96 to 127 of 200, columns 0 to 72 of 200]
13.39 13.245 13.18 13.158 13.13 13.123 13.148 13.177 13.2 13.212 13.2 13.165 13.138 13.138 13.135 13.118 13.105 13.1 13.108 13.128 13.153 13.178 13.202 13.22 13.258 13.325 13.387 13.437 13.462 13.452 13.407 13.342 13.275 13.2 13.18 13.23 13.295 13.367 13.422 13.43 13.41 13.4 13.398 13.398 13.405 13.415 13.425 13.33 13.253 13.3 13.348 13.395 13.448 13.5 13.522 13.5 13.458 13.425 13.443 13.505 13.585 13.683 13.788 13.953 14.23 14.537 14.757 14.912 15.07 15.21 15.31 15.375 15.42
13.432 13.27 13.193 13.173 13.153 13.14 13.133 13.13 13.14 13.148 13.13 13.095 13.06 13.04 13.028 13.015 13.005 13.003 13.018 13.043 13.068 13.095 13.125 13.155 13.21 13.285 13.345 13.397 13.435 13.42 13.36 13.295 13.232 13.168 13.163 13.228 13.305 13.382 13.43 13.43 13.41 13.4 13.395 13.395 13.405 13.415 13.42 13.348 13.3 13.347 13.393 13.44 13.487 13.527 13.537 13.505 13.458 13.415 13.433 13.518 13.62 13.728 13.833 13.983 14.248 14.555 14.77 14.922 15.08 15.237 15.37 15.457 15.52
13.457 13.3 13.238 13.233 13.218 13.203 13.18 13.153 13.135 13.12 13.098 13.068 13.038 13.01 12.99 12.98 12.968 12.958 12.968 12.99 13.013 13.038 13.065 13.105 13.17 13.245 13.3 13.34 13.377 13.367 13.307 13.245 13.183 13.13 13.155 13.24 13.32 13.397 13.437 13.43 13.418 13.417 13.413 13.403 13.405 13.415 13.407 13.36 13.348 13.393 13.44 13.482 13.502 13.51 13.542 13.555 13.515 13.465 13.503 13.618 13.725 13.833 13.938 14.075 14.318 14.602 14.787 14.923 15.077 15.23 15.36 15.455 15.535
13.46 13.333 13.295 13.305 13.3 13.287 13.265 13.232 13.185 13.14 13.115 13.095 13.075 13.053 13.03 13.015 12.997 12.968 12.96 12.983 13.005 13.025 13.05 13.093 13.153 13.202 13.235 13.265 13.297 13.3 13.252 13.19 13.133 13.095 13.143 13.247 13.335 13.412 13.447 13.438 13.435 13.44 13.437 13.423 13.41 13.415 13.39 13.365 13.393 13.44 13.47 13.472 13.455 13.445 13.51 13.597 13.61 13.568 13.618 13.762 13.885 13.99 14.103 14.245 14.448 14.682 14.835 14.935 15.07 15.22 15.35 15.445 15.533
13.452 13.368 13.345 13.36 13.37 13.367 13.34 13.292 13.227 13.17 13.143 13.13 13.117 13.102 13.08 13.06 13.032 12.983 12.965 12.988 13.01 13.033 13.063 13.105 13.15 13.17 13.175 13.19 13.215 13.23 13.197 13.138 13.093 13.065 13.115 13.232 13.337 13.425 13.46 13.455 13.458 13.462 13.462 13.447 13.425 13.417 13.393 13.39 13.427 13.445 13.435 13.407 13.38 13.378 13.45 13.567 13.652 13.663 13.725 13.887 14.035 14.15 14.278 14.435 14.605 14.782 14.91 14.988 15.083 15.213 15.34 15.443 15.548
13.443 13.398 13.393 13.407 13.422 13.422 13.39 13.33 13.26 13.2 13.17 13.16 13.15 13.14 13.125 13.107 13.062 12.995 12.975 12.995 13.015 13.038 13.07 13.105 13.135 13.15 13.145 13.14 13.145 13.16 13.14 13.093 13.063 13.04 13.085 13.2 13.317 13.425 13.472 13.475 13.483 13.488 13.487 13.472 13.448 13.43 13.415 13.41 13.407 13.385 13.358 13.333 13.305 13.31 13.388 13.503 13.623 13.712 13.82 13.987 14.155 14.297 14.432 14.577 14.72 14.85 14.955 15.04 15.125 15.228 15.343 15.458 15.578
13.435 13.42 13.427 13.442 13.455 13.44 13.405 13.357 13.29 13.23 13.2 13.19 13.18 13.17 13.157 13.132 13.067 12.995 12.98 13 13.023 13.058 13.093 13.113 13.128 13.135 13.133 13.125 13.115 13.118 13.115 13.108 13.09 13.05 13.068 13.165 13.285 13.402 13.48 13.505 13.513 13.517 13.517 13.502 13.478 13.455 13.42 13.38 13.35 13.32 13.293 13.268 13.25 13.28 13.373 13.493 13.62 13.738 13.86 14.017 14.19 14.352 14.49 14.615 14.737 14.845 14.942 15.037 15.135 15.24 15.36 15.488 15.615
13.448 13.445 13.453 13.465 13.465 13.43 13.392 13.37 13.32 13.26 13.23 13.22 13.21 13.192 13.165 13.122 13.05 12.988 12.983 13.01 13.053 13.12 13.17 13.18 13.18 13.18 13.183 13.183 13.18 13.18 13.18 13.172 13.132 13.073 13.07 13.145 13.255 13.37 13.462 13.522 13.547 13.552 13.55 13.535 13.51 13.485 13.427 13.348 13.303 13.275 13.245 13.235 13.255 13.313 13.418 13.542 13.665 13.767 13.87 14.005 14.165 14.33 14.472 14.595 14.707 14.81 14.908 15.005 15.113 15.24 15.383 15.525 15.66
13.475 13.475 13.478 13.485 13.465 13.41 13.368 13.355 13.337 13.292 13.26 13.245 13.222 13.192 13.15 13.095 13.028 12.983 13.003 13.06 13.13 13.212 13.275 13.29 13.277 13.267 13.267 13.27 13.272 13.27 13.247 13.2 13.138 13.08 13.083 13.143 13.23 13.337 13.427 13.502 13.562 13.587 13.582 13.562 13.538 13.515 13.455 13.338 13.258 13.238 13.235 13.26 13.303 13.365 13.47 13.592 13.7 13.793 13.895 14.018 14.155 14.31 14.455 14.572 14.675 14.775 14.873 14.98 15.113 15.26 15.41 15.557 15.7
13.505 13.505 13.505 13.502 13.473 13.42 13.375 13.348 13.335 13.31 13.278 13.25 13.215 13.178 13.128 13.065 13.01 13.003 13.063 13.145 13.225 13.307 13.372 13.38 13.345 13.32 13.315 13.315 13.31 13.29 13.25 13.197 13.14 13.088 13.095 13.153 13.218 13.303 13.39 13.467 13.542 13.602 13.615 13.593 13.57 13.547 13.485 13.35 13.245 13.238 13.273 13.315 13.355 13.415 13.518 13.63 13.725 13.815 13.92 14.04 14.163 14.298 14.43 14.54 14.64 14.74 14.85 14.983 15.135 15.287 15.435 15.582 15.73
13.53 13.53 13.53 13.525 13.502 13.465 13.42 13.373 13.353 13.36 13.338 13.285 13.233 13.175 13.118 13.065 13.038 13.068 13.14 13.222 13.305 13.387 13.442 13.427 13.375 13.345 13.34 13.337 13.32 13.285 13.24 13.19 13.137 13.093 13.103 13.157 13.207 13.27 13.347 13.422 13.498 13.575 13.625 13.625 13.605 13.582 13.512 13.373 13.258 13.255 13.31 13.36 13.407 13.467 13.557 13.655 13.745 13.835 13.94 14.06 14.18 14.295 14.415 14.533 14.638 14.74 14.865 15.015 15.162 15.305 15.45 15.6 15.747
13.555 13.55 13.55 13.552 13.545 13.512 13.465 13.425 13.43 13.472 13.457 13.382 13.3 13.21 13.143 13.11 13.113 13.155 13.218 13.29 13.37 13.452 13.492 13.457 13.398 13.368 13.36 13.342 13.31 13.27 13.225 13.175 13.125 13.088 13.093 13.13 13.173 13.227 13.295 13.37 13.45 13.53 13.602 13.642 13.64 13.62 13.537 13.393 13.268 13.248 13.312 13.375 13.432 13.482 13.567 13.675 13.765 13.855 13.96 14.077 14.18 14.275 14.4 14.54 14.667 14.785 14.912 15.052 15.182 15.313 15.455 15.605 15.76
13.59 13.575 13.57 13.575 13.577 13.555 13.515 13.508 13.545 13.595 13.575 13.48 13.375 13.268 13.193 13.178 13.2 13.245 13.305 13.368 13.438 13.517 13.542 13.49 13.425 13.39 13.37 13.335 13.295 13.255 13.21 13.16 13.113 13.078 13.075 13.098 13.128 13.173 13.24 13.323 13.408 13.488 13.56 13.625 13.662 13.655 13.562 13.42 13.29 13.245 13.3 13.36 13.405 13.438 13.505 13.625 13.757 13.872 13.972 14.067 14.14 14.233 14.37 14.52 14.667 14.81 14.947 15.075 15.198 15.323 15.46 15.618 15.79
13.632 13.613 13.595 13.595 13.6 13.592 13.585 13.6 13.63 13.657 13.62 13.517 13.412 13.307 13.245 13.255 13.29 13.335 13.395 13.455 13.517 13.582 13.585 13.52 13.455 13.405 13.365 13.325 13.282 13.24 13.195 13.148 13.108 13.075 13.068 13.085 13.105 13.143 13.213 13.295 13.378 13.455 13.523 13.59 13.652 13.67 13.59 13.455 13.325 13.258 13.28 13.32 13.348 13.373 13.408 13.503 13.67 13.842 13.957 14.022 14.088 14.2 14.353 14.508 14.663 14.82 14.965 15.09 15.212 15.335 15.468 15.632 15.817
13.677 13.655 13.628 13.615 13.618 13.62 13.622 13.63 13.642 13.645 13.59 13.495 13.4 13.305 13.255 13.272 13.32 13.382 13.45 13.51 13.57 13.62 13.612 13.55 13.485 13.423 13.365 13.315 13.268 13.225 13.183 13.14 13.105 13.073 13.06 13.075 13.103 13.153 13.225 13.305 13.385 13.463 13.53 13.595 13.655 13.675 13.615 13.495 13.365 13.278 13.27 13.298 13.325 13.353 13.378 13.44 13.588 13.787 13.92 13.975 14.058 14.198 14.36 14.52 14.68 14.84 14.982 15.105 15.225 15.347 15.465 15.615 15.805
13.717 13.69 13.66 13.638 13.635 13.635 13.62 13.61 13.617 13.612 13.552 13.458 13.365 13.278 13.22 13.225 13.29 13.387 13.47 13.53 13.585 13.62 13.622 13.58 13.513 13.448 13.383 13.32 13.265 13.218 13.175 13.138 13.105 13.07 13.053 13.07 13.115 13.18 13.255 13.335 13.418 13.5 13.57 13.627 13.667 13.672 13.62 13.52 13.403 13.31 13.295 13.323 13.347 13.372 13.395 13.45 13.573 13.75 13.877 13.948 14.058 14.21 14.375 14.537 14.7 14.857 14.995 15.118 15.24 15.365 15.47 15.593 15.762
13.755 13.725 13.695 13.668 13.655 13.645 13.625 13.608 13.6 13.58 13.515 13.425 13.338 13.25 13.18 13.185 13.273 13.387 13.48 13.545 13.587 13.607 13.62 13.6 13.54 13.475 13.41 13.345 13.285 13.245 13.208 13.155 13.108 13.068 13.048 13.075 13.14 13.21 13.285 13.368 13.455 13.54 13.605 13.64 13.655 13.655 13.605 13.515 13.418 13.34 13.328 13.35 13.37 13.39 13.41 13.473 13.58 13.72 13.843 13.943 14.07 14.22 14.385 14.55 14.715 14.87 15.007 15.133 15.258 15.385 15.487 15.583 15.707
13.79 13.76 13.73 13.7 13.675 13.655 13.635 13.615 13.598 13.563 13.49 13.403 13.315 13.223 13.143 13.158 13.265 13.382 13.485 13.55 13.577 13.592 13.607 13.61 13.57 13.505 13.44 13.375 13.325 13.325 13.31 13.24 13.17 13.11 13.068 13.09 13.167 13.24 13.317 13.402 13.49 13.572 13.622 13.638 13.645 13.647 13.602 13.518 13.433 13.37 13.355 13.368 13.388 13.41 13.433 13.5 13.605 13.72 13.843 13.963 14.085 14.23 14.398 14.563 14.728 14.885 15.025 15.15 15.275 15.402 15.502 15.58 15.658
13.8 13.77 13.74 13.71 13.687 13.67 13.65 13.63 13.612 13.577 13.503 13.41 13.32 13.228 13.15 13.16 13.258 13.375 13.485 13.545 13.562 13.578 13.592 13.607 13.59 13.535 13.47 13.405 13.385 13.432 13.435 13.365 13.292 13.205 13.12 13.11 13.175 13.252 13.33 13.412 13.497 13.577 13.627 13.645 13.655 13.66 13.627 13.555 13.475 13.415 13.395 13.4 13.413 13.428 13.455 13.533 13.648 13.765 13.893 14.02 14.135 14.26 14.415 14.583 14.747 14.905 15.05 15.182 15.308 15.43 15.53 15.597 15.635
13.795 13.76 13.73 13.705 13.693 13.682 13.665 13.648 13.637 13.615 13.545 13.448 13.353 13.26 13.2 13.21 13.273 13.368 13.475 13.532 13.548 13.563 13.578 13.592 13.597 13.562 13.498 13.448 13.468 13.545 13.555 13.49 13.41 13.292 13.183 13.14 13.17 13.245 13.323 13.4 13.483 13.562 13.622 13.657 13.677 13.682 13.655 13.597 13.525 13.463 13.443 13.447 13.452 13.45 13.48 13.58 13.71 13.835 13.965 14.097 14.212 14.318 14.445 14.605 14.77 14.925 15.075 15.22 15.35 15.472 15.575 15.617 15.618
13.81 13.755 13.723 13.708 13.7 13.693 13.68 13.668 13.665 13.652 13.59 13.49 13.39 13.295 13.253 13.28 13.325 13.385 13.467 13.517 13.533 13.548 13.563 13.578 13.592 13.577 13.525 13.51 13.568 13.652 13.675 13.612 13.502 13.355 13.245 13.195 13.188 13.24 13.317 13.393 13.47 13.547 13.607 13.652 13.692 13.705 13.675 13.625 13.567 13.51 13.49 13.487 13.47 13.438 13.475 13.617 13.772 13.905 14.035 14.17 14.287 14.387 14.493 14.63 14.79 14.945 15.092 15.24 15.382 15.515 15.612 15.622 15.59
13.847 13.77 13.728 13.718 13.713 13.71 13.7 13.69 13.692 13.69 13.635 13.535 13.435 13.338 13.305 13.342 13.387 13.433 13.478 13.508 13.52 13.533 13.548 13.563 13.578 13.582 13.568 13.593 13.672 13.757 13.787 13.71 13.565 13.403 13.3 13.262 13.233 13.248 13.31 13.385 13.46 13.532 13.592 13.637 13.685 13.712 13.69 13.64 13.592 13.545 13.507 13.475 13.43 13.378 13.435 13.618 13.802 13.962 14.102 14.22 14.32 14.425 14.537 14.662 14.807 14.96 15.107 15.255 15.402 15.545 15.627 15.607 15.56
13.87 13.785 13.748 13.753 13.748 13.742 13.72 13.693 13.69 13.697 13.667 13.585 13.488 13.39 13.358 13.395 13.44 13.485 13.51 13.515 13.52 13.533 13.548 13.56 13.572 13.577 13.582 13.63 13.712 13.797 13.835 13.752 13.592 13.428 13.325 13.29 13.26 13.255 13.298 13.368 13.44 13.51 13.572 13.62 13.665 13.702 13.69 13.64 13.595 13.555 13.505 13.448 13.395 13.358 13.44 13.633 13.825 14.002 14.14 14.23 14.305 14.41 14.54 14.665 14.79 14.922 15.062 15.21 15.355 15.497 15.582 15.56 15.523
13.87 13.785 13.768 13.8 13.802 13.787 13.745 13.693 13.668 13.67 13.662 13.62 13.542 13.445 13.413 13.448 13.488 13.532 13.552 13.54 13.533 13.545 13.56 13.57 13.57 13.535 13.518 13.57 13.65 13.732 13.772 13.722 13.595 13.435 13.328 13.285 13.263 13.26 13.293 13.35 13.413 13.483 13.55 13.6 13.645 13.687 13.68 13.63 13.59 13.562 13.52 13.46 13.415 13.41 13.51 13.695 13.87 14.01 14.115 14.205 14.29 14.388 14.507 14.627 14.74 14.85 14.968 15.1 15.24 15.38 15.485 15.488 15.475
13.878 13.79 13.785 13.837 13.855 13.83 13.775 13.715 13.665 13.645 13.635 13.615 13.575 13.498 13.468 13.503 13.538 13.577 13.592 13.57 13.553 13.558 13.57 13.565 13.525 13.445 13.413 13.47 13.55 13.63 13.662 13.632 13.562 13.437 13.33 13.288 13.27 13.27 13.3 13.35 13.403 13.463 13.527 13.58 13.623 13.667 13.667 13.625 13.595 13.572 13.532 13.485 13.473 13.5 13.6 13.752 13.877 13.97 14.055 14.155 14.257 14.357 14.467 14.58 14.69 14.795 14.9 15.015 15.135 15.265 15.39 15.427 15.44
13.903 13.81 13.808 13.87 13.897 13.865 13.805 13.745 13.685 13.64 13.615 13.595 13.573 13.533 13.523 13.557 13.59 13.622 13.63 13.605 13.58 13.573 13.562 13.512 13.428 13.338 13.318 13.378 13.453 13.53 13.555 13.515 13.47 13.4 13.325 13.293 13.28 13.28 13.31 13.36 13.41 13.458 13.51 13.56 13.6 13.645 13.655 13.628 13.602 13.577 13.548 13.535 13.557 13.59 13.66 13.76 13.843 13.92 13.998 14.09 14.197 14.305 14.417 14.53 14.64 14.745 14.85 14.96 15.065 15.178 15.3 15.372 15.415
13.948 13.865 13.863 13.92 13.932 13.882 13.82 13.757 13.698 13.65 13.628 13.615 13.59 13.565 13.57 13.6 13.632 13.66 13.657 13.632 13.605 13.59 13.56 13.488 13.405 13.33 13.323 13.385 13.455 13.51 13.51 13.465 13.418 13.375 13.333 13.303 13.29 13.29 13.32 13.37 13.417 13.463 13.51 13.558 13.6 13.64 13.65 13.627 13.603 13.583 13.57 13.58 13.61 13.635 13.683 13.763 13.84 13.915 13.983 14.045 14.135 14.245 14.36 14.477 14.59 14.695 14.8 14.91 15.015 15.117 15.217 15.31 15.387
14.013 13.943 13.945 13.972 13.945 13.88 13.815 13.755 13.703 13.665 13.662 13.665 13.64 13.615 13.61 13.63 13.662 13.682 13.672 13.648 13.638 13.645 13.618 13.553 13.488 13.423 13.418 13.48 13.535 13.555 13.535 13.49 13.445 13.413 13.378 13.333 13.303 13.3 13.33 13.38 13.425 13.47 13.52 13.57 13.615 13.645 13.645 13.625 13.608 13.595 13.588 13.595 13.618 13.643 13.695 13.782 13.867 13.945 14.005 14.04 14.09 14.18 14.298 14.42 14.537 14.645 14.75 14.857 14.957 15.047 15.135 15.242 15.35
14.088 14.023 14.01 13.99 13.935 13.87 13.81 13.763 13.72 13.685 13.69 13.707 13.69 13.665 13.653 13.665 13.69 13.7 13.688 13.678 13.7 13.735 13.715 13.648 13.582 13.518 13.513 13.557 13.577 13.582 13.565 13.525 13.493 13.47 13.442 13.39 13.333 13.313 13.34 13.387 13.433 13.48 13.53 13.58 13.625 13.648 13.643 13.633 13.625 13.615 13.605 13.608 13.625 13.648 13.703 13.795 13.89 13.972 14.022 14.05 14.08 14.133 14.233 14.358 14.48 14.592 14.7 14.797 14.88 14.958 15.048 15.165 15.29
14.15 14.087 14.04 13.985 13.923 13.863 13.818 13.78 13.74 13.705 13.71 13.742 13.74 13.718 13.703 13.703 13.712 13.715 13.715 13.735 13.775 13.815 13.805 13.74 13.672 13.605 13.587 13.605 13.605 13.607 13.597 13.572 13.55 13.532 13.51 13.46 13.388 13.338 13.348 13.392 13.44 13.487 13.535 13.585 13.643 13.68 13.673 13.653 13.643 13.635 13.625 13.625 13.638 13.655 13.708 13.8 13.9 13.985 14.03 14.055 14.082 14.113 14.19 14.31 14.43 14.543 14.64 14.723 14.795 14.87 14.965 15.085 15.215
14.19 14.122 14.055 13.99 13.93 13.878 13.838 13.8 13.76 13.728 13.733 13.77 13.785 13.772 13.755 13.738 13.73 13.73 13.725 13.74 13.78 13.817 13.822 13.777 13.71 13.642 13.623 13.635 13.635 13.635 13.625 13.605 13.585 13.567 13.545 13.497 13.425 13.355 13.348 13.395 13.445 13.49 13.54 13.605 13.682 13.745 13.745 13.708 13.68 13.66 13.645 13.643 13.65 13.665 13.713 13.795 13.887 13.967 14.012 14.04 14.068 14.118 14.215 14.33 14.438 14.53 14.608 14.683 14.758 14.833 14.908 15.01 15.14
14.218 14.145 14.078 14.015 13.963 13.915 13.868 13.823 13.78 13.75 13.755 13.79 13.822 13.825 13.802 13.773 13.755 13.755 13.73 13.703 13.718 13.752 13.77 13.752 13.7 13.638 13.633 13.66 13.665 13.662 13.645 13.618 13.595 13.572 13.54 13.492 13.43 13.36 13.348 13.395 13.443 13.495 13.565 13.65 13.735 13.812 13.832 13.795 13.755 13.718 13.688 13.665 13.66 13.67 13.708 13.778 13.857 13.932 13.98 14.013 14.068 14.165 14.282 14.395 14.48 14.538 14.608 14.687 14.765 14.84 14.885 14.95 15.07
