EGM722_Project_Data/DTM_asc/TL4959.asc
ncols         200
nrows         200
xllcorner     549000.000
yllcorner     259000.000
cellsize      5
NODATA_value  -9999.0
[rows 165 to 197 of 200, columns 73 to 145 of 200]
15.068 15.038 14.993 14.933 14.87 14.805 14.735 14.665 14.587 14.5 14.41 14.32 14.24 14.173 14.125 14.105 14.095 14.052 13.972 13.887 13.802 13.697 13.577 13.46 13.345 13.23 13.112 12.995 12.88 12.783 12.695 12.605 12.515 12.427 12.332 12.23 12.13 12.035 11.945 11.855 11.76 11.68 11.625 11.57 11.512 11.442 11.35 11.255 11.16 11.153 11.255 11.373 11.477 11.562 11.64 11.717 11.795 11.852 11.78 11.605 11.438 11.325 11.26 11.195 11.138 11.095 11.07 11.055 11.04 11.02 11.003 10.988 10.973
15.05 15.017 14.963 14.898 14.83 14.76 14.69 14.62 14.55 14.475 14.393 14.305 14.218 14.148 14.118 14.11 14.1 14.055 13.967 13.88 13.795 13.7 13.59 13.472 13.357 13.24 13.125 13.015 12.915 12.827 12.742 12.655 12.562 12.47 12.372 12.27 12.17 12.075 11.985 11.892 11.795 11.715 11.66 11.605 11.54 11.462 11.37 11.275 11.183 11.18 11.283 11.39 11.485 11.567 11.645 11.722 11.79 11.837 11.792 11.645 11.485 11.38 11.315 11.25 11.185 11.135 11.11 11.095 11.082 11.063 11.045 11.03 11.01
15.045 15.01 14.95 14.88 14.805 14.73 14.663 14.595 14.525 14.455 14.382 14.3 14.213 14.148 14.123 14.117 14.11 14.06 13.96 13.863 13.775 13.685 13.585 13.475 13.36 13.24 13.128 13.033 12.95 12.865 12.78 12.692 12.595 12.5 12.407 12.31 12.21 12.115 12.022 11.925 11.825 11.745 11.69 11.63 11.555 11.475 11.387 11.295 11.205 11.215 11.32 11.41 11.487 11.563 11.64 11.707 11.75 11.772 11.762 11.66 11.513 11.42 11.355 11.29 11.225 11.175 11.15 11.135 11.125 11.107 11.088 11.07 11.05
15.035 14.997 14.932 14.855 14.778 14.703 14.635 14.57 14.5 14.433 14.365 14.29 14.208 14.15 14.13 14.122 14.115 14.067 13.965 13.855 13.758 13.665 13.57 13.467 13.357 13.243 13.143 13.063 12.987 12.905 12.815 12.72 12.62 12.525 12.435 12.342 12.247 12.152 12.055 11.955 11.858 11.78 11.717 11.645 11.562 11.48 11.397 11.312 11.23 11.245 11.34 11.415 11.485 11.56 11.625 11.662 11.682 11.698 11.712 11.655 11.54 11.46 11.395 11.33 11.265 11.213 11.188 11.178 11.17 11.152 11.13 11.11 11.09
15.022 14.98 14.905 14.827 14.752 14.675 14.603 14.54 14.478 14.413 14.345 14.275 14.2 14.15 14.135 14.127 14.12 14.075 13.977 13.863 13.75 13.65 13.555 13.455 13.353 13.255 13.173 13.097 13.022 12.94 12.845 12.745 12.645 12.548 12.455 12.365 12.275 12.18 12.082 11.985 11.89 11.81 11.732 11.65 11.568 11.485 11.405 11.322 11.25 11.263 11.34 11.412 11.482 11.54 11.573 11.59 11.608 11.625 11.645 11.63 11.567 11.497 11.432 11.367 11.302 11.25 11.228 11.222 11.215 11.197 11.172 11.15 11.128
14.985 14.942 14.87 14.795 14.72 14.64 14.575 14.523 14.467 14.407 14.34 14.27 14.198 14.143 14.12 14.112 14.105 14.07 13.985 13.87 13.75 13.653 13.568 13.47 13.37 13.283 13.205 13.13 13.055 12.967 12.87 12.77 12.67 12.57 12.473 12.38 12.287 12.192 12.097 12.003 11.913 11.83 11.748 11.665 11.58 11.488 11.4 11.318 11.253 11.265 11.335 11.407 11.477 11.532 11.563 11.58 11.6 11.618 11.635 11.632 11.587 11.52 11.452 11.387 11.322 11.273 11.255 11.252 11.242 11.225 11.202 11.177 11.15
14.922 14.882 14.822 14.752 14.677 14.603 14.555 14.517 14.463 14.407 14.347 14.28 14.205 14.138 14.09 14.065 14.055 14.03 13.967 13.87 13.755 13.663 13.592 13.507 13.41 13.32 13.238 13.158 13.082 12.995 12.895 12.795 12.695 12.592 12.488 12.388 12.293 12.2 12.105 12.015 11.935 11.855 11.775 11.687 11.59 11.485 11.385 11.3 11.245 11.265 11.332 11.395 11.46 11.54 11.615 11.652 11.67 11.688 11.697 11.667 11.597 11.525 11.458 11.392 11.328 11.283 11.268 11.262 11.25 11.232 11.215 11.19 11.16
14.86 14.82 14.762 14.702 14.632 14.568 14.533 14.507 14.46 14.403 14.345 14.285 14.217 14.148 14.08 14.028 14.003 13.975 13.925 13.855 13.757 13.668 13.605 13.537 13.45 13.36 13.275 13.188 13.107 13.02 12.92 12.82 12.72 12.615 12.505 12.398 12.3 12.21 12.12 12.04 11.965 11.885 11.797 11.697 11.595 11.49 11.383 11.285 11.233 11.258 11.32 11.375 11.433 11.52 11.625 11.705 11.75 11.772 11.757 11.69 11.603 11.528 11.462 11.397 11.333 11.293 11.277 11.262 11.245 11.23 11.217 11.197 11.173
14.795 14.757 14.7 14.643 14.583 14.533 14.507 14.492 14.457 14.4 14.34 14.282 14.222 14.157 14.09 14.025 13.973 13.925 13.873 13.815 13.742 13.67 13.61 13.547 13.472 13.39 13.305 13.215 13.13 13.045 12.95 12.85 12.748 12.64 12.53 12.42 12.315 12.223 12.143 12.067 11.99 11.905 11.807 11.702 11.6 11.495 11.385 11.28 11.223 11.243 11.3 11.355 11.41 11.495 11.6 11.705 11.795 11.832 11.79 11.7 11.607 11.53 11.465 11.4 11.335 11.293 11.275 11.255 11.235 11.22 11.21 11.197 11.182
14.715 14.69 14.647 14.59 14.533 14.493 14.475 14.465 14.437 14.385 14.325 14.265 14.205 14.142 14.077 14.012 13.953 13.895 13.838 13.783 13.725 13.665 13.605 13.54 13.47 13.395 13.31 13.223 13.148 13.075 12.987 12.89 12.788 12.68 12.57 12.457 12.34 12.243 12.167 12.09 12.007 11.91 11.805 11.702 11.6 11.505 11.405 11.3 11.235 11.248 11.303 11.355 11.413 11.498 11.603 11.708 11.805 11.847 11.797 11.702 11.597 11.513 11.45 11.385 11.322 11.273 11.245 11.225 11.205 11.19 11.18 11.17 11.162
14.625 14.61 14.587 14.542 14.488 14.45 14.435 14.425 14.402 14.355 14.295 14.235 14.175 14.11 14.045 13.985 13.935 13.885 13.825 13.77 13.715 13.655 13.592 13.528 13.462 13.387 13.3 13.223 13.165 13.1 13.02 12.932 12.835 12.73 12.617 12.497 12.37 12.268 12.19 12.107 12.02 11.915 11.8 11.695 11.595 11.512 11.435 11.34 11.268 11.273 11.325 11.378 11.44 11.525 11.63 11.727 11.802 11.837 11.792 11.69 11.57 11.478 11.417 11.355 11.295 11.24 11.2 11.175 11.155 11.14 11.13 11.12 11.118
14.535 14.518 14.502 14.477 14.438 14.408 14.395 14.385 14.367 14.325 14.262 14.2 14.14 14.078 14.02 13.97 13.922 13.872 13.815 13.758 13.702 13.642 13.578 13.515 13.452 13.378 13.298 13.235 13.185 13.122 13.047 12.967 12.877 12.775 12.657 12.53 12.398 12.29 12.207 12.12 12.03 11.925 11.805 11.69 11.588 11.51 11.447 11.372 11.3 11.295 11.348 11.405 11.468 11.553 11.65 11.725 11.782 11.822 11.782 11.665 11.535 11.44 11.382 11.325 11.265 11.213 11.168 11.13 11.105 11.09 11.08 11.07 11.07
14.463 14.44 14.425 14.41 14.388 14.37 14.36 14.35 14.335 14.292 14.228 14.165 14.108 14.053 14.005 13.96 13.91 13.857 13.802 13.745 13.687 13.627 13.565 13.505 13.44 13.373 13.313 13.26 13.21 13.147 13.07 12.99 12.907 12.81 12.687 12.555 12.422 12.31 12.22 12.13 12.037 11.932 11.815 11.695 11.588 11.51 11.448 11.382 11.32 11.318 11.375 11.435 11.495 11.57 11.645 11.703 11.758 11.805 11.765 11.633 11.495 11.4 11.345 11.29 11.233 11.185 11.14 11.095 11.058 11.037 11.03 11.02 11.02
14.425 14.398 14.383 14.368 14.353 14.34 14.328 14.317 14.305 14.262 14.2 14.14 14.085 14.038 13.992 13.947 13.9 13.84 13.778 13.722 13.665 13.605 13.542 13.48 13.423 13.377 13.335 13.285 13.235 13.17 13.09 13.01 12.925 12.822 12.697 12.562 12.43 12.313 12.212 12.12 12.027 11.932 11.825 11.705 11.595 11.515 11.45 11.385 11.328 11.33 11.39 11.45 11.512 11.575 11.633 11.688 11.743 11.787 11.75 11.623 11.483 11.375 11.308 11.253 11.198 11.15 11.107 11.06 11.003 10.968 10.962 10.955 10.96
14.405 14.375 14.36 14.342 14.325 14.31 14.298 14.285 14.272 14.235 14.175 14.12 14.07 14.023 13.977 13.932 13.885 13.822 13.75 13.688 13.63 13.57 13.508 13.453 13.41 13.378 13.347 13.305 13.255 13.19 13.11 13.025 12.927 12.815 12.69 12.557 12.425 12.303 12.193 12.095 12.003 11.915 11.825 11.715 11.605 11.523 11.458 11.398 11.34 11.333 11.385 11.448 11.517 11.577 11.628 11.682 11.737 11.767 11.73 11.627 11.495 11.373 11.28 11.215 11.163 11.113 11.067 11.007 10.928 10.883 10.878 10.873 10.898
14.382 14.353 14.335 14.315 14.298 14.283 14.27 14.255 14.24 14.205 14.15 14.103 14.057 14.01 13.963 13.917 13.87 13.807 13.733 13.66 13.595 13.538 13.485 13.443 13.408 13.375 13.347 13.315 13.272 13.21 13.125 13.027 12.92 12.805 12.68 12.55 12.422 12.3 12.183 12.075 11.978 11.89 11.81 11.715 11.613 11.53 11.468 11.412 11.355 11.335 11.378 11.448 11.525 11.585 11.628 11.678 11.732 11.747 11.7 11.617 11.505 11.385 11.278 11.188 11.125 11.075 11.015 10.935 10.845 10.798 10.793 10.808 10.875
14.347 14.322 14.305 14.287 14.272 14.258 14.243 14.228 14.212 14.18 14.132 14.087 14.042 13.997 13.95 13.902 13.855 13.79 13.715 13.64 13.568 13.513 13.472 13.437 13.402 13.372 13.345 13.315 13.282 13.222 13.127 13.02 12.91 12.795 12.67 12.54 12.415 12.295 12.177 12.062 11.958 11.87 11.787 11.7 11.615 11.542 11.482 11.425 11.365 11.338 11.378 11.455 11.532 11.592 11.635 11.678 11.727 11.73 11.667 11.592 11.505 11.4 11.292 11.187 11.095 11.02 10.943 10.855 10.765 10.72 10.73 10.785 10.89
14.295 14.28 14.265 14.25 14.243 14.235 14.222 14.207 14.185 14.15 14.105 14.057 14.007 13.96 13.915 13.865 13.812 13.755 13.687 13.612 13.54 13.485 13.45 13.42 13.39 13.363 13.337 13.31 13.275 13.207 13.105 12.995 12.885 12.77 12.645 12.515 12.387 12.267 12.152 12.038 11.933 11.845 11.762 11.677 11.597 11.532 11.475 11.415 11.355 11.33 11.375 11.455 11.535 11.6 11.645 11.687 11.717 11.69 11.615 11.537 11.462 11.37 11.262 11.155 11.047 10.955 10.88 10.8 10.71 10.668 10.705 10.795 10.91
14.238 14.23 14.218 14.21 14.218 14.217 14.202 14.182 14.15 14.11 14.065 14.012 13.953 13.9 13.855 13.802 13.745 13.695 13.645 13.577 13.505 13.453 13.42 13.395 13.375 13.35 13.325 13.292 13.245 13.17 13.063 12.95 12.84 12.725 12.6 12.472 12.345 12.223 12.11 12.003 11.903 11.815 11.735 11.645 11.553 11.488 11.44 11.385 11.325 11.308 11.36 11.445 11.54 11.612 11.655 11.682 11.675 11.62 11.537 11.458 11.382 11.292 11.185 11.075 10.97 10.885 10.82 10.752 10.675 10.645 10.708 10.815 10.93
14.185 14.18 14.178 14.188 14.202 14.2 14.175 14.145 14.11 14.067 14.017 13.96 13.897 13.84 13.79 13.735 13.675 13.625 13.585 13.535 13.47 13.423 13.398 13.38 13.365 13.34 13.305 13.257 13.202 13.13 13.025 12.908 12.795 12.68 12.555 12.427 12.303 12.183 12.075 11.975 11.878 11.79 11.702 11.6 11.498 11.433 11.395 11.35 11.295 11.285 11.35 11.445 11.547 11.622 11.65 11.637 11.597 11.535 11.453 11.373 11.295 11.205 11.102 10.995 10.89 10.805 10.74 10.688 10.64 10.643 10.725 10.835 10.95
14.135 14.135 14.145 14.162 14.175 14.167 14.135 14.097 14.062 14.017 13.957 13.895 13.835 13.777 13.722 13.665 13.605 13.555 13.515 13.475 13.433 13.4 13.382 13.367 13.35 13.317 13.267 13.212 13.157 13.09 12.99 12.87 12.755 12.637 12.51 12.38 12.258 12.148 12.048 11.95 11.853 11.757 11.657 11.55 11.445 11.378 11.34 11.3 11.255 11.265 11.352 11.455 11.555 11.612 11.605 11.565 11.518 11.455 11.375 11.293 11.207 11.115 11.012 10.907 10.808 10.74 10.698 10.66 10.633 10.658 10.75 10.86 10.975
14.08 14.08 14.09 14.105 14.117 14.105 14.067 14.03 13.992 13.947 13.885 13.82 13.763 13.71 13.657 13.6 13.54 13.49 13.453 13.418 13.39 13.37 13.355 13.34 13.317 13.272 13.215 13.16 13.105 13.04 12.942 12.825 12.707 12.585 12.458 12.333 12.215 12.115 12.022 11.925 11.827 11.723 11.613 11.505 11.403 11.335 11.295 11.255 11.215 11.235 11.327 11.43 11.54 11.587 11.555 11.51 11.457 11.39 11.31 11.227 11.12 11.002 10.897 10.795 10.713 10.698 10.702 10.675 10.65 10.683 10.778 10.89 11.028
14.02 14.018 14.018 14.028 14.042 14.027 13.985 13.948 13.91 13.862 13.803 13.743 13.69 13.64 13.592 13.54 13.483 13.435 13.398 13.37 13.35 13.333 13.317 13.297 13.27 13.22 13.158 13.1 13.045 12.977 12.882 12.77 12.652 12.53 12.405 12.288 12.175 12.08 11.995 11.9 11.802 11.695 11.578 11.468 11.368 11.3 11.262 11.225 11.185 11.193 11.27 11.378 11.507 11.562 11.522 11.47 11.405 11.332 11.252 11.152 11.007 10.868 10.765 10.678 10.62 10.64 10.692 10.692 10.668 10.703 10.805 10.943 11.117
13.963 13.96 13.955 13.955 13.965 13.95 13.908 13.865 13.825 13.777 13.723 13.67 13.618 13.568 13.525 13.477 13.425 13.38 13.348 13.328 13.31 13.295 13.277 13.25 13.222 13.175 13.108 13.043 12.982 12.91 12.815 12.71 12.597 12.477 12.358 12.245 12.138 12.043 11.96 11.875 11.777 11.665 11.548 11.435 11.333 11.265 11.228 11.192 11.155 11.148 11.218 11.345 11.487 11.535 11.48 11.417 11.35 11.277 11.185 11.045 10.873 10.735 10.648 10.585 10.54 10.56 10.637 10.687 10.685 10.723 10.855 11.035 11.225
13.905 13.9 13.895 13.89 13.89 13.87 13.83 13.785 13.737 13.692 13.647 13.597 13.542 13.495 13.452 13.407 13.362 13.325 13.302 13.285 13.267 13.25 13.227 13.2 13.175 13.13 13.06 12.99 12.92 12.837 12.74 12.64 12.535 12.425 12.317 12.21 12.102 12.005 11.92 11.84 11.747 11.635 11.52 11.405 11.3 11.235 11.198 11.163 11.128 11.113 11.185 11.33 11.47 11.497 11.428 11.362 11.295 11.215 11.09 10.918 10.743 10.62 10.555 10.505 10.46 10.48 10.56 10.637 10.683 10.768 10.937 11.125 11.305
13.827 13.822 13.815 13.807 13.8 13.775 13.732 13.687 13.64 13.592 13.55 13.505 13.457 13.415 13.372 13.327 13.285 13.255 13.235 13.217 13.207 13.19 13.162 13.137 13.112 13.067 13 12.93 12.85 12.752 12.65 12.55 12.45 12.347 12.245 12.142 12.045 11.958 11.875 11.792 11.702 11.595 11.477 11.363 11.268 11.218 11.188 11.153 11.118 11.108 11.185 11.328 11.462 11.467 11.373 11.3 11.232 11.147 11.007 10.83 10.66 10.55 10.495 10.443 10.41 10.445 10.523 10.603 10.688 10.79 10.935 11.11 11.282
13.717 13.715 13.702 13.69 13.68 13.657 13.617 13.572 13.525 13.478 13.435 13.395 13.36 13.325 13.285 13.24 13.195 13.165 13.145 13.133 13.13 13.117 13.09 13.063 13.037 12.997 12.935 12.86 12.767 12.658 12.548 12.445 12.345 12.243 12.14 12.05 11.978 11.905 11.822 11.735 11.645 11.542 11.425 11.315 11.233 11.198 11.182 11.155 11.12 11.123 11.208 11.338 11.47 11.462 11.333 11.238 11.167 11.077 10.947 10.787 10.618 10.508 10.453 10.413 10.41 10.458 10.535 10.628 10.735 10.805 10.87 11.008 11.182
13.59 13.59 13.575 13.56 13.55 13.53 13.495 13.452 13.407 13.363 13.323 13.29 13.262 13.23 13.19 13.147 13.103 13.073 13.06 13.055 13.055 13.042 13.017 12.99 12.962 12.927 12.867 12.78 12.675 12.563 12.45 12.343 12.24 12.14 12.053 11.985 11.925 11.855 11.77 11.677 11.585 11.485 11.375 11.278 11.2 11.165 11.162 11.15 11.123 11.14 11.235 11.355 11.477 11.467 11.325 11.198 11.103 11.002 10.875 10.735 10.575 10.465 10.428 10.42 10.43 10.475 10.57 10.685 10.8 10.862 10.883 10.943 11.08
13.47 13.46 13.448 13.435 13.425 13.405 13.37 13.33 13.29 13.25 13.215 13.19 13.165 13.13 13.09 13.05 13.008 12.983 12.982 12.985 12.982 12.967 12.942 12.915 12.887 12.855 12.79 12.69 12.58 12.47 12.357 12.245 12.143 12.055 11.988 11.932 11.875 11.802 11.715 11.62 11.525 11.43 11.333 11.245 11.17 11.135 11.132 11.127 11.118 11.158 11.265 11.38 11.49 11.472 11.327 11.18 11.05 10.928 10.795 10.665 10.525 10.44 10.435 10.445 10.453 10.503 10.615 10.74 10.857 10.922 10.94 10.96 11.018
13.36 13.343 13.33 13.32 13.31 13.29 13.257 13.22 13.18 13.143 13.107 13.077 13.052 13.02 12.977 12.938 12.908 12.895 12.897 12.9 12.897 12.875 12.842 12.817 12.792 12.76 12.692 12.587 12.475 12.362 12.247 12.138 12.05 11.985 11.927 11.872 11.81 11.732 11.645 11.552 11.46 11.372 11.287 11.202 11.125 11.088 11.082 11.083 11.103 11.175 11.29 11.405 11.492 11.447 11.295 11.145 11 10.863 10.73 10.6 10.478 10.44 10.465 10.475 10.485 10.523 10.618 10.742 10.862 10.935 10.96 10.98 10.998
13.255 13.24 13.223 13.21 13.2 13.18 13.15 13.117 13.08 13.038 12.993 12.955 12.927 12.895 12.855 12.825 12.808 12.8 12.802 12.805 12.805 12.775 12.725 12.695 12.672 12.632 12.562 12.465 12.352 12.238 12.125 12.033 11.97 11.915 11.86 11.797 11.72 11.64 11.56 11.477 11.39 11.305 11.227 11.147 11.068 11.025 11.023 11.048 11.105 11.195 11.31 11.407 11.462 11.4 11.243 11.09 10.945 10.808 10.678 10.558 10.45 10.438 10.49 10.51 10.523 10.545 10.6 10.705 10.825 10.902 10.94 10.965 10.985
13.155 13.14 13.12 13.103 13.09 13.07 13.042 13.015 12.98 12.935 12.885 12.84 12.805 12.773 12.743 12.725 12.713 12.705 12.708 12.712 12.715 12.685 12.625 12.575 12.542 12.492 12.412 12.325 12.225 12.115 12.02 11.955 11.902 11.845 11.782 11.705 11.62 11.54 11.465 11.392 11.312 11.233 11.16 11.085 11.005 10.968 10.99 11.05 11.125 11.215 11.312 11.375 11.415 11.355 11.195 11.038 10.89 10.755 10.635 10.53 10.433 10.423 10.492 10.537 10.56 10.585 10.62 10.685 10.785 10.865 10.91 10.945 10.973
13.05 13.037 13.02 13 12.982 12.96 12.932 12.905 12.875 12.835 12.785 12.735 12.69 12.658 12.637 12.625 12.615 12.61 12.612 12.62 12.625 12.595 12.532 12.467 12.41 12.345 12.26 12.175 12.09 12.003 11.935 11.887 11.835 11.77 11.693 11.605 11.52 11.443 11.37 11.3 11.23 11.157 11.085 11.012 10.94 10.93 10.993 11.067 11.142 11.22 11.282 11.325 11.365 11.305 11.145 10.985 10.835 10.707 10.6 10.5 10.41 10.408 10.483 10.55 10.595 10.625 10.66 10.7 10.76 10.822 10.867 10.912 10.955
