EGM722_Project_Data/DTM_asc/TL4954.asc
ncols         200
nrows         200
xllcorner     549000.000
yllcorner     254000.000
cellsize      5
NODATA_value  -9999.0
[rows 0 to 31 of 200, columns 73 to 145 of 200]
56.308 56.422 56.483 56.53 56.617 56.692 56.748 56.805 56.862 56.9 56.907 56.897 56.882 56.855 56.81 56.8 56.84 56.875 56.865 56.802 56.718 56.69 56.732 56.775 56.803 56.865 56.955 57.027 57.09 57.115 57.102 57.075 57.025 56.97 56.92 56.872 56.825 56.75 56.635 56.505 56.365 56.197 56.013 55.83 55.658 55.487 55.292 55.062 54.815 54.573 54.34 54.107 53.87 53.68 53.53 53.36 53.162 52.887 52.575 52.3 52.065 51.835 51.585 51.335 51.08 50.803 50.513 50.23 49.983 49.77 49.56 49.353 49.155
56.673 56.772 56.855 56.935 57.03 57.11 57.175 57.235 57.295 57.327 57.32 57.303 57.285 57.265 57.245 57.257 57.297 57.29 57.22 57.135 57.048 57.005 57.025 57.053 57.078 57.13 57.202 57.268 57.332 57.36 57.35 57.335 57.302 57.255 57.207 57.162 57.115 57.03 56.9 56.765 56.627 56.462 56.275 56.085 55.9 55.702 55.467 55.213 54.96 54.72 54.49 54.26 54.03 53.838 53.682 53.53 53.355 53.1 52.79 52.487 52.213 51.96 51.71 51.463 51.213 50.943 50.663 50.388 50.138 49.92 49.725 49.548 49.375
57.042 57.132 57.23 57.33 57.425 57.512 57.587 57.65 57.71 57.755 57.765 57.75 57.733 57.708 57.66 57.643 57.667 57.637 57.55 57.462 57.36 57.3 57.315 57.34 57.365 57.403 57.458 57.52 57.585 57.615 57.605 57.592 57.57 57.527 57.477 57.43 57.38 57.29 57.157 57.022 56.872 56.69 56.492 56.3 56.102 55.875 55.62 55.365 55.118 54.885 54.665 54.443 54.223 54.003 53.808 53.645 53.465 53.22 52.932 52.647 52.365 52.105 51.86 51.615 51.37 51.105 50.825 50.55 50.315 50.125 49.958 49.805 49.653
57.395 57.488 57.595 57.702 57.802 57.895 57.977 58.047 58.11 58.17 58.215 58.227 58.217 58.172 58.075 58 58 57.97 57.877 57.775 57.65 57.588 57.612 57.64 57.665 57.695 57.73 57.783 57.847 57.875 57.865 57.855 57.837 57.795 57.735 57.68 57.63 57.54 57.407 57.26 57.085 56.88 56.665 56.465 56.265 56.035 55.783 55.533 55.293 55.075 54.875 54.665 54.45 54.205 53.95 53.755 53.572 53.327 53.043 52.768 52.508 52.265 52.03 51.787 51.54 51.275 51 50.75 50.548 50.388 50.24 50.09 49.938
57.745 57.84 57.952 58.067 58.175 58.27 58.357 58.44 58.51 58.57 58.63 58.677 58.692 58.635 58.515 58.398 58.345 58.297 58.19 58.065 57.93 57.875 57.907 57.937 57.965 57.995 58.02 58.055 58.112 58.137 58.125 58.115 58.102 58.065 58 57.938 57.882 57.787 57.64 57.467 57.28 57.072 56.848 56.633 56.427 56.197 55.95 55.713 55.483 55.275 55.085 54.885 54.675 54.432 54.15 53.895 53.68 53.438 53.168 52.913 52.665 52.425 52.195 51.96 51.713 51.453 51.208 50.998 50.81 50.65 50.51 50.367 50.22
58.1 58.195 58.31 58.43 58.545 58.645 58.735 58.822 58.9 58.962 59.02 59.077 59.112 59.057 58.932 58.807 58.713 58.615 58.48 58.345 58.215 58.168 58.2 58.233 58.265 58.292 58.317 58.345 58.385 58.402 58.39 58.38 58.367 58.33 58.267 58.202 58.135 58.017 57.845 57.66 57.472 57.267 57.042 56.818 56.597 56.368 56.13 55.9 55.675 55.47 55.277 55.082 54.882 54.65 54.375 54.09 53.828 53.575 53.32 53.073 52.828 52.588 52.355 52.125 51.893 51.665 51.46 51.265 51.073 50.91 50.77 50.63 50.49
58.498 58.585 58.695 58.818 58.94 59.032 59.105 59.187 59.267 59.325 59.372 59.425 59.462 59.415 59.295 59.18 59.09 58.973 58.813 58.66 58.523 58.48 58.52 58.563 58.58 58.585 58.607 58.635 58.67 58.688 58.68 58.67 58.647 58.592 58.522 58.457 58.385 58.235 58.033 57.847 57.662 57.457 57.232 57.005 56.778 56.548 56.315 56.085 55.853 55.623 55.41 55.215 55.022 54.815 54.575 54.302 54.023 53.76 53.51 53.265 53.035 52.808 52.575 52.345 52.123 51.92 51.73 51.535 51.34 51.173 51.033 50.895 50.755
58.94 59.02 59.118 59.233 59.355 59.432 59.475 59.543 59.622 59.672 59.703 59.745 59.787 59.745 59.628 59.535 59.48 59.377 59.21 59.043 58.888 58.838 58.885 58.915 58.892 58.873 58.89 58.92 58.967 58.997 58.995 58.975 58.935 58.862 58.773 58.7 58.63 58.467 58.235 58.033 57.847 57.642 57.417 57.19 56.962 56.732 56.5 56.268 56.027 55.768 55.51 55.295 55.105 54.915 54.715 54.487 54.227 53.965 53.728 53.508 53.298 53.08 52.85 52.62 52.398 52.193 52 51.805 51.608 51.44 51.305 51.17 51.03
59.387 59.47 59.56 59.658 59.767 59.84 59.868 59.908 59.975 60.025 60.045 60.075 60.115 60.077 59.98 59.92 59.88 59.782 59.622 59.46 59.3 59.233 59.252 59.237 59.185 59.158 59.173 59.215 59.277 59.312 59.305 59.267 59.212 59.137 59.04 58.95 58.87 58.71 58.468 58.235 58.033 57.827 57.603 57.375 57.145 56.915 56.685 56.45 56.212 55.95 55.66 55.398 55.185 54.995 54.808 54.617 54.407 54.185 53.975 53.775 53.572 53.355 53.125 52.895 52.673 52.467 52.267 52.057 51.863 51.71 51.577 51.443 51.307
59.822 59.91 60 60.092 60.175 60.227 60.257 60.287 60.335 60.375 60.398 60.423 60.45 60.425 60.357 60.307 60.26 60.167 60.022 59.87 59.717 59.622 59.585 59.537 59.48 59.445 59.463 59.52 59.59 59.622 59.597 59.548 59.49 59.415 59.318 59.215 59.12 58.952 58.71 58.465 58.233 58.013 57.785 57.555 57.325 57.095 56.865 56.63 56.395 56.135 55.842 55.55 55.303 55.11 54.933 54.755 54.58 54.402 54.212 54.017 53.825 53.617 53.392 53.165 52.945 52.733 52.51 52.29 52.115 51.978 51.843 51.71 51.58
60.24 60.332 60.425 60.495 60.525 60.55 60.587 60.625 60.675 60.727 60.762 60.785 60.805 60.775 60.705 60.65 60.595 60.505 60.37 60.225 60.075 59.947 59.87 59.815 59.76 59.728 59.755 59.82 59.887 59.922 59.897 59.845 59.79 59.715 59.618 59.512 59.385 59.18 58.927 58.682 58.438 58.2 57.973 57.745 57.518 57.288 57.055 56.82 56.572 56.302 56.015 55.72 55.463 55.275 55.11 54.94 54.77 54.595 54.41 54.225 54.045 53.845 53.625 53.41 53.225 53.025 52.783 52.558 52.388 52.253 52.118 51.985 51.855
60.655 60.747 60.815 60.827 60.818 60.833 60.87 60.92 60.99 61.067 61.127 61.16 61.177 61.13 61.03 60.96 60.907 60.817 60.68 60.525 60.353 60.21 60.128 60.068 60.013 59.995 60.038 60.102 60.167 60.207 60.202 60.167 60.115 60.037 59.94 59.812 59.635 59.4 59.133 58.878 58.632 58.395 58.17 57.945 57.72 57.492 57.257 57.007 56.732 56.45 56.17 55.88 55.628 55.45 55.292 55.127 54.96 54.785 54.605 54.433 54.26 54.058 53.845 53.673 53.537 53.355 53.105 52.86 52.678 52.542 52.405 52.27 52.138
61.07 61.132 61.14 61.118 61.103 61.118 61.163 61.23 61.313 61.392 61.465 61.522 61.55 61.5 61.385 61.285 61.22 61.13 60.98 60.797 60.603 60.463 60.383 60.315 60.258 60.253 60.31 60.377 60.445 60.482 60.485 60.475 60.44 60.362 60.235 60.06 59.86 59.627 59.355 59.08 58.825 58.593 58.37 58.147 57.923 57.695 57.445 57.165 56.875 56.59 56.317 56.04 55.795 55.62 55.465 55.308 55.147 54.978 54.808 54.645 54.475 54.283 54.11 53.99 53.872 53.68 53.42 53.163 52.973 52.837 52.7 52.563 52.43
61.43 61.452 61.428 61.405 61.388 61.408 61.473 61.552 61.637 61.715 61.787 61.86 61.907 61.865 61.752 61.64 61.545 61.427 61.25 61.045 60.85 60.72 60.64 60.565 60.505 60.513 60.58 60.65 60.72 60.755 60.755 60.755 60.742 60.655 60.48 60.28 60.08 59.852 59.582 59.298 59.03 58.795 58.573 58.35 58.127 57.882 57.603 57.308 57.015 56.733 56.465 56.2 55.97 55.8 55.648 55.498 55.348 55.188 55.023 54.86 54.698 54.545 54.425 54.325 54.205 54 53.727 53.463 53.268 53.135 53.003 52.87 52.745
61.727 61.742 61.717 61.695 61.68 61.71 61.785 61.867 61.95 62.017 62.08 62.15 62.205 62.182 62.087 61.98 61.87 61.72 61.52 61.31 61.125 61 60.913 60.828 60.765 60.778 60.845 60.912 60.977 61.01 61.01 61.005 60.977 60.87 60.687 60.49 60.29 60.067 59.805 59.523 59.25 59.008 58.783 58.56 58.337 58.087 57.805 57.51 57.215 56.935 56.67 56.413 56.19 56.02 55.87 55.725 55.58 55.425 55.26 55.098 54.948 54.81 54.695 54.595 54.477 54.275 54.005 53.748 53.568 53.448 53.323 53.2 53.083
62.012 62.035 62.01 61.99 61.988 62.023 62.093 62.17 62.25 62.305 62.345 62.405 62.457 62.445 62.375 62.282 62.175 62.017 61.813 61.618 61.448 61.318 61.22 61.128 61.043 61.035 61.097 61.162 61.225 61.255 61.245 61.21 61.147 61.035 60.872 60.687 60.49 60.267 60.015 59.745 59.47 59.223 59 58.777 58.55 58.31 58.05 57.767 57.473 57.193 56.933 56.683 56.453 56.27 56.12 55.975 55.83 55.675 55.515 55.363 55.22 55.065 54.918 54.805 54.692 54.497 54.238 54.005 53.86 53.77 53.66 53.538 53.435
62.295 62.322 62.308 62.303 62.31 62.343 62.403 62.473 62.55 62.6 62.623 62.668 62.715 62.697 62.635 62.565 62.472 62.32 62.13 61.958 61.795 61.658 61.55 61.44 61.32 61.288 61.345 61.407 61.47 61.487 61.445 61.377 61.302 61.19 61.037 60.872 60.685 60.46 60.212 59.96 59.69 59.44 59.217 58.99 58.76 58.52 58.27 58.007 57.725 57.453 57.2 56.955 56.715 56.52 56.37 56.225 56.08 55.928 55.78 55.643 55.505 55.345 55.173 55.025 54.902 54.712 54.465 54.258 54.135 54.07 53.985 53.88 53.78
62.592 62.617 62.622 62.63 62.64 62.668 62.72 62.783 62.85 62.895 62.913 62.94 62.972 62.952 62.887 62.825 62.742 62.605 62.445 62.292 62.14 61.997 61.86 61.712 61.565 61.518 61.57 61.63 61.687 61.682 61.61 61.533 61.457 61.345 61.192 61.037 60.867 60.65 60.405 60.16 59.902 59.658 59.43 59.2 58.97 58.73 58.48 58.227 57.967 57.712 57.465 57.22 56.978 56.78 56.633 56.49 56.345 56.198 56.06 55.928 55.792 55.635 55.455 55.28 55.128 54.94 54.715 54.52 54.403 54.348 54.287 54.202 54.085
62.892 62.915 62.93 62.942 62.95 62.975 63.03 63.087 63.145 63.185 63.205 63.225 63.232 63.197 63.13 63.052 62.945 62.802 62.655 62.512 62.37 62.23 62.085 61.925 61.768 61.713 61.755 61.81 61.862 61.847 61.77 61.69 61.615 61.505 61.353 61.198 61.037 60.832 60.587 60.342 60.1 59.865 59.635 59.405 59.172 58.937 58.697 58.45 58.2 57.955 57.71 57.465 57.248 57.088 56.96 56.825 56.68 56.53 56.383 56.235 56.09 55.927 55.742 55.56 55.385 55.205 55.005 54.813 54.703 54.655 54.597 54.515 54.395
63.178 63.2 63.215 63.217 63.202 63.223 63.295 63.367 63.427 63.465 63.482 63.487 63.47 63.42 63.34 63.232 63.097 62.945 62.79 62.64 62.495 62.363 62.237 62.097 61.955 61.903 61.93 61.973 62.02 62.005 61.93 61.853 61.777 61.665 61.515 61.36 61.197 61.002 60.765 60.523 60.293 60.065 59.835 59.602 59.368 59.14 58.915 58.677 58.43 58.185 57.943 57.723 57.553 57.433 57.33 57.21 57.07 56.915 56.755 56.582 56.397 56.21 56.02 55.833 55.65 55.487 55.32 55.143 55.038 54.985 54.915 54.835 54.727
63.467 63.475 63.47 63.447 63.413 63.433 63.52 63.615 63.695 63.73 63.727 63.71 63.682 63.625 63.517 63.382 63.24 63.09 62.93 62.773 62.625 62.495 62.377 62.257 62.14 62.095 62.118 62.148 62.182 62.165 62.09 62.015 61.942 61.83 61.675 61.515 61.352 61.17 60.947 60.713 60.487 60.26 60.03 59.798 59.565 59.34 59.12 58.895 58.657 58.415 58.198 58.028 57.89 57.778 57.68 57.577 57.455 57.292 57.105 56.905 56.69 56.485 56.292 56.1 55.915 55.76 55.62 55.47 55.365 55.297 55.222 55.145 55.055
63.72 63.707 63.682 63.652 63.618 63.643 63.73 63.815 63.892 63.92 63.9 63.877 63.852 63.782 63.657 63.52 63.38 63.23 63.07 62.913 62.76 62.63 62.52 62.413 62.32 62.29 62.313 62.338 62.355 62.322 62.247 62.175 62.105 61.992 61.833 61.67 61.51 61.34 61.132 60.905 60.682 60.455 60.225 59.995 59.765 59.543 59.325 59.108 58.885 58.673 58.503 58.36 58.23 58.117 58.01 57.902 57.782 57.61 57.395 57.18 56.967 56.763 56.567 56.373 56.185 56.03 55.905 55.783 55.683 55.605 55.528 55.452 55.375
63.912 63.892 63.867 63.842 63.815 63.828 63.89 63.955 64.012 64.03 64.01 63.987 63.96 63.887 63.762 63.633 63.517 63.385 63.225 63.07 62.92 62.803 62.708 62.603 62.518 62.495 62.515 62.532 62.525 62.472 62.4 62.328 62.262 62.155 61.995 61.835 61.675 61.51 61.317 61.1 60.88 60.655 60.425 60.198 59.983 59.788 59.588 59.373 59.158 58.975 58.83 58.687 58.545 58.41 58.285 58.165 58.04 57.87 57.657 57.442 57.232 57.032 56.838 56.645 56.468 56.323 56.205 56.095 56 55.92 55.84 55.763 55.685
64.09 64.07 64.045 64.02 64 63.993 64.013 64.06 64.117 64.135 64.113 64.085 64.052 63.98 63.858 63.745 63.667 63.555 63.395 63.245 63.108 63.003 62.92 62.823 62.733 62.705 62.72 62.712 62.677 62.617 62.545 62.478 62.422 62.322 62.165 62.005 61.845 61.677 61.495 61.292 61.075 60.85 60.625 60.415 60.225 60.055 59.882 59.685 59.475 59.295 59.147 59 58.845 58.683 58.53 58.4 58.28 58.117 57.91 57.698 57.49 57.295 57.108 56.933 56.775 56.643 56.528 56.418 56.323 56.24 56.16 56.08 56
64.27 64.247 64.223 64.2 64.18 64.165 64.16 64.178 64.223 64.24 64.212 64.18 64.145 64.073 63.97 63.89 63.832 63.725 63.573 63.433 63.3 63.195 63.115 63.032 62.948 62.91 62.905 62.87 62.822 62.763 62.695 62.643 62.592 62.487 62.332 62.175 62.015 61.845 61.662 61.472 61.267 61.053 60.845 60.655 60.475 60.305 60.145 59.977 59.787 59.61 59.46 59.308 59.152 58.985 58.813 58.655 58.518 58.36 58.162 57.958 57.755 57.568 57.403 57.25 57.1 56.968 56.853 56.745 56.648 56.56 56.48 56.4 56.318
64.447 64.422 64.4 64.377 64.355 64.342 64.335 64.333 64.345 64.34 64.308 64.275 64.24 64.185 64.118 64.055 63.997 63.897 63.76 63.627 63.493 63.385 63.307 63.232 63.153 63.1 63.068 63.02 62.97 62.915 62.86 62.815 62.765 62.655 62.498 62.342 62.185 62.013 61.828 61.645 61.458 61.27 61.087 60.905 60.725 60.555 60.397 60.242 60.077 59.915 59.765 59.612 59.457 59.292 59.12 58.945 58.78 58.612 58.42 58.22 58.035 57.883 57.735 57.578 57.425 57.29 57.178 57.073 56.97 56.88 56.8 56.72 56.638
64.572 64.547 64.525 64.505 64.495 64.497 64.497 64.492 64.485 64.463 64.428 64.398 64.378 64.353 64.305 64.242 64.167 64.065 63.94 63.81 63.678 63.57 63.495 63.42 63.343 63.29 63.25 63.203 63.153 63.095 63.038 62.988 62.937 62.83 62.67 62.515 62.36 62.188 62.005 61.825 61.648 61.48 61.315 61.14 60.96 60.795 60.647 60.498 60.345 60.195 60.047 59.9 59.742 59.57 59.39 59.21 59.027 58.855 58.68 58.485 58.323 58.222 58.11 57.95 57.785 57.643 57.533 57.433 57.333 57.235 57.14 57.055 56.975
64.645 64.623 64.603 64.598 64.61 64.625 64.635 64.635 64.625 64.605 64.578 64.563 64.568 64.557 64.51 64.432 64.33 64.22 64.105 63.98 63.853 63.75 63.675 63.603 63.528 63.48 63.455 63.417 63.365 63.298 63.225 63.165 63.115 63.01 62.853 62.697 62.54 62.372 62.195 62.015 61.84 61.677 61.52 61.355 61.18 61.023 60.89 60.752 60.602 60.453 60.307 60.152 59.977 59.792 59.602 59.41 59.215 59.055 58.925 58.755 58.605 58.537 58.482 58.365 58.198 58.048 57.935 57.835 57.74 57.635 57.52 57.418 57.33
64.72 64.703 64.698 64.71 64.728 64.743 64.757 64.768 64.765 64.753 64.748 64.755 64.77 64.76 64.697 64.595 64.48 64.37 64.262 64.147 64.028 63.93 63.855 63.785 63.71 63.663 63.647 63.622 63.575 63.505 63.425 63.353 63.295 63.192 63.037 62.88 62.72 62.555 62.382 62.208 62.033 61.87 61.715 61.557 61.395 61.247 61.122 60.995 60.855 60.71 60.552 60.372 60.18 59.985 59.79 59.59 59.39 59.235 59.142 59.012 58.883 58.83 58.8 58.742 58.617 58.478 58.362 58.252 58.152 58.042 57.92 57.802 57.695
64.798 64.795 64.81 64.83 64.853 64.875 64.893 64.91 64.92 64.915 64.92 64.935 64.95 64.935 64.855 64.742 64.63 64.52 64.415 64.307 64.2 64.11 64.032 63.96 63.888 63.843 63.827 63.812 63.772 63.702 63.625 63.547 63.477 63.372 63.22 63.06 62.902 62.74 62.567 62.395 62.222 62.06 61.902 61.742 61.587 61.45 61.327 61.207 61.085 60.945 60.77 60.575 60.38 60.177 59.973 59.77 59.57 59.418 59.338 59.248 59.163 59.125 59.093 59.06 58.997 58.887 58.762 58.637 58.515 58.39 58.265 58.142 58.02
64.903 64.918 64.94 64.965 65.01 65.05 65.07 65.093 65.107 65.085 65.065 65.077 65.092 65.067 64.98 64.87 64.757 64.645 64.537 64.432 64.34 64.26 64.182 64.11 64.048 64.01 63.995 63.985 63.947 63.87 63.785 63.71 63.635 63.525 63.377 63.225 63.075 62.915 62.74 62.562 62.39 62.227 62.065 61.9 61.748 61.615 61.495 61.377 61.26 61.132 60.967 60.775 60.58 60.372 60.16 59.953 59.748 59.605 59.543 59.495 59.455 59.425 59.392 59.355 59.297 59.192 59.057 58.92 58.78 58.642 58.512 58.385 58.26
65.043 65.06 65.083 65.128 65.2 65.25 65.272 65.297 65.312 65.275 65.215 65.203 65.215 65.182 65.09 64.975 64.855 64.74 64.63 64.533 64.455 64.383 64.313 64.253 64.203 64.173 64.158 64.147 64.117 64.033 63.925 63.84 63.765 63.655 63.51 63.365 63.22 63.06 62.887 62.71 62.533 62.365 62.202 62.04 61.895 61.768 61.643 61.52 61.403 61.287 61.15 60.975 60.777 60.568 60.355 60.165 60.003 59.88 59.815 59.783 59.755 59.725 59.69 59.63 59.537 59.417 59.28 59.14 59 58.857 58.718 58.585 58.46
