EGM722_Project_Data/DTM_asc/TL4956.asc
ncols         200
nrows         200
xllcorner     549000.000
yllcorner     256000.000
cellsize      5
NODATA_value  -9999.0
[rows 96 to 127 of 200, columns 73 to 145 of 200]
15.46 15.53 15.655 15.797 15.882 15.865 15.792 15.71 15.62 15.608 15.67 15.712 15.735 15.735 15.702 15.64 15.555 15.478 15.413 15.353 15.298 15.258 15.245 15.258 15.308 15.42 15.617 15.77 15.777 15.73 15.673 15.625 15.622 15.54 15.323 15.108 14.938 14.813 14.723 14.648 14.59 14.537 14.477 14.405 14.33 14.27 14.218 14.165 14.1 14.04 14.002 13.967 13.925 13.85 13.75 13.653 13.558 13.473 13.403 13.343 13.333 13.37 13.41 13.45 13.49 13.533 13.588 13.67 13.788 13.925 14.065 14.2 14.33
15.58 15.66 15.78 15.917 15.997 15.967 15.885 15.8 15.71 15.685 15.722 15.75 15.77 15.752 15.685 15.6 15.513 15.438 15.378 15.323 15.268 15.235 15.225 15.215 15.22 15.32 15.532 15.747 15.82 15.775 15.718 15.653 15.613 15.525 15.342 15.16 15.002 14.872 14.777 14.69 14.605 14.535 14.47 14.395 14.32 14.263 14.218 14.173 14.13 14.092 14.055 14.015 13.965 13.882 13.775 13.67 13.573 13.48 13.4 13.335 13.318 13.353 13.395 13.435 13.475 13.538 13.638 13.765 13.902 14.04 14.177 14.307 14.432
15.622 15.727 15.852 15.987 16.067 16.037 15.955 15.872 15.79 15.753 15.768 15.793 15.815 15.78 15.69 15.6 15.525 15.468 15.415 15.365 15.313 15.288 15.3 15.3 15.275 15.265 15.405 15.677 15.83 15.818 15.858 15.877 15.765 15.562 15.345 15.19 15.037 14.892 14.775 14.672 14.57 14.505 14.457 14.385 14.31 14.265 14.242 14.21 14.173 14.137 14.1 14.052 14 13.927 13.82 13.703 13.593 13.493 13.403 13.33 13.308 13.338 13.38 13.423 13.49 13.6 13.735 13.862 13.995 14.145 14.275 14.375 14.48
15.638 15.758 15.883 16.012 16.102 16.085 16.005 15.928 15.86 15.823 15.82 15.838 15.862 15.83 15.74 15.663 15.61 15.565 15.515 15.465 15.408 15.375 15.407 15.452 15.435 15.305 15.29 15.55 15.815 16.08 16.292 16.202 15.895 15.555 15.325 15.175 15.007 14.835 14.693 14.58 14.483 14.44 14.427 14.375 14.303 14.27 14.267 14.247 14.215 14.18 14.137 14.085 14.03 13.97 13.877 13.758 13.635 13.518 13.415 13.333 13.298 13.32 13.373 13.453 13.56 13.675 13.805 13.943 14.088 14.25 14.365 14.425 14.498
15.668 15.792 15.915 16.037 16.137 16.132 16.055 15.99 15.935 15.9 15.89 15.895 15.912 15.88 15.803 15.75 15.71 15.665 15.615 15.562 15.5 15.455 15.48 15.552 15.562 15.44 15.35 15.503 15.778 16.165 16.432 16.25 15.82 15.483 15.3 15.122 14.932 14.743 14.593 14.49 14.405 14.363 14.367 14.35 14.295 14.268 14.275 14.272 14.252 14.22 14.172 14.115 14.06 14.005 13.93 13.822 13.697 13.57 13.45 13.345 13.29 13.323 13.38 13.475 13.615 13.74 13.88 14.04 14.202 14.357 14.452 14.498 14.548
15.705 15.83 15.95 16.07 16.175 16.18 16.115 16.065 16.015 15.98 15.97 15.967 15.967 15.937 15.885 15.845 15.805 15.762 15.712 15.652 15.587 15.533 15.54 15.6 15.627 15.547 15.515 15.645 15.83 16.035 16.197 16.07 15.695 15.423 15.242 15.05 14.858 14.665 14.515 14.415 14.33 14.285 14.288 14.295 14.278 14.265 14.275 14.28 14.277 14.255 14.207 14.15 14.095 14.04 13.98 13.885 13.755 13.627 13.5 13.35 13.255 13.305 13.403 13.52 13.68 13.84 14 14.16 14.32 14.452 14.527 14.572 14.615
15.745 15.87 15.987 16.105 16.207 16.22 16.167 16.12 16.07 16.032 16.015 16.002 15.985 15.96 15.925 15.885 15.845 15.81 15.775 15.72 15.655 15.598 15.583 15.615 15.652 15.593 15.663 15.89 16.045 16.182 16.185 15.937 15.603 15.368 15.185 14.995 14.805 14.618 14.473 14.373 14.28 14.24 14.253 14.27 14.278 14.27 14.27 14.277 14.282 14.267 14.227 14.18 14.132 14.08 14.025 13.942 13.815 13.678 13.565 13.45 13.37 13.405 13.505 13.64 13.8 13.96 14.12 14.28 14.437 14.547 14.602 14.645 14.693
15.787 15.905 16.013 16.122 16.21 16.217 16.17 16.12 16.07 16.03 16.007 15.987 15.962 15.937 15.91 15.875 15.838 15.81 15.792 15.76 15.705 15.65 15.625 15.635 15.67 15.63 15.795 16.127 16.305 16.36 16.207 15.857 15.505 15.295 15.135 14.957 14.77 14.588 14.453 14.358 14.278 14.26 14.288 14.31 14.322 14.308 14.283 14.275 14.275 14.258 14.22 14.18 14.14 14.095 14.048 14 13.925 13.825 13.755 13.71 13.67 13.683 13.738 13.815 13.933 14.08 14.24 14.4 14.545 14.632 14.675 14.73 14.808
15.832 15.942 16.038 16.137 16.195 16.177 16.133 16.085 16.035 15.998 15.977 15.96 15.937 15.913 15.887 15.86 15.832 15.812 15.8 15.785 15.75 15.703 15.678 15.675 15.688 15.688 15.948 16.357 16.497 16.397 16.157 15.75 15.375 15.2 15.057 14.907 14.735 14.56 14.435 14.343 14.295 14.31 14.34 14.367 14.385 14.37 14.33 14.298 14.283 14.273 14.255 14.235 14.215 14.195 14.173 14.16 14.133 14.083 14.047 14.012 13.97 13.98 14.035 14.083 14.143 14.23 14.36 14.52 14.642 14.715 14.78 14.865 14.947
15.872 15.985 16.075 16.155 16.185 16.152 16.1 16.048 15.995 15.96 15.943 15.927 15.91 15.887 15.86 15.835 15.815 15.802 15.797 15.792 15.777 15.752 15.735 15.727 15.725 15.788 16.13 16.532 16.565 16.365 16.082 15.618 15.248 15.1 14.96 14.825 14.677 14.528 14.415 14.343 14.33 14.36 14.39 14.42 14.442 14.427 14.372 14.31 14.288 14.31 14.34 14.372 14.405 14.425 14.427 14.425 14.402 14.363 14.335 14.307 14.27 14.278 14.332 14.385 14.432 14.475 14.543 14.65 14.75 14.835 14.93 15.022 15.075
15.897 16.02 16.102 16.147 16.155 16.14 16.095 16.035 15.978 15.933 15.908 15.893 15.877 15.857 15.83 15.805 15.785 15.775 15.772 15.77 15.777 15.75 15.695 15.67 15.66 15.788 16.245 16.627 16.582 16.372 16.02 15.488 15.135 15.005 14.873 14.743 14.613 14.49 14.393 14.34 14.332 14.342 14.367 14.402 14.435 14.42 14.342 14.28 14.285 14.327 14.38 14.442 14.505 14.557 14.595 14.627 14.642 14.632 14.617 14.597 14.567 14.575 14.627 14.677 14.725 14.767 14.8 14.833 14.898 14.993 15.09 15.16 15.12
15.922 16.047 16.105 16.115 16.11 16.11 16.092 16.045 15.985 15.928 15.883 15.86 15.845 15.825 15.8 15.775 15.753 15.74 15.738 15.748 15.785 15.742 15.603 15.508 15.478 15.693 16.255 16.62 16.585 16.402 15.977 15.438 15.1 14.94 14.815 14.69 14.568 14.455 14.375 14.338 14.318 14.3 14.3 14.315 14.345 14.335 14.278 14.265 14.298 14.335 14.383 14.438 14.498 14.562 14.627 14.71 14.775 14.787 14.782 14.772 14.772 14.817 14.89 14.945 14.99 15.03 15.052 15.055 15.088 15.17 15.175 15.057 14.855
15.955 16.055 16.08 16.075 16.07 16.07 16.067 16.045 15.995 15.935 15.88 15.84 15.815 15.795 15.77 15.745 15.72 15.705 15.718 15.758 15.815 15.775 15.595 15.41 15.328 15.725 16.315 16.525 16.55 16.392 15.97 15.515 15.193 14.963 14.79 14.653 14.53 14.425 14.368 14.35 14.332 14.308 14.285 14.27 14.268 14.258 14.253 14.278 14.31 14.345 14.39 14.438 14.493 14.558 14.64 14.757 14.835 14.842 14.84 14.853 14.895 14.975 15.075 15.16 15.23 15.272 15.277 15.272 15.295 15.292 15.105 14.77 14.453
15.97 16.035 16.037 16.033 16.03 16.03 16.03 16.025 15.997 15.947 15.893 15.838 15.793 15.765 15.74 15.715 15.69 15.685 15.722 15.777 15.835 15.795 15.612 15.385 15.37 15.893 16.362 16.445 16.512 16.385 16.007 15.615 15.315 15.065 14.835 14.643 14.495 14.408 14.373 14.36 14.345 14.323 14.3 14.28 14.26 14.25 14.263 14.29 14.32 14.355 14.4 14.445 14.493 14.57 14.688 14.825 14.897 14.903 14.92 14.965 15.025 15.103 15.205 15.312 15.397 15.435 15.445 15.455 15.447 15.302 14.995 14.645 14.398
15.937 15.982 15.99 15.99 15.99 15.99 15.99 15.995 15.987 15.955 15.907 15.85 15.795 15.758 15.733 15.705 15.67 15.655 15.68 15.725 15.78 15.755 15.582 15.403 15.623 16.107 16.357 16.45 16.535 16.415 16.043 15.673 15.395 15.16 14.922 14.688 14.49 14.4 14.387 14.372 14.357 14.34 14.323 14.31 14.3 14.295 14.3 14.313 14.335 14.37 14.413 14.458 14.508 14.6 14.745 14.892 14.967 14.993 15.04 15.1 15.16 15.233 15.33 15.435 15.485 15.495 15.517 15.537 15.502 15.297 14.973 14.703 14.643
15.87 15.902 15.922 15.935 15.942 15.948 15.958 15.972 15.967 15.942 15.91 15.865 15.812 15.772 15.742 15.702 15.655 15.618 15.605 15.618 15.66 15.662 15.518 15.533 15.892 16.215 16.382 16.51 16.607 16.462 16.083 15.738 15.468 15.233 14.997 14.752 14.498 14.353 14.337 14.337 14.355 14.367 14.358 14.353 14.348 14.345 14.35 14.355 14.365 14.39 14.43 14.48 14.535 14.623 14.77 14.935 15.047 15.115 15.175 15.235 15.295 15.365 15.46 15.535 15.535 15.523 15.54 15.542 15.505 15.317 15.015 14.883 14.973
15.79 15.815 15.838 15.865 15.895 15.918 15.938 15.955 15.945 15.918 15.89 15.857 15.817 15.777 15.735 15.685 15.633 15.593 15.57 15.555 15.56 15.57 15.548 15.71 15.995 16.192 16.375 16.535 16.66 16.515 16.135 15.805 15.543 15.305 15.057 14.785 14.495 14.278 14.213 14.25 14.34 14.402 14.405 14.4 14.395 14.395 14.4 14.405 14.41 14.43 14.468 14.513 14.565 14.64 14.773 14.945 15.095 15.202 15.287 15.362 15.425 15.495 15.57 15.595 15.565 15.55 15.55 15.525 15.485 15.323 15.143 15.183 15.335
15.715 15.75 15.785 15.825 15.868 15.902 15.925 15.935 15.922 15.898 15.873 15.845 15.807 15.76 15.71 15.66 15.608 15.57 15.55 15.53 15.51 15.503 15.552 15.707 15.92 16.145 16.355 16.53 16.66 16.542 16.195 15.873 15.615 15.36 15.082 14.79 14.495 14.223 14.118 14.208 14.353 14.445 14.458 14.45 14.443 14.443 14.45 14.458 14.468 14.495 14.533 14.57 14.615 14.67 14.783 14.95 15.115 15.247 15.352 15.447 15.53 15.61 15.647 15.628 15.59 15.565 15.54 15.5 15.46 15.393 15.408 15.545 15.695
15.673 15.722 15.767 15.812 15.855 15.89 15.915 15.925 15.913 15.89 15.87 15.837 15.787 15.735 15.685 15.635 15.585 15.55 15.53 15.51 15.493 15.48 15.455 15.455 15.503 15.795 16.25 16.525 16.625 16.517 16.232 15.935 15.665 15.385 15.105 14.83 14.555 14.29 14.175 14.27 14.43 14.522 14.53 14.52 14.515 14.52 14.53 14.54 14.553 14.58 14.62 14.66 14.7 14.75 14.853 15.003 15.168 15.315 15.425 15.525 15.62 15.707 15.745 15.72 15.68 15.653 15.625 15.585 15.548 15.578 15.71 15.882 16.05
15.643 15.695 15.745 15.795 15.842 15.88 15.905 15.92 15.912 15.89 15.865 15.817 15.76 15.71 15.66 15.61 15.56 15.525 15.505 15.49 15.485 15.485 15.42 15.28 15.215 15.48 16.065 16.505 16.585 16.445 16.205 15.952 15.702 15.452 15.212 14.967 14.715 14.498 14.383 14.415 14.547 14.625 14.62 14.615 14.62 14.63 14.642 14.652 14.658 14.68 14.72 14.763 14.81 14.88 14.99 15.123 15.265 15.413 15.535 15.627 15.707 15.792 15.872 15.885 15.845 15.828 15.817 15.785 15.748 15.795 15.958 16.152 16.342
15.608 15.66 15.713 15.767 15.82 15.86 15.887 15.907 15.91 15.89 15.85 15.792 15.733 15.68 15.633 15.585 15.535 15.5 15.485 15.483 15.488 15.492 15.43 15.37 15.458 15.655 16.028 16.452 16.537 16.34 16.102 15.865 15.645 15.435 15.222 15.002 14.805 14.677 14.62 14.6 14.658 14.717 14.715 14.72 14.733 14.745 14.755 14.762 14.765 14.783 14.823 14.875 14.935 15.018 15.138 15.27 15.408 15.535 15.63 15.705 15.775 15.863 15.972 16.032 16.015 16 16.005 15.99 15.955 16.01 16.183 16.378 16.577
15.575 15.63 15.683 15.737 15.785 15.82 15.85 15.88 15.902 15.885 15.828 15.765 15.705 15.653 15.608 15.56 15.513 15.488 15.485 15.49 15.495 15.5 15.495 15.57 15.745 15.93 16.132 16.422 16.482 16.223 15.963 15.718 15.488 15.275 15.098 14.955 14.835 14.775 14.772 14.765 14.782 14.817 14.825 14.835 14.848 14.863 14.873 14.878 14.883 14.905 14.948 15.003 15.065 15.163 15.31 15.465 15.597 15.667 15.708 15.768 15.838 15.933 16.047 16.147 16.177 16.17 16.18 16.182 16.163 16.228 16.41 16.61 16.812
15.548 15.603 15.657 15.707 15.745 15.775 15.805 15.837 15.87 15.882 15.845 15.78 15.718 15.658 15.605 15.558 15.513 15.488 15.485 15.49 15.495 15.49 15.482 15.535 15.677 15.845 16.045 16.352 16.455 16.213 15.918 15.638 15.388 15.208 15.095 15.01 14.91 14.845 14.845 14.862 14.872 14.907 14.945 14.955 14.965 14.998 15.035 15.048 15.055 15.093 15.16 15.228 15.288 15.388 15.55 15.695 15.76 15.765 15.783 15.833 15.905 16.008 16.123 16.237 16.317 16.345 16.352 16.36 16.36 16.448 16.642 16.847 17.042
15.523 15.577 15.627 15.667 15.7 15.73 15.76 15.79 15.82 15.865 15.885 15.842 15.775 15.705 15.64 15.588 15.54 15.503 15.485 15.483 15.487 15.46 15.383 15.325 15.355 15.523 15.838 16.232 16.455 16.31 15.995 15.693 15.425 15.265 15.182 15.087 14.98 14.915 14.915 14.915 14.888 14.935 15.035 15.075 15.085 15.14 15.225 15.265 15.275 15.325 15.42 15.512 15.592 15.685 15.795 15.857 15.85 15.838 15.86 15.908 15.99 16.105 16.228 16.345 16.445 16.495 16.502 16.51 16.52 16.63 16.837 17.047 17.237
15.497 15.547 15.587 15.62 15.65 15.68 15.71 15.74 15.77 15.82 15.882 15.892 15.84 15.767 15.695 15.63 15.573 15.53 15.5 15.48 15.467 15.415 15.328 15.24 15.223 15.47 15.855 16.183 16.455 16.415 16.118 15.833 15.56 15.368 15.262 15.16 15.048 14.985 14.98 14.95 14.888 14.925 15.06 15.16 15.205 15.275 15.392 15.47 15.5 15.56 15.66 15.76 15.847 15.92 15.955 15.945 15.92 15.913 15.948 16.02 16.125 16.248 16.368 16.477 16.572 16.62 16.63 16.64 16.65 16.763 16.97 17.167 17.345
15.47 15.512 15.545 15.575 15.605 15.635 15.665 15.695 15.723 15.768 15.842 15.905 15.897 15.827 15.747 15.672 15.6 15.547 15.512 15.485 15.455 15.393 15.308 15.22 15.283 15.735 16.167 16.343 16.53 16.497 16.232 15.97 15.707 15.485 15.34 15.23 15.115 15.053 15.027 14.97 14.898 14.92 15.048 15.188 15.313 15.425 15.543 15.647 15.722 15.79 15.865 15.935 15.992 16.04 16.065 16.043 15.998 16 16.075 16.188 16.308 16.418 16.52 16.617 16.7 16.742 16.755 16.765 16.775 16.875 17.06 17.235 17.403
15.442 15.475 15.5 15.53 15.56 15.59 15.62 15.65 15.678 15.718 15.788 15.875 15.897 15.835 15.755 15.675 15.592 15.533 15.505 15.495 15.492 15.45 15.365 15.278 15.413 15.957 16.387 16.502 16.605 16.53 16.28 16.032 15.782 15.565 15.43 15.318 15.188 15.108 15.058 14.998 14.948 14.983 15.12 15.288 15.463 15.605 15.715 15.817 15.89 15.937 15.98 16.02 16.06 16.108 16.165 16.17 16.115 16.143 16.265 16.392 16.507 16.605 16.687 16.755 16.805 16.835 16.85 16.86 16.87 16.973 17.155 17.328 17.497
15.417 15.445 15.463 15.485 15.51 15.54 15.57 15.6 15.63 15.668 15.733 15.83 15.855 15.79 15.717 15.642 15.56 15.508 15.503 15.518 15.545 15.535 15.468 15.41 15.595 16.04 16.357 16.49 16.605 16.537 16.29 16.035 15.775 15.585 15.515 15.447 15.318 15.215 15.16 15.123 15.105 15.163 15.313 15.49 15.667 15.802 15.892 15.965 16.002 16.018 16.045 16.085 16.125 16.175 16.245 16.287 16.26 16.315 16.472 16.602 16.697 16.765 16.812 16.842 16.872 16.902 16.92 16.93 16.945 17.065 17.27 17.452 17.622
15.385 15.427 15.442 15.455 15.47 15.495 15.523 15.55 15.58 15.613 15.683 15.79 15.81 15.743 15.675 15.605 15.535 15.508 15.528 15.555 15.582 15.597 15.565 15.59 15.812 16.11 16.317 16.463 16.595 16.537 16.29 16.022 15.75 15.585 15.565 15.562 15.49 15.4 15.358 15.345 15.345 15.403 15.545 15.715 15.857 15.955 16.025 16.08 16.107 16.11 16.12 16.15 16.19 16.243 16.315 16.387 16.398 16.473 16.655 16.772 16.822 16.852 16.877 16.9 16.928 16.965 16.99 17 17.025 17.155 17.37 17.57 17.747
15.335 15.4 15.415 15.422 15.43 15.452 15.485 15.515 15.543 15.575 15.66 15.77 15.782 15.718 15.65 15.58 15.525 15.53 15.567 15.595 15.62 15.642 15.65 15.732 15.93 16.147 16.323 16.46 16.597 16.54 16.275 15.995 15.725 15.59 15.595 15.615 15.612 15.595 15.588 15.59 15.595 15.645 15.78 15.915 15.982 16.04 16.115 16.182 16.212 16.21 16.208 16.218 16.25 16.308 16.385 16.47 16.525 16.625 16.795 16.88 16.893 16.91 16.933 16.958 16.985 17.025 17.06 17.075 17.108 17.245 17.46 17.672 17.865
15.262 15.335 15.357 15.365 15.37 15.398 15.45 15.495 15.523 15.565 15.658 15.757 15.77 15.71 15.643 15.575 15.528 15.55 15.605 15.637 15.66 15.683 15.708 15.765 15.91 16.153 16.367 16.51 16.652 16.582 16.293 16.003 15.743 15.633 15.655 15.683 15.723 15.777 15.81 15.825 15.84 15.885 15.972 16.032 16.055 16.103 16.18 16.272 16.325 16.323 16.313 16.305 16.32 16.375 16.458 16.548 16.638 16.753 16.895 16.975 16.97 16.968 16.99 17.013 17.043 17.083 17.125 17.15 17.19 17.335 17.55 17.765 17.977
15.177 15.24 15.275 15.295 15.303 15.333 15.407 15.472 15.505 15.563 15.652 15.732 15.75 15.702 15.637 15.57 15.53 15.56 15.625 15.672 15.702 15.727 15.743 15.763 15.913 16.223 16.457 16.59 16.735 16.655 16.355 16.083 15.863 15.75 15.753 15.788 15.863 15.955 16 16.025 16.045 16.065 16.085 16.1 16.12 16.165 16.25 16.365 16.445 16.452 16.438 16.423 16.425 16.473 16.558 16.655 16.755 16.863 16.987 17.085 17.082 17.043 17.045 17.068 17.1 17.14 17.185 17.218 17.27 17.425 17.64 17.873 18.112
