EGM722_Project_Data/DTM_asc/TL4959.asc
ncols         200
nrows         200
xllcorner     549000.000
yllcorner     259000.000
cellsize      5
NODATA_value  -9999.0
[rows 132 to 164 of 200, columns 0 to 72 of 200]
15.765 15.772 15.76 15.737 15.71 15.697 15.695 15.682 15.655 15.62 15.595 15.605 15.645 15.685 15.725 15.762 15.787 15.78 15.763 15.77 15.782 15.78 15.77 15.76 15.753 15.737 15.625 15.417 15.203 15.14 15.195 15.203 15.205 15.202 15.203 15.245 15.313 15.37 15.438 15.535 15.648 15.765 15.857 15.915 15.965 16.015 16.03 15.985 15.94 15.94 15.905 15.818 15.76 15.74 15.705 15.602 15.452 15.285 15.12 14.973 14.828 14.705 14.678 14.723 14.775 14.835 14.91 15.027 15.122 14.885 13.69 12.678 12.693
15.782 15.802 15.81 15.792 15.755 15.722 15.692 15.658 15.623 15.588 15.573 15.595 15.635 15.672 15.71 15.747 15.775 15.77 15.76 15.777 15.792 15.79 15.78 15.77 15.76 15.737 15.622 15.425 15.223 15.123 15.128 15.135 15.138 15.128 15.115 15.155 15.25 15.338 15.433 15.55 15.67 15.79 15.89 15.955 16.005 16.055 16.085 16.077 16.07 16.08 16.047 15.965 15.88 15.832 15.765 15.635 15.492 15.345 15.198 15.055 14.915 14.785 14.738 14.763 14.795 14.838 14.895 14.957 14.957 14.655 13.49 12.601 12.868
15.8 15.823 15.845 15.832 15.782 15.73 15.683 15.638 15.595 15.555 15.55 15.583 15.62 15.658 15.695 15.735 15.765 15.763 15.763 15.785 15.8 15.8 15.79 15.78 15.77 15.742 15.62 15.423 15.253 15.15 15.115 15.105 15.103 15.105 15.105 15.153 15.26 15.352 15.445 15.565 15.685 15.805 15.91 15.982 16.035 16.085 16.12 16.13 16.13 16.13 16.105 16.047 15.972 15.905 15.805 15.657 15.515 15.403 15.292 15.155 15.013 14.868 14.8 14.815 14.835 14.86 14.87 14.835 14.772 14.4 13.33 12.601 13.04
15.828 15.855 15.872 15.85 15.795 15.74 15.69 15.64 15.59 15.56 15.568 15.583 15.605 15.645 15.685 15.725 15.755 15.76 15.768 15.792 15.81 15.81 15.8 15.787 15.775 15.745 15.635 15.478 15.36 15.28 15.225 15.195 15.185 15.185 15.19 15.228 15.297 15.365 15.455 15.575 15.695 15.815 15.917 15.992 16.05 16.1 16.127 16.13 16.127 16.125 16.102 16.055 15.997 15.927 15.815 15.665 15.545 15.483 15.4 15.265 15.117 14.958 14.87 14.868 14.875 14.887 14.86 14.785 14.707 14.255 13.22 12.601 13.16
15.86 15.89 15.897 15.862 15.808 15.753 15.7 15.65 15.615 15.633 15.685 15.7 15.683 15.67 15.68 15.715 15.748 15.762 15.775 15.798 15.817 15.82 15.807 15.79 15.778 15.755 15.695 15.617 15.535 15.453 15.398 15.375 15.36 15.34 15.31 15.295 15.313 15.365 15.465 15.585 15.705 15.822 15.917 15.992 16.06 16.11 16.13 16.13 16.125 16.12 16.1 16.052 15.99 15.92 15.813 15.69 15.62 15.585 15.507 15.37 15.212 15.048 14.95 14.935 14.932 14.927 14.887 14.805 14.717 14.335 13.383 12.771 13.348
15.895 15.923 15.92 15.877 15.822 15.765 15.71 15.673 15.683 15.75 15.842 15.907 15.895 15.833 15.79 15.773 15.76 15.763 15.783 15.808 15.828 15.83 15.818 15.805 15.792 15.77 15.745 15.715 15.667 15.612 15.56 15.512 15.465 15.412 15.345 15.302 15.313 15.37 15.478 15.6 15.717 15.822 15.905 15.98 16.055 16.112 16.133 16.128 16.123 16.12 16.097 16.042 15.975 15.905 15.825 15.76 15.722 15.687 15.607 15.465 15.3 15.135 15.028 14.998 14.987 14.975 14.945 14.87 14.77 14.577 14.107 13.76 14.05
15.968 15.99 15.97 15.903 15.835 15.778 15.735 15.74 15.8 15.882 15.975 16.072 16.125 16.095 16.017 15.93 15.848 15.818 15.838 15.865 15.87 15.853 15.843 15.835 15.812 15.78 15.755 15.735 15.715 15.69 15.62 15.525 15.445 15.362 15.28 15.26 15.313 15.393 15.502 15.615 15.712 15.8 15.877 15.955 16.045 16.135 16.17 16.16 16.153 16.14 16.097 16.03 15.963 15.895 15.845 15.822 15.8 15.767 15.682 15.532 15.367 15.21 15.1 15.055 15.035 15.02 15.005 14.947 14.85 14.757 14.692 14.657 14.707
16.085 16.105 16.075 15.985 15.895 15.823 15.805 15.86 15.932 15.992 16.072 16.175 16.247 16.252 16.19 16.09 15.985 15.933 15.942 15.952 15.925 15.89 15.877 15.86 15.825 15.788 15.763 15.745 15.733 15.725 15.593 15.435 15.37 15.295 15.215 15.218 15.315 15.417 15.515 15.605 15.685 15.765 15.845 15.935 16.06 16.187 16.235 16.225 16.207 16.172 16.11 16.03 15.958 15.893 15.85 15.842 15.84 15.82 15.732 15.58 15.425 15.278 15.173 15.125 15.098 15.075 15.057 15.015 14.932 14.845 14.79 14.813 14.917
16.195 16.23 16.205 16.117 16.025 15.94 15.933 15.995 16.042 16.07 16.133 16.217 16.252 16.255 16.235 16.185 16.11 16.048 16.032 16.012 15.967 15.93 15.902 15.87 15.83 15.793 15.768 15.758 15.763 15.78 15.587 15.34 15.272 15.22 15.158 15.183 15.302 15.412 15.5 15.578 15.655 15.735 15.823 15.943 16.1 16.245 16.3 16.28 16.242 16.195 16.13 16.048 15.965 15.89 15.845 15.842 15.855 15.857 15.785 15.64 15.495 15.353 15.25 15.205 15.175 15.145 15.118 15.082 15.017 14.935 14.908 14.985 15.117
16.267 16.322 16.31 16.237 16.165 16.095 16.075 16.105 16.127 16.143 16.177 16.21 16.213 16.208 16.203 16.195 16.17 16.13 16.09 16.045 15.995 15.95 15.912 15.875 15.835 15.8 15.78 15.783 15.802 15.827 15.625 15.288 15.15 15.123 15.103 15.155 15.275 15.387 15.48 15.563 15.65 15.73 15.815 15.958 16.14 16.3 16.355 16.315 16.265 16.215 16.15 16.07 15.985 15.898 15.838 15.825 15.835 15.845 15.8 15.695 15.57 15.43 15.33 15.285 15.255 15.222 15.19 15.152 15.092 15.018 15.035 15.165 15.31
16.32 16.372 16.36 16.297 16.235 16.185 16.167 16.177 16.192 16.207 16.218 16.218 16.215 16.21 16.205 16.198 16.177 16.145 16.095 16.04 15.987 15.943 15.91 15.877 15.842 15.812 15.805 15.812 15.822 15.817 15.645 15.283 15.073 15.063 15.065 15.123 15.235 15.373 15.503 15.605 15.687 15.745 15.818 15.95 16.13 16.297 16.345 16.297 16.252 16.215 16.165 16.09 16.007 15.92 15.84 15.79 15.778 15.782 15.75 15.68 15.592 15.487 15.408 15.363 15.33 15.297 15.262 15.22 15.16 15.09 15.125 15.267 15.417
16.357 16.395 16.375 16.313 16.258 16.225 16.22 16.23 16.245 16.262 16.27 16.268 16.265 16.26 16.242 16.212 16.17 16.12 16.065 16.01 15.965 15.93 15.9 15.867 15.832 15.802 15.792 15.792 15.77 15.707 15.585 15.3 15.078 15.06 15.06 15.095 15.21 15.39 15.56 15.665 15.715 15.75 15.823 15.943 16.093 16.24 16.28 16.243 16.22 16.207 16.172 16.102 16.027 15.947 15.86 15.778 15.723 15.708 15.677 15.61 15.555 15.518 15.478 15.438 15.403 15.37 15.337 15.29 15.225 15.158 15.19 15.318 15.453
16.362 16.395 16.382 16.335 16.303 16.28 16.275 16.285 16.298 16.315 16.325 16.32 16.302 16.275 16.235 16.185 16.135 16.085 16.033 15.983 15.945 15.912 15.875 15.835 15.792 15.753 15.732 15.707 15.64 15.548 15.452 15.285 15.113 15.06 15.06 15.073 15.163 15.332 15.512 15.65 15.715 15.75 15.825 15.945 16.077 16.195 16.232 16.217 16.215 16.212 16.175 16.105 16.035 15.962 15.885 15.8 15.718 15.658 15.623 15.598 15.585 15.578 15.55 15.513 15.477 15.443 15.407 15.355 15.285 15.223 15.258 15.382 15.507
16.35 16.382 16.39 16.372 16.357 16.34 16.332 16.34 16.352 16.367 16.365 16.34 16.3 16.25 16.2 16.15 16.1 16.05 16.003 15.958 15.915 15.875 15.83 15.783 15.735 15.69 15.648 15.583 15.493 15.4 15.31 15.213 15.11 15.06 15.06 15.06 15.095 15.21 15.378 15.545 15.675 15.747 15.827 15.927 15.98 16.055 16.13 16.152 16.175 16.182 16.142 16.065 15.985 15.907 15.84 15.802 15.755 15.673 15.64 15.665 15.685 15.672 15.632 15.59 15.552 15.515 15.472 15.415 15.345 15.285 15.31 15.405 15.492
16.335 16.367 16.387 16.385 16.375 16.365 16.365 16.375 16.387 16.39 16.377 16.345 16.295 16.245 16.195 16.145 16.095 16.04 15.993 15.953 15.908 15.863 15.818 15.77 15.723 15.678 15.63 15.563 15.475 15.385 15.3 15.21 15.113 15.063 15.06 15.06 15.068 15.138 15.275 15.425 15.58 15.715 15.775 15.76 15.688 15.765 15.925 15.98 16.015 16.005 15.95 15.877 15.8 15.718 15.693 15.767 15.795 15.725 15.703 15.74 15.75 15.725 15.692 15.66 15.627 15.59 15.54 15.472 15.395 15.323 15.295 15.323 15.37
16.318 16.352 16.372 16.37 16.363 16.363 16.375 16.39 16.387 16.365 16.357 16.355 16.32 16.27 16.22 16.17 16.112 16.043 15.993 15.97 15.937 15.893 15.848 15.802 15.757 15.71 15.677 15.645 15.575 15.488 15.402 15.3 15.175 15.085 15.06 15.06 15.06 15.09 15.198 15.358 15.525 15.7 15.742 15.635 15.53 15.558 15.69 15.76 15.753 15.698 15.628 15.58 15.548 15.51 15.55 15.695 15.8 15.78 15.76 15.782 15.76 15.723 15.7 15.68 15.657 15.63 15.58 15.502 15.415 15.33 15.26 15.225 15.235
16.302 16.335 16.355 16.36 16.362 16.37 16.382 16.385 16.36 16.323 16.315 16.335 16.332 16.295 16.245 16.19 16.12 16.04 15.99 15.977 15.96 15.925 15.88 15.835 15.79 15.738 15.7 15.687 15.66 15.592 15.497 15.38 15.25 15.13 15.068 15.06 15.08 15.105 15.19 15.36 15.545 15.735 15.787 15.7 15.628 15.553 15.53 15.565 15.57 15.56 15.535 15.485 15.443 15.435 15.498 15.625 15.762 15.815 15.81 15.8 15.753 15.71 15.685 15.663 15.64 15.62 15.575 15.497 15.412 15.33 15.26 15.203 15.163
16.285 16.317 16.332 16.337 16.352 16.365 16.37 16.352 16.315 16.275 16.268 16.292 16.31 16.305 16.262 16.192 16.115 16.035 15.988 15.975 15.967 15.95 15.912 15.865 15.815 15.762 15.72 15.705 15.702 15.67 15.577 15.45 15.32 15.19 15.118 15.14 15.218 15.228 15.27 15.435 15.608 15.782 15.847 15.797 15.742 15.65 15.54 15.525 15.603 15.685 15.705 15.63 15.525 15.46 15.495 15.605 15.725 15.82 15.837 15.8 15.745 15.7 15.672 15.648 15.623 15.6 15.552 15.477 15.4 15.323 15.255 15.2 15.145
16.27 16.297 16.29 16.267 16.272 16.287 16.31 16.307 16.27 16.233 16.23 16.255 16.275 16.292 16.26 16.18 16.1 16.025 15.983 15.973 15.97 15.962 15.925 15.865 15.807 15.752 15.71 15.695 15.697 15.69 15.637 15.53 15.4 15.278 15.253 15.345 15.422 15.368 15.373 15.532 15.692 15.81 15.85 15.837 15.812 15.76 15.66 15.595 15.663 15.792 15.837 15.76 15.627 15.505 15.485 15.575 15.685 15.79 15.827 15.79 15.738 15.69 15.658 15.632 15.607 15.577 15.525 15.452 15.377 15.305 15.242 15.187 15.13
16.25 16.267 16.242 16.17 16.138 16.158 16.205 16.247 16.235 16.198 16.195 16.222 16.245 16.265 16.237 16.16 16.085 16.02 15.978 15.968 15.97 15.965 15.912 15.828 15.76 15.703 15.67 15.665 15.67 15.672 15.655 15.595 15.485 15.415 15.475 15.587 15.59 15.473 15.473 15.617 15.727 15.767 15.772 15.78 15.797 15.8 15.762 15.688 15.68 15.785 15.847 15.795 15.675 15.54 15.485 15.533 15.625 15.73 15.78 15.765 15.727 15.68 15.643 15.617 15.587 15.545 15.49 15.425 15.352 15.28 15.22 15.17 15.115
16.215 16.23 16.202 16.1 16.025 16.033 16.083 16.147 16.18 16.162 16.158 16.185 16.212 16.237 16.215 16.145 16.08 16.02 15.975 15.963 15.967 15.962 15.9 15.795 15.71 15.655 15.635 15.638 15.642 15.645 15.637 15.612 15.565 15.57 15.652 15.71 15.68 15.573 15.558 15.645 15.68 15.683 15.69 15.71 15.745 15.767 15.772 15.75 15.723 15.757 15.79 15.77 15.697 15.573 15.51 15.528 15.58 15.67 15.72 15.715 15.7 15.667 15.63 15.597 15.557 15.51 15.455 15.392 15.325 15.255 15.195 15.148 15.1
16.178 16.192 16.16 16.055 15.94 15.908 15.958 16.025 16.087 16.112 16.123 16.15 16.18 16.207 16.192 16.137 16.08 16.02 15.972 15.955 15.947 15.915 15.842 15.747 15.663 15.615 15.605 15.61 15.615 15.618 15.613 15.6 15.598 15.62 15.652 15.658 15.648 15.62 15.605 15.618 15.62 15.615 15.625 15.658 15.695 15.717 15.72 15.72 15.715 15.717 15.722 15.717 15.69 15.602 15.543 15.55 15.57 15.622 15.66 15.655 15.65 15.637 15.61 15.57 15.523 15.475 15.42 15.358 15.293 15.23 15.178 15.13 15.085
16.145 16.16 16.122 16.012 15.883 15.828 15.868 15.935 16.003 16.06 16.095 16.12 16.15 16.175 16.15 16.09 16.04 15.99 15.942 15.9 15.852 15.785 15.707 15.63 15.608 15.625 15.623 15.62 15.618 15.615 15.613 15.61 15.613 15.623 15.63 15.633 15.64 15.655 15.635 15.605 15.605 15.583 15.58 15.615 15.637 15.647 15.65 15.65 15.65 15.647 15.645 15.642 15.637 15.607 15.577 15.575 15.575 15.585 15.597 15.597 15.593 15.587 15.572 15.537 15.492 15.445 15.39 15.328 15.265 15.215 15.18 15.143 15.1
16.112 16.13 16.087 15.975 15.86 15.805 15.833 15.898 15.97 16.052 16.09 16.095 16.12 16.137 16.09 16.003 15.943 15.9 15.852 15.775 15.69 15.618 15.543 15.515 15.603 15.685 15.687 15.68 15.67 15.663 15.665 15.673 15.678 15.685 15.693 15.7 15.713 15.727 15.685 15.628 15.615 15.565 15.54 15.567 15.565 15.56 15.565 15.565 15.565 15.562 15.56 15.56 15.552 15.535 15.532 15.537 15.53 15.52 15.525 15.537 15.537 15.532 15.52 15.495 15.462 15.42 15.365 15.303 15.25 15.215 15.192 15.17 15.135
16.062 16.097 16.057 15.953 15.855 15.795 15.815 15.893 15.988 16.08 16.107 16.093 16.097 16.095 16.035 15.935 15.848 15.788 15.727 15.633 15.533 15.453 15.415 15.51 15.672 15.742 15.747 15.747 15.74 15.738 15.745 15.755 15.76 15.765 15.77 15.775 15.788 15.8 15.755 15.67 15.618 15.54 15.493 15.5 15.48 15.47 15.475 15.475 15.475 15.475 15.47 15.455 15.427 15.393 15.395 15.422 15.435 15.435 15.443 15.462 15.475 15.477 15.465 15.445 15.422 15.387 15.338 15.288 15.25 15.22 15.2 15.185 15.162
15.985 16.037 16.015 15.93 15.85 15.788 15.81 15.91 16.017 16.1 16.117 16.095 16.08 16.05 15.975 15.877 15.78 15.693 15.605 15.498 15.388 15.323 15.393 15.605 15.767 15.8 15.805 15.813 15.81 15.81 15.82 15.83 15.845 15.871 15.963 16.073 16.141 16.198 16.19 16.078 15.915 15.713 15.518 15.433 15.4 15.385 15.39 15.393 15.398 15.4 15.382 15.34 15.293 15.253 15.253 15.285 15.315 15.338 15.355 15.375 15.398 15.415 15.41 15.39 15.373 15.35 15.318 15.285 15.257 15.23 15.207 15.192 15.177
15.872 15.925 15.915 15.845 15.775 15.728 15.77 15.877 15.975 16.037 16.042 16.02 16.002 15.965 15.885 15.787 15.693 15.62 15.568 15.49 15.38 15.38 15.543 15.768 15.94 16.023 16.126 16.308 16.523 16.673 16.735 16.75 16.678 16.961 17.358 17.433 17.503 17.546 17.516 17.308 16.923 16.46 15.83 15.435 15.373 15.323 15.323 15.33 15.338 15.342 15.317 15.263 15.21 15.165 15.16 15.19 15.223 15.255 15.28 15.3 15.325 15.353 15.362 15.35 15.333 15.318 15.297 15.272 15.247 15.22 15.195 15.177 15.165
15.74 15.787 15.775 15.705 15.65 15.63 15.68 15.777 15.855 15.897 15.9 15.883 15.87 15.842 15.77 15.678 15.613 15.59 15.59 15.57 15.603 15.913 16.298 16.675 17.163 17.52 17.818 18.273 18.742 18.495 18.065 18.112 18.378 19.309 19.867 19.728 19.975 20.252 20.054 19.437 18.723 17.895 16.645 15.673 15.378 15.278 15.263 15.275 15.282 15.29 15.265 15.21 15.163 15.118 15.113 15.145 15.175 15.2 15.22 15.24 15.27 15.307 15.327 15.325 15.31 15.292 15.272 15.247 15.22 15.188 15.16 15.148 15.15
15.618 15.65 15.63 15.578 15.555 15.548 15.59 15.667 15.72 15.752 15.758 15.748 15.74 15.72 15.665 15.608 15.59 15.59 15.59 15.598 15.77 16.525 17.382 18.05 18.854 19.432 20.082 21.026 21.234 19.897 18.791 19.02 19.815 20.841 21.537 21.854 22.034 22.029 21.926 21.457 20.659 19.552 17.85 16.286 15.478 15.233 15.195 15.212 15.225 15.235 15.212 15.163 15.12 15.075 15.068 15.097 15.12 15.14 15.163 15.19 15.228 15.27 15.29 15.29 15.282 15.267 15.247 15.22 15.188 15.15 15.128 15.135 15.155
15.51 15.518 15.5 15.48 15.475 15.468 15.495 15.545 15.585 15.62 15.633 15.63 15.628 15.63 15.615 15.593 15.59 15.59 15.595 15.608 15.878 16.87 18.132 18.972 19.525 19.89 20.872 22.236 22.136 20.475 19.43 19.742 20.254 20.677 21.622 22.581 22.351 21.73 22.002 22.224 21.624 20.479 18.87 17.23 15.993 15.335 15.128 15.148 15.168 15.18 15.162 15.12 15.08 15.035 15.023 15.045 15.065 15.088 15.115 15.15 15.19 15.233 15.255 15.255 15.25 15.243 15.225 15.195 15.163 15.128 15.118 15.138 15.162
15.435 15.428 15.425 15.425 15.423 15.42 15.435 15.47 15.51 15.55 15.57 15.57 15.58 15.62 15.648 15.64 15.63 15.638 15.623 15.595 16.065 17.285 18.895 19.665 19.523 19.541 20.57 21.401 20.907 19.967 19.392 19.439 19.452 19.465 19.964 20.689 20.927 20.987 21.62 22.237 21.86 20.757 19.465 18.052 16.69 15.668 15.165 15.098 15.12 15.132 15.117 15.077 15.035 15.003 15.005 15.033 15.055 15.078 15.103 15.135 15.175 15.218 15.245 15.248 15.243 15.238 15.218 15.185 15.155 15.125 15.123 15.145 15.165
15.388 15.378 15.385 15.397 15.4 15.4 15.415 15.45 15.49 15.53 15.55 15.558 15.595 15.665 15.72 15.727 15.715 15.773 15.833 15.786 16.516 18.183 20.137 20.839 20.065 19.427 19.487 19.145 18.23 17.69 17.373 17.268 17.193 17.118 17.093 17.394 18.323 19.637 20.994 22.122 22.102 21.115 19.945 18.575 17.24 16.128 15.34 15.063 15.078 15.087 15.072 15.033 15 14.99 15.013 15.052 15.08 15.1 15.123 15.15 15.185 15.225 15.252 15.26 15.26 15.252 15.227 15.193 15.16 15.13 15.128 15.15 15.155
15.34 15.333 15.343 15.362 15.375 15.38 15.398 15.432 15.47 15.51 15.535 15.568 15.635 15.715 15.787 15.813 15.845 15.982 16.16 16.295 17.483 19.604 21.203 21.203 19.954 18.712 17.565 16.673 16.163 15.866 15.708 15.676 15.653 15.621 15.573 15.654 16.146 17.605 19.575 21.192 22.004 21.597 20.43 19.058 17.773 16.658 15.643 15.103 15.04 15.04 15.028 14.998 14.988 14.99 15.015 15.062 15.097 15.122 15.147 15.17 15.195 15.23 15.257 15.272 15.28 15.27 15.242 15.205 15.168 15.138 15.133 15.14 15.127
