EGM722_Project_Data/DTM_asc/TL4958.asc
ncols         200
nrows         200
xllcorner     549000.000
yllcorner     258000.000
cellsize      5
NODATA_value  -9999.0
[rows 102 to 135 of 200, columns 0 to 75 of 200]
10.682 10.63 10.59 10.565 10.545 10.52 10.49 10.468 10.45 10.432 10.4 10.35 10.297 10.245 10.203 10.17 10.14 10.113 10.083 10.048 10.013 9.98 9.95 9.92 9.888 9.855 9.845 9.855 9.865 9.875 9.888 9.9 9.908 9.913 9.92 9.93 9.94 9.945 9.94 9.93 9.915 9.895 9.885 9.88 9.875 9.87 9.847 9.797 9.725 9.64 9.555 9.475 9.39 9.333 9.315 9.31 9.313 9.36 9.468 9.59 9.712 9.817 9.895 9.937 9.95 9.96 9.97 9.98 9.99 10.002 10.01 10.01 10.01 10.01 10.013 10.023
10.66 10.618 10.59 10.572 10.552 10.527 10.495 10.46 10.435 10.417 10.387 10.342 10.295 10.243 10.198 10.165 10.135 10.107 10.075 10.04 10.005 9.97 9.947 9.927 9.9 9.87 9.86 9.87 9.88 9.893 9.91 9.925 9.932 9.94 9.95 9.96 9.965 9.96 9.95 9.937 9.91 9.873 9.853 9.847 9.842 9.835 9.82 9.795 9.747 9.67 9.585 9.505 9.448 9.445 9.445 9.405 9.355 9.345 9.425 9.545 9.65 9.73 9.825 9.927 9.975 9.987 9.998 10.01 10.023 10.04 10.05 10.05 10.05 10.053 10.055 10.055
10.648 10.615 10.59 10.575 10.557 10.535 10.505 10.465 10.43 10.405 10.372 10.33 10.287 10.238 10.195 10.165 10.132 10.1 10.068 10.033 9.998 9.963 9.94 9.925 9.905 9.88 9.87 9.88 9.893 9.908 9.925 9.942 9.957 9.97 9.98 9.985 9.98 9.967 9.957 9.937 9.895 9.848 9.82 9.813 9.807 9.8 9.785 9.767 9.742 9.69 9.615 9.56 9.558 9.585 9.585 9.54 9.48 9.423 9.423 9.488 9.553 9.62 9.725 9.855 9.96 10.007 10.025 10.043 10.06 10.08 10.09 10.09 10.093 10.097 10.1 10.098
10.643 10.615 10.59 10.575 10.56 10.542 10.515 10.472 10.43 10.395 10.357 10.315 10.275 10.233 10.195 10.165 10.13 10.095 10.063 10.028 9.993 9.955 9.93 9.915 9.9 9.885 9.883 9.895 9.907 9.922 9.94 9.96 9.98 9.997 10.005 9.997 9.985 9.972 9.957 9.922 9.87 9.82 9.79 9.78 9.775 9.77 9.755 9.735 9.715 9.69 9.658 9.65 9.675 9.702 9.695 9.635 9.56 9.482 9.433 9.438 9.463 9.52 9.63 9.763 9.898 10.005 10.057 10.08 10.1 10.118 10.127 10.132 10.137 10.142 10.145 10.143
10.65 10.628 10.6 10.578 10.56 10.545 10.52 10.477 10.432 10.388 10.345 10.305 10.268 10.233 10.2 10.17 10.138 10.105 10.068 10.028 9.99 9.953 9.925 9.908 9.895 9.883 9.885 9.9 9.913 9.932 9.952 9.97 9.99 10.01 10.015 10.002 9.99 9.98 9.957 9.913 9.86 9.81 9.78 9.77 9.763 9.75 9.738 9.725 9.705 9.688 9.682 9.695 9.72 9.745 9.735 9.675 9.592 9.508 9.46 9.453 9.46 9.52 9.638 9.773 9.908 10.035 10.11 10.135 10.155 10.167 10.17 10.173 10.177 10.185 10.192 10.19
10.673 10.655 10.625 10.588 10.56 10.545 10.52 10.48 10.435 10.385 10.34 10.3 10.268 10.243 10.215 10.183 10.15 10.12 10.08 10.035 9.995 9.958 9.928 9.908 9.892 9.878 9.878 9.893 9.913 9.937 9.958 9.975 9.995 10.012 10.015 10.005 9.995 9.985 9.96 9.915 9.865 9.815 9.785 9.775 9.757 9.73 9.723 9.727 9.715 9.695 9.685 9.693 9.713 9.735 9.73 9.687 9.615 9.533 9.49 9.493 9.533 9.618 9.74 9.872 9.995 10.11 10.18 10.205 10.22 10.227 10.225 10.215 10.215 10.222 10.23 10.235
10.703 10.687 10.657 10.61 10.568 10.545 10.52 10.477 10.43 10.38 10.335 10.3 10.275 10.255 10.23 10.197 10.165 10.132 10.092 10.048 10.005 9.965 9.935 9.913 9.89 9.875 9.875 9.893 9.92 9.945 9.965 9.982 10 10.017 10.017 10.005 9.995 9.985 9.96 9.915 9.865 9.815 9.785 9.77 9.74 9.705 9.7 9.715 9.717 9.705 9.695 9.7 9.71 9.722 9.715 9.682 9.627 9.558 9.528 9.558 9.63 9.725 9.837 9.957 10.07 10.18 10.25 10.27 10.277 10.282 10.28 10.268 10.26 10.26 10.265 10.275
10.735 10.72 10.69 10.642 10.595 10.555 10.517 10.47 10.42 10.373 10.335 10.308 10.285 10.265 10.24 10.21 10.18 10.145 10.105 10.06 10.015 9.975 9.945 9.923 9.898 9.878 9.878 9.9 9.93 9.952 9.97 9.987 10.005 10.022 10.022 10.007 9.995 9.985 9.96 9.915 9.865 9.818 9.783 9.755 9.723 9.69 9.683 9.695 9.705 9.707 9.705 9.71 9.715 9.717 9.703 9.668 9.628 9.583 9.588 9.652 9.73 9.817 9.92 10.03 10.14 10.25 10.315 10.327 10.332 10.337 10.335 10.325 10.318 10.313 10.315 10.323
10.77 10.747 10.71 10.662 10.615 10.565 10.515 10.465 10.415 10.373 10.345 10.322 10.298 10.278 10.255 10.225 10.195 10.157 10.112 10.068 10.025 9.988 9.96 9.94 9.918 9.893 9.893 9.92 9.945 9.955 9.965 9.985 10.002 10.01 10.005 9.992 9.977 9.967 9.952 9.917 9.873 9.828 9.788 9.753 9.72 9.693 9.685 9.695 9.705 9.71 9.71 9.712 9.718 9.725 9.71 9.67 9.635 9.618 9.655 9.73 9.802 9.888 9.99 10.1 10.21 10.305 10.35 10.36 10.367 10.38 10.397 10.402 10.4 10.398 10.398 10.4
10.802 10.762 10.715 10.665 10.615 10.565 10.515 10.465 10.42 10.383 10.355 10.335 10.315 10.3 10.28 10.247 10.21 10.165 10.118 10.073 10.033 10 9.978 9.962 9.942 9.918 9.92 9.945 9.955 9.95 9.955 9.972 9.98 9.977 9.967 9.955 9.945 9.938 9.932 9.917 9.885 9.84 9.8 9.768 9.738 9.715 9.71 9.72 9.722 9.715 9.71 9.713 9.723 9.742 9.735 9.695 9.67 9.673 9.713 9.783 9.863 9.955 10.06 10.17 10.265 10.327 10.355 10.365 10.383 10.413 10.447 10.475 10.492 10.5 10.5 10.482
10.815 10.765 10.715 10.665 10.615 10.565 10.515 10.468 10.43 10.395 10.365 10.348 10.335 10.325 10.305 10.267 10.22 10.17 10.123 10.08 10.045 10.015 9.993 9.98 9.965 9.945 9.945 9.955 9.95 9.94 9.942 9.95 9.948 9.942 9.933 9.92 9.915 9.91 9.905 9.9 9.885 9.852 9.815 9.788 9.765 9.745 9.74 9.742 9.73 9.713 9.708 9.718 9.738 9.765 9.76 9.733 9.733 9.745 9.775 9.84 9.928 10.025 10.13 10.225 10.287 10.33 10.355 10.373 10.405 10.445 10.483 10.52 10.557 10.585 10.58 10.53
10.815 10.765 10.715 10.662 10.61 10.56 10.512 10.472 10.437 10.402 10.377 10.365 10.355 10.342 10.317 10.275 10.225 10.175 10.13 10.095 10.062 10.03 10.008 9.995 9.985 9.97 9.96 9.955 9.943 9.93 9.925 9.923 9.918 9.91 9.903 9.895 9.89 9.885 9.88 9.875 9.87 9.857 9.832 9.81 9.792 9.775 9.762 9.75 9.73 9.71 9.708 9.727 9.755 9.785 9.795 9.795 9.807 9.82 9.84 9.9 9.995 10.095 10.182 10.242 10.282 10.32 10.355 10.392 10.437 10.48 10.52 10.555 10.587 10.622 10.612 10.552
10.81 10.76 10.705 10.645 10.59 10.537 10.495 10.465 10.432 10.398 10.375 10.365 10.355 10.34 10.307 10.26 10.21 10.168 10.135 10.105 10.07 10.045 10.035 10.025 10.012 9.993 9.973 9.96 9.948 9.933 9.923 9.918 9.91 9.898 9.893 9.89 9.885 9.88 9.875 9.87 9.865 9.86 9.845 9.825 9.81 9.795 9.775 9.758 9.74 9.72 9.715 9.733 9.757 9.79 9.832 9.862 9.875 9.885 9.895 9.935 10.022 10.122 10.185 10.22 10.255 10.29 10.34 10.397 10.447 10.492 10.537 10.572 10.6 10.625 10.61 10.557
10.8 10.75 10.69 10.62 10.56 10.505 10.465 10.442 10.415 10.383 10.36 10.347 10.332 10.315 10.28 10.233 10.19 10.16 10.135 10.105 10.08 10.075 10.075 10.062 10.042 10.015 9.99 9.973 9.96 9.948 9.937 9.93 9.917 9.903 9.898 9.9 9.897 9.892 9.887 9.882 9.877 9.87 9.855 9.838 9.823 9.807 9.79 9.772 9.755 9.735 9.725 9.73 9.745 9.783 9.845 9.905 9.935 9.945 9.95 9.958 10.01 10.102 10.16 10.185 10.215 10.25 10.305 10.372 10.43 10.48 10.53 10.575 10.61 10.625 10.6 10.55
10.787 10.74 10.68 10.605 10.535 10.475 10.435 10.415 10.392 10.365 10.343 10.325 10.305 10.285 10.253 10.215 10.185 10.16 10.135 10.115 10.11 10.115 10.115 10.095 10.065 10.035 10.01 9.99 9.973 9.96 9.95 9.937 9.923 9.908 9.9 9.905 9.907 9.905 9.9 9.895 9.89 9.88 9.865 9.85 9.835 9.82 9.805 9.785 9.765 9.748 9.74 9.74 9.75 9.788 9.85 9.922 9.977 10 10.005 10.003 10.015 10.078 10.135 10.155 10.18 10.213 10.265 10.335 10.402 10.462 10.517 10.57 10.612 10.622 10.593 10.558
10.775 10.73 10.67 10.595 10.52 10.45 10.405 10.385 10.368 10.348 10.325 10.303 10.28 10.26 10.235 10.21 10.185 10.16 10.145 10.143 10.147 10.152 10.147 10.12 10.085 10.055 10.03 10.01 9.99 9.972 9.957 9.942 9.927 9.91 9.9 9.905 9.91 9.912 9.91 9.902 9.897 9.89 9.877 9.863 9.848 9.835 9.82 9.8 9.78 9.765 9.765 9.775 9.79 9.823 9.878 9.943 10.005 10.045 10.055 10.055 10.05 10.073 10.11 10.13 10.153 10.18 10.23 10.3 10.37 10.437 10.5 10.557 10.61 10.63 10.615 10.607
10.76 10.715 10.66 10.592 10.52 10.445 10.393 10.37 10.353 10.337 10.317 10.293 10.27 10.25 10.23 10.21 10.188 10.165 10.16 10.167 10.172 10.177 10.167 10.137 10.105 10.073 10.043 10.02 10 9.98 9.96 9.945 9.93 9.913 9.9 9.9 9.905 9.907 9.907 9.9 9.895 9.892 9.887 9.877 9.865 9.852 9.837 9.822 9.805 9.788 9.798 9.827 9.85 9.88 9.93 9.99 10.042 10.077 10.09 10.09 10.085 10.088 10.105 10.125 10.145 10.168 10.205 10.265 10.335 10.405 10.47 10.53 10.577 10.595 10.6 10.61
10.737 10.69 10.642 10.592 10.527 10.453 10.4 10.373 10.35 10.333 10.313 10.29 10.27 10.25 10.23 10.21 10.19 10.173 10.17 10.18 10.187 10.192 10.182 10.155 10.125 10.093 10.058 10.025 10 9.98 9.96 9.945 9.933 9.92 9.908 9.898 9.895 9.895 9.893 9.888 9.888 9.89 9.89 9.89 9.882 9.868 9.855 9.845 9.832 9.815 9.83 9.872 9.905 9.938 9.985 10.037 10.072 10.095 10.105 10.105 10.105 10.108 10.12 10.14 10.163 10.185 10.205 10.24 10.3 10.37 10.435 10.485 10.505 10.503 10.508 10.525
10.71 10.66 10.615 10.575 10.525 10.46 10.41 10.38 10.353 10.33 10.31 10.29 10.27 10.253 10.235 10.215 10.195 10.178 10.178 10.19 10.2 10.207 10.197 10.172 10.145 10.115 10.08 10.04 10.005 9.98 9.96 9.948 9.94 9.932 9.922 9.905 9.89 9.885 9.883 9.88 9.885 9.89 9.89 9.895 9.895 9.885 9.875 9.865 9.855 9.84 9.855 9.902 9.947 9.987 10.027 10.062 10.085 10.107 10.12 10.12 10.125 10.13 10.14 10.163 10.187 10.21 10.225 10.24 10.275 10.335 10.395 10.422 10.42 10.408 10.405 10.443
10.683 10.63 10.585 10.545 10.508 10.463 10.42 10.39 10.36 10.333 10.31 10.29 10.273 10.257 10.24 10.223 10.205 10.185 10.183 10.198 10.21 10.22 10.21 10.185 10.16 10.132 10.1 10.06 10.02 9.985 9.963 9.955 9.95 9.945 9.935 9.915 9.895 9.88 9.878 9.88 9.885 9.89 9.89 9.892 9.897 9.897 9.89 9.882 9.875 9.863 9.88 9.933 9.988 10.032 10.06 10.08 10.1 10.123 10.137 10.14 10.145 10.153 10.165 10.188 10.212 10.235 10.25 10.26 10.275 10.308 10.338 10.343 10.338 10.33 10.34 10.403
10.668 10.62 10.58 10.54 10.503 10.468 10.435 10.405 10.373 10.343 10.318 10.295 10.278 10.26 10.245 10.238 10.225 10.205 10.2 10.215 10.227 10.23 10.215 10.19 10.165 10.14 10.117 10.085 10.045 10.005 9.973 9.958 9.952 9.947 9.937 9.92 9.9 9.88 9.875 9.88 9.882 9.882 9.88 9.882 9.888 9.897 9.9 9.892 9.885 9.893 9.933 9.99 10.047 10.085 10.098 10.108 10.125 10.145 10.163 10.173 10.18 10.188 10.198 10.215 10.238 10.262 10.28 10.29 10.3 10.315 10.323 10.32 10.32 10.323 10.35 10.418
10.67 10.635 10.6 10.56 10.52 10.485 10.455 10.425 10.393 10.363 10.333 10.303 10.283 10.265 10.255 10.257 10.252 10.235 10.23 10.242 10.247 10.237 10.217 10.193 10.167 10.143 10.125 10.107 10.075 10.035 9.995 9.963 9.948 9.942 9.935 9.92 9.9 9.883 9.878 9.88 9.877 9.868 9.86 9.865 9.878 9.897 9.905 9.898 9.905 9.945 10.005 10.065 10.115 10.14 10.145 10.148 10.16 10.18 10.2 10.215 10.225 10.233 10.24 10.25 10.265 10.287 10.305 10.318 10.333 10.353 10.365 10.363 10.363 10.368 10.395 10.46
10.688 10.66 10.625 10.583 10.54 10.505 10.475 10.445 10.415 10.385 10.352 10.318 10.29 10.27 10.263 10.267 10.27 10.262 10.26 10.262 10.255 10.242 10.222 10.195 10.17 10.145 10.125 10.115 10.097 10.065 10.025 9.983 9.95 9.938 9.93 9.917 9.902 9.888 9.88 9.875 9.865 9.85 9.843 9.855 9.878 9.902 9.91 9.92 9.963 10.02 10.078 10.132 10.172 10.19 10.195 10.195 10.2 10.215 10.235 10.252 10.267 10.277 10.285 10.293 10.3 10.315 10.33 10.348 10.373 10.397 10.41 10.408 10.408 10.41 10.435 10.48
10.712 10.685 10.65 10.607 10.565 10.527 10.495 10.465 10.435 10.405 10.375 10.34 10.305 10.278 10.268 10.272 10.277 10.28 10.28 10.272 10.26 10.247 10.225 10.198 10.173 10.148 10.13 10.12 10.107 10.087 10.052 10.007 9.965 9.935 9.92 9.91 9.9 9.887 9.875 9.862 9.848 9.833 9.833 9.855 9.882 9.907 9.932 9.975 10.035 10.095 10.152 10.197 10.225 10.24 10.245 10.245 10.245 10.25 10.267 10.29 10.31 10.322 10.327 10.335 10.342 10.35 10.365 10.387 10.415 10.442 10.455 10.455 10.452 10.45 10.462 10.473
10.735 10.705 10.667 10.622 10.58 10.54 10.505 10.475 10.445 10.417 10.39 10.357 10.323 10.293 10.275 10.273 10.275 10.28 10.287 10.285 10.273 10.257 10.235 10.21 10.185 10.16 10.145 10.135 10.123 10.105 10.07 10.025 9.98 9.938 9.915 9.905 9.895 9.882 9.865 9.85 9.835 9.823 9.83 9.855 9.882 9.898 9.932 9.995 10.055 10.117 10.177 10.217 10.242 10.262 10.272 10.275 10.272 10.27 10.285 10.31 10.332 10.355 10.365 10.37 10.377 10.383 10.398 10.422 10.45 10.482 10.497 10.492 10.487 10.485 10.488 10.49
10.755 10.722 10.68 10.63 10.583 10.54 10.505 10.478 10.453 10.43 10.402 10.37 10.34 10.315 10.293 10.273 10.268 10.273 10.285 10.297 10.29 10.275 10.255 10.23 10.208 10.185 10.17 10.157 10.142 10.12 10.08 10.035 9.987 9.94 9.915 9.905 9.892 9.872 9.853 9.838 9.825 9.82 9.83 9.852 9.87 9.87 9.898 9.962 10.025 10.09 10.147 10.185 10.215 10.24 10.26 10.275 10.275 10.27 10.285 10.312 10.338 10.365 10.385 10.395 10.402 10.408 10.423 10.45 10.483 10.52 10.535 10.523 10.515 10.515 10.52 10.532
10.772 10.735 10.69 10.64 10.59 10.545 10.51 10.485 10.465 10.445 10.417 10.388 10.365 10.345 10.32 10.288 10.268 10.265 10.275 10.295 10.302 10.295 10.275 10.25 10.23 10.21 10.195 10.177 10.152 10.125 10.087 10.042 9.99 9.94 9.915 9.902 9.882 9.858 9.84 9.828 9.82 9.818 9.827 9.842 9.842 9.838 9.865 9.928 9.993 10.057 10.11 10.145 10.175 10.203 10.227 10.25 10.265 10.27 10.285 10.315 10.342 10.368 10.39 10.407 10.422 10.432 10.448 10.48 10.52 10.56 10.575 10.56 10.548 10.545 10.553 10.568
10.785 10.745 10.7 10.65 10.6 10.553 10.518 10.495 10.475 10.455 10.432 10.412 10.395 10.375 10.347 10.312 10.283 10.263 10.265 10.285 10.302 10.307 10.292 10.272 10.255 10.235 10.215 10.19 10.16 10.13 10.092 10.045 9.992 9.943 9.913 9.895 9.873 9.85 9.835 9.825 9.82 9.815 9.818 9.82 9.813 9.81 9.838 9.895 9.96 10.025 10.073 10.105 10.138 10.17 10.198 10.22 10.245 10.265 10.285 10.315 10.345 10.372 10.395 10.415 10.435 10.452 10.472 10.505 10.545 10.587 10.607 10.597 10.583 10.578 10.588 10.603
10.792 10.755 10.71 10.66 10.61 10.56 10.525 10.508 10.49 10.467 10.445 10.427 10.41 10.387 10.357 10.325 10.295 10.268 10.263 10.28 10.3 10.307 10.295 10.28 10.265 10.25 10.225 10.19 10.16 10.13 10.09 10.04 9.99 9.943 9.913 9.895 9.875 9.855 9.84 9.83 9.825 9.82 9.82 9.825 9.823 9.82 9.848 9.905 9.963 10.015 10.058 10.09 10.123 10.153 10.18 10.208 10.235 10.26 10.285 10.315 10.345 10.375 10.4 10.42 10.44 10.455 10.472 10.502 10.543 10.597 10.63 10.625 10.615 10.62 10.638 10.655
10.8 10.765 10.72 10.67 10.62 10.573 10.54 10.522 10.502 10.475 10.45 10.43 10.41 10.385 10.355 10.323 10.293 10.27 10.268 10.282 10.295 10.297 10.285 10.27 10.26 10.257 10.235 10.188 10.15 10.12 10.08 10.03 9.983 9.94 9.915 9.905 9.89 9.87 9.855 9.843 9.835 9.83 9.835 9.85 9.857 9.863 9.89 9.94 9.985 10.025 10.065 10.097 10.122 10.145 10.17 10.202 10.235 10.262 10.288 10.315 10.345 10.375 10.4 10.417 10.432 10.44 10.45 10.48 10.535 10.61 10.65 10.645 10.653 10.68 10.705 10.722
10.808 10.772 10.73 10.68 10.633 10.588 10.555 10.532 10.505 10.475 10.453 10.432 10.408 10.382 10.352 10.32 10.295 10.275 10.273 10.282 10.285 10.285 10.275 10.265 10.268 10.275 10.252 10.198 10.148 10.11 10.07 10.023 9.978 9.938 9.915 9.91 9.902 9.887 9.872 9.858 9.848 9.84 9.845 9.863 9.885 9.91 9.933 9.96 9.995 10.035 10.072 10.097 10.115 10.133 10.158 10.195 10.23 10.262 10.29 10.315 10.345 10.375 10.397 10.407 10.415 10.42 10.43 10.47 10.545 10.63 10.672 10.68 10.71 10.75 10.772 10.78
10.815 10.777 10.737 10.692 10.647 10.602 10.567 10.54 10.51 10.48 10.455 10.432 10.405 10.378 10.35 10.325 10.305 10.285 10.275 10.275 10.275 10.275 10.273 10.275 10.285 10.292 10.267 10.212 10.155 10.105 10.063 10.02 9.975 9.935 9.915 9.91 9.905 9.897 9.887 9.872 9.86 9.855 9.87 9.9 9.935 9.972 9.995 10.008 10.03 10.055 10.075 10.09 10.105 10.12 10.145 10.185 10.22 10.255 10.287 10.315 10.345 10.375 10.395 10.4 10.403 10.405 10.42 10.478 10.565 10.65 10.705 10.737 10.777 10.815 10.83 10.825
10.815 10.775 10.735 10.695 10.65 10.605 10.57 10.54 10.51 10.482 10.455 10.428 10.402 10.375 10.355 10.34 10.32 10.3 10.29 10.29 10.29 10.29 10.285 10.283 10.29 10.295 10.272 10.22 10.16 10.105 10.058 10.015 9.973 9.933 9.913 9.907 9.903 9.9 9.892 9.877 9.868 9.883 9.925 9.968 10.005 10.047 10.075 10.085 10.097 10.085 10.068 10.075 10.09 10.105 10.133 10.175 10.21 10.245 10.28 10.31 10.34 10.373 10.402 10.417 10.42 10.418 10.438 10.5 10.585 10.672 10.737 10.78 10.82 10.855 10.865 10.855
10.805 10.765 10.725 10.685 10.64 10.595 10.56 10.53 10.503 10.48 10.455 10.425 10.4 10.375 10.36 10.352 10.337 10.32 10.315 10.325 10.332 10.335 10.318 10.288 10.278 10.282 10.262 10.215 10.16 10.103 10.053 10.01 9.97 9.93 9.908 9.903 9.898 9.895 9.887 9.875 9.885 9.93 9.992 10.042 10.08 10.122 10.152 10.162 10.147 10.09 10.053 10.06 10.073 10.085 10.115 10.16 10.197 10.235 10.27 10.3 10.335 10.375 10.412 10.442 10.455 10.453 10.475 10.533 10.608 10.695 10.76 10.8 10.84 10.875 10.885 10.875
