EGM722_Project_Data/DTM_tif/TL4456.asc
ncols         200
nrows         200
xllcorner     544000.000
yllcorner     256000.000
cellsize      5
NODATA_value  -9999.0
[rows 33 to 65 of 200, columns 0 to 73 of 200]
7.595 7.535 7.528 7.61 7.752 7.885 7.937 7.935 7.93 7.927 7.902 7.812 7.702 7.595 7.492 7.277 6.943 6.78 6.78 6.78 6.78 6.945 7.112 7.282 7.45 7.45 7.45 7.447 7.442 7.435 7.44 7.46 7.475 7.478 7.488 7.512 7.535 7.555 7.562 7.567 7.58 7.587 7.587 7.582 7.575 7.56 7.563 7.595 7.637 7.672 7.69 7.697 7.705 7.713 7.735 7.75 7.73 7.703 7.672 7.5 7.308 7.402 7.555 7.495 7.333 7.28 7.403 7.585 7.765 7.942 8.037 7.997 7.955 7.99
7.578 7.513 7.518 7.632 7.787 7.912 7.947 7.937 7.937 7.935 7.907 7.82 7.697 7.6 7.352 6.96 6.78 6.78 6.78 6.78 6.938 7.252 7.407 7.41 7.422 7.43 7.417 7.398 7.385 7.378 7.383 7.4 7.407 7.395 7.4 7.425 7.445 7.457 7.475 7.502 7.525 7.552 7.572 7.572 7.567 7.563 7.578 7.615 7.655 7.69 7.712 7.725 7.735 7.747 7.75 7.733 7.703 7.667 7.595 7.383 7.365 7.485 7.385 7.223 7.095 7.133 7.308 7.493 7.675 7.855 8.022 8.102 8.122 8.125
7.568 7.513 7.515 7.618 7.77 7.9 7.92 7.883 7.875 7.875 7.84 7.752 7.64 7.372 6.973 6.78 6.78 6.78 6.81 6.963 7.227 7.355 7.343 7.358 7.388 7.407 7.39 7.355 7.333 7.323 7.325 7.335 7.327 7.308 7.313 7.332 7.345 7.345 7.355 7.385 7.425 7.49 7.547 7.56 7.553 7.555 7.58 7.622 7.665 7.702 7.727 7.742 7.757 7.777 7.772 7.737 7.697 7.655 7.448 7.373 7.47 7.355 7.153 6.958 6.905 7.04 7.23 7.423 7.615 7.805 7.995 8.147 8.21 8.2
7.565 7.515 7.51 7.603 7.752 7.89 7.915 7.855 7.818 7.802 7.755 7.66 7.387 6.973 6.78 6.78 6.78 6.943 7.12 7.242 7.335 7.31 7.313 7.338 7.365 7.385 7.37 7.33 7.295 7.27 7.263 7.257 7.238 7.22 7.223 7.232 7.233 7.228 7.238 7.28 7.35 7.437 7.517 7.545 7.543 7.555 7.585 7.63 7.675 7.717 7.745 7.752 7.76 7.77 7.762 7.725 7.675 7.5 7.345 7.455 7.505 7.32 7.078 6.865 6.853 7.03 7.23 7.43 7.63 7.83 8.03 8.177 8.245 8.262
7.57 7.518 7.503 7.59 7.74 7.882 7.915 7.85 7.79 7.74 7.67 7.395 6.975 6.78 6.78 6.78 6.94 7.245 7.367 7.327 7.31 7.305 7.31 7.33 7.352 7.365 7.345 7.305 7.265 7.228 7.205 7.185 7.158 7.138 7.135 7.14 7.138 7.135 7.148 7.205 7.297 7.39 7.477 7.525 7.54 7.56 7.575 7.587 7.597 7.622 7.682 7.717 7.712 7.705 7.712 7.7 7.652 7.35 7.333 7.565 7.497 7.35 7.12 6.943 6.94 7.095 7.295 7.493 7.69 7.89 8.077 8.197 8.257 8.305
7.562 7.515 7.495 7.575 7.725 7.852 7.877 7.817 7.752 7.682 7.487 7.055 6.78 6.78 6.78 6.943 7.252 7.372 7.338 7.325 7.317 7.305 7.305 7.325 7.342 7.34 7.31 7.27 7.23 7.198 7.178 7.158 7.13 7.105 7.103 7.11 7.11 7.11 7.115 7.153 7.233 7.327 7.42 7.497 7.54 7.555 7.515 7.425 7.345 7.35 7.482 7.607 7.635 7.625 7.657 7.67 7.495 7.34 7.447 7.53 7.47 7.36 7.168 7.038 7.043 7.165 7.365 7.56 7.755 7.955 8.12 8.212 8.27 8.33
7.535 7.5 7.485 7.558 7.697 7.785 7.792 7.75 7.687 7.615 7.252 6.855 6.78 6.853 7.015 7.262 7.405 7.373 7.35 7.337 7.322 7.3 7.295 7.315 7.32 7.302 7.27 7.23 7.198 7.18 7.17 7.157 7.135 7.11 7.11 7.125 7.13 7.13 7.125 7.128 7.17 7.253 7.35 7.457 7.532 7.542 7.455 7.295 7.18 7.173 7.26 7.41 7.525 7.545 7.605 7.56 7.393 7.458 7.55 7.49 7.432 7.36 7.235 7.158 7.163 7.25 7.435 7.63 7.825 8.025 8.17 8.237 8.288 8.345
7.517 7.497 7.49 7.55 7.65 7.695 7.695 7.67 7.617 7.372 6.97 6.78 6.843 7.115 7.41 7.477 7.43 7.377 7.35 7.335 7.315 7.29 7.285 7.295 7.282 7.26 7.23 7.198 7.18 7.17 7.158 7.145 7.13 7.11 7.11 7.13 7.145 7.15 7.145 7.135 7.138 7.185 7.283 7.402 7.505 7.525 7.433 7.325 7.285 7.28 7.27 7.308 7.388 7.44 7.552 7.408 7.38 7.567 7.515 7.455 7.403 7.36 7.315 7.293 7.295 7.35 7.503 7.698 7.895 8.092 8.217 8.265 8.308 8.36
7.148 7.142 7.14 7.335 7.557 7.59 7.59 7.55 7.34 6.973 6.78 6.78 7.035 7.46 7.597 7.525 7.43 7.345 7.313 7.305 7.292 7.277 7.27 7.26 7.24 7.22 7.198 7.18 7.17 7.16 7.148 7.133 7.12 7.108 7.11 7.13 7.15 7.165 7.165 7.155 7.14 7.145 7.22 7.34 7.46 7.525 7.502 7.482 7.497 7.51 7.495 7.453 7.42 7.42 7.53 7.485 7.458 7.557 7.518 7.475 7.438 7.418 7.433 7.447 7.44 7.455 7.573 7.77 7.973 8.155 8.255 8.298 8.34 8.385
6.78 6.78 6.78 6.95 7.137 7.158 7.158 7.127 6.94 6.78 6.78 6.953 7.34 7.61 7.605 7.49 7.383 7.295 7.255 7.25 7.247 7.245 7.245 7.235 7.215 7.195 7.183 7.177 7.172 7.165 7.153 7.138 7.125 7.115 7.118 7.135 7.153 7.17 7.177 7.17 7.157 7.145 7.2 7.323 7.427 7.5 7.55 7.582 7.61 7.637 7.655 7.635 7.577 7.552 7.61 7.615 7.595 7.61 7.588 7.563 7.538 7.54 7.59 7.62 7.608 7.615 7.725 7.923 8.12 8.247 8.303 8.348 8.39 8.43
6.78 6.78 6.78 6.78 6.78 6.78 6.78 6.78 6.78 6.78 6.948 7.292 7.507 7.587 7.567 7.448 7.338 7.243 7.198 7.193 7.193 7.195 7.205 7.215 7.205 7.185 7.175 7.175 7.177 7.177 7.167 7.155 7.145 7.135 7.133 7.143 7.158 7.172 7.18 7.177 7.17 7.163 7.223 7.325 7.382 7.422 7.475 7.532 7.58 7.62 7.665 7.692 7.662 7.473 7.495 7.587 7.558 7.657 7.69 7.667 7.643 7.668 7.747 7.79 7.785 7.83 7.963 8.15 8.297 8.34 8.363 8.407 8.45 8.49
7.12 6.945 6.78 6.78 6.78 6.78 6.78 6.78 6.843 7.013 7.292 7.472 7.498 7.552 7.53 7.41 7.293 7.188 7.14 7.138 7.14 7.145 7.155 7.175 7.185 7.175 7.165 7.165 7.17 7.175 7.172 7.167 7.162 7.155 7.15 7.155 7.165 7.177 7.182 7.18 7.175 7.175 7.22 7.272 7.3 7.333 7.383 7.447 7.507 7.557 7.608 7.672 7.508 7.318 7.475 7.532 7.45 7.562 7.725 7.77 7.758 7.805 7.9 7.955 7.983 8.07 8.212 8.347 8.405 8.4 8.42 8.465 8.51 8.55
7.525 7.352 7.163 7.055 6.875 6.798 6.963 7.112 7.177 7.36 7.487 7.5 7.507 7.532 7.495 7.373 7.25 7.138 7.088 7.09 7.095 7.1 7.108 7.125 7.145 7.155 7.155 7.155 7.16 7.165 7.165 7.165 7.165 7.165 7.167 7.172 7.177 7.182 7.18 7.17 7.157 7.155 7.172 7.195 7.218 7.245 7.293 7.358 7.425 7.495 7.578 7.667 7.393 7.37 7.597 7.455 7.323 7.378 7.607 7.78 7.87 7.952 8.047 8.125 8.195 8.285 8.387 8.452 8.457 8.45 8.47 8.512 8.555 8.595
7.66 7.67 7.642 7.512 7.28 7.148 7.295 7.402 7.325 7.335 7.395 7.42 7.437 7.465 7.455 7.365 7.245 7.13 7.078 7.08 7.085 7.09 7.088 7.093 7.11 7.13 7.14 7.14 7.145 7.15 7.15 7.15 7.153 7.16 7.17 7.177 7.18 7.172 7.152 7.13 7.112 7.103 7.11 7.13 7.158 7.2 7.235 7.28 7.348 7.435 7.562 7.675 7.57 7.5 7.505 7.365 7.225 7.24 7.46 7.738 7.96 8.085 8.18 8.26 8.32 8.38 8.442 8.482 8.485 8.475 8.49 8.53 8.57 8.61
7.8 7.815 7.812 7.75 7.62 7.49 7.397 7.29 7.155 7.115 7.172 7.217 7.255 7.31 7.355 7.35 7.272 7.16 7.105 7.103 7.105 7.11 7.1 7.085 7.09 7.107 7.117 7.12 7.125 7.13 7.13 7.133 7.14 7.153 7.165 7.17 7.162 7.145 7.113 7.078 7.058 7.045 7.05 7.075 7.123 7.192 7.203 7.208 7.275 7.383 7.455 7.535 7.607 7.56 7.49 7.403 7.288 7.255 7.435 7.765 8.047 8.202 8.292 8.345 8.365 8.403 8.46 8.5 8.502 8.485 8.493 8.53 8.57 8.61
7.887 7.88 7.857 7.742 7.578 7.52 7.46 7.325 7.19 7.07 6.92 6.865 7.007 7.135 7.195 7.247 7.257 7.19 7.133 7.128 7.128 7.13 7.117 7.093 7.08 7.085 7.093 7.098 7.103 7.108 7.11 7.118 7.133 7.15 7.16 7.152 7.135 7.115 7.082 7.04 7.005 6.985 6.995 7.04 7.108 7.185 7.21 7.18 7.213 7.385 7.305 7.323 7.542 7.545 7.57 7.552 7.47 7.39 7.493 7.823 8.142 8.32 8.392 8.417 8.423 8.44 8.483 8.517 8.515 8.495 8.5 8.533 8.57 8.61
7.877 7.85 7.787 7.615 7.528 7.635 7.635 7.485 7.325 7.16 6.883 6.638 6.665 6.887 7.057 7.11 7.16 7.17 7.155 7.155 7.155 7.152 7.138 7.113 7.09 7.075 7.073 7.078 7.083 7.088 7.095 7.11 7.13 7.147 7.147 7.13 7.11 7.087 7.055 7.01 6.965 6.938 6.96 7.028 7.103 7.178 7.242 7.183 7.21 7.29 7.255 7.408 7.565 7.6 7.66 7.672 7.62 7.54 7.593 7.89 8.24 8.43 8.475 8.482 8.49 8.5 8.517 8.532 8.522 8.5 8.505 8.537 8.572 8.61
7.792 7.765 7.67 7.533 7.558 7.685 7.682 7.56 7.4 7.237 7.045 6.823 6.59 6.598 6.738 6.89 7.052 7.097 7.135 7.167 7.182 7.177 7.167 7.148 7.123 7.098 7.083 7.08 7.085 7.09 7.1 7.12 7.137 7.145 7.135 7.115 7.095 7.062 7.02 6.977 6.938 6.918 6.96 7.04 7.115 7.19 7.265 7.285 7.387 7.245 7.278 7.58 7.618 7.68 7.74 7.775 7.747 7.68 7.74 8.01 8.345 8.525 8.545 8.542 8.54 8.537 8.532 8.53 8.517 8.493 8.498 8.532 8.565 8.613
7.67 7.6 7.493 7.448 7.51 7.577 7.602 7.557 7.437 7.278 7.128 7.03 6.867 6.645 6.513 6.6 6.743 6.9 7.067 7.117 7.16 7.19 7.202 7.19 7.168 7.145 7.125 7.108 7.105 7.11 7.12 7.137 7.145 7.142 7.13 7.107 7.077 7.03 6.98 6.943 6.92 6.92 6.975 7.067 7.147 7.223 7.303 7.422 7.367 7.27 7.452 7.63 7.693 7.755 7.817 7.872 7.867 7.813 7.918 8.202 8.457 8.557 8.55 8.537 8.522 8.507 8.492 8.49 8.492 8.475 8.48 8.515 8.558 8.628
7.635 7.525 7.42 7.38 7.408 7.453 7.48 7.475 7.43 7.31 7.18 7.102 7.042 6.905 6.76 6.595 6.47 6.605 6.815 6.972 7.082 7.14 7.192 7.217 7.212 7.192 7.17 7.148 7.133 7.13 7.137 7.145 7.142 7.137 7.125 7.092 7.045 6.99 6.943 6.92 6.92 6.93 6.983 7.08 7.172 7.255 7.347 7.317 7.223 7.388 7.605 7.692 7.77 7.83 7.892 7.955 7.975 7.97 8.125 8.37 8.502 8.525 8.5 8.48 8.46 8.445 8.43 8.43 8.452 8.455 8.463 8.508 8.575 8.655
7.692 7.58 7.48 7.413 7.38 7.37 7.368 7.36 7.35 7.305 7.225 7.145 7.062 6.987 6.957 6.837 6.72 6.598 6.535 6.673 6.882 7.047 7.11 7.175 7.225 7.235 7.212 7.187 7.16 7.147 7.15 7.148 7.143 7.135 7.115 7.073 7.02 6.968 6.933 6.928 6.935 6.945 6.99 7.08 7.18 7.275 7.402 7.19 7.195 7.5 7.555 7.665 7.767 7.857 7.95 8.027 8.077 8.145 8.285 8.407 8.467 8.482 8.46 8.435 8.41 8.39 8.37 8.373 8.403 8.425 8.458 8.525 8.605 8.685
7.732 7.62 7.528 7.462 7.407 7.348 7.31 7.3 7.293 7.27 7.207 7.12 7.033 6.98 6.973 6.975 6.977 6.85 6.723 6.598 6.598 6.738 6.892 7.07 7.15 7.205 7.2 7.17 7.14 7.148 7.167 7.163 7.158 7.147 7.127 7.093 7.045 6.993 6.968 6.973 6.978 6.985 6.988 7.03 7.125 7.247 7.265 7.195 7.275 7.392 7.468 7.573 7.678 7.79 7.91 8.017 8.112 8.22 8.31 8.367 8.422 8.44 8.417 8.393 8.37 8.348 8.333 8.348 8.38 8.413 8.475 8.56 8.64 8.72
7.735 7.64 7.56 7.483 7.412 7.345 7.305 7.295 7.272 7.22 7.14 7.053 6.995 6.995 7.015 7.022 7.02 7.01 7.002 6.867 6.603 6.47 6.6 6.743 6.913 7.102 7.125 7.1 7.1 7.155 7.192 7.187 7.18 7.165 7.152 7.14 7.102 7.048 7.025 7.035 7.042 7.05 7.013 6.968 7.035 7.207 7.205 7.275 7.35 7.29 7.383 7.485 7.588 7.693 7.8 7.913 8.07 8.245 8.308 8.323 8.377 8.395 8.373 8.35 8.335 8.328 8.33 8.355 8.392 8.428 8.495 8.59 8.675 8.758
7.717 7.65 7.59 7.5 7.415 7.343 7.302 7.275 7.22 7.15 7.073 7.015 7.01 7.032 7.052 7.07 7.082 7.077 7.063 7.045 6.905 6.768 6.76 6.745 6.735 6.83 6.982 7.05 7.098 7.182 7.22 7.21 7.195 7.178 7.168 7.165 7.147 7.108 7.09 7.097 7.105 7.115 7.077 6.978 7.1 7.185 7.243 7.362 7.238 7.195 7.297 7.4 7.503 7.608 7.75 7.935 8.115 8.322 8.397 8.328 8.333 8.35 8.333 8.323 8.32 8.325 8.338 8.365 8.405 8.443 8.508 8.607 8.705 8.793
7.717 7.675 7.62 7.53 7.435 7.345 7.283 7.225 7.155 7.085 7.033 7.028 7.05 7.07 7.092 7.112 7.13 7.137 7.135 7.132 7.135 7.132 7.105 7.047 6.87 6.688 6.693 6.883 7.08 7.187 7.237 7.225 7.208 7.193 7.182 7.177 7.172 7.16 7.155 7.16 7.165 7.175 7.117 7.073 7.14 7.2 7.31 7.31 7.133 7.108 7.213 7.333 7.493 7.678 7.902 8.167 8.332 8.452 8.535 8.455 8.355 8.323 8.313 8.315 8.32 8.325 8.343 8.375 8.415 8.455 8.52 8.62 8.725 8.823
7.737 7.712 7.652 7.562 7.467 7.363 7.268 7.195 7.125 7.063 7.04 7.058 7.082 7.105 7.12 7.122 7.125 7.132 7.14 7.15 7.162 7.18 7.155 7.075 7.015 6.89 6.753 6.728 6.763 6.965 7.165 7.21 7.22 7.205 7.19 7.182 7.18 7.177 7.175 7.175 7.18 7.18 7.113 7.245 7.188 7.213 7.39 7.188 7.028 7.058 7.215 7.37 7.567 7.79 8.01 8.285 8.477 8.552 8.642 8.607 8.445 8.343 8.328 8.333 8.338 8.34 8.355 8.39 8.43 8.475 8.548 8.65 8.755 8.863
7.772 7.75 7.685 7.597 7.497 7.38 7.275 7.2 7.138 7.09 7.073 7.083 7.105 7.13 7.125 7.093 7.07 7.065 7.07 7.083 7.105 7.142 7.142 7.083 7.04 7.047 7.04 6.878 6.73 6.738 6.78 6.977 7.17 7.2 7.195 7.183 7.177 7.172 7.163 7.15 7.15 7.13 7.17 7.247 7.248 7.302 7.27 7.075 6.943 6.973 7.127 7.302 7.48 7.658 7.938 8.282 8.447 8.517 8.63 8.647 8.522 8.398 8.365 8.37 8.37 8.368 8.378 8.41 8.455 8.513 8.595 8.7 8.81 8.925
7.822 7.79 7.715 7.63 7.52 7.388 7.28 7.213 7.165 7.125 7.105 7.11 7.127 7.14 7.115 7.065 7.02 7 7.005 7.025 7.063 7.11 7.127 7.1 7.09 7.12 7.117 7.065 7.015 6.733 6.47 6.618 6.895 7.09 7.167 7.18 7.175 7.17 7.157 7.135 7.123 7.135 7.18 7.225 7.345 7.35 7.163 7.015 6.925 6.888 6.915 7.038 7.215 7.48 7.98 8.355 8.405 8.435 8.52 8.58 8.545 8.452 8.403 8.402 8.397 8.393 8.4 8.438 8.498 8.565 8.65 8.755 8.87 8.99
7.872 7.825 7.747 7.655 7.53 7.388 7.285 7.237 7.2 7.16 7.14 7.142 7.15 7.137 7.095 7.042 6.988 6.948 6.95 6.985 7.03 7.08 7.117 7.135 7.16 7.197 7.187 7.13 7.07 6.887 6.603 6.47 6.573 6.73 6.937 7.115 7.152 7.165 7.152 7.125 7.118 7.26 7.17 7.238 7.43 7.248 7.11 7.023 6.96 6.9 6.848 6.853 7.028 7.5 8.105 8.382 8.38 8.385 8.43 8.475 8.482 8.46 8.433 8.427 8.422 8.415 8.428 8.48 8.55 8.62 8.705 8.815 8.935 9.055
7.885 7.797 7.712 7.625 7.51 7.365 7.275 7.245 7.215 7.185 7.167 7.162 7.15 7.115 7.065 7.012 6.958 6.918 6.925 6.965 7.01 7.06 7.107 7.152 7.195 7.227 7.21 7.147 7.085 7.035 6.875 6.623 6.49 6.47 6.605 6.763 6.942 7.112 7.112 7.1 7.185 7.255 7.228 7.312 7.332 7.208 7.125 7.06 6.997 6.935 6.875 6.81 7.005 7.635 8.192 8.347 8.345 8.345 8.363 8.395 8.418 8.438 8.445 8.44 8.435 8.435 8.47 8.535 8.603 8.673 8.765 8.883 9.005 9.128
7.857 7.705 7.598 7.537 7.46 7.33 7.248 7.223 7.2 7.177 7.162 7.15 7.12 7.075 7.025 6.975 6.935 6.92 6.933 6.963 7.003 7.05 7.095 7.137 7.175 7.2 7.182 7.123 7.07 7.055 7.045 6.9 6.747 6.598 6.47 6.47 6.613 6.805 6.958 7.138 7.302 7.25 7.3 7.417 7.303 7.228 7.162 7.097 7.032 6.967 6.897 6.82 7.038 7.695 8.197 8.287 8.275 8.272 8.288 8.34 8.395 8.432 8.445 8.44 8.445 8.47 8.525 8.595 8.665 8.743 8.843 8.96 9.083 9.213
7.822 7.608 7.475 7.435 7.392 7.3 7.225 7.2 7.18 7.155 7.137 7.117 7.08 7.035 6.985 6.948 6.935 6.935 6.945 6.97 7 7.04 7.085 7.12 7.145 7.165 7.152 7.11 7.09 7.105 7.102 7.052 7.002 6.855 6.598 6.47 6.47 6.553 6.9 7.305 7.297 7.278 7.42 7.398 7.328 7.263 7.198 7.132 7.062 6.987 6.905 6.82 7.045 7.662 8.137 8.232 8.193 8.178 8.208 8.285 8.365 8.422 8.442 8.45 8.48 8.525 8.585 8.658 8.738 8.825 8.928 9.048 9.178 9.313
7.792 7.513 7.355 7.325 7.3 7.25 7.203 7.18 7.158 7.133 7.108 7.078 7.04 6.998 6.963 6.95 6.95 6.95 6.96 6.982 7.005 7.032 7.067 7.095 7.113 7.13 7.133 7.128 7.14 7.162 7.157 7.11 7.05 7.002 6.855 6.725 6.668 6.765 7.152 7.317 7.255 7.393 7.492 7.43 7.368 7.302 7.232 7.17 7.095 6.998 6.905 6.82 7.048 7.607 8.07 8.205 8.143 8.11 8.145 8.23 8.32 8.4 8.45 8.488 8.535 8.585 8.648 8.728 8.815 8.905 9.015 9.145 9.28 9.417
