EGM722_Project_Data/DTM_tif/TL4457.asc
ncols         200
nrows         200
xllcorner     544000.000
yllcorner     257000.000
cellsize      5
NODATA_value  -9999.0
[rows 0 to 33 of 200, columns 77 to 153 of 200]
8.962 8.765 8.565 8.388 8.233 8.093 8.033 8.022 7.935 7.788 7.653 7.505 7.212 6.788 6.373 6.145 6.158 6.245 6.335 6.423 6.51 6.582 6.617 6.612 6.572 6.543 6.532 6.507 6.473 6.435 6.398 6.383 6.397 6.385 6.34 6.335 6.365 6.393 6.418 6.443 6.468 6.52 6.615 6.745 6.9 7.055 7.197 6.792 5.805 5.29 5.29 5.29 5.653 6.412 6.817 6.83 6.878 6.958 7.038 7.125 7.215 6.915 6.57 6.93 7.347 7.467 7.59 7.71 7.827 7.945 7.915 7.615 7.328 7.41 7.975 8.445 8.567
8.78 8.58 8.38 8.205 8.078 8.03 8.038 8.045 7.997 7.86 7.697 7.487 7.153 6.745 6.375 6.195 6.193 6.245 6.33 6.417 6.497 6.55 6.572 6.59 6.595 6.585 6.563 6.528 6.49 6.45 6.43 6.44 6.46 6.452 6.403 6.368 6.383 6.415 6.445 6.473 6.5 6.558 6.673 6.82 6.975 7.13 7.279 6.322 5.291 5.29 5.29 5.488 6.202 6.737 6.77 6.798 6.848 6.928 7.015 7.105 7.195 6.905 6.57 6.75 7.195 7.54 7.692 7.825 7.942 8.06 8.117 7.905 7.513 7.36 7.925 8.522 8.627
8.6 8.4 8.203 8.063 8.025 8.04 8.06 8.085 8.055 7.917 7.727 7.492 7.167 6.79 6.49 6.36 6.32 6.308 6.343 6.413 6.475 6.507 6.53 6.553 6.58 6.607 6.612 6.585 6.545 6.503 6.468 6.465 6.492 6.515 6.49 6.425 6.425 6.49 6.535 6.565 6.6 6.658 6.758 6.89 7.04 7.195 6.902 5.913 5.29 5.29 5.29 5.855 6.552 6.7 6.73 6.768 6.825 6.905 6.995 7.085 7.175 6.895 6.57 6.57 7.003 7.537 7.732 7.902 8.05 8.177 8.285 8.16 7.775 7.463 7.885 8.525 8.672
8.755 8.408 8.143 8.06 8.085 8.12 8.163 8.21 8.147 7.943 7.713 7.482 7.202 6.85 6.61 6.54 6.5 6.458 6.428 6.42 6.437 6.47 6.495 6.52 6.55 6.595 6.642 6.66 6.64 6.592 6.525 6.475 6.503 6.577 6.587 6.488 6.463 6.555 6.635 6.685 6.72 6.775 6.86 6.975 7.113 7.257 6.405 5.386 5.29 5.29 5.65 6.38 6.702 6.67 6.703 6.745 6.803 6.88 6.97 7.06 7.152 6.992 6.678 6.57 6.978 7.472 7.67 7.885 8.09 8.265 8.405 8.372 8.095 7.87 8.08 8.542 8.78
9.202 8.77 8.32 8.188 8.23 8.278 8.325 8.372 8.26 7.99 7.728 7.473 7.208 6.925 6.758 6.712 6.665 6.612 6.56 6.46 6.378 6.387 6.422 6.46 6.502 6.56 6.625 6.68 6.71 6.695 6.65 6.603 6.588 6.638 6.67 6.565 6.5 6.58 6.685 6.772 6.832 6.895 6.973 7.078 7.205 7.332 6.342 5.291 5.29 5.29 5.977 6.697 6.68 6.643 6.678 6.727 6.782 6.852 6.942 7.038 7.137 7.167 6.857 6.57 6.963 7.412 7.56 7.765 8 8.227 8.43 8.552 8.515 8.49 8.57 8.745 8.897
9.28 9.072 8.615 8.365 8.403 8.445 8.49 8.507 8.352 8.07 7.8 7.53 7.263 7.035 6.913 6.857 6.8 6.742 6.672 6.52 6.338 6.268 6.295 6.358 6.44 6.53 6.605 6.665 6.755 6.845 6.87 6.847 6.795 6.76 6.762 6.655 6.548 6.6 6.705 6.815 6.925 7.015 7.093 7.185 7.295 6.877 5.845 5.29 5.29 5.52 6.19 6.64 6.63 6.62 6.652 6.69 6.72 6.762 6.87 7.015 7.132 7.237 6.93 6.57 6.958 7.395 7.5 7.64 7.843 8.077 8.307 8.537 8.695 8.757 8.802 8.847 8.885
9.03 8.992 8.752 8.55 8.582 8.62 8.66 8.627 8.44 8.173 7.91 7.653 7.395 7.175 7.048 6.98 6.923 6.867 6.765 6.58 6.365 6.215 6.2 6.283 6.393 6.503 6.59 6.67 6.822 6.995 7.052 7.022 6.967 6.905 6.847 6.717 6.593 6.633 6.763 6.898 7.035 7.14 7.215 7.295 7.374 6.372 5.311 5.29 5.29 5.847 6.582 6.722 6.663 6.603 6.56 6.558 6.565 6.565 6.653 6.837 7.01 7.185 6.925 6.57 6.953 7.385 7.485 7.583 7.708 7.895 8.115 8.35 8.56 8.665 8.71 8.755 8.8
8.883 8.845 8.755 8.7 8.727 8.757 8.785 8.73 8.55 8.305 8.05 7.8 7.545 7.325 7.19 7.11 7.048 6.982 6.845 6.64 6.438 6.293 6.275 6.345 6.425 6.505 6.583 6.68 6.832 6.982 7.062 7.067 7.02 6.962 6.862 6.733 6.668 6.735 6.89 7.045 7.177 7.27 7.337 7.394 6.892 5.828 5.29 5.29 5.29 5.842 6.68 6.91 6.797 6.655 6.515 6.42 6.373 6.343 6.36 6.54 6.823 7.12 6.922 6.57 6.948 7.367 7.442 7.502 7.56 7.695 7.92 8.162 8.402 8.557 8.617 8.663 8.71
8.895 8.833 8.788 8.775 8.797 8.817 8.817 8.755 8.61 8.412 8.19 7.95 7.695 7.475 7.34 7.253 7.177 7.082 6.92 6.725 6.543 6.458 6.48 6.52 6.558 6.595 6.635 6.695 6.778 6.86 6.958 7.037 7.035 6.96 6.87 6.818 6.82 6.903 7.048 7.2 7.32 7.399 7.167 6.635 5.83 5.291 5.29 5.29 5.29 5.515 6.43 7.054 6.925 6.777 6.612 6.458 6.365 6.36 6.378 6.48 6.755 7.105 6.925 6.57 6.937 7.33 7.37 7.4 7.433 7.528 7.73 7.975 8.22 8.425 8.525 8.57 8.62
8.927 8.867 8.83 8.812 8.82 8.825 8.797 8.722 8.597 8.437 8.26 8.062 7.837 7.625 7.49 7.4 7.307 7.175 6.997 6.815 6.653 6.6 6.635 6.665 6.692 6.72 6.737 6.75 6.788 6.84 6.908 6.993 7.037 7.015 6.998 7.013 7.03 7.09 7.21 7.347 7.117 6.607 6.113 5.561 5.291 5.29 5.29 5.29 5.29 5.29 5.76 6.202 6.14 6.115 6.31 6.697 6.879 6.874 6.835 6.74 6.815 7.105 6.925 6.57 6.793 7.167 7.335 7.365 7.398 7.46 7.59 7.793 8.033 8.27 8.42 8.48 8.527
8.9 8.86 8.83 8.82 8.822 8.817 8.772 8.685 8.57 8.42 8.255 8.09 7.912 7.74 7.612 7.507 7.392 7.24 7.06 6.895 6.76 6.708 6.735 6.77 6.8 6.827 6.837 6.83 6.853 6.905 6.958 7.013 7.063 7.112 7.162 7.207 7.242 7.287 7.209 6.742 6.068 5.566 5.681 5.962 5.902 5.758 5.473 5.29 5.29 5.29 5.29 5.29 5.29 5.34 5.618 6.077 6.3 6.322 6.82 7.175 7.053 7.16 6.925 6.57 6.613 6.988 7.335 7.368 7.408 7.47 7.553 7.675 7.86 8.09 8.29 8.387 8.433
8.853 8.813 8.795 8.805 8.817 8.802 8.74 8.645 8.54 8.4 8.237 8.073 7.92 7.815 7.705 7.568 7.437 7.285 7.128 6.998 6.88 6.808 6.828 6.877 6.91 6.932 6.932 6.918 6.928 6.97 7.02 7.07 7.118 7.17 7.24 7.317 7.38 7.215 6.545 5.678 5.648 6.05 6.387 6.652 6.572 6.395 6.025 5.535 5.29 5.29 5.29 5.29 5.29 5.29 5.29 5.29 5.291 5.333 6.108 7.119 7.364 7.287 6.907 6.57 6.645 7.023 7.34 7.373 7.418 7.488 7.57 7.653 7.763 7.928 8.137 8.282 8.34
8.808 8.768 8.765 8.792 8.81 8.78 8.7 8.602 8.505 8.377 8.22 8.055 7.938 7.897 7.807 7.648 7.5 7.36 7.23 7.112 6.995 6.9 6.905 6.972 7.017 7.035 7.025 7.01 7.002 7.027 7.077 7.122 7.17 7.22 7.28 7.355 7.432 6.717 5.628 5.683 6.405 6.727 6.702 6.667 6.632 6.585 6.167 5.535 5.29 5.29 5.29 5.29 5.29 5.29 5.29 5.29 5.29 5.29 5.503 6.232 6.817 6.945 6.787 6.57 6.825 7.205 7.347 7.38 7.428 7.503 7.587 7.67 7.753 7.853 7.998 8.155 8.25
8.775 8.73 8.74 8.775 8.792 8.75 8.657 8.56 8.465 8.35 8.2 8.06 7.995 7.982 7.927 7.8 7.643 7.48 7.335 7.217 7.1 6.993 6.98 7.052 7.11 7.117 7.087 7.057 7.048 7.058 7.102 7.17 7.222 7.27 7.323 7.39 7.242 6.173 5.291 6.07 6.804 6.745 6.71 6.675 6.645 6.612 6.295 5.868 5.515 5.29 5.29 5.29 5.29 5.29 5.29 5.29 5.29 5.29 5.29 5.47 5.821 6.338 6.627 6.57 6.93 7.31 7.35 7.388 7.443 7.52 7.602 7.687 7.77 7.853 7.943 8.058 8.147
8.79 8.755 8.765 8.795 8.805 8.718 8.6 8.517 8.425 8.32 8.19 8.098 8.062 8.042 8.035 7.99 7.867 7.67 7.458 7.308 7.193 7.093 7.073 7.132 7.165 7.14 7.095 7.065 7.082 7.088 7.09 7.155 7.235 7.307 7.37 7.432 6.93 5.84 5.291 6.06 6.8 6.773 6.755 6.72 6.688 6.653 6.657 6.53 6.16 5.95 5.835 5.5 5.29 5.29 5.29 5.29 5.29 5.29 5.29 5.343 5.733 6.32 6.57 6.57 6.933 7.315 7.355 7.395 7.455 7.535 7.615 7.7 7.785 7.865 7.94 8.007 8.052
8.865 8.848 8.853 8.868 8.877 8.768 8.585 8.443 8.335 8.262 8.19 8.137 8.1 8.085 8.11 8.132 8.085 7.912 7.66 7.433 7.278 7.195 7.18 7.217 7.2 7.128 7.085 7.085 7.125 7.145 7.108 7.103 7.18 7.28 7.367 7.445 6.755 5.658 5.29 6.05 6.792 6.792 6.807 6.79 6.755 6.737 6.685 6.56 6.502 6.532 6.442 6.145 5.66 5.328 5.29 5.29 5.29 5.29 5.438 5.77 6.325 6.632 6.57 6.57 6.938 7.325 7.368 7.413 7.47 7.545 7.625 7.702 7.772 7.837 7.897 7.95 7.98
8.968 8.953 8.958 8.963 8.972 8.882 8.67 8.45 8.283 8.205 8.178 8.145 8.118 8.128 8.168 8.215 8.235 8.142 7.92 7.648 7.408 7.285 7.265 7.275 7.222 7.12 7.09 7.123 7.17 7.21 7.175 7.1 7.115 7.202 7.297 7.387 6.585 5.515 5.29 5.668 6.393 6.772 6.825 6.842 6.822 6.792 6.675 6.468 6.363 6.38 6.437 6.532 6.345 6.07 6.035 5.995 5.825 5.505 5.453 5.962 6.612 6.727 6.57 6.57 6.94 7.332 7.38 7.43 7.482 7.542 7.607 7.667 7.72 7.77 7.823 7.877 7.91
9.073 9.06 9.065 9.07 9.072 9 8.815 8.59 8.398 8.303 8.275 8.245 8.225 8.233 8.265 8.308 8.35 8.32 8.127 7.837 7.545 7.358 7.283 7.223 7.155 7.098 7.108 7.16 7.21 7.26 7.25 7.16 7.09 7.118 7.203 7.297 6.442 5.413 5.29 5.663 6.365 6.707 6.757 6.827 6.867 6.797 6.612 6.395 6.245 6.243 6.353 6.51 6.692 6.805 6.787 6.69 6.462 5.968 5.613 5.965 6.617 6.732 6.57 6.57 6.943 7.34 7.39 7.435 7.475 7.517 7.565 7.613 7.66 7.71 7.758 7.808 7.863
9.178 9.168 9.172 9.177 9.172 9.127 8.975 8.763 8.603 8.525 8.495 8.465 8.435 8.415 8.423 8.445 8.442 8.385 8.212 7.93 7.638 7.44 7.32 7.195 7.09 7.058 7.092 7.147 7.2 7.255 7.28 7.22 7.108 7.055 7.1 7.215 6.44 5.44 5.29 6.037 6.737 6.655 6.67 6.765 6.812 6.707 6.495 6.285 6.14 6.178 6.355 6.55 6.74 6.837 6.782 6.665 6.55 6.332 6.155 6.32 6.82 6.855 6.57 6.57 6.945 7.345 7.39 7.422 7.45 7.488 7.533 7.578 7.623 7.67 7.723 7.783 7.863
9.285 9.275 9.277 9.277 9.267 9.247 9.132 8.958 8.825 8.747 8.715 8.685 8.652 8.607 8.567 8.535 8.47 8.372 8.237 8.002 7.725 7.543 7.417 7.27 7.115 7.025 7.038 7.093 7.15 7.213 7.27 7.242 7.138 7.043 7.025 7.142 6.65 5.678 5.291 6.047 6.755 6.658 6.628 6.657 6.64 6.507 6.313 6.16 6.083 6.173 6.382 6.58 6.77 6.842 6.755 6.633 6.518 6.442 6.44 6.623 7.04 6.93 6.57 6.57 6.948 7.342 7.372 7.395 7.42 7.46 7.505 7.55 7.6 7.658 7.728 7.805 7.89
9.393 9.385 9.382 9.372 9.36 9.347 9.27 9.137 9.01 8.91 8.847 8.795 8.74 8.67 8.6 8.535 8.455 8.355 8.24 8.052 7.815 7.643 7.5 7.335 7.165 7.023 6.99 7.043 7.105 7.175 7.245 7.245 7.16 7.055 6.988 7.07 7.03 6.095 5.296 6.062 6.78 6.672 6.575 6.503 6.433 6.32 6.19 6.115 6.078 6.168 6.387 6.602 6.8 6.847 6.73 6.6 6.488 6.443 6.565 6.912 7.217 6.93 6.57 6.59 6.963 7.325 7.345 7.368 7.393 7.43 7.478 7.533 7.6 7.675 7.755 7.835 7.918
9.495 9.487 9.477 9.457 9.432 9.407 9.34 9.22 9.077 8.945 8.847 8.767 8.69 8.61 8.548 8.502 8.435 8.335 8.22 8.08 7.9 7.722 7.56 7.39 7.22 7.053 6.968 6.998 7.065 7.135 7.205 7.235 7.18 7.075 6.998 7.05 7.234 6.322 5.301 6.072 6.79 6.668 6.538 6.418 6.315 6.233 6.173 6.128 6.083 6.163 6.375 6.592 6.797 6.835 6.707 6.575 6.48 6.488 6.698 7.085 7.295 6.93 6.57 6.77 7.135 7.31 7.328 7.345 7.368 7.41 7.472 7.545 7.625 7.705 7.785 7.865 7.945
9.588 9.563 9.537 9.51 9.475 9.44 9.362 9.225 9.063 8.918 8.813 8.72 8.633 8.553 8.498 8.465 8.41 8.315 8.203 8.092 7.955 7.785 7.617 7.45 7.28 7.11 6.978 6.963 7.028 7.095 7.165 7.222 7.197 7.098 7.055 7.125 7.262 6.32 5.303 6.085 6.802 6.678 6.555 6.435 6.323 6.245 6.2 6.155 6.113 6.125 6.258 6.465 6.672 6.717 6.6 6.498 6.478 6.545 6.715 7.067 7.29 6.927 6.57 6.93 7.295 7.31 7.325 7.332 7.345 7.383 7.447 7.532 7.63 7.727 7.815 7.895 7.975
9.715 9.658 9.598 9.548 9.505 9.465 9.372 9.212 9.035 8.89 8.785 8.685 8.587 8.5 8.45 8.427 8.387 8.312 8.21 8.105 7.982 7.83 7.672 7.512 7.345 7.175 7.015 6.955 7 7.063 7.128 7.195 7.197 7.125 7.13 7.232 7.327 6.335 5.308 6.127 6.875 6.743 6.613 6.485 6.368 6.285 6.243 6.208 6.175 6.123 6.115 6.248 6.455 6.507 6.405 6.418 6.533 6.615 6.703 6.895 7.125 6.895 6.57 6.93 7.295 7.305 7.312 7.315 7.323 7.35 7.395 7.458 7.54 7.642 7.747 7.842 7.94
9.887 9.813 9.728 9.65 9.583 9.497 9.36 9.185 9.008 8.863 8.755 8.655 8.532 8.408 8.367 8.382 8.367 8.315 8.232 8.135 8.01 7.86 7.707 7.552 7.395 7.235 7.075 6.973 6.98 7.04 7.098 7.16 7.187 7.173 7.213 7.297 7.355 6.47 5.441 6.14 6.944 6.852 6.708 6.568 6.433 6.34 6.3 6.275 6.242 6.185 6.113 6.105 6.238 6.295 6.293 6.478 6.657 6.72 6.765 6.803 6.995 6.87 6.57 6.927 7.285 7.285 7.285 7.288 7.303 7.333 7.365 7.4 7.445 7.51 7.59 7.685 7.795
10.06 9.982 9.887 9.785 9.682 9.547 9.363 9.165 8.983 8.835 8.725 8.597 8.42 8.26 8.23 8.283 8.315 8.297 8.235 8.155 8.035 7.885 7.73 7.575 7.425 7.272 7.13 7.003 6.965 7.02 7.077 7.135 7.182 7.217 7.262 7.307 7.345 6.982 5.96 5.815 6.68 6.977 6.83 6.68 6.538 6.44 6.388 6.35 6.307 6.245 6.175 6.103 6.095 6.165 6.343 6.612 6.772 6.822 6.86 6.89 7.045 6.877 6.57 6.922 7.265 7.258 7.265 7.278 7.298 7.328 7.36 7.395 7.433 7.468 7.508 7.565 7.62
10.21 10.097 9.982 9.865 9.747 9.602 9.4 9.178 8.968 8.798 8.655 8.478 8.293 8.168 8.153 8.213 8.27 8.28 8.232 8.165 8.052 7.9 7.745 7.59 7.437 7.278 7.165 7.055 6.973 6.998 7.055 7.113 7.17 7.222 7.265 7.302 7.337 7.369 6.355 5.421 6.343 7.095 6.942 6.788 6.66 6.575 6.51 6.442 6.37 6.297 6.222 6.153 6.11 6.21 6.473 6.74 6.877 6.907 6.91 6.898 7.042 6.882 6.57 6.92 7.255 7.248 7.265 7.285 7.308 7.338 7.37 7.403 7.437 7.47 7.49 7.485 7.458
10.247 10.137 10.022 9.9 9.792 9.665 9.467 9.235 8.987 8.743 8.533 8.37 8.263 8.193 8.173 8.21 8.25 8.26 8.232 8.172 8.062 7.91 7.755 7.597 7.437 7.273 7.185 7.115 6.998 6.973 7.03 7.09 7.15 7.207 7.255 7.292 7.325 7.357 6.352 5.331 6.257 7.127 7.015 6.89 6.777 6.69 6.605 6.51 6.412 6.333 6.265 6.233 6.25 6.37 6.608 6.845 6.93 6.903 6.865 6.815 6.99 6.88 6.57 6.922 7.262 7.26 7.28 7.3 7.322 7.348 7.378 7.41 7.442 7.452 7.42 7.36 7.298
10.177 10.102 10.012 9.92 9.845 9.74 9.552 9.292 8.987 8.673 8.458 8.365 8.307 8.252 8.208 8.2 8.215 8.225 8.222 8.18 8.07 7.92 7.762 7.6 7.435 7.27 7.193 7.162 7.03 6.955 7.01 7.07 7.13 7.192 7.24 7.27 7.3 7.327 6.338 5.336 6.217 7.062 6.99 6.897 6.8 6.717 6.632 6.537 6.44 6.378 6.36 6.385 6.43 6.55 6.798 7.057 7.12 7.012 6.872 6.748 6.945 6.877 6.57 6.925 7.275 7.28 7.3 7.317 7.335 7.355 7.385 7.41 7.402 7.357 7.285 7.21 7.145
10.118 10.05 9.985 9.938 9.9 9.812 9.61 9.315 8.993 8.678 8.475 8.398 8.34 8.282 8.23 8.198 8.19 8.19 8.195 8.177 8.08 7.925 7.762 7.597 7.433 7.275 7.205 7.207 7.1 6.98 6.995 7.055 7.115 7.175 7.215 7.238 7.265 7.292 6.587 5.608 5.923 6.72 6.912 6.82 6.708 6.63 6.567 6.492 6.425 6.42 6.47 6.53 6.59 6.77 7.102 7.34 7.245 6.98 6.727 6.615 6.917 6.882 6.57 6.925 7.285 7.3 7.317 7.332 7.35 7.367 7.37 7.345 7.285 7.21 7.138 7.063 6.993
10.1 10.04 9.99 9.957 9.927 9.85 9.657 9.375 9.075 8.773 8.533 8.415 8.355 8.295 8.24 8.203 8.185 8.175 8.173 8.167 8.085 7.925 7.757 7.592 7.428 7.28 7.223 7.232 7.177 7.035 6.983 7.045 7.105 7.157 7.19 7.21 7.233 7.255 6.977 6.02 5.498 6.25 6.85 6.762 6.603 6.493 6.43 6.373 6.345 6.385 6.465 6.543 6.752 7.08 7.275 7.272 7.012 6.628 6.325 6.383 6.877 6.875 6.57 6.928 7.295 7.312 7.327 7.342 7.355 7.357 7.357 7.315 7.223 7.128 7.035 6.943 6.85
10.097 10.045 10.005 9.967 9.917 9.837 9.685 9.462 9.19 8.885 8.628 8.47 8.378 8.308 8.248 8.205 8.185 8.175 8.175 8.177 8.032 7.825 7.695 7.567 7.422 7.285 7.228 7.215 7.185 7.065 6.985 7.035 7.09 7.135 7.165 7.185 7.205 7.225 7.075 6.132 5.351 6.073 6.807 6.722 6.508 6.355 6.295 6.26 6.255 6.298 6.375 6.468 6.742 7.015 6.972 6.802 6.575 6.25 6.003 6.225 6.83 6.855 6.57 6.93 7.3 7.315 7.327 7.332 7.325 7.318 7.355 7.362 7.273 7.158 7.045 6.945 6.87
10.095 10.05 10.002 9.947 9.885 9.805 9.662 9.477 9.262 8.995 8.753 8.578 8.44 8.343 8.268 8.21 8.188 8.19 8.205 8.2 7.958 7.633 7.5 7.43 7.345 7.258 7.203 7.17 7.14 7.077 7.013 7.023 7.07 7.11 7.14 7.163 7.208 7.265 6.91 5.943 5.356 6.067 6.787 6.682 6.41 6.218 6.175 6.168 6.175 6.212 6.257 6.285 6.422 6.497 6.37 6.205 6.025 5.825 5.763 6.13 6.767 6.825 6.57 6.902 7.27 7.305 7.302 7.29 7.27 7.275 7.332 7.392 7.35 7.235 7.148 7.095 7.07
10.09 10.047 9.983 9.918 9.853 9.772 9.632 9.45 9.267 9.062 8.862 8.7 8.547 8.415 8.315 8.24 8.215 8.233 8.255 8.22 7.975 7.62 7.393 7.298 7.253 7.208 7.165 7.128 7.095 7.062 7.013 7.005 7.05 7.093 7.135 7.18 7.25 7.33 6.592 5.593 5.365 5.793 6.49 6.632 6.325 6.113 6.08 6.085 6.095 6.103 6.075 6.008 6.01 6.003 5.91 5.818 5.713 5.595 5.6 5.958 6.607 6.767 6.57 6.723 7.075 7.267 7.25 7.23 7.208 7.23 7.308 7.395 7.415 7.36 7.322 7.31 7.3
