EGM722_Project_Data/DTM_tif/TL4457.asc
ncols         200
nrows         200
xllcorner     544000.000
yllcorner     257000.000
cellsize      5
NODATA_value  -9999.0
[rows 34 to 67 of 200, columns 0 to 76 of 200]
10.225 10.155 10.15 10.22 10.302 10.375 10.45 10.51 10.525 10.515 10.485 10.445 10.413 10.385 10.34 10.295 10.26 10.228 10.223 10.238 10.255 10.272 10.28 10.285 10.313 10.335 10.338 10.34 10.34 10.33 10.327 10.325 10.31 10.298 10.305 10.338 10.373 10.405 10.427 10.442 10.457 10.462 10.455 10.445 10.44 10.44 10.44 10.44 10.44 10.445 10.45 10.447 10.442 10.45 10.472 10.495 10.515 10.53 10.522 10.477 10.405 10.33 10.26 10.218 10.225 10.257 10.277 10.265 10.235 10.21 10.193 10.182 10.175 10.17 10.16 10.13 10.098
10.242 10.175 10.17 10.24 10.32 10.395 10.447 10.46 10.455 10.45 10.435 10.418 10.41 10.39 10.325 10.26 10.223 10.2 10.215 10.25 10.277 10.295 10.3 10.303 10.31 10.318 10.323 10.328 10.32 10.295 10.272 10.258 10.245 10.233 10.25 10.292 10.33 10.362 10.382 10.395 10.408 10.417 10.415 10.408 10.403 10.4 10.4 10.4 10.403 10.407 10.405 10.387 10.38 10.4 10.425 10.445 10.46 10.465 10.47 10.462 10.412 10.34 10.278 10.235 10.228 10.25 10.262 10.245 10.215 10.183 10.158 10.148 10.14 10.135 10.122 10.095 10.078
10.25 10.193 10.19 10.252 10.317 10.372 10.395 10.39 10.383 10.383 10.41 10.435 10.435 10.4 10.315 10.233 10.185 10.178 10.205 10.245 10.282 10.31 10.322 10.327 10.332 10.337 10.34 10.327 10.29 10.24 10.208 10.195 10.183 10.168 10.188 10.245 10.292 10.32 10.337 10.35 10.36 10.373 10.375 10.37 10.367 10.363 10.36 10.363 10.367 10.362 10.34 10.315 10.32 10.35 10.372 10.387 10.395 10.395 10.4 10.41 10.4 10.35 10.295 10.26 10.238 10.243 10.247 10.225 10.198 10.17 10.145 10.128 10.113 10.103 10.088 10.07 10.065
10.24 10.195 10.19 10.232 10.277 10.322 10.337 10.325 10.313 10.305 10.358 10.435 10.457 10.407 10.31 10.215 10.155 10.158 10.198 10.24 10.28 10.315 10.335 10.342 10.35 10.357 10.345 10.3 10.24 10.185 10.155 10.143 10.125 10.108 10.113 10.173 10.245 10.28 10.298 10.313 10.33 10.35 10.353 10.338 10.33 10.328 10.325 10.327 10.32 10.292 10.258 10.248 10.273 10.307 10.325 10.323 10.32 10.323 10.33 10.34 10.35 10.34 10.312 10.285 10.257 10.245 10.235 10.213 10.193 10.175 10.155 10.13 10.103 10.08 10.063 10.055 10.058
10.22 10.18 10.163 10.185 10.225 10.265 10.277 10.262 10.248 10.255 10.318 10.41 10.46 10.415 10.315 10.218 10.153 10.153 10.193 10.235 10.277 10.315 10.335 10.345 10.355 10.367 10.345 10.285 10.225 10.173 10.145 10.13 10.113 10.095 10.098 10.15 10.228 10.28 10.308 10.33 10.35 10.365 10.368 10.35 10.325 10.305 10.29 10.275 10.245 10.205 10.183 10.195 10.23 10.267 10.282 10.275 10.265 10.258 10.26 10.273 10.288 10.3 10.3 10.285 10.265 10.245 10.227 10.212 10.197 10.182 10.162 10.135 10.11 10.088 10.07 10.065 10.068
10.2 10.163 10.138 10.14 10.17 10.205 10.212 10.2 10.213 10.265 10.34 10.42 10.455 10.412 10.328 10.245 10.188 10.173 10.195 10.23 10.272 10.31 10.332 10.345 10.355 10.37 10.352 10.295 10.24 10.195 10.168 10.153 10.138 10.128 10.15 10.203 10.265 10.325 10.362 10.38 10.39 10.395 10.4 10.397 10.37 10.33 10.293 10.25 10.2 10.153 10.135 10.158 10.195 10.227 10.24 10.24 10.232 10.218 10.21 10.218 10.235 10.25 10.255 10.252 10.245 10.23 10.215 10.205 10.195 10.185 10.17 10.148 10.128 10.113 10.103 10.098 10.095
10.19 10.145 10.123 10.11 10.12 10.145 10.155 10.173 10.23 10.305 10.38 10.44 10.438 10.4 10.355 10.3 10.25 10.22 10.22 10.238 10.27 10.305 10.327 10.343 10.358 10.375 10.362 10.313 10.265 10.225 10.193 10.175 10.16 10.165 10.21 10.265 10.317 10.37 10.402 10.412 10.417 10.422 10.427 10.432 10.425 10.392 10.342 10.285 10.223 10.16 10.13 10.138 10.165 10.192 10.2 10.198 10.198 10.198 10.188 10.183 10.19 10.2 10.205 10.205 10.205 10.205 10.198 10.188 10.182 10.175 10.167 10.16 10.15 10.14 10.135 10.132 10.127
10.21 10.14 10.108 10.093 10.088 10.103 10.14 10.208 10.295 10.383 10.458 10.478 10.453 10.435 10.415 10.372 10.318 10.278 10.265 10.268 10.283 10.308 10.328 10.345 10.365 10.382 10.375 10.337 10.295 10.255 10.217 10.195 10.183 10.2 10.252 10.305 10.352 10.38 10.41 10.437 10.442 10.447 10.452 10.46 10.465 10.447 10.395 10.325 10.252 10.18 10.145 10.14 10.145 10.16 10.168 10.17 10.18 10.19 10.183 10.17 10.163 10.165 10.175 10.188 10.203 10.22 10.208 10.178 10.165 10.158 10.155 10.155 10.155 10.16 10.162 10.16 10.157
10.232 10.143 10.095 10.08 10.103 10.183 10.28 10.375 10.475 10.565 10.61 10.585 10.538 10.515 10.495 10.45 10.39 10.338 10.318 10.32 10.323 10.33 10.335 10.343 10.36 10.375 10.367 10.335 10.297 10.262 10.227 10.212 10.205 10.22 10.27 10.32 10.352 10.348 10.39 10.452 10.465 10.47 10.475 10.485 10.49 10.475 10.425 10.35 10.27 10.193 10.155 10.153 10.155 10.163 10.163 10.168 10.182 10.192 10.187 10.173 10.163 10.17 10.198 10.228 10.255 10.275 10.245 10.185 10.153 10.143 10.14 10.14 10.148 10.172 10.185 10.178 10.175
10.222 10.135 10.083 10.105 10.218 10.392 10.537 10.642 10.735 10.79 10.785 10.73 10.663 10.61 10.575 10.53 10.467 10.405 10.378 10.383 10.385 10.385 10.368 10.343 10.34 10.352 10.342 10.3 10.258 10.225 10.198 10.202 10.215 10.235 10.282 10.322 10.33 10.305 10.353 10.447 10.485 10.49 10.495 10.505 10.502 10.472 10.422 10.362 10.29 10.21 10.168 10.168 10.185 10.205 10.198 10.185 10.188 10.195 10.193 10.183 10.183 10.2 10.245 10.29 10.317 10.325 10.285 10.215 10.158 10.13 10.123 10.125 10.148 10.185 10.205 10.198 10.188
10.172 10.113 10.11 10.228 10.415 10.62 10.787 10.9 10.96 10.975 10.945 10.88 10.807 10.725 10.655 10.6 10.537 10.475 10.445 10.448 10.45 10.45 10.427 10.385 10.353 10.338 10.317 10.27 10.213 10.168 10.145 10.173 10.217 10.253 10.295 10.312 10.295 10.265 10.308 10.422 10.495 10.512 10.517 10.52 10.5 10.455 10.405 10.355 10.3 10.23 10.185 10.193 10.225 10.257 10.255 10.23 10.213 10.205 10.203 10.203 10.21 10.23 10.28 10.342 10.382 10.38 10.33 10.26 10.19 10.135 10.11 10.12 10.155 10.197 10.23 10.227 10.208
10.115 10.125 10.198 10.357 10.572 10.787 10.985 11.092 11.11 11.107 11.06 10.97 10.877 10.775 10.692 10.642 10.592 10.538 10.51 10.512 10.515 10.515 10.495 10.45 10.395 10.343 10.308 10.263 10.195 10.13 10.11 10.158 10.22 10.265 10.292 10.285 10.255 10.225 10.265 10.382 10.487 10.535 10.54 10.525 10.485 10.435 10.383 10.333 10.287 10.235 10.208 10.23 10.27 10.307 10.31 10.277 10.237 10.22 10.243 10.26 10.263 10.273 10.313 10.383 10.44 10.435 10.375 10.305 10.235 10.163 10.123 10.135 10.17 10.213 10.252 10.26 10.238
10.165 10.258 10.333 10.423 10.613 10.837 11.037 11.125 11.122 11.115 11.07 10.975 10.865 10.755 10.685 10.657 10.625 10.583 10.56 10.565 10.56 10.537 10.5 10.442 10.382 10.34 10.32 10.285 10.218 10.143 10.123 10.165 10.223 10.267 10.27 10.245 10.215 10.185 10.223 10.335 10.457 10.54 10.552 10.517 10.465 10.418 10.373 10.325 10.278 10.235 10.21 10.21 10.237 10.28 10.28 10.24 10.225 10.26 10.332 10.382 10.388 10.393 10.425 10.477 10.51 10.48 10.408 10.335 10.265 10.19 10.163 10.188 10.213 10.238 10.268 10.287 10.275
10.34 10.462 10.512 10.523 10.625 10.823 10.995 11.052 11.045 11.035 11.015 10.95 10.845 10.74 10.68 10.66 10.64 10.615 10.587 10.565 10.532 10.485 10.433 10.38 10.345 10.335 10.335 10.317 10.262 10.193 10.178 10.21 10.245 10.257 10.235 10.205 10.175 10.145 10.178 10.288 10.413 10.522 10.557 10.52 10.473 10.43 10.393 10.345 10.29 10.245 10.208 10.175 10.165 10.178 10.185 10.2 10.258 10.343 10.435 10.522 10.565 10.572 10.58 10.585 10.572 10.525 10.445 10.36 10.285 10.21 10.203 10.262 10.295 10.303 10.315 10.325 10.307
10.545 10.665 10.707 10.695 10.715 10.83 10.95 10.975 10.965 10.955 10.942 10.907 10.825 10.73 10.68 10.663 10.65 10.632 10.595 10.548 10.5 10.45 10.4 10.36 10.345 10.345 10.345 10.34 10.302 10.248 10.243 10.267 10.275 10.257 10.22 10.18 10.14 10.105 10.135 10.248 10.385 10.502 10.54 10.518 10.49 10.46 10.427 10.377 10.31 10.255 10.22 10.188 10.158 10.143 10.173 10.255 10.35 10.437 10.527 10.62 10.675 10.675 10.655 10.632 10.607 10.575 10.505 10.408 10.318 10.233 10.238 10.335 10.382 10.367 10.347 10.335 10.32
10.677 10.8 10.837 10.835 10.832 10.867 10.905 10.898 10.885 10.873 10.858 10.842 10.792 10.72 10.685 10.678 10.662 10.635 10.602 10.563 10.515 10.468 10.42 10.38 10.36 10.355 10.355 10.352 10.33 10.302 10.297 10.295 10.282 10.26 10.222 10.175 10.125 10.083 10.12 10.25 10.408 10.52 10.543 10.528 10.513 10.495 10.47 10.422 10.348 10.28 10.243 10.22 10.2 10.19 10.22 10.302 10.405 10.505 10.6 10.67 10.702 10.7 10.68 10.66 10.637 10.615 10.565 10.472 10.365 10.26 10.255 10.355 10.397 10.36 10.313 10.3 10.32
10.722 10.822 10.842 10.85 10.865 10.882 10.875 10.85 10.83 10.81 10.793 10.775 10.745 10.715 10.708 10.705 10.677 10.64 10.615 10.585 10.54 10.493 10.448 10.41 10.383 10.368 10.363 10.358 10.347 10.335 10.32 10.297 10.275 10.252 10.217 10.17 10.123 10.103 10.17 10.313 10.475 10.587 10.61 10.595 10.58 10.557 10.522 10.477 10.412 10.338 10.293 10.278 10.263 10.255 10.275 10.33 10.42 10.53 10.627 10.685 10.71 10.715 10.7 10.68 10.66 10.637 10.59 10.505 10.395 10.28 10.248 10.315 10.347 10.31 10.265 10.265 10.307
10.735 10.785 10.795 10.818 10.85 10.872 10.857 10.83 10.805 10.78 10.76 10.735 10.72 10.73 10.742 10.727 10.685 10.645 10.62 10.597 10.565 10.52 10.475 10.438 10.405 10.385 10.375 10.368 10.36 10.342 10.318 10.29 10.265 10.245 10.21 10.163 10.143 10.17 10.26 10.398 10.552 10.67 10.697 10.68 10.657 10.62 10.575 10.53 10.48 10.413 10.36 10.34 10.328 10.325 10.345 10.383 10.443 10.54 10.63 10.68 10.707 10.722 10.717 10.7 10.68 10.645 10.58 10.495 10.397 10.29 10.233 10.262 10.29 10.26 10.225 10.238 10.285
10.722 10.75 10.778 10.815 10.855 10.87 10.845 10.813 10.785 10.76 10.74 10.72 10.728 10.762 10.77 10.735 10.685 10.648 10.625 10.605 10.582 10.545 10.502 10.465 10.43 10.405 10.39 10.377 10.365 10.347 10.32 10.288 10.258 10.235 10.203 10.183 10.21 10.258 10.35 10.49 10.635 10.75 10.78 10.752 10.715 10.67 10.625 10.58 10.535 10.482 10.43 10.403 10.395 10.395 10.413 10.448 10.49 10.56 10.632 10.675 10.705 10.73 10.732 10.715 10.685 10.632 10.56 10.477 10.39 10.295 10.215 10.208 10.227 10.205 10.188 10.215 10.265
10.71 10.745 10.785 10.825 10.862 10.865 10.83 10.795 10.768 10.743 10.72 10.718 10.747 10.782 10.777 10.735 10.685 10.65 10.63 10.61 10.59 10.56 10.522 10.485 10.447 10.412 10.39 10.377 10.365 10.352 10.327 10.293 10.26 10.23 10.22 10.25 10.297 10.345 10.443 10.585 10.725 10.827 10.845 10.805 10.76 10.715 10.67 10.627 10.582 10.537 10.492 10.467 10.465 10.465 10.48 10.515 10.55 10.587 10.632 10.67 10.702 10.735 10.745 10.722 10.672 10.61 10.54 10.46 10.375 10.285 10.195 10.158 10.163 10.148 10.153 10.195 10.243
10.692 10.75 10.79 10.83 10.862 10.855 10.815 10.778 10.75 10.725 10.71 10.73 10.762 10.777 10.77 10.735 10.685 10.65 10.63 10.61 10.59 10.56 10.517 10.472 10.43 10.39 10.365 10.355 10.347 10.342 10.325 10.295 10.265 10.23 10.245 10.31 10.37 10.432 10.533 10.665 10.797 10.875 10.862 10.817 10.772 10.727 10.685 10.642 10.597 10.552 10.51 10.49 10.492 10.497 10.515 10.545 10.57 10.59 10.617 10.652 10.69 10.727 10.747 10.72 10.655 10.587 10.517 10.44 10.355 10.265 10.178 10.13 10.12 10.11 10.13 10.178 10.223
10.637 10.737 10.795 10.835 10.86 10.845 10.805 10.765 10.733 10.708 10.71 10.737 10.755 10.762 10.762 10.735 10.688 10.653 10.63 10.61 10.585 10.542 10.49 10.44 10.395 10.353 10.325 10.318 10.315 10.315 10.307 10.29 10.265 10.233 10.253 10.327 10.405 10.487 10.595 10.722 10.842 10.885 10.847 10.805 10.76 10.715 10.672 10.628 10.582 10.533 10.49 10.473 10.468 10.473 10.495 10.52 10.542 10.567 10.595 10.627 10.662 10.697 10.717 10.69 10.625 10.555 10.485 10.412 10.332 10.245 10.165 10.125 10.11 10.098 10.12 10.167 10.212
10.552 10.682 10.782 10.84 10.855 10.83 10.79 10.75 10.715 10.698 10.708 10.725 10.735 10.745 10.752 10.732 10.69 10.653 10.625 10.602 10.567 10.517 10.465 10.413 10.363 10.318 10.29 10.285 10.285 10.287 10.285 10.275 10.26 10.235 10.258 10.338 10.423 10.518 10.635 10.765 10.867 10.88 10.835 10.792 10.748 10.705 10.66 10.612 10.562 10.51 10.475 10.46 10.448 10.438 10.45 10.477 10.502 10.53 10.557 10.587 10.62 10.65 10.662 10.64 10.585 10.515 10.445 10.375 10.302 10.223 10.158 10.128 10.113 10.098 10.113 10.155 10.19
10.46 10.595 10.725 10.825 10.85 10.815 10.772 10.73 10.693 10.688 10.702 10.708 10.715 10.725 10.735 10.727 10.692 10.65 10.62 10.59 10.545 10.493 10.44 10.388 10.335 10.288 10.26 10.255 10.258 10.262 10.26 10.25 10.242 10.23 10.265 10.355 10.447 10.547 10.667 10.802 10.882 10.87 10.825 10.78 10.735 10.692 10.645 10.593 10.535 10.493 10.475 10.467 10.45 10.415 10.405 10.43 10.457 10.482 10.505 10.533 10.57 10.602 10.607 10.59 10.545 10.475 10.405 10.335 10.265 10.203 10.17 10.158 10.145 10.135 10.143 10.165 10.183
10.34 10.47 10.607 10.727 10.79 10.785 10.745 10.7 10.66 10.665 10.702 10.715 10.718 10.723 10.728 10.725 10.695 10.65 10.613 10.573 10.525 10.475 10.428 10.383 10.335 10.285 10.248 10.233 10.235 10.24 10.235 10.225 10.218 10.213 10.26 10.355 10.447 10.537 10.65 10.79 10.87 10.857 10.813 10.768 10.725 10.683 10.638 10.585 10.528 10.495 10.49 10.482 10.45 10.4 10.37 10.38 10.41 10.435 10.455 10.478 10.517 10.552 10.55 10.535 10.5 10.435 10.365 10.3 10.255 10.238 10.243 10.248 10.24 10.235 10.24 10.25 10.26
10.255 10.32 10.44 10.545 10.63 10.685 10.69 10.66 10.623 10.635 10.692 10.732 10.745 10.745 10.745 10.732 10.695 10.65 10.613 10.573 10.528 10.485 10.445 10.402 10.355 10.303 10.258 10.23 10.22 10.22 10.215 10.205 10.195 10.19 10.238 10.33 10.412 10.485 10.59 10.73 10.832 10.845 10.8 10.755 10.715 10.677 10.642 10.602 10.555 10.523 10.507 10.482 10.44 10.39 10.345 10.335 10.36 10.385 10.405 10.423 10.458 10.495 10.493 10.475 10.45 10.395 10.345 10.32 10.318 10.333 10.35 10.365 10.37 10.367 10.368 10.377 10.39
10.278 10.248 10.293 10.355 10.425 10.508 10.572 10.597 10.585 10.6 10.66 10.717 10.76 10.775 10.767 10.74 10.698 10.655 10.627 10.597 10.555 10.515 10.472 10.425 10.372 10.315 10.27 10.24 10.215 10.203 10.195 10.185 10.175 10.17 10.215 10.297 10.365 10.43 10.535 10.672 10.797 10.835 10.792 10.748 10.705 10.67 10.642 10.615 10.58 10.547 10.515 10.475 10.43 10.38 10.33 10.3 10.31 10.335 10.352 10.365 10.398 10.445 10.462 10.448 10.42 10.398 10.395 10.408 10.422 10.438 10.455 10.475 10.49 10.495 10.495 10.502 10.485
10.333 10.273 10.278 10.315 10.358 10.415 10.473 10.52 10.543 10.575 10.638 10.703 10.765 10.795 10.777 10.74 10.7 10.66 10.637 10.62 10.585 10.542 10.497 10.447 10.387 10.325 10.28 10.253 10.225 10.2 10.185 10.173 10.158 10.148 10.183 10.25 10.31 10.375 10.48 10.615 10.75 10.812 10.785 10.743 10.7 10.663 10.635 10.61 10.58 10.55 10.51 10.463 10.417 10.37 10.32 10.278 10.265 10.278 10.29 10.305 10.343 10.395 10.437 10.452 10.44 10.44 10.457 10.492 10.527 10.542 10.56 10.58 10.597 10.612 10.62 10.595 10.515
10.378 10.328 10.353 10.405 10.443 10.475 10.505 10.535 10.565 10.613 10.678 10.745 10.792 10.802 10.78 10.74 10.7 10.663 10.643 10.632 10.607 10.567 10.52 10.465 10.4 10.335 10.295 10.273 10.248 10.22 10.198 10.183 10.165 10.148 10.168 10.223 10.278 10.33 10.433 10.578 10.717 10.795 10.78 10.74 10.702 10.663 10.625 10.597 10.57 10.537 10.497 10.45 10.402 10.355 10.305 10.258 10.235 10.235 10.235 10.253 10.295 10.348 10.4 10.437 10.455 10.472 10.492 10.52 10.57 10.625 10.662 10.675 10.65 10.602 10.56 10.492 10.4
10.425 10.385 10.42 10.485 10.535 10.57 10.6 10.627 10.65 10.695 10.762 10.807 10.815 10.802 10.777 10.74 10.7 10.67 10.655 10.642 10.622 10.587 10.532 10.47 10.407 10.345 10.31 10.295 10.275 10.25 10.225 10.21 10.195 10.175 10.188 10.235 10.275 10.298 10.398 10.567 10.72 10.795 10.775 10.738 10.705 10.667 10.623 10.585 10.555 10.522 10.482 10.435 10.382 10.33 10.28 10.23 10.21 10.217 10.215 10.225 10.268 10.323 10.375 10.4 10.405 10.437 10.48 10.505 10.552 10.622 10.63 10.567 10.47 10.355 10.273 10.23 10.203
10.473 10.443 10.49 10.56 10.622 10.665 10.692 10.715 10.735 10.777 10.822 10.827 10.812 10.797 10.777 10.745 10.713 10.692 10.675 10.655 10.632 10.595 10.537 10.475 10.415 10.353 10.315 10.307 10.297 10.277 10.255 10.237 10.22 10.2 10.21 10.245 10.26 10.258 10.353 10.545 10.72 10.795 10.772 10.74 10.71 10.675 10.63 10.583 10.543 10.507 10.465 10.412 10.355 10.3 10.25 10.2 10.183 10.202 10.212 10.22 10.255 10.307 10.347 10.347 10.328 10.345 10.395 10.447 10.5 10.515 10.44 10.31 10.183 10.088 10.055 10.065 10.085
10.513 10.5 10.56 10.63 10.7 10.755 10.782 10.797 10.812 10.832 10.835 10.82 10.805 10.79 10.777 10.752 10.727 10.707 10.682 10.657 10.632 10.595 10.54 10.48 10.42 10.358 10.32 10.312 10.307 10.297 10.28 10.26 10.24 10.22 10.217 10.227 10.225 10.215 10.303 10.5 10.7 10.79 10.775 10.75 10.72 10.685 10.64 10.59 10.542 10.495 10.445 10.39 10.33 10.273 10.22 10.17 10.155 10.18 10.202 10.22 10.25 10.29 10.305 10.285 10.258 10.26 10.303 10.357 10.392 10.355 10.245 10.115 10 9.948 9.963 9.99 10.01
10.553 10.563 10.625 10.68 10.73 10.777 10.805 10.815 10.825 10.825 10.812 10.797 10.782 10.77 10.765 10.752 10.727 10.702 10.68 10.655 10.63 10.595 10.54 10.48 10.417 10.353 10.318 10.31 10.305 10.3 10.285 10.265 10.245 10.225 10.21 10.203 10.195 10.193 10.278 10.465 10.655 10.732 10.72 10.707 10.692 10.672 10.627 10.562 10.505 10.457 10.415 10.365 10.305 10.245 10.19 10.14 10.128 10.155 10.185 10.207 10.23 10.25 10.242 10.217 10.19 10.18 10.215 10.26 10.252 10.182 10.07 9.94 9.86 9.85 9.873 9.907 9.932
10.56 10.58 10.625 10.662 10.697 10.735 10.76 10.77 10.78 10.785 10.777 10.763 10.75 10.745 10.75 10.745 10.72 10.695 10.675 10.652 10.627 10.592 10.537 10.472 10.405 10.335 10.3 10.3 10.297 10.29 10.275 10.255 10.233 10.213 10.2 10.19 10.188 10.2 10.278 10.45 10.595 10.625 10.61 10.602 10.6 10.592 10.545 10.473 10.42 10.387 10.36 10.325 10.277 10.22 10.163 10.11 10.1 10.13 10.157 10.167 10.175 10.182 10.167 10.142 10.118 10.103 10.127 10.14 10.09 10.007 9.895 9.788 9.75 9.758 9.773 9.812 9.852
