EGM722_Project_Data/DTM_tif/TL4455.asc
ncols         200
nrows         200
xllcorner     544000.000
yllcorner     255000.000
cellsize      5
NODATA_value  -9999.0
[rows 96 to 127 of 200, columns 73 to 145 of 200]
14.61 14.695 14.788 14.88 14.973 15.08 15.19 15.275 15.345 15.405 15.46 15.515 15.57 15.625 15.68 15.745 15.815 15.862 15.882 15.887 15.88 15.86 15.835 15.825 15.838 15.88 15.943 16.005 16.065 16.123 16.188 16.28 16.385 16.472 16.542 16.6 16.655 16.69 16.708 16.75 16.81 16.878 16.952 17.027 17.092 17.112 17.105 17.113 17.125 17.143 17.17 17.202 17.235 17.26 17.285 17.315 17.342 17.36 17.387 17.435 17.48 17.52 17.567 17.6 17.602 17.592 17.57 17.535 17.505 17.495 17.495 17.49 17.48
14.553 14.638 14.732 14.825 14.917 15.015 15.102 15.175 15.245 15.305 15.36 15.415 15.47 15.53 15.595 15.665 15.737 15.787 15.805 15.817 15.822 15.805 15.78 15.76 15.75 15.78 15.845 15.91 15.972 16.045 16.137 16.242 16.347 16.432 16.492 16.547 16.602 16.647 16.692 16.75 16.81 16.875 16.948 17.022 17.082 17.107 17.115 17.127 17.14 17.155 17.175 17.195 17.217 17.24 17.262 17.29 17.317 17.352 17.4 17.445 17.483 17.52 17.56 17.577 17.575 17.565 17.54 17.505 17.468 17.448 17.445 17.44 17.43
14.49 14.573 14.667 14.76 14.852 14.94 15.015 15.085 15.147 15.202 15.257 15.312 15.368 15.432 15.507 15.58 15.652 15.702 15.72 15.732 15.737 15.72 15.695 15.675 15.655 15.675 15.74 15.805 15.868 15.952 16.057 16.162 16.272 16.37 16.437 16.493 16.548 16.605 16.665 16.727 16.8 16.878 16.95 17.02 17.072 17.097 17.11 17.122 17.135 17.145 17.157 17.167 17.175 17.188 17.205 17.23 17.258 17.315 17.4 17.46 17.495 17.528 17.558 17.57 17.573 17.56 17.528 17.49 17.45 17.42 17.405 17.393 17.38
14.42 14.5 14.593 14.685 14.777 14.862 14.935 14.997 15.042 15.09 15.147 15.205 15.26 15.328 15.41 15.487 15.56 15.607 15.625 15.63 15.625 15.607 15.585 15.565 15.545 15.565 15.628 15.692 15.755 15.838 15.943 16.053 16.167 16.277 16.37 16.437 16.493 16.55 16.613 16.69 16.793 16.887 16.96 17.015 17.05 17.07 17.083 17.097 17.112 17.12 17.125 17.132 17.133 17.133 17.14 17.158 17.198 17.28 17.387 17.47 17.515 17.545 17.573 17.59 17.595 17.575 17.535 17.498 17.46 17.423 17.395 17.375 17.353
14.345 14.428 14.52 14.61 14.702 14.785 14.85 14.897 14.93 14.975 15.035 15.095 15.153 15.223 15.307 15.39 15.467 15.515 15.525 15.52 15.51 15.495 15.475 15.458 15.44 15.458 15.515 15.578 15.64 15.723 15.833 15.948 16.063 16.175 16.28 16.37 16.437 16.495 16.573 16.678 16.8 16.9 16.96 16.997 17.022 17.042 17.057 17.073 17.09 17.1 17.1 17.103 17.103 17.098 17.095 17.103 17.155 17.255 17.365 17.467 17.532 17.565 17.597 17.62 17.615 17.585 17.545 17.51 17.475 17.435 17.405 17.377 17.343
14.275 14.352 14.445 14.535 14.625 14.7 14.75 14.785 14.815 14.86 14.92 14.983 15.048 15.12 15.203 15.288 15.37 15.42 15.425 15.415 15.408 15.398 15.38 15.363 15.345 15.358 15.41 15.47 15.53 15.615 15.728 15.843 15.96 16.073 16.178 16.28 16.37 16.455 16.56 16.682 16.807 16.897 16.94 16.97 16.995 17.015 17.033 17.05 17.068 17.08 17.09 17.1 17.105 17.103 17.098 17.113 17.165 17.25 17.35 17.452 17.537 17.585 17.62 17.645 17.632 17.595 17.555 17.517 17.48 17.442 17.407 17.365 17.328
14.192 14.255 14.335 14.425 14.515 14.587 14.632 14.665 14.695 14.748 14.818 14.883 14.95 15.025 15.108 15.193 15.277 15.332 15.343 15.338 15.333 15.328 15.315 15.295 15.275 15.29 15.345 15.403 15.458 15.533 15.635 15.748 15.868 15.983 16.09 16.198 16.305 16.425 16.55 16.675 16.8 16.88 16.915 16.943 16.97 16.995 17.015 17.035 17.055 17.08 17.105 17.125 17.137 17.138 17.138 17.175 17.235 17.29 17.363 17.453 17.545 17.607 17.642 17.655 17.632 17.595 17.555 17.515 17.475 17.443 17.407 17.36 17.325
14.092 14.15 14.21 14.285 14.37 14.447 14.502 14.542 14.575 14.638 14.725 14.797 14.863 14.938 15.023 15.108 15.192 15.252 15.277 15.282 15.275 15.27 15.265 15.25 15.23 15.25 15.31 15.362 15.408 15.468 15.56 15.673 15.798 15.923 16.035 16.145 16.258 16.388 16.525 16.655 16.78 16.857 16.89 16.92 16.955 16.985 17.005 17.028 17.058 17.097 17.132 17.155 17.17 17.173 17.19 17.25 17.325 17.375 17.415 17.483 17.57 17.635 17.657 17.647 17.62 17.585 17.545 17.505 17.47 17.445 17.412 17.368 17.335
13.995 14.055 14.105 14.16 14.23 14.303 14.363 14.412 14.453 14.52 14.617 14.705 14.777 14.853 14.938 15.023 15.107 15.167 15.2 15.217 15.217 15.213 15.21 15.202 15.188 15.21 15.265 15.312 15.355 15.405 15.49 15.61 15.745 15.875 15.993 16.105 16.215 16.345 16.49 16.627 16.757 16.835 16.868 16.905 16.945 16.975 17 17.03 17.065 17.11 17.155 17.187 17.205 17.215 17.255 17.33 17.41 17.47 17.5 17.535 17.603 17.655 17.655 17.632 17.607 17.575 17.535 17.498 17.473 17.455 17.42 17.378 17.35
13.898 13.955 14.005 14.058 14.115 14.175 14.235 14.29 14.34 14.413 14.508 14.6 14.685 14.768 14.853 14.938 15.022 15.08 15.11 15.137 15.155 15.157 15.153 15.148 15.148 15.175 15.22 15.263 15.308 15.353 15.435 15.568 15.713 15.843 15.96 16.075 16.188 16.315 16.455 16.598 16.737 16.822 16.86 16.9 16.94 16.973 17.005 17.04 17.075 17.12 17.17 17.215 17.24 17.268 17.33 17.41 17.49 17.562 17.605 17.625 17.652 17.662 17.642 17.618 17.592 17.562 17.528 17.498 17.478 17.46 17.43 17.395 17.368
13.828 13.875 13.913 13.967 14.02 14.08 14.145 14.2 14.258 14.335 14.425 14.515 14.605 14.693 14.778 14.863 14.945 15 15.03 15.063 15.095 15.107 15.103 15.1 15.118 15.183 15.255 15.3 15.343 15.39 15.483 15.625 15.775 15.903 16.013 16.125 16.24 16.35 16.468 16.61 16.752 16.837 16.875 16.915 16.955 16.99 17.02 17.05 17.085 17.13 17.18 17.23 17.273 17.33 17.41 17.49 17.57 17.65 17.705 17.717 17.695 17.66 17.633 17.608 17.58 17.55 17.525 17.508 17.493 17.475 17.45 17.418 17.388
13.795 13.835 13.843 13.88 13.933 14.002 14.075 14.13 14.193 14.275 14.365 14.455 14.545 14.63 14.715 14.8 14.88 14.935 14.965 15.003 15.045 15.062 15.06 15.068 15.1 15.2 15.327 15.41 15.46 15.518 15.625 15.768 15.915 16.037 16.138 16.245 16.357 16.45 16.538 16.66 16.797 16.877 16.908 16.945 16.985 17.02 17.045 17.07 17.105 17.155 17.213 17.268 17.325 17.393 17.47 17.552 17.635 17.717 17.775 17.757 17.695 17.65 17.625 17.6 17.573 17.545 17.53 17.527 17.52 17.505 17.477 17.443 17.413
13.775 13.812 13.8 13.805 13.845 13.92 14 14.063 14.133 14.218 14.305 14.395 14.485 14.57 14.655 14.74 14.817 14.87 14.905 14.95 14.997 15.02 15.025 15.048 15.09 15.19 15.34 15.472 15.562 15.65 15.775 15.912 16.055 16.175 16.27 16.37 16.475 16.565 16.638 16.725 16.842 16.922 16.948 16.978 17.015 17.05 17.075 17.1 17.14 17.205 17.275 17.335 17.395 17.455 17.523 17.598 17.677 17.757 17.787 17.74 17.678 17.64 17.615 17.59 17.565 17.54 17.532 17.545 17.547 17.535 17.505 17.47 17.438
13.752 13.79 13.773 13.76 13.773 13.835 13.923 13.998 14.075 14.162 14.25 14.337 14.425 14.51 14.592 14.677 14.752 14.805 14.85 14.9 14.95 14.982 15.005 15.038 15.08 15.18 15.33 15.482 15.62 15.75 15.892 16.035 16.18 16.3 16.395 16.49 16.587 16.675 16.745 16.815 16.9 16.965 16.99 17.015 17.048 17.08 17.105 17.13 17.178 17.257 17.34 17.405 17.465 17.525 17.59 17.655 17.722 17.765 17.747 17.7 17.658 17.625 17.597 17.57 17.542 17.515 17.513 17.535 17.552 17.547 17.512 17.472 17.445
13.685 13.742 13.747 13.747 13.758 13.795 13.863 13.93 14.003 14.09 14.177 14.26 14.342 14.427 14.51 14.597 14.682 14.745 14.795 14.848 14.903 14.95 14.992 15.032 15.073 15.17 15.323 15.48 15.637 15.79 15.94 16.09 16.237 16.357 16.452 16.547 16.645 16.73 16.8 16.87 16.937 16.99 17.022 17.05 17.08 17.107 17.133 17.16 17.215 17.302 17.395 17.47 17.527 17.585 17.645 17.705 17.747 17.74 17.7 17.663 17.63 17.6 17.57 17.54 17.51 17.48 17.48 17.505 17.52 17.507 17.467 17.433 17.43
13.575 13.652 13.69 13.712 13.737 13.765 13.807 13.86 13.917 13.995 14.077 14.155 14.232 14.317 14.412 14.517 14.615 14.685 14.743 14.803 14.867 14.922 14.97 15.015 15.05 15.153 15.32 15.48 15.64 15.795 15.945 16.095 16.242 16.365 16.46 16.555 16.655 16.74 16.81 16.877 16.94 16.995 17.042 17.08 17.107 17.133 17.16 17.198 17.258 17.34 17.427 17.505 17.567 17.625 17.68 17.73 17.74 17.705 17.668 17.633 17.6 17.568 17.535 17.507 17.48 17.45 17.448 17.465 17.46 17.43 17.398 17.393 17.423
13.463 13.547 13.595 13.625 13.655 13.69 13.735 13.785 13.812 13.837 13.892 13.96 14.027 14.12 14.238 14.415 14.57 14.64 14.705 14.77 14.84 14.895 14.937 14.972 14.993 15.103 15.297 15.477 15.645 15.8 15.948 16.095 16.245 16.37 16.468 16.565 16.665 16.75 16.817 16.88 16.94 16.995 17.05 17.1 17.132 17.163 17.2 17.25 17.308 17.368 17.437 17.515 17.587 17.652 17.71 17.735 17.715 17.675 17.64 17.605 17.57 17.535 17.5 17.473 17.445 17.418 17.41 17.407 17.388 17.363 17.358 17.385 17.428
13.36 13.437 13.49 13.52 13.557 13.602 13.625 13.627 13.61 13.58 13.595 13.65 13.72 13.825 14.02 14.325 14.535 14.605 14.672 14.74 14.81 14.862 14.892 14.905 14.908 15.018 15.23 15.437 15.632 15.802 15.953 16.1 16.25 16.375 16.475 16.575 16.675 16.757 16.82 16.88 16.94 16.998 17.053 17.108 17.157 17.203 17.253 17.307 17.362 17.4 17.44 17.51 17.587 17.665 17.72 17.715 17.68 17.645 17.61 17.575 17.54 17.505 17.47 17.44 17.41 17.385 17.368 17.345 17.325 17.325 17.35 17.39 17.43
13.29 13.335 13.385 13.415 13.435 13.44 13.417 13.372 13.33 13.29 13.275 13.31 13.398 13.59 13.93 14.297 14.495 14.565 14.635 14.705 14.787 14.795 14.755 14.75 14.768 14.9 15.115 15.332 15.56 15.775 15.962 16.122 16.267 16.392 16.495 16.592 16.687 16.767 16.83 16.89 16.95 17.01 17.065 17.12 17.183 17.245 17.305 17.362 17.417 17.447 17.453 17.493 17.57 17.652 17.695 17.677 17.633 17.587 17.555 17.525 17.495 17.465 17.442 17.42 17.393 17.368 17.34 17.31 17.298 17.335 17.405 17.448 17.465
13.25 13.258 13.265 13.253 13.223 13.18 13.14 13.098 13.053 13.01 12.975 12.993 13.165 13.515 13.935 14.282 14.455 14.525 14.595 14.668 14.787 14.74 14.568 14.52 14.585 14.763 14.985 15.218 15.465 15.725 15.967 16.15 16.292 16.42 16.522 16.615 16.702 16.78 16.847 16.91 16.97 17.03 17.087 17.145 17.21 17.28 17.35 17.415 17.472 17.507 17.498 17.493 17.548 17.622 17.655 17.647 17.595 17.518 17.47 17.442 17.417 17.403 17.412 17.412 17.388 17.362 17.335 17.303 17.29 17.353 17.465 17.547 17.587
13.22 13.202 13.178 13.125 13.065 13.015 12.968 12.923 12.873 12.823 12.778 12.82 13.1 13.525 13.945 14.267 14.415 14.485 14.558 14.653 14.82 14.757 14.45 14.315 14.423 14.653 14.908 15.173 15.445 15.728 15.985 16.172 16.317 16.445 16.542 16.63 16.715 16.79 16.86 16.927 16.99 17.05 17.113 17.175 17.24 17.31 17.385 17.46 17.525 17.57 17.565 17.53 17.54 17.587 17.617 17.63 17.587 17.49 17.408 17.355 17.323 17.325 17.37 17.4 17.385 17.357 17.33 17.295 17.283 17.348 17.465 17.585 17.67
13.175 13.15 13.14 13.102 13.033 12.968 12.915 12.863 12.808 12.755 12.738 12.848 13.138 13.535 13.955 14.255 14.38 14.45 14.53 14.668 14.875 14.805 14.428 14.233 14.36 14.633 14.918 15.203 15.49 15.78 16.025 16.197 16.342 16.467 16.56 16.645 16.73 16.802 16.87 16.94 17.007 17.072 17.14 17.205 17.27 17.34 17.415 17.495 17.567 17.627 17.635 17.592 17.56 17.563 17.585 17.605 17.575 17.485 17.388 17.303 17.24 17.248 17.315 17.372 17.38 17.35 17.32 17.285 17.275 17.343 17.46 17.565 17.627
13.115 13.095 13.095 13.082 13.025 12.94 12.873 12.818 12.765 12.725 12.783 12.965 13.208 13.548 13.965 14.242 14.345 14.418 14.528 14.713 14.93 14.845 14.495 14.343 14.45 14.688 14.97 15.257 15.543 15.83 16.062 16.22 16.367 16.492 16.583 16.667 16.75 16.815 16.87 16.935 17.005 17.075 17.147 17.217 17.288 17.365 17.445 17.525 17.597 17.657 17.662 17.615 17.573 17.555 17.563 17.577 17.557 17.48 17.38 17.283 17.213 17.205 17.258 17.33 17.36 17.34 17.307 17.273 17.268 17.34 17.445 17.512 17.545
13.055 13.045 13.045 13.045 13.025 12.95 12.848 12.775 12.723 12.735 12.88 13.093 13.308 13.59 13.972 14.225 14.308 14.398 14.555 14.775 14.98 14.877 14.618 14.578 14.65 14.798 15.033 15.31 15.597 15.88 16.095 16.243 16.392 16.517 16.607 16.692 16.772 16.83 16.873 16.923 16.985 17.058 17.135 17.215 17.3 17.392 17.477 17.55 17.615 17.655 17.64 17.598 17.573 17.558 17.553 17.56 17.537 17.46 17.368 17.3 17.263 17.238 17.238 17.283 17.325 17.322 17.292 17.26 17.26 17.325 17.397 17.432 17.458
13.01 13.028 13.035 13.018 13 12.967 12.872 12.758 12.71 12.805 13.008 13.22 13.433 13.67 13.98 14.197 14.275 14.403 14.605 14.835 15.027 14.952 14.808 14.845 14.903 14.993 15.153 15.378 15.65 15.922 16.122 16.27 16.42 16.542 16.63 16.715 16.797 16.852 16.89 16.93 16.978 17.05 17.14 17.233 17.33 17.425 17.5 17.56 17.62 17.645 17.62 17.593 17.577 17.563 17.553 17.552 17.515 17.445 17.395 17.368 17.347 17.32 17.29 17.283 17.295 17.29 17.27 17.248 17.245 17.283 17.323 17.348 17.373
12.983 13.025 13.065 13.065 13.038 13.002 12.915 12.77 12.76 12.93 13.14 13.35 13.56 13.777 14.005 14.162 14.268 14.443 14.67 14.897 15.072 15.082 15.058 15.112 15.168 15.235 15.348 15.513 15.725 15.957 16.147 16.3 16.45 16.567 16.653 16.737 16.82 16.877 16.913 16.95 16.998 17.075 17.175 17.275 17.372 17.452 17.51 17.563 17.62 17.637 17.615 17.597 17.583 17.57 17.558 17.553 17.528 17.493 17.475 17.455 17.432 17.405 17.375 17.345 17.323 17.305 17.288 17.27 17.258 17.263 17.273 17.283 17.295
12.96 13.01 13.075 13.12 13.117 13.052 12.93 12.82 12.875 13.07 13.277 13.485 13.69 13.872 14.017 14.13 14.275 14.485 14.715 14.942 15.12 15.21 15.272 15.347 15.422 15.49 15.577 15.7 15.837 16 16.17 16.327 16.477 16.592 16.677 16.76 16.84 16.9 16.938 16.98 17.04 17.128 17.23 17.325 17.407 17.472 17.525 17.575 17.622 17.635 17.618 17.603 17.59 17.578 17.568 17.573 17.58 17.575 17.56 17.542 17.52 17.49 17.46 17.43 17.403 17.383 17.365 17.345 17.325 17.313 17.308 17.303 17.295
12.94 12.992 13.052 13.105 13.13 13.07 12.948 12.918 13.023 13.2 13.41 13.61 13.785 13.917 14.015 14.113 14.263 14.475 14.7 14.902 15.067 15.185 15.275 15.367 15.46 15.557 15.67 15.785 15.892 16.022 16.177 16.335 16.487 16.61 16.7 16.782 16.865 16.922 16.965 17.023 17.093 17.183 17.282 17.365 17.427 17.485 17.542 17.595 17.635 17.642 17.628 17.612 17.598 17.588 17.595 17.615 17.635 17.647 17.642 17.627 17.605 17.575 17.547 17.52 17.49 17.468 17.45 17.43 17.41 17.395 17.39 17.38 17.352
12.92 12.968 13.02 13.067 13.107 13.065 13.005 13.058 13.17 13.333 13.527 13.692 13.827 13.94 14.027 14.11 14.24 14.425 14.612 14.77 14.907 15.02 15.113 15.22 15.343 15.485 15.643 15.775 15.885 16.018 16.172 16.327 16.48 16.61 16.71 16.802 16.89 16.95 17.003 17.073 17.148 17.235 17.32 17.385 17.442 17.498 17.555 17.612 17.655 17.66 17.642 17.622 17.608 17.615 17.638 17.66 17.682 17.705 17.717 17.712 17.69 17.66 17.632 17.607 17.58 17.555 17.535 17.515 17.495 17.48 17.467 17.44 17.395
12.905 12.948 12.993 13.035 13.08 13.09 13.123 13.22 13.322 13.452 13.6 13.73 13.852 13.96 14.043 14.123 14.228 14.36 14.495 14.623 14.75 14.878 15.008 15.155 15.315 15.48 15.645 15.778 15.883 16.01 16.165 16.32 16.472 16.605 16.71 16.81 16.905 16.982 17.052 17.127 17.202 17.277 17.342 17.397 17.455 17.51 17.565 17.622 17.665 17.667 17.64 17.618 17.623 17.65 17.68 17.705 17.728 17.75 17.772 17.782 17.765 17.735 17.705 17.677 17.65 17.625 17.602 17.58 17.557 17.535 17.505 17.46 17.412
12.925 12.963 13 13.04 13.083 13.14 13.225 13.322 13.42 13.527 13.645 13.765 13.882 13.982 14.068 14.153 14.24 14.34 14.455 14.57 14.698 14.865 15.045 15.215 15.38 15.545 15.7 15.815 15.913 16.033 16.178 16.33 16.483 16.612 16.715 16.815 16.915 17.005 17.082 17.157 17.222 17.285 17.35 17.405 17.46 17.515 17.57 17.622 17.655 17.647 17.618 17.615 17.643 17.677 17.715 17.747 17.772 17.795 17.807 17.802 17.78 17.75 17.72 17.68 17.642 17.625 17.605 17.58 17.557 17.525 17.48 17.43 17.388
12.97 13.007 13.043 13.08 13.12 13.18 13.27 13.367 13.465 13.573 13.69 13.805 13.91 14.005 14.097 14.185 14.27 14.37 14.485 14.608 14.75 14.942 15.152 15.335 15.5 15.665 15.8 15.888 15.978 16.09 16.218 16.36 16.51 16.632 16.728 16.825 16.925 17.015 17.09 17.152 17.195 17.255 17.337 17.402 17.458 17.513 17.567 17.607 17.625 17.615 17.608 17.633 17.667 17.705 17.742 17.775 17.805 17.817 17.802 17.777 17.75 17.717 17.68 17.622 17.57 17.56 17.56 17.542 17.517 17.48 17.43 17.38 17.343
