EGM722_Project_Data/DTM_tif/TL4455.asc
ncols         200
nrows         200
xllcorner     544000.000
yllcorner     255000.000
cellsize      5
NODATA_value  -9999.0
[rows 32 to 63 of 200, columns 73 to 145 of 200]
16.653 16.765 16.865 16.967 17.062 17.102 17.105 17.095 17.063 17.065 17.112 17.152 17.182 17.19 17.178 17.167 17.157 17.125 17.088 17.065 17.042 17.007 16.965 16.925 16.88 16.825 16.765 16.7 16.62 16.507 16.375 16.253 16.14 16.035 15.932 15.828 15.725 15.638 15.563 15.495 15.44 15.36 15.25 15.145 15.048 14.948 14.865 14.818 14.785 14.765 14.758 14.76 14.775 14.82 14.898 14.985 15.08 15.122 15.097 15.055 15.005 14.955 14.913 14.885 14.875 14.89 14.923 14.97 15.032 15.085 15.125 15.157 15.178
16.762 16.867 16.955 17.027 17.085 17.11 17.12 17.13 17.127 17.137 17.167 17.192 17.215 17.222 17.212 17.197 17.18 17.16 17.142 17.125 17.11 17.082 17.038 16.995 16.95 16.895 16.835 16.775 16.705 16.605 16.485 16.365 16.25 16.142 16.037 15.935 15.835 15.745 15.67 15.595 15.523 15.435 15.328 15.22 15.118 15.035 14.985 14.955 14.923 14.905 14.91 14.925 14.943 14.985 15.06 15.14 15.222 15.247 15.205 15.155 15.105 15.057 15.012 14.97 14.948 14.968 15.02 15.083 15.145 15.197 15.235 15.257 15.273
16.807 16.895 16.952 16.997 17.032 17.055 17.075 17.092 17.122 17.16 17.187 17.21 17.232 17.245 17.237 17.217 17.195 17.18 17.17 17.157 17.155 17.155 17.13 17.088 17.043 16.99 16.93 16.868 16.795 16.697 16.582 16.465 16.347 16.237 16.135 16.035 15.955 15.885 15.81 15.732 15.638 15.545 15.453 15.348 15.245 15.175 15.14 15.108 15.075 15.065 15.08 15.1 15.115 15.155 15.23 15.31 15.365 15.347 15.293 15.245 15.195 15.15 15.105 15.058 15.043 15.078 15.138 15.203 15.265 15.312 15.337 15.353 15.37
16.772 16.84 16.87 16.905 16.94 16.965 16.988 17.02 17.08 17.14 17.177 17.207 17.232 17.247 17.247 17.232 17.21 17.193 17.183 17.18 17.19 17.21 17.22 17.2 17.16 17.107 17.042 16.972 16.89 16.785 16.668 16.552 16.435 16.325 16.225 16.148 16.113 16.065 15.982 15.882 15.76 15.67 15.605 15.512 15.413 15.345 15.308 15.278 15.255 15.25 15.265 15.282 15.295 15.335 15.41 15.47 15.485 15.442 15.375 15.32 15.272 15.227 15.18 15.155 15.178 15.22 15.27 15.333 15.395 15.432 15.44 15.448 15.465
16.725 16.782 16.798 16.818 16.848 16.88 16.923 16.988 17.063 17.122 17.162 17.197 17.227 17.242 17.245 17.24 17.225 17.208 17.205 17.215 17.228 17.248 17.275 17.29 17.272 17.22 17.145 17.065 16.98 16.875 16.755 16.638 16.523 16.415 16.333 16.298 16.29 16.237 16.132 16.005 15.873 15.783 15.73 15.665 15.578 15.513 15.48 15.458 15.443 15.44 15.452 15.465 15.475 15.515 15.57 15.59 15.587 15.547 15.473 15.403 15.348 15.303 15.275 15.29 15.332 15.373 15.415 15.468 15.525 15.555 15.552 15.55 15.56
16.68 16.72 16.733 16.745 16.775 16.83 16.9 16.98 17.058 17.112 17.148 17.185 17.22 17.235 17.235 17.235 17.23 17.225 17.235 17.252 17.265 17.285 17.312 17.337 17.345 17.305 17.23 17.152 17.067 16.962 16.845 16.725 16.61 16.52 16.47 16.442 16.417 16.35 16.235 16.11 15.985 15.898 15.843 15.79 15.727 15.678 15.655 15.635 15.62 15.62 15.63 15.64 15.65 15.672 15.69 15.693 15.692 15.652 15.578 15.503 15.433 15.395 15.408 15.442 15.48 15.522 15.565 15.607 15.652 15.67 15.662 15.655 15.66
16.632 16.655 16.668 16.683 16.728 16.82 16.915 16.995 17.072 17.117 17.143 17.18 17.215 17.23 17.23 17.227 17.22 17.222 17.24 17.26 17.28 17.302 17.327 17.352 17.372 17.345 17.272 17.2 17.117 17.025 16.922 16.805 16.693 16.62 16.58 16.537 16.495 16.42 16.307 16.19 16.083 16.01 15.957 15.903 15.853 15.82 15.8 15.78 15.765 15.765 15.777 15.79 15.8 15.802 15.8 15.802 15.8 15.765 15.698 15.625 15.553 15.508 15.52 15.557 15.592 15.635 15.68 15.722 15.755 15.762 15.755 15.745 15.745
16.572 16.595 16.605 16.625 16.68 16.802 16.935 17.025 17.097 17.135 17.153 17.18 17.212 17.23 17.227 17.217 17.2 17.2 17.22 17.243 17.273 17.3 17.328 17.36 17.385 17.36 17.285 17.205 17.122 17.047 16.97 16.867 16.763 16.693 16.648 16.605 16.562 16.485 16.37 16.26 16.175 16.118 16.07 16.017 15.968 15.935 15.915 15.9 15.89 15.89 15.905 15.92 15.93 15.927 15.918 15.915 15.907 15.88 15.832 15.77 15.698 15.638 15.618 15.64 15.677 15.718 15.76 15.802 15.832 15.837 15.83 15.823 15.82
16.507 16.53 16.548 16.58 16.633 16.76 16.932 17.055 17.125 17.157 17.173 17.188 17.212 17.227 17.217 17.2 17.18 17.18 17.205 17.235 17.268 17.3 17.335 17.372 17.4 17.372 17.292 17.205 17.118 17.045 16.982 16.91 16.827 16.76 16.715 16.672 16.627 16.547 16.443 16.355 16.28 16.223 16.177 16.13 16.08 16.048 16.033 16.025 16.02 16.02 16.032 16.047 16.06 16.055 16.038 16.028 16.015 15.987 15.952 15.907 15.842 15.785 15.748 15.735 15.76 15.8 15.837 15.875 15.905 15.91 15.903 15.9 15.9
16.443 16.47 16.5 16.538 16.585 16.71 16.9 17.065 17.152 17.18 17.195 17.205 17.217 17.22 17.205 17.183 17.163 17.17 17.205 17.243 17.278 17.315 17.353 17.39 17.417 17.382 17.293 17.2 17.11 17.038 16.983 16.93 16.872 16.82 16.78 16.737 16.692 16.622 16.538 16.462 16.39 16.33 16.283 16.237 16.193 16.165 16.157 16.152 16.147 16.15 16.16 16.172 16.185 16.18 16.16 16.142 16.12 16.087 16.055 16.022 15.977 15.932 15.895 15.86 15.853 15.878 15.913 15.948 15.977 15.987 15.985 15.985 15.985
16.388 16.423 16.458 16.495 16.56 16.695 16.878 17.055 17.16 17.185 17.195 17.205 17.212 17.212 17.202 17.18 17.16 17.18 17.225 17.265 17.305 17.343 17.378 17.415 17.44 17.4 17.305 17.21 17.118 17.048 17 16.95 16.9 16.857 16.82 16.78 16.742 16.697 16.632 16.56 16.488 16.433 16.39 16.345 16.305 16.278 16.267 16.262 16.257 16.26 16.27 16.28 16.287 16.28 16.26 16.232 16.195 16.16 16.127 16.095 16.065 16.045 16.022 15.987 15.958 15.96 15.993 16.025 16.052 16.062 16.062 16.065 16.065
16.34 16.375 16.413 16.473 16.575 16.718 16.89 17.045 17.137 17.167 17.175 17.185 17.195 17.202 17.202 17.187 17.17 17.195 17.247 17.292 17.335 17.37 17.405 17.442 17.467 17.43 17.335 17.237 17.14 17.07 17.027 16.98 16.93 16.885 16.845 16.808 16.78 16.752 16.71 16.647 16.573 16.525 16.495 16.455 16.415 16.385 16.368 16.358 16.353 16.353 16.362 16.372 16.372 16.362 16.34 16.295 16.245 16.208 16.173 16.143 16.118 16.11 16.11 16.09 16.058 16.053 16.078 16.108 16.132 16.135 16.13 16.13 16.133
16.293 16.33 16.388 16.485 16.605 16.743 16.897 17.022 17.102 17.142 17.155 17.167 17.177 17.185 17.19 17.187 17.18 17.205 17.26 17.312 17.36 17.397 17.432 17.465 17.492 17.457 17.36 17.26 17.163 17.093 17.05 17.005 16.958 16.915 16.878 16.845 16.82 16.795 16.767 16.725 16.663 16.618 16.592 16.562 16.525 16.495 16.475 16.46 16.45 16.448 16.455 16.46 16.457 16.445 16.41 16.352 16.295 16.253 16.22 16.195 16.173 16.165 16.175 16.175 16.155 16.15 16.17 16.195 16.215 16.215 16.205 16.198 16.198
16.248 16.305 16.4 16.515 16.635 16.76 16.882 16.985 17.07 17.117 17.132 17.147 17.16 17.17 17.175 17.18 17.185 17.215 17.27 17.325 17.377 17.42 17.455 17.485 17.515 17.48 17.38 17.28 17.185 17.118 17.073 17.028 16.985 16.948 16.915 16.885 16.86 16.835 16.81 16.785 16.747 16.71 16.685 16.662 16.632 16.605 16.587 16.572 16.555 16.543 16.54 16.54 16.537 16.517 16.47 16.408 16.345 16.3 16.272 16.247 16.225 16.22 16.23 16.24 16.24 16.245 16.262 16.277 16.29 16.29 16.282 16.275 16.268
16.215 16.3 16.422 16.537 16.655 16.765 16.863 16.955 17.045 17.095 17.11 17.13 17.15 17.165 17.17 17.175 17.188 17.22 17.27 17.325 17.387 17.437 17.47 17.5 17.53 17.495 17.395 17.295 17.203 17.14 17.095 17.05 17.018 16.99 16.96 16.93 16.905 16.88 16.855 16.835 16.812 16.787 16.765 16.745 16.725 16.707 16.692 16.675 16.655 16.633 16.618 16.612 16.607 16.582 16.53 16.465 16.395 16.348 16.322 16.297 16.273 16.268 16.282 16.295 16.305 16.317 16.33 16.342 16.355 16.357 16.352 16.345 16.348
16.19 16.285 16.42 16.545 16.665 16.77 16.855 16.938 17.025 17.075 17.093 17.12 17.15 17.167 17.17 17.178 17.195 17.22 17.263 17.32 17.395 17.455 17.483 17.51 17.54 17.507 17.41 17.31 17.22 17.16 17.118 17.08 17.06 17.04 17.01 16.98 16.955 16.93 16.905 16.888 16.872 16.852 16.83 16.813 16.8 16.792 16.782 16.765 16.745 16.72 16.698 16.683 16.675 16.65 16.592 16.52 16.44 16.39 16.367 16.337 16.308 16.308 16.332 16.35 16.36 16.37 16.382 16.397 16.41 16.417 16.415 16.41 16.44
16.16 16.255 16.397 16.537 16.67 16.777 16.855 16.927 17.007 17.057 17.083 17.115 17.15 17.17 17.173 17.185 17.205 17.225 17.26 17.323 17.41 17.475 17.5 17.525 17.552 17.52 17.427 17.33 17.24 17.18 17.148 17.125 17.108 17.087 17.06 17.03 17.005 16.983 16.96 16.945 16.935 16.917 16.895 16.883 16.875 16.868 16.862 16.852 16.835 16.81 16.783 16.76 16.747 16.717 16.65 16.567 16.485 16.433 16.405 16.365 16.333 16.34 16.37 16.395 16.41 16.42 16.435 16.45 16.462 16.475 16.475 16.488 16.55
16.138 16.228 16.367 16.51 16.65 16.762 16.84 16.912 16.987 17.042 17.08 17.115 17.15 17.172 17.183 17.198 17.215 17.235 17.263 17.33 17.43 17.497 17.525 17.547 17.57 17.535 17.442 17.348 17.263 17.21 17.19 17.175 17.155 17.135 17.11 17.08 17.055 17.038 17.02 17.005 16.995 16.98 16.965 16.957 16.947 16.937 16.932 16.927 16.917 16.897 16.87 16.843 16.822 16.777 16.698 16.613 16.53 16.473 16.435 16.393 16.363 16.37 16.4 16.43 16.455 16.472 16.488 16.5 16.515 16.53 16.543 16.583 16.657
16.148 16.213 16.33 16.467 16.605 16.72 16.802 16.875 16.935 16.997 17.062 17.107 17.145 17.177 17.197 17.213 17.23 17.25 17.28 17.35 17.45 17.517 17.545 17.565 17.582 17.545 17.452 17.36 17.28 17.238 17.225 17.212 17.197 17.182 17.16 17.13 17.103 17.095 17.092 17.078 17.063 17.04 17.02 17.007 16.992 16.982 16.975 16.972 16.982 16.977 16.952 16.925 16.9 16.847 16.763 16.675 16.583 16.52 16.485 16.445 16.413 16.41 16.435 16.468 16.5 16.527 16.548 16.563 16.578 16.593 16.62 16.673 16.74
16.19 16.23 16.305 16.423 16.56 16.672 16.752 16.812 16.848 16.91 17 17.075 17.13 17.172 17.207 17.23 17.25 17.27 17.313 17.388 17.477 17.537 17.558 17.575 17.587 17.545 17.455 17.365 17.285 17.245 17.235 17.227 17.225 17.22 17.202 17.175 17.145 17.145 17.165 17.16 17.14 17.105 17.06 17.03 17.015 17.005 16.995 17.008 17.047 17.055 17.028 17.003 16.98 16.93 16.845 16.747 16.643 16.578 16.55 16.515 16.48 16.468 16.483 16.513 16.547 16.582 16.612 16.635 16.65 16.665 16.698 16.748 16.81
16.24 16.275 16.32 16.395 16.515 16.625 16.687 16.725 16.75 16.81 16.905 17.002 17.09 17.152 17.205 17.245 17.27 17.295 17.35 17.43 17.512 17.567 17.58 17.588 17.592 17.545 17.455 17.365 17.283 17.24 17.235 17.238 17.247 17.247 17.232 17.212 17.188 17.188 17.215 17.232 17.222 17.18 17.12 17.07 17.04 17.025 17.028 17.065 17.12 17.132 17.108 17.085 17.062 17.007 16.912 16.8 16.693 16.63 16.605 16.58 16.548 16.533 16.54 16.558 16.59 16.63 16.67 16.702 16.72 16.74 16.778 16.825 16.885
16.277 16.312 16.357 16.408 16.485 16.563 16.603 16.63 16.66 16.723 16.823 16.93 17.035 17.117 17.18 17.235 17.28 17.327 17.392 17.47 17.547 17.597 17.607 17.607 17.6 17.542 17.45 17.36 17.278 17.24 17.248 17.26 17.272 17.272 17.257 17.242 17.225 17.225 17.25 17.277 17.282 17.245 17.187 17.13 17.08 17.058 17.08 17.135 17.19 17.205 17.185 17.162 17.137 17.075 16.965 16.845 16.74 16.683 16.658 16.635 16.61 16.598 16.603 16.61 16.633 16.672 16.717 16.757 16.787 16.82 16.86 16.902 16.957
16.272 16.317 16.37 16.42 16.473 16.533 16.583 16.618 16.653 16.693 16.77 16.88 16.987 17.072 17.135 17.195 17.25 17.312 17.387 17.462 17.535 17.58 17.587 17.585 17.572 17.512 17.42 17.335 17.268 17.245 17.257 17.27 17.28 17.285 17.275 17.26 17.245 17.243 17.262 17.287 17.295 17.262 17.207 17.152 17.108 17.098 17.135 17.195 17.25 17.257 17.23 17.205 17.177 17.125 17.027 16.91 16.803 16.745 16.723 16.7 16.685 16.683 16.687 16.678 16.673 16.705 16.75 16.792 16.842 16.89 16.927 16.965 17.013
16.243 16.3 16.357 16.41 16.46 16.535 16.617 16.675 16.717 16.733 16.753 16.83 16.94 17.025 17.085 17.14 17.185 17.245 17.327 17.405 17.475 17.517 17.522 17.52 17.51 17.455 17.373 17.305 17.258 17.245 17.253 17.26 17.273 17.282 17.28 17.27 17.258 17.253 17.263 17.282 17.285 17.25 17.198 17.155 17.133 17.138 17.183 17.245 17.3 17.297 17.255 17.225 17.192 17.15 17.087 16.99 16.88 16.82 16.8 16.788 16.785 16.787 16.782 16.745 16.708 16.725 16.77 16.823 16.892 16.947 16.983 17.02 17.063
16.22 16.28 16.34 16.397 16.45 16.523 16.617 16.702 16.77 16.797 16.79 16.81 16.89 16.975 17.03 17.072 17.11 17.17 17.255 17.34 17.415 17.452 17.455 17.455 17.447 17.405 17.345 17.295 17.255 17.245 17.25 17.255 17.267 17.275 17.277 17.277 17.27 17.265 17.268 17.28 17.277 17.245 17.21 17.188 17.175 17.18 17.225 17.292 17.347 17.34 17.285 17.245 17.21 17.165 17.117 17.052 16.96 16.903 16.89 16.888 16.89 16.887 16.86 16.8 16.743 16.743 16.798 16.87 16.947 17.002 17.04 17.078 17.118
16.18 16.242 16.305 16.365 16.427 16.505 16.597 16.692 16.782 16.845 16.86 16.85 16.87 16.92 16.963 16.995 17.03 17.093 17.18 17.273 17.358 17.395 17.398 17.403 17.402 17.377 17.335 17.292 17.255 17.245 17.25 17.255 17.262 17.267 17.272 17.275 17.275 17.278 17.28 17.285 17.28 17.26 17.245 17.232 17.218 17.218 17.257 17.325 17.382 17.377 17.322 17.272 17.227 17.18 17.13 17.08 17.022 16.988 16.985 16.987 16.99 16.97 16.915 16.845 16.78 16.778 16.848 16.93 17.005 17.06 17.1 17.14 17.185
16.105 16.167 16.232 16.298 16.378 16.467 16.557 16.652 16.747 16.837 16.9 16.915 16.908 16.923 16.955 16.99 17.04 17.093 17.16 17.255 17.342 17.373 17.368 17.373 17.377 17.36 17.32 17.283 17.253 17.233 17.228 17.235 17.24 17.242 17.245 17.248 17.263 17.29 17.305 17.305 17.3 17.29 17.277 17.265 17.252 17.243 17.258 17.31 17.372 17.375 17.322 17.275 17.232 17.185 17.135 17.085 17.053 17.045 17.045 17.05 17.05 17.01 16.94 16.87 16.83 16.853 16.918 16.995 17.07 17.127 17.17 17.215 17.265
16.015 16.075 16.14 16.223 16.325 16.42 16.508 16.6 16.693 16.785 16.877 16.945 16.967 16.985 17.025 17.083 17.152 17.19 17.213 17.283 17.367 17.387 17.36 17.35 17.355 17.34 17.303 17.275 17.258 17.23 17.2 17.188 17.188 17.19 17.195 17.213 17.243 17.285 17.322 17.337 17.335 17.322 17.305 17.29 17.277 17.26 17.248 17.27 17.325 17.33 17.283 17.25 17.222 17.18 17.133 17.095 17.078 17.075 17.075 17.072 17.06 17.015 16.945 16.905 16.92 16.96 17.008 17.073 17.145 17.202 17.247 17.295 17.345
15.925 15.985 16.063 16.173 16.287 16.38 16.462 16.55 16.64 16.73 16.82 16.91 16.98 17.05 17.13 17.205 17.277 17.31 17.31 17.333 17.392 17.41 17.373 17.345 17.335 17.32 17.295 17.283 17.275 17.25 17.205 17.165 17.14 17.138 17.16 17.195 17.23 17.27 17.32 17.36 17.372 17.357 17.335 17.317 17.302 17.282 17.26 17.253 17.28 17.282 17.25 17.23 17.207 17.173 17.138 17.12 17.11 17.105 17.1 17.085 17.065 17.02 16.978 16.995 17.04 17.08 17.12 17.167 17.225 17.277 17.325 17.375 17.428
15.833 15.91 16.015 16.137 16.25 16.337 16.405 16.472 16.555 16.645 16.73 16.815 16.91 16.992 17.112 17.287 17.405 17.432 17.43 17.427 17.44 17.435 17.4 17.365 17.335 17.315 17.303 17.3 17.295 17.267 17.222 17.18 17.138 17.125 17.15 17.183 17.218 17.26 17.31 17.36 17.392 17.385 17.357 17.335 17.32 17.302 17.28 17.26 17.255 17.248 17.228 17.213 17.195 17.173 17.155 17.147 17.14 17.13 17.115 17.093 17.07 17.053 17.067 17.112 17.157 17.197 17.227 17.252 17.285 17.33 17.39 17.455 17.512
15.773 15.865 15.985 16.102 16.202 16.272 16.317 16.363 16.435 16.522 16.608 16.7 16.805 16.848 16.903 17.118 17.39 17.517 17.515 17.505 17.492 17.47 17.438 17.403 17.368 17.338 17.323 17.32 17.315 17.285 17.24 17.2 17.16 17.148 17.165 17.188 17.213 17.245 17.287 17.332 17.37 17.37 17.34 17.32 17.312 17.3 17.28 17.263 17.258 17.248 17.225 17.208 17.193 17.17 17.15 17.145 17.14 17.15 17.157 17.138 17.113 17.103 17.13 17.175 17.22 17.26 17.282 17.295 17.315 17.348 17.4 17.472 17.545
15.75 15.84 15.957 16.042 16.1 16.162 16.21 16.248 16.315 16.4 16.49 16.595 16.705 16.745 16.72 16.905 17.275 17.507 17.557 17.542 17.525 17.505 17.48 17.45 17.415 17.38 17.353 17.34 17.335 17.305 17.26 17.222 17.185 17.175 17.195 17.21 17.21 17.218 17.248 17.285 17.32 17.32 17.295 17.288 17.292 17.285 17.268 17.265 17.287 17.282 17.24 17.213 17.197 17.167 17.13 17.115 17.11 17.148 17.207 17.217 17.197 17.168 17.158 17.185 17.23 17.27 17.295 17.313 17.335 17.36 17.39 17.44 17.513
