EGM722_Project_Data/DTM_tif/TL4456.asc
ncols         200
nrows         200
xllcorner     544000.000
yllcorner     256000.000
cellsize      5
NODATA_value  -9999.0
[rows 132 to 164 of 200, columns 0 to 73 of 200]
7.653 7.99 8.17 8.333 8.422 8.497 8.605 8.717 8.838 8.97 9.107 9.217 9.252 9.207 9.16 9.143 9.13 9.122 9.1 9.068 9.048 9.03 9.01 8.985 8.96 8.94 8.925 8.915 8.908 8.9 8.898 8.905 8.913 8.92 8.975 9.088 9.223 9.368 9.553 9.788 10.037 10.295 10.54 10.76 10.967 11.165 11.34 11.502 11.667 11.835 12.05 12.31 12.567 12.817 13.068 13.322 13.57 13.797 13.99 14.158 14.34 14.567 14.757 14.872 14.97 15.06 15.135 15.192 15.245 15.29 15.285 15.238 15.21 15.215
8.005 8.26 8.455 8.547 8.59 8.685 8.805 8.922 9.037 9.157 9.287 9.357 9.32 9.243 9.2 9.19 9.18 9.175 9.155 9.115 9.08 9.053 9.03 9.008 8.985 8.965 8.95 8.94 8.933 8.925 8.923 8.93 8.94 8.953 9.033 9.177 9.325 9.475 9.655 9.88 10.12 10.365 10.595 10.802 11.007 11.205 11.385 11.555 11.722 11.9 12.125 12.385 12.647 12.907 13.162 13.417 13.67 13.917 14.127 14.297 14.467 14.655 14.812 14.915 15.005 15.095 15.167 15.218 15.265 15.312 15.31 15.26 15.213 15.183
8.23 8.587 8.802 8.762 8.71 8.788 8.892 9.015 9.14 9.265 9.375 9.407 9.352 9.275 9.23 9.22 9.212 9.207 9.187 9.15 9.11 9.075 9.053 9.035 9.015 8.995 8.98 8.97 8.96 8.948 8.95 8.965 8.973 8.988 9.08 9.235 9.387 9.54 9.71 9.917 10.147 10.382 10.602 10.807 11.007 11.195 11.372 11.545 11.72 11.928 12.175 12.435 12.7 12.965 13.235 13.502 13.755 14.005 14.217 14.392 14.567 14.732 14.865 14.967 15.06 15.15 15.22 15.265 15.31 15.357 15.357 15.31 15.26 15.21
8.412 8.767 8.95 8.877 8.825 8.89 8.955 9.05 9.17 9.295 9.377 9.392 9.362 9.302 9.25 9.23 9.222 9.215 9.197 9.167 9.13 9.093 9.073 9.062 9.047 9.03 9.015 9.002 8.987 8.968 8.97 8.995 9.007 9.025 9.118 9.272 9.425 9.575 9.738 9.923 10.135 10.367 10.587 10.79 10.977 11.15 11.32 11.49 11.69 11.938 12.202 12.465 12.73 12.995 13.275 13.565 13.832 14.082 14.292 14.465 14.627 14.775 14.907 15.025 15.127 15.22 15.29 15.335 15.378 15.42 15.42 15.375 15.325 15.275
8.585 8.86 8.982 8.955 8.935 9.01 9.065 9.12 9.21 9.317 9.372 9.367 9.35 9.317 9.273 9.243 9.23 9.217 9.2 9.175 9.145 9.11 9.088 9.08 9.072 9.062 9.047 9.03 9.007 8.983 8.983 9.01 9.035 9.063 9.155 9.307 9.46 9.61 9.773 9.95 10.14 10.355 10.57 10.76 10.932 11.098 11.265 11.458 11.7 11.965 12.23 12.495 12.76 13.028 13.308 13.605 13.897 14.16 14.365 14.525 14.67 14.81 14.945 15.07 15.185 15.287 15.36 15.405 15.445 15.485 15.485 15.44 15.387 15.335
8.702 8.875 8.97 9.01 9.045 9.125 9.192 9.24 9.292 9.342 9.355 9.343 9.328 9.31 9.282 9.255 9.24 9.223 9.2 9.175 9.15 9.123 9.103 9.095 9.09 9.087 9.072 9.05 9.028 9.005 9.005 9.028 9.055 9.093 9.19 9.34 9.49 9.64 9.805 9.985 10.165 10.355 10.55 10.725 10.89 11.055 11.235 11.465 11.73 11.995 12.26 12.528 12.795 13.065 13.348 13.645 13.948 14.227 14.427 14.57 14.71 14.85 14.985 15.11 15.23 15.342 15.42 15.467 15.51 15.55 15.552 15.507 15.45 15.392
8.74 8.848 8.945 9.037 9.122 9.207 9.292 9.347 9.367 9.367 9.353 9.338 9.323 9.308 9.29 9.27 9.253 9.233 9.21 9.188 9.163 9.138 9.125 9.12 9.115 9.112 9.097 9.073 9.05 9.03 9.03 9.053 9.083 9.125 9.225 9.375 9.525 9.668 9.825 10.005 10.185 10.37 10.563 10.745 10.913 11.078 11.275 11.523 11.788 12.058 12.333 12.605 12.875 13.145 13.43 13.73 14.025 14.295 14.487 14.623 14.76 14.9 15.02 15.13 15.247 15.362 15.442 15.487 15.532 15.575 15.58 15.535 15.472 15.41
8.727 8.83 8.935 9.045 9.15 9.245 9.332 9.382 9.387 9.382 9.37 9.355 9.34 9.323 9.307 9.29 9.27 9.253 9.232 9.21 9.188 9.168 9.158 9.15 9.145 9.14 9.125 9.1 9.075 9.053 9.053 9.08 9.118 9.165 9.265 9.415 9.557 9.685 9.835 10.015 10.2 10.395 10.6 10.802 10.985 11.155 11.358 11.608 11.878 12.158 12.44 12.72 12.995 13.265 13.55 13.845 14.12 14.365 14.55 14.687 14.823 14.96 15.062 15.143 15.245 15.36 15.44 15.478 15.518 15.562 15.565 15.515 15.452 15.39
8.72 8.83 8.94 9.048 9.155 9.257 9.335 9.375 9.387 9.392 9.387 9.372 9.357 9.34 9.323 9.307 9.29 9.275 9.255 9.233 9.215 9.2 9.19 9.18 9.173 9.167 9.152 9.127 9.102 9.078 9.08 9.113 9.155 9.203 9.3 9.445 9.575 9.695 9.845 10.03 10.225 10.425 10.63 10.84 11.042 11.228 11.438 11.698 11.978 12.262 12.545 12.828 13.11 13.385 13.665 13.94 14.19 14.425 14.61 14.75 14.887 15.022 15.12 15.183 15.26 15.362 15.442 15.477 15.505 15.545 15.542 15.488 15.43 15.37
8.755 8.858 8.963 9.063 9.163 9.267 9.337 9.365 9.38 9.392 9.397 9.387 9.372 9.355 9.338 9.325 9.31 9.295 9.277 9.26 9.245 9.23 9.22 9.21 9.2 9.192 9.177 9.153 9.128 9.105 9.113 9.15 9.195 9.24 9.33 9.463 9.585 9.705 9.858 10.053 10.255 10.455 10.66 10.87 11.085 11.295 11.528 11.803 12.085 12.368 12.653 12.935 13.218 13.5 13.765 14.01 14.25 14.485 14.67 14.81 14.95 15.085 15.18 15.24 15.303 15.38 15.448 15.483 15.505 15.532 15.522 15.47 15.415 15.358
8.843 8.938 9.035 9.133 9.228 9.307 9.35 9.368 9.383 9.398 9.407 9.402 9.387 9.37 9.353 9.34 9.327 9.31 9.295 9.282 9.267 9.255 9.247 9.24 9.23 9.22 9.202 9.178 9.155 9.145 9.165 9.205 9.248 9.293 9.383 9.513 9.638 9.763 9.923 10.123 10.325 10.525 10.735 10.955 11.178 11.4 11.65 11.933 12.215 12.493 12.773 13.058 13.34 13.628 13.888 14.115 14.348 14.577 14.752 14.885 15.028 15.165 15.257 15.313 15.37 15.433 15.485 15.52 15.542 15.55 15.53 15.485 15.433 15.38
8.955 9.052 9.148 9.245 9.322 9.355 9.365 9.38 9.4 9.415 9.42 9.412 9.4 9.385 9.368 9.355 9.34 9.313 9.295 9.29 9.28 9.27 9.265 9.262 9.255 9.247 9.23 9.205 9.195 9.205 9.235 9.275 9.318 9.37 9.473 9.615 9.75 9.88 10.045 10.245 10.445 10.645 10.86 11.092 11.32 11.543 11.795 12.077 12.357 12.632 12.91 13.195 13.485 13.777 14.04 14.267 14.49 14.707 14.87 14.988 15.123 15.262 15.355 15.403 15.453 15.51 15.56 15.587 15.592 15.58 15.555 15.52 15.477 15.43
9.065 9.165 9.262 9.34 9.375 9.38 9.38 9.39 9.412 9.43 9.43 9.42 9.41 9.398 9.382 9.367 9.342 9.305 9.285 9.285 9.282 9.275 9.273 9.275 9.275 9.272 9.258 9.245 9.255 9.275 9.305 9.35 9.403 9.465 9.573 9.722 9.872 10.01 10.175 10.375 10.575 10.775 10.993 11.227 11.457 11.685 11.94 12.217 12.493 12.768 13.048 13.338 13.635 13.932 14.195 14.42 14.635 14.845 15.002 15.11 15.228 15.36 15.455 15.5 15.543 15.592 15.63 15.635 15.622 15.605 15.58 15.547 15.512 15.472
9.172 9.277 9.357 9.395 9.397 9.395 9.395 9.4 9.42 9.445 9.447 9.435 9.425 9.412 9.395 9.37 9.338 9.3 9.278 9.278 9.28 9.278 9.28 9.285 9.29 9.295 9.293 9.302 9.325 9.345 9.38 9.435 9.497 9.563 9.665 9.815 9.975 10.127 10.3 10.5 10.7 10.902 11.122 11.355 11.587 11.82 12.078 12.355 12.628 12.903 13.188 13.485 13.785 14.085 14.342 14.555 14.767 14.977 15.132 15.237 15.345 15.462 15.55 15.592 15.63 15.672 15.687 15.668 15.648 15.63 15.605 15.572 15.537 15.502
9.247 9.357 9.407 9.415 9.412 9.407 9.405 9.41 9.435 9.467 9.472 9.458 9.445 9.43 9.41 9.383 9.348 9.31 9.285 9.283 9.285 9.285 9.293 9.303 9.31 9.317 9.32 9.332 9.357 9.382 9.432 9.5 9.565 9.63 9.738 9.892 10.05 10.207 10.387 10.59 10.792 11.01 11.24 11.47 11.702 11.938 12.205 12.492 12.765 13.04 13.323 13.615 13.915 14.215 14.457 14.652 14.862 15.07 15.225 15.332 15.44 15.55 15.627 15.667 15.705 15.742 15.745 15.715 15.688 15.663 15.63 15.593 15.557 15.525
9.267 9.375 9.417 9.42 9.42 9.417 9.415 9.425 9.458 9.492 9.497 9.482 9.467 9.45 9.427 9.402 9.372 9.335 9.308 9.298 9.295 9.295 9.305 9.325 9.337 9.342 9.34 9.338 9.353 9.383 9.445 9.525 9.595 9.663 9.78 9.947 10.11 10.265 10.445 10.653 10.87 11.108 11.345 11.578 11.81 12.045 12.32 12.622 12.907 13.182 13.455 13.735 14.03 14.325 14.555 14.733 14.928 15.13 15.285 15.395 15.505 15.617 15.692 15.73 15.77 15.805 15.805 15.775 15.75 15.73 15.688 15.623 15.575 15.545
9.255 9.362 9.412 9.417 9.42 9.42 9.425 9.448 9.485 9.517 9.52 9.502 9.485 9.465 9.442 9.417 9.392 9.362 9.335 9.32 9.31 9.308 9.32 9.342 9.36 9.37 9.37 9.358 9.355 9.38 9.445 9.532 9.612 9.685 9.81 9.99 10.162 10.323 10.505 10.725 10.965 11.212 11.45 11.685 11.92 12.155 12.428 12.735 13.037 13.322 13.597 13.872 14.153 14.435 14.66 14.83 15.008 15.195 15.345 15.458 15.57 15.682 15.757 15.793 15.83 15.867 15.87 15.845 15.833 15.825 15.78 15.695 15.623 15.57
9.235 9.35 9.41 9.413 9.418 9.425 9.443 9.475 9.512 9.54 9.54 9.52 9.5 9.48 9.457 9.432 9.407 9.38 9.357 9.342 9.327 9.32 9.327 9.347 9.37 9.39 9.392 9.377 9.367 9.38 9.443 9.535 9.622 9.708 9.843 10.025 10.202 10.378 10.58 10.817 11.062 11.31 11.555 11.795 12.03 12.265 12.535 12.84 13.147 13.445 13.727 14 14.272 14.542 14.76 14.93 15.1 15.27 15.41 15.525 15.64 15.747 15.82 15.857 15.892 15.93 15.942 15.932 15.927 15.92 15.877 15.797 15.71 15.622
9.243 9.365 9.425 9.42 9.425 9.438 9.463 9.497 9.53 9.552 9.55 9.53 9.51 9.49 9.465 9.437 9.41 9.38 9.36 9.347 9.335 9.322 9.313 9.323 9.345 9.37 9.375 9.36 9.352 9.36 9.418 9.51 9.602 9.705 9.85 10.03 10.21 10.408 10.642 10.892 11.135 11.38 11.642 11.905 12.147 12.383 12.643 12.938 13.242 13.542 13.82 14.085 14.357 14.622 14.835 15.005 15.172 15.337 15.475 15.59 15.705 15.807 15.87 15.905 15.94 15.975 15.995 15.995 15.992 15.975 15.925 15.847 15.755 15.657
9.28 9.405 9.46 9.445 9.443 9.453 9.478 9.51 9.537 9.555 9.55 9.53 9.513 9.495 9.467 9.433 9.403 9.375 9.355 9.343 9.33 9.317 9.3 9.29 9.298 9.317 9.322 9.313 9.313 9.323 9.375 9.465 9.563 9.675 9.825 10.005 10.198 10.42 10.673 10.932 11.182 11.428 11.705 12.005 12.27 12.508 12.758 13.033 13.328 13.627 13.897 14.15 14.415 14.677 14.89 15.06 15.227 15.392 15.532 15.648 15.762 15.862 15.912 15.938 15.97 16.005 16.025 16.025 16.012 15.97 15.905 15.83 15.745 15.652
9.315 9.445 9.502 9.485 9.47 9.47 9.49 9.517 9.54 9.557 9.555 9.535 9.518 9.5 9.472 9.435 9.4 9.37 9.35 9.338 9.325 9.315 9.3 9.28 9.268 9.27 9.273 9.273 9.28 9.288 9.333 9.425 9.53 9.645 9.798 9.99 10.205 10.443 10.7 10.967 11.227 11.475 11.755 12.077 12.375 12.632 12.885 13.147 13.423 13.712 13.982 14.227 14.48 14.735 14.945 15.115 15.285 15.45 15.59 15.705 15.82 15.917 15.96 15.978 16.003 16.035 16.055 16.042 16 15.932 15.862 15.795 15.722 15.643
9.338 9.48 9.545 9.53 9.51 9.495 9.503 9.525 9.545 9.562 9.56 9.542 9.525 9.505 9.477 9.44 9.4 9.365 9.345 9.335 9.325 9.315 9.3 9.277 9.253 9.238 9.235 9.24 9.25 9.255 9.295 9.39 9.5 9.618 9.785 10.002 10.23 10.467 10.725 10.995 11.262 11.522 11.81 12.132 12.447 12.732 12.992 13.25 13.512 13.785 14.05 14.297 14.542 14.787 14.992 15.16 15.33 15.495 15.635 15.752 15.872 15.967 16.007 16.025 16.045 16.07 16.075 16.032 15.965 15.89 15.818 15.755 15.698 15.64
9.385 9.525 9.585 9.57 9.55 9.53 9.53 9.55 9.567 9.572 9.56 9.542 9.527 9.51 9.48 9.44 9.4 9.363 9.335 9.32 9.31 9.3 9.282 9.257 9.235 9.22 9.208 9.205 9.215 9.223 9.258 9.345 9.455 9.573 9.753 9.987 10.222 10.452 10.697 10.965 11.232 11.515 11.817 12.125 12.435 12.73 12.997 13.255 13.52 13.8 14.067 14.315 14.562 14.805 15.005 15.17 15.337 15.497 15.635 15.755 15.885 15.992 16.042 16.065 16.085 16.105 16.085 16.015 15.938 15.863 15.798 15.748 15.705 15.66
9.47 9.585 9.625 9.61 9.59 9.57 9.57 9.587 9.592 9.577 9.557 9.54 9.523 9.505 9.475 9.437 9.4 9.36 9.325 9.3 9.283 9.268 9.25 9.233 9.22 9.21 9.19 9.173 9.175 9.185 9.218 9.293 9.393 9.505 9.683 9.92 10.152 10.367 10.595 10.852 11.12 11.44 11.767 12.055 12.355 12.652 12.925 13.185 13.465 13.772 14.052 14.298 14.545 14.792 14.995 15.157 15.317 15.47 15.605 15.73 15.877 16.002 16.06 16.09 16.112 16.13 16.1 16.02 15.943 15.87 15.815 15.775 15.735 15.69
9.545 9.632 9.665 9.65 9.63 9.61 9.607 9.612 9.6 9.575 9.553 9.537 9.517 9.492 9.462 9.43 9.395 9.357 9.323 9.29 9.263 9.24 9.228 9.22 9.21 9.2 9.18 9.153 9.14 9.145 9.18 9.25 9.335 9.438 9.61 9.837 10.052 10.255 10.465 10.705 10.998 11.365 11.71 11.99 12.28 12.577 12.855 13.128 13.428 13.745 14.032 14.283 14.53 14.777 14.98 15.138 15.29 15.437 15.575 15.72 15.887 16.015 16.07 16.105 16.135 16.152 16.12 16.043 15.97 15.898 15.84 15.802 15.765 15.722
9.595 9.67 9.707 9.692 9.67 9.65 9.637 9.622 9.597 9.573 9.55 9.53 9.507 9.48 9.45 9.42 9.385 9.35 9.317 9.285 9.255 9.233 9.22 9.21 9.2 9.192 9.175 9.145 9.12 9.113 9.145 9.215 9.295 9.383 9.533 9.74 9.945 10.145 10.345 10.578 10.905 11.305 11.652 11.935 12.218 12.505 12.79 13.088 13.405 13.725 14.02 14.283 14.538 14.787 14.985 15.13 15.273 15.413 15.558 15.725 15.902 16.027 16.08 16.112 16.147 16.17 16.137 16.065 15.992 15.917 15.857 15.817 15.78 15.74
9.622 9.7 9.74 9.725 9.7 9.677 9.652 9.625 9.595 9.568 9.545 9.52 9.495 9.47 9.44 9.41 9.377 9.343 9.31 9.28 9.253 9.235 9.22 9.205 9.193 9.185 9.17 9.14 9.11 9.088 9.113 9.195 9.3 9.408 9.565 9.773 9.975 10.178 10.38 10.608 10.92 11.298 11.643 11.943 12.238 12.533 12.815 13.11 13.435 13.76 14.055 14.318 14.578 14.832 15.025 15.16 15.295 15.43 15.58 15.755 15.922 16.03 16.075 16.105 16.137 16.16 16.127 16.055 15.982 15.912 15.85 15.795 15.75 15.712
9.633 9.71 9.747 9.735 9.712 9.685 9.655 9.625 9.598 9.573 9.54 9.505 9.477 9.45 9.425 9.4 9.37 9.337 9.305 9.275 9.253 9.238 9.223 9.208 9.193 9.185 9.175 9.153 9.13 9.11 9.15 9.263 9.395 9.53 9.715 9.947 10.16 10.363 10.57 10.8 11.073 11.398 11.74 12.065 12.38 12.687 12.958 13.215 13.515 13.837 14.127 14.378 14.633 14.887 15.077 15.21 15.345 15.48 15.63 15.797 15.932 16.01 16.052 16.082 16.107 16.125 16.092 16.02 15.953 15.89 15.825 15.755 15.698 15.657
9.64 9.707 9.74 9.73 9.712 9.687 9.66 9.63 9.605 9.585 9.547 9.495 9.453 9.423 9.402 9.382 9.357 9.33 9.3 9.275 9.258 9.245 9.243 9.243 9.243 9.25 9.248 9.228 9.21 9.21 9.28 9.413 9.547 9.68 9.868 10.115 10.35 10.56 10.778 11.022 11.28 11.568 11.895 12.232 12.56 12.867 13.132 13.37 13.625 13.92 14.205 14.45 14.695 14.942 15.13 15.26 15.392 15.525 15.675 15.817 15.915 15.982 16.027 16.055 16.073 16.087 16.06 15.993 15.93 15.872 15.807 15.73 15.658 15.603
9.655 9.707 9.73 9.72 9.707 9.69 9.667 9.642 9.62 9.6 9.565 9.505 9.443 9.4 9.378 9.36 9.34 9.318 9.303 9.3 9.3 9.305 9.32 9.335 9.35 9.37 9.372 9.35 9.328 9.343 9.43 9.562 9.692 9.823 10.015 10.265 10.512 10.747 10.98 11.22 11.465 11.72 12.023 12.367 12.71 13.03 13.3 13.537 13.772 14.028 14.285 14.525 14.765 15 15.18 15.31 15.44 15.57 15.703 15.81 15.895 15.968 16.003 16.02 16.038 16.053 16.027 15.968 15.91 15.855 15.79 15.71 15.63 15.558
9.66 9.707 9.722 9.71 9.7 9.69 9.667 9.64 9.62 9.6 9.567 9.51 9.44 9.38 9.35 9.335 9.315 9.3 9.307 9.327 9.345 9.365 9.382 9.397 9.415 9.427 9.437 9.437 9.417 9.43 9.517 9.645 9.775 9.928 10.135 10.38 10.63 10.88 11.12 11.35 11.582 11.82 12.115 12.465 12.807 13.127 13.412 13.662 13.897 14.135 14.373 14.608 14.842 15.065 15.255 15.407 15.538 15.665 15.78 15.875 15.958 16.013 16.03 16.038 16.05 16.053 16.02 15.965 15.91 15.853 15.778 15.69 15.61 15.533
9.642 9.7 9.717 9.705 9.698 9.692 9.662 9.62 9.595 9.575 9.545 9.492 9.425 9.36 9.323 9.305 9.288 9.28 9.295 9.325 9.352 9.375 9.39 9.402 9.415 9.418 9.433 9.46 9.465 9.47 9.543 9.673 9.825 10.015 10.238 10.478 10.723 10.972 11.212 11.44 11.67 11.903 12.195 12.542 12.865 13.162 13.462 13.745 13.992 14.23 14.467 14.697 14.915 15.12 15.325 15.52 15.682 15.817 15.93 16.017 16.072 16.1 16.112 16.117 16.115 16.097 16.055 15.998 15.94 15.88 15.785 15.678 15.595 15.52
9.623 9.69 9.715 9.708 9.702 9.697 9.665 9.61 9.568 9.54 9.51 9.46 9.4 9.338 9.295 9.278 9.268 9.263 9.278 9.315 9.35 9.377 9.395 9.402 9.403 9.403 9.42 9.455 9.487 9.503 9.573 9.725 9.91 10.118 10.343 10.58 10.82 11.067 11.305 11.53 11.76 11.99 12.278 12.605 12.902 13.19 13.495 13.805 14.08 14.325 14.555 14.767 14.967 15.163 15.368 15.582 15.787 15.962 16.077 16.132 16.16 16.18 16.195 16.195 16.177 16.15 16.105 16.045 15.983 15.92 15.82 15.688 15.583 15.51
