EGM722_Project_Data/DTM_tif/TL4456.asc
ncols         200
nrows         200
xllcorner     544000.000
yllcorner     256000.000
cellsize      5
NODATA_value  -9999.0
[rows 165 to 197 of 200, columns 0 to 73 of 200]
9.61 9.68 9.715 9.712 9.707 9.702 9.67 9.612 9.557 9.513 9.472 9.42 9.365 9.31 9.273 9.26 9.255 9.25 9.265 9.305 9.343 9.377 9.397 9.397 9.39 9.39 9.41 9.448 9.493 9.528 9.623 9.808 10.01 10.22 10.445 10.68 10.917 11.155 11.39 11.62 11.85 12.08 12.35 12.645 12.928 13.215 13.52 13.84 14.145 14.405 14.62 14.817 15.012 15.205 15.41 15.622 15.83 16.03 16.15 16.19 16.22 16.247 16.265 16.257 16.23 16.197 16.152 16.092 16.025 15.96 15.865 15.722 15.583 15.5
9.595 9.657 9.687 9.687 9.682 9.675 9.642 9.59 9.535 9.485 9.442 9.393 9.34 9.288 9.258 9.25 9.245 9.24 9.258 9.3 9.34 9.38 9.4 9.395 9.385 9.395 9.43 9.475 9.525 9.573 9.693 9.895 10.09 10.277 10.485 10.712 10.947 11.18 11.425 11.672 11.905 12.135 12.393 12.675 12.955 13.24 13.545 13.865 14.177 14.445 14.655 14.85 15.045 15.242 15.435 15.625 15.825 16.022 16.142 16.185 16.225 16.265 16.287 16.277 16.252 16.225 16.182 16.117 16.045 15.977 15.877 15.735 15.595 15.51
9.57 9.61 9.625 9.625 9.62 9.61 9.582 9.532 9.483 9.448 9.415 9.375 9.327 9.273 9.245 9.242 9.238 9.233 9.255 9.302 9.345 9.385 9.405 9.4 9.4 9.428 9.477 9.532 9.583 9.638 9.77 9.962 10.127 10.283 10.47 10.685 10.915 11.15 11.408 11.68 11.925 12.155 12.415 12.702 12.985 13.27 13.575 13.89 14.185 14.45 14.672 14.868 15.068 15.282 15.462 15.613 15.795 15.995 16.115 16.155 16.198 16.247 16.272 16.26 16.24 16.22 16.18 16.112 16.04 15.97 15.865 15.728 15.615 15.543
9.52 9.545 9.555 9.552 9.547 9.54 9.515 9.473 9.438 9.415 9.387 9.352 9.31 9.263 9.238 9.235 9.232 9.23 9.255 9.305 9.352 9.395 9.415 9.418 9.435 9.468 9.518 9.58 9.635 9.705 9.837 9.997 10.135 10.28 10.465 10.673 10.888 11.12 11.383 11.665 11.932 12.178 12.44 12.73 13.015 13.3 13.602 13.902 14.182 14.452 14.685 14.89 15.108 15.332 15.51 15.64 15.785 15.965 16.085 16.13 16.18 16.235 16.26 16.245 16.223 16.2 16.16 16.095 16.027 15.957 15.853 15.738 15.65 15.578
9.448 9.472 9.485 9.48 9.475 9.47 9.453 9.428 9.405 9.385 9.36 9.325 9.288 9.253 9.233 9.228 9.225 9.228 9.255 9.305 9.352 9.397 9.427 9.447 9.475 9.505 9.552 9.615 9.675 9.75 9.867 10.005 10.135 10.28 10.463 10.668 10.873 11.095 11.355 11.638 11.92 12.19 12.465 12.755 13.042 13.33 13.622 13.908 14.185 14.463 14.71 14.935 15.162 15.385 15.56 15.688 15.813 15.958 16.063 16.115 16.17 16.225 16.247 16.23 16.21 16.193 16.153 16.085 16.015 15.943 15.853 15.765 15.69 15.615
9.393 9.41 9.42 9.418 9.415 9.413 9.41 9.402 9.385 9.365 9.338 9.303 9.27 9.243 9.23 9.228 9.225 9.233 9.258 9.3 9.347 9.395 9.435 9.465 9.492 9.52 9.565 9.625 9.685 9.753 9.86 9.997 10.13 10.28 10.47 10.683 10.89 11.095 11.343 11.628 11.91 12.187 12.472 12.765 13.055 13.342 13.642 13.94 14.22 14.5 14.76 14.995 15.22 15.437 15.612 15.74 15.865 15.995 16.085 16.138 16.19 16.232 16.247 16.235 16.22 16.21 16.17 16.1 16.025 15.958 15.878 15.79 15.717 15.645
9.368 9.373 9.375 9.373 9.37 9.37 9.375 9.377 9.367 9.35 9.322 9.29 9.263 9.24 9.23 9.23 9.235 9.25 9.27 9.3 9.343 9.39 9.43 9.46 9.487 9.515 9.56 9.62 9.68 9.743 9.843 9.978 10.128 10.31 10.52 10.735 10.93 11.113 11.348 11.63 11.905 12.175 12.46 12.757 13.05 13.338 13.652 13.98 14.28 14.565 14.822 15.055 15.282 15.497 15.667 15.797 15.925 16.055 16.145 16.195 16.232 16.247 16.255 16.257 16.25 16.24 16.2 16.13 16.063 16.01 15.925 15.813 15.73 15.657
9.345 9.347 9.347 9.34 9.335 9.335 9.338 9.342 9.342 9.332 9.31 9.283 9.26 9.243 9.235 9.24 9.255 9.273 9.293 9.318 9.345 9.383 9.42 9.45 9.48 9.51 9.555 9.615 9.675 9.735 9.825 9.97 10.16 10.375 10.59 10.785 10.957 11.128 11.353 11.625 11.892 12.158 12.443 12.745 13.042 13.335 13.65 13.99 14.32 14.625 14.885 15.115 15.345 15.557 15.72 15.852 15.985 16.115 16.205 16.242 16.252 16.248 16.253 16.265 16.272 16.27 16.23 16.168 16.115 16.07 15.987 15.86 15.748 15.663
9.32 9.323 9.32 9.31 9.303 9.3 9.3 9.308 9.318 9.32 9.31 9.29 9.27 9.253 9.248 9.26 9.28 9.298 9.318 9.34 9.363 9.393 9.423 9.45 9.48 9.508 9.553 9.618 9.68 9.743 9.838 10.008 10.225 10.442 10.64 10.81 10.975 11.145 11.358 11.615 11.878 12.143 12.428 12.73 13.033 13.333 13.65 13.99 14.332 14.662 14.937 15.172 15.405 15.615 15.775 15.907 16.04 16.17 16.25 16.262 16.258 16.25 16.253 16.268 16.283 16.292 16.267 16.22 16.175 16.127 16.045 15.917 15.788 15.68
9.315 9.313 9.305 9.295 9.285 9.285 9.295 9.31 9.325 9.335 9.34 9.333 9.315 9.295 9.29 9.305 9.325 9.348 9.365 9.38 9.405 9.433 9.458 9.485 9.513 9.53 9.575 9.65 9.718 9.783 9.888 10.068 10.285 10.5 10.68 10.835 11 11.168 11.375 11.628 11.885 12.148 12.43 12.733 13.038 13.343 13.665 14.005 14.347 14.68 14.96 15.2 15.435 15.642 15.8 15.93 16.06 16.197 16.277 16.28 16.275 16.27 16.27 16.285 16.3 16.312 16.292 16.242 16.197 16.15 16.065 15.94 15.812 15.7
9.327 9.32 9.31 9.3 9.295 9.305 9.325 9.347 9.365 9.375 9.385 9.387 9.377 9.36 9.358 9.375 9.4 9.43 9.445 9.45 9.468 9.49 9.515 9.542 9.56 9.565 9.61 9.695 9.77 9.838 9.945 10.125 10.338 10.55 10.725 10.87 11.03 11.195 11.405 11.662 11.918 12.173 12.453 12.757 13.063 13.37 13.695 14.035 14.367 14.685 14.957 15.195 15.427 15.635 15.792 15.923 16.063 16.212 16.297 16.305 16.305 16.3 16.3 16.315 16.33 16.337 16.305 16.238 16.183 16.137 16.055 15.93 15.818 15.725
9.335 9.327 9.32 9.315 9.32 9.335 9.355 9.38 9.402 9.415 9.425 9.43 9.43 9.422 9.427 9.452 9.485 9.52 9.535 9.535 9.538 9.55 9.572 9.59 9.595 9.595 9.638 9.727 9.815 9.89 10.003 10.185 10.395 10.602 10.777 10.92 11.068 11.228 11.438 11.695 11.95 12.2 12.478 12.783 13.09 13.4 13.725 14.057 14.375 14.682 14.952 15.185 15.407 15.62 15.787 15.928 16.085 16.235 16.31 16.32 16.33 16.332 16.335 16.345 16.355 16.36 16.325 16.25 16.18 16.127 16.045 15.933 15.845 15.767
9.34 9.333 9.333 9.34 9.35 9.365 9.385 9.41 9.435 9.455 9.467 9.47 9.47 9.465 9.477 9.512 9.55 9.59 9.61 9.61 9.607 9.61 9.622 9.63 9.628 9.625 9.665 9.753 9.848 9.935 10.055 10.243 10.455 10.66 10.832 10.975 11.115 11.265 11.473 11.728 11.98 12.23 12.508 12.815 13.125 13.435 13.753 14.068 14.375 14.68 14.945 15.17 15.388 15.605 15.79 15.948 16.112 16.257 16.325 16.338 16.353 16.363 16.37 16.375 16.378 16.38 16.345 16.27 16.195 16.128 16.048 15.96 15.885 15.81
9.36 9.35 9.353 9.367 9.38 9.39 9.398 9.415 9.442 9.47 9.485 9.482 9.477 9.47 9.485 9.525 9.567 9.62 9.647 9.645 9.645 9.645 9.66 9.677 9.678 9.675 9.713 9.798 9.893 9.98 10.1 10.285 10.495 10.7 10.875 11.02 11.16 11.305 11.51 11.765 12.015 12.265 12.545 12.858 13.17 13.48 13.795 14.108 14.413 14.71 14.96 15.175 15.395 15.615 15.81 15.975 16.14 16.287 16.365 16.388 16.4 16.41 16.42 16.425 16.425 16.41 16.362 16.292 16.218 16.143 16.068 15.992 15.92 15.85
9.393 9.38 9.38 9.392 9.402 9.407 9.405 9.405 9.42 9.445 9.462 9.465 9.462 9.455 9.47 9.513 9.565 9.63 9.662 9.66 9.66 9.658 9.68 9.72 9.74 9.745 9.78 9.865 9.952 10.025 10.14 10.318 10.52 10.725 10.905 11.06 11.205 11.35 11.553 11.805 12.055 12.305 12.585 12.902 13.22 13.53 13.852 14.177 14.487 14.775 15.007 15.213 15.43 15.65 15.842 16.005 16.17 16.317 16.407 16.45 16.47 16.483 16.492 16.495 16.48 16.435 16.375 16.312 16.242 16.167 16.093 16.02 15.955 15.897
9.433 9.413 9.408 9.415 9.42 9.422 9.42 9.41 9.408 9.415 9.428 9.438 9.44 9.438 9.458 9.51 9.575 9.642 9.675 9.675 9.675 9.673 9.695 9.742 9.782 9.805 9.848 9.925 9.997 10.063 10.18 10.36 10.555 10.755 10.932 11.09 11.245 11.395 11.595 11.845 12.095 12.348 12.628 12.945 13.267 13.583 13.908 14.237 14.56 14.847 15.07 15.265 15.47 15.685 15.875 16.035 16.197 16.34 16.43 16.487 16.53 16.555 16.565 16.55 16.505 16.445 16.385 16.325 16.262 16.192 16.123 16.06 16.005 15.955
9.467 9.438 9.425 9.43 9.435 9.437 9.435 9.425 9.42 9.415 9.415 9.423 9.428 9.43 9.46 9.523 9.59 9.655 9.685 9.685 9.685 9.685 9.71 9.758 9.805 9.85 9.905 9.97 10.033 10.098 10.223 10.407 10.595 10.785 10.957 11.115 11.275 11.43 11.633 11.885 12.135 12.39 12.668 12.98 13.307 13.632 13.96 14.292 14.625 14.915 15.135 15.325 15.52 15.722 15.905 16.065 16.225 16.365 16.455 16.512 16.565 16.612 16.62 16.577 16.52 16.46 16.398 16.335 16.275 16.212 16.155 16.107 16.062 16.015
9.482 9.448 9.433 9.437 9.443 9.45 9.452 9.447 9.442 9.435 9.433 9.438 9.443 9.445 9.48 9.545 9.61 9.667 9.69 9.69 9.69 9.698 9.735 9.793 9.845 9.9 9.958 10.015 10.075 10.14 10.265 10.445 10.627 10.807 10.965 11.112 11.27 11.425 11.64 11.905 12.155 12.41 12.693 13.01 13.337 13.665 13.997 14.335 14.667 14.957 15.187 15.385 15.577 15.77 15.945 16.105 16.257 16.382 16.462 16.515 16.57 16.647 16.665 16.61 16.555 16.495 16.425 16.35 16.285 16.225 16.175 16.135 16.095 16.052
9.488 9.453 9.438 9.443 9.45 9.46 9.465 9.467 9.465 9.458 9.458 9.462 9.467 9.473 9.51 9.575 9.632 9.675 9.692 9.695 9.698 9.715 9.77 9.845 9.905 9.96 10.015 10.07 10.13 10.198 10.313 10.475 10.65 10.825 10.967 11.09 11.233 11.385 11.608 11.892 12.155 12.41 12.703 13.032 13.362 13.69 14.023 14.357 14.68 14.965 15.207 15.425 15.63 15.825 16 16.145 16.267 16.372 16.445 16.503 16.585 16.687 16.712 16.66 16.607 16.55 16.47 16.373 16.295 16.238 16.19 16.15 16.108 16.065
9.5 9.458 9.443 9.45 9.457 9.465 9.472 9.48 9.485 9.483 9.483 9.488 9.493 9.5 9.54 9.597 9.64 9.675 9.695 9.703 9.71 9.735 9.798 9.882 9.957 10.017 10.073 10.13 10.193 10.265 10.373 10.515 10.675 10.842 10.98 11.09 11.213 11.353 11.568 11.86 12.145 12.41 12.708 13.045 13.385 13.717 14.047 14.37 14.672 14.955 15.205 15.435 15.66 15.87 16.035 16.15 16.25 16.35 16.433 16.518 16.635 16.742 16.76 16.71 16.66 16.605 16.52 16.405 16.31 16.25 16.205 16.165 16.122 16.08
9.525 9.47 9.45 9.458 9.463 9.47 9.48 9.49 9.5 9.505 9.508 9.513 9.52 9.53 9.563 9.605 9.64 9.678 9.703 9.715 9.725 9.755 9.823 9.907 9.992 10.067 10.13 10.192 10.257 10.333 10.44 10.575 10.72 10.865 10.992 11.105 11.22 11.343 11.545 11.833 12.125 12.408 12.715 13.055 13.4 13.74 14.065 14.37 14.66 14.945 15.2 15.43 15.66 15.885 16.042 16.14 16.24 16.348 16.45 16.56 16.687 16.79 16.805 16.755 16.705 16.652 16.567 16.448 16.335 16.263 16.217 16.175 16.135 16.095
9.583 9.523 9.493 9.493 9.498 9.505 9.518 9.53 9.543 9.555 9.56 9.563 9.568 9.575 9.595 9.628 9.665 9.705 9.733 9.745 9.755 9.78 9.845 9.93 10.012 10.087 10.155 10.227 10.3 10.377 10.48 10.605 10.735 10.865 11 11.127 11.243 11.358 11.553 11.833 12.12 12.41 12.725 13.065 13.41 13.757 14.077 14.373 14.665 14.95 15.197 15.418 15.645 15.875 16.042 16.145 16.248 16.385 16.507 16.603 16.722 16.825 16.84 16.792 16.745 16.692 16.607 16.488 16.37 16.28 16.223 16.18 16.137 16.095
9.675 9.62 9.583 9.568 9.565 9.57 9.585 9.603 9.62 9.635 9.64 9.64 9.643 9.65 9.663 9.683 9.713 9.75 9.777 9.787 9.793 9.808 9.865 9.95 10.022 10.078 10.14 10.22 10.305 10.392 10.48 10.58 10.695 10.825 10.98 11.137 11.265 11.383 11.58 11.853 12.133 12.42 12.735 13.075 13.42 13.77 14.092 14.39 14.685 14.97 15.21 15.415 15.633 15.86 16.04 16.155 16.28 16.457 16.587 16.653 16.75 16.852 16.87 16.825 16.78 16.727 16.645 16.53 16.42 16.32 16.235 16.175 16.128 16.085
9.78 9.73 9.69 9.663 9.645 9.645 9.66 9.68 9.7 9.715 9.722 9.725 9.73 9.74 9.75 9.758 9.77 9.798 9.822 9.827 9.825 9.833 9.885 9.96 10.015 10.063 10.123 10.205 10.303 10.402 10.483 10.558 10.653 10.775 10.935 11.112 11.272 11.41 11.61 11.88 12.153 12.433 12.745 13.087 13.435 13.782 14.107 14.41 14.705 14.992 15.235 15.435 15.638 15.852 16.04 16.183 16.35 16.547 16.672 16.728 16.795 16.88 16.9 16.855 16.813 16.762 16.687 16.587 16.485 16.382 16.28 16.19 16.123 16.05
9.887 9.835 9.795 9.765 9.74 9.727 9.735 9.755 9.775 9.79 9.797 9.802 9.807 9.815 9.825 9.832 9.837 9.847 9.857 9.857 9.855 9.858 9.895 9.95 9.995 10.045 10.11 10.203 10.31 10.417 10.5 10.565 10.638 10.738 10.893 11.075 11.255 11.423 11.633 11.9 12.167 12.438 12.745 13.092 13.445 13.792 14.12 14.425 14.722 15.015 15.26 15.46 15.658 15.86 16.058 16.245 16.445 16.64 16.757 16.812 16.868 16.925 16.935 16.895 16.855 16.797 16.72 16.632 16.537 16.44 16.34 16.24 16.147 16.027
9.96 9.915 9.877 9.842 9.812 9.787 9.785 9.805 9.82 9.822 9.822 9.827 9.835 9.85 9.865 9.875 9.88 9.875 9.87 9.87 9.87 9.88 9.913 9.955 9.998 10.043 10.115 10.223 10.335 10.435 10.522 10.6 10.665 10.75 10.898 11.08 11.255 11.415 11.623 11.89 12.155 12.418 12.718 13.065 13.42 13.777 14.112 14.415 14.718 15.032 15.302 15.51 15.71 15.91 16.115 16.325 16.537 16.72 16.827 16.885 16.937 16.985 16.987 16.95 16.9 16.825 16.74 16.657 16.57 16.48 16.385 16.285 16.165 16.002
9.998 9.962 9.927 9.89 9.853 9.82 9.815 9.827 9.827 9.815 9.81 9.818 9.833 9.862 9.885 9.895 9.895 9.88 9.87 9.87 9.88 9.91 9.95 9.99 10.03 10.07 10.148 10.262 10.365 10.445 10.535 10.637 10.715 10.798 10.94 11.115 11.27 11.4 11.593 11.857 12.12 12.378 12.67 13.013 13.373 13.745 14.087 14.393 14.715 15.065 15.36 15.58 15.785 15.985 16.193 16.405 16.595 16.742 16.85 16.932 16.995 17.045 17.05 17.002 16.932 16.845 16.76 16.68 16.597 16.51 16.415 16.3 16.137 15.938
10.035 10 9.965 9.93 9.89 9.853 9.835 9.83 9.818 9.803 9.803 9.82 9.845 9.877 9.902 9.91 9.9 9.88 9.87 9.88 9.91 9.953 9.995 10.032 10.068 10.11 10.193 10.295 10.375 10.445 10.535 10.647 10.75 10.843 10.973 11.125 11.255 11.375 11.563 11.82 12.078 12.333 12.623 12.965 13.335 13.715 14.065 14.395 14.753 15.117 15.41 15.637 15.855 16.06 16.267 16.457 16.6 16.72 16.835 16.94 17.03 17.097 17.102 17.04 16.955 16.865 16.78 16.7 16.62 16.535 16.432 16.282 16.082 15.87
10.075 10.04 10.003 9.968 9.933 9.903 9.878 9.853 9.828 9.81 9.818 9.843 9.868 9.895 9.918 9.918 9.9 9.883 9.883 9.913 9.955 10 10.043 10.075 10.105 10.15 10.225 10.305 10.375 10.445 10.533 10.643 10.758 10.87 10.993 11.123 11.245 11.365 11.548 11.795 12.045 12.295 12.58 12.925 13.3 13.677 14.047 14.422 14.805 15.17 15.46 15.69 15.917 16.13 16.312 16.455 16.577 16.7 16.812 16.917 17.022 17.115 17.132 17.065 16.975 16.885 16.8 16.72 16.64 16.545 16.425 16.25 16.03 15.81
10.112 10.08 10.04 10.01 9.99 9.972 9.95 9.918 9.888 9.873 9.883 9.908 9.93 9.955 9.973 9.968 9.95 9.933 9.943 9.985 10.03 10.068 10.1 10.13 10.158 10.198 10.258 10.323 10.385 10.448 10.533 10.648 10.77 10.895 11.018 11.138 11.263 11.388 11.57 11.813 12.058 12.3 12.56 12.873 13.235 13.61 13.995 14.395 14.79 15.145 15.417 15.642 15.875 16.107 16.282 16.407 16.535 16.665 16.78 16.882 16.982 17.08 17.112 17.062 16.99 16.907 16.822 16.73 16.627 16.51 16.385 16.23 16.023 15.8
10.145 10.12 10.093 10.073 10.06 10.045 10.02 9.993 9.973 9.965 9.978 10.005 10.03 10.052 10.065 10.06 10.047 10.03 10.043 10.085 10.12 10.147 10.173 10.2 10.23 10.27 10.323 10.38 10.44 10.5 10.575 10.68 10.805 10.935 11.055 11.168 11.29 11.423 11.613 11.857 12.1 12.335 12.573 12.84 13.16 13.52 13.905 14.305 14.68 14.997 15.25 15.485 15.743 16.002 16.195 16.325 16.46 16.607 16.735 16.832 16.927 17.022 17.057 17.022 16.972 16.91 16.817 16.697 16.57 16.44 16.322 16.207 16.037 15.835
10.175 10.155 10.145 10.142 10.132 10.117 10.095 10.073 10.06 10.058 10.072 10.1 10.127 10.145 10.15 10.147 10.14 10.127 10.14 10.175 10.2 10.222 10.247 10.278 10.315 10.357 10.408 10.468 10.535 10.602 10.668 10.745 10.85 10.975 11.092 11.2 11.318 11.458 11.658 11.897 12.132 12.363 12.598 12.853 13.13 13.448 13.818 14.19 14.51 14.815 15.09 15.345 15.625 15.9 16.1 16.233 16.38 16.545 16.68 16.775 16.87 16.965 17 16.975 16.947 16.907 16.797 16.64 16.5 16.368 16.253 16.155 16.027 15.873
10.21 10.19 10.182 10.19 10.192 10.185 10.17 10.155 10.145 10.14 10.145 10.155 10.167 10.172 10.172 10.177 10.177 10.177 10.2 10.235 10.26 10.282 10.312 10.35 10.39 10.43 10.487 10.562 10.635 10.705 10.77 10.835 10.915 11.018 11.127 11.235 11.348 11.493 11.698 11.93 12.16 12.388 12.623 12.878 13.14 13.415 13.743 14.093 14.423 14.768 15.078 15.315 15.54 15.795 16.007 16.155 16.32 16.497 16.627 16.715 16.807 16.902 16.947 16.94 16.932 16.91 16.797 16.618 16.45 16.3 16.183 16.085 15.99 15.895
