EGM722_Project_Data/DTM_tif/TL4457.asc
ncols         200
nrows         200
xllcorner     544000.000
yllcorner     257000.000
cellsize      5
NODATA_value  -9999.0
[rows 34 to 67 of 200, columns 77 to 153 of 200]
10.082 10.047 9.98 9.91 9.84 9.76 9.635 9.465 9.285 9.105 8.925 8.765 8.622 8.482 8.373 8.3 8.28 8.298 8.315 8.297 8.152 7.875 7.55 7.313 7.218 7.175 7.135 7.095 7.058 7.038 7.018 7.015 7.053 7.115 7.2 7.275 7.337 7.399 6.415 5.386 5.37 5.443 5.785 6.235 6.277 6.093 6.045 6.048 6.055 6.048 5.995 5.915 5.838 5.775 5.738 5.713 5.662 5.578 5.568 5.75 6.282 6.62 6.57 6.57 6.908 7.222 7.19 7.168 7.15 7.19 7.28 7.378 7.452 7.472 7.465 7.455 7.442
10.075 10.05 9.99 9.92 9.847 9.762 9.647 9.502 9.335 9.155 8.965 8.785 8.64 8.513 8.415 8.363 8.352 8.367 8.382 8.395 8.365 8.197 7.855 7.48 7.24 7.145 7.118 7.105 7.095 7.103 7.093 7.065 7.088 7.18 7.31 7.412 7.007 6.495 5.898 5.37 5.37 5.37 5.37 5.793 6.222 6.17 6.08 6.053 6.058 6.06 6.042 5.985 5.895 5.795 5.713 5.668 5.625 5.573 5.593 5.675 5.975 6.535 6.702 6.57 6.912 7.212 7.145 7.105 7.103 7.165 7.268 7.38 7.477 7.517 7.517 7.51 7.492
10.067 10.05 9.995 9.922 9.845 9.757 9.645 9.515 9.372 9.202 9.012 8.823 8.655 8.528 8.448 8.403 8.387 8.4 8.415 8.425 8.44 8.342 8.037 7.642 7.3 7.16 7.175 7.195 7.215 7.23 7.192 7.123 7.14 7.257 7.395 7.06 6.098 5.453 5.37 5.37 5.37 5.37 5.37 5.545 6.015 6.26 6.158 6.083 6.063 6.065 6.065 6.037 5.96 5.853 5.74 5.648 5.588 5.57 5.623 5.733 5.923 6.47 6.73 6.57 6.745 7.055 7.145 7.068 7.07 7.163 7.28 7.402 7.505 7.55 7.557 7.557 7.537
10.062 10.05 9.997 9.92 9.84 9.753 9.64 9.513 9.385 9.237 9.06 8.868 8.68 8.55 8.485 8.435 8.398 8.395 8.41 8.42 8.435 8.32 8.012 7.64 7.318 7.215 7.27 7.315 7.345 7.342 7.28 7.185 7.185 7.292 7.412 6.768 5.718 5.37 5.37 5.37 5.37 5.37 5.37 5.37 5.858 6.305 6.225 6.14 6.083 6.07 6.07 6.062 6.015 5.92 5.805 5.688 5.595 5.615 5.738 5.9 6.105 6.423 6.745 6.715 6.57 6.902 7.185 7.113 7.128 7.21 7.31 7.428 7.535 7.582 7.59 7.597 7.58
10.068 10.057 10.01 9.93 9.85 9.77 9.67 9.548 9.423 9.28 9.105 8.912 8.718 8.575 8.512 8.472 8.425 8.398 8.4 8.41 8.405 8.255 7.942 7.583 7.315 7.268 7.332 7.395 7.447 7.435 7.347 7.255 7.24 7.3 7.382 7.039 6.01 5.37 5.37 5.37 5.37 5.37 5.37 5.37 5.867 6.325 6.245 6.165 6.105 6.085 6.085 6.085 6.07 6.022 5.945 5.848 5.743 5.778 5.96 6.162 6.38 6.6 6.94 6.87 6.57 6.743 7.07 7.24 7.282 7.337 7.403 7.485 7.572 7.617 7.625 7.635 7.622
10.093 10.082 10.035 9.955 9.875 9.805 9.73 9.622 9.497 9.34 9.148 8.955 8.76 8.595 8.518 8.49 8.457 8.42 8.398 8.402 8.357 8.165 7.867 7.525 7.315 7.323 7.385 7.453 7.52 7.502 7.403 7.33 7.315 7.322 7.357 6.777 5.768 5.37 5.37 5.37 5.37 5.37 5.37 5.37 5.867 6.322 6.235 6.165 6.13 6.12 6.12 6.12 6.117 6.107 6.082 6.035 5.97 6.022 6.197 6.375 6.555 6.732 6.965 6.84 6.57 6.57 6.935 7.325 7.377 7.43 7.48 7.535 7.602 7.65 7.667 7.677 7.665
10.125 10.115 10.065 9.985 9.905 9.835 9.777 9.695 9.565 9.39 9.19 8.995 8.8 8.625 8.525 8.49 8.47 8.442 8.413 8.402 8.31 8.077 7.795 7.48 7.328 7.378 7.448 7.53 7.587 7.55 7.447 7.357 7.287 7.245 7.295 6.363 5.371 5.37 5.37 5.37 5.37 5.37 5.37 5.37 5.865 6.31 6.228 6.185 6.168 6.16 6.16 6.16 6.155 6.145 6.132 6.115 6.09 6.13 6.24 6.35 6.46 6.585 6.785 6.895 6.722 6.57 6.755 7.142 7.372 7.425 7.475 7.538 7.615 7.68 7.712 7.715 7.697
10.155 10.145 10.095 10.015 9.935 9.865 9.817 9.757 9.622 9.43 9.233 9.037 8.84 8.665 8.543 8.485 8.465 8.445 8.422 8.4 8.26 7.993 7.715 7.455 7.37 7.445 7.53 7.617 7.65 7.59 7.48 7.355 7.23 7.158 7.232 6.345 5.37 5.37 5.37 5.37 5.37 5.37 5.37 5.37 5.822 6.262 6.238 6.217 6.203 6.198 6.197 6.195 6.192 6.18 6.157 6.132 6.108 6.11 6.158 6.233 6.315 6.41 6.613 6.952 6.857 6.57 6.57 6.945 7.347 7.403 7.463 7.54 7.625 7.702 7.75 7.747 7.725
10.175 10.16 10.105 10.025 9.95 9.893 9.852 9.792 9.672 9.487 9.28 9.08 8.88 8.705 8.563 8.48 8.455 8.438 8.423 8.4 8.237 7.948 7.665 7.468 7.448 7.53 7.62 7.705 7.712 7.627 7.508 7.385 7.288 7.23 7.252 6.375 5.416 5.37 5.37 5.37 5.37 5.37 5.37 5.37 5.575 6.02 6.255 6.24 6.23 6.235 6.238 6.235 6.232 6.207 6.17 6.14 6.115 6.115 6.14 6.198 6.28 6.368 6.553 6.872 6.972 6.73 6.57 6.755 7.145 7.387 7.465 7.545 7.625 7.702 7.76 7.767 7.742
10.185 10.162 10.1 10.025 9.965 9.922 9.872 9.787 9.682 9.547 9.362 9.153 8.937 8.747 8.59 8.488 8.453 8.44 8.432 8.41 8.242 7.948 7.71 7.59 7.57 7.623 7.71 7.787 7.77 7.66 7.548 7.463 7.41 7.378 7.36 6.92 5.928 5.371 5.37 5.37 5.37 5.37 5.37 5.37 5.37 5.825 6.267 6.253 6.258 6.272 6.282 6.285 6.282 6.24 6.18 6.145 6.125 6.128 6.143 6.178 6.245 6.345 6.518 6.787 7.05 6.97 6.678 6.57 6.95 7.37 7.45 7.525 7.597 7.667 7.725 7.752 7.74
10.195 10.165 10.105 10.043 9.995 9.942 9.862 9.762 9.66 9.56 9.435 9.23 8.945 8.698 8.555 8.488 8.465 8.455 8.45 8.42 8.245 8 7.863 7.793 7.745 7.743 7.8 7.857 7.812 7.713 7.64 7.59 7.553 7.525 7.51 7.48 6.932 5.89 5.371 5.37 5.37 5.373 5.375 5.375 5.373 5.825 6.275 6.278 6.29 6.305 6.32 6.33 6.335 6.287 6.2 6.145 6.133 6.14 6.155 6.175 6.22 6.328 6.495 6.707 6.917 7.037 6.817 6.57 6.758 7.157 7.41 7.482 7.547 7.61 7.665 7.712 7.725
10.212 10.175 10.12 10.067 10.015 9.937 9.837 9.735 9.635 9.538 9.44 9.22 8.845 8.578 8.503 8.488 8.483 8.475 8.47 8.43 8.29 8.148 8.067 7.995 7.945 7.915 7.918 7.927 7.88 7.82 7.778 7.735 7.698 7.673 7.65 7.562 7.46 6.927 6.43 5.903 5.373 5.381 5.388 5.393 5.64 6.1 6.32 6.328 6.333 6.34 6.353 6.368 6.377 6.342 6.25 6.165 6.14 6.152 6.167 6.183 6.208 6.298 6.442 6.58 6.725 6.925 6.975 6.738 6.57 6.95 7.367 7.435 7.492 7.55 7.605 7.66 7.697
10.24 10.195 10.142 10.085 10.01 9.915 9.813 9.71 9.61 9.515 9.41 9.145 8.773 8.583 8.558 8.548 8.538 8.528 8.518 8.482 8.412 8.34 8.265 8.19 8.138 8.105 8.078 8.045 8.003 7.96 7.92 7.88 7.843 7.817 7.752 7.592 7.443 7.425 7.464 6.98 6.478 6.397 5.878 5.776 6.285 6.43 6.41 6.41 6.41 6.41 6.415 6.422 6.425 6.397 6.312 6.203 6.15 6.157 6.17 6.182 6.195 6.245 6.325 6.4 6.52 6.738 7.015 6.862 6.57 6.755 7.145 7.38 7.435 7.49 7.545 7.595 7.635
10.265 10.217 10.162 10.085 9.99 9.89 9.79 9.69 9.593 9.497 9.36 9.065 8.79 8.705 8.68 8.66 8.645 8.632 8.6 8.547 8.517 8.502 8.452 8.378 8.32 8.285 8.25 8.205 8.155 8.108 8.065 8.025 7.99 7.932 7.795 7.598 7.428 7.383 7.453 7.585 7.654 7.514 6.882 6.645 6.757 6.555 6.51 6.51 6.505 6.495 6.487 6.48 6.467 6.435 6.35 6.233 6.16 6.15 6.16 6.17 6.178 6.19 6.203 6.248 6.363 6.568 6.84 6.935 6.73 6.57 6.758 7.145 7.372 7.427 7.477 7.512 7.533
10.285 10.24 10.17 10.07 9.97 9.87 9.77 9.67 9.575 9.48 9.3 9.033 8.878 8.843 8.81 8.785 8.767 8.742 8.67 8.583 8.555 8.58 8.597 8.56 8.5 8.457 8.415 8.365 8.315 8.262 8.212 8.17 8.115 7.992 7.805 7.603 7.41 7.363 7.513 7.715 7.807 7.71 7.48 7.195 6.89 6.653 6.57 6.57 6.56 6.54 6.525 6.51 6.49 6.457 6.375 6.26 6.17 6.14 6.147 6.155 6.16 6.158 6.155 6.183 6.265 6.42 6.68 6.992 7.037 6.75 6.57 6.755 7.14 7.36 7.392 7.41 7.423
10.305 10.26 10.182 10.07 9.958 9.85 9.75 9.653 9.557 9.46 9.268 9.078 9.013 8.977 8.945 8.915 8.887 8.82 8.708 8.618 8.573 8.59 8.65 8.68 8.662 8.622 8.575 8.525 8.47 8.407 8.347 8.292 8.192 8.02 7.82 7.618 7.42 7.413 7.627 7.725 7.578 7.592 7.55 7.217 6.902 6.65 6.55 6.542 6.535 6.525 6.517 6.51 6.5 6.477 6.405 6.295 6.19 6.135 6.13 6.133 6.135 6.14 6.16 6.19 6.235 6.343 6.585 6.882 7.12 6.897 6.57 6.558 6.725 7.11 7.315 7.315 7.32
10.315 10.28 10.207 10.092 9.968 9.85 9.738 9.635 9.54 9.432 9.288 9.185 9.15 9.11 9.065 9.015 8.96 8.852 8.733 8.655 8.595 8.595 8.65 8.707 8.732 8.717 8.675 8.615 8.55 8.482 8.417 8.352 8.24 8.057 7.855 7.658 7.495 7.533 7.76 7.79 7.363 7.423 7.6 7.195 6.85 6.6 6.49 6.47 6.465 6.465 6.465 6.465 6.47 6.47 6.432 6.345 6.238 6.158 6.13 6.13 6.13 6.135 6.158 6.195 6.233 6.33 6.535 6.777 7.007 6.975 6.673 6.475 6.44 6.668 7.087 7.28 7.275
10.317 10.302 10.23 10.117 9.995 9.872 9.748 9.633 9.525 9.413 9.315 9.25 9.197 9.142 9.082 9.022 8.957 8.86 8.765 8.695 8.63 8.61 8.648 8.695 8.702 8.697 8.685 8.63 8.563 8.498 8.433 8.37 8.277 8.112 7.908 7.738 7.63 7.678 7.865 7.957 7.49 7.245 7.477 7.267 6.845 6.555 6.44 6.408 6.395 6.395 6.395 6.4 6.418 6.437 6.437 6.392 6.302 6.213 6.16 6.145 6.145 6.148 6.16 6.188 6.225 6.33 6.492 6.658 6.867 7.067 6.785 6.628 6.837 6.64 6.66 7.045 7.252
10.31 10.315 10.25 10.142 10.022 9.898 9.775 9.652 9.525 9.403 9.3 9.215 9.14 9.078 9.023 8.97 8.918 8.86 8.8 8.735 8.67 8.628 8.64 8.662 8.635 8.62 8.64 8.627 8.575 8.513 8.45 8.39 8.312 8.165 7.988 7.87 7.788 7.82 7.942 8.01 7.53 7.03 7.34 7.415 6.94 6.583 6.428 6.365 6.333 6.328 6.335 6.353 6.377 6.4 6.412 6.407 6.357 6.28 6.213 6.17 6.16 6.165 6.175 6.19 6.218 6.313 6.44 6.543 6.7 6.97 6.743 6.83 7.307 7.075 6.635 6.613 6.873
10.287 10.315 10.27 10.165 10.047 9.925 9.802 9.67 9.52 9.375 9.26 9.165 9.088 9.03 8.983 8.935 8.888 8.85 8.81 8.755 8.697 8.645 8.62 8.6 8.558 8.533 8.555 8.59 8.58 8.53 8.47 8.41 8.345 8.235 8.115 8.03 7.945 7.933 7.985 8.025 7.538 7.03 7.417 7.565 7.07 6.685 6.5 6.403 6.315 6.273 6.288 6.312 6.337 6.365 6.385 6.392 6.382 6.34 6.277 6.218 6.185 6.183 6.19 6.2 6.215 6.275 6.368 6.455 6.565 6.8 6.875 6.823 7.087 7.31 7.075 6.63 6.468
10.267 10.307 10.282 10.185 10.072 9.952 9.815 9.66 9.49 9.335 9.22 9.13 9.06 9.005 8.958 8.913 8.873 8.84 8.8 8.75 8.7 8.642 8.575 8.52 8.48 8.445 8.46 8.525 8.562 8.54 8.485 8.425 8.368 8.317 8.26 8.182 8.098 8.045 8.053 8.085 7.565 7.03 7.345 7.55 7.175 6.798 6.63 6.502 6.338 6.238 6.243 6.265 6.288 6.325 6.362 6.375 6.377 6.36 6.315 6.257 6.21 6.198 6.205 6.207 6.203 6.233 6.305 6.387 6.455 6.655 6.987 6.987 6.825 7.065 7.31 7.075 6.625
10.25 10.282 10.267 10.182 10.077 9.952 9.795 9.622 9.448 9.295 9.183 9.103 9.04 8.985 8.935 8.89 8.855 8.825 8.787 8.74 8.685 8.612 8.523 8.445 8.395 8.363 8.385 8.457 8.512 8.522 8.492 8.44 8.388 8.37 8.36 8.315 8.245 8.188 8.185 8.202 7.62 7.033 7.133 7.385 7.27 6.91 6.74 6.552 6.338 6.223 6.208 6.215 6.235 6.275 6.33 6.362 6.367 6.35 6.315 6.27 6.228 6.21 6.207 6.195 6.175 6.188 6.242 6.295 6.345 6.54 6.817 7.03 6.945 6.808 7.082 7.31 7.072
10.218 10.242 10.23 10.155 10.047 9.91 9.747 9.577 9.405 9.255 9.15 9.08 9.02 8.965 8.918 8.875 8.84 8.81 8.775 8.725 8.657 8.577 8.483 8.385 8.315 8.293 8.325 8.39 8.447 8.475 8.477 8.45 8.413 8.403 8.407 8.402 8.372 8.33 8.317 8.312 7.947 7.313 7.03 7.35 7.385 7 6.785 6.533 6.313 6.218 6.19 6.173 6.183 6.225 6.285 6.34 6.36 6.337 6.303 6.268 6.238 6.215 6.195 6.173 6.15 6.143 6.148 6.15 6.208 6.378 6.582 6.765 6.937 6.885 6.835 7.115 7.31
10.203 10.223 10.202 10.125 10.002 9.85 9.69 9.528 9.363 9.218 9.125 9.068 9.015 8.965 8.92 8.88 8.845 8.812 8.767 8.702 8.625 8.542 8.447 8.343 8.25 8.225 8.268 8.328 8.385 8.417 8.433 8.443 8.443 8.443 8.45 8.455 8.455 8.445 8.432 8.402 8.282 7.61 7.03 7.397 7.495 7.07 6.773 6.49 6.288 6.21 6.18 6.153 6.143 6.175 6.24 6.31 6.347 6.333 6.3 6.273 6.248 6.22 6.195 6.173 6.15 6.13 6.105 6.08 6.1 6.2 6.353 6.513 6.67 6.857 6.873 7.035 7.3
10.275 10.265 10.202 10.107 9.97 9.803 9.64 9.48 9.32 9.185 9.11 9.067 9.025 8.982 8.94 8.9 8.862 8.822 8.762 8.68 8.592 8.505 8.418 8.328 8.243 8.215 8.243 8.28 8.328 8.373 8.425 8.478 8.498 8.505 8.515 8.52 8.525 8.53 8.525 8.465 8.327 7.638 7.03 7.215 7.395 7.167 6.793 6.495 6.285 6.205 6.175 6.153 6.138 6.165 6.238 6.313 6.355 6.345 6.315 6.287 6.26 6.233 6.208 6.188 6.173 6.155 6.132 6.103 6.08 6.115 6.22 6.363 6.523 6.69 6.867 7.072 7.237
10.375 10.305 10.205 10.1 9.955 9.778 9.605 9.44 9.28 9.155 9.093 9.057 9.02 8.982 8.947 8.91 8.87 8.827 8.757 8.658 8.56 8.48 8.415 8.35 8.295 8.283 8.3 8.323 8.358 8.428 8.512 8.557 8.57 8.582 8.595 8.6 8.605 8.61 8.582 8.482 8.34 7.937 7.318 7.03 7.302 7.295 6.86 6.558 6.318 6.208 6.18 6.168 6.16 6.193 6.27 6.347 6.382 6.362 6.33 6.3 6.27 6.245 6.223 6.208 6.2 6.182 6.157 6.13 6.105 6.108 6.163 6.285 6.445 6.605 6.768 6.928 7.097
10.41 10.305 10.2 10.092 9.945 9.765 9.583 9.405 9.24 9.125 9.07 9.033 8.998 8.965 8.94 8.912 8.875 8.832 8.752 8.638 8.533 8.46 8.413 8.373 8.353 8.373 8.417 8.46 8.502 8.562 8.612 8.63 8.64 8.655 8.67 8.677 8.685 8.682 8.615 8.488 8.358 8.247 7.615 7.03 7.395 7.422 6.93 6.633 6.37 6.223 6.195 6.192 6.188 6.218 6.297 6.382 6.41 6.38 6.345 6.315 6.285 6.258 6.24 6.235 6.23 6.21 6.183 6.16 6.143 6.128 6.14 6.238 6.392 6.542 6.682 6.797 6.903
10.407 10.302 10.197 10.085 9.935 9.753 9.568 9.385 9.21 9.1 9.055 9.015 8.978 8.945 8.928 8.915 8.885 8.832 8.742 8.625 8.515 8.45 8.423 8.405 8.408 8.442 8.5 8.557 8.6 8.607 8.597 8.6 8.617 8.647 8.677 8.702 8.73 8.725 8.637 8.505 8.385 8.285 7.635 7.03 7.235 7.325 7.028 6.708 6.44 6.26 6.213 6.215 6.213 6.238 6.315 6.405 6.43 6.397 6.365 6.332 6.3 6.275 6.265 6.265 6.257 6.24 6.22 6.205 6.195 6.175 6.153 6.205 6.332 6.457 6.57 6.67 6.723
10.32 10.257 10.175 10.065 9.922 9.743 9.56 9.38 9.205 9.105 9.073 9.035 8.995 8.958 8.93 8.91 8.885 8.827 8.733 8.628 8.533 8.483 8.47 8.46 8.458 8.488 8.545 8.595 8.61 8.585 8.545 8.518 8.51 8.525 8.56 8.602 8.647 8.695 8.655 8.528 8.418 8.325 7.823 7.198 7.03 7.223 7.167 6.8 6.588 6.46 6.41 6.33 6.25 6.243 6.29 6.372 6.402 6.377 6.35 6.317 6.295 6.287 6.287 6.29 6.287 6.28 6.27 6.26 6.25 6.23 6.198 6.193 6.245 6.335 6.44 6.542 6.59
10.188 10.175 10.112 10.01 9.892 9.735 9.555 9.375 9.213 9.133 9.115 9.085 9.045 9.005 8.968 8.933 8.895 8.84 8.758 8.668 8.588 8.54 8.525 8.515 8.508 8.533 8.587 8.615 8.607 8.58 8.538 8.495 8.455 8.428 8.42 8.435 8.47 8.565 8.625 8.555 8.453 8.36 8.142 7.5 7.03 7.335 7.385 7.06 6.94 6.835 6.697 6.48 6.305 6.255 6.253 6.298 6.335 6.322 6.298 6.28 6.283 6.292 6.297 6.295 6.292 6.3 6.31 6.312 6.305 6.285 6.252 6.215 6.195 6.23 6.315 6.415 6.45
10.102 10.095 10.027 9.928 9.832 9.712 9.55 9.373 9.225 9.16 9.15 9.13 9.097 9.06 9.015 8.962 8.902 8.847 8.792 8.727 8.655 8.605 8.588 8.573 8.56 8.58 8.615 8.615 8.6 8.575 8.532 8.488 8.445 8.405 8.365 8.338 8.33 8.395 8.525 8.562 8.487 8.395 8.305 7.645 7.03 7.26 7.485 7.397 7.235 7.055 6.825 6.565 6.365 6.283 6.255 6.25 6.27 6.27 6.26 6.268 6.285 6.297 6.295 6.28 6.268 6.283 6.315 6.337 6.35 6.342 6.31 6.267 6.22 6.193 6.225 6.297 6.312
10.027 10.017 9.945 9.845 9.755 9.66 9.532 9.375 9.245 9.19 9.18 9.167 9.14 9.092 9.03 8.96 8.89 8.833 8.792 8.752 8.702 8.667 8.65 8.632 8.617 8.62 8.622 8.608 8.592 8.565 8.525 8.483 8.44 8.403 8.368 8.333 8.29 8.278 8.375 8.49 8.497 8.432 8.345 7.733 7.098 7.08 7.365 7.472 7.232 7.022 6.82 6.598 6.423 6.348 6.313 6.28 6.253 6.243 6.253 6.27 6.29 6.297 6.285 6.265 6.248 6.255 6.285 6.315 6.345 6.36 6.34 6.297 6.252 6.21 6.195 6.21 6.213
9.95 9.937 9.865 9.77 9.68 9.593 9.497 9.373 9.255 9.202 9.185 9.165 9.132 9.08 9.015 8.945 8.875 8.818 8.78 8.747 8.712 8.69 8.675 8.66 8.647 8.637 8.625 8.608 8.59 8.563 8.53 8.498 8.463 8.433 8.405 8.375 8.31 8.228 8.23 8.345 8.432 8.42 8.367 8.057 7.405 7.03 7.31 7.41 7.123 6.913 6.728 6.598 6.53 6.49 6.453 6.41 6.285 6.22 6.262 6.28 6.295 6.295 6.28 6.263 6.248 6.24 6.25 6.275 6.305 6.332 6.325 6.287 6.25 6.212 6.185 6.173 6.165
9.875 9.857 9.785 9.695 9.613 9.543 9.472 9.365 9.25 9.185 9.152 9.125 9.09 9.045 8.987 8.92 8.85 8.798 8.767 8.74 8.708 8.683 8.667 8.653 8.643 8.642 8.637 8.62 8.598 8.58 8.567 8.545 8.515 8.488 8.462 8.412 8.307 8.205 8.165 8.21 8.297 8.335 8.325 8.295 7.652 7.03 7.34 7.387 7.018 6.805 6.653 6.643 6.687 6.677 6.642 6.542 6.298 6.203 6.28 6.297 6.305 6.3 6.285 6.27 6.262 6.248 6.233 6.24 6.265 6.295 6.292 6.26 6.225 6.185 6.165 6.167 6.165
