EGM722_Project_Data/DTM_tif/TL4455.asc
ncols         200
nrows         200
xllcorner     544000.000
yllcorner     255000.000
cellsize      5
NODATA_value  -9999.0
[rows 0 to 31 of 200, columns 73 to 145 of 200]
16.128 16.07 16.05 16.017 15.967 15.902 15.815 15.642 15.46 15.357 15.26 15.147 15.03 14.895 14.745 14.615 14.535 14.513 14.52 14.502 14.44 14.393 14.377 14.36 14.34 14.325 14.297 14.237 14.16 14.083 14.007 13.93 13.85 13.788 13.74 13.69 13.635 13.547 13.435 13.322 13.215 13.115 13.018 12.925 12.843 12.78 12.725 12.665 12.605 12.54 12.472 12.405 12.35 12.335 12.34 12.337 12.325 12.3 12.265 12.23 12.195 12.153 12.108 12.068 12.043 12.005 11.93 11.835 11.735 11.665 11.65 11.645 11.623
16.217 16.142 16.097 16.037 15.963 15.888 15.812 15.697 15.57 15.462 15.347 15.232 15.115 14.98 14.828 14.675 14.555 14.515 14.525 14.537 14.525 14.498 14.48 14.46 14.44 14.412 14.357 14.28 14.2 14.12 14.043 13.968 13.893 13.823 13.768 13.722 13.675 13.595 13.485 13.372 13.265 13.168 13.072 12.975 12.883 12.81 12.745 12.678 12.615 12.55 12.488 12.428 12.385 12.38 12.385 12.388 12.387 12.37 12.335 12.3 12.265 12.22 12.172 12.127 12.087 12.032 11.945 11.845 11.745 11.665 11.64 11.648 11.647
16.252 16.18 16.115 16.04 15.965 15.89 15.815 15.737 15.65 15.547 15.432 15.317 15.2 15.065 14.912 14.758 14.63 14.573 14.57 14.585 14.6 14.595 14.575 14.555 14.535 14.492 14.418 14.335 14.258 14.178 14.095 14.018 13.945 13.865 13.795 13.745 13.695 13.617 13.512 13.408 13.31 13.22 13.125 13.028 12.933 12.85 12.78 12.713 12.665 12.618 12.56 12.503 12.46 12.455 12.46 12.465 12.465 12.445 12.413 12.377 12.33 12.275 12.225 12.177 12.135 12.067 11.97 11.87 11.77 11.683 11.65 11.66 11.673
16.24 16.185 16.127 16.06 15.987 15.913 15.838 15.763 15.692 15.615 15.515 15.402 15.285 15.147 14.995 14.863 14.773 14.708 14.67 14.675 14.69 14.682 14.66 14.64 14.62 14.575 14.498 14.418 14.348 14.265 14.17 14.085 14.01 13.923 13.83 13.765 13.715 13.635 13.53 13.435 13.35 13.265 13.172 13.08 12.985 12.903 12.838 12.79 12.773 12.742 12.687 12.623 12.568 12.553 12.557 12.56 12.552 12.53 12.497 12.447 12.372 12.305 12.255 12.21 12.177 12.117 12.018 11.913 11.81 11.725 11.688 11.693 11.708
16.245 16.188 16.13 16.072 16.01 15.937 15.863 15.788 15.715 15.65 15.577 15.482 15.37 15.233 15.1 15.01 14.945 14.87 14.795 14.77 14.777 14.767 14.745 14.725 14.705 14.66 14.588 14.518 14.452 14.365 14.26 14.163 14.077 13.987 13.883 13.795 13.732 13.652 13.555 13.473 13.395 13.31 13.22 13.13 13.038 12.963 12.92 12.903 12.897 12.867 12.807 12.735 12.673 12.65 12.65 12.645 12.635 12.615 12.572 12.497 12.403 12.33 12.285 12.25 12.225 12.17 12.07 11.96 11.855 11.778 11.74 11.733 11.743
16.255 16.195 16.135 16.078 16.02 15.957 15.887 15.81 15.733 15.665 15.607 15.54 15.445 15.338 15.25 15.182 15.117 15.04 14.95 14.885 14.865 14.855 14.835 14.815 14.792 14.75 14.687 14.625 14.557 14.465 14.357 14.25 14.15 14.052 13.947 13.845 13.758 13.678 13.595 13.518 13.443 13.36 13.27 13.18 13.093 13.038 13.025 13.02 13.015 12.985 12.92 12.845 12.775 12.745 12.74 12.727 12.715 12.692 12.632 12.54 12.44 12.37 12.335 12.308 12.283 12.235 12.145 12.033 11.923 11.85 11.82 11.795 11.788
16.265 16.208 16.15 16.09 16.033 15.977 15.907 15.825 15.745 15.675 15.617 15.56 15.51 15.465 15.41 15.352 15.29 15.21 15.122 15.035 14.973 14.943 14.92 14.897 14.872 14.832 14.775 14.712 14.637 14.542 14.435 14.325 14.217 14.113 14.01 13.905 13.805 13.725 13.65 13.573 13.498 13.415 13.325 13.235 13.15 13.108 13.105 13.1 13.087 13.057 13.002 12.935 12.865 12.825 12.815 12.802 12.787 12.767 12.715 12.628 12.53 12.458 12.42 12.393 12.368 12.335 12.272 12.173 12.058 11.985 11.96 11.913 11.87
16.285 16.228 16.173 16.115 16.058 15.997 15.92 15.835 15.755 15.685 15.625 15.583 15.583 15.58 15.54 15.49 15.435 15.36 15.27 15.19 15.128 15.06 15.003 14.973 14.947 14.905 14.842 14.772 14.69 14.595 14.492 14.385 14.275 14.17 14.067 13.963 13.863 13.78 13.71 13.637 13.562 13.48 13.387 13.293 13.205 13.163 13.157 13.145 13.12 13.09 13.05 12.997 12.935 12.89 12.873 12.86 12.847 12.835 12.815 12.76 12.672 12.593 12.535 12.498 12.472 12.445 12.407 12.342 12.243 12.168 12.127 12.055 11.98
16.307 16.252 16.197 16.142 16.085 16.017 15.935 15.848 15.765 15.693 15.648 15.645 15.67 15.68 15.65 15.6 15.552 15.482 15.403 15.355 15.322 15.24 15.133 15.063 15.02 14.972 14.902 14.822 14.735 14.64 14.543 14.443 14.335 14.23 14.125 14.018 13.915 13.83 13.765 13.697 13.625 13.545 13.45 13.35 13.258 13.213 13.2 13.175 13.145 13.115 13.082 13.045 12.992 12.95 12.93 12.913 12.9 12.892 12.887 12.867 12.81 12.735 12.665 12.61 12.578 12.55 12.52 12.482 12.415 12.342 12.272 12.18 12.09
16.305 16.27 16.217 16.165 16.112 16.043 15.955 15.865 15.778 15.715 15.703 15.725 15.752 15.772 15.755 15.705 15.657 15.605 15.565 15.545 15.522 15.447 15.32 15.2 15.11 15.038 14.958 14.87 14.783 14.695 14.605 14.515 14.41 14.295 14.185 14.075 13.968 13.883 13.82 13.758 13.69 13.607 13.51 13.41 13.313 13.255 13.23 13.2 13.17 13.14 13.108 13.075 13.038 13.008 12.99 12.97 12.955 12.948 12.943 12.94 12.92 12.867 12.8 12.733 12.683 12.65 12.62 12.59 12.552 12.492 12.405 12.305 12.208
16.303 16.268 16.232 16.18 16.135 16.087 16.018 15.93 15.838 15.76 15.733 15.75 15.775 15.797 15.797 15.76 15.712 15.685 15.675 15.66 15.64 15.57 15.44 15.315 15.218 15.133 15.048 14.96 14.878 14.798 14.713 14.62 14.505 14.38 14.263 14.15 14.04 13.955 13.895 13.833 13.765 13.68 13.58 13.48 13.383 13.318 13.283 13.248 13.21 13.178 13.15 13.123 13.095 13.078 13.068 13.05 13.033 13.018 13.008 13.005 13 12.967 12.907 12.84 12.778 12.735 12.705 12.678 12.657 12.615 12.53 12.43 12.328
16.353 16.293 16.247 16.195 16.16 16.14 16.107 16.037 15.942 15.84 15.753 15.725 15.743 15.765 15.782 15.77 15.73 15.713 15.712 15.702 15.685 15.612 15.488 15.393 15.33 15.257 15.173 15.09 15.012 14.932 14.842 14.732 14.608 14.483 14.36 14.243 14.13 14.045 13.982 13.912 13.84 13.757 13.66 13.558 13.465 13.405 13.365 13.317 13.263 13.23 13.217 13.2 13.175 13.16 13.157 13.147 13.13 13.108 13.085 13.075 13.07 13.037 12.982 12.922 12.86 12.815 12.785 12.765 12.755 12.722 12.645 12.545 12.435
16.387 16.325 16.265 16.22 16.195 16.18 16.162 16.125 16.05 15.947 15.833 15.743 15.718 15.735 15.757 15.767 15.748 15.735 15.74 15.74 15.73 15.66 15.563 15.503 15.452 15.382 15.3 15.223 15.147 15.065 14.96 14.837 14.712 14.587 14.465 14.342 14.223 14.13 14.06 13.988 13.915 13.832 13.735 13.633 13.55 13.495 13.442 13.38 13.315 13.285 13.282 13.275 13.257 13.243 13.24 13.237 13.227 13.205 13.175 13.153 13.137 13.102 13.05 12.995 12.935 12.893 12.873 12.863 12.857 12.832 12.757 12.65 12.532
16.403 16.348 16.295 16.255 16.233 16.217 16.2 16.18 16.14 16.052 15.937 15.823 15.735 15.715 15.738 15.763 15.77 15.77 15.775 15.78 15.775 15.725 15.662 15.615 15.567 15.505 15.43 15.357 15.282 15.187 15.067 14.942 14.815 14.69 14.567 14.44 14.313 14.213 14.138 14.065 13.992 13.907 13.81 13.71 13.63 13.567 13.5 13.43 13.365 13.335 13.335 13.335 13.332 13.325 13.317 13.315 13.31 13.292 13.265 13.235 13.205 13.162 13.11 13.057 13.003 12.97 12.965 12.962 12.957 12.94 12.862 12.737 12.61
16.445 16.392 16.34 16.298 16.265 16.242 16.227 16.21 16.202 16.147 16.032 15.918 15.813 15.78 15.81 15.84 15.863 15.875 15.88 15.878 15.847 15.785 15.725 15.677 15.632 15.567 15.49 15.422 15.352 15.257 15.142 15.027 14.91 14.787 14.66 14.53 14.4 14.298 14.22 14.145 14.073 13.99 13.895 13.795 13.708 13.635 13.565 13.495 13.42 13.373 13.362 13.36 13.385 13.4 13.385 13.377 13.372 13.357 13.33 13.297 13.257 13.207 13.153 13.103 13.063 13.045 13.042 13.04 13.035 13.02 12.932 12.79 12.655
16.48 16.43 16.38 16.332 16.288 16.258 16.243 16.24 16.267 16.232 16.118 16.013 15.93 15.915 15.955 15.992 16.02 16.035 16.032 15.997 15.927 15.84 15.76 15.703 15.655 15.582 15.493 15.418 15.35 15.262 15.157 15.06 14.967 14.865 14.745 14.615 14.485 14.38 14.303 14.23 14.16 14.08 13.985 13.885 13.795 13.72 13.647 13.567 13.473 13.393 13.363 13.38 13.447 13.482 13.458 13.435 13.425 13.412 13.382 13.342 13.292 13.24 13.19 13.15 13.125 13.113 13.108 13.102 13.092 13.075 12.982 12.828 12.685
16.515 16.46 16.41 16.357 16.305 16.273 16.273 16.3 16.342 16.312 16.213 16.13 16.058 16.043 16.09 16.14 16.177 16.185 16.15 16.077 15.992 15.905 15.815 15.735 15.678 15.607 15.51 15.418 15.34 15.25 15.153 15.073 14.998 14.915 14.812 14.692 14.565 14.463 14.39 14.32 14.252 14.172 14.075 13.975 13.883 13.805 13.722 13.622 13.515 13.413 13.38 13.44 13.535 13.575 13.545 13.51 13.485 13.462 13.427 13.38 13.327 13.275 13.235 13.21 13.19 13.178 13.172 13.162 13.145 13.125 13.037 12.878 12.72
16.535 16.487 16.437 16.38 16.323 16.303 16.335 16.38 16.42 16.402 16.33 16.26 16.185 16.17 16.22 16.275 16.315 16.297 16.227 16.142 16.057 15.97 15.88 15.79 15.713 15.632 15.535 15.435 15.343 15.255 15.175 15.105 15.035 14.952 14.857 14.755 14.642 14.55 14.48 14.412 14.347 14.265 14.165 14.065 13.968 13.878 13.785 13.683 13.578 13.478 13.458 13.53 13.622 13.665 13.64 13.6 13.555 13.507 13.46 13.41 13.363 13.323 13.295 13.275 13.255 13.24 13.228 13.21 13.19 13.172 13.095 12.938 12.765
16.51 16.472 16.42 16.365 16.345 16.38 16.433 16.475 16.51 16.505 16.452 16.385 16.313 16.298 16.347 16.397 16.415 16.37 16.29 16.208 16.125 16.037 15.945 15.855 15.765 15.673 15.575 15.475 15.378 15.295 15.225 15.152 15.072 14.982 14.887 14.79 14.698 14.622 14.557 14.492 14.427 14.35 14.255 14.155 14.055 13.963 13.873 13.778 13.68 13.598 13.593 13.653 13.72 13.752 13.722 13.665 13.602 13.542 13.49 13.44 13.4 13.38 13.365 13.345 13.325 13.31 13.295 13.275 13.255 13.24 13.18 13.037 12.86
16.457 16.425 16.375 16.36 16.41 16.487 16.547 16.59 16.61 16.595 16.557 16.502 16.435 16.42 16.465 16.495 16.485 16.43 16.35 16.273 16.197 16.108 16.01 15.92 15.827 15.73 15.63 15.53 15.433 15.35 15.28 15.2 15.102 15.005 14.91 14.818 14.74 14.675 14.617 14.555 14.487 14.417 14.335 14.24 14.143 14.06 13.982 13.892 13.798 13.735 13.748 13.8 13.83 13.82 13.77 13.7 13.63 13.57 13.52 13.475 13.445 13.435 13.43 13.415 13.395 13.385 13.38 13.367 13.35 13.325 13.267 13.155 12.995
16.407 16.39 16.38 16.43 16.51 16.59 16.66 16.702 16.705 16.68 16.65 16.612 16.555 16.54 16.565 16.565 16.545 16.49 16.413 16.343 16.275 16.185 16.083 15.987 15.89 15.79 15.69 15.59 15.49 15.403 15.322 15.23 15.128 15.028 14.938 14.86 14.79 14.725 14.67 14.612 14.545 14.475 14.402 14.32 14.228 14.148 14.08 14.002 13.913 13.87 13.887 13.907 13.9 13.86 13.797 13.725 13.655 13.595 13.553 13.52 13.495 13.485 13.485 13.48 13.465 13.455 13.455 13.453 13.443 13.405 13.333 13.242 13.118
16.37 16.39 16.445 16.527 16.61 16.69 16.767 16.802 16.79 16.765 16.735 16.705 16.665 16.645 16.64 16.625 16.605 16.552 16.48 16.415 16.35 16.262 16.157 16.055 15.952 15.85 15.75 15.65 15.553 15.458 15.358 15.255 15.153 15.058 14.98 14.91 14.84 14.775 14.72 14.665 14.602 14.535 14.465 14.39 14.305 14.23 14.165 14.095 14.017 13.977 13.972 13.955 13.93 13.89 13.825 13.75 13.68 13.625 13.595 13.57 13.545 13.535 13.535 13.538 13.535 13.543 13.558 13.563 13.563 13.518 13.423 13.323 13.22
16.34 16.413 16.522 16.607 16.692 16.775 16.842 16.86 16.842 16.822 16.795 16.765 16.735 16.71 16.692 16.68 16.662 16.615 16.547 16.482 16.415 16.33 16.225 16.117 16.013 15.91 15.81 15.713 15.638 15.555 15.448 15.343 15.23 15.123 15.04 14.97 14.9 14.835 14.778 14.72 14.663 14.6 14.528 14.455 14.385 14.303 14.22 14.15 14.082 14.037 14.012 13.988 13.968 13.935 13.873 13.798 13.75 13.733 13.715 13.693 13.67 13.633 13.608 13.613 13.618 13.655 13.715 13.747 13.757 13.71 13.6 13.483 13.368
16.318 16.413 16.567 16.675 16.758 16.84 16.885 16.88 16.868 16.857 16.835 16.805 16.775 16.753 16.738 16.73 16.722 16.68 16.61 16.542 16.475 16.39 16.285 16.175 16.07 15.97 15.875 15.803 15.765 15.7 15.592 15.48 15.355 15.23 15.123 15.038 14.968 14.905 14.845 14.785 14.73 14.667 14.595 14.53 14.472 14.38 14.268 14.185 14.118 14.073 14.048 14.028 14.017 13.995 13.938 13.885 13.895 13.925 13.925 13.91 13.885 13.81 13.73 13.71 13.715 13.765 13.855 13.927 13.977 13.947 13.83 13.7 13.573
16.298 16.395 16.57 16.722 16.825 16.892 16.915 16.903 16.892 16.885 16.87 16.847 16.82 16.798 16.788 16.79 16.79 16.75 16.675 16.603 16.535 16.447 16.343 16.235 16.13 16.035 15.965 15.93 15.91 15.845 15.73 15.602 15.47 15.345 15.225 15.115 15.033 14.973 14.915 14.855 14.8 14.738 14.67 14.613 14.56 14.472 14.348 14.235 14.153 14.11 14.09 14.078 14.072 14.055 14.023 14.028 14.085 14.13 14.147 14.147 14.117 14.03 13.908 13.83 13.815 13.865 13.955 14.04 14.11 14.12 14.032 13.9 13.783
16.275 16.378 16.553 16.727 16.872 16.935 16.935 16.922 16.912 16.905 16.895 16.882 16.862 16.848 16.85 16.86 16.86 16.82 16.745 16.667 16.595 16.505 16.4 16.295 16.198 16.128 16.09 16.07 16.047 15.975 15.85 15.717 15.585 15.46 15.34 15.22 15.113 15.04 14.985 14.925 14.87 14.812 14.752 14.7 14.647 14.562 14.44 14.31 14.203 14.153 14.143 14.135 14.128 14.123 14.148 14.215 14.285 14.327 14.355 14.372 14.35 14.257 14.123 14.003 13.935 13.963 14.035 14.093 14.14 14.177 14.175 14.102 14
16.265 16.393 16.565 16.74 16.897 16.96 16.947 16.925 16.91 16.905 16.897 16.89 16.893 16.902 16.91 16.92 16.92 16.88 16.805 16.728 16.655 16.567 16.463 16.363 16.288 16.248 16.225 16.202 16.16 16.067 15.942 15.817 15.692 15.567 15.445 15.322 15.2 15.118 15.065 15.005 14.948 14.885 14.823 14.77 14.717 14.635 14.515 14.385 14.265 14.205 14.2 14.195 14.188 14.2 14.262 14.357 14.437 14.485 14.512 14.537 14.532 14.462 14.345 14.215 14.103 14.078 14.12 14.163 14.208 14.253 14.297 14.297 14.225
16.288 16.435 16.607 16.772 16.912 16.972 16.955 16.918 16.893 16.885 16.88 16.89 16.928 16.955 16.958 16.965 16.97 16.932 16.858 16.785 16.717 16.632 16.53 16.45 16.4 16.37 16.347 16.307 16.235 16.13 16.01 15.887 15.762 15.642 15.525 15.4 15.278 15.198 15.15 15.095 15.035 14.963 14.885 14.82 14.765 14.685 14.57 14.445 14.325 14.265 14.26 14.258 14.255 14.278 14.348 14.442 14.532 14.59 14.617 14.632 14.625 14.592 14.535 14.435 14.31 14.243 14.255 14.3 14.35 14.4 14.445 14.475 14.442
16.333 16.48 16.642 16.785 16.917 16.985 16.962 16.915 16.88 16.868 16.878 16.92 16.98 17.01 17.01 17.013 17.02 16.985 16.913 16.847 16.782 16.7 16.618 16.565 16.523 16.49 16.45 16.38 16.295 16.19 16.065 15.935 15.805 15.69 15.585 15.47 15.353 15.273 15.23 15.182 15.125 15.05 14.963 14.883 14.815 14.727 14.615 14.5 14.385 14.325 14.323 14.325 14.325 14.355 14.433 14.527 14.62 14.68 14.7 14.692 14.672 14.655 14.64 14.597 14.515 14.45 14.43 14.453 14.5 14.547 14.592 14.635 14.64
16.378 16.515 16.658 16.79 16.922 16.987 16.963 16.915 16.87 16.865 16.908 16.97 17.035 17.065 17.067 17.067 17.067 17.035 16.97 16.907 16.845 16.783 16.73 16.687 16.642 16.595 16.527 16.443 16.355 16.245 16.113 15.978 15.848 15.735 15.633 15.528 15.423 15.35 15.307 15.262 15.212 15.14 15.047 14.957 14.875 14.775 14.66 14.548 14.443 14.393 14.393 14.395 14.395 14.433 14.518 14.613 14.707 14.762 14.763 14.74 14.718 14.703 14.69 14.677 14.655 14.637 14.627 14.623 14.65 14.695 14.738 14.782 14.817
16.45 16.568 16.693 16.828 16.957 17.017 16.995 16.953 16.905 16.908 16.965 17.03 17.09 17.112 17.112 17.11 17.102 17.07 17.01 16.953 16.905 16.865 16.825 16.782 16.737 16.68 16.605 16.52 16.432 16.32 16.183 16.045 15.918 15.81 15.708 15.605 15.508 15.433 15.383 15.337 15.29 15.215 15.117 15.025 14.932 14.827 14.715 14.608 14.528 14.498 14.49 14.483 14.48 14.523 14.615 14.713 14.81 14.857 14.848 14.825 14.795 14.768 14.75 14.74 14.735 14.75 14.77 14.775 14.797 14.84 14.88 14.922 14.962
16.55 16.663 16.77 16.893 17.012 17.067 17.06 17.03 16.985 16.985 17.04 17.097 17.142 17.155 17.145 17.138 17.13 17.092 17.038 17 16.97 16.935 16.895 16.855 16.81 16.755 16.69 16.612 16.527 16.415 16.275 16.143 16.025 15.92 15.82 15.717 15.615 15.53 15.465 15.413 15.365 15.285 15.18 15.085 14.99 14.885 14.78 14.698 14.65 14.63 14.618 14.608 14.61 14.655 14.743 14.84 14.94 14.985 14.972 14.945 14.902 14.858 14.825 14.81 14.805 14.82 14.845 14.875 14.922 14.97 15.01 15.047 15.078
