EGM722_Project_Data/DTM_tif/TL4457.asc
ncols         200
nrows         200
xllcorner     544000.000
yllcorner     257000.000
cellsize      5
NODATA_value  -9999.0
[rows 68 to 101 of 200, columns 0 to 76 of 200]
10.513 10.535 10.565 10.6 10.643 10.685 10.712 10.725 10.735 10.745 10.742 10.73 10.725 10.73 10.74 10.735 10.71 10.685 10.665 10.642 10.617 10.582 10.525 10.455 10.385 10.315 10.28 10.285 10.287 10.282 10.267 10.245 10.22 10.198 10.188 10.185 10.195 10.215 10.278 10.425 10.522 10.517 10.503 10.49 10.483 10.467 10.423 10.373 10.34 10.313 10.288 10.262 10.232 10.19 10.135 10.08 10.07 10.1 10.12 10.115 10.11 10.107 10.09 10.065 10.04 10.023 10.017 9.985 9.915 9.83 9.725 9.663 9.66 9.665 9.673 9.708 9.76
10.458 10.478 10.508 10.545 10.59 10.635 10.665 10.683 10.695 10.705 10.71 10.708 10.71 10.72 10.73 10.722 10.697 10.672 10.647 10.62 10.592 10.562 10.51 10.44 10.368 10.295 10.26 10.265 10.27 10.272 10.26 10.235 10.21 10.183 10.178 10.192 10.21 10.23 10.275 10.372 10.427 10.413 10.398 10.383 10.373 10.355 10.323 10.293 10.267 10.24 10.215 10.19 10.165 10.137 10.1 10.055 10.043 10.067 10.077 10.065 10.047 10.03 10.01 9.987 9.962 9.937 9.89 9.815 9.738 9.653 9.58 9.56 9.57 9.575 9.58 9.608 9.658
10.46 10.473 10.488 10.515 10.558 10.603 10.635 10.653 10.665 10.68 10.7 10.713 10.72 10.727 10.722 10.705 10.68 10.65 10.62 10.59 10.56 10.535 10.492 10.425 10.353 10.28 10.243 10.245 10.25 10.255 10.242 10.212 10.187 10.16 10.16 10.187 10.212 10.237 10.272 10.312 10.33 10.325 10.318 10.313 10.31 10.295 10.258 10.22 10.193 10.167 10.142 10.117 10.092 10.067 10.042 10.012 10.002 10.017 10.02 10.002 9.977 9.955 9.933 9.91 9.885 9.852 9.785 9.685 9.59 9.51 9.475 9.48 9.49 9.498 9.508 9.528 9.565
10.51 10.52 10.52 10.525 10.55 10.588 10.62 10.638 10.658 10.688 10.72 10.74 10.745 10.732 10.702 10.68 10.662 10.633 10.598 10.563 10.53 10.503 10.467 10.41 10.34 10.273 10.235 10.23 10.23 10.235 10.22 10.183 10.155 10.13 10.13 10.16 10.19 10.22 10.25 10.267 10.275 10.283 10.285 10.288 10.292 10.277 10.223 10.16 10.12 10.093 10.068 10.042 10.017 9.99 9.96 9.94 9.937 9.945 9.945 9.927 9.902 9.88 9.857 9.832 9.802 9.765 9.695 9.59 9.495 9.433 9.413 9.42 9.43 9.44 9.453 9.465 9.49
10.563 10.568 10.567 10.565 10.568 10.583 10.608 10.635 10.67 10.71 10.747 10.762 10.745 10.707 10.668 10.648 10.64 10.622 10.59 10.55 10.513 10.478 10.445 10.397 10.33 10.265 10.23 10.22 10.213 10.215 10.2 10.16 10.128 10.1 10.1 10.13 10.16 10.19 10.213 10.23 10.245 10.255 10.265 10.272 10.277 10.262 10.205 10.128 10.063 10.02 9.995 9.967 9.935 9.903 9.873 9.86 9.863 9.867 9.862 9.845 9.823 9.8 9.78 9.752 9.715 9.675 9.602 9.51 9.44 9.39 9.37 9.375 9.383 9.39 9.4 9.41 9.425
10.622 10.617 10.615 10.615 10.605 10.595 10.613 10.65 10.69 10.73 10.765 10.765 10.723 10.673 10.633 10.615 10.61 10.602 10.585 10.55 10.51 10.47 10.432 10.385 10.322 10.26 10.225 10.215 10.205 10.2 10.18 10.14 10.103 10.073 10.075 10.105 10.135 10.168 10.193 10.208 10.22 10.23 10.243 10.255 10.262 10.25 10.195 10.113 10.03 9.963 9.923 9.893 9.855 9.82 9.8 9.793 9.793 9.793 9.783 9.765 9.745 9.728 9.705 9.668 9.625 9.585 9.523 9.455 9.403 9.355 9.335 9.338 9.34 9.343 9.35 9.36 9.37
10.662 10.655 10.65 10.645 10.625 10.608 10.625 10.665 10.707 10.747 10.77 10.762 10.72 10.663 10.618 10.593 10.58 10.573 10.565 10.545 10.51 10.47 10.425 10.37 10.31 10.253 10.215 10.2 10.19 10.18 10.157 10.12 10.083 10.055 10.06 10.093 10.125 10.16 10.19 10.208 10.22 10.23 10.24 10.248 10.255 10.245 10.19 10.108 10.023 9.938 9.88 9.85 9.818 9.783 9.765 9.763 9.758 9.75 9.738 9.72 9.703 9.688 9.66 9.618 9.573 9.53 9.483 9.43 9.38 9.333 9.31 9.31 9.31 9.313 9.323 9.335 9.343
10.64 10.635 10.632 10.632 10.62 10.615 10.64 10.68 10.722 10.755 10.762 10.757 10.732 10.68 10.63 10.598 10.575 10.558 10.543 10.528 10.502 10.462 10.41 10.353 10.295 10.238 10.198 10.178 10.165 10.155 10.132 10.098 10.068 10.048 10.055 10.088 10.123 10.16 10.192 10.212 10.227 10.237 10.245 10.252 10.257 10.245 10.19 10.105 10.015 9.925 9.868 9.84 9.81 9.775 9.755 9.755 9.752 9.745 9.727 9.705 9.688 9.67 9.64 9.6 9.557 9.512 9.465 9.415 9.365 9.318 9.293 9.29 9.295 9.305 9.318 9.33 9.33
10.578 10.573 10.575 10.588 10.6 10.62 10.655 10.695 10.732 10.752 10.75 10.745 10.735 10.697 10.653 10.625 10.6 10.575 10.55 10.525 10.497 10.452 10.395 10.338 10.283 10.225 10.185 10.165 10.148 10.132 10.108 10.078 10.055 10.04 10.05 10.083 10.12 10.157 10.192 10.217 10.232 10.243 10.25 10.257 10.26 10.245 10.185 10.092 9.998 9.908 9.853 9.827 9.8 9.768 9.748 9.745 9.745 9.74 9.72 9.695 9.673 9.65 9.62 9.58 9.54 9.497 9.45 9.4 9.35 9.303 9.278 9.278 9.288 9.302 9.312 9.315 9.305
10.563 10.545 10.543 10.563 10.588 10.623 10.665 10.705 10.727 10.73 10.727 10.725 10.722 10.707 10.68 10.653 10.627 10.602 10.575 10.542 10.502 10.45 10.39 10.33 10.273 10.215 10.175 10.152 10.13 10.118 10.1 10.075 10.053 10.033 10.043 10.08 10.12 10.155 10.19 10.22 10.238 10.25 10.26 10.262 10.255 10.235 10.172 10.077 9.983 9.893 9.838 9.813 9.785 9.758 9.743 9.738 9.735 9.732 9.715 9.688 9.66 9.633 9.603 9.565 9.525 9.485 9.44 9.39 9.34 9.293 9.268 9.27 9.283 9.297 9.302 9.292 9.275
10.615 10.578 10.555 10.568 10.593 10.628 10.672 10.7 10.69 10.678 10.68 10.68 10.682 10.692 10.695 10.677 10.652 10.622 10.587 10.55 10.505 10.45 10.39 10.33 10.267 10.203 10.16 10.138 10.12 10.123 10.117 10.095 10.073 10.053 10.055 10.085 10.125 10.163 10.2 10.232 10.253 10.265 10.265 10.255 10.242 10.217 10.155 10.06 9.968 9.883 9.828 9.803 9.775 9.753 9.745 9.743 9.738 9.735 9.72 9.693 9.665 9.635 9.603 9.565 9.525 9.48 9.433 9.385 9.335 9.29 9.268 9.27 9.282 9.29 9.285 9.27 9.25
10.682 10.635 10.593 10.58 10.6 10.635 10.67 10.67 10.635 10.615 10.618 10.623 10.635 10.66 10.68 10.682 10.662 10.63 10.592 10.55 10.505 10.45 10.387 10.322 10.255 10.185 10.14 10.125 10.125 10.142 10.147 10.128 10.108 10.095 10.09 10.103 10.135 10.175 10.215 10.252 10.28 10.295 10.283 10.253 10.23 10.2 10.135 10.045 9.96 9.88 9.825 9.798 9.775 9.76 9.755 9.755 9.752 9.75 9.735 9.707 9.68 9.65 9.615 9.575 9.532 9.48 9.428 9.382 9.338 9.295 9.275 9.28 9.285 9.28 9.267 9.25 9.233
10.74 10.69 10.64 10.605 10.61 10.642 10.652 10.625 10.583 10.555 10.558 10.575 10.6 10.63 10.647 10.635 10.6 10.57 10.542 10.51 10.487 10.447 10.38 10.31 10.24 10.17 10.128 10.128 10.145 10.17 10.18 10.165 10.15 10.14 10.133 10.133 10.15 10.185 10.225 10.265 10.302 10.33 10.32 10.28 10.24 10.197 10.128 10.04 9.958 9.875 9.823 9.8 9.783 9.77 9.765 9.765 9.765 9.765 9.75 9.72 9.693 9.662 9.625 9.582 9.532 9.478 9.425 9.38 9.34 9.3 9.28 9.282 9.277 9.265 9.252 9.235 9.22
10.787 10.74 10.692 10.648 10.628 10.632 10.612 10.57 10.53 10.508 10.518 10.545 10.575 10.6 10.59 10.537 10.485 10.455 10.435 10.425 10.445 10.435 10.367 10.295 10.225 10.16 10.13 10.145 10.17 10.195 10.21 10.202 10.19 10.18 10.172 10.17 10.175 10.198 10.235 10.275 10.317 10.355 10.35 10.307 10.262 10.217 10.145 10.05 9.96 9.873 9.823 9.81 9.798 9.783 9.775 9.775 9.775 9.775 9.762 9.735 9.707 9.677 9.635 9.585 9.53 9.475 9.428 9.385 9.345 9.305 9.28 9.273 9.263 9.25 9.24 9.228 9.215
10.792 10.752 10.71 10.667 10.637 10.618 10.585 10.548 10.513 10.495 10.51 10.54 10.565 10.567 10.51 10.425 10.37 10.34 10.335 10.358 10.402 10.412 10.355 10.28 10.21 10.163 10.15 10.165 10.19 10.215 10.232 10.23 10.22 10.208 10.2 10.2 10.203 10.218 10.253 10.295 10.335 10.367 10.365 10.325 10.283 10.245 10.175 10.075 9.98 9.89 9.843 9.833 9.82 9.808 9.795 9.79 9.79 9.79 9.78 9.755 9.725 9.695 9.65 9.595 9.54 9.488 9.443 9.4 9.36 9.32 9.288 9.27 9.26 9.25 9.24 9.228 9.215
10.752 10.717 10.68 10.643 10.628 10.62 10.595 10.565 10.525 10.5 10.515 10.537 10.542 10.52 10.44 10.33 10.255 10.238 10.268 10.315 10.365 10.387 10.345 10.27 10.215 10.195 10.19 10.19 10.208 10.232 10.245 10.245 10.242 10.233 10.225 10.225 10.228 10.243 10.278 10.317 10.347 10.372 10.377 10.345 10.308 10.275 10.205 10.105 10.008 9.918 9.873 9.865 9.855 9.845 9.83 9.815 9.81 9.81 9.797 9.77 9.742 9.715 9.67 9.615 9.563 9.515 9.47 9.423 9.38 9.34 9.308 9.285 9.27 9.26 9.25 9.235 9.225
10.708 10.675 10.64 10.615 10.618 10.627 10.615 10.58 10.53 10.503 10.51 10.507 10.49 10.46 10.38 10.26 10.188 10.19 10.228 10.278 10.33 10.365 10.335 10.273 10.245 10.24 10.235 10.228 10.233 10.25 10.26 10.26 10.26 10.255 10.25 10.25 10.25 10.265 10.3 10.332 10.355 10.377 10.387 10.365 10.335 10.305 10.235 10.135 10.035 9.945 9.9 9.895 9.89 9.88 9.865 9.845 9.83 9.825 9.812 9.785 9.757 9.73 9.687 9.638 9.593 9.55 9.505 9.455 9.405 9.36 9.33 9.305 9.283 9.27 9.258 9.25 9.255
10.663 10.63 10.605 10.6 10.613 10.627 10.625 10.587 10.527 10.492 10.48 10.455 10.43 10.4 10.323 10.238 10.215 10.225 10.24 10.268 10.303 10.34 10.33 10.295 10.288 10.285 10.28 10.272 10.268 10.27 10.275 10.275 10.275 10.273 10.27 10.273 10.275 10.288 10.315 10.34 10.36 10.38 10.395 10.387 10.365 10.335 10.265 10.165 10.065 9.975 9.93 9.925 9.92 9.91 9.895 9.877 9.86 9.845 9.827 9.8 9.773 9.745 9.707 9.665 9.625 9.585 9.54 9.49 9.437 9.385 9.35 9.325 9.3 9.283 9.273 9.28 9.295
10.618 10.598 10.603 10.615 10.628 10.635 10.612 10.562 10.497 10.442 10.412 10.387 10.365 10.34 10.303 10.285 10.295 10.305 10.313 10.318 10.328 10.343 10.34 10.33 10.327 10.325 10.32 10.31 10.3 10.295 10.295 10.295 10.295 10.298 10.303 10.308 10.31 10.318 10.338 10.36 10.383 10.405 10.422 10.417 10.392 10.365 10.297 10.198 10.1 10.01 9.968 9.963 9.955 9.94 9.92 9.902 9.885 9.867 9.845 9.818 9.792 9.762 9.722 9.68 9.64 9.6 9.555 9.505 9.452 9.4 9.365 9.34 9.315 9.295 9.29 9.302 9.315
10.595 10.608 10.632 10.652 10.657 10.632 10.572 10.505 10.435 10.36 10.315 10.295 10.28 10.29 10.327 10.36 10.375 10.387 10.397 10.402 10.405 10.382 10.363 10.365 10.36 10.355 10.35 10.34 10.33 10.323 10.32 10.32 10.325 10.338 10.35 10.355 10.345 10.338 10.365 10.405 10.432 10.457 10.467 10.45 10.423 10.397 10.335 10.238 10.143 10.055 10.013 10.005 9.99 9.962 9.935 9.918 9.9 9.885 9.865 9.84 9.812 9.772 9.727 9.683 9.64 9.6 9.555 9.505 9.453 9.405 9.373 9.347 9.323 9.3 9.295 9.307 9.317
10.61 10.64 10.667 10.682 10.657 10.59 10.515 10.44 10.36 10.278 10.215 10.193 10.21 10.273 10.35 10.41 10.45 10.472 10.48 10.482 10.465 10.415 10.388 10.39 10.39 10.387 10.38 10.37 10.36 10.35 10.345 10.35 10.365 10.387 10.402 10.397 10.37 10.345 10.378 10.442 10.482 10.507 10.51 10.485 10.457 10.43 10.372 10.282 10.19 10.103 10.055 10.04 10.012 9.978 9.95 9.935 9.92 9.905 9.887 9.857 9.82 9.777 9.732 9.685 9.64 9.6 9.555 9.505 9.458 9.415 9.38 9.355 9.33 9.303 9.298 9.31 9.318
10.63 10.657 10.685 10.682 10.62 10.533 10.45 10.368 10.288 10.21 10.14 10.133 10.195 10.28 10.36 10.43 10.495 10.542 10.56 10.54 10.482 10.418 10.39 10.392 10.402 10.41 10.405 10.395 10.385 10.375 10.375 10.392 10.417 10.442 10.447 10.422 10.387 10.358 10.383 10.455 10.517 10.552 10.547 10.52 10.49 10.46 10.405 10.32 10.23 10.143 10.088 10.06 10.027 9.993 9.968 9.955 9.94 9.925 9.905 9.867 9.825 9.782 9.737 9.69 9.643 9.6 9.555 9.507 9.462 9.42 9.388 9.363 9.337 9.31 9.303 9.313 9.318
10.625 10.652 10.677 10.655 10.575 10.495 10.425 10.35 10.273 10.198 10.135 10.145 10.22 10.305 10.385 10.453 10.52 10.58 10.595 10.545 10.465 10.395 10.363 10.363 10.375 10.39 10.395 10.39 10.38 10.37 10.38 10.41 10.44 10.462 10.457 10.43 10.4 10.368 10.388 10.46 10.537 10.58 10.565 10.535 10.505 10.475 10.422 10.34 10.25 10.163 10.103 10.067 10.035 10.005 9.985 9.972 9.958 9.945 9.917 9.873 9.83 9.785 9.74 9.697 9.65 9.605 9.557 9.508 9.462 9.42 9.395 9.375 9.348 9.323 9.313 9.32 9.328
10.613 10.635 10.66 10.627 10.548 10.493 10.45 10.387 10.31 10.24 10.193 10.203 10.265 10.343 10.42 10.487 10.545 10.585 10.58 10.515 10.43 10.365 10.333 10.323 10.328 10.34 10.35 10.355 10.35 10.34 10.358 10.397 10.43 10.445 10.435 10.415 10.392 10.37 10.4 10.48 10.56 10.59 10.565 10.535 10.505 10.475 10.425 10.345 10.255 10.165 10.105 10.07 10.04 10.02 10.003 9.988 9.973 9.96 9.927 9.875 9.83 9.785 9.743 9.705 9.66 9.612 9.562 9.508 9.46 9.42 9.4 9.39 9.365 9.343 9.335 9.338 9.343
10.618 10.623 10.637 10.605 10.545 10.513 10.48 10.422 10.353 10.293 10.255 10.268 10.318 10.383 10.45 10.505 10.542 10.565 10.56 10.492 10.398 10.335 10.308 10.293 10.283 10.288 10.3 10.31 10.315 10.31 10.33 10.38 10.415 10.417 10.403 10.39 10.383 10.385 10.43 10.512 10.58 10.59 10.56 10.53 10.5 10.47 10.422 10.345 10.255 10.165 10.105 10.075 10.055 10.04 10.02 10.003 9.987 9.972 9.935 9.88 9.833 9.788 9.747 9.71 9.667 9.62 9.57 9.515 9.463 9.42 9.4 9.395 9.38 9.365 9.36 9.36 9.362
10.635 10.628 10.623 10.598 10.563 10.535 10.507 10.462 10.405 10.35 10.315 10.333 10.377 10.425 10.467 10.498 10.52 10.538 10.54 10.48 10.373 10.305 10.285 10.273 10.258 10.25 10.253 10.26 10.27 10.275 10.3 10.357 10.395 10.398 10.393 10.393 10.398 10.415 10.468 10.545 10.592 10.585 10.555 10.525 10.495 10.465 10.422 10.35 10.26 10.17 10.11 10.085 10.07 10.055 10.035 10.015 10 9.985 9.945 9.89 9.84 9.793 9.75 9.71 9.672 9.63 9.58 9.525 9.47 9.423 9.4 9.398 9.39 9.383 9.38 9.377 9.377
10.657 10.645 10.63 10.605 10.575 10.545 10.52 10.49 10.445 10.39 10.358 10.378 10.42 10.455 10.48 10.5 10.52 10.532 10.53 10.47 10.365 10.308 10.293 10.28 10.27 10.255 10.238 10.23 10.235 10.245 10.278 10.335 10.377 10.4 10.41 10.415 10.42 10.445 10.505 10.58 10.615 10.6 10.578 10.553 10.528 10.49 10.435 10.36 10.27 10.18 10.115 10.085 10.067 10.05 10.03 10.01 9.992 9.977 9.947 9.9 9.85 9.8 9.755 9.715 9.677 9.637 9.592 9.54 9.485 9.438 9.413 9.41 9.405 9.397 9.392 9.387 9.38
10.677 10.67 10.65 10.615 10.578 10.548 10.522 10.495 10.457 10.408 10.385 10.408 10.443 10.475 10.5 10.517 10.53 10.535 10.527 10.467 10.383 10.343 10.327 10.312 10.297 10.28 10.255 10.23 10.22 10.225 10.26 10.31 10.347 10.387 10.422 10.437 10.443 10.478 10.545 10.62 10.66 10.655 10.64 10.615 10.577 10.522 10.452 10.372 10.285 10.195 10.123 10.078 10.05 10.033 10.012 9.99 9.97 9.953 9.932 9.902 9.86 9.81 9.765 9.725 9.682 9.64 9.6 9.555 9.505 9.46 9.438 9.43 9.42 9.407 9.398 9.392 9.375
10.68 10.687 10.67 10.63 10.59 10.555 10.525 10.495 10.46 10.42 10.413 10.44 10.47 10.497 10.515 10.522 10.525 10.525 10.52 10.477 10.415 10.378 10.358 10.342 10.325 10.305 10.28 10.25 10.225 10.215 10.238 10.275 10.308 10.353 10.407 10.447 10.468 10.513 10.587 10.662 10.722 10.737 10.71 10.665 10.605 10.537 10.467 10.387 10.3 10.21 10.138 10.085 10.043 10.018 9.997 9.973 9.95 9.93 9.91 9.887 9.857 9.817 9.775 9.732 9.685 9.638 9.598 9.56 9.518 9.478 9.458 9.445 9.428 9.413 9.405 9.39 9.355
10.657 10.67 10.672 10.645 10.605 10.565 10.528 10.495 10.46 10.425 10.423 10.45 10.48 10.502 10.512 10.515 10.515 10.515 10.517 10.5 10.458 10.418 10.39 10.373 10.355 10.335 10.31 10.28 10.25 10.223 10.218 10.24 10.273 10.315 10.373 10.432 10.482 10.545 10.625 10.702 10.777 10.797 10.75 10.687 10.62 10.55 10.48 10.4 10.31 10.223 10.153 10.1 10.05 10.008 9.98 9.957 9.933 9.91 9.89 9.865 9.84 9.815 9.777 9.73 9.682 9.635 9.6 9.573 9.538 9.505 9.483 9.463 9.44 9.423 9.405 9.372 9.33
10.615 10.625 10.647 10.65 10.62 10.578 10.535 10.495 10.457 10.423 10.415 10.44 10.47 10.487 10.495 10.5 10.5 10.508 10.528 10.53 10.502 10.465 10.435 10.413 10.39 10.373 10.345 10.308 10.275 10.243 10.213 10.213 10.243 10.288 10.35 10.415 10.48 10.555 10.635 10.715 10.795 10.817 10.765 10.695 10.625 10.557 10.49 10.41 10.318 10.228 10.158 10.105 10.052 10.003 9.968 9.945 9.922 9.898 9.875 9.853 9.83 9.807 9.77 9.72 9.675 9.63 9.608 9.6 9.575 9.545 9.52 9.495 9.47 9.442 9.4 9.353 9.31
10.563 10.578 10.607 10.635 10.63 10.592 10.547 10.498 10.453 10.418 10.41 10.435 10.457 10.467 10.475 10.48 10.488 10.52 10.552 10.555 10.54 10.515 10.485 10.458 10.435 10.425 10.395 10.34 10.3 10.267 10.228 10.198 10.218 10.275 10.34 10.408 10.475 10.548 10.628 10.71 10.79 10.83 10.785 10.703 10.63 10.562 10.492 10.412 10.322 10.228 10.155 10.105 10.05 9.998 9.963 9.938 9.915 9.89 9.865 9.845 9.825 9.802 9.765 9.713 9.663 9.618 9.605 9.617 9.61 9.587 9.563 9.537 9.507 9.462 9.405 9.348 9.295
10.513 10.53 10.563 10.6 10.622 10.605 10.56 10.505 10.453 10.413 10.405 10.427 10.44 10.445 10.455 10.468 10.498 10.552 10.582 10.575 10.565 10.55 10.527 10.503 10.485 10.482 10.45 10.383 10.33 10.292 10.253 10.218 10.233 10.288 10.348 10.41 10.473 10.543 10.623 10.707 10.79 10.847 10.815 10.72 10.638 10.567 10.492 10.41 10.325 10.233 10.158 10.102 10.048 9.995 9.958 9.932 9.908 9.882 9.858 9.835 9.815 9.795 9.76 9.707 9.653 9.605 9.595 9.615 9.627 9.625 9.605 9.575 9.532 9.475 9.415 9.355 9.295
10.47 10.483 10.518 10.555 10.592 10.605 10.572 10.515 10.458 10.41 10.398 10.41 10.418 10.428 10.448 10.48 10.53 10.585 10.605 10.595 10.585 10.573 10.56 10.548 10.543 10.542 10.502 10.43 10.365 10.318 10.283 10.27 10.29 10.333 10.388 10.443 10.49 10.55 10.628 10.705 10.788 10.862 10.847 10.75 10.655 10.575 10.495 10.408 10.323 10.235 10.16 10.1 10.045 9.993 9.95 9.925 9.9 9.875 9.852 9.83 9.81 9.787 9.752 9.702 9.648 9.598 9.585 9.605 9.625 9.64 9.635 9.6 9.545 9.482 9.42 9.36 9.3
