EGM722_Project_Data/DTM_tif/TL4455.asc
ncols         200
nrows         200
xllcorner     544000.000
yllcorner     255000.000
cellsize      5
NODATA_value  -9999.0
[rows 64 to 95 of 200, columns 73 to 145 of 200]
15.73 15.817 15.9 15.912 15.915 15.985 16.08 16.137 16.198 16.285 16.385 16.495 16.605 16.645 16.688 16.898 17.175 17.412 17.555 17.575 17.555 17.535 17.515 17.492 17.462 17.427 17.392 17.365 17.352 17.325 17.283 17.247 17.213 17.205 17.215 17.207 17.185 17.18 17.205 17.238 17.27 17.273 17.26 17.265 17.275 17.273 17.273 17.298 17.332 17.325 17.27 17.225 17.2 17.17 17.128 17.095 17.083 17.125 17.21 17.27 17.28 17.25 17.218 17.21 17.24 17.278 17.308 17.34 17.368 17.39 17.413 17.438 17.48
15.708 15.76 15.765 15.723 15.693 15.755 15.885 15.988 16.073 16.173 16.283 16.395 16.502 16.578 16.692 16.857 17.048 17.285 17.495 17.59 17.58 17.55 17.522 17.495 17.47 17.447 17.422 17.395 17.375 17.347 17.308 17.273 17.24 17.223 17.21 17.188 17.165 17.158 17.175 17.203 17.23 17.24 17.24 17.253 17.265 17.275 17.3 17.337 17.367 17.355 17.302 17.25 17.208 17.17 17.13 17.09 17.065 17.103 17.188 17.272 17.33 17.327 17.295 17.268 17.263 17.29 17.333 17.375 17.41 17.435 17.455 17.473 17.503
15.743 15.75 15.705 15.653 15.608 15.655 15.785 15.905 15.998 16.088 16.198 16.308 16.41 16.512 16.618 16.74 16.925 17.163 17.392 17.525 17.53 17.49 17.455 17.425 17.415 17.415 17.4 17.38 17.36 17.352 17.337 17.303 17.28 17.29 17.295 17.278 17.263 17.228 17.203 17.218 17.243 17.25 17.248 17.258 17.27 17.293 17.327 17.36 17.377 17.355 17.305 17.255 17.213 17.175 17.135 17.095 17.073 17.1 17.175 17.263 17.342 17.375 17.357 17.327 17.303 17.323 17.37 17.41 17.45 17.485 17.51 17.53 17.57
15.845 15.845 15.79 15.733 15.678 15.715 15.837 15.922 15.968 16.038 16.142 16.243 16.338 16.433 16.528 16.638 16.815 17.055 17.26 17.382 17.407 17.372 17.338 17.328 17.345 17.35 17.337 17.32 17.3 17.327 17.36 17.335 17.325 17.395 17.467 17.475 17.455 17.387 17.303 17.278 17.295 17.295 17.28 17.278 17.285 17.31 17.342 17.36 17.36 17.332 17.285 17.243 17.215 17.185 17.148 17.12 17.115 17.138 17.188 17.265 17.345 17.385 17.387 17.37 17.348 17.365 17.41 17.45 17.49 17.527 17.56 17.59 17.643
15.92 15.93 15.885 15.827 15.765 15.79 15.872 15.905 15.925 15.993 16.092 16.185 16.275 16.368 16.465 16.57 16.73 16.94 17.102 17.215 17.27 17.255 17.238 17.26 17.287 17.285 17.275 17.262 17.245 17.28 17.352 17.365 17.37 17.465 17.592 17.657 17.642 17.56 17.453 17.373 17.353 17.35 17.328 17.31 17.308 17.327 17.347 17.345 17.335 17.31 17.273 17.245 17.225 17.2 17.178 17.17 17.178 17.198 17.228 17.278 17.345 17.385 17.395 17.395 17.385 17.403 17.445 17.485 17.522 17.555 17.587 17.635 17.71
15.92 15.937 15.91 15.87 15.822 15.827 15.86 15.87 15.885 15.943 16.035 16.125 16.215 16.31 16.415 16.525 16.655 16.8 16.925 17.035 17.122 17.15 17.165 17.21 17.232 17.225 17.212 17.2 17.188 17.22 17.307 17.37 17.415 17.52 17.667 17.775 17.777 17.695 17.6 17.507 17.437 17.405 17.383 17.36 17.345 17.343 17.34 17.33 17.318 17.295 17.273 17.258 17.243 17.23 17.228 17.23 17.24 17.263 17.29 17.323 17.36 17.385 17.395 17.403 17.408 17.427 17.462 17.497 17.53 17.56 17.593 17.655 17.75
15.885 15.905 15.88 15.85 15.823 15.823 15.843 15.855 15.865 15.915 16.005 16.093 16.173 16.27 16.385 16.495 16.605 16.71 16.81 16.91 17.01 17.075 17.115 17.157 17.17 17.16 17.147 17.135 17.125 17.16 17.248 17.337 17.407 17.475 17.555 17.617 17.625 17.59 17.55 17.512 17.472 17.45 17.45 17.44 17.42 17.4 17.385 17.373 17.355 17.325 17.298 17.283 17.27 17.268 17.272 17.278 17.295 17.325 17.355 17.382 17.392 17.395 17.405 17.415 17.425 17.443 17.47 17.5 17.528 17.555 17.595 17.668 17.765
15.85 15.87 15.845 15.82 15.8 15.805 15.832 15.85 15.863 15.915 16.002 16.077 16.14 16.235 16.36 16.477 16.59 16.69 16.78 16.87 16.963 17.035 17.08 17.102 17.1 17.087 17.075 17.068 17.063 17.103 17.195 17.285 17.35 17.385 17.4 17.41 17.425 17.44 17.448 17.455 17.465 17.48 17.5 17.51 17.507 17.497 17.482 17.465 17.445 17.402 17.348 17.318 17.305 17.303 17.308 17.32 17.353 17.39 17.42 17.432 17.42 17.413 17.42 17.43 17.443 17.46 17.483 17.507 17.533 17.56 17.61 17.688 17.778
15.812 15.832 15.813 15.795 15.783 15.788 15.815 15.84 15.86 15.91 15.985 16.045 16.1 16.195 16.325 16.452 16.572 16.675 16.765 16.857 16.947 17.01 17.035 17.035 17.025 17.013 17.003 17 17.003 17.053 17.142 17.22 17.287 17.335 17.36 17.378 17.405 17.437 17.46 17.475 17.485 17.5 17.52 17.54 17.557 17.565 17.565 17.555 17.535 17.49 17.415 17.363 17.343 17.338 17.348 17.375 17.417 17.457 17.477 17.465 17.44 17.43 17.435 17.445 17.46 17.48 17.498 17.515 17.54 17.575 17.635 17.715 17.798
15.78 15.802 15.79 15.775 15.765 15.77 15.795 15.825 15.853 15.895 15.953 16.005 16.06 16.155 16.285 16.417 16.547 16.655 16.748 16.842 16.927 16.97 16.97 16.96 16.95 16.943 16.94 16.943 16.95 17 17.08 17.153 17.225 17.275 17.305 17.335 17.372 17.415 17.452 17.482 17.502 17.515 17.525 17.535 17.547 17.565 17.587 17.615 17.62 17.575 17.498 17.425 17.383 17.375 17.398 17.438 17.483 17.512 17.51 17.485 17.46 17.455 17.468 17.475 17.483 17.5 17.515 17.53 17.553 17.598 17.667 17.745 17.825
15.725 15.757 15.765 15.752 15.74 15.748 15.773 15.803 15.838 15.88 15.93 15.98 16.028 16.118 16.25 16.382 16.515 16.63 16.73 16.825 16.907 16.937 16.925 16.915 16.905 16.898 16.898 16.903 16.915 16.953 17.015 17.088 17.162 17.217 17.253 17.29 17.333 17.377 17.42 17.457 17.482 17.49 17.49 17.493 17.508 17.533 17.558 17.605 17.652 17.652 17.595 17.505 17.433 17.42 17.47 17.527 17.557 17.56 17.545 17.523 17.498 17.495 17.51 17.507 17.508 17.523 17.538 17.553 17.578 17.613 17.668 17.745 17.825
15.64 15.68 15.715 15.722 15.713 15.72 15.748 15.783 15.825 15.87 15.92 15.967 16.005 16.085 16.217 16.35 16.48 16.6 16.707 16.805 16.892 16.922 16.903 16.89 16.88 16.873 16.873 16.883 16.905 16.933 16.97 17.03 17.103 17.165 17.21 17.25 17.29 17.335 17.375 17.402 17.422 17.43 17.43 17.443 17.475 17.505 17.525 17.558 17.612 17.657 17.655 17.622 17.565 17.553 17.595 17.617 17.615 17.602 17.592 17.575 17.553 17.55 17.552 17.535 17.533 17.548 17.563 17.595 17.638 17.65 17.663 17.71 17.78
15.55 15.59 15.635 15.67 15.682 15.695 15.728 15.77 15.815 15.86 15.907 15.947 15.983 16.055 16.18 16.317 16.447 16.565 16.675 16.78 16.875 16.907 16.885 16.865 16.85 16.848 16.858 16.878 16.905 16.93 16.953 16.99 17.05 17.112 17.162 17.207 17.25 17.29 17.32 17.34 17.357 17.368 17.38 17.41 17.45 17.48 17.497 17.518 17.55 17.585 17.62 17.655 17.667 17.68 17.687 17.667 17.647 17.637 17.632 17.622 17.605 17.6 17.59 17.565 17.56 17.573 17.603 17.675 17.727 17.725 17.713 17.713 17.74
15.46 15.5 15.545 15.593 15.638 15.675 15.715 15.76 15.805 15.847 15.89 15.925 15.958 16.023 16.14 16.28 16.412 16.527 16.635 16.745 16.85 16.89 16.87 16.847 16.828 16.83 16.855 16.882 16.907 16.93 16.95 16.973 17.008 17.058 17.11 17.162 17.207 17.237 17.26 17.28 17.295 17.313 17.345 17.385 17.425 17.455 17.467 17.47 17.478 17.5 17.532 17.568 17.632 17.682 17.685 17.68 17.672 17.667 17.665 17.662 17.655 17.642 17.62 17.595 17.588 17.613 17.685 17.775 17.81 17.8 17.787 17.775 17.765
15.395 15.435 15.485 15.543 15.605 15.657 15.703 15.75 15.795 15.83 15.862 15.897 15.93 15.985 16.09 16.225 16.36 16.477 16.585 16.695 16.805 16.852 16.835 16.815 16.8 16.81 16.84 16.87 16.895 16.915 16.932 16.95 16.978 17.018 17.065 17.117 17.162 17.19 17.21 17.228 17.24 17.265 17.31 17.357 17.395 17.412 17.412 17.4 17.39 17.408 17.44 17.5 17.595 17.647 17.652 17.652 17.647 17.645 17.645 17.645 17.652 17.652 17.635 17.62 17.628 17.69 17.8 17.87 17.87 17.852 17.837 17.82 17.8
15.365 15.408 15.465 15.528 15.59 15.642 15.69 15.74 15.787 15.815 15.833 15.863 15.895 15.948 16.04 16.163 16.295 16.412 16.52 16.633 16.745 16.8 16.788 16.768 16.76 16.778 16.81 16.837 16.86 16.877 16.893 16.918 16.96 17 17.033 17.075 17.122 17.152 17.17 17.182 17.188 17.213 17.262 17.31 17.337 17.342 17.335 17.32 17.305 17.318 17.363 17.473 17.582 17.61 17.61 17.6 17.583 17.575 17.575 17.583 17.605 17.622 17.62 17.618 17.65 17.74 17.847 17.887 17.877 17.865 17.845 17.82 17.795
15.345 15.39 15.452 15.515 15.575 15.63 15.68 15.73 15.78 15.807 15.815 15.833 15.86 15.918 16.008 16.113 16.233 16.348 16.458 16.573 16.685 16.747 16.745 16.73 16.725 16.743 16.772 16.795 16.815 16.833 16.858 16.9 16.95 16.99 17.018 17.048 17.088 17.115 17.125 17.13 17.13 17.155 17.197 17.227 17.247 17.252 17.247 17.237 17.225 17.233 17.313 17.467 17.562 17.565 17.552 17.535 17.518 17.508 17.513 17.535 17.565 17.585 17.59 17.603 17.648 17.737 17.817 17.825 17.817 17.822 17.82 17.81 17.788
15.315 15.367 15.432 15.497 15.562 15.622 15.675 15.728 15.78 15.807 15.81 15.815 15.833 15.89 15.983 16.078 16.18 16.29 16.403 16.515 16.627 16.697 16.705 16.695 16.69 16.703 16.727 16.75 16.77 16.798 16.84 16.89 16.942 16.985 17.012 17.038 17.065 17.083 17.085 17.083 17.08 17.095 17.118 17.135 17.153 17.155 17.153 17.153 17.148 17.165 17.285 17.455 17.522 17.513 17.498 17.48 17.465 17.453 17.46 17.492 17.525 17.55 17.573 17.605 17.653 17.732 17.78 17.755 17.735 17.74 17.755 17.765 17.765
15.273 15.332 15.397 15.465 15.543 15.622 15.687 15.743 15.797 15.825 15.823 15.82 15.828 15.87 15.955 16.05 16.145 16.25 16.36 16.47 16.575 16.637 16.645 16.638 16.64 16.655 16.68 16.705 16.733 16.775 16.825 16.875 16.93 16.977 17.007 17.033 17.057 17.07 17.07 17.065 17.065 17.075 17.085 17.098 17.103 17.098 17.1 17.105 17.113 17.143 17.245 17.402 17.477 17.473 17.465 17.45 17.435 17.418 17.413 17.44 17.477 17.512 17.557 17.612 17.662 17.717 17.73 17.69 17.658 17.653 17.668 17.683 17.705
15.228 15.288 15.355 15.435 15.53 15.622 15.702 15.767 15.825 15.855 15.85 15.848 15.858 15.885 15.94 16.02 16.115 16.22 16.33 16.432 16.517 16.565 16.57 16.57 16.585 16.605 16.63 16.663 16.705 16.755 16.805 16.858 16.912 16.96 16.997 17.027 17.055 17.07 17.07 17.07 17.08 17.095 17.105 17.107 17.095 17.085 17.09 17.103 17.125 17.155 17.205 17.325 17.422 17.437 17.44 17.43 17.415 17.395 17.373 17.385 17.423 17.463 17.522 17.595 17.652 17.672 17.655 17.628 17.605 17.6 17.605 17.608 17.623
15.183 15.245 15.323 15.42 15.525 15.615 15.7 15.782 15.852 15.885 15.885 15.89 15.903 15.925 15.958 16.005 16.085 16.19 16.29 16.375 16.45 16.492 16.503 16.515 16.535 16.555 16.585 16.633 16.685 16.735 16.788 16.842 16.897 16.942 16.98 17.017 17.05 17.067 17.073 17.083 17.1 17.115 17.117 17.105 17.085 17.078 17.09 17.115 17.145 17.175 17.205 17.265 17.347 17.39 17.4 17.4 17.392 17.375 17.348 17.345 17.365 17.405 17.475 17.552 17.62 17.64 17.623 17.613 17.61 17.615 17.615 17.605 17.608
15.14 15.21 15.303 15.407 15.512 15.605 15.69 15.78 15.865 15.91 15.922 15.935 15.945 15.965 15.997 16.03 16.078 16.155 16.235 16.308 16.38 16.428 16.45 16.468 16.485 16.513 16.555 16.607 16.66 16.712 16.77 16.827 16.882 16.927 16.965 17.002 17.037 17.065 17.082 17.097 17.115 17.122 17.11 17.09 17.073 17.078 17.105 17.135 17.165 17.195 17.222 17.25 17.298 17.337 17.35 17.358 17.365 17.357 17.335 17.318 17.315 17.358 17.435 17.515 17.59 17.64 17.652 17.65 17.648 17.662 17.675 17.663 17.67
15.1 15.175 15.272 15.377 15.485 15.585 15.675 15.765 15.852 15.91 15.937 15.955 15.965 15.985 16.017 16.05 16.083 16.13 16.195 16.265 16.335 16.387 16.415 16.43 16.445 16.475 16.52 16.57 16.62 16.675 16.735 16.795 16.85 16.89 16.922 16.957 16.995 17.032 17.062 17.08 17.095 17.097 17.08 17.06 17.048 17.075 17.12 17.15 17.18 17.21 17.237 17.262 17.282 17.298 17.313 17.325 17.337 17.34 17.322 17.298 17.285 17.325 17.407 17.487 17.56 17.627 17.672 17.685 17.683 17.702 17.727 17.723 17.748
15.06 15.138 15.233 15.333 15.44 15.55 15.652 15.745 15.827 15.887 15.927 15.952 15.965 15.985 16.015 16.045 16.078 16.12 16.175 16.243 16.315 16.362 16.385 16.4 16.415 16.443 16.48 16.523 16.573 16.628 16.685 16.747 16.805 16.837 16.858 16.888 16.923 16.962 17.002 17.027 17.045 17.05 17.04 17.025 17.013 17.05 17.12 17.165 17.195 17.225 17.252 17.267 17.267 17.273 17.288 17.302 17.312 17.31 17.295 17.277 17.265 17.3 17.38 17.457 17.53 17.6 17.667 17.71 17.72 17.74 17.772 17.79 17.817
15.023 15.103 15.197 15.293 15.395 15.507 15.62 15.722 15.805 15.862 15.905 15.942 15.965 15.985 16.015 16.045 16.075 16.115 16.165 16.223 16.292 16.337 16.355 16.37 16.385 16.415 16.45 16.483 16.528 16.583 16.64 16.702 16.762 16.795 16.808 16.828 16.853 16.888 16.933 16.97 16.995 17 16.995 16.987 16.978 17.015 17.097 17.17 17.215 17.242 17.257 17.252 17.24 17.245 17.263 17.277 17.282 17.273 17.26 17.252 17.243 17.275 17.35 17.425 17.5 17.57 17.645 17.712 17.747 17.775 17.815 17.84 17.84
14.982 15.065 15.16 15.255 15.353 15.462 15.577 15.69 15.78 15.835 15.878 15.922 15.957 15.985 16.015 16.045 16.075 16.115 16.165 16.215 16.272 16.31 16.325 16.34 16.355 16.385 16.42 16.45 16.488 16.538 16.597 16.66 16.72 16.755 16.768 16.785 16.805 16.833 16.873 16.913 16.942 16.95 16.945 16.94 16.94 16.988 17.07 17.155 17.22 17.242 17.24 17.227 17.215 17.22 17.24 17.253 17.25 17.24 17.233 17.228 17.218 17.248 17.323 17.398 17.473 17.545 17.62 17.695 17.755 17.792 17.82 17.832 17.817
14.933 15.02 15.115 15.21 15.305 15.413 15.527 15.642 15.74 15.802 15.85 15.895 15.935 15.97 16 16.032 16.068 16.11 16.16 16.21 16.245 16.262 16.277 16.292 16.31 16.345 16.385 16.417 16.453 16.493 16.548 16.612 16.675 16.725 16.755 16.773 16.793 16.82 16.853 16.885 16.91 16.915 16.91 16.91 16.938 17.008 17.09 17.167 17.215 17.22 17.208 17.198 17.2 17.215 17.235 17.248 17.245 17.235 17.23 17.225 17.225 17.268 17.343 17.418 17.493 17.568 17.643 17.71 17.755 17.772 17.78 17.785 17.775
14.88 14.97 15.063 15.157 15.253 15.358 15.472 15.587 15.692 15.765 15.817 15.865 15.905 15.94 15.973 16.01 16.053 16.1 16.15 16.185 16.19 16.195 16.212 16.23 16.25 16.29 16.34 16.38 16.415 16.45 16.498 16.558 16.62 16.687 16.747 16.777 16.798 16.825 16.855 16.88 16.895 16.895 16.895 16.923 16.988 17.07 17.145 17.192 17.197 17.185 17.173 17.175 17.2 17.225 17.245 17.262 17.265 17.258 17.252 17.245 17.265 17.33 17.407 17.483 17.557 17.632 17.692 17.725 17.73 17.725 17.73 17.737 17.727
14.833 14.92 15.01 15.102 15.198 15.303 15.418 15.535 15.645 15.722 15.777 15.83 15.875 15.912 15.95 15.993 16.04 16.09 16.125 16.127 16.115 16.123 16.145 16.165 16.185 16.225 16.282 16.335 16.375 16.413 16.458 16.505 16.563 16.633 16.707 16.767 16.8 16.825 16.85 16.865 16.875 16.88 16.905 16.97 17.05 17.125 17.172 17.177 17.163 17.15 17.15 17.175 17.21 17.235 17.255 17.275 17.285 17.282 17.275 17.273 17.313 17.39 17.47 17.547 17.622 17.677 17.695 17.69 17.683 17.68 17.683 17.687 17.68
14.78 14.865 14.955 15.045 15.14 15.248 15.365 15.485 15.597 15.677 15.73 15.785 15.837 15.882 15.927 15.975 16.025 16.062 16.07 16.055 16.04 16.048 16.07 16.092 16.115 16.155 16.217 16.28 16.33 16.375 16.42 16.46 16.51 16.578 16.653 16.727 16.785 16.815 16.83 16.84 16.853 16.883 16.945 17.025 17.105 17.155 17.157 17.143 17.13 17.13 17.15 17.185 17.22 17.247 17.27 17.29 17.305 17.305 17.295 17.31 17.37 17.45 17.525 17.602 17.657 17.667 17.655 17.64 17.635 17.635 17.635 17.637 17.63
14.725 14.81 14.9 14.99 15.085 15.193 15.31 15.43 15.535 15.605 15.657 15.712 15.765 15.815 15.865 15.915 15.972 16.01 16.01 15.995 15.98 15.975 15.985 16.007 16.03 16.073 16.137 16.2 16.257 16.307 16.35 16.393 16.455 16.535 16.61 16.682 16.747 16.78 16.79 16.803 16.83 16.888 16.965 17.045 17.122 17.15 17.133 17.118 17.11 17.125 17.157 17.192 17.227 17.257 17.282 17.305 17.322 17.325 17.32 17.355 17.43 17.5 17.557 17.62 17.647 17.635 17.62 17.6 17.588 17.588 17.59 17.592 17.58
14.67 14.755 14.845 14.935 15.03 15.138 15.255 15.362 15.445 15.505 15.56 15.615 15.667 15.72 15.77 15.825 15.892 15.94 15.952 15.945 15.93 15.913 15.9 15.91 15.933 15.978 16.04 16.1 16.16 16.212 16.258 16.32 16.413 16.505 16.58 16.645 16.702 16.735 16.743 16.765 16.815 16.883 16.958 17.035 17.107 17.13 17.115 17.108 17.11 17.13 17.163 17.198 17.232 17.26 17.285 17.312 17.335 17.343 17.355 17.405 17.47 17.52 17.567 17.612 17.625 17.615 17.597 17.568 17.545 17.543 17.545 17.542 17.53
