EGM722_Project_Data/DTM_tif/TL4456.asc
ncols         200
nrows         200
xllcorner     544000.000
yllcorner     256000.000
cellsize      5
NODATA_value  -9999.0
[rows 99 to 131 of 200, columns 0 to 73 of 200]
7.105 7.15 7.15 7.1 7.06 7.025 6.99 6.963 6.945 6.935 6.958 7.01 7.062 7.115 7.15 7.155 7.15 7.285 7.44 7.42 7.467 7.525 7.477 7.425 7.33 7.228 7.168 7.133 7.115 7.12 7.153 7.22 7.292 7.32 7.32 7.312 7.285 7.26 7.283 7.405 7.567 7.7 7.835 7.985 8.102 8.165 8.233 8.335 8.45 8.575 8.71 8.85 9.003 9.183 9.395 9.63 9.868 10.105 10.31 10.483 10.668 10.875 11.095 11.315 11.53 11.735 11.915 12.07 12.225 12.38 12.515 12.635 12.76 12.89
7.123 7.177 7.18 7.125 7.075 7.038 7.005 6.975 6.948 6.933 6.955 7.005 7.058 7.11 7.155 7.173 7.235 7.47 7.388 7.37 7.505 7.368 7.328 7.317 7.28 7.2 7.123 7.085 7.08 7.09 7.118 7.18 7.26 7.327 7.36 7.36 7.345 7.323 7.36 7.503 7.682 7.837 7.977 8.1 8.162 8.193 8.255 8.345 8.443 8.558 8.69 8.843 9.023 9.223 9.44 9.675 9.915 10.152 10.357 10.545 10.75 10.965 11.185 11.4 11.605 11.802 11.98 12.138 12.295 12.45 12.587 12.715 12.85 12.982
7.15 7.205 7.21 7.155 7.1 7.055 7.02 6.99 6.957 6.933 6.95 7.003 7.055 7.105 7.155 7.213 7.382 7.457 7.358 7.367 7.335 7.21 7.16 7.153 7.147 7.12 7.07 7.045 7.05 7.06 7.083 7.143 7.23 7.32 7.372 7.382 7.385 7.378 7.438 7.597 7.782 7.96 8.095 8.162 8.19 8.218 8.278 8.365 8.455 8.553 8.688 8.865 9.063 9.268 9.485 9.72 9.96 10.2 10.418 10.625 10.84 11.055 11.27 11.472 11.67 11.867 12.047 12.208 12.365 12.523 12.668 12.805 12.945 13.075
7.145 7.2 7.205 7.152 7.097 7.052 7.02 6.99 6.96 6.945 6.975 7.033 7.085 7.135 7.185 7.305 7.545 7.41 7.308 7.375 7.185 7.053 6.995 6.99 6.988 6.982 6.98 6.992 7.01 7.02 7.048 7.118 7.215 7.312 7.37 7.385 7.395 7.418 7.488 7.632 7.815 8 8.12 8.155 8.18 8.233 8.313 8.4 8.49 8.598 8.758 8.95 9.148 9.35 9.563 9.795 10.038 10.283 10.513 10.728 10.943 11.157 11.358 11.548 11.745 11.945 12.13 12.293 12.45 12.608 12.758 12.9 13.037 13.157
7.105 7.157 7.16 7.11 7.065 7.033 7.005 6.975 6.96 6.978 7.025 7.087 7.145 7.195 7.255 7.435 7.492 7.38 7.315 7.195 7.05 6.94 6.885 6.868 6.853 6.843 6.865 6.92 6.957 6.97 7.015 7.108 7.21 7.307 7.367 7.385 7.41 7.47 7.54 7.63 7.78 7.965 8.08 8.11 8.158 8.253 8.355 8.445 8.553 8.703 8.888 9.083 9.278 9.475 9.685 9.913 10.153 10.397 10.627 10.843 11.057 11.27 11.46 11.64 11.833 12.03 12.215 12.382 12.545 12.702 12.855 13 13.125 13.222
7.075 7.115 7.115 7.07 7.04 7.017 6.99 6.975 6.99 7.025 7.068 7.128 7.197 7.258 7.36 7.432 7.408 7.375 7.252 7.075 6.963 6.88 6.83 6.803 6.788 6.785 6.803 6.848 6.895 6.928 6.993 7.098 7.202 7.302 7.365 7.4 7.463 7.55 7.625 7.685 7.773 7.923 8.035 8.088 8.175 8.29 8.398 8.503 8.648 8.83 9.02 9.215 9.412 9.608 9.818 10.043 10.273 10.512 10.742 10.958 11.172 11.382 11.57 11.743 11.923 12.113 12.295 12.467 12.637 12.8 12.955 13.087 13.19 13.277
7.065 7.085 7.08 7.048 7.025 7.003 6.993 7.01 7.04 7.073 7.11 7.165 7.24 7.315 7.49 7.368 7.333 7.37 7.12 7.01 6.913 6.833 6.8 6.803 6.815 6.828 6.83 6.835 6.855 6.903 6.988 7.09 7.195 7.3 7.38 7.453 7.543 7.638 7.715 7.773 7.828 7.915 8.013 8.105 8.215 8.33 8.45 8.593 8.77 8.96 9.15 9.345 9.545 9.74 9.947 10.172 10.4 10.63 10.855 11.072 11.287 11.497 11.685 11.855 12.028 12.205 12.38 12.552 12.725 12.892 13.042 13.155 13.245 13.335
7.065 7.072 7.063 7.038 7.018 7 7.03 7.087 7.115 7.138 7.163 7.215 7.31 7.462 7.475 7.378 7.42 7.338 7.135 7.02 6.92 6.845 6.833 6.86 6.885 6.895 6.893 6.89 6.933 7.033 7.14 7.243 7.348 7.443 7.53 7.623 7.718 7.795 7.855 7.91 7.965 8.015 8.068 8.15 8.258 8.373 8.503 8.67 8.857 9.057 9.262 9.46 9.66 9.855 10.06 10.285 10.515 10.742 10.965 11.182 11.398 11.615 11.807 11.975 12.145 12.31 12.468 12.63 12.8 12.97 13.112 13.212 13.3 13.39
7.06 7.067 7.057 7.035 7.023 7.015 7.07 7.17 7.227 7.253 7.265 7.33 7.48 7.62 7.435 7.44 7.63 7.467 7.243 7.08 6.983 6.92 6.913 6.935 6.955 6.96 6.97 7.025 7.155 7.315 7.44 7.545 7.642 7.717 7.795 7.887 7.965 8.007 8.048 8.102 8.15 8.177 8.195 8.233 8.31 8.415 8.545 8.715 8.913 9.138 9.36 9.56 9.76 9.958 10.165 10.388 10.615 10.847 11.072 11.288 11.51 11.737 11.932 12.1 12.265 12.422 12.568 12.71 12.873 13.045 13.18 13.27 13.355 13.445
7.047 7.06 7.055 7.043 7.04 7.038 7.095 7.215 7.32 7.385 7.423 7.513 7.66 7.525 7.383 7.535 7.605 7.522 7.35 7.17 7.055 7.005 6.995 7.01 7.023 7.045 7.125 7.265 7.438 7.607 7.742 7.84 7.917 7.98 8.055 8.132 8.177 8.203 8.242 8.29 8.317 8.333 8.35 8.37 8.405 8.473 8.588 8.765 8.99 9.235 9.46 9.66 9.86 10.06 10.27 10.492 10.72 10.952 11.177 11.398 11.63 11.862 12.057 12.222 12.382 12.54 12.685 12.815 12.958 13.117 13.245 13.33 13.415 13.505
7.03 7.047 7.052 7.05 7.05 7.06 7.13 7.25 7.37 7.477 7.56 7.65 7.56 7.385 7.438 7.54 7.565 7.51 7.385 7.24 7.133 7.095 7.078 7.08 7.123 7.223 7.377 7.55 7.722 7.895 8.035 8.122 8.185 8.242 8.3 8.342 8.37 8.397 8.43 8.457 8.47 8.485 8.505 8.525 8.545 8.575 8.663 8.845 9.085 9.335 9.56 9.76 9.96 10.163 10.37 10.592 10.825 11.055 11.285 11.515 11.75 11.985 12.18 12.34 12.5 12.657 12.8 12.93 13.06 13.195 13.307 13.392 13.477 13.562
7.01 7.03 7.04 7.043 7.053 7.1 7.2 7.32 7.44 7.547 7.635 7.717 7.4 7.288 7.497 7.48 7.515 7.48 7.367 7.248 7.175 7.155 7.145 7.178 7.285 7.435 7.6 7.765 7.927 8.09 8.21 8.277 8.332 8.385 8.425 8.452 8.482 8.515 8.547 8.582 8.615 8.64 8.67 8.708 8.745 8.783 8.88 9.075 9.308 9.51 9.69 9.888 10.09 10.28 10.463 10.67 10.9 11.132 11.372 11.612 11.847 12.08 12.287 12.46 12.62 12.777 12.917 13.045 13.17 13.28 13.37 13.455 13.54 13.617
6.995 7.015 7.025 7.035 7.083 7.18 7.3 7.42 7.527 7.61 7.685 7.57 7.348 7.32 7.38 7.417 7.452 7.442 7.352 7.245 7.188 7.175 7.205 7.315 7.465 7.603 7.74 7.878 8.018 8.157 8.252 8.305 8.355 8.405 8.445 8.478 8.512 8.547 8.587 8.64 8.7 8.782 8.89 8.97 9.025 9.085 9.22 9.425 9.602 9.727 9.858 10.045 10.24 10.4 10.555 10.74 10.955 11.188 11.43 11.677 11.917 12.15 12.372 12.572 12.745 12.902 13.04 13.16 13.267 13.352 13.433 13.517 13.597 13.667
6.993 7.003 7.02 7.065 7.16 7.277 7.395 7.502 7.587 7.66 7.605 7.435 7.373 7.345 7.32 7.355 7.39 7.405 7.342 7.253 7.205 7.208 7.298 7.46 7.63 7.775 7.9 8.02 8.13 8.215 8.275 8.325 8.378 8.427 8.467 8.503 8.538 8.575 8.615 8.665 8.738 8.875 9.065 9.227 9.327 9.41 9.552 9.71 9.82 9.913 10.03 10.197 10.365 10.5 10.653 10.83 11.023 11.24 11.483 11.735 11.983 12.223 12.448 12.662 12.86 13.025 13.152 13.252 13.34 13.417 13.497 13.577 13.65 13.715
6.997 6.995 7.033 7.13 7.252 7.372 7.477 7.56 7.635 7.71 7.448 7.345 7.382 7.243 7.278 7.308 7.338 7.365 7.337 7.268 7.225 7.278 7.428 7.602 7.78 7.95 8.092 8.192 8.252 8.285 8.313 8.353 8.403 8.452 8.492 8.528 8.565 8.602 8.64 8.698 8.788 8.933 9.135 9.352 9.532 9.675 9.802 9.905 9.997 10.09 10.195 10.33 10.467 10.595 10.75 10.93 11.11 11.305 11.54 11.803 12.068 12.328 12.558 12.765 12.97 13.135 13.242 13.325 13.403 13.48 13.558 13.63 13.698 13.76
6.997 6.99 7.033 7.14 7.265 7.39 7.495 7.587 7.68 7.57 7.368 7.368 7.343 7.285 7.315 7.34 7.363 7.385 7.365 7.303 7.29 7.395 7.568 7.743 7.92 8.1 8.237 8.295 8.315 8.335 8.36 8.395 8.435 8.478 8.517 8.555 8.595 8.63 8.663 8.728 8.828 8.968 9.165 9.38 9.6 9.795 9.922 10.015 10.107 10.215 10.335 10.453 10.57 10.695 10.858 11.055 11.258 11.463 11.685 11.945 12.228 12.502 12.735 12.935 13.125 13.26 13.33 13.395 13.473 13.55 13.625 13.693 13.755 13.815
6.995 6.985 7.018 7.103 7.21 7.33 7.445 7.563 7.657 7.438 7.415 7.56 7.423 7.385 7.415 7.437 7.452 7.46 7.428 7.398 7.445 7.555 7.705 7.88 8.06 8.217 8.31 8.347 8.367 8.385 8.41 8.445 8.477 8.508 8.545 8.582 8.617 8.652 8.688 8.755 8.855 8.985 9.175 9.395 9.625 9.837 9.977 10.078 10.19 10.323 10.46 10.58 10.7 10.858 11.058 11.278 11.505 11.73 11.943 12.173 12.443 12.715 12.945 13.135 13.297 13.41 13.455 13.485 13.548 13.625 13.7 13.767 13.83 13.885
6.99 6.983 7.015 7.088 7.173 7.283 7.423 7.582 7.498 7.415 7.575 7.617 7.527 7.485 7.51 7.525 7.535 7.533 7.523 7.563 7.65 7.745 7.863 8.02 8.182 8.292 8.35 8.387 8.415 8.435 8.46 8.492 8.52 8.543 8.573 8.605 8.635 8.67 8.713 8.785 8.885 9.005 9.185 9.415 9.655 9.882 10.047 10.173 10.315 10.46 10.593 10.728 10.903 11.125 11.355 11.578 11.803 12.025 12.233 12.438 12.67 12.925 13.147 13.312 13.45 13.56 13.607 13.615 13.64 13.7 13.773 13.84 13.907 13.957
6.98 6.975 7.013 7.085 7.158 7.283 7.48 7.495 7.39 7.51 7.61 7.592 7.582 7.57 7.587 7.6 7.61 7.628 7.675 7.76 7.855 7.947 8.045 8.16 8.267 8.34 8.39 8.425 8.455 8.483 8.51 8.535 8.555 8.575 8.6 8.63 8.66 8.693 8.738 8.815 8.915 9.028 9.205 9.445 9.693 9.932 10.127 10.287 10.45 10.6 10.755 10.948 11.185 11.435 11.665 11.885 12.105 12.322 12.53 12.73 12.932 13.142 13.325 13.465 13.595 13.71 13.762 13.768 13.773 13.805 13.863 13.918 13.98 14.03
6.965 6.973 7.015 7.08 7.153 7.308 7.562 7.37 7.343 7.57 7.503 7.543 7.592 7.617 7.632 7.647 7.668 7.723 7.812 7.91 8.005 8.097 8.192 8.277 8.347 8.4 8.435 8.468 8.5 8.53 8.555 8.572 8.588 8.605 8.63 8.66 8.69 8.72 8.77 8.855 8.955 9.068 9.25 9.495 9.743 9.987 10.195 10.37 10.545 10.718 10.922 11.165 11.417 11.662 11.89 12.107 12.322 12.527 12.722 12.917 13.115 13.307 13.467 13.602 13.737 13.862 13.925 13.95 13.988 14.03 14.08 14.128 14.163 14.17
6.96 6.995 7.035 7.08 7.153 7.34 7.44 7.375 7.445 7.46 7.44 7.54 7.61 7.642 7.658 7.675 7.72 7.805 7.907 8.01 8.107 8.202 8.295 8.375 8.432 8.465 8.485 8.513 8.545 8.575 8.595 8.608 8.622 8.638 8.66 8.69 8.72 8.748 8.805 8.902 9.005 9.12 9.308 9.552 9.798 10.045 10.255 10.428 10.613 10.818 11.05 11.3 11.547 11.787 12.012 12.225 12.425 12.612 12.8 12.995 13.205 13.417 13.59 13.727 13.868 14.012 14.122 14.207 14.29 14.355 14.41 14.435 14.417 14.375
6.985 7.035 7.07 7.1 7.188 7.33 7.38 7.505 7.572 7.42 7.425 7.55 7.63 7.667 7.683 7.718 7.795 7.895 7.997 8.102 8.207 8.305 8.392 8.46 8.495 8.515 8.535 8.56 8.587 8.612 8.632 8.645 8.658 8.67 8.69 8.72 8.747 8.773 8.838 8.945 9.053 9.173 9.365 9.61 9.855 10.102 10.315 10.5 10.705 10.925 11.158 11.405 11.65 11.89 12.115 12.315 12.497 12.68 12.878 13.088 13.31 13.53 13.705 13.848 14 14.165 14.315 14.442 14.555 14.642 14.687 14.67 14.62 14.57
7.025 7.073 7.108 7.165 7.352 7.323 7.408 7.617 7.505 7.375 7.395 7.547 7.65 7.692 7.72 7.788 7.885 7.985 8.085 8.19 8.3 8.405 8.485 8.527 8.55 8.568 8.585 8.607 8.63 8.65 8.67 8.685 8.692 8.703 8.722 8.75 8.775 8.803 8.875 8.987 9.1 9.228 9.423 9.668 9.915 10.165 10.393 10.603 10.818 11.03 11.257 11.502 11.745 11.985 12.202 12.387 12.565 12.758 12.973 13.195 13.42 13.642 13.827 13.987 14.155 14.325 14.475 14.6 14.715 14.815 14.85 14.825 14.795 14.76
7.093 7.123 7.19 7.355 7.415 7.365 7.493 7.555 7.43 7.32 7.355 7.522 7.657 7.723 7.78 7.875 7.975 8.078 8.185 8.283 8.378 8.482 8.555 8.585 8.605 8.622 8.637 8.647 8.66 8.68 8.697 8.71 8.72 8.732 8.75 8.772 8.798 8.835 8.915 9.027 9.14 9.28 9.498 9.755 10.008 10.265 10.505 10.722 10.932 11.112 11.325 11.582 11.825 12.065 12.275 12.455 12.643 12.853 13.08 13.305 13.53 13.755 13.947 14.12 14.302 14.48 14.62 14.725 14.822 14.912 14.947 14.932 14.92 14.91
7.207 7.235 7.348 7.57 7.418 7.455 7.682 7.533 7.393 7.285 7.33 7.5 7.663 7.783 7.883 7.995 8.105 8.218 8.332 8.407 8.453 8.53 8.602 8.635 8.655 8.672 8.682 8.68 8.68 8.695 8.71 8.723 8.737 8.75 8.765 8.788 8.82 8.868 8.95 9.06 9.178 9.328 9.57 9.865 10.135 10.392 10.63 10.842 11.022 11.155 11.358 11.64 11.897 12.14 12.35 12.535 12.738 12.96 13.187 13.413 13.64 13.865 14.047 14.213 14.405 14.582 14.715 14.82 14.917 15.005 15.04 15.028 15.02 15.027
7.307 7.38 7.52 7.51 7.448 7.672 7.785 7.64 7.47 7.348 7.385 7.558 7.738 7.908 8.045 8.163 8.28 8.4 8.507 8.555 8.555 8.59 8.652 8.687 8.705 8.717 8.717 8.71 8.703 8.708 8.72 8.735 8.75 8.76 8.778 8.81 8.855 8.905 8.985 9.1 9.23 9.375 9.613 9.935 10.242 10.517 10.747 10.93 11.065 11.178 11.383 11.675 11.957 12.215 12.427 12.628 12.845 13.07 13.295 13.52 13.747 13.972 14.152 14.298 14.472 14.635 14.765 14.89 15.002 15.095 15.132 15.133 15.142 15.155
7.383 7.502 7.507 7.423 7.593 7.84 7.902 7.83 7.648 7.488 7.508 7.688 7.875 8.062 8.225 8.35 8.465 8.582 8.665 8.687 8.68 8.683 8.715 8.742 8.75 8.752 8.747 8.74 8.73 8.728 8.735 8.748 8.76 8.77 8.798 8.845 8.895 8.948 9.033 9.155 9.29 9.43 9.655 9.975 10.307 10.62 10.84 10.975 11.09 11.203 11.405 11.698 11.992 12.272 12.51 12.73 12.955 13.18 13.405 13.63 13.855 14.077 14.262 14.397 14.54 14.682 14.81 14.94 15.065 15.17 15.22 15.237 15.26 15.275
7.478 7.615 7.4 7.438 7.805 7.89 7.98 8.005 7.875 7.683 7.673 7.838 8.023 8.208 8.387 8.535 8.64 8.725 8.772 8.78 8.78 8.777 8.782 8.787 8.785 8.78 8.773 8.767 8.76 8.753 8.753 8.763 8.775 8.785 8.823 8.88 8.932 8.988 9.098 9.26 9.41 9.55 9.75 10.045 10.38 10.702 10.91 11.023 11.138 11.26 11.458 11.74 12.035 12.325 12.585 12.815 13.04 13.257 13.487 13.725 13.95 14.172 14.355 14.487 14.612 14.74 14.868 14.995 15.117 15.212 15.262 15.287 15.312 15.335
7.577 7.525 7.398 7.603 7.855 7.94 8.03 8.112 8.08 7.943 7.923 8.043 8.205 8.383 8.562 8.692 8.757 8.81 8.837 8.84 8.845 8.85 8.842 8.825 8.813 8.807 8.8 8.793 8.785 8.778 8.775 8.78 8.792 8.805 8.845 8.91 8.967 9.02 9.158 9.382 9.577 9.73 9.91 10.168 10.483 10.785 10.975 11.09 11.218 11.363 11.558 11.813 12.095 12.387 12.647 12.875 13.095 13.298 13.53 13.79 14.027 14.252 14.43 14.557 14.682 14.807 14.932 15.055 15.157 15.227 15.267 15.292 15.317 15.34
7.66 7.43 7.45 7.825 7.905 7.988 8.075 8.167 8.222 8.207 8.225 8.315 8.435 8.59 8.752 8.827 8.838 8.875 8.9 8.903 8.907 8.907 8.895 8.87 8.845 8.833 8.827 8.82 8.81 8.803 8.8 8.803 8.81 8.823 8.865 8.932 8.995 9.053 9.203 9.455 9.697 9.892 10.088 10.323 10.598 10.865 11.042 11.178 11.325 11.48 11.675 11.913 12.17 12.452 12.71 12.927 13.135 13.333 13.56 13.827 14.092 14.33 14.502 14.625 14.748 14.872 14.997 15.102 15.175 15.232 15.272 15.297 15.32 15.34
7.532 7.453 7.678 7.89 7.955 8.035 8.12 8.215 8.328 8.425 8.507 8.605 8.705 8.82 8.925 8.952 8.935 8.945 8.96 8.965 8.967 8.957 8.94 8.915 8.887 8.868 8.855 8.845 8.837 8.83 8.825 8.828 8.833 8.843 8.885 8.953 9.018 9.09 9.258 9.515 9.775 10.017 10.247 10.485 10.735 10.962 11.135 11.287 11.442 11.598 11.79 12.028 12.273 12.53 12.77 12.973 13.17 13.368 13.59 13.855 14.135 14.395 14.575 14.695 14.815 14.937 15.045 15.12 15.18 15.235 15.275 15.3 15.32 15.34
7.438 7.593 7.937 8.02 8.055 8.108 8.195 8.318 8.458 8.607 8.732 8.84 8.947 9.025 9.052 9.045 9.027 9.017 9.012 9.01 9.005 8.99 8.97 8.945 8.92 8.9 8.882 8.87 8.862 8.855 8.852 8.855 8.858 8.868 8.908 8.975 9.05 9.153 9.34 9.595 9.855 10.115 10.365 10.61 10.847 11.05 11.22 11.377 11.535 11.695 11.895 12.137 12.38 12.623 12.86 13.075 13.275 13.47 13.67 13.905 14.175 14.447 14.64 14.76 14.88 14.992 15.075 15.135 15.195 15.245 15.265 15.275 15.295 15.315
7.47 7.845 8.062 8.185 8.223 8.263 8.36 8.493 8.635 8.787 8.922 9.032 9.125 9.147 9.12 9.1 9.085 9.072 9.053 9.035 9.025 9.01 8.99 8.965 8.94 8.92 8.905 8.895 8.885 8.875 8.875 8.882 8.885 8.893 8.933 9.01 9.118 9.253 9.443 9.688 9.945 10.205 10.455 10.692 10.912 11.107 11.28 11.44 11.602 11.768 11.978 12.23 12.477 12.72 12.97 13.215 13.437 13.64 13.82 14.008 14.238 14.502 14.7 14.82 14.932 15.03 15.105 15.165 15.222 15.267 15.265 15.24 15.245 15.265
