EGM722_Project_Data/DTM_tif/TL4556.asc
ncols         200
nrows         200
xllcorner     545000.000
yllcorner     256000.000
cellsize      5
NODATA_value  -9999.0
[rows 160 to 191 of 200, columns 73 to 145 of 200]
12.308 12.352 12.395 12.43 12.465 12.505 12.542 12.57 12.59 12.542 12.438 12.34 12.235 12.12 11.995 11.852 11.713 11.65 11.65 11.65 11.645 11.63 11.613 11.623 11.652 11.675 11.695 11.705 11.685 11.605 11.485 11.39 11.34 11.443 11.725 12.045 12.307 12.415 12.407 12.395 12.38 12.317 12.213 12.138 12.105 12.09 12.08 12.073 12.073 12.075 12.075 12.078 12.088 12.097 12.1 12.105 12.115 12.125 12.135 12.142 12.145 12.153 12.167 12.182 12.195 12.22 12.262 12.305 12.345 12.375 12.403 12.435 12.465
12.245 12.29 12.337 12.377 12.415 12.452 12.482 12.507 12.53 12.49 12.395 12.3 12.2 12.095 11.965 11.808 11.668 11.61 11.61 11.613 11.615 11.612 11.605 11.618 11.645 11.665 11.685 11.705 11.71 11.647 11.533 11.418 11.33 11.455 11.775 12.102 12.392 12.517 12.507 12.492 12.477 12.415 12.305 12.205 12.14 12.115 12.105 12.095 12.087 12.085 12.085 12.085 12.09 12.095 12.095 12.095 12.1 12.11 12.12 12.13 12.138 12.148 12.163 12.18 12.198 12.225 12.268 12.31 12.352 12.387 12.42 12.455 12.485
12.188 12.225 12.275 12.32 12.363 12.398 12.42 12.443 12.465 12.44 12.358 12.263 12.168 12.08 11.978 11.833 11.693 11.628 11.615 11.605 11.598 11.595 11.595 11.613 11.643 11.665 11.688 11.71 11.727 11.712 11.637 11.53 11.428 11.538 11.86 12.18 12.452 12.565 12.555 12.542 12.53 12.47 12.36 12.247 12.158 12.123 12.115 12.105 12.095 12.097 12.105 12.105 12.108 12.108 12.105 12.108 12.115 12.125 12.135 12.143 12.145 12.153 12.168 12.185 12.205 12.235 12.275 12.315 12.358 12.397 12.432 12.467 12.502
12.138 12.17 12.233 12.293 12.35 12.39 12.41 12.43 12.448 12.417 12.333 12.238 12.148 12.083 12.027 11.93 11.8 11.72 11.695 11.67 11.645 11.63 11.608 11.613 11.65 11.678 11.705 11.727 11.74 11.755 11.742 11.672 11.57 11.663 11.97 12.255 12.477 12.57 12.56 12.547 12.535 12.477 12.367 12.248 12.15 12.115 12.112 12.105 12.095 12.105 12.125 12.132 12.135 12.135 12.138 12.145 12.155 12.165 12.175 12.175 12.163 12.165 12.182 12.2 12.218 12.245 12.285 12.325 12.365 12.405 12.44 12.475 12.515
12.125 12.163 12.24 12.315 12.387 12.435 12.452 12.467 12.48 12.435 12.328 12.223 12.14 12.09 12.057 12.005 11.907 11.83 11.805 11.775 11.727 11.68 11.63 11.625 11.668 11.7 11.725 11.74 11.75 11.765 11.78 11.767 11.708 11.795 12.052 12.28 12.48 12.575 12.565 12.55 12.535 12.48 12.367 12.24 12.138 12.1 12.102 12.102 12.095 12.105 12.13 12.15 12.162 12.168 12.175 12.185 12.195 12.205 12.207 12.195 12.178 12.18 12.198 12.215 12.233 12.258 12.295 12.335 12.375 12.412 12.448 12.485 12.525
12.15 12.195 12.275 12.352 12.427 12.475 12.49 12.497 12.505 12.46 12.337 12.215 12.143 12.105 12.072 12.037 11.985 11.927 11.882 11.83 11.762 11.695 11.66 11.67 11.7 11.725 11.74 11.75 11.76 11.773 11.787 11.8 11.795 11.888 12.09 12.29 12.482 12.567 12.555 12.542 12.53 12.475 12.36 12.227 12.12 12.083 12.088 12.093 12.095 12.11 12.138 12.165 12.187 12.2 12.21 12.222 12.235 12.237 12.227 12.21 12.195 12.198 12.213 12.228 12.245 12.273 12.308 12.345 12.385 12.42 12.455 12.495 12.535
12.19 12.225 12.295 12.375 12.45 12.5 12.52 12.525 12.53 12.477 12.345 12.225 12.155 12.115 12.08 12.045 12.012 11.967 11.907 11.84 11.77 11.725 11.728 11.74 11.742 11.745 11.748 11.755 11.767 11.78 11.795 11.81 11.85 11.978 12.17 12.362 12.505 12.535 12.505 12.49 12.48 12.422 12.305 12.18 12.098 12.078 12.083 12.09 12.105 12.13 12.16 12.19 12.212 12.227 12.24 12.252 12.267 12.267 12.253 12.235 12.22 12.22 12.235 12.25 12.265 12.295 12.33 12.365 12.402 12.433 12.463 12.5 12.54
12.248 12.27 12.315 12.385 12.462 12.517 12.545 12.555 12.555 12.485 12.358 12.263 12.19 12.128 12.08 12.043 12.007 11.962 11.907 11.847 11.795 11.78 11.79 11.79 11.78 11.765 11.755 11.76 11.775 11.79 11.805 11.83 11.925 12.105 12.3 12.445 12.51 12.495 12.438 12.4 12.385 12.325 12.213 12.125 12.088 12.083 12.09 12.108 12.135 12.165 12.195 12.22 12.237 12.252 12.265 12.278 12.295 12.3 12.285 12.265 12.25 12.25 12.265 12.28 12.295 12.325 12.36 12.392 12.422 12.448 12.473 12.503 12.54
12.315 12.333 12.355 12.403 12.475 12.53 12.562 12.582 12.57 12.495 12.395 12.318 12.243 12.168 12.1 12.045 12.003 11.957 11.903 11.848 11.82 11.822 11.825 11.822 11.815 11.795 11.773 11.77 11.785 11.8 11.815 11.883 12.04 12.232 12.377 12.447 12.48 12.465 12.398 12.333 12.295 12.235 12.155 12.113 12.093 12.093 12.11 12.138 12.17 12.2 12.227 12.247 12.262 12.278 12.293 12.31 12.33 12.332 12.315 12.298 12.283 12.283 12.298 12.312 12.328 12.352 12.385 12.412 12.438 12.463 12.488 12.513 12.543
12.382 12.398 12.413 12.438 12.49 12.542 12.577 12.605 12.592 12.527 12.447 12.372 12.295 12.217 12.14 12.068 12.01 11.955 11.898 11.848 11.828 11.835 11.842 11.845 11.847 11.835 11.805 11.793 11.8 11.81 11.85 11.98 12.17 12.315 12.38 12.413 12.447 12.435 12.37 12.298 12.235 12.183 12.145 12.12 12.1 12.108 12.137 12.17 12.2 12.23 12.252 12.27 12.287 12.305 12.325 12.345 12.365 12.365 12.347 12.332 12.318 12.317 12.33 12.342 12.355 12.372 12.4 12.427 12.455 12.48 12.503 12.528 12.553
12.45 12.465 12.48 12.495 12.522 12.55 12.572 12.595 12.587 12.53 12.455 12.38 12.3 12.22 12.145 12.083 12.033 11.978 11.905 11.848 11.833 11.84 11.853 11.863 11.875 11.87 11.865 11.888 11.9 11.898 11.928 12.058 12.242 12.342 12.37 12.4 12.43 12.42 12.36 12.29 12.223 12.178 12.155 12.133 12.118 12.125 12.153 12.187 12.22 12.25 12.272 12.287 12.305 12.325 12.345 12.367 12.387 12.385 12.37 12.355 12.343 12.337 12.34 12.35 12.357 12.372 12.4 12.43 12.46 12.492 12.52 12.545 12.57
12.512 12.52 12.527 12.532 12.527 12.522 12.53 12.54 12.537 12.492 12.417 12.34 12.265 12.2 12.145 12.1 12.063 12.032 11.963 11.875 11.85 11.86 11.875 11.892 11.907 11.9 11.975 12.082 12.1 12.08 12.043 12.105 12.267 12.36 12.385 12.413 12.437 12.427 12.372 12.305 12.238 12.193 12.17 12.153 12.143 12.148 12.165 12.195 12.23 12.257 12.282 12.3 12.315 12.335 12.357 12.38 12.395 12.392 12.378 12.368 12.365 12.353 12.338 12.34 12.345 12.36 12.39 12.42 12.453 12.492 12.532 12.562 12.588
12.535 12.537 12.532 12.512 12.48 12.465 12.472 12.478 12.482 12.452 12.383 12.315 12.26 12.215 12.178 12.14 12.1 12.085 12.055 11.978 11.928 11.915 11.913 11.925 11.94 11.98 12.165 12.32 12.315 12.27 12.198 12.185 12.288 12.377 12.402 12.427 12.452 12.44 12.385 12.32 12.253 12.21 12.193 12.178 12.165 12.17 12.188 12.208 12.238 12.265 12.288 12.31 12.327 12.345 12.367 12.385 12.397 12.397 12.388 12.39 12.395 12.38 12.353 12.335 12.333 12.35 12.38 12.413 12.448 12.488 12.532 12.572 12.605
12.528 12.525 12.5 12.46 12.423 12.408 12.418 12.428 12.435 12.42 12.375 12.33 12.29 12.25 12.212 12.175 12.138 12.123 12.122 12.097 12.057 12.025 12 11.985 11.998 12.138 12.405 12.547 12.515 12.447 12.373 12.31 12.333 12.392 12.417 12.442 12.467 12.452 12.395 12.33 12.265 12.228 12.215 12.202 12.19 12.195 12.212 12.228 12.248 12.27 12.292 12.317 12.335 12.35 12.37 12.387 12.402 12.407 12.41 12.42 12.427 12.412 12.38 12.35 12.33 12.34 12.373 12.407 12.442 12.483 12.528 12.572 12.615
12.527 12.512 12.47 12.425 12.395 12.388 12.398 12.41 12.42 12.41 12.377 12.342 12.31 12.28 12.247 12.21 12.173 12.155 12.16 12.162 12.145 12.115 12.085 12.06 12.135 12.37 12.647 12.755 12.697 12.622 12.54 12.452 12.398 12.393 12.412 12.435 12.455 12.445 12.397 12.337 12.275 12.238 12.225 12.215 12.21 12.22 12.235 12.247 12.255 12.265 12.287 12.31 12.325 12.337 12.355 12.375 12.39 12.4 12.412 12.425 12.437 12.43 12.4 12.37 12.338 12.333 12.363 12.397 12.433 12.475 12.525 12.57 12.615
12.53 12.51 12.468 12.428 12.403 12.4 12.41 12.423 12.435 12.417 12.37 12.328 12.297 12.275 12.25 12.22 12.192 12.178 12.183 12.195 12.187 12.16 12.13 12.18 12.385 12.662 12.872 12.902 12.817 12.73 12.635 12.532 12.433 12.378 12.378 12.395 12.407 12.402 12.377 12.335 12.28 12.24 12.225 12.22 12.225 12.24 12.255 12.26 12.253 12.255 12.275 12.29 12.3 12.31 12.325 12.342 12.357 12.37 12.382 12.397 12.412 12.415 12.4 12.372 12.338 12.328 12.35 12.383 12.418 12.465 12.522 12.57 12.615
12.53 12.51 12.475 12.448 12.425 12.418 12.425 12.437 12.447 12.425 12.372 12.32 12.278 12.248 12.225 12.208 12.195 12.193 12.205 12.225 12.23 12.21 12.24 12.415 12.652 12.862 12.977 12.947 12.857 12.76 12.66 12.557 12.453 12.375 12.348 12.353 12.357 12.35 12.335 12.31 12.272 12.238 12.228 12.235 12.248 12.262 12.27 12.262 12.245 12.245 12.26 12.265 12.27 12.28 12.295 12.31 12.323 12.335 12.348 12.363 12.377 12.382 12.377 12.362 12.335 12.328 12.345 12.368 12.4 12.45 12.51 12.565 12.615
12.53 12.515 12.49 12.47 12.447 12.433 12.432 12.437 12.44 12.415 12.365 12.313 12.268 12.238 12.22 12.21 12.2 12.213 12.237 12.255 12.268 12.3 12.417 12.607 12.782 12.925 12.985 12.937 12.86 12.775 12.68 12.58 12.478 12.39 12.343 12.328 12.318 12.303 12.288 12.27 12.25 12.233 12.235 12.252 12.27 12.277 12.27 12.255 12.235 12.233 12.24 12.243 12.248 12.258 12.273 12.285 12.293 12.303 12.318 12.33 12.345 12.353 12.348 12.34 12.328 12.33 12.345 12.36 12.388 12.435 12.495 12.555 12.61
12.532 12.517 12.495 12.475 12.455 12.438 12.425 12.42 12.42 12.395 12.345 12.303 12.278 12.26 12.238 12.22 12.218 12.245 12.275 12.29 12.31 12.388 12.527 12.672 12.815 12.95 12.987 12.922 12.847 12.772 12.69 12.595 12.495 12.418 12.373 12.338 12.305 12.278 12.258 12.243 12.23 12.22 12.222 12.237 12.255 12.265 12.26 12.245 12.225 12.223 12.233 12.238 12.243 12.258 12.278 12.288 12.293 12.298 12.305 12.315 12.33 12.34 12.335 12.328 12.325 12.333 12.348 12.363 12.383 12.42 12.475 12.532 12.587
12.53 12.512 12.488 12.47 12.46 12.447 12.425 12.405 12.4 12.375 12.333 12.313 12.31 12.297 12.268 12.24 12.245 12.285 12.317 12.335 12.363 12.443 12.575 12.71 12.847 12.965 12.975 12.905 12.833 12.758 12.682 12.602 12.518 12.455 12.412 12.367 12.323 12.283 12.25 12.23 12.217 12.203 12.195 12.198 12.21 12.23 12.242 12.235 12.215 12.215 12.232 12.242 12.25 12.27 12.297 12.312 12.32 12.32 12.313 12.318 12.332 12.337 12.333 12.33 12.333 12.34 12.353 12.368 12.385 12.41 12.448 12.498 12.555
12.52 12.505 12.485 12.475 12.472 12.462 12.437 12.405 12.385 12.365 12.345 12.343 12.347 12.335 12.303 12.268 12.265 12.315 12.362 12.385 12.42 12.51 12.638 12.762 12.892 12.977 12.96 12.89 12.82 12.748 12.678 12.61 12.542 12.487 12.44 12.393 12.347 12.303 12.26 12.225 12.203 12.19 12.18 12.17 12.173 12.19 12.21 12.217 12.208 12.21 12.23 12.247 12.26 12.28 12.31 12.335 12.347 12.345 12.333 12.328 12.335 12.337 12.335 12.335 12.338 12.348 12.363 12.38 12.4 12.418 12.438 12.473 12.525
12.51 12.498 12.487 12.485 12.485 12.477 12.455 12.425 12.398 12.383 12.383 12.385 12.387 12.38 12.352 12.32 12.303 12.34 12.402 12.435 12.48 12.577 12.702 12.797 12.855 12.89 12.91 12.89 12.825 12.755 12.688 12.62 12.558 12.51 12.465 12.417 12.372 12.327 12.282 12.235 12.198 12.18 12.17 12.158 12.148 12.155 12.173 12.188 12.195 12.205 12.225 12.245 12.265 12.29 12.32 12.35 12.37 12.367 12.355 12.345 12.34 12.34 12.343 12.345 12.345 12.355 12.375 12.395 12.415 12.432 12.45 12.47 12.5
12.505 12.49 12.475 12.47 12.47 12.48 12.485 12.468 12.443 12.43 12.433 12.435 12.425 12.407 12.392 12.38 12.368 12.383 12.433 12.478 12.537 12.61 12.667 12.692 12.68 12.68 12.742 12.807 12.815 12.775 12.705 12.635 12.575 12.53 12.485 12.43 12.37 12.33 12.297 12.25 12.205 12.18 12.17 12.16 12.148 12.148 12.163 12.178 12.193 12.21 12.23 12.25 12.278 12.31 12.34 12.367 12.382 12.375 12.36 12.35 12.34 12.342 12.352 12.358 12.36 12.365 12.378 12.395 12.415 12.435 12.455 12.472 12.493
12.5 12.48 12.455 12.438 12.43 12.46 12.512 12.522 12.5 12.49 12.49 12.477 12.445 12.415 12.403 12.4 12.41 12.438 12.478 12.522 12.55 12.53 12.493 12.473 12.455 12.445 12.495 12.597 12.687 12.735 12.717 12.655 12.595 12.54 12.477 12.402 12.328 12.298 12.29 12.257 12.213 12.188 12.182 12.172 12.16 12.163 12.177 12.193 12.21 12.23 12.25 12.273 12.305 12.34 12.367 12.382 12.382 12.37 12.353 12.338 12.328 12.34 12.362 12.372 12.375 12.375 12.378 12.39 12.41 12.43 12.448 12.47 12.503
12.492 12.47 12.445 12.423 12.413 12.445 12.512 12.557 12.555 12.545 12.535 12.5 12.455 12.423 12.408 12.418 12.452 12.497 12.54 12.577 12.56 12.475 12.39 12.323 12.26 12.215 12.25 12.353 12.458 12.563 12.63 12.642 12.612 12.54 12.447 12.353 12.275 12.25 12.257 12.25 12.217 12.195 12.192 12.185 12.175 12.178 12.193 12.21 12.227 12.248 12.273 12.3 12.335 12.367 12.382 12.382 12.377 12.365 12.345 12.325 12.313 12.328 12.36 12.382 12.39 12.39 12.39 12.395 12.408 12.425 12.448 12.48 12.52
12.49 12.468 12.443 12.425 12.428 12.46 12.515 12.57 12.595 12.585 12.555 12.51 12.465 12.428 12.418 12.442 12.48 12.517 12.577 12.635 12.615 12.527 12.42 12.31 12.21 12.138 12.14 12.218 12.318 12.423 12.525 12.602 12.597 12.515 12.412 12.312 12.228 12.198 12.21 12.217 12.212 12.202 12.198 12.193 12.188 12.193 12.207 12.225 12.24 12.262 12.295 12.325 12.36 12.385 12.385 12.378 12.373 12.36 12.34 12.32 12.305 12.318 12.35 12.38 12.402 12.41 12.41 12.41 12.413 12.425 12.455 12.495 12.535
12.49 12.47 12.448 12.44 12.458 12.493 12.54 12.59 12.622 12.607 12.565 12.52 12.475 12.433 12.415 12.43 12.455 12.49 12.577 12.675 12.67 12.58 12.478 12.39 12.315 12.25 12.218 12.258 12.345 12.438 12.532 12.572 12.525 12.435 12.335 12.248 12.185 12.165 12.175 12.185 12.197 12.205 12.205 12.202 12.198 12.2 12.212 12.227 12.242 12.267 12.3 12.332 12.37 12.387 12.382 12.378 12.375 12.365 12.345 12.325 12.31 12.32 12.35 12.38 12.407 12.425 12.43 12.43 12.43 12.438 12.463 12.5 12.54
12.49 12.47 12.46 12.47 12.495 12.528 12.57 12.615 12.64 12.62 12.575 12.53 12.483 12.438 12.405 12.398 12.415 12.463 12.563 12.687 12.725 12.662 12.585 12.523 12.465 12.405 12.355 12.368 12.44 12.517 12.552 12.505 12.415 12.32 12.235 12.2 12.183 12.163 12.163 12.17 12.183 12.2 12.212 12.215 12.21 12.205 12.21 12.22 12.235 12.26 12.293 12.33 12.37 12.385 12.38 12.38 12.38 12.37 12.35 12.333 12.32 12.33 12.36 12.387 12.407 12.427 12.445 12.45 12.45 12.455 12.473 12.503 12.54
12.493 12.48 12.488 12.51 12.533 12.56 12.597 12.632 12.65 12.632 12.587 12.54 12.49 12.443 12.408 12.388 12.385 12.435 12.553 12.7 12.767 12.74 12.7 12.66 12.615 12.56 12.503 12.488 12.53 12.552 12.495 12.395 12.3 12.223 12.195 12.225 12.212 12.17 12.163 12.16 12.168 12.188 12.21 12.222 12.22 12.215 12.215 12.218 12.228 12.253 12.29 12.33 12.37 12.387 12.385 12.385 12.385 12.375 12.358 12.343 12.33 12.34 12.367 12.387 12.403 12.423 12.447 12.465 12.47 12.475 12.49 12.51 12.54
12.503 12.503 12.52 12.545 12.567 12.592 12.62 12.642 12.657 12.642 12.595 12.545 12.495 12.448 12.415 12.393 12.373 12.415 12.55 12.71 12.775 12.755 12.735 12.715 12.69 12.655 12.615 12.59 12.575 12.52 12.433 12.343 12.25 12.203 12.233 12.27 12.233 12.18 12.165 12.155 12.155 12.173 12.198 12.22 12.23 12.23 12.228 12.225 12.23 12.253 12.29 12.33 12.37 12.39 12.39 12.392 12.395 12.385 12.37 12.355 12.34 12.348 12.367 12.383 12.398 12.418 12.443 12.465 12.483 12.495 12.51 12.525 12.545
12.525 12.535 12.553 12.575 12.597 12.62 12.635 12.648 12.665 12.65 12.6 12.55 12.503 12.463 12.433 12.408 12.385 12.418 12.528 12.675 12.755 12.745 12.725 12.705 12.688 12.672 12.655 12.635 12.585 12.508 12.433 12.353 12.28 12.263 12.3 12.322 12.277 12.203 12.158 12.143 12.145 12.163 12.188 12.215 12.24 12.255 12.258 12.255 12.265 12.273 12.283 12.315 12.352 12.372 12.375 12.377 12.387 12.387 12.375 12.36 12.345 12.35 12.365 12.38 12.398 12.418 12.443 12.468 12.503 12.528 12.538 12.553 12.57
12.56 12.575 12.588 12.605 12.625 12.642 12.65 12.658 12.672 12.655 12.605 12.56 12.523 12.49 12.46 12.433 12.41 12.44 12.525 12.638 12.735 12.75 12.725 12.708 12.695 12.683 12.667 12.647 12.595 12.52 12.445 12.375 12.345 12.36 12.375 12.365 12.317 12.235 12.16 12.13 12.14 12.163 12.19 12.22 12.253 12.282 12.3 12.31 12.327 12.322 12.298 12.298 12.318 12.335 12.34 12.35 12.375 12.385 12.375 12.36 12.345 12.348 12.365 12.385 12.405 12.428 12.46 12.5 12.547 12.575 12.578 12.59 12.608
