EGM722_Project_Data/DTM_tif/TL4556.asc
ncols         200
nrows         200
xllcorner     545000.000
yllcorner     256000.000
cellsize      5
NODATA_value  -9999.0
[rows 128 to 159 of 200, columns 73 to 145 of 200]
11.82 11.822 11.818 11.812 11.797 11.783 11.782 11.777 11.768 11.772 11.78 11.767 11.732 11.685 11.625 11.548 11.475 11.42 11.367 11.31 11.25 11.235 11.265 11.295 11.33 11.368 11.4 11.42 11.432 11.45 11.47 11.49 11.51 11.54 11.585 11.623 11.655 11.672 11.67 11.673 11.678 11.688 11.702 11.717 11.733 11.75 11.773 11.803 11.84 11.87 11.893 11.925 11.965 12.005 12.042 12.075 12.108 12.163 12.237 12.307 12.373 12.458 12.56 12.645 12.68 12.675 12.67 12.668 12.663 12.658 12.652 12.647 12.642
11.855 11.857 11.852 11.847 11.84 11.83 11.823 11.813 11.8 11.79 11.77 11.735 11.693 11.648 11.603 11.543 11.478 11.425 11.375 11.322 11.268 11.255 11.285 11.315 11.348 11.39 11.435 11.462 11.477 11.495 11.515 11.532 11.55 11.57 11.592 11.623 11.66 11.682 11.685 11.685 11.685 11.693 11.708 11.722 11.738 11.758 11.783 11.805 11.83 11.86 11.895 11.935 11.975 12.012 12.045 12.078 12.115 12.17 12.242 12.315 12.385 12.47 12.565 12.652 12.695 12.692 12.687 12.682 12.677 12.67 12.66 12.65 12.642
11.892 11.892 11.888 11.883 11.88 11.877 11.873 11.863 11.853 11.838 11.81 11.775 11.735 11.695 11.655 11.578 11.49 11.435 11.385 11.335 11.285 11.273 11.3 11.33 11.36 11.403 11.452 11.485 11.5 11.512 11.53 11.545 11.557 11.572 11.59 11.618 11.655 11.682 11.69 11.69 11.69 11.698 11.712 11.728 11.753 11.783 11.808 11.83 11.85 11.873 11.905 11.945 11.985 12.015 12.04 12.075 12.115 12.17 12.24 12.31 12.385 12.472 12.567 12.657 12.702 12.702 12.692 12.682 12.675 12.662 12.647 12.635 12.625
11.922 11.93 11.932 11.928 11.925 11.928 11.935 11.935 11.93 11.92 11.902 11.877 11.84 11.8 11.75 11.632 11.51 11.45 11.4 11.352 11.305 11.29 11.31 11.335 11.368 11.41 11.457 11.487 11.5 11.512 11.527 11.542 11.555 11.57 11.59 11.613 11.645 11.672 11.685 11.692 11.695 11.703 11.715 11.738 11.78 11.817 11.843 11.867 11.887 11.903 11.923 11.955 11.995 12.02 12.035 12.063 12.1 12.155 12.227 12.3 12.375 12.463 12.56 12.652 12.697 12.692 12.677 12.665 12.655 12.64 12.625 12.615 12.605
11.945 11.96 11.975 11.98 11.98 11.985 12 12.012 12.012 12.002 11.987 11.967 11.94 11.905 11.827 11.675 11.533 11.46 11.413 11.37 11.325 11.31 11.325 11.343 11.373 11.415 11.457 11.482 11.495 11.508 11.523 11.54 11.555 11.57 11.587 11.605 11.632 11.657 11.675 11.69 11.697 11.705 11.725 11.765 11.815 11.855 11.88 11.902 11.922 11.937 11.95 11.973 12.01 12.035 12.045 12.058 12.085 12.14 12.215 12.29 12.365 12.448 12.54 12.635 12.68 12.67 12.653 12.642 12.635 12.62 12.605 12.595 12.582
11.968 11.983 12 12.02 12.035 12.048 12.065 12.082 12.092 12.087 12.067 12.042 12.017 11.985 11.885 11.71 11.558 11.475 11.43 11.39 11.348 11.333 11.345 11.36 11.383 11.415 11.45 11.475 11.492 11.505 11.52 11.538 11.553 11.57 11.585 11.6 11.623 11.643 11.66 11.678 11.693 11.713 11.75 11.797 11.845 11.885 11.91 11.932 11.955 11.972 11.985 12 12.027 12.05 12.06 12.068 12.085 12.133 12.205 12.28 12.353 12.43 12.518 12.61 12.66 12.652 12.63 12.615 12.607 12.597 12.585 12.575 12.56
12.003 12.025 12.048 12.073 12.095 12.115 12.135 12.15 12.157 12.135 12.09 12.055 12.025 11.992 11.9 11.73 11.578 11.498 11.455 11.415 11.373 11.353 11.36 11.375 11.395 11.42 11.448 11.47 11.49 11.505 11.52 11.538 11.553 11.57 11.588 11.605 11.628 11.65 11.67 11.69 11.71 11.73 11.763 11.807 11.852 11.89 11.915 11.937 11.96 11.98 11.997 12.012 12.037 12.065 12.08 12.093 12.11 12.143 12.198 12.265 12.338 12.415 12.498 12.585 12.642 12.64 12.613 12.59 12.575 12.567 12.56 12.552 12.54
12.06 12.09 12.12 12.145 12.167 12.187 12.202 12.212 12.207 12.16 12.088 12.03 11.988 11.955 11.885 11.74 11.598 11.525 11.485 11.445 11.4 11.375 11.378 11.388 11.405 11.43 11.452 11.47 11.49 11.508 11.523 11.54 11.557 11.573 11.593 11.62 11.65 11.68 11.705 11.725 11.745 11.758 11.77 11.803 11.847 11.882 11.905 11.925 11.943 11.96 11.983 12.01 12.045 12.082 12.11 12.13 12.15 12.175 12.213 12.26 12.323 12.4 12.48 12.565 12.625 12.627 12.6 12.575 12.553 12.535 12.528 12.522 12.515
12.127 12.16 12.19 12.217 12.242 12.26 12.265 12.262 12.25 12.2 12.12 12.043 11.973 11.923 11.862 11.742 11.62 11.555 11.515 11.475 11.43 11.405 11.405 11.408 11.418 11.437 11.455 11.465 11.488 11.512 11.528 11.543 11.563 11.585 11.61 11.645 11.677 11.7 11.727 11.757 11.78 11.792 11.795 11.808 11.843 11.875 11.895 11.912 11.927 11.945 11.973 12.013 12.055 12.095 12.132 12.162 12.185 12.213 12.248 12.283 12.325 12.385 12.463 12.547 12.61 12.617 12.59 12.563 12.538 12.515 12.498 12.485 12.48
12.193 12.225 12.257 12.29 12.312 12.32 12.315 12.305 12.29 12.24 12.16 12.08 11.995 11.92 11.848 11.743 11.64 11.58 11.54 11.5 11.46 11.438 11.435 11.435 11.435 11.443 11.453 11.458 11.485 11.517 11.533 11.55 11.575 11.605 11.632 11.66 11.68 11.69 11.708 11.745 11.795 11.822 11.827 11.832 11.845 11.863 11.88 11.895 11.91 11.938 11.975 12.02 12.065 12.105 12.145 12.185 12.217 12.25 12.285 12.317 12.35 12.388 12.455 12.538 12.6 12.61 12.58 12.55 12.523 12.5 12.478 12.458 12.445
12.26 12.29 12.323 12.355 12.372 12.368 12.355 12.345 12.332 12.282 12.2 12.12 12.037 11.953 11.865 11.768 11.668 11.6 11.56 11.52 11.49 11.475 11.468 11.465 11.46 11.458 11.458 11.458 11.483 11.517 11.54 11.562 11.587 11.612 11.632 11.645 11.653 11.66 11.67 11.713 11.795 11.842 11.847 11.85 11.847 11.85 11.865 11.88 11.895 11.93 11.977 12.022 12.067 12.11 12.15 12.195 12.237 12.272 12.305 12.335 12.365 12.4 12.465 12.545 12.597 12.607 12.575 12.535 12.508 12.485 12.462 12.44 12.42
12.317 12.352 12.387 12.42 12.435 12.422 12.4 12.388 12.377 12.325 12.24 12.16 12.08 11.995 11.905 11.81 11.705 11.625 11.58 11.545 11.528 11.517 11.503 11.495 11.49 11.485 11.48 11.473 11.478 11.508 11.542 11.565 11.582 11.597 11.608 11.618 11.638 11.658 11.665 11.71 11.807 11.86 11.855 11.85 11.843 11.84 11.855 11.87 11.885 11.923 11.975 12.02 12.065 12.11 12.15 12.195 12.24 12.275 12.305 12.332 12.36 12.408 12.485 12.57 12.622 12.632 12.605 12.55 12.5 12.47 12.447 12.422 12.4
12.362 12.405 12.447 12.487 12.502 12.485 12.455 12.435 12.42 12.367 12.283 12.2 12.12 12.035 11.942 11.847 11.748 11.658 11.603 11.58 11.575 11.565 11.545 11.53 11.52 11.515 11.507 11.495 11.483 11.498 11.53 11.55 11.563 11.578 11.6 11.628 11.662 11.675 11.668 11.715 11.817 11.872 11.865 11.852 11.838 11.833 11.847 11.86 11.875 11.915 11.97 12.017 12.065 12.11 12.15 12.192 12.238 12.273 12.3 12.328 12.358 12.418 12.505 12.595 12.662 12.68 12.662 12.615 12.542 12.478 12.433 12.403 12.377
12.392 12.442 12.492 12.545 12.567 12.55 12.52 12.493 12.465 12.41 12.328 12.245 12.163 12.075 11.98 11.882 11.787 11.693 11.633 11.62 11.617 11.605 11.585 11.565 11.547 11.537 11.527 11.512 11.498 11.498 11.515 11.54 11.565 11.595 11.635 11.675 11.692 11.67 11.663 11.725 11.817 11.867 11.867 11.852 11.833 11.828 11.84 11.853 11.868 11.905 11.96 12.012 12.06 12.097 12.132 12.18 12.255 12.29 12.295 12.323 12.365 12.438 12.525 12.618 12.702 12.717 12.682 12.645 12.577 12.492 12.423 12.378 12.345
12.402 12.457 12.515 12.577 12.617 12.61 12.58 12.55 12.53 12.483 12.4 12.315 12.212 12.1 11.995 11.895 11.8 11.708 11.65 11.64 11.635 11.62 11.6 11.58 11.56 11.55 11.542 11.528 11.513 11.51 11.53 11.565 11.605 11.645 11.685 11.707 11.69 11.65 11.658 11.727 11.802 11.852 11.862 11.845 11.825 11.82 11.83 11.845 11.86 11.895 11.95 11.997 12.035 12.062 12.09 12.2 12.337 12.347 12.31 12.32 12.378 12.463 12.553 12.65 12.747 12.752 12.68 12.623 12.558 12.485 12.42 12.363 12.313
12.41 12.465 12.525 12.592 12.65 12.655 12.625 12.618 12.627 12.587 12.497 12.39 12.26 12.125 12 11.888 11.788 11.705 11.658 11.643 11.635 11.62 11.6 11.58 11.56 11.555 11.555 11.542 11.53 11.54 11.575 11.615 11.655 11.695 11.72 11.707 11.667 11.625 11.645 11.717 11.78 11.837 11.857 11.84 11.82 11.813 11.823 11.837 11.85 11.885 11.935 11.967 11.992 12.018 12.095 12.312 12.46 12.42 12.355 12.34 12.403 12.498 12.593 12.69 12.79 12.807 12.72 12.625 12.55 12.483 12.42 12.36 12.3
12.42 12.475 12.538 12.61 12.682 12.7 12.688 12.723 12.742 12.682 12.572 12.44 12.302 12.167 12.03 11.9 11.78 11.703 11.67 11.648 11.635 11.62 11.6 11.58 11.56 11.555 11.562 11.558 11.558 11.585 11.625 11.665 11.705 11.73 11.72 11.685 11.643 11.608 11.633 11.698 11.755 11.815 11.845 11.835 11.815 11.808 11.818 11.83 11.84 11.872 11.91 11.927 11.945 12.003 12.185 12.457 12.562 12.495 12.458 12.463 12.498 12.558 12.638 12.733 12.83 12.875 12.805 12.693 12.608 12.53 12.455 12.383 12.31
12.422 12.483 12.553 12.63 12.71 12.757 12.79 12.85 12.85 12.752 12.62 12.48 12.342 12.205 12.067 11.927 11.78 11.695 11.672 11.65 11.635 11.62 11.6 11.583 11.565 11.56 11.57 11.577 11.597 11.632 11.67 11.707 11.742 11.745 11.71 11.673 11.635 11.605 11.625 11.685 11.745 11.807 11.84 11.83 11.808 11.8 11.813 11.825 11.835 11.855 11.875 11.885 11.915 12.058 12.33 12.582 12.645 12.613 12.648 12.685 12.693 12.705 12.74 12.795 12.875 12.945 12.905 12.8 12.715 12.63 12.545 12.46 12.375
12.42 12.493 12.565 12.645 12.725 12.792 12.85 12.912 12.902 12.79 12.652 12.515 12.375 12.235 12.09 11.935 11.773 11.683 11.665 11.648 11.638 11.627 11.61 11.593 11.575 11.568 11.575 11.582 11.602 11.637 11.672 11.71 11.755 11.77 11.74 11.703 11.665 11.633 11.638 11.688 11.752 11.815 11.84 11.827 11.808 11.8 11.813 11.825 11.838 11.85 11.86 11.87 11.908 12.128 12.482 12.71 12.772 12.815 12.885 12.92 12.925 12.93 12.935 12.945 12.982 13.03 13.002 12.907 12.815 12.722 12.632 12.542 12.45
12.438 12.517 12.58 12.655 12.732 12.792 12.843 12.9 12.907 12.815 12.677 12.54 12.395 12.245 12.085 11.92 11.758 11.668 11.653 11.645 11.645 11.64 11.625 11.605 11.583 11.573 11.575 11.568 11.573 11.605 11.645 11.693 11.755 11.802 11.797 11.76 11.72 11.693 11.685 11.705 11.758 11.81 11.83 11.827 11.815 11.81 11.82 11.83 11.845 11.86 11.87 11.875 11.895 12.135 12.545 12.792 12.902 13.01 13.085 13.097 13.082 13.067 13.05 13.032 13.02 13.015 13 12.95 12.867 12.77 12.672 12.575 12.475
12.47 12.545 12.598 12.663 12.732 12.787 12.833 12.882 12.912 12.845 12.702 12.552 12.395 12.233 12.068 11.903 11.743 11.658 11.648 11.65 11.655 11.652 11.637 11.615 11.59 11.578 11.572 11.555 11.55 11.578 11.628 11.688 11.755 11.817 11.84 11.815 11.778 11.755 11.745 11.743 11.77 11.807 11.822 11.825 11.818 11.815 11.827 11.84 11.855 11.87 11.875 11.868 11.873 12.105 12.472 12.69 12.825 12.957 13.047 13.052 13.02 12.985 12.945 12.907 12.875 12.855 12.857 12.865 12.85 12.785 12.687 12.59 12.49
12.505 12.567 12.615 12.673 12.732 12.783 12.828 12.873 12.915 12.862 12.712 12.552 12.388 12.223 12.06 11.895 11.74 11.668 11.665 11.668 11.673 11.67 11.65 11.623 11.598 11.58 11.565 11.545 11.53 11.558 11.62 11.685 11.755 11.82 11.867 11.867 11.835 11.815 11.805 11.795 11.798 11.81 11.818 11.82 11.818 11.82 11.835 11.852 11.867 11.875 11.868 11.853 11.853 12.04 12.302 12.452 12.585 12.715 12.815 12.837 12.81 12.775 12.735 12.7 12.678 12.673 12.678 12.697 12.73 12.727 12.682 12.605 12.505
12.54 12.59 12.633 12.685 12.737 12.783 12.83 12.877 12.895 12.825 12.695 12.555 12.395 12.23 12.07 11.908 11.765 11.705 11.708 11.707 11.7 11.685 11.66 11.63 11.605 11.585 11.565 11.545 11.53 11.528 11.54 11.612 11.73 11.817 11.882 11.912 11.895 11.875 11.865 11.852 11.838 11.83 11.833 11.835 11.833 11.835 11.85 11.868 11.882 11.885 11.87 11.853 11.845 11.935 12.088 12.215 12.343 12.47 12.58 12.615 12.592 12.562 12.528 12.498 12.488 12.495 12.5 12.513 12.54 12.57 12.587 12.575 12.515
12.555 12.6 12.643 12.695 12.747 12.795 12.842 12.867 12.83 12.737 12.632 12.517 12.387 12.245 12.09 11.93 11.805 11.76 11.757 11.745 11.72 11.693 11.667 11.64 11.615 11.595 11.575 11.56 11.555 11.523 11.468 11.473 11.555 11.672 11.8 11.912 11.947 11.927 11.912 11.895 11.878 11.87 11.87 11.865 11.855 11.855 11.87 11.888 11.907 11.912 11.895 11.878 11.868 11.905 11.985 12.065 12.14 12.23 12.34 12.385 12.365 12.343 12.318 12.303 12.308 12.32 12.328 12.338 12.36 12.39 12.423 12.457 12.462
12.555 12.603 12.653 12.707 12.76 12.81 12.837 12.815 12.74 12.64 12.535 12.425 12.32 12.207 12.077 11.94 11.84 11.802 11.782 11.757 11.73 11.7 11.675 11.65 11.625 11.605 11.59 11.588 11.587 11.555 11.49 11.423 11.39 11.42 11.535 11.702 11.815 11.875 11.922 11.93 11.912 11.905 11.902 11.89 11.875 11.875 11.893 11.918 11.942 11.945 11.93 11.923 11.92 11.955 12.01 12.045 12.07 12.11 12.173 12.198 12.188 12.183 12.178 12.183 12.2 12.215 12.228 12.245 12.268 12.298 12.333 12.363 12.39
12.56 12.612 12.667 12.72 12.772 12.807 12.792 12.735 12.645 12.54 12.435 12.33 12.235 12.14 12.04 11.935 11.853 11.81 11.782 11.757 11.732 11.705 11.68 11.657 11.635 11.618 11.612 11.617 11.62 11.587 11.523 11.46 11.395 11.33 11.33 11.433 11.568 11.69 11.8 11.873 11.915 11.932 11.925 11.91 11.895 11.898 11.92 11.95 11.975 11.98 11.977 11.98 11.98 12.002 12.037 12.065 12.092 12.113 12.12 12.115 12.11 12.118 12.13 12.145 12.163 12.18 12.203 12.23 12.258 12.285 12.313 12.338 12.363
12.547 12.597 12.652 12.707 12.76 12.765 12.718 12.663 12.588 12.493 12.398 12.305 12.218 12.133 12.04 11.933 11.843 11.795 11.77 11.745 11.72 11.695 11.67 11.65 11.635 11.625 11.622 11.627 11.632 11.615 11.567 11.507 11.443 11.378 11.343 11.42 11.555 11.66 11.765 11.87 11.947 11.967 11.955 11.94 11.923 11.925 11.95 11.977 11.997 12.005 12.01 12.015 12.017 12.035 12.06 12.085 12.115 12.13 12.125 12.115 12.105 12.108 12.123 12.138 12.15 12.17 12.2 12.23 12.263 12.29 12.31 12.335 12.36
12.52 12.563 12.61 12.665 12.705 12.695 12.668 12.657 12.605 12.513 12.428 12.342 12.255 12.162 12.055 11.933 11.83 11.778 11.753 11.727 11.703 11.677 11.653 11.633 11.633 11.635 11.625 11.625 11.63 11.622 11.597 11.555 11.497 11.433 11.423 11.55 11.712 11.822 11.92 11.987 12.015 12.012 11.997 11.98 11.958 11.955 11.98 12 12.01 12.017 12.023 12.028 12.038 12.058 12.08 12.105 12.135 12.147 12.142 12.135 12.125 12.125 12.14 12.152 12.16 12.18 12.21 12.243 12.28 12.31 12.333 12.357 12.377
12.495 12.535 12.575 12.62 12.655 12.665 12.673 12.69 12.652 12.558 12.465 12.38 12.287 12.175 12.052 11.93 11.82 11.76 11.735 11.71 11.685 11.66 11.638 11.625 11.642 11.655 11.64 11.628 11.625 11.617 11.6 11.577 11.542 11.488 11.505 11.67 11.857 11.972 12.032 12.052 12.057 12.055 12.037 12.015 11.99 11.985 12.005 12.017 12.023 12.03 12.038 12.048 12.065 12.085 12.105 12.128 12.155 12.165 12.157 12.15 12.143 12.145 12.157 12.165 12.17 12.19 12.223 12.26 12.3 12.33 12.352 12.375 12.392
12.457 12.5 12.54 12.577 12.615 12.65 12.677 12.702 12.697 12.622 12.512 12.41 12.3 12.175 12.05 11.927 11.81 11.743 11.718 11.695 11.67 11.645 11.628 11.63 11.657 11.67 11.655 11.635 11.623 11.612 11.595 11.577 11.56 11.528 11.583 11.775 11.98 12.085 12.1 12.103 12.105 12.095 12.07 12.045 12.02 12.01 12.02 12.03 12.037 12.045 12.057 12.075 12.092 12.11 12.127 12.145 12.167 12.177 12.17 12.162 12.157 12.16 12.17 12.175 12.18 12.203 12.24 12.28 12.32 12.35 12.37 12.39 12.41
12.412 12.455 12.495 12.53 12.565 12.605 12.645 12.68 12.695 12.637 12.52 12.405 12.287 12.162 12.04 11.915 11.79 11.723 11.707 11.687 11.663 11.64 11.623 11.633 11.665 11.682 11.675 11.655 11.635 11.595 11.555 11.537 11.517 11.513 11.643 11.88 12.092 12.187 12.185 12.185 12.182 12.145 12.098 12.072 12.048 12.033 12.033 12.04 12.05 12.058 12.07 12.087 12.102 12.115 12.125 12.14 12.16 12.172 12.17 12.165 12.16 12.163 12.175 12.182 12.188 12.21 12.252 12.295 12.335 12.365 12.385 12.405 12.427
12.365 12.405 12.445 12.48 12.515 12.555 12.595 12.627 12.645 12.592 12.48 12.375 12.262 12.14 12.02 11.89 11.755 11.69 11.687 11.677 11.66 11.637 11.618 11.628 11.66 11.685 11.695 11.685 11.657 11.585 11.495 11.45 11.428 11.47 11.685 11.975 12.205 12.302 12.297 12.292 12.282 12.222 12.14 12.098 12.075 12.06 12.053 12.053 12.06 12.065 12.07 12.08 12.095 12.105 12.108 12.12 12.137 12.15 12.155 12.155 12.153 12.158 12.172 12.185 12.193 12.215 12.257 12.3 12.34 12.37 12.393 12.418 12.445
