EGM722_Project_Data/DTM_tif/TL4556.asc
ncols         200
nrows         200
xllcorner     545000.000
yllcorner     256000.000
cellsize      5
NODATA_value  -9999.0
[rows 32 to 63 of 200, columns 73 to 145 of 200]
9.77 9.853 9.995 10.218 10.48 10.745 10.907 10.955 11 11.065 11.135 11.205 11.278 11.37 11.457 11.51 11.542 11.565 11.57 11.565 11.56 11.578 11.673 11.822 11.98 12.12 12.232 12.317 12.357 12.36 12.365 12.382 12.397 12.405 12.402 12.387 12.36 12.35 12.365 12.383 12.4 12.493 12.67 12.862 13.055 13.135 13.062 12.948 12.833 12.723 12.613 12.548 12.623 12.79 12.962 13.135 13.307 13.39 13.29 13.1 12.993 12.978 12.972 12.955 12.925 12.895 12.865 12.832 12.803 12.805 12.84 12.885 12.935
9.65 9.723 9.84 10.05 10.31 10.573 10.785 10.895 10.96 11.03 11.098 11.165 11.235 11.33 11.442 11.517 11.542 11.545 11.54 11.535 11.53 11.53 11.59 11.725 11.887 12.03 12.15 12.275 12.345 12.358 12.373 12.388 12.405 12.41 12.393 12.363 12.33 12.32 12.343 12.375 12.398 12.498 12.683 12.87 13.057 13.197 13.187 13.072 12.958 12.842 12.703 12.608 12.658 12.8 12.962 13.127 13.292 13.372 13.275 13.093 13.003 12.995 12.982 12.957 12.925 12.895 12.865 12.833 12.808 12.823 12.87 12.925 12.98
9.553 9.628 9.743 9.945 10.195 10.45 10.687 10.845 10.93 11 11.068 11.135 11.2 11.28 11.39 11.485 11.517 11.515 11.51 11.505 11.503 11.508 11.503 11.518 11.63 11.777 11.915 12.155 12.357 12.4 12.41 12.425 12.45 12.465 12.458 12.435 12.405 12.403 12.428 12.44 12.445 12.54 12.723 12.908 13.09 13.227 13.25 13.187 13.092 12.957 12.775 12.668 12.69 12.788 12.94 13.103 13.267 13.347 13.255 13.093 13.018 13.01 12.987 12.955 12.925 12.895 12.873 12.873 12.89 12.913 12.953 13.008 13.063
9.468 9.545 9.66 9.863 10.115 10.372 10.61 10.787 10.9 10.972 11.04 11.105 11.157 11.22 11.313 11.415 11.477 11.487 11.483 11.48 11.488 11.51 11.467 11.363 11.325 11.405 11.638 12.038 12.37 12.47 12.485 12.51 12.548 12.577 12.587 12.59 12.582 12.57 12.552 12.515 12.5 12.6 12.785 12.97 13.125 13.187 13.197 13.205 13.17 13.032 12.835 12.75 12.76 12.8 12.918 13.08 13.242 13.315 13.227 13.093 13.033 13.02 12.99 12.955 12.933 12.935 12.963 13.015 13.07 13.07 13.073 13.123 13.177
9.39 9.468 9.583 9.778 10.038 10.302 10.53 10.71 10.855 10.947 11.01 11.062 11.105 11.165 11.248 11.338 11.415 11.45 11.458 11.468 11.49 11.522 11.482 11.358 11.225 11.27 11.588 12.008 12.377 12.547 12.577 12.617 12.662 12.68 12.672 12.667 12.667 12.65 12.605 12.555 12.55 12.663 12.847 13.017 13.105 13.097 13.093 13.117 13.142 13.055 12.898 12.845 12.855 12.865 12.923 13.058 13.212 13.27 13.192 13.09 13.045 13.023 12.995 12.998 13.028 13.08 13.15 13.22 13.272 13.255 13.215 13.238 13.277
9.345 9.408 9.515 9.703 9.968 10.23 10.442 10.617 10.787 10.91 10.97 11.01 11.05 11.113 11.198 11.285 11.363 11.413 11.443 11.473 11.505 11.537 11.497 11.373 11.31 11.478 11.82 12.155 12.422 12.552 12.587 12.625 12.667 12.692 12.682 12.657 12.65 12.662 12.645 12.595 12.603 12.728 12.91 13.022 13.025 12.99 12.985 13.013 13.057 13.032 12.958 12.94 12.95 12.96 12.978 13.053 13.175 13.22 13.16 13.09 13.06 13.063 13.088 13.142 13.212 13.272 13.327 13.382 13.41 13.392 13.36 13.355 13.357
9.36 9.413 9.503 9.665 9.908 10.152 10.35 10.525 10.702 10.832 10.892 10.933 10.99 11.073 11.168 11.262 11.342 11.395 11.438 11.482 11.52 11.55 11.51 11.423 11.518 11.817 12.097 12.285 12.397 12.45 12.485 12.513 12.555 12.617 12.642 12.623 12.618 12.655 12.672 12.635 12.655 12.79 12.93 12.96 12.918 12.88 12.878 12.913 12.965 12.995 13.002 13.02 13.037 13.05 13.06 13.088 13.15 13.172 13.13 13.105 13.115 13.152 13.205 13.257 13.31 13.355 13.395 13.422 13.41 13.385 13.377 13.377 13.385
9.423 9.478 9.543 9.653 9.858 10.087 10.265 10.433 10.605 10.727 10.793 10.858 10.948 11.05 11.15 11.245 11.327 11.385 11.43 11.48 11.525 11.56 11.52 11.558 11.77 11.99 12.125 12.195 12.262 12.322 12.365 12.39 12.438 12.52 12.582 12.587 12.588 12.633 12.682 12.675 12.705 12.822 12.88 12.855 12.813 12.775 12.773 12.815 12.87 12.917 12.965 13.012 13.047 13.067 13.085 13.105 13.132 13.142 13.12 13.113 13.145 13.192 13.232 13.267 13.305 13.345 13.38 13.38 13.34 13.298 13.28 13.293 13.33
9.498 9.552 9.605 9.673 9.83 10.032 10.195 10.35 10.512 10.637 10.725 10.82 10.922 11.025 11.125 11.225 11.315 11.375 11.42 11.47 11.52 11.565 11.58 11.682 11.837 11.92 11.99 12.058 12.125 12.193 12.245 12.295 12.355 12.42 12.492 12.535 12.558 12.608 12.672 12.698 12.742 12.802 12.787 12.745 12.705 12.67 12.67 12.715 12.763 12.798 12.845 12.91 12.972 13.012 13.04 13.07 13.095 13.11 13.112 13.105 13.118 13.162 13.215 13.257 13.295 13.335 13.347 13.315 13.265 13.215 13.185 13.198 13.24
9.575 9.628 9.68 9.735 9.833 9.983 10.14 10.29 10.442 10.572 10.68 10.79 10.895 10.995 11.095 11.197 11.295 11.36 11.405 11.452 11.5 11.547 11.617 11.712 11.793 11.86 11.928 11.993 12.06 12.128 12.183 12.258 12.33 12.373 12.425 12.475 12.52 12.58 12.648 12.702 12.735 12.725 12.683 12.638 12.595 12.56 12.568 12.615 12.678 12.753 12.805 12.845 12.908 12.957 12.985 13.015 13.04 13.057 13.072 13.082 13.09 13.118 13.172 13.23 13.28 13.307 13.287 13.24 13.19 13.14 13.098 13.103 13.15
9.652 9.705 9.755 9.807 9.858 9.948 10.09 10.242 10.39 10.515 10.625 10.74 10.852 10.955 11.055 11.155 11.257 11.327 11.37 11.415 11.46 11.502 11.54 11.647 11.8 11.897 11.963 12.028 12.095 12.158 12.195 12.258 12.33 12.37 12.41 12.455 12.51 12.575 12.645 12.7 12.695 12.643 12.593 12.545 12.498 12.47 12.515 12.608 12.708 12.825 12.88 12.863 12.875 12.91 12.933 12.96 12.985 13.002 13.018 13.033 13.05 13.075 13.12 13.18 13.242 13.26 13.222 13.173 13.12 13.07 13.028 13.038 13.093
9.728 9.78 9.832 9.872 9.885 9.928 10.043 10.195 10.337 10.455 10.565 10.68 10.795 10.9 11 11.103 11.21 11.285 11.325 11.368 11.412 11.447 11.45 11.513 11.707 11.91 12.025 12.09 12.155 12.21 12.228 12.268 12.33 12.37 12.415 12.47 12.533 12.6 12.657 12.682 12.662 12.603 12.535 12.478 12.425 12.39 12.48 12.672 12.82 12.935 12.98 12.93 12.885 12.878 12.888 12.91 12.933 12.948 12.968 12.99 13.015 13.043 13.073 13.12 13.185 13.202 13.162 13.113 13.06 13.01 12.988 13.02 13.083
9.803 9.855 9.892 9.902 9.9 9.93 10.015 10.148 10.282 10.395 10.505 10.62 10.735 10.84 10.943 11.05 11.162 11.245 11.285 11.323 11.365 11.392 11.388 11.385 11.52 11.78 12.005 12.137 12.215 12.257 12.263 12.285 12.33 12.375 12.43 12.493 12.557 12.617 12.65 12.655 12.637 12.58 12.505 12.438 12.373 12.315 12.395 12.627 12.847 13.022 13.08 13.017 12.945 12.903 12.893 12.888 12.89 12.908 12.935 12.965 12.992 13.017 13.04 13.073 13.125 13.137 13.1 13.055 13.005 12.965 12.97 13.023 13.088
9.887 9.915 9.92 9.91 9.91 9.945 10.01 10.108 10.225 10.335 10.445 10.56 10.675 10.783 10.893 11.005 11.117 11.205 11.25 11.285 11.32 11.337 11.325 11.3 11.353 11.555 11.84 12.085 12.242 12.3 12.3 12.308 12.338 12.39 12.453 12.517 12.577 12.615 12.625 12.625 12.612 12.56 12.485 12.415 12.34 12.27 12.323 12.548 12.83 13.072 13.142 13.072 13.002 12.955 12.922 12.895 12.888 12.9 12.918 12.94 12.968 12.995 13.017 13.038 13.068 13.07 13.037 12.995 12.945 12.93 12.968 13.028 13.095
9.942 9.94 9.93 9.923 9.933 9.973 10.028 10.095 10.185 10.29 10.4 10.513 10.628 10.74 10.853 10.968 11.085 11.177 11.225 11.26 11.287 11.287 11.265 11.24 11.233 11.35 11.61 11.907 12.18 12.31 12.32 12.33 12.368 12.425 12.488 12.547 12.582 12.59 12.59 12.59 12.582 12.537 12.465 12.392 12.318 12.313 12.403 12.613 12.917 13.127 13.152 13.085 13.02 12.967 12.928 12.91 12.913 12.92 12.925 12.935 12.953 12.973 12.995 13.018 13.038 13.02 12.975 12.935 12.903 12.925 12.998 13.068 13.133
9.957 9.955 9.945 9.95 9.983 10.028 10.073 10.125 10.198 10.288 10.385 10.485 10.595 10.71 10.823 10.94 11.065 11.16 11.205 11.24 11.26 11.245 11.213 11.183 11.158 11.19 11.388 11.7 12.02 12.25 12.327 12.36 12.415 12.475 12.532 12.577 12.585 12.565 12.555 12.555 12.552 12.515 12.445 12.37 12.35 12.488 12.61 12.765 13.057 13.19 13.147 13.08 13.015 12.963 12.938 12.935 12.94 12.947 12.952 12.957 12.958 12.968 13 13.035 13.052 13.023 12.963 12.92 12.918 12.975 13.065 13.147 13.212
9.975 9.975 9.975 10.003 10.047 10.09 10.13 10.178 10.245 10.325 10.408 10.493 10.588 10.69 10.8 10.922 11.05 11.142 11.188 11.23 11.247 11.225 11.193 11.17 11.16 11.163 11.333 11.658 11.983 12.232 12.35 12.407 12.465 12.525 12.57 12.592 12.595 12.568 12.535 12.525 12.525 12.492 12.423 12.393 12.528 12.752 12.808 12.918 13.157 13.21 13.142 13.075 13.01 12.968 12.96 12.965 12.967 12.97 12.97 12.97 12.965 12.978 13.022 13.07 13.09 13.06 13.013 12.988 12.998 13.06 13.147 13.23 13.305
9.99 10.003 10.025 10.067 10.11 10.15 10.19 10.233 10.295 10.375 10.455 10.535 10.607 10.67 10.765 10.895 11.027 11.125 11.177 11.227 11.265 11.27 11.258 11.255 11.26 11.278 11.46 11.79 12.087 12.267 12.357 12.432 12.5 12.555 12.582 12.595 12.602 12.582 12.54 12.508 12.493 12.465 12.433 12.545 12.845 13.047 13.008 13.085 13.232 13.205 13.138 13.07 13.01 12.983 12.982 12.985 12.982 12.98 12.975 12.97 12.965 12.983 13.035 13.092 13.127 13.12 13.1 13.092 13.092 13.13 13.202 13.277 13.352
10.025 10.04 10.075 10.115 10.155 10.195 10.235 10.28 10.343 10.422 10.505 10.577 10.62 10.64 10.713 10.843 10.99 11.097 11.15 11.205 11.282 11.36 11.39 11.392 11.398 11.425 11.615 11.93 12.15 12.26 12.34 12.417 12.49 12.537 12.56 12.577 12.602 12.59 12.542 12.505 12.473 12.458 12.538 12.762 13.042 13.21 13.2 13.23 13.267 13.203 13.138 13.075 13.028 13 12.99 12.99 12.985 12.98 12.975 12.97 12.968 12.99 13.045 13.102 13.147 13.17 13.17 13.16 13.152 13.17 13.218 13.28 13.352
10.08 10.078 10.11 10.15 10.19 10.23 10.273 10.325 10.39 10.467 10.545 10.595 10.612 10.618 10.665 10.785 10.957 11.072 11.11 11.168 11.273 11.4 11.492 11.527 11.535 11.573 11.77 12.027 12.16 12.237 12.312 12.382 12.447 12.497 12.523 12.553 12.605 12.595 12.53 12.49 12.458 12.47 12.592 12.77 12.952 13.135 13.237 13.27 13.262 13.21 13.158 13.115 13.08 13.045 13.015 12.998 12.985 12.98 12.975 12.97 12.973 13 13.055 13.105 13.145 13.182 13.197 13.19 13.185 13.2 13.233 13.28 13.348
10.128 10.118 10.14 10.182 10.227 10.272 10.32 10.375 10.44 10.51 10.562 10.585 10.595 10.602 10.628 10.74 10.935 11.055 11.085 11.143 11.25 11.38 11.51 11.612 11.665 11.72 11.885 12.055 12.135 12.205 12.272 12.338 12.402 12.457 12.495 12.548 12.617 12.607 12.525 12.465 12.455 12.51 12.6 12.703 12.835 12.98 13.105 13.18 13.192 13.192 13.192 13.17 13.142 13.12 13.087 13.045 13.013 12.99 12.978 12.973 12.978 13.01 13.057 13.097 13.135 13.177 13.212 13.22 13.218 13.235 13.265 13.3 13.348
10.173 10.165 10.173 10.205 10.255 10.31 10.367 10.425 10.485 10.532 10.552 10.557 10.565 10.572 10.593 10.708 10.912 11.037 11.068 11.125 11.243 11.378 11.503 11.63 11.737 11.827 11.935 12.03 12.098 12.165 12.233 12.298 12.363 12.42 12.48 12.555 12.63 12.617 12.525 12.445 12.445 12.525 12.612 12.697 12.787 12.878 12.965 13.032 13.07 13.132 13.202 13.215 13.195 13.185 13.17 13.137 13.098 13.05 13.013 12.985 12.98 13.012 13.05 13.085 13.125 13.165 13.21 13.24 13.25 13.27 13.3 13.33 13.362
10.218 10.212 10.21 10.23 10.278 10.337 10.4 10.46 10.507 10.517 10.51 10.51 10.515 10.52 10.558 10.683 10.877 11.012 11.05 11.103 11.23 11.387 11.525 11.648 11.765 11.887 11.987 12.058 12.125 12.193 12.26 12.328 12.38 12.413 12.46 12.535 12.6 12.587 12.505 12.413 12.388 12.45 12.532 12.615 12.7 12.785 12.847 12.893 12.958 13.052 13.152 13.225 13.242 13.235 13.23 13.22 13.2 13.157 13.105 13.048 13.005 13.01 13.04 13.075 13.115 13.155 13.2 13.242 13.267 13.287 13.31 13.332 13.357
10.26 10.258 10.255 10.263 10.3 10.36 10.42 10.482 10.517 10.493 10.458 10.45 10.455 10.465 10.525 10.653 10.832 10.977 11.027 11.078 11.2 11.37 11.532 11.675 11.8 11.935 12.065 12.152 12.22 12.287 12.347 12.395 12.42 12.425 12.435 12.485 12.53 12.51 12.452 12.37 12.318 12.348 12.42 12.503 12.587 12.665 12.72 12.768 12.843 12.945 13.052 13.152 13.202 13.21 13.217 13.222 13.227 13.227 13.197 13.127 13.053 13.028 13.048 13.075 13.113 13.158 13.202 13.24 13.26 13.272 13.285 13.3 13.32
10.305 10.305 10.305 10.305 10.328 10.38 10.443 10.507 10.53 10.485 10.428 10.4 10.398 10.42 10.503 10.63 10.795 10.935 10.997 11.053 11.17 11.34 11.51 11.675 11.827 11.977 12.13 12.242 12.312 12.365 12.4 12.42 12.432 12.44 12.418 12.433 12.455 12.417 12.372 12.315 12.255 12.26 12.32 12.393 12.475 12.542 12.598 12.653 12.728 12.827 12.93 13.022 13.075 13.095 13.112 13.127 13.148 13.21 13.257 13.202 13.108 13.068 13.078 13.095 13.125 13.17 13.21 13.23 13.237 13.243 13.25 13.263 13.28
10.355 10.355 10.352 10.35 10.363 10.405 10.468 10.53 10.54 10.485 10.42 10.37 10.345 10.383 10.49 10.62 10.767 10.89 10.96 11.023 11.14 11.31 11.477 11.642 11.815 11.99 12.162 12.305 12.377 12.4 12.415 12.43 12.445 12.455 12.418 12.388 12.37 12.325 12.28 12.235 12.185 12.18 12.233 12.293 12.36 12.423 12.48 12.538 12.613 12.707 12.797 12.885 12.942 12.962 12.978 12.995 13.06 13.19 13.292 13.282 13.195 13.143 13.14 13.145 13.155 13.177 13.2 13.207 13.212 13.218 13.223 13.23 13.245
10.402 10.397 10.393 10.393 10.405 10.44 10.495 10.55 10.547 10.485 10.42 10.36 10.32 10.365 10.483 10.61 10.742 10.85 10.923 10.988 11.103 11.27 11.435 11.6 11.78 11.965 12.15 12.302 12.377 12.402 12.42 12.435 12.45 12.46 12.425 12.36 12.308 12.263 12.218 12.175 12.173 12.218 12.275 12.318 12.333 12.355 12.395 12.435 12.495 12.578 12.663 12.747 12.805 12.827 12.845 12.905 13.053 13.21 13.302 13.337 13.297 13.25 13.24 13.222 13.192 13.173 13.172 13.177 13.182 13.197 13.212 13.22 13.233
10.442 10.435 10.433 10.44 10.455 10.483 10.527 10.567 10.55 10.488 10.423 10.38 10.37 10.405 10.493 10.61 10.735 10.835 10.91 10.973 11.07 11.223 11.388 11.563 11.747 11.933 12.12 12.26 12.332 12.377 12.412 12.435 12.45 12.457 12.417 12.34 12.278 12.233 12.2 12.21 12.293 12.39 12.447 12.442 12.388 12.37 12.39 12.403 12.418 12.458 12.528 12.61 12.667 12.695 12.755 12.898 13.085 13.225 13.307 13.365 13.372 13.343 13.307 13.262 13.205 13.153 13.135 13.137 13.133 13.155 13.197 13.222 13.238
10.477 10.473 10.478 10.49 10.505 10.528 10.562 10.582 10.552 10.495 10.455 10.455 10.478 10.505 10.548 10.63 10.745 10.847 10.92 10.975 11.048 11.175 11.345 11.528 11.713 11.9 12.087 12.217 12.28 12.33 12.38 12.42 12.447 12.455 12.407 12.323 12.255 12.233 12.265 12.355 12.477 12.577 12.595 12.522 12.435 12.41 12.422 12.412 12.388 12.388 12.423 12.478 12.533 12.603 12.743 12.93 13.107 13.232 13.315 13.393 13.46 13.447 13.36 13.273 13.2 13.14 13.105 13.09 13.068 13.085 13.145 13.192 13.23
10.505 10.512 10.525 10.542 10.557 10.567 10.58 10.58 10.557 10.538 10.545 10.57 10.595 10.625 10.65 10.69 10.768 10.86 10.927 10.972 11.023 11.133 11.31 11.495 11.68 11.87 12.052 12.17 12.225 12.275 12.325 12.375 12.423 12.445 12.4 12.313 12.26 12.295 12.402 12.527 12.652 12.727 12.685 12.578 12.485 12.443 12.43 12.4 12.365 12.358 12.37 12.388 12.445 12.583 12.772 12.965 13.127 13.242 13.345 13.477 13.607 13.602 13.485 13.37 13.27 13.18 13.098 13.04 13 13.013 13.075 13.135 13.197
10.517 10.535 10.537 10.542 10.545 10.545 10.552 10.55 10.545 10.56 10.58 10.607 10.645 10.682 10.717 10.755 10.805 10.87 10.925 10.965 11.005 11.108 11.283 11.468 11.653 11.837 12.01 12.118 12.178 12.243 12.31 12.38 12.44 12.457 12.402 12.313 12.27 12.337 12.47 12.6 12.757 12.83 12.755 12.645 12.558 12.51 12.48 12.448 12.408 12.355 12.325 12.325 12.405 12.585 12.777 12.957 13.11 13.225 13.347 13.52 13.68 13.68 13.557 13.435 13.312 13.187 13.078 13.008 12.965 12.968 13.018 13.085 13.157
10.51 10.512 10.487 10.475 10.465 10.47 10.502 10.515 10.52 10.54 10.55 10.57 10.6 10.635 10.68 10.73 10.777 10.832 10.897 10.95 10.99 11.093 11.265 11.448 11.63 11.813 11.99 12.125 12.215 12.298 12.385 12.457 12.502 12.492 12.412 12.315 12.263 12.323 12.455 12.618 12.84 12.927 12.835 12.743 12.683 12.645 12.615 12.58 12.532 12.438 12.335 12.29 12.368 12.545 12.717 12.88 13.032 13.157 13.283 13.455 13.61 13.617 13.507 13.38 13.25 13.128 13.043 12.995 12.963 12.958 12.988 13.05 13.12
