EGM722_Project_Data/DTM_tif/TL4560.asc
ncols         200
nrows         200
xllcorner     545000.000
yllcorner     260000.000
cellsize      5
NODATA_value  -9999.0
[rows 64 to 95 of 200, columns 73 to 145 of 200]
12.783 12.82 12.885 12.985 13.105 13.132 13.065 12.995 12.925 12.888 12.877 12.855 12.83 12.82 12.815 12.808 12.828 12.905 13.045 13.182 13.283 13.368 13.458 13.563 13.667 13.747 13.79 13.815 13.825 13.792 13.735 13.69 13.647 13.587 13.478 13.453 13.472 13.455 13.468 13.473 13.472 13.435 13.362 13.29 13.223 13.173 13.138 13.105 13.075 13.063 13.075 13.077 13.057 13.067 13.1 13.102 13.09 13.077 13.062 13.042 13.01 12.965 12.92 12.888 12.865 12.85 12.845 12.848 12.85 12.845 12.835 12.83 12.84
12.758 12.808 12.905 13.022 13.13 13.15 13.087 13.027 12.972 12.938 12.917 12.893 12.87 12.858 12.852 12.845 12.84 12.848 12.898 13.008 13.153 13.293 13.41 13.517 13.625 13.705 13.745 13.775 13.802 13.797 13.757 13.717 13.68 13.642 13.597 13.562 13.53 13.508 13.513 13.515 13.502 13.45 13.372 13.3 13.23 13.173 13.135 13.105 13.078 13.058 13.06 13.077 13.085 13.085 13.08 13.068 13.055 13.043 13.03 13.02 13.002 12.972 12.94 12.915 12.892 12.878 12.875 12.872 12.87 12.865 12.855 12.843 12.835
12.745 12.81 12.92 13.03 13.117 13.13 13.075 13.02 12.993 12.98 12.955 12.93 12.91 12.895 12.89 12.885 12.878 12.873 12.868 12.928 13.09 13.247 13.36 13.47 13.577 13.66 13.705 13.735 13.767 13.772 13.742 13.707 13.673 13.66 13.67 13.66 13.62 13.593 13.595 13.592 13.552 13.468 13.378 13.305 13.235 13.175 13.135 13.105 13.077 13.05 13.04 13.055 13.065 13.06 13.05 13.035 13.02 13.01 13.003 12.998 12.99 12.975 12.952 12.93 12.913 12.905 12.902 12.898 12.892 12.88 12.865 12.852 12.84
12.745 12.81 12.915 13.01 13.085 13.095 13.043 13.005 13.01 13.017 12.995 12.968 12.948 12.935 12.928 12.922 12.918 12.913 12.91 12.93 13.048 13.2 13.31 13.415 13.512 13.595 13.655 13.697 13.732 13.735 13.705 13.685 13.683 13.71 13.75 13.755 13.725 13.698 13.692 13.667 13.597 13.497 13.39 13.305 13.233 13.173 13.133 13.1 13.07 13.043 13.023 13.025 13.035 13.03 13.02 13.005 12.99 12.983 12.983 12.985 12.982 12.968 12.948 12.935 12.93 12.93 12.927 12.922 12.917 12.9 12.873 12.855 12.845
12.74 12.808 12.902 12.98 13.05 13.06 13.02 13.015 13.042 13.055 13.035 13.005 12.983 12.973 12.965 12.96 12.96 12.957 12.955 12.948 13.018 13.15 13.252 13.345 13.435 13.515 13.585 13.645 13.69 13.7 13.695 13.718 13.757 13.802 13.842 13.847 13.822 13.8 13.772 13.715 13.632 13.532 13.418 13.313 13.23 13.173 13.13 13.093 13.063 13.037 13.01 12.998 13.002 13 12.99 12.975 12.96 12.955 12.963 12.973 12.975 12.965 12.955 12.955 12.955 12.953 12.95 12.947 12.942 12.925 12.893 12.865 12.85
12.745 12.795 12.875 12.945 13.015 13.033 13.023 13.045 13.077 13.092 13.075 13.045 13.02 13.01 13.007 13.005 13.005 13.002 13 12.985 13.005 13.09 13.18 13.265 13.355 13.435 13.505 13.575 13.64 13.677 13.712 13.767 13.822 13.875 13.922 13.927 13.895 13.872 13.83 13.755 13.67 13.567 13.452 13.338 13.24 13.178 13.135 13.095 13.06 13.03 13.003 12.98 12.973 12.97 12.958 12.945 12.938 12.94 12.953 12.968 12.975 12.973 12.972 12.975 12.977 12.977 12.973 12.97 12.967 12.95 12.917 12.885 12.86
12.803 12.83 12.885 12.945 13.003 13.035 13.06 13.095 13.128 13.15 13.143 13.115 13.075 13.043 13.035 13.035 13.035 13.032 13.022 12.987 12.973 13.03 13.118 13.2 13.28 13.365 13.448 13.523 13.597 13.647 13.685 13.74 13.8 13.86 13.922 13.945 13.915 13.892 13.872 13.815 13.722 13.605 13.48 13.365 13.26 13.19 13.15 13.105 13.055 13.015 12.99 12.968 12.958 12.958 12.95 12.948 12.95 12.96 12.975 12.985 12.987 12.985 12.985 12.988 12.995 13 12.997 12.992 12.982 12.96 12.925 12.89 12.863
12.913 12.938 12.973 13.02 13.065 13.103 13.138 13.173 13.21 13.235 13.235 13.22 13.172 13.1 13.048 13.03 13.03 13.03 13 12.928 12.913 12.98 13.06 13.135 13.205 13.295 13.4 13.487 13.565 13.61 13.625 13.663 13.72 13.78 13.852 13.907 13.9 13.885 13.9 13.877 13.79 13.658 13.513 13.388 13.28 13.21 13.165 13.105 13.038 12.993 12.97 12.96 12.975 12.993 12.99 12.985 12.988 12.997 13.005 13.005 13 12.995 12.995 13.003 13.017 13.022 13.02 13.01 12.982 12.95 12.918 12.888 12.865
13.035 13.062 13.093 13.133 13.175 13.21 13.24 13.272 13.305 13.315 13.307 13.297 13.257 13.185 13.105 13.038 13.013 13 12.945 12.875 12.875 12.93 12.988 13.055 13.125 13.215 13.33 13.442 13.532 13.577 13.585 13.598 13.638 13.7 13.78 13.862 13.882 13.878 13.91 13.922 13.86 13.725 13.568 13.423 13.305 13.23 13.167 13.09 13.015 12.968 12.955 12.975 13.02 13.06 13.065 13.045 13.03 13.025 13.023 13.018 13.01 13.005 13.008 13.02 13.04 13.047 13.035 13.01 12.975 12.94 12.913 12.89 12.87
13.14 13.172 13.207 13.245 13.277 13.3 13.317 13.332 13.345 13.342 13.327 13.3 13.242 13.182 13.125 13.05 13.005 12.972 12.913 12.878 12.895 12.93 12.97 13.02 13.07 13.143 13.25 13.372 13.482 13.54 13.552 13.555 13.568 13.623 13.713 13.807 13.855 13.873 13.91 13.945 13.917 13.795 13.635 13.477 13.34 13.24 13.155 13.07 12.993 12.953 12.968 13.013 13.068 13.12 13.14 13.115 13.075 13.05 13.043 13.035 13.025 13.02 13.025 13.04 13.057 13.06 13.035 13 12.965 12.933 12.91 12.89 12.87
13.187 13.22 13.262 13.3 13.32 13.327 13.332 13.335 13.335 13.327 13.307 13.25 13.163 13.098 13.052 13.005 12.98 12.962 12.92 12.91 12.942 12.977 13.01 13.04 13.068 13.108 13.185 13.298 13.42 13.492 13.507 13.512 13.515 13.558 13.648 13.742 13.815 13.86 13.897 13.932 13.932 13.832 13.667 13.51 13.383 13.28 13.183 13.088 12.995 12.97 13.015 13.068 13.12 13.16 13.175 13.155 13.11 13.078 13.065 13.055 13.04 13.025 13.022 13.032 13.047 13.047 13.02 12.985 12.95 12.922 12.905 12.885 12.865
13.19 13.223 13.262 13.29 13.307 13.315 13.317 13.32 13.32 13.31 13.267 13.175 13.078 13.015 12.968 12.935 12.94 12.952 12.943 12.953 12.985 13.015 13.04 13.062 13.085 13.113 13.16 13.243 13.357 13.432 13.45 13.457 13.46 13.503 13.59 13.677 13.752 13.81 13.855 13.89 13.91 13.83 13.663 13.53 13.448 13.362 13.26 13.158 13.055 13.03 13.08 13.125 13.155 13.17 13.175 13.17 13.137 13.103 13.09 13.075 13.045 13.015 13 12.998 13.01 13.015 12.995 12.965 12.93 12.905 12.892 12.877 12.86
13.198 13.22 13.25 13.27 13.29 13.3 13.3 13.3 13.3 13.277 13.202 13.09 12.993 12.933 12.895 12.89 12.915 12.945 12.967 12.987 13.012 13.035 13.055 13.075 13.098 13.128 13.165 13.215 13.3 13.367 13.387 13.397 13.403 13.45 13.532 13.605 13.667 13.725 13.782 13.83 13.867 13.81 13.678 13.59 13.53 13.447 13.345 13.245 13.148 13.108 13.13 13.15 13.155 13.158 13.163 13.17 13.155 13.13 13.112 13.08 13.038 13.005 12.985 12.97 12.973 12.975 12.96 12.94 12.913 12.89 12.88 12.87 12.855
13.203 13.208 13.223 13.245 13.265 13.277 13.28 13.28 13.275 13.225 13.122 13.005 12.908 12.853 12.84 12.865 12.913 12.96 12.985 13.002 13.025 13.045 13.068 13.09 13.113 13.143 13.18 13.22 13.273 13.313 13.325 13.338 13.35 13.39 13.458 13.523 13.58 13.635 13.695 13.75 13.8 13.792 13.732 13.672 13.61 13.532 13.435 13.332 13.233 13.173 13.158 13.153 13.148 13.145 13.15 13.16 13.16 13.145 13.115 13.07 13.025 12.995 12.975 12.955 12.943 12.935 12.922 12.907 12.89 12.875 12.865 12.855 12.843
13.198 13.203 13.195 13.21 13.232 13.25 13.255 13.255 13.247 13.172 13.04 12.918 12.825 12.79 12.818 12.878 12.95 12.997 12.998 13.005 13.035 13.06 13.082 13.105 13.125 13.155 13.195 13.235 13.27 13.283 13.285 13.298 13.31 13.343 13.403 13.452 13.49 13.538 13.595 13.65 13.702 13.742 13.745 13.705 13.65 13.592 13.51 13.405 13.3 13.235 13.21 13.193 13.175 13.153 13.14 13.142 13.145 13.135 13.105 13.062 13.018 12.98 12.955 12.935 12.915 12.9 12.887 12.873 12.86 12.867 12.877 12.868 12.855
13.2 13.21 13.188 13.183 13.198 13.215 13.22 13.222 13.22 13.137 12.985 12.845 12.768 12.783 12.85 12.93 13.012 13.045 13.01 13.003 13.037 13.07 13.095 13.118 13.14 13.168 13.207 13.242 13.265 13.272 13.27 13.273 13.283 13.32 13.367 13.387 13.398 13.433 13.487 13.54 13.59 13.64 13.677 13.672 13.632 13.595 13.55 13.467 13.365 13.305 13.287 13.26 13.22 13.172 13.13 13.115 13.115 13.11 13.09 13.055 13.012 12.968 12.93 12.905 12.885 12.87 12.855 12.84 12.828 12.85 12.895 12.907 12.9
13.205 13.217 13.195 13.178 13.17 13.178 13.185 13.19 13.19 13.11 12.973 12.855 12.803 12.845 12.923 12.997 13.075 13.087 13.028 13.005 13.033 13.067 13.1 13.13 13.155 13.183 13.217 13.242 13.26 13.267 13.26 13.253 13.26 13.287 13.307 13.31 13.31 13.333 13.38 13.43 13.48 13.53 13.577 13.607 13.595 13.565 13.545 13.505 13.43 13.373 13.342 13.297 13.242 13.185 13.13 13.095 13.085 13.08 13.065 13.04 13.005 12.962 12.918 12.88 12.855 12.838 12.823 12.808 12.793 12.815 12.875 12.922 12.94
13.21 13.225 13.205 13.185 13.165 13.155 13.155 13.16 13.165 13.122 13.04 12.963 12.913 12.938 13.007 13.062 13.105 13.1 13.047 13.015 13.03 13.065 13.1 13.135 13.163 13.193 13.218 13.235 13.255 13.26 13.25 13.24 13.238 13.243 13.245 13.245 13.245 13.248 13.268 13.31 13.36 13.41 13.457 13.505 13.54 13.54 13.523 13.505 13.467 13.417 13.365 13.31 13.255 13.198 13.143 13.093 13.063 13.05 13.038 13.023 12.998 12.96 12.918 12.873 12.838 12.815 12.798 12.78 12.763 12.788 12.853 12.918 12.967
13.22 13.235 13.215 13.185 13.145 13.125 13.128 13.135 13.148 13.157 13.142 13.09 13.028 13.008 13.035 13.065 13.082 13.077 13.042 13.023 13.048 13.09 13.13 13.17 13.208 13.238 13.258 13.268 13.267 13.253 13.235 13.225 13.218 13.215 13.215 13.215 13.21 13.19 13.158 13.165 13.215 13.265 13.315 13.373 13.455 13.517 13.522 13.508 13.485 13.44 13.38 13.325 13.273 13.22 13.168 13.115 13.073 13.05 13.043 13.03 13.002 12.968 12.93 12.888 12.848 12.82 12.8 12.783 12.775 12.805 12.868 12.938 13.005
13.215 13.225 13.19 13.142 13.085 13.07 13.097 13.115 13.133 13.157 13.177 13.177 13.137 13.078 13.038 13.025 13.035 13.037 13.018 13.035 13.092 13.145 13.193 13.242 13.292 13.32 13.322 13.31 13.285 13.253 13.225 13.21 13.203 13.2 13.2 13.195 13.18 13.147 13.08 13.033 13.055 13.105 13.163 13.253 13.37 13.467 13.517 13.522 13.502 13.46 13.4 13.348 13.303 13.255 13.205 13.155 13.11 13.085 13.077 13.055 13.012 12.977 12.947 12.91 12.87 12.84 12.823 12.818 12.83 12.865 12.918 12.983 13.052
13.152 13.15 13.107 13.062 13.01 13.008 13.065 13.1 13.12 13.145 13.17 13.197 13.202 13.165 13.105 13.05 13.013 12.998 13.01 13.068 13.142 13.2 13.252 13.3 13.337 13.352 13.34 13.317 13.29 13.26 13.228 13.2 13.185 13.18 13.175 13.16 13.142 13.105 13.03 12.945 12.913 12.955 13.048 13.178 13.302 13.395 13.47 13.517 13.517 13.477 13.425 13.38 13.34 13.295 13.245 13.193 13.148 13.125 13.11 13.07 13.015 12.98 12.957 12.93 12.895 12.865 12.858 12.873 12.895 12.93 12.98 13.035 13.1
13.038 13.028 12.998 12.973 12.94 12.95 13.02 13.072 13.095 13.112 13.13 13.155 13.192 13.192 13.145 13.087 13.025 12.988 13.018 13.1 13.185 13.242 13.28 13.31 13.33 13.332 13.32 13.305 13.295 13.275 13.235 13.198 13.168 13.153 13.14 13.123 13.107 13.062 12.98 12.885 12.818 12.85 12.975 13.122 13.24 13.322 13.398 13.47 13.512 13.5 13.46 13.42 13.38 13.335 13.282 13.228 13.183 13.162 13.137 13.077 13.015 12.98 12.96 12.94 12.915 12.9 12.913 12.938 12.96 12.995 13.045 13.095 13.147
12.985 12.965 12.935 12.918 12.9 12.9 12.945 13 13.025 13.038 13.063 13.103 13.152 13.167 13.127 13.075 13.027 12.995 13.013 13.09 13.187 13.247 13.27 13.29 13.307 13.305 13.29 13.29 13.307 13.297 13.255 13.218 13.18 13.145 13.115 13.09 13.07 13.018 12.938 12.865 12.81 12.835 12.935 13.065 13.177 13.253 13.333 13.412 13.477 13.497 13.472 13.437 13.405 13.37 13.32 13.265 13.22 13.192 13.152 13.08 13.015 12.98 12.96 12.945 12.953 12.978 13.003 13.022 13.022 13.035 13.08 13.127 13.162
13.012 12.98 12.935 12.903 12.88 12.863 12.868 12.903 12.935 12.965 13.013 13.067 13.12 13.142 13.112 13.06 13.015 12.995 13.008 13.06 13.15 13.217 13.247 13.27 13.282 13.278 13.278 13.305 13.335 13.325 13.288 13.253 13.217 13.175 13.13 13.09 13.05 13 12.943 12.893 12.858 12.88 12.95 13.035 13.123 13.203 13.287 13.365 13.425 13.457 13.45 13.422 13.4 13.377 13.347 13.305 13.26 13.217 13.157 13.08 13.018 12.983 12.97 12.985 13.035 13.09 13.105 13.092 13.06 13.05 13.085 13.12 13.142
13.047 13.01 12.955 12.905 12.868 12.84 12.825 12.838 12.875 12.923 12.978 13.033 13.085 13.115 13.095 13.05 13.013 13 13.015 13.043 13.11 13.18 13.22 13.25 13.26 13.268 13.293 13.33 13.362 13.357 13.322 13.287 13.252 13.207 13.157 13.107 13.053 13.013 12.98 12.935 12.903 12.93 12.995 13.043 13.093 13.167 13.245 13.31 13.367 13.415 13.422 13.4 13.38 13.363 13.347 13.322 13.285 13.232 13.16 13.08 13.02 12.998 13.018 13.065 13.115 13.152 13.147 13.11 13.068 13.055 13.078 13.1 13.118
13.077 13.04 12.985 12.93 12.88 12.835 12.823 12.848 12.875 12.905 12.95 13 13.05 13.09 13.082 13.043 13.015 13.013 13.028 13.043 13.085 13.142 13.187 13.225 13.247 13.275 13.31 13.342 13.372 13.367 13.33 13.29 13.25 13.212 13.167 13.113 13.058 13.023 13.002 12.97 12.95 12.978 13.022 13.053 13.083 13.13 13.19 13.25 13.31 13.365 13.39 13.383 13.368 13.355 13.343 13.328 13.305 13.25 13.17 13.088 13.028 13.023 13.06 13.102 13.135 13.15 13.132 13.095 13.065 13.063 13.075 13.088 13.1
13.075 13.06 13.017 12.965 12.913 12.863 12.86 12.905 12.93 12.935 12.955 12.993 13.038 13.075 13.072 13.04 13.025 13.033 13.048 13.063 13.083 13.11 13.148 13.19 13.227 13.262 13.295 13.325 13.345 13.335 13.3 13.255 13.213 13.187 13.162 13.117 13.063 13.028 13.012 12.995 12.99 13.015 13.05 13.075 13.088 13.103 13.143 13.2 13.26 13.315 13.36 13.382 13.38 13.37 13.36 13.353 13.34 13.285 13.2 13.12 13.06 13.043 13.06 13.087 13.115 13.127 13.105 13.073 13.07 13.09 13.103 13.11 13.118
13.025 13.042 13.04 13.002 12.948 12.913 12.925 12.967 12.997 13 12.998 13.015 13.05 13.072 13.065 13.055 13.06 13.07 13.085 13.097 13.1 13.1 13.113 13.148 13.19 13.225 13.255 13.28 13.29 13.28 13.255 13.217 13.178 13.15 13.135 13.112 13.067 13.03 13.015 13.018 13.035 13.062 13.087 13.095 13.092 13.095 13.115 13.16 13.217 13.273 13.33 13.38 13.402 13.4 13.39 13.385 13.377 13.325 13.243 13.175 13.12 13.078 13.06 13.073 13.1 13.105 13.083 13.075 13.1 13.13 13.145 13.155 13.162
12.955 12.985 13.017 13.02 12.985 12.968 12.995 13.032 13.062 13.072 13.065 13.063 13.075 13.085 13.085 13.095 13.11 13.12 13.132 13.135 13.125 13.115 13.11 13.123 13.153 13.185 13.212 13.23 13.232 13.22 13.2 13.175 13.14 13.113 13.098 13.085 13.062 13.04 13.04 13.063 13.09 13.105 13.105 13.095 13.093 13.098 13.105 13.13 13.175 13.23 13.29 13.35 13.4 13.422 13.42 13.415 13.41 13.365 13.295 13.24 13.19 13.14 13.095 13.073 13.085 13.088 13.083 13.105 13.137 13.167 13.185 13.195 13.205
12.883 12.91 12.95 12.99 13.01 13.03 13.067 13.1 13.132 13.147 13.14 13.122 13.1 13.103 13.125 13.145 13.16 13.17 13.172 13.16 13.145 13.135 13.13 13.13 13.135 13.15 13.165 13.175 13.177 13.162 13.14 13.12 13.095 13.078 13.07 13.06 13.053 13.055 13.075 13.102 13.122 13.122 13.108 13.095 13.095 13.103 13.11 13.125 13.15 13.195 13.255 13.315 13.375 13.425 13.445 13.442 13.437 13.41 13.36 13.31 13.26 13.21 13.16 13.113 13.085 13.085 13.107 13.142 13.175 13.205 13.225 13.232 13.235
12.843 12.87 12.933 12.993 13.03 13.065 13.115 13.162 13.205 13.217 13.19 13.142 13.103 13.108 13.142 13.172 13.192 13.202 13.197 13.18 13.165 13.155 13.145 13.132 13.12 13.12 13.123 13.123 13.123 13.108 13.09 13.08 13.07 13.065 13.065 13.063 13.06 13.07 13.092 13.117 13.14 13.137 13.115 13.11 13.123 13.135 13.148 13.153 13.145 13.165 13.22 13.28 13.34 13.4 13.442 13.452 13.45 13.445 13.42 13.375 13.325 13.275 13.222 13.17 13.113 13.09 13.117 13.155 13.192 13.22 13.23 13.227 13.22
12.895 12.92 12.997 13.045 13.053 13.07 13.122 13.185 13.242 13.247 13.192 13.125 13.088 13.102 13.127 13.14 13.147 13.152 13.155 13.155 13.152 13.14 13.117 13.098 13.09 13.097 13.098 13.088 13.085 13.083 13.08 13.08 13.08 13.08 13.078 13.075 13.075 13.085 13.108 13.132 13.157 13.155 13.14 13.155 13.18 13.197 13.21 13.19 13.143 13.143 13.19 13.245 13.305 13.362 13.412 13.442 13.447 13.452 13.455 13.427 13.38 13.33 13.277 13.217 13.145 13.098 13.103 13.135 13.175 13.197 13.195 13.183 13.173
