EGM722_Project_Data/DTM_tif/TL4556.asc
ncols         200
nrows         200
xllcorner     545000.000
yllcorner     256000.000
cellsize      5
NODATA_value  -9999.0
[rows 32 to 63 of 200, columns 0 to 72 of 200]
11.442 11.477 11.49 11.46 11.407 11.343 11.308 11.315 11.322 11.327 11.332 11.335 11.335 11.332 11.302 11.253 11.208 11.175 11.148 11.115 11.105 11.115 11.125 11.117 11.103 11.083 11.053 11.038 11.032 10.997 10.933 10.88 10.825 10.755 10.68 10.603 10.558 10.545 10.532 10.518 10.51 10.51 10.513 10.515 10.505 10.472 10.422 10.357 10.282 10.208 10.135 10.08 10.045 10.033 10.045 10.03 9.945 9.825 9.708 9.593 9.505 9.47 9.457 9.425 9.37 9.335 9.33 9.348 9.4 9.48 9.562 9.632 9.7
11.43 11.465 11.47 11.43 11.38 11.325 11.295 11.298 11.305 11.313 11.317 11.32 11.32 11.317 11.29 11.238 11.183 11.138 11.108 11.098 11.108 11.12 11.135 11.15 11.152 11.14 11.128 11.122 11.11 11.065 10.995 10.935 10.867 10.787 10.71 10.645 10.608 10.588 10.573 10.56 10.56 10.567 10.567 10.56 10.537 10.495 10.435 10.362 10.287 10.212 10.148 10.107 10.08 10.075 10.095 10.107 10.065 9.96 9.842 9.727 9.615 9.538 9.493 9.445 9.39 9.345 9.33 9.33 9.34 9.375 9.438 9.508 9.578
11.425 11.467 11.467 11.415 11.365 11.315 11.288 11.288 11.295 11.3 11.3 11.3 11.3 11.297 11.277 11.235 11.185 11.135 11.105 11.108 11.125 11.143 11.16 11.177 11.195 11.207 11.21 11.205 11.18 11.127 11.057 10.977 10.888 10.805 10.743 10.7 10.67 10.643 10.618 10.605 10.613 10.625 10.622 10.6 10.562 10.507 10.435 10.36 10.285 10.205 10.15 10.12 10.09 10.087 10.115 10.147 10.16 10.09 9.962 9.837 9.713 9.633 9.578 9.503 9.428 9.363 9.333 9.335 9.345 9.345 9.355 9.405 9.478
11.45 11.5 11.485 11.42 11.365 11.315 11.285 11.285 11.29 11.285 11.28 11.28 11.277 11.27 11.252 11.225 11.19 11.15 11.128 11.135 11.155 11.175 11.195 11.2 11.215 11.25 11.275 11.285 11.252 11.185 11.107 11.013 10.913 10.838 10.793 10.76 10.73 10.7 10.67 10.658 10.67 10.685 10.675 10.635 10.577 10.505 10.425 10.347 10.27 10.183 10.125 10.105 10.08 10.07 10.098 10.142 10.182 10.145 10.025 9.89 9.793 9.775 9.74 9.645 9.55 9.453 9.388 9.385 9.39 9.362 9.335 9.348 9.398
11.51 11.545 11.502 11.435 11.37 11.313 11.283 11.28 11.275 11.265 11.26 11.257 11.25 11.24 11.22 11.193 11.17 11.158 11.158 11.17 11.19 11.21 11.217 11.21 11.225 11.265 11.305 11.332 11.302 11.227 11.145 11.058 10.975 10.9 10.845 10.81 10.78 10.75 10.725 10.72 10.732 10.735 10.71 10.652 10.575 10.495 10.412 10.33 10.245 10.155 10.1 10.083 10.063 10.05 10.073 10.112 10.147 10.137 10.045 9.945 9.925 9.957 9.93 9.832 9.72 9.59 9.49 9.457 9.427 9.368 9.333 9.33 9.345
11.575 11.58 11.52 11.455 11.39 11.333 11.298 11.285 11.273 11.255 11.24 11.228 11.215 11.205 11.19 11.175 11.173 11.183 11.195 11.208 11.225 11.24 11.227 11.213 11.235 11.275 11.317 11.345 11.322 11.257 11.177 11.11 11.055 10.977 10.903 10.86 10.83 10.8 10.783 10.787 10.79 10.767 10.717 10.637 10.55 10.47 10.387 10.31 10.225 10.133 10.083 10.065 10.045 10.038 10.055 10.085 10.115 10.132 10.098 10.07 10.1 10.14 10.11 9.995 9.857 9.713 9.58 9.493 9.432 9.365 9.33 9.33 9.33
11.652 11.632 11.583 11.525 11.47 11.418 11.378 11.358 11.34 11.303 11.253 11.22 11.205 11.2 11.195 11.198 11.213 11.225 11.235 11.243 11.255 11.255 11.225 11.215 11.245 11.288 11.332 11.352 11.33 11.275 11.2 11.145 11.107 11.05 10.97 10.91 10.88 10.853 10.843 10.845 10.827 10.787 10.717 10.61 10.508 10.425 10.345 10.277 10.212 10.128 10.073 10.055 10.043 10.048 10.065 10.088 10.113 10.137 10.155 10.18 10.22 10.26 10.24 10.125 9.98 9.835 9.675 9.525 9.428 9.363 9.33 9.33 9.338
11.702 11.69 11.685 11.645 11.595 11.543 11.503 11.48 11.452 11.392 11.31 11.255 11.243 11.253 11.25 11.245 11.257 11.27 11.278 11.283 11.28 11.255 11.218 11.218 11.258 11.302 11.345 11.357 11.33 11.285 11.22 11.165 11.13 11.092 11.035 10.97 10.93 10.91 10.902 10.882 10.845 10.8 10.722 10.6 10.473 10.375 10.298 10.235 10.187 10.123 10.07 10.058 10.06 10.075 10.095 10.115 10.135 10.15 10.175 10.215 10.255 10.295 10.297 10.227 10.102 9.952 9.785 9.605 9.453 9.36 9.33 9.343 9.375
11.708 11.71 11.752 11.752 11.715 11.665 11.625 11.6 11.552 11.47 11.378 11.313 11.308 11.33 11.327 11.305 11.303 11.315 11.325 11.337 11.315 11.258 11.218 11.228 11.272 11.315 11.357 11.365 11.33 11.292 11.237 11.185 11.15 11.115 11.08 11.03 10.983 10.96 10.937 10.897 10.852 10.807 10.727 10.6 10.46 10.338 10.25 10.193 10.15 10.11 10.083 10.08 10.09 10.105 10.122 10.137 10.15 10.16 10.185 10.225 10.265 10.305 10.315 10.282 10.205 10.067 9.895 9.715 9.535 9.393 9.353 9.393 9.445
11.715 11.708 11.765 11.812 11.822 11.787 11.747 11.71 11.635 11.535 11.43 11.373 11.385 11.41 11.415 11.388 11.36 11.365 11.385 11.397 11.36 11.285 11.24 11.248 11.285 11.328 11.37 11.37 11.33 11.292 11.25 11.208 11.17 11.135 11.105 11.07 11.03 10.992 10.95 10.905 10.86 10.815 10.732 10.603 10.465 10.33 10.23 10.18 10.158 10.145 10.135 10.13 10.127 10.13 10.14 10.15 10.16 10.17 10.195 10.232 10.27 10.31 10.322 10.3 10.26 10.155 9.982 9.795 9.62 9.478 9.428 9.468 9.522
11.728 11.71 11.76 11.822 11.875 11.89 11.865 11.795 11.692 11.585 11.48 11.44 11.465 11.49 11.502 11.485 11.445 11.438 11.46 11.455 11.403 11.34 11.305 11.295 11.313 11.35 11.377 11.367 11.33 11.29 11.253 11.227 11.202 11.167 11.133 11.1 11.065 11.02 10.97 10.925 10.88 10.822 10.737 10.63 10.505 10.37 10.273 10.238 10.235 10.225 10.202 10.18 10.157 10.145 10.15 10.158 10.165 10.178 10.2 10.232 10.267 10.295 10.302 10.292 10.27 10.187 10.025 9.853 9.713 9.6 9.54 9.55 9.598
11.74 11.718 11.76 11.82 11.88 11.9 11.9 11.85 11.735 11.623 11.538 11.52 11.545 11.567 11.58 11.577 11.548 11.525 11.532 11.512 11.46 11.42 11.395 11.375 11.368 11.385 11.395 11.367 11.325 11.285 11.248 11.235 11.227 11.2 11.165 11.13 11.095 11.05 11.002 10.957 10.897 10.812 10.722 10.64 10.547 10.437 10.35 10.312 10.295 10.27 10.237 10.202 10.17 10.155 10.16 10.167 10.173 10.183 10.2 10.222 10.242 10.25 10.25 10.253 10.247 10.2 10.085 9.955 9.845 9.74 9.665 9.648 9.678
11.74 11.723 11.76 11.797 11.782 11.705 11.795 11.885 11.775 11.66 11.595 11.6 11.622 11.64 11.65 11.655 11.645 11.622 11.605 11.578 11.54 11.513 11.49 11.47 11.45 11.443 11.427 11.38 11.325 11.278 11.243 11.23 11.22 11.202 11.18 11.152 11.122 11.08 11.03 10.97 10.885 10.785 10.69 10.61 10.537 10.46 10.387 10.327 10.292 10.275 10.25 10.215 10.18 10.165 10.17 10.18 10.188 10.195 10.205 10.213 10.218 10.22 10.223 10.228 10.232 10.212 10.15 10.067 9.98 9.882 9.795 9.76 9.768
11.72 11.712 11.687 11.617 11.495 11.383 11.585 11.847 11.812 11.705 11.663 11.677 11.695 11.71 11.72 11.725 11.725 11.71 11.68 11.652 11.627 11.605 11.585 11.565 11.542 11.512 11.457 11.393 11.335 11.28 11.245 11.23 11.215 11.198 11.18 11.16 11.138 11.1 11.035 10.95 10.855 10.755 10.66 10.577 10.5 10.43 10.372 10.31 10.268 10.257 10.245 10.22 10.19 10.178 10.183 10.193 10.205 10.217 10.222 10.218 10.22 10.225 10.23 10.235 10.232 10.207 10.157 10.1 10.04 9.967 9.895 9.867 9.87
11.657 11.652 11.55 11.37 11.19 11.095 11.33 11.737 11.847 11.76 11.738 11.75 11.765 11.78 11.79 11.795 11.79 11.77 11.743 11.72 11.7 11.682 11.667 11.65 11.627 11.577 11.488 11.403 11.34 11.285 11.258 11.255 11.245 11.225 11.205 11.185 11.167 11.12 11.02 10.915 10.82 10.72 10.625 10.538 10.455 10.39 10.345 10.295 10.243 10.22 10.215 10.205 10.193 10.193 10.203 10.215 10.23 10.245 10.247 10.233 10.23 10.235 10.24 10.242 10.225 10.19 10.142 10.085 10.028 9.97 9.925 9.917 9.932
11.565 11.582 11.48 11.275 11.098 11.03 11.215 11.592 11.812 11.817 11.81 11.82 11.835 11.847 11.852 11.855 11.845 11.822 11.8 11.783 11.765 11.75 11.742 11.732 11.707 11.635 11.523 11.418 11.34 11.285 11.268 11.29 11.295 11.275 11.255 11.237 11.212 11.137 11.01 10.885 10.78 10.68 10.585 10.495 10.413 10.355 10.312 10.267 10.215 10.183 10.178 10.175 10.19 10.215 10.23 10.245 10.26 10.275 10.275 10.253 10.243 10.245 10.25 10.245 10.212 10.17 10.125 10.072 10.015 9.955 9.92 9.925 9.945
11.483 11.525 11.455 11.29 11.19 11.185 11.313 11.555 11.777 11.862 11.862 11.867 11.875 11.88 11.877 11.875 11.87 11.857 11.852 11.847 11.832 11.82 11.812 11.797 11.755 11.672 11.56 11.445 11.35 11.285 11.275 11.312 11.335 11.327 11.31 11.292 11.245 11.142 11.01 10.875 10.75 10.64 10.545 10.455 10.375 10.32 10.278 10.235 10.188 10.15 10.143 10.163 10.21 10.255 10.268 10.273 10.288 10.302 10.3 10.275 10.258 10.255 10.255 10.237 10.197 10.153 10.105 10.055 10.002 9.945 9.92 9.935 9.957
11.423 11.458 11.44 11.378 11.35 11.363 11.48 11.67 11.797 11.84 11.84 11.84 11.842 11.845 11.842 11.847 11.857 11.857 11.862 11.875 11.875 11.857 11.832 11.8 11.75 11.675 11.577 11.475 11.373 11.293 11.285 11.325 11.362 11.377 11.365 11.335 11.262 11.145 11.01 10.875 10.74 10.61 10.505 10.418 10.345 10.295 10.253 10.21 10.165 10.125 10.13 10.183 10.247 10.305 10.32 10.31 10.318 10.33 10.322 10.295 10.273 10.265 10.252 10.22 10.18 10.137 10.09 10.038 9.985 9.935 9.923 9.945 9.968
11.428 11.445 11.468 11.492 11.52 11.54 11.622 11.73 11.76 11.76 11.76 11.76 11.763 11.77 11.778 11.795 11.82 11.835 11.84 11.855 11.865 11.837 11.798 11.762 11.72 11.65 11.56 11.472 11.38 11.305 11.3 11.34 11.382 11.415 11.415 11.365 11.267 11.145 11.01 10.875 10.74 10.603 10.493 10.415 10.358 10.315 10.27 10.225 10.18 10.135 10.15 10.215 10.28 10.347 10.375 10.362 10.355 10.357 10.345 10.315 10.288 10.27 10.243 10.2 10.16 10.12 10.078 10.033 9.99 9.96 9.963 9.988 10.013
11.47 11.48 11.505 11.552 11.61 11.64 11.662 11.682 11.678 11.675 11.677 11.68 11.685 11.698 11.713 11.735 11.765 11.79 11.805 11.82 11.822 11.795 11.76 11.73 11.69 11.62 11.53 11.445 11.365 11.32 11.33 11.36 11.395 11.435 11.445 11.38 11.267 11.145 11.013 10.88 10.745 10.613 10.513 10.45 10.405 10.362 10.318 10.272 10.222 10.175 10.183 10.242 10.307 10.367 10.4 10.402 10.395 10.382 10.36 10.332 10.305 10.283 10.253 10.213 10.175 10.14 10.113 10.085 10.055 10.043 10.058 10.082 10.095
11.497 11.505 11.53 11.575 11.61 11.615 11.605 11.6 11.595 11.59 11.595 11.605 11.618 11.63 11.648 11.675 11.705 11.732 11.755 11.775 11.777 11.757 11.727 11.695 11.657 11.59 11.5 11.418 11.36 11.353 11.375 11.395 11.42 11.447 11.437 11.365 11.265 11.157 11.03 10.89 10.753 10.628 10.54 10.49 10.45 10.408 10.365 10.315 10.258 10.215 10.215 10.265 10.322 10.347 10.362 10.387 10.405 10.397 10.37 10.345 10.323 10.305 10.287 10.262 10.235 10.213 10.2 10.182 10.155 10.148 10.17 10.18 10.157
11.515 11.525 11.542 11.565 11.568 11.555 11.548 11.548 11.548 11.538 11.533 11.543 11.555 11.565 11.585 11.615 11.645 11.675 11.702 11.72 11.72 11.71 11.69 11.66 11.625 11.56 11.473 11.405 11.383 11.398 11.422 11.44 11.445 11.442 11.405 11.332 11.255 11.17 11.057 10.915 10.77 10.65 10.578 10.535 10.495 10.455 10.41 10.352 10.295 10.255 10.245 10.275 10.3 10.29 10.298 10.338 10.38 10.395 10.377 10.353 10.338 10.333 10.325 10.31 10.29 10.287 10.29 10.275 10.255 10.257 10.265 10.24 10.2
11.522 11.535 11.547 11.553 11.545 11.54 11.54 11.545 11.542 11.518 11.498 11.5 11.508 11.518 11.54 11.568 11.595 11.625 11.65 11.657 11.65 11.645 11.637 11.62 11.592 11.532 11.455 11.415 11.422 11.437 11.442 11.44 11.427 11.41 11.365 11.295 11.222 11.152 11.075 10.955 10.805 10.693 10.635 10.595 10.55 10.497 10.44 10.382 10.333 10.295 10.275 10.27 10.255 10.235 10.25 10.295 10.345 10.382 10.382 10.358 10.355 10.365 10.357 10.34 10.323 10.322 10.345 10.36 10.357 10.352 10.325 10.28 10.24
11.522 11.528 11.542 11.562 11.565 11.56 11.56 11.56 11.54 11.5 11.47 11.465 11.473 11.488 11.515 11.543 11.567 11.59 11.605 11.608 11.6 11.593 11.583 11.57 11.555 11.512 11.46 11.438 11.44 11.437 11.42 11.4 11.383 11.367 11.325 11.253 11.183 11.128 11.077 10.985 10.85 10.753 10.702 10.652 10.592 10.525 10.46 10.405 10.363 10.33 10.308 10.285 10.255 10.238 10.245 10.268 10.305 10.355 10.377 10.363 10.37 10.392 10.382 10.36 10.345 10.335 10.345 10.382 10.417 10.407 10.363 10.32 10.28
11.513 11.513 11.528 11.555 11.575 11.58 11.58 11.565 11.527 11.483 11.443 11.43 11.445 11.468 11.495 11.52 11.54 11.558 11.57 11.572 11.567 11.56 11.548 11.533 11.515 11.49 11.47 11.45 11.42 11.395 11.378 11.36 11.34 11.322 11.28 11.213 11.158 11.115 11.072 11 10.895 10.81 10.75 10.685 10.615 10.545 10.48 10.428 10.39 10.36 10.342 10.327 10.3 10.288 10.29 10.29 10.303 10.328 10.358 10.368 10.38 10.41 10.41 10.39 10.375 10.362 10.348 10.358 10.402 10.425 10.4 10.36 10.323
11.508 11.51 11.525 11.548 11.573 11.592 11.59 11.557 11.513 11.468 11.423 11.408 11.43 11.458 11.483 11.503 11.518 11.535 11.545 11.54 11.533 11.528 11.52 11.508 11.493 11.485 11.485 11.47 11.435 11.398 11.365 11.333 11.303 11.28 11.24 11.188 11.145 11.102 11.06 11 10.917 10.842 10.775 10.705 10.635 10.565 10.503 10.455 10.42 10.39 10.375 10.367 10.348 10.34 10.345 10.345 10.345 10.345 10.358 10.373 10.39 10.417 10.435 10.427 10.407 10.387 10.365 10.355 10.37 10.405 10.422 10.4 10.368
11.52 11.523 11.535 11.555 11.578 11.597 11.59 11.555 11.51 11.465 11.423 11.408 11.433 11.465 11.49 11.508 11.52 11.527 11.525 11.515 11.505 11.498 11.498 11.5 11.503 11.508 11.512 11.505 11.485 11.457 11.415 11.365 11.32 11.275 11.215 11.16 11.117 11.072 11.027 10.98 10.915 10.85 10.792 10.725 10.655 10.585 10.525 10.483 10.45 10.42 10.408 10.405 10.393 10.39 10.395 10.398 10.4 10.4 10.39 10.38 10.39 10.412 10.44 10.442 10.422 10.402 10.378 10.365 10.368 10.38 10.405 10.42 10.412
11.535 11.535 11.545 11.565 11.585 11.592 11.582 11.56 11.522 11.478 11.44 11.43 11.45 11.48 11.505 11.52 11.522 11.515 11.505 11.495 11.485 11.488 11.505 11.517 11.525 11.532 11.537 11.532 11.52 11.505 11.477 11.437 11.385 11.31 11.22 11.14 11.078 11.028 10.983 10.947 10.9 10.843 10.795 10.742 10.68 10.61 10.55 10.51 10.48 10.45 10.443 10.447 10.443 10.445 10.45 10.452 10.455 10.442 10.407 10.383 10.385 10.403 10.43 10.437 10.425 10.412 10.393 10.38 10.377 10.365 10.373 10.412 10.44
11.545 11.545 11.555 11.572 11.582 11.58 11.568 11.552 11.53 11.49 11.46 11.46 11.473 11.495 11.517 11.522 11.51 11.495 11.485 11.475 11.478 11.505 11.532 11.537 11.543 11.555 11.562 11.562 11.552 11.535 11.515 11.487 11.432 11.345 11.247 11.153 11.065 10.993 10.94 10.91 10.877 10.827 10.78 10.742 10.697 10.635 10.578 10.54 10.51 10.483 10.48 10.49 10.493 10.5 10.505 10.5 10.485 10.45 10.4 10.378 10.385 10.398 10.417 10.427 10.42 10.412 10.402 10.39 10.372 10.348 10.353 10.4 10.455
11.552 11.555 11.565 11.575 11.572 11.567 11.555 11.538 11.522 11.498 11.483 11.49 11.5 11.512 11.52 11.51 11.49 11.473 11.465 11.473 11.5 11.54 11.56 11.555 11.558 11.572 11.585 11.592 11.585 11.565 11.54 11.505 11.445 11.36 11.265 11.167 11.067 10.968 10.9 10.868 10.842 10.805 10.76 10.725 10.69 10.642 10.6 10.57 10.54 10.515 10.515 10.53 10.54 10.55 10.547 10.525 10.487 10.44 10.395 10.38 10.39 10.4 10.412 10.417 10.413 10.407 10.4 10.385 10.36 10.335 10.343 10.395 10.465
11.557 11.562 11.567 11.567 11.56 11.552 11.542 11.528 11.518 11.508 11.505 11.515 11.525 11.527 11.52 11.505 11.483 11.46 11.46 11.492 11.535 11.572 11.585 11.577 11.575 11.585 11.6 11.612 11.61 11.585 11.552 11.507 11.435 11.347 11.252 11.147 11.04 10.93 10.855 10.82 10.793 10.767 10.737 10.702 10.665 10.617 10.58 10.555 10.527 10.51 10.515 10.535 10.55 10.56 10.555 10.525 10.48 10.43 10.393 10.385 10.395 10.405 10.41 10.407 10.405 10.4 10.39 10.375 10.353 10.33 10.338 10.39 10.462
11.555 11.555 11.552 11.547 11.542 11.53 11.527 11.532 11.53 11.525 11.525 11.535 11.542 11.54 11.527 11.512 11.493 11.47 11.465 11.49 11.532 11.57 11.585 11.587 11.59 11.592 11.6 11.617 11.627 11.607 11.57 11.505 11.41 11.315 11.212 11.1 10.99 10.88 10.803 10.768 10.745 10.73 10.71 10.675 10.63 10.568 10.518 10.493 10.475 10.47 10.48 10.5 10.515 10.527 10.527 10.505 10.467 10.42 10.388 10.385 10.392 10.395 10.392 10.39 10.39 10.387 10.38 10.367 10.348 10.335 10.35 10.388 10.45
