EGM722_Project_Data/DTM_tif/TL4560.asc
ncols         200
nrows         200
xllcorner     545000.000
yllcorner     260000.000
cellsize      5
NODATA_value  -9999.0
[rows 96 to 127 of 200, columns 0 to 72 of 200]
13.69 13.705 13.677 13.612 13.522 13.425 13.317 13.205 13.098 13.013 12.975 12.96 12.932 12.9 12.878 12.877 12.865 12.815 12.758 12.708 12.66 12.617 12.585 12.552 12.518 12.498 12.493 12.488 12.478 12.465 12.46 12.483 12.538 12.6 12.632 12.643 12.655 12.67 12.68 12.675 12.652 12.603 12.6 12.657 12.71 12.74 12.765 12.847 12.897 12.868 12.835 12.805 12.765 12.715 12.68 12.69 12.75 12.833 12.917 12.997 13.075 13.15 13.205 13.227 13.235 13.24 13.235 13.222 13.195 13.147 13.107 13.077 13.04
13.675 13.677 13.64 13.587 13.507 13.412 13.315 13.217 13.115 13.023 12.973 12.943 12.905 12.87 12.85 12.855 12.865 12.84 12.787 12.73 12.67 12.623 12.587 12.55 12.51 12.508 12.527 12.527 12.515 12.5 12.49 12.503 12.543 12.588 12.613 12.623 12.635 12.65 12.657 12.65 12.637 12.61 12.62 12.675 12.73 12.782 12.822 12.84 12.82 12.785 12.755 12.723 12.688 12.653 12.653 12.713 12.795 12.877 12.96 13.04 13.12 13.197 13.252 13.272 13.277 13.28 13.272 13.26 13.25 13.23 13.202 13.17 13.13
13.655 13.645 13.6 13.557 13.49 13.397 13.302 13.205 13.11 13.033 12.98 12.94 12.9 12.865 12.845 12.845 12.855 12.852 12.817 12.752 12.68 12.62 12.575 12.535 12.5 12.52 12.56 12.565 12.56 12.55 12.54 12.555 12.59 12.61 12.613 12.61 12.618 12.632 12.635 12.625 12.615 12.608 12.623 12.665 12.715 12.765 12.797 12.792 12.763 12.728 12.695 12.663 12.63 12.618 12.663 12.75 12.835 12.917 13.002 13.085 13.162 13.237 13.29 13.307 13.31 13.31 13.3 13.283 13.27 13.257 13.237 13.21 13.177
13.627 13.607 13.563 13.52 13.465 13.382 13.288 13.193 13.108 13.043 12.998 12.96 12.92 12.885 12.868 12.863 12.863 12.867 12.835 12.762 12.688 12.618 12.563 12.52 12.505 12.548 12.59 12.597 12.6 12.597 12.59 12.605 12.63 12.63 12.62 12.61 12.608 12.613 12.615 12.615 12.615 12.62 12.623 12.63 12.66 12.705 12.74 12.745 12.725 12.692 12.658 12.625 12.61 12.625 12.685 12.775 12.86 12.945 13.037 13.11 13.167 13.237 13.295 13.325 13.335 13.332 13.32 13.3 13.283 13.27 13.25 13.223 13.205
13.6 13.57 13.525 13.48 13.435 13.365 13.273 13.188 13.12 13.06 13.015 12.98 12.943 12.91 12.895 12.89 12.888 12.885 12.842 12.77 12.695 12.62 12.555 12.505 12.515 12.58 12.62 12.63 12.635 12.637 12.637 12.645 12.652 12.645 12.635 12.625 12.615 12.61 12.615 12.625 12.635 12.645 12.64 12.623 12.62 12.648 12.677 12.687 12.682 12.657 12.623 12.603 12.615 12.645 12.705 12.795 12.885 12.978 13.072 13.125 13.148 13.2 13.26 13.307 13.342 13.352 13.34 13.32 13.3 13.282 13.263 13.25 13.255
13.57 13.53 13.485 13.44 13.4 13.342 13.267 13.2 13.14 13.08 13.035 13 12.965 12.937 12.925 12.922 12.917 12.9 12.85 12.777 12.702 12.627 12.555 12.503 12.53 12.61 12.65 12.66 12.665 12.67 12.675 12.672 12.668 12.66 12.65 12.64 12.633 12.63 12.637 12.65 12.66 12.67 12.665 12.645 12.625 12.623 12.628 12.628 12.633 12.62 12.6 12.608 12.633 12.663 12.73 12.827 12.922 13.02 13.112 13.152 13.15 13.17 13.215 13.265 13.312 13.345 13.345 13.322 13.3 13.282 13.277 13.29 13.305
13.523 13.472 13.422 13.372 13.33 13.29 13.242 13.187 13.132 13.077 13.03 12.987 12.952 12.935 12.93 12.927 12.922 12.9 12.845 12.772 12.697 12.622 12.55 12.503 12.54 12.622 12.665 12.682 12.692 12.7 12.705 12.7 12.687 12.675 12.665 12.655 12.648 12.645 12.655 12.672 12.685 12.697 12.695 12.675 12.655 12.64 12.628 12.615 12.61 12.6 12.6 12.622 12.648 12.68 12.753 12.857 12.957 13.057 13.142 13.165 13.142 13.13 13.153 13.2 13.245 13.282 13.292 13.27 13.248 13.25 13.275 13.297 13.312
13.475 13.385 13.315 13.268 13.235 13.21 13.175 13.125 13.075 13.025 12.975 12.93 12.905 12.903 12.905 12.902 12.897 12.875 12.822 12.755 12.682 12.608 12.54 12.508 12.545 12.615 12.66 12.685 12.705 12.725 12.73 12.717 12.7 12.685 12.68 12.675 12.665 12.66 12.67 12.69 12.707 12.722 12.72 12.703 12.688 12.675 12.665 12.65 12.633 12.608 12.603 12.63 12.66 12.695 12.768 12.872 12.967 13.05 13.11 13.122 13.095 13.06 13.068 13.112 13.152 13.182 13.195 13.183 13.18 13.215 13.252 13.273 13.295
13.473 13.34 13.238 13.18 13.15 13.13 13.097 13.05 12.997 12.943 12.895 12.868 12.863 12.867 12.87 12.872 12.872 12.85 12.797 12.732 12.665 12.59 12.538 12.53 12.553 12.6 12.645 12.672 12.7 12.73 12.737 12.722 12.705 12.69 12.687 12.687 12.682 12.68 12.69 12.71 12.73 12.747 12.745 12.73 12.72 12.712 12.705 12.69 12.665 12.625 12.6 12.62 12.66 12.7 12.76 12.84 12.91 12.965 13.002 13.015 13.007 12.983 12.985 13.022 13.053 13.078 13.098 13.11 13.14 13.19 13.227 13.253 13.288
13.482 13.34 13.228 13.163 13.11 13.065 13.023 12.973 12.918 12.863 12.828 12.823 12.828 12.83 12.833 12.843 12.858 12.837 12.775 12.71 12.645 12.578 12.548 12.555 12.565 12.593 12.63 12.66 12.693 12.722 12.73 12.72 12.707 12.692 12.69 12.695 12.695 12.695 12.705 12.727 12.75 12.767 12.772 12.765 12.755 12.747 12.74 12.725 12.692 12.645 12.603 12.603 12.645 12.69 12.728 12.763 12.798 12.84 12.875 12.885 12.89 12.89 12.9 12.93 12.96 12.993 13.03 13.07 13.115 13.165 13.205 13.243 13.29
13.475 13.33 13.23 13.185 13.13 13.058 12.99 12.925 12.86 12.82 12.815 12.83 12.845 12.858 12.873 12.89 12.897 12.852 12.775 12.708 12.64 12.583 12.563 12.57 12.58 12.598 12.625 12.655 12.687 12.715 12.72 12.71 12.697 12.68 12.677 12.687 12.692 12.697 12.707 12.725 12.742 12.755 12.767 12.772 12.767 12.762 12.757 12.745 12.707 12.655 12.608 12.593 12.625 12.672 12.705 12.72 12.735 12.76 12.785 12.8 12.813 12.825 12.84 12.865 12.9 12.938 12.99 13.05 13.098 13.145 13.193 13.243 13.295
13.465 13.325 13.238 13.205 13.167 13.102 13.023 12.948 12.878 12.848 12.875 12.915 12.94 12.965 12.99 13.01 12.972 12.875 12.79 12.723 12.658 12.6 12.575 12.578 12.585 12.6 12.625 12.655 12.685 12.707 12.71 12.697 12.677 12.655 12.65 12.66 12.67 12.677 12.682 12.69 12.7 12.713 12.732 12.745 12.745 12.745 12.745 12.737 12.705 12.655 12.615 12.6 12.618 12.66 12.695 12.71 12.725 12.743 12.76 12.78 12.795 12.805 12.815 12.83 12.858 12.893 12.953 13.027 13.082 13.13 13.185 13.242 13.295
13.442 13.328 13.253 13.22 13.19 13.145 13.08 13.012 12.95 12.908 12.938 13.01 13.055 13.082 13.107 13.102 13.01 12.885 12.803 12.74 12.682 12.625 12.59 12.585 12.588 12.598 12.623 12.655 12.685 12.702 12.697 12.677 12.653 12.628 12.62 12.63 12.637 12.64 12.64 12.645 12.653 12.668 12.695 12.715 12.717 12.715 12.712 12.707 12.692 12.655 12.623 12.618 12.625 12.65 12.682 12.7 12.715 12.735 12.755 12.772 12.78 12.785 12.792 12.8 12.818 12.855 12.925 13.007 13.067 13.118 13.175 13.23 13.277
13.383 13.318 13.265 13.227 13.192 13.155 13.11 13.057 13.005 12.958 12.975 13.06 13.137 13.19 13.21 13.152 13.02 12.898 12.82 12.763 12.708 12.653 12.613 12.6 12.598 12.598 12.618 12.652 12.685 12.695 12.68 12.655 12.63 12.608 12.598 12.603 12.605 12.608 12.61 12.613 12.615 12.628 12.655 12.682 12.692 12.688 12.68 12.675 12.67 12.65 12.633 12.635 12.64 12.648 12.67 12.692 12.71 12.727 12.745 12.758 12.76 12.765 12.77 12.775 12.785 12.823 12.9 12.987 13.052 13.1 13.15 13.195 13.237
13.34 13.3 13.26 13.222 13.185 13.145 13.102 13.057 13.018 12.983 13 13.08 13.172 13.257 13.267 13.167 13.025 12.913 12.843 12.788 12.733 12.678 12.635 12.618 12.612 12.605 12.61 12.637 12.67 12.682 12.67 12.645 12.62 12.603 12.593 12.588 12.585 12.588 12.593 12.595 12.595 12.605 12.628 12.653 12.67 12.673 12.668 12.663 12.658 12.645 12.638 12.645 12.65 12.653 12.665 12.682 12.7 12.715 12.735 12.752 12.755 12.76 12.765 12.767 12.763 12.778 12.845 12.932 13.002 13.045 13.082 13.125 13.167
13.335 13.29 13.245 13.208 13.17 13.13 13.085 13.048 13.028 12.995 13.008 13.09 13.185 13.28 13.28 13.167 13.038 12.93 12.863 12.812 12.757 12.703 12.658 12.635 12.627 12.612 12.598 12.61 12.642 12.67 12.67 12.645 12.623 12.608 12.595 12.585 12.58 12.58 12.583 12.585 12.585 12.593 12.61 12.633 12.66 12.677 12.68 12.677 12.667 12.645 12.633 12.64 12.645 12.655 12.67 12.673 12.68 12.695 12.72 12.752 12.765 12.768 12.772 12.765 12.735 12.715 12.755 12.835 12.922 12.977 12.998 13.025 13.06
13.327 13.28 13.235 13.195 13.155 13.118 13.085 13.065 13.05 13.008 13.018 13.105 13.198 13.29 13.287 13.18 13.06 12.95 12.878 12.83 12.78 12.727 12.678 12.653 12.64 12.615 12.588 12.585 12.618 12.66 12.667 12.645 12.628 12.613 12.598 12.585 12.58 12.58 12.58 12.578 12.575 12.578 12.593 12.623 12.66 12.692 12.702 12.692 12.672 12.645 12.628 12.63 12.643 12.663 12.677 12.673 12.668 12.675 12.7 12.742 12.77 12.775 12.767 12.737 12.682 12.633 12.648 12.723 12.84 12.925 12.938 12.945 12.963
13.32 13.27 13.225 13.183 13.148 13.125 13.113 13.102 13.067 13.013 13.03 13.12 13.21 13.267 13.24 13.15 13.052 12.96 12.892 12.845 12.797 12.747 12.695 12.665 12.645 12.615 12.585 12.573 12.598 12.645 12.662 12.648 12.633 12.62 12.605 12.588 12.58 12.58 12.58 12.575 12.57 12.57 12.585 12.62 12.66 12.695 12.715 12.708 12.683 12.658 12.633 12.63 12.652 12.677 12.687 12.678 12.665 12.66 12.68 12.725 12.767 12.77 12.725 12.665 12.595 12.538 12.54 12.608 12.742 12.86 12.892 12.898 12.903
13.31 13.26 13.213 13.175 13.16 13.155 13.147 13.127 13.077 13.02 13.04 13.132 13.195 13.187 13.127 13.052 12.977 12.915 12.87 12.825 12.777 12.73 12.685 12.66 12.64 12.61 12.58 12.575 12.608 12.653 12.67 12.655 12.64 12.627 12.612 12.595 12.583 12.58 12.577 12.573 12.57 12.568 12.583 12.62 12.655 12.662 12.7 12.74 12.723 12.698 12.665 12.643 12.655 12.687 12.7 12.688 12.678 12.67 12.69 12.743 12.795 12.777 12.665 12.558 12.483 12.44 12.44 12.498 12.638 12.785 12.847 12.855 12.868
13.295 13.245 13.195 13.173 13.182 13.19 13.182 13.145 13.083 13.03 13.055 13.122 13.122 13.075 13.01 12.935 12.875 12.838 12.805 12.765 12.722 12.675 12.643 12.64 12.63 12.6 12.578 12.593 12.64 12.687 12.697 12.67 12.648 12.632 12.618 12.602 12.588 12.578 12.573 12.57 12.567 12.56 12.575 12.612 12.622 12.593 12.645 12.755 12.777 12.75 12.712 12.67 12.655 12.68 12.712 12.73 12.735 12.733 12.76 12.815 12.862 12.855 12.72 12.54 12.41 12.36 12.373 12.415 12.538 12.707 12.805 12.83 12.853
13.265 13.22 13.183 13.18 13.2 13.217 13.207 13.155 13.085 13.038 13.05 13.057 13.012 12.957 12.893 12.83 12.795 12.77 12.735 12.7 12.662 12.615 12.6 12.622 12.62 12.593 12.59 12.625 12.675 12.722 12.73 12.695 12.66 12.637 12.622 12.608 12.593 12.578 12.57 12.57 12.565 12.555 12.567 12.582 12.555 12.508 12.56 12.717 12.81 12.802 12.76 12.713 12.675 12.67 12.708 12.755 12.79 12.815 12.85 12.895 12.932 12.957 12.87 12.695 12.585 12.558 12.54 12.5 12.528 12.665 12.78 12.82 12.845
13.225 13.193 13.178 13.187 13.202 13.22 13.202 13.142 13.077 13.028 12.997 12.955 12.898 12.843 12.79 12.753 12.728 12.7 12.668 12.635 12.6 12.563 12.565 12.6 12.607 12.595 12.613 12.66 12.702 12.725 12.712 12.68 12.65 12.635 12.627 12.612 12.597 12.583 12.573 12.567 12.56 12.55 12.542 12.517 12.47 12.42 12.473 12.65 12.805 12.842 12.8 12.75 12.703 12.675 12.695 12.748 12.802 12.855 12.877 12.897 12.945 13 13.015 12.997 12.982 12.94 12.855 12.745 12.665 12.693 12.767 12.805 12.835
13.22 13.188 13.165 13.165 13.175 13.187 13.165 13.107 13.052 13.003 12.95 12.89 12.833 12.785 12.75 12.725 12.7 12.665 12.628 12.595 12.56 12.53 12.54 12.575 12.592 12.605 12.635 12.672 12.692 12.68 12.642 12.608 12.587 12.592 12.61 12.61 12.597 12.585 12.575 12.565 12.555 12.545 12.518 12.47 12.423 12.388 12.458 12.645 12.795 12.832 12.807 12.765 12.715 12.683 12.703 12.758 12.818 12.87 12.865 12.84 12.868 12.932 13.017 13.122 13.157 13.087 12.992 12.897 12.8 12.75 12.768 12.803 12.835
13.242 13.195 13.155 13.135 13.135 13.145 13.12 13.065 13.02 12.98 12.93 12.873 12.825 12.79 12.76 12.732 12.7 12.655 12.613 12.578 12.543 12.513 12.52 12.555 12.58 12.607 12.637 12.657 12.65 12.615 12.57 12.528 12.503 12.508 12.545 12.582 12.59 12.58 12.57 12.562 12.555 12.545 12.515 12.47 12.44 12.433 12.518 12.682 12.772 12.78 12.775 12.757 12.72 12.693 12.72 12.78 12.85 12.892 12.867 12.815 12.788 12.81 12.878 12.982 13.055 13.025 12.942 12.86 12.792 12.768 12.785 12.812 12.835
13.252 13.198 13.155 13.125 13.105 13.102 13.077 13.03 12.995 12.96 12.913 12.865 12.83 12.8 12.77 12.735 12.687 12.635 12.595 12.562 12.528 12.495 12.498 12.533 12.565 12.595 12.62 12.622 12.59 12.545 12.5 12.455 12.423 12.418 12.455 12.512 12.552 12.565 12.56 12.555 12.552 12.545 12.523 12.498 12.493 12.5 12.582 12.69 12.72 12.72 12.72 12.72 12.708 12.703 12.743 12.813 12.89 12.915 12.872 12.82 12.768 12.735 12.755 12.828 12.9 12.897 12.828 12.763 12.745 12.768 12.795 12.812 12.827
13.258 13.203 13.158 13.125 13.095 13.07 13.04 13.005 12.975 12.94 12.9 12.865 12.837 12.81 12.772 12.725 12.672 12.62 12.578 12.545 12.51 12.475 12.478 12.513 12.548 12.58 12.59 12.565 12.52 12.475 12.43 12.385 12.345 12.33 12.363 12.418 12.475 12.522 12.542 12.548 12.55 12.548 12.545 12.547 12.557 12.57 12.617 12.662 12.668 12.673 12.68 12.688 12.695 12.718 12.773 12.85 12.922 12.93 12.878 12.825 12.773 12.72 12.688 12.698 12.735 12.755 12.735 12.72 12.743 12.772 12.79 12.805 12.82
13.268 13.215 13.168 13.128 13.095 13.06 13.025 12.995 12.963 12.928 12.893 12.86 12.832 12.805 12.762 12.71 12.658 12.608 12.565 12.53 12.497 12.463 12.463 12.498 12.532 12.555 12.537 12.495 12.45 12.405 12.36 12.315 12.27 12.243 12.273 12.34 12.41 12.48 12.532 12.555 12.56 12.563 12.572 12.585 12.6 12.615 12.633 12.65 12.663 12.675 12.69 12.705 12.718 12.745 12.805 12.887 12.945 12.937 12.887 12.835 12.785 12.735 12.685 12.65 12.65 12.673 12.69 12.71 12.74 12.767 12.785 12.798 12.81
13.285 13.232 13.18 13.133 13.093 13.058 13.025 12.995 12.96 12.922 12.885 12.85 12.82 12.79 12.75 12.698 12.645 12.598 12.558 12.523 12.487 12.45 12.448 12.482 12.497 12.48 12.452 12.42 12.377 12.332 12.287 12.243 12.2 12.18 12.225 12.313 12.395 12.47 12.53 12.567 12.582 12.588 12.595 12.605 12.62 12.635 12.655 12.677 12.697 12.715 12.727 12.742 12.755 12.778 12.838 12.922 12.945 12.92 12.897 12.855 12.805 12.755 12.708 12.67 12.653 12.658 12.678 12.705 12.733 12.76 12.78 12.79 12.803
13.302 13.248 13.195 13.145 13.098 13.058 13.025 12.992 12.955 12.915 12.875 12.84 12.808 12.775 12.735 12.685 12.637 12.59 12.55 12.515 12.475 12.435 12.432 12.447 12.415 12.358 12.33 12.317 12.292 12.257 12.213 12.173 12.15 12.155 12.215 12.312 12.4 12.467 12.52 12.565 12.597 12.612 12.62 12.63 12.643 12.658 12.678 12.7 12.725 12.747 12.762 12.78 12.795 12.815 12.872 12.93 12.895 12.848 12.85 12.845 12.82 12.775 12.73 12.695 12.668 12.658 12.675 12.702 12.728 12.755 12.775 12.785 12.797
13.32 13.265 13.215 13.165 13.113 13.063 13.022 12.985 12.945 12.905 12.865 12.83 12.797 12.762 12.72 12.675 12.63 12.582 12.542 12.505 12.462 12.42 12.398 12.365 12.295 12.223 12.19 12.185 12.178 12.163 12.14 12.128 12.13 12.145 12.2 12.3 12.392 12.455 12.505 12.552 12.597 12.63 12.645 12.655 12.665 12.68 12.7 12.722 12.747 12.772 12.795 12.815 12.832 12.853 12.9 12.902 12.818 12.748 12.74 12.765 12.777 12.767 12.747 12.717 12.685 12.668 12.678 12.703 12.728 12.755 12.773 12.78 12.79
13.353 13.288 13.235 13.182 13.127 13.068 13.015 12.975 12.935 12.892 12.853 12.82 12.787 12.752 12.705 12.653 12.607 12.562 12.52 12.48 12.438 12.403 12.37 12.308 12.223 12.14 12.098 12.095 12.1 12.105 12.105 12.108 12.115 12.13 12.183 12.277 12.362 12.42 12.472 12.525 12.575 12.617 12.64 12.65 12.662 12.685 12.71 12.735 12.762 12.79 12.817 12.842 12.865 12.885 12.9 12.857 12.768 12.698 12.68 12.703 12.728 12.76 12.767 12.737 12.705 12.685 12.69 12.713 12.738 12.765 12.783 12.79 12.8
13.4 13.318 13.253 13.197 13.137 13.065 13.005 12.965 12.922 12.875 12.835 12.807 12.775 12.74 12.69 12.625 12.573 12.528 12.485 12.445 12.413 12.395 12.372 12.325 12.25 12.16 12.103 12.09 12.098 12.11 12.11 12.103 12.1 12.11 12.165 12.247 12.315 12.372 12.427 12.48 12.53 12.575 12.6 12.613 12.638 12.677 12.707 12.725 12.752 12.785 12.815 12.845 12.872 12.885 12.875 12.827 12.755 12.693 12.678 12.703 12.738 12.787 12.795 12.755 12.72 12.7 12.708 12.73 12.758 12.79 12.81 12.82 12.827
