EGM722_Project_Data/DTM_tif/TL4560.asc
ncols         200
nrows         200
xllcorner     545000.000
yllcorner     260000.000
cellsize      5
NODATA_value  -9999.0
[rows 128 to 159 of 200, columns 73 to 145 of 200]
12.835 12.84 12.852 12.85 12.838 12.825 12.818 12.825 12.855 12.98 13.197 13.42 13.63 13.782 13.78 13.652 13.508 13.39 13.338 13.35 13.39 13.372 13.308 13.255 13.19 13.102 13.007 12.908 12.845 12.878 12.945 12.985 13.002 12.997 12.985 12.985 13 13.04 13.092 13.117 13.112 13.117 13.132 13.132 13.115 13.11 13.135 13.165 13.195 13.225 13.252 13.257 13.245 13.235 13.215 13.175 13.125 13.075 13.025 12.97 12.908 12.883 12.905 12.93 12.91 12.853 12.797 12.743 12.703 12.685 12.675 12.66 12.637
12.838 12.835 12.835 12.825 12.815 12.805 12.793 12.78 12.783 12.895 13.105 13.315 13.517 13.66 13.64 13.507 13.37 13.288 13.295 13.34 13.385 13.377 13.325 13.275 13.212 13.127 13.03 12.93 12.84 12.838 12.925 12.997 13.017 13.01 12.997 12.99 13.003 13.035 13.052 13.035 13.008 13.01 13.043 13.073 13.09 13.11 13.14 13.173 13.205 13.235 13.257 13.255 13.24 13.225 13.187 13.135 13.083 13.03 12.983 12.935 12.88 12.855 12.88 12.922 12.91 12.848 12.792 12.74 12.695 12.66 12.635 12.613 12.585
12.845 12.83 12.822 12.81 12.8 12.79 12.778 12.768 12.78 12.853 12.993 13.173 13.367 13.5 13.47 13.343 13.243 13.225 13.265 13.305 13.34 13.345 13.322 13.29 13.237 13.155 13.06 12.975 12.893 12.893 12.978 13.025 13.022 13.012 13.005 12.995 12.997 13.005 12.99 12.965 12.943 12.948 12.988 13.038 13.093 13.135 13.165 13.198 13.23 13.26 13.267 13.24 13.215 13.197 13.155 13.1 13.05 13.008 12.97 12.925 12.878 12.855 12.88 12.93 12.915 12.84 12.78 12.73 12.685 12.648 12.62 12.59 12.55
12.835 12.813 12.812 12.807 12.8 12.79 12.78 12.793 12.848 12.9 12.953 13.053 13.215 13.34 13.305 13.21 13.163 13.17 13.207 13.235 13.255 13.267 13.27 13.26 13.242 13.205 13.145 13.082 13.023 13.027 13.065 13.05 13.02 13.008 13 12.99 12.988 13.003 13.005 12.99 12.978 12.988 13.03 13.088 13.15 13.19 13.208 13.23 13.262 13.29 13.28 13.23 13.185 13.162 13.125 13.07 13.028 13.005 12.987 12.95 12.905 12.88 12.893 12.935 12.922 12.845 12.775 12.72 12.678 12.65 12.632 12.605 12.565
12.8 12.778 12.79 12.8 12.802 12.795 12.805 12.858 12.935 12.99 13.015 13.048 13.125 13.195 13.178 13.133 13.105 13.105 13.133 13.15 13.165 13.18 13.185 13.193 13.225 13.237 13.21 13.17 13.127 13.105 13.085 13.05 13.018 13.003 12.992 12.975 12.965 13.012 13.072 13.08 13.075 13.09 13.123 13.163 13.212 13.25 13.26 13.27 13.297 13.312 13.285 13.23 13.175 13.135 13.092 13.043 13.005 12.99 12.987 12.97 12.935 12.913 12.915 12.942 12.932 12.857 12.778 12.713 12.672 12.65 12.627 12.595 12.552
12.76 12.76 12.775 12.788 12.797 12.815 12.867 12.945 13.025 13.08 13.105 13.115 13.115 13.113 13.098 13.07 13.058 13.065 13.075 13.08 13.085 13.093 13.1 13.14 13.212 13.235 13.21 13.185 13.152 13.117 13.082 13.047 13.015 12.997 12.98 12.95 12.925 12.975 13.085 13.15 13.172 13.195 13.225 13.25 13.275 13.3 13.315 13.322 13.335 13.327 13.285 13.23 13.172 13.117 13.065 13.02 12.988 12.975 12.972 12.967 12.955 12.945 12.947 12.96 12.942 12.872 12.787 12.702 12.64 12.6 12.557 12.505 12.445
12.75 12.768 12.78 12.785 12.78 12.815 12.897 12.985 13.075 13.125 13.127 13.11 13.085 13.06 13.03 13.018 13.043 13.062 13.06 13.058 13.053 13.05 13.063 13.123 13.21 13.235 13.21 13.182 13.147 13.112 13.078 13.043 13.01 12.985 12.958 12.925 12.895 12.935 13.055 13.165 13.217 13.237 13.26 13.275 13.285 13.3 13.32 13.332 13.342 13.322 13.267 13.21 13.15 13.09 13.04 12.998 12.968 12.96 12.955 12.95 12.947 12.942 12.947 12.96 12.937 12.865 12.77 12.657 12.555 12.483 12.42 12.36 12.3
12.77 12.785 12.785 12.767 12.748 12.785 12.875 12.967 13.065 13.105 13.075 13.043 13.017 12.99 12.975 13 13.047 13.067 13.063 13.06 13.058 13.058 13.078 13.13 13.207 13.235 13.207 13.175 13.14 13.105 13.073 13.043 13.01 12.98 12.95 12.92 12.888 12.915 13.023 13.137 13.2 13.212 13.22 13.23 13.243 13.26 13.28 13.297 13.315 13.297 13.238 13.175 13.115 13.055 13.01 12.97 12.943 12.94 12.935 12.927 12.92 12.908 12.905 12.92 12.9 12.82 12.71 12.58 12.458 12.363 12.283 12.218 12.16
12.782 12.782 12.76 12.728 12.715 12.765 12.852 12.94 13.035 13.07 13.025 12.98 12.95 12.935 12.955 13.003 13.052 13.072 13.068 13.065 13.068 13.075 13.1 13.148 13.212 13.235 13.203 13.17 13.143 13.113 13.085 13.06 13.028 12.993 12.96 12.927 12.893 12.908 12.995 13.097 13.167 13.182 13.178 13.185 13.2 13.22 13.24 13.26 13.28 13.27 13.215 13.145 13.08 13.023 12.98 12.943 12.92 12.917 12.91 12.897 12.885 12.873 12.863 12.865 12.842 12.757 12.632 12.498 12.37 12.26 12.163 12.08 12.015
12.792 12.773 12.72 12.68 12.683 12.745 12.83 12.915 13.007 13.04 12.99 12.93 12.898 12.91 12.955 13.005 13.055 13.077 13.075 13.078 13.085 13.095 13.123 13.175 13.227 13.24 13.215 13.188 13.165 13.142 13.117 13.087 13.047 13.005 12.97 12.938 12.905 12.91 12.978 13.073 13.147 13.165 13.15 13.148 13.16 13.18 13.2 13.22 13.24 13.24 13.195 13.12 13.048 12.99 12.95 12.918 12.897 12.89 12.878 12.863 12.85 12.84 12.83 12.82 12.782 12.685 12.55 12.415 12.285 12.168 12.065 11.968 11.88
12.802 12.79 12.728 12.65 12.648 12.725 12.81 12.895 12.985 13.015 12.97 12.91 12.88 12.905 12.958 13.01 13.06 13.085 13.088 13.095 13.105 13.118 13.15 13.197 13.232 13.247 13.242 13.222 13.198 13.175 13.147 13.11 13.062 13.015 12.993 12.975 12.945 12.948 13.01 13.097 13.162 13.175 13.155 13.14 13.145 13.163 13.18 13.198 13.213 13.217 13.177 13.103 13.03 12.97 12.93 12.885 12.86 12.86 12.848 12.835 12.825 12.813 12.8 12.78 12.722 12.612 12.475 12.337 12.202 12.08 11.975 11.865 11.742
12.805 12.812 12.77 12.688 12.693 12.778 12.86 12.932 12.99 13.005 12.97 12.918 12.883 12.903 12.96 13.015 13.065 13.092 13.102 13.115 13.125 13.14 13.17 13.202 13.227 13.247 13.255 13.25 13.232 13.207 13.172 13.125 13.07 13.023 13.015 13.022 13.005 13.013 13.075 13.142 13.19 13.2 13.182 13.165 13.16 13.173 13.188 13.203 13.212 13.21 13.167 13.093 13.02 12.96 12.905 12.825 12.795 12.822 12.825 12.812 12.8 12.787 12.77 12.732 12.66 12.545 12.405 12.257 12.092 11.947 11.835 11.71 11.568
12.807 12.822 12.805 12.778 12.817 12.892 12.945 12.977 12.992 12.995 12.975 12.93 12.885 12.895 12.955 13.012 13.065 13.095 13.11 13.122 13.13 13.145 13.17 13.197 13.222 13.242 13.255 13.262 13.26 13.232 13.182 13.125 13.065 13.025 13.025 13.045 13.052 13.07 13.117 13.167 13.21 13.222 13.21 13.195 13.183 13.19 13.205 13.215 13.22 13.207 13.16 13.088 13.013 12.947 12.86 12.745 12.715 12.762 12.79 12.787 12.775 12.762 12.73 12.667 12.555 12.382 12.197 12.017 11.827 11.687 11.602 11.5 11.37
12.81 12.827 12.833 12.852 12.902 12.945 12.96 12.962 12.967 12.972 12.97 12.94 12.89 12.893 12.95 13.01 13.062 13.09 13.1 13.107 13.112 13.125 13.153 13.185 13.215 13.237 13.247 13.252 13.262 13.24 13.18 13.12 13.06 13.028 13.035 13.055 13.078 13.107 13.145 13.188 13.23 13.247 13.237 13.223 13.21 13.21 13.22 13.222 13.22 13.205 13.155 13.088 13.02 12.932 12.8 12.663 12.63 12.682 12.73 12.755 12.752 12.725 12.64 12.505 12.327 12.09 11.84 11.615 11.448 11.36 11.31 11.245 11.153
12.823 12.84 12.855 12.877 12.915 12.935 12.938 12.94 12.943 12.948 12.952 12.94 12.9 12.895 12.945 13.005 13.047 13.067 13.077 13.083 13.088 13.1 13.13 13.165 13.195 13.212 13.217 13.225 13.245 13.232 13.175 13.115 13.055 13.03 13.048 13.073 13.1 13.135 13.173 13.21 13.25 13.27 13.262 13.25 13.237 13.22 13.21 13.202 13.2 13.205 13.177 13.12 13.06 12.945 12.75 12.58 12.545 12.597 12.652 12.7 12.685 12.582 12.417 12.22 12.007 11.76 11.49 11.285 11.18 11.12 11.07 11.02 10.97
12.847 12.862 12.872 12.88 12.903 12.917 12.915 12.915 12.918 12.922 12.927 12.927 12.907 12.898 12.935 12.987 13.017 13.035 13.05 13.057 13.065 13.08 13.108 13.137 13.16 13.17 13.178 13.198 13.225 13.22 13.17 13.11 13.055 13.043 13.07 13.1 13.133 13.167 13.2 13.233 13.272 13.295 13.29 13.272 13.23 13.182 13.158 13.153 13.168 13.195 13.205 13.175 13.12 12.987 12.748 12.525 12.463 12.507 12.552 12.597 12.505 12.297 12.105 11.905 11.685 11.43 11.22 11.12 11.065 11.005 10.943 10.885 10.848
12.87 12.885 12.89 12.892 12.9 12.903 12.898 12.893 12.893 12.898 12.903 12.907 12.905 12.9 12.925 12.962 12.982 13 13.017 13.032 13.042 13.058 13.082 13.103 13.118 13.133 13.15 13.175 13.205 13.207 13.165 13.11 13.07 13.07 13.1 13.13 13.165 13.2 13.23 13.26 13.297 13.32 13.3 13.247 13.165 13.108 13.1 13.115 13.145 13.175 13.2 13.207 13.177 13.032 12.78 12.538 12.405 12.395 12.425 12.442 12.227 11.94 11.782 11.595 11.37 11.17 11.08 11.047 11.007 10.947 10.873 10.81 10.77
12.887 12.895 12.895 12.892 12.897 12.9 12.89 12.88 12.873 12.873 12.878 12.883 12.887 12.893 12.908 12.93 12.948 12.965 12.983 13 13.015 13.033 13.058 13.078 13.095 13.118 13.138 13.158 13.182 13.19 13.16 13.12 13.098 13.103 13.13 13.162 13.197 13.23 13.26 13.29 13.322 13.322 13.262 13.173 13.085 13.05 13.065 13.09 13.12 13.15 13.177 13.205 13.212 13.087 12.85 12.623 12.445 12.345 12.31 12.245 11.9 11.555 11.425 11.275 11.125 11.04 11.01 10.98 10.948 10.898 10.84 10.798 10.765
12.88 12.882 12.877 12.878 12.895 12.905 12.893 12.88 12.865 12.855 12.858 12.863 12.868 12.88 12.9 12.92 12.94 12.96 12.975 12.99 12.992 13.008 13.045 13.073 13.097 13.12 13.135 13.15 13.17 13.18 13.167 13.145 13.128 13.125 13.145 13.177 13.21 13.237 13.265 13.295 13.315 13.285 13.2 13.108 13.045 13.03 13.043 13.058 13.078 13.105 13.135 13.165 13.192 13.135 12.955 12.735 12.553 12.413 12.297 12.087 11.628 11.28 11.178 11.088 11.035 11.005 10.973 10.94 10.928 10.913 10.88 10.853 10.828
12.85 12.855 12.853 12.865 12.897 12.91 12.9 12.885 12.857 12.84 12.84 12.845 12.855 12.875 12.907 12.937 12.96 12.98 12.995 12.985 12.958 12.978 13.035 13.075 13.1 13.12 13.137 13.145 13.145 13.147 13.155 13.16 13.15 13.135 13.14 13.165 13.195 13.22 13.245 13.267 13.267 13.225 13.145 13.078 13.045 13.033 13.035 13.043 13.05 13.065 13.085 13.108 13.135 13.127 13.03 12.845 12.66 12.517 12.322 11.987 11.5 11.18 11.11 11.065 11.035 11.005 10.97 10.955 10.985 10.997 10.972 10.945 10.907
12.823 12.828 12.838 12.865 12.902 12.915 12.9 12.872 12.838 12.82 12.825 12.835 12.85 12.875 12.91 12.95 12.982 12.995 12.977 12.923 12.9 12.945 13.01 13.068 13.102 13.115 13.115 13.105 13.083 13.078 13.1 13.127 13.142 13.142 13.14 13.15 13.175 13.2 13.22 13.225 13.21 13.168 13.11 13.075 13.055 13.038 13.035 13.045 13.05 13.055 13.065 13.075 13.09 13.077 13.027 12.925 12.772 12.562 12.24 11.855 11.42 11.148 11.098 11.065 11.035 11.003 10.99 11.025 11.08 11.09 11.057 11.015 10.962
12.818 12.823 12.835 12.867 12.907 12.912 12.885 12.85 12.815 12.805 12.818 12.833 12.848 12.873 12.91 12.955 13 12.992 12.925 12.87 12.888 12.953 13.02 13.087 13.112 13.092 13.068 13.043 13.015 13.005 13.025 13.055 13.082 13.107 13.127 13.14 13.157 13.177 13.182 13.17 13.153 13.13 13.105 13.085 13.065 13.045 13.038 13.045 13.05 13.055 13.068 13.078 13.082 13.055 13.005 12.952 12.81 12.505 12.115 11.725 11.348 11.14 11.1 11.068 11.035 11.025 11.06 11.12 11.167 11.165 11.117 11.062 11.007
12.848 12.845 12.838 12.858 12.9 12.902 12.868 12.833 12.803 12.798 12.813 12.83 12.845 12.87 12.91 12.96 13.012 12.99 12.92 12.908 12.955 13.025 13.095 13.142 13.12 13.07 13.04 13.01 12.978 12.948 12.938 12.955 12.983 13.018 13.06 13.095 13.122 13.14 13.137 13.123 13.108 13.102 13.102 13.092 13.075 13.055 13.043 13.045 13.055 13.065 13.078 13.092 13.095 13.062 13.01 12.942 12.77 12.457 12.08 11.705 11.39 11.195 11.12 11.085 11.045 11.028 11.06 11.115 11.155 11.157 11.117 11.065 11.012
12.887 12.875 12.855 12.853 12.88 12.885 12.853 12.823 12.803 12.8 12.813 12.827 12.843 12.87 12.918 12.985 13.035 13.01 12.98 13.005 13.058 13.125 13.19 13.19 13.118 13.06 13.03 12.997 12.96 12.915 12.87 12.86 12.893 12.945 13 13.015 12.992 13.012 13.07 13.087 13.073 13.068 13.075 13.082 13.077 13.063 13.055 13.058 13.068 13.08 13.093 13.107 13.105 13.07 13.005 12.897 12.71 12.442 12.113 11.79 11.535 11.315 11.17 11.113 11.067 10.993 10.965 11.012 11.052 11.067 11.06 11.025 10.972
12.922 12.902 12.88 12.863 12.868 12.865 12.84 12.82 12.805 12.805 12.815 12.825 12.84 12.878 12.945 13.03 13.067 13.058 13.075 13.115 13.163 13.225 13.26 13.212 13.118 13.053 13.02 12.982 12.94 12.897 12.85 12.83 12.865 12.897 12.895 12.847 12.765 12.768 12.885 13.002 13.04 13.035 13.04 13.055 13.073 13.08 13.085 13.093 13.095 13.098 13.108 13.122 13.117 13.067 12.97 12.827 12.625 12.393 12.163 11.93 11.7 11.47 11.263 11.148 11.092 10.99 10.9 10.91 10.947 10.96 10.972 10.97 10.93
12.95 12.927 12.905 12.882 12.868 12.855 12.838 12.823 12.808 12.805 12.815 12.828 12.85 12.905 12.99 13.08 13.125 13.145 13.185 13.227 13.272 13.315 13.297 13.215 13.12 13.048 13.008 12.97 12.932 12.858 12.797 12.795 12.787 12.745 12.67 12.59 12.51 12.48 12.585 12.775 12.915 12.988 13.03 13.06 13.095 13.12 13.128 13.135 13.14 13.138 13.138 13.142 13.117 13.035 12.915 12.755 12.563 12.383 12.235 12.077 11.87 11.637 11.403 11.22 11.118 11.01 10.88 10.828 10.84 10.853 10.873 10.892 10.867
12.957 12.932 12.907 12.885 12.873 12.868 12.858 12.843 12.825 12.818 12.825 12.84 12.878 12.95 13.037 13.102 13.142 13.185 13.235 13.287 13.34 13.36 13.305 13.207 13.113 13.045 13.008 12.975 12.942 12.828 12.688 12.645 12.6 12.513 12.43 12.348 12.263 12.208 12.338 12.62 12.853 12.987 13.057 13.105 13.145 13.17 13.175 13.18 13.187 13.187 13.185 13.17 13.1 12.982 12.858 12.718 12.57 12.435 12.307 12.177 12.017 11.805 11.57 11.348 11.17 11.033 10.895 10.788 10.76 10.783 10.81 10.825 10.787
12.937 12.905 12.885 12.88 12.885 12.895 12.892 12.877 12.86 12.845 12.845 12.863 12.915 12.99 13.045 13.067 13.08 13.12 13.18 13.24 13.29 13.297 13.252 13.177 13.09 13.035 13.017 12.992 12.957 12.835 12.615 12.465 12.388 12.3 12.24 12.223 12.22 12.23 12.413 12.735 12.942 13.03 13.09 13.147 13.195 13.217 13.222 13.227 13.233 13.235 13.232 13.185 13.07 12.935 12.823 12.73 12.62 12.49 12.363 12.248 12.14 11.977 11.755 11.53 11.31 11.105 10.935 10.798 10.738 10.753 10.772 10.765 10.71
12.905 12.88 12.883 12.895 12.905 12.917 12.922 12.912 12.895 12.878 12.87 12.893 12.942 12.985 13 13.002 13.005 13.028 13.08 13.137 13.167 13.16 13.135 13.097 13.045 13.015 13.015 13.002 12.975 12.845 12.6 12.383 12.28 12.27 12.308 12.388 12.477 12.562 12.72 12.902 12.995 13.05 13.112 13.177 13.232 13.26 13.27 13.275 13.28 13.285 13.262 13.17 13.03 12.905 12.818 12.752 12.66 12.538 12.423 12.33 12.242 12.13 11.96 11.752 11.527 11.28 11.053 10.86 10.743 10.723 10.72 10.69 10.63
12.893 12.878 12.887 12.9 12.91 12.92 12.937 12.945 12.93 12.913 12.898 12.905 12.925 12.932 12.935 12.935 12.935 12.948 12.985 13.03 13.045 13.03 13.01 12.993 13 13.015 13.013 13.005 12.99 12.862 12.648 12.465 12.37 12.408 12.51 12.62 12.722 12.817 12.915 12.982 13.02 13.07 13.127 13.18 13.227 13.26 13.277 13.292 13.307 13.32 13.272 13.145 13.003 12.898 12.83 12.77 12.69 12.582 12.477 12.382 12.28 12.2 12.122 11.977 11.757 11.505 11.255 11.007 10.793 10.685 10.65 10.608 10.553
12.903 12.888 12.885 12.89 12.903 12.915 12.94 12.967 12.967 12.95 12.917 12.883 12.87 12.87 12.87 12.87 12.888 12.925 12.965 13.025 13.015 12.945 12.918 12.918 12.985 13.04 13.03 13.02 13.012 12.942 12.808 12.673 12.57 12.553 12.623 12.73 12.84 12.945 13.012 13.043 13.063 13.08 13.107 13.145 13.185 13.215 13.235 13.26 13.282 13.292 13.257 13.157 13.025 12.923 12.86 12.797 12.717 12.607 12.49 12.377 12.275 12.218 12.192 12.115 11.91 11.635 11.367 11.1 10.835 10.68 10.63 10.575 10.518
12.918 12.905 12.893 12.888 12.898 12.91 12.938 12.977 12.995 12.977 12.925 12.858 12.818 12.81 12.813 12.838 12.903 12.97 13.035 13.142 13.152 13.008 12.875 12.875 12.997 13.072 13.065 13.058 13.055 13.05 13.005 12.897 12.785 12.735 12.758 12.84 12.95 13.047 13.1 13.112 13.107 13.088 13.078 13.098 13.135 13.165 13.187 13.207 13.215 13.21 13.195 13.155 13.07 12.972 12.898 12.83 12.747 12.62 12.48 12.363 12.28 12.243 12.212 12.155 11.952 11.643 11.355 11.075 10.83 10.71 10.67 10.615 10.553
