EGM722_Project_Data/DTM_tif/TL4560.asc
ncols         200
nrows         200
xllcorner     545000.000
yllcorner     260000.000
cellsize      5
NODATA_value  -9999.0
[rows 160 to 191 of 200, columns 73 to 145 of 200]
12.935 12.922 12.908 12.898 12.895 12.903 12.935 12.98 13.012 12.992 12.923 12.845 12.78 12.765 12.8 12.87 12.963 13.045 13.145 13.28 13.37 13.242 13.018 12.963 13.045 13.105 13.102 13.1 13.1 13.11 13.122 13.09 13 12.94 12.935 12.97 13.06 13.142 13.17 13.16 13.135 13.105 13.078 13.065 13.085 13.115 13.132 13.137 13.132 13.125 13.11 13.09 13.057 13.002 12.932 12.86 12.782 12.65 12.483 12.36 12.298 12.26 12.22 12.172 11.97 11.633 11.328 11.045 10.83 10.738 10.702 10.662 10.61
12.95 12.935 12.92 12.91 12.9 12.908 12.945 12.993 13.032 13.01 12.93 12.85 12.788 12.79 12.86 12.948 13.04 13.15 13.28 13.417 13.55 13.525 13.372 13.26 13.193 13.153 13.133 13.137 13.142 13.155 13.18 13.2 13.18 13.147 13.135 13.135 13.177 13.217 13.207 13.182 13.155 13.125 13.095 13.065 13.053 13.058 13.058 13.053 13.048 13.04 13.025 13.005 12.985 12.967 12.935 12.875 12.805 12.68 12.498 12.373 12.318 12.27 12.225 12.185 11.997 11.653 11.315 11.015 10.828 10.763 10.727 10.692 10.652
12.953 12.937 12.925 12.918 12.92 12.938 12.973 13.02 13.055 13.025 12.945 12.88 12.855 12.885 12.96 13.032 13.092 13.197 13.342 13.482 13.62 13.677 13.625 13.512 13.365 13.23 13.158 13.15 13.16 13.175 13.2 13.227 13.245 13.245 13.237 13.232 13.242 13.242 13.215 13.187 13.16 13.13 13.1 13.07 13.038 13.008 12.993 12.988 12.98 12.963 12.938 12.918 12.9 12.893 12.89 12.86 12.802 12.682 12.515 12.403 12.345 12.295 12.248 12.205 12.047 11.723 11.35 11.01 10.828 10.783 10.745 10.707 10.675
12.955 12.935 12.93 12.935 12.955 12.98 13.008 13.05 13.077 13.04 12.973 12.945 12.958 12.998 13.065 13.092 13.085 13.165 13.315 13.46 13.597 13.665 13.635 13.557 13.457 13.332 13.208 13.148 13.145 13.163 13.187 13.207 13.215 13.215 13.215 13.217 13.222 13.222 13.207 13.18 13.15 13.12 13.09 13.06 13.025 12.985 12.955 12.94 12.93 12.905 12.863 12.833 12.818 12.815 12.822 12.82 12.785 12.672 12.538 12.45 12.39 12.34 12.29 12.25 12.17 11.91 11.528 11.175 10.913 10.795 10.755 10.715 10.69
12.965 12.943 12.95 12.972 12.997 13.023 13.048 13.08 13.1 13.07 13.04 13.05 13.075 13.112 13.137 13.1 13.058 13.13 13.275 13.412 13.545 13.6 13.562 13.507 13.452 13.375 13.275 13.18 13.135 13.147 13.165 13.17 13.17 13.17 13.17 13.172 13.175 13.18 13.182 13.167 13.14 13.11 13.078 13.048 13.015 12.975 12.933 12.9 12.885 12.855 12.798 12.753 12.738 12.74 12.75 12.76 12.752 12.675 12.573 12.5 12.438 12.385 12.343 12.318 12.3 12.15 11.84 11.51 11.183 10.91 10.773 10.723 10.71
12.97 12.955 12.975 13.007 13.037 13.065 13.09 13.115 13.132 13.13 13.135 13.152 13.17 13.197 13.18 13.098 13.035 13.09 13.225 13.355 13.485 13.532 13.487 13.432 13.377 13.322 13.267 13.19 13.13 13.125 13.13 13.13 13.13 13.128 13.125 13.125 13.125 13.13 13.14 13.142 13.127 13.097 13.065 13.037 13.005 12.965 12.92 12.875 12.845 12.805 12.74 12.683 12.663 12.67 12.683 12.695 12.702 12.672 12.612 12.55 12.485 12.435 12.405 12.382 12.36 12.26 12.03 11.75 11.47 11.175 10.903 10.755 10.735
12.975 12.965 12.993 13.028 13.065 13.1 13.127 13.152 13.167 13.177 13.19 13.2 13.21 13.227 13.232 13.175 13.085 13.075 13.17 13.3 13.425 13.462 13.41 13.355 13.3 13.245 13.195 13.153 13.125 13.115 13.115 13.115 13.113 13.108 13.105 13.105 13.1 13.093 13.095 13.102 13.102 13.082 13.055 13.03 12.995 12.952 12.907 12.86 12.815 12.765 12.7 12.638 12.613 12.623 12.638 12.65 12.65 12.63 12.597 12.555 12.51 12.477 12.45 12.417 12.382 12.265 12.045 11.805 11.567 11.33 11.05 10.783 10.69
12.98 12.973 13.005 13.045 13.09 13.13 13.16 13.18 13.182 13.185 13.195 13.205 13.215 13.233 13.27 13.282 13.217 13.143 13.15 13.245 13.362 13.387 13.333 13.278 13.228 13.19 13.16 13.14 13.13 13.125 13.125 13.125 13.12 13.115 13.115 13.115 13.105 13.08 13.063 13.063 13.067 13.062 13.045 13.02 12.985 12.94 12.895 12.847 12.792 12.735 12.673 12.618 12.593 12.598 12.61 12.61 12.59 12.56 12.53 12.503 12.482 12.475 12.462 12.432 12.397 12.267 12.035 11.798 11.565 11.327 11.077 10.8 10.615
12.983 12.983 13.023 13.07 13.12 13.16 13.185 13.192 13.185 13.185 13.198 13.21 13.22 13.24 13.278 13.322 13.33 13.272 13.21 13.22 13.295 13.312 13.263 13.223 13.195 13.18 13.165 13.15 13.14 13.135 13.135 13.133 13.128 13.125 13.125 13.125 13.112 13.082 13.05 13.033 13.033 13.035 13.03 13.01 12.975 12.927 12.875 12.823 12.768 12.713 12.66 12.613 12.578 12.57 12.57 12.55 12.52 12.49 12.465 12.445 12.433 12.437 12.447 12.437 12.407 12.27 12.033 11.8 11.57 11.327 11.075 10.82 10.6
12.98 12.998 13.047 13.1 13.15 13.19 13.205 13.2 13.19 13.19 13.202 13.215 13.228 13.25 13.285 13.33 13.375 13.375 13.322 13.273 13.265 13.26 13.23 13.21 13.2 13.19 13.178 13.165 13.163 13.16 13.153 13.145 13.14 13.14 13.138 13.135 13.115 13.08 13.047 13.018 13.003 13 13.002 12.995 12.962 12.912 12.855 12.8 12.753 12.708 12.665 12.623 12.578 12.545 12.515 12.48 12.453 12.428 12.41 12.395 12.385 12.393 12.407 12.417 12.402 12.267 12.035 11.805 11.575 11.33 11.073 10.843 10.675
12.975 13.008 13.062 13.117 13.172 13.21 13.215 13.205 13.195 13.195 13.208 13.22 13.233 13.258 13.295 13.337 13.377 13.392 13.36 13.305 13.268 13.25 13.238 13.225 13.215 13.205 13.195 13.19 13.203 13.217 13.2 13.173 13.163 13.16 13.158 13.162 13.13 13.068 13.03 13 12.98 12.978 12.983 12.982 12.952 12.9 12.848 12.795 12.753 12.715 12.675 12.637 12.595 12.545 12.498 12.45 12.405 12.375 12.36 12.345 12.338 12.348 12.362 12.365 12.327 12.225 12.04 11.81 11.575 11.328 11.105 10.953 10.855
12.975 13.01 13.065 13.115 13.16 13.195 13.21 13.205 13.195 13.198 13.212 13.225 13.238 13.265 13.302 13.337 13.37 13.37 13.328 13.288 13.268 13.258 13.252 13.245 13.235 13.225 13.218 13.225 13.25 13.28 13.272 13.23 13.198 13.183 13.18 13.197 13.162 13.068 13.005 12.97 12.958 12.967 12.977 12.977 12.945 12.89 12.843 12.8 12.763 12.725 12.685 12.65 12.612 12.565 12.51 12.44 12.368 12.325 12.31 12.295 12.29 12.302 12.297 12.24 12.15 12.09 12.002 11.815 11.575 11.368 11.235 11.145 11.065
12.975 13.01 13.055 13.082 13.105 13.14 13.182 13.2 13.195 13.2 13.215 13.228 13.245 13.27 13.3 13.33 13.36 13.352 13.313 13.29 13.275 13.263 13.262 13.262 13.252 13.243 13.248 13.27 13.3 13.33 13.347 13.317 13.26 13.22 13.205 13.225 13.195 13.09 12.998 12.943 12.933 12.95 12.967 12.97 12.937 12.888 12.845 12.81 12.775 12.735 12.697 12.66 12.62 12.57 12.495 12.405 12.325 12.28 12.263 12.245 12.242 12.232 12.16 12.033 11.928 11.89 11.865 11.78 11.633 11.51 11.43 11.35 11.27
12.97 12.993 13.015 13.025 13.038 13.073 13.13 13.177 13.195 13.203 13.22 13.24 13.26 13.28 13.303 13.328 13.35 13.342 13.315 13.3 13.285 13.27 13.267 13.27 13.265 13.267 13.29 13.32 13.35 13.38 13.41 13.402 13.35 13.29 13.28 13.29 13.227 13.123 13.018 12.93 12.908 12.93 12.953 12.96 12.935 12.892 12.85 12.81 12.77 12.727 12.687 12.645 12.612 12.562 12.47 12.373 12.288 12.24 12.218 12.195 12.165 12.1 11.995 11.87 11.783 11.753 11.738 11.722 11.687 11.662 11.63 11.555 11.475
12.97 12.98 12.99 13 13.013 13.048 13.103 13.155 13.195 13.217 13.238 13.26 13.28 13.3 13.32 13.335 13.337 13.33 13.315 13.297 13.282 13.265 13.252 13.247 13.245 13.262 13.307 13.36 13.4 13.43 13.46 13.477 13.45 13.395 13.39 13.367 13.27 13.165 13.06 12.968 12.938 12.955 12.98 12.967 12.92 12.875 12.83 12.785 12.74 12.695 12.65 12.62 12.605 12.55 12.45 12.35 12.258 12.203 12.177 12.145 12.08 11.99 11.898 11.793 11.718 11.69 11.678 11.675 11.655 11.652 11.675 11.68 11.66
12.975 12.985 12.995 13.008 13.028 13.065 13.112 13.15 13.187 13.23 13.262 13.285 13.305 13.325 13.335 13.33 13.315 13.307 13.302 13.285 13.267 13.245 13.223 13.208 13.2 13.22 13.27 13.337 13.4 13.45 13.5 13.54 13.537 13.505 13.475 13.417 13.322 13.218 13.12 13.053 13.028 13.035 13.05 12.992 12.898 12.84 12.793 12.745 12.7 12.655 12.62 12.625 12.607 12.525 12.428 12.33 12.233 12.17 12.135 12.087 12.025 11.942 11.842 11.73 11.653 11.628 11.62 11.622 11.607 11.56 11.553 11.615 11.675
12.975 12.987 13 13.02 13.045 13.082 13.12 13.142 13.17 13.222 13.277 13.31 13.33 13.34 13.327 13.305 13.285 13.28 13.282 13.27 13.25 13.225 13.2 13.178 13.163 13.178 13.215 13.268 13.337 13.41 13.48 13.54 13.577 13.575 13.53 13.462 13.375 13.278 13.203 13.155 13.123 13.12 13.107 13.01 12.89 12.818 12.763 12.708 12.66 12.625 12.623 12.642 12.6 12.503 12.41 12.315 12.218 12.138 12.078 12.023 11.967 11.89 11.782 11.665 11.588 11.568 11.565 11.568 11.567 11.517 11.448 11.453 11.52
12.945 12.977 13.005 13.03 13.057 13.087 13.11 13.128 13.153 13.208 13.278 13.322 13.335 13.325 13.3 13.275 13.255 13.247 13.255 13.25 13.227 13.2 13.173 13.15 13.155 13.178 13.198 13.225 13.27 13.338 13.413 13.487 13.552 13.567 13.535 13.492 13.425 13.35 13.3 13.26 13.22 13.207 13.157 13.025 12.89 12.8 12.74 12.68 12.625 12.605 12.63 12.655 12.61 12.515 12.425 12.333 12.225 12.108 12.023 11.965 11.91 11.835 11.72 11.598 11.528 11.515 11.515 11.515 11.517 11.482 11.395 11.328 11.338
12.817 12.902 12.952 12.99 13.052 13.095 13.108 13.123 13.153 13.22 13.3 13.327 13.305 13.28 13.257 13.235 13.212 13.203 13.215 13.217 13.195 13.165 13.143 13.148 13.193 13.23 13.24 13.248 13.255 13.288 13.355 13.435 13.5 13.512 13.49 13.47 13.43 13.375 13.34 13.32 13.3 13.277 13.19 13.04 12.892 12.785 12.72 12.657 12.593 12.573 12.602 12.647 12.64 12.56 12.47 12.377 12.242 12.088 11.983 11.915 11.857 11.782 11.667 11.538 11.468 11.457 11.455 11.455 11.452 11.42 11.345 11.25 11.178
12.645 12.772 12.863 12.948 13.055 13.115 13.125 13.148 13.2 13.285 13.34 13.315 13.265 13.23 13.203 13.18 13.158 13.15 13.165 13.17 13.153 13.133 13.143 13.19 13.25 13.292 13.31 13.307 13.29 13.28 13.313 13.385 13.447 13.457 13.432 13.407 13.377 13.325 13.272 13.245 13.235 13.21 13.12 12.987 12.852 12.752 12.687 12.62 12.55 12.525 12.558 12.615 12.65 12.605 12.515 12.407 12.245 12.07 11.953 11.873 11.805 11.732 11.622 11.485 11.403 11.388 11.382 11.377 11.37 11.335 11.27 11.187 11.083
12.493 12.633 12.782 12.942 13.075 13.135 13.16 13.215 13.287 13.35 13.347 13.288 13.233 13.19 13.155 13.128 13.103 13.098 13.118 13.125 13.12 13.135 13.183 13.247 13.31 13.357 13.372 13.357 13.332 13.308 13.3 13.34 13.392 13.397 13.372 13.345 13.315 13.26 13.183 13.118 13.07 13.023 12.952 12.85 12.75 12.688 12.637 12.575 12.505 12.478 12.515 12.58 12.642 12.637 12.555 12.42 12.235 12.053 11.928 11.843 11.763 11.685 11.575 11.435 11.34 11.313 11.305 11.295 11.282 11.245 11.182 11.112 11.025
12.343 12.485 12.665 12.88 13.065 13.162 13.212 13.277 13.342 13.362 13.32 13.257 13.198 13.153 13.12 13.093 13.07 13.068 13.083 13.095 13.12 13.17 13.23 13.292 13.355 13.4 13.407 13.39 13.37 13.35 13.325 13.32 13.34 13.335 13.308 13.283 13.255 13.202 13.128 13.053 12.978 12.898 12.813 12.725 12.658 12.613 12.57 12.52 12.46 12.438 12.48 12.55 12.617 12.65 12.582 12.42 12.225 12.035 11.903 11.817 11.73 11.64 11.525 11.383 11.275 11.235 11.222 11.21 11.195 11.152 11.088 11.025 10.955
12.195 12.335 12.513 12.743 12.987 13.142 13.205 13.262 13.317 13.32 13.265 13.205 13.163 13.133 13.1 13.075 13.063 13.065 13.073 13.09 13.133 13.19 13.25 13.31 13.365 13.397 13.4 13.385 13.37 13.355 13.335 13.315 13.305 13.293 13.268 13.243 13.207 13.152 13.085 13.01 12.935 12.85 12.748 12.668 12.61 12.555 12.508 12.46 12.41 12.41 12.47 12.54 12.608 12.655 12.575 12.392 12.21 12.017 11.878 11.787 11.692 11.59 11.47 11.33 11.208 11.153 11.138 11.125 11.105 11.057 10.995 10.932 10.862
12.048 12.19 12.363 12.623 12.905 13.065 13.132 13.195 13.252 13.252 13.195 13.155 13.15 13.13 13.09 13.065 13.058 13.068 13.083 13.103 13.138 13.19 13.25 13.307 13.35 13.367 13.367 13.357 13.343 13.328 13.312 13.297 13.285 13.27 13.247 13.215 13.165 13.105 13.042 12.97 12.895 12.81 12.715 12.645 12.585 12.523 12.47 12.42 12.39 12.425 12.505 12.582 12.64 12.655 12.525 12.29 12.095 11.94 11.827 11.735 11.635 11.525 11.405 11.275 11.143 11.073 11.058 11.045 11.015 10.957 10.892 10.825 10.752
11.923 12.048 12.215 12.558 12.875 12.985 13.055 13.122 13.182 13.185 13.148 13.145 13.157 13.132 13.085 13.058 13.058 13.075 13.095 13.118 13.148 13.195 13.252 13.297 13.325 13.335 13.333 13.327 13.317 13.302 13.288 13.278 13.27 13.252 13.217 13.17 13.115 13.055 12.995 12.927 12.855 12.77 12.685 12.625 12.57 12.503 12.438 12.393 12.405 12.477 12.557 12.617 12.642 12.625 12.472 12.188 11.93 11.803 11.75 11.67 11.567 11.455 11.335 11.212 11.083 11.003 10.98 10.962 10.922 10.853 10.78 10.71 10.64
11.838 11.928 12.118 12.525 12.832 12.905 12.975 13.045 13.112 13.14 13.14 13.155 13.165 13.137 13.083 13.055 13.065 13.088 13.11 13.133 13.158 13.2 13.247 13.275 13.295 13.305 13.3 13.292 13.282 13.267 13.257 13.255 13.252 13.227 13.175 13.117 13.062 13.005 12.945 12.882 12.815 12.733 12.658 12.605 12.555 12.492 12.415 12.383 12.428 12.502 12.57 12.582 12.567 12.565 12.437 12.155 11.853 11.695 11.667 11.605 11.497 11.38 11.26 11.14 11.018 10.93 10.895 10.875 10.827 10.75 10.673 10.598 10.525
11.79 11.863 12.118 12.53 12.762 12.835 12.905 12.975 13.063 13.122 13.137 13.155 13.165 13.135 13.083 13.065 13.08 13.105 13.13 13.15 13.17 13.2 13.227 13.245 13.265 13.272 13.265 13.25 13.23 13.21 13.197 13.195 13.192 13.165 13.112 13.057 13.005 12.952 12.895 12.835 12.772 12.7 12.635 12.585 12.535 12.49 12.43 12.395 12.43 12.49 12.527 12.495 12.453 12.47 12.39 12.135 11.828 11.635 11.583 11.527 11.425 11.305 11.185 11.065 10.953 10.865 10.808 10.775 10.727 10.65 10.57 10.493 10.423
11.758 11.85 12.153 12.517 12.687 12.775 12.845 12.928 13.037 13.107 13.125 13.145 13.155 13.128 13.093 13.09 13.103 13.125 13.15 13.17 13.182 13.19 13.202 13.217 13.232 13.232 13.215 13.192 13.167 13.143 13.12 13.105 13.097 13.072 13.027 12.98 12.93 12.88 12.83 12.777 12.722 12.665 12.61 12.56 12.52 12.495 12.462 12.42 12.42 12.462 12.455 12.385 12.325 12.325 12.275 12.085 11.815 11.593 11.503 11.45 11.355 11.235 11.118 11.003 10.903 10.82 10.743 10.683 10.628 10.558 10.485 10.42 10.36
11.723 11.88 12.172 12.435 12.6 12.712 12.79 12.895 13.022 13.095 13.115 13.135 13.145 13.128 13.113 13.12 13.13 13.148 13.17 13.18 13.175 13.168 13.17 13.177 13.182 13.177 13.155 13.128 13.103 13.078 13.05 13.025 13.01 12.98 12.935 12.89 12.84 12.79 12.745 12.702 12.66 12.622 12.582 12.543 12.523 12.507 12.48 12.445 12.422 12.412 12.36 12.275 12.198 12.148 12.075 11.942 11.76 11.548 11.425 11.367 11.28 11.17 11.055 10.953 10.863 10.78 10.7 10.618 10.545 10.485 10.427 10.372 10.317
11.685 11.88 12.135 12.322 12.497 12.64 12.75 12.875 13.01 13.085 13.103 13.12 13.135 13.138 13.14 13.15 13.157 13.167 13.177 13.172 13.16 13.145 13.135 13.135 13.135 13.127 13.105 13.075 13.05 13.025 12.995 12.968 12.945 12.91 12.86 12.808 12.753 12.7 12.658 12.625 12.598 12.578 12.552 12.537 12.54 12.522 12.482 12.437 12.392 12.337 12.263 12.178 12.088 11.99 11.878 11.75 11.617 11.46 11.34 11.272 11.195 11.1 10.998 10.907 10.817 10.725 10.637 10.547 10.465 10.407 10.362 10.315 10.267
11.65 11.825 12.025 12.19 12.355 12.512 12.655 12.797 12.965 13.072 13.095 13.115 13.135 13.15 13.157 13.165 13.172 13.177 13.175 13.168 13.16 13.135 13.108 13.1 13.1 13.09 13.065 13.038 13.012 12.985 12.955 12.925 12.903 12.87 12.815 12.755 12.695 12.643 12.605 12.583 12.565 12.547 12.51 12.495 12.507 12.48 12.425 12.362 12.307 12.252 12.18 12.095 11.995 11.875 11.745 11.613 11.478 11.353 11.258 11.185 11.102 11.015 10.93 10.84 10.745 10.647 10.553 10.46 10.375 10.315 10.275 10.235 10.213
11.638 11.76 11.878 12.003 12.148 12.303 12.47 12.665 12.9 13.05 13.09 13.12 13.14 13.155 13.162 13.168 13.175 13.18 13.177 13.172 13.165 13.135 13.09 13.068 13.065 13.055 13.03 13.002 12.975 12.945 12.915 12.888 12.872 12.842 12.785 12.725 12.67 12.625 12.59 12.568 12.55 12.522 12.45 12.408 12.407 12.367 12.31 12.248 12.203 12.165 12.1 12.007 11.895 11.77 11.64 11.512 11.38 11.265 11.172 11.072 10.96 10.877 10.827 10.752 10.655 10.56 10.467 10.375 10.288 10.225 10.185 10.165 10.193
